#            date       tau255        Tb[K]      pwv[mm] lwp[kg*m^-2] iwp[kg*m^-2]       o3[DU]
20260904_00:00:00   4.1223e-01   1.0029e+02   4.0098e+01   0.0000e+00   3.9904e-02   2.9389e+02
20260904_01:00:00   4.0657e-01   9.9190e+01   3.9693e+01   0.0000e+00   1.2300e-02   2.9363e+02
20260904_02:00:00   4.0740e-01   9.9341e+01   3.9783e+01   0.0000e+00   6.3602e-03   2.9308e+02
20260904_03:00:00   4.1346e-01   1.0047e+02   4.0489e+01   0.0000e+00   3.4422e-03   2.9183e+02
20260904_04:00:00   4.2866e-01   1.0334e+02   4.1822e+01   0.0000e+00   2.5593e-03   2.9248e+02
20260904_05:00:00   4.3498e-01   1.0451e+02   4.2384e+01   0.0000e+00   5.4880e-03   2.9433e+02
20260904_06:00:00   4.2739e-01   1.0306e+02   4.1816e+01   0.0000e+00   1.3232e-02   2.9400e+02
20260904_07:00:00   4.0570e-01   9.8871e+01   4.0063e+01   0.0000e+00   1.2034e-02   2.9344e+02
20260904_08:00:00   4.0436e-01   9.8565e+01   4.0264e+01   0.0000e+00   7.1000e-03   2.9340e+02
20260904_09:00:00   4.4240e-01   1.0579e+02   4.3831e+01   8.8420e-08   3.4060e-03   2.9248e+02
20260904_10:00:00   4.7643e-01   1.1209e+02   4.6619e+01   0.0000e+00   2.8760e-03   2.9206e+02
20260904_11:00:00   4.8911e-01   1.1443e+02   4.7726e+01   0.0000e+00   1.0150e-03   2.9282e+02
20260904_12:00:00   5.0625e-01   1.1753e+02   4.9268e+01   1.2061e-04   1.9342e-05   2.9497e+02
20260904_13:00:00   5.1274e-01   1.1867e+02   5.0071e+01   5.1577e-05   1.3954e-04   2.9522e+02
20260904_14:00:00   5.1755e-01   1.1952e+02   5.0624e+01   3.2310e-03   1.0334e-03   2.9543e+02
20260904_15:00:00   5.0714e-01   1.1772e+02   4.9963e+01   4.6051e-03   5.6922e-04   2.9502e+02
20260904_16:00:00   4.7428e-01   1.1192e+02   4.7060e+01   1.7868e-03   4.0294e-03   2.9424e+02
20260904_17:00:00   4.4930e-01   1.0741e+02   4.4422e+01   1.1712e-03   7.2032e-03   2.9451e+02
20260904_18:00:00   4.3702e-01   1.0513e+02   4.3190e+01   0.0000e+00   6.0201e-03   2.9296e+02
20260904_19:00:00   4.3904e-01   1.0552e+02   4.3215e+01   0.0000e+00   4.2211e-03   2.9245e+02
20260904_20:00:00   4.4564e-01   1.0678e+02   4.3557e+01   0.0000e+00   6.3874e-03   2.9201e+02
20260904_21:00:00   4.5969e-01   1.0941e+02   4.4626e+01   2.2457e-05   4.9822e-03   2.9053e+02
20260904_22:00:00   4.7470e-01   1.1219e+02   4.5862e+01   0.0000e+00   2.5851e-03   2.8916e+02
20260904_23:00:00   4.8149e-01   1.1340e+02   4.6558e+01   0.0000e+00   3.3288e-03   2.8951e+02
20260905_00:00:00   4.7395e-01   1.1204e+02   4.6019e+01   0.0000e+00   1.8339e-03   2.8918e+02
20260905_01:00:00   4.6131e-01   1.0977e+02   4.4830e+01   0.0000e+00   1.9472e-03   2.8986e+02
20260905_02:00:00   4.6414e-01   1.1028e+02   4.5042e+01   1.3366e-07   4.4966e-03   2.9140e+02
20260905_03:00:00   4.7200e-01   1.1168e+02   4.5781e+01   2.3440e-04   3.5558e-03   2.9124e+02
20260905_04:00:00   4.8088e-01   1.1324e+02   4.6658e+01   1.1164e-05   3.5881e-03   2.9098e+02
20260905_05:00:00   4.7977e-01   1.1299e+02   4.6733e+01   3.8160e-05   1.1092e-03   2.9097e+02
20260905_06:00:00   4.7945e-01   1.1288e+02   4.6870e+01   1.1230e-04   4.6790e-04   2.9045e+02
20260905_07:00:00   4.8135e-01   1.1317e+02   4.7195e+01   0.0000e+00   3.2863e-03   2.9004e+02
20260905_08:00:00   4.9377e-01   1.1535e+02   4.8209e+01   9.0700e-05   7.1805e-03   2.8938e+02
20260905_09:00:00   5.0749e-01   1.1770e+02   4.9705e+01   0.0000e+00   1.2214e-02   2.8922e+02
20260905_10:00:00   5.1402e-01   1.1877e+02   5.0626e+01   0.0000e+00   8.3201e-03   2.8917e+02
20260905_11:00:00   5.1948e-01   1.1964e+02   5.1527e+01   0.0000e+00   1.1208e-03   2.8893e+02
20260905_12:00:00   5.3100e-01   1.2155e+02   5.2887e+01   2.3459e-04   3.9270e-03   2.8991e+02
20260905_13:00:00   5.4244e-01   1.2343e+02   5.4176e+01   1.6636e-05   1.5099e-02   2.9036e+02
20260905_14:00:00   5.4152e-01   1.2328e+02   5.4192e+01   1.2228e-03   4.8921e-03   2.9217e+02
20260905_15:00:00   5.4563e-01   1.2396e+02   5.4749e+01   2.4609e-03   3.0859e-03   2.9424e+02
20260905_16:00:00   5.4760e-01   1.2433e+02   5.4744e+01   4.9540e-03   1.1204e-03   2.9700e+02
20260905_17:00:00   5.4877e-01   1.2452e+02   5.5093e+01   1.1472e-03   7.0056e-04   2.9801e+02
20260905_18:00:00   5.4618e-01   1.2405e+02   5.5121e+01   1.6180e-05   3.1334e-04   2.9589e+02
20260905_19:00:00   5.5031e-01   1.2470e+02   5.5363e+01   4.1861e-03   8.0799e-04   2.9315e+02
20260905_20:00:00   5.4474e-01   1.2376e+02   5.5225e+01   0.0000e+00   5.5005e-04   2.8915e+02
20260905_21:00:00   5.4385e-01   1.2361e+02   5.5103e+01   2.9942e-05   1.6390e-04   2.8885e+02
20260905_22:00:00   5.4771e-01   1.2426e+02   5.5289e+01   0.0000e+00   3.0733e-04   2.8777e+02
20260905_23:00:00   5.4585e-01   1.2396e+02   5.5006e+01   0.0000e+00   1.0602e-03   2.8805e+02
20260906_00:00:00   5.3580e-01   1.2233e+02   5.3910e+01   0.0000e+00   1.4540e-03   2.8901e+02
20260906_01:00:00   5.2645e-01   1.2074e+02   5.3076e+01   0.0000e+00   9.7446e-04   2.9030e+02
20260906_02:00:00   5.2447e-01   1.2040e+02   5.2923e+01   0.0000e+00   4.8845e-04   2.9169e+02
20260906_03:00:00   5.3519e-01   1.2219e+02   5.3708e+01   0.0000e+00   1.1076e-04   2.9094e+02
20260906_04:00:00   5.3799e-01   1.2267e+02   5.3885e+01   0.0000e+00   4.9340e-04   2.9014e+02
20260906_05:00:00   5.3125e-01   1.2152e+02   5.3235e+01   3.0040e-04   8.0780e-03   2.8960e+02
20260906_06:00:00   5.2845e-01   1.2104e+02   5.2954e+01   0.0000e+00   1.1251e-02   2.8802e+02
20260906_07:00:00   5.2986e-01   1.2126e+02   5.3144e+01   0.0000e+00   1.3815e-02   2.8875e+02
20260906_08:00:00   5.3143e-01   1.2141e+02   5.3510e+01   0.0000e+00   1.3878e-02   2.8929e+02
20260906_09:00:00   5.2917e-01   1.2097e+02   5.3457e+01   4.8640e-06   1.0404e-02   2.8907e+02
20260906_10:00:00   5.2151e-01   1.1975e+02   5.2842e+01   0.0000e+00   1.1762e-02   2.8929e+02
20260906_11:00:00   5.2276e-01   1.2000e+02   5.3032e+01   8.5140e-06   2.8498e-03   2.8727e+02
20260906_12:00:00   5.3576e-01   1.2221e+02   5.4233e+01   9.0100e-04   4.4598e-03   2.8635e+02
20260906_13:00:00   5.5663e-01   1.2569e+02   5.6355e+01   1.4973e-05   6.9939e-02   2.8554e+02
20260906_14:00:00   5.7222e-01   1.2817e+02   5.8143e+01   8.4850e-05   3.0321e-02   2.8479e+02
20260906_15:00:00   5.9135e-01   1.3121e+02   5.9719e+01   1.2494e-03   1.9787e-03   2.8536e+02
20260906_16:00:00   6.0190e-01   1.3288e+02   6.0568e+01   2.7120e-03   3.8324e-05   2.8553e+02
20260906_17:00:00   5.9820e-01   1.3222e+02   6.0587e+01   2.5018e-03   8.4842e-04   2.8467e+02
20260906_18:00:00   6.0160e-01   1.3275e+02   6.0747e+01   2.7940e-03   3.5077e-03   2.8189e+02
20260906_19:00:00   6.0406e-01   1.3314e+02   6.1156e+01   8.8660e-04   3.0298e-03   2.8077e+02
20260906_20:00:00   5.9530e-01   1.3178e+02   6.0399e+01   3.5360e-06   1.8205e-03   2.8032e+02
20260906_21:00:00   5.9094e-01   1.3116e+02   5.9898e+01   5.5240e-06   9.8219e-04   2.8144e+02
20260906_22:00:00   5.8792e-01   1.3072e+02   5.9518e+01   0.0000e+00   1.9121e-03   2.8247e+02
20260906_23:00:00   5.7640e-01   1.2887e+02   5.8504e+01   0.0000e+00   1.6468e-03   2.8277e+02
20260907_00:00:00   5.7026e-01   1.2790e+02   5.7645e+01   0.0000e+00   1.3584e-03   2.8491e+02
20260907_01:00:00   5.7022e-01   1.2792e+02   5.7449e+01   0.0000e+00   7.4633e-04   2.8617e+02
20260907_02:00:00   5.7233e-01   1.2824e+02   5.7672e+01   0.0000e+00   2.2322e-03   2.8619e+02
20260907_03:00:00   5.7023e-01   1.2784e+02   5.7469e+01   0.0000e+00   1.4862e-03   2.8475e+02
20260907_04:00:00   5.6568e-01   1.2713e+02   5.6839e+01   0.0000e+00   2.3667e-04   2.8515e+02
20260907_05:00:00   5.5801e-01   1.2587e+02   5.6090e+01   0.0000e+00   7.6639e-04   2.8617e+02
20260907_06:00:00   5.5906e-01   1.2607e+02   5.5987e+01   0.0000e+00   8.5808e-04   2.8633e+02
20260907_07:00:00   5.6627e-01   1.2727e+02   5.6451e+01   0.0000e+00   2.0160e-04   2.8697e+02
20260907_08:00:00   5.6999e-01   1.2786e+02   5.6740e+01   0.0000e+00   5.0996e-04   2.8532e+02
20260907_09:00:00   5.6181e-01   1.2650e+02   5.6140e+01   0.0000e+00   1.4004e-05   2.8484e+02
20260907_10:00:00   5.4930e-01   1.2445e+02   5.5028e+01   0.0000e+00   0.0000e+00   2.8581e+02
20260907_11:00:00   5.3847e-01   1.2270e+02   5.3822e+01   0.0000e+00   0.0000e+00   2.8474e+02
20260907_12:00:00   5.3439e-01   1.2209e+02   5.3135e+01   0.0000e+00   0.0000e+00   2.8666e+02
20260907_13:00:00   5.1857e-01   1.1945e+02   5.1590e+01   0.0000e+00   0.0000e+00   2.8749e+02
20260907_14:00:00   5.0828e-01   1.1771e+02   5.0533e+01   0.0000e+00   0.0000e+00   2.8795e+02
20260907_15:00:00   5.0955e-01   1.1800e+02   5.0480e+01   0.0000e+00   0.0000e+00   2.8557e+02
20260907_16:00:00   5.0577e-01   1.1735e+02   5.0385e+01   0.0000e+00   0.0000e+00   2.8391e+02
20260907_17:00:00   5.1866e-01   1.1961e+02   5.1532e+01   0.0000e+00   0.0000e+00   2.8337e+02
20260907_18:00:00   5.1908e-01   1.1969e+02   5.1669e+01   7.4870e-06   0.0000e+00   2.8295e+02
20260907_19:00:00   5.1688e-01   1.1927e+02   5.1504e+01   4.0120e-04   0.0000e+00   2.8239e+02
20260907_20:00:00   5.1156e-01   1.1834e+02   5.1161e+01   0.0000e+00   0.0000e+00   2.8341e+02
20260907_21:00:00   5.0766e-01   1.1762e+02   5.0920e+01   0.0000e+00   0.0000e+00   2.8282e+02
20260907_22:00:00   5.1846e-01   1.1951e+02   5.1603e+01   0.0000e+00   0.0000e+00   2.8155e+02
20260907_23:00:00   5.3230e-01   1.2189e+02   5.2673e+01   0.0000e+00   5.9432e-05   2.8272e+02
20260908_00:00:00   5.3296e-01   1.2195e+02   5.2955e+01   0.0000e+00   2.6202e-04   2.8333e+02
20260908_01:00:00   5.1803e-01   1.1937e+02   5.1755e+01   8.9100e-07   2.8079e-05   2.8445e+02
20260908_02:00:00   5.2119e-01   1.1993e+02   5.1707e+01   0.0000e+00   3.5060e-06   2.8229e+02
20260908_03:00:00   5.1717e-01   1.1922e+02   5.1242e+01   1.3608e-04   1.0820e-05   2.8067e+02
20260908_04:00:00   5.2970e-01   1.2133e+02   5.2337e+01   1.1494e-06   8.2834e-04   2.8179e+02
20260908_05:00:00   5.3133e-01   1.2144e+02   5.2910e+01   6.1900e-07   1.5671e-03   2.8186e+02
20260908_06:00:00   4.6814e-01   1.1022e+02   4.7944e+01   2.1106e-05   7.9264e-04   2.8156e+02
20260908_07:00:00   4.5138e-01   1.0713e+02   4.6218e+01   2.2280e-07   7.0514e-04   2.8191e+02
20260908_08:00:00   4.6294e-01   1.0935e+02   4.6618e+01   0.0000e+00   9.2864e-05   2.8213e+02
20260908_09:00:00   4.8917e-01   1.1418e+02   4.8467e+01   4.9620e-05   4.4055e-05   2.8267e+02
20260908_10:00:00   5.1687e-01   1.1899e+02   5.0839e+01   2.0720e-05   6.6842e-04   2.8442e+02
20260908_11:00:00   5.0859e-01   1.1759e+02   5.0456e+01   1.1596e-04   1.0910e-04   2.8714e+02
20260908_12:00:00   5.3895e-01   1.2270e+02   5.3227e+01   2.3164e-03   8.7790e-06   2.8938e+02
20260908_13:00:00   5.4200e-01   1.2316e+02   5.3944e+01   3.1633e-04   1.9168e-04   2.9088e+02
20260908_14:00:00   4.7904e-01   1.1249e+02   4.7825e+01   3.2440e-05   2.9870e-05   2.9159e+02
20260908_15:00:00   4.3708e-01   1.0488e+02   4.3727e+01   0.0000e+00   1.5388e-04   2.9183e+02
20260908_16:00:00   4.7445e-01   1.1182e+02   4.6136e+01   1.8163e-03   1.7914e-03   2.9394e+02
20260908_17:00:00   4.9896e-01   1.1602e+02   4.9359e+01   1.5685e-05   8.9321e-03   2.9481e+02
20260908_18:00:00   5.0304e-01   1.1658e+02   5.0391e+01   4.1577e-04   1.3101e-02   2.9354e+02
20260908_19:00:00   4.4532e-01   1.0623e+02   4.5450e+01   8.4640e-07   6.7589e-03   2.9139e+02
20260908_20:00:00   4.2930e-01   1.0343e+02   4.2399e+01   2.3120e-05   2.5732e-03   2.9032e+02
20260908_21:00:00   4.5893e-01   1.0899e+02   4.4099e+01   1.5569e-03   5.5602e-04   2.9070e+02
20260908_22:00:00   4.7381e-01   1.1160e+02   4.6069e+01   5.7840e-06   5.9042e-04   2.9236e+02
20260908_23:00:00   4.5150e-01   1.0757e+02   4.3870e+01   1.3366e-07   4.6538e-04   2.9261e+02
20260909_00:00:00   4.0766e-01   9.9432e+01   3.8980e+01   0.0000e+00   1.0804e-04   2.9363e+02
20260909_03:00:00   3.6563e-01   9.1141e+01   3.5474e+01   4.4560e-08   8.6004e-06   2.8845e+02
20260909_06:00:00   4.3210e-01   1.0398e+02   4.1434e+01   1.6021e-04   0.0000e+00   2.9042e+02
20260909_09:00:00   4.7805e-01   1.1226e+02   4.6386e+01   1.3190e-05   3.4138e-04   2.9214e+02
20260909_12:00:00   5.0594e-01   1.1721e+02   4.9493e+01   0.0000e+00   4.0000e-05   2.9331e+02
20260909_15:00:00   5.5216e-01   1.2490e+02   5.4835e+01   3.4457e-04   2.0642e-03   2.9912e+02
20260909_18:00:00   5.6569e-01   1.2706e+02   5.6477e+01   8.6074e-04   1.6945e-03   2.9431e+02
20260909_21:00:00   5.0680e-01   1.1728e+02   5.0887e+01   1.5696e-04   1.2779e-04   2.9155e+02
20260910_00:00:00   4.5457e-01   1.0811e+02   4.5157e+01   1.0558e-05   2.9089e-04   2.9217e+02
20260910_03:00:00   4.5535e-01   1.0837e+02   4.4066e+01   1.9262e-04   7.2680e-05   2.9536e+02
20260910_06:00:00   4.8091e-01   1.1297e+02   4.5890e+01   0.0000e+00   1.0397e-03   2.9254e+02
20260910_09:00:00   4.9628e-01   1.1569e+02   4.7301e+01   2.6522e-07   3.2311e-04   2.8919e+02
20260910_12:00:00   4.9717e-01   1.1588e+02   4.7695e+01   0.0000e+00   3.3360e-05   2.9024e+02
20260910_15:00:00   5.1719e-01   1.1948e+02   4.9026e+01   3.2877e-03   0.0000e+00   2.9110e+02
20260910_18:00:00   4.9743e-01   1.1621e+02   4.7041e+01   3.6828e-04   6.8321e-06   2.9159e+02
20260910_21:00:00   4.7507e-01   1.1231e+02   4.4587e+01   1.5061e-05   3.5060e-06   2.8889e+02
20260911_00:00:00   4.5836e-01   1.0932e+02   4.2415e+01   6.4340e-05   2.9289e-04   2.9096e+02
20260911_03:00:00   4.3233e-01   1.0443e+02   4.0164e+01   4.9685e-04   1.3310e-05   2.8734e+02
20260911_06:00:00   4.3021e-01   1.0393e+02   3.9501e+01   6.9804e-03   9.9820e-06   2.8665e+02
20260911_09:00:00   4.3029e-01   1.0395e+02   3.8093e+01   2.9849e-02   9.3658e-05   2.8844e+02
20260911_12:00:00   4.2296e-01   1.0256e+02   3.9321e+01   5.2695e-04   8.9360e-04   2.8712e+02
20260911_15:00:00   4.1684e-01   1.0146e+02   3.8854e+01   2.0526e-03   1.9230e-04   2.8868e+02
20260911_18:00:00   3.9626e-01   9.7525e+01   3.7225e+01   8.9100e-08   1.3310e-04   2.8864e+02
20260911_21:00:00   3.7941e-01   9.4169e+01   3.5341e+01   1.7820e-03   0.0000e+00   2.8727e+02
20260912_00:00:00   4.4780e-01   1.0730e+02   3.5977e+01   8.3001e-02   0.0000e+00   2.8516e+02
20260912_03:00:00   4.1163e-01   1.0038e+02   3.8525e+01   3.6087e-03   0.0000e+00   2.8548e+02
20260912_06:00:00   3.7571e-01   9.3192e+01   3.5506e+01   2.7735e-04   0.0000e+00   2.8764e+02
20260912_09:00:00   4.9744e-01   1.1613e+02   4.0149e+01   8.4047e-02   0.0000e+00   2.8710e+02
20260912_12:00:00   4.1937e-01   1.0185e+02   3.8866e+01   2.9699e-04   0.0000e+00   2.8760e+02
20260912_15:00:00   4.0922e-01   1.0001e+02   3.8087e+01   0.0000e+00   0.0000e+00   2.9236e+02
20260912_18:00:00   4.5654e-01   1.0891e+02   4.2139e+01   1.0540e-04   0.0000e+00   2.9048e+02
20260912_21:00:00   4.4883e-01   1.0740e+02   4.1968e+01   3.8430e-04   6.6540e-06   2.9129e+02
20260913_00:00:00   4.4572e-01   1.0675e+02   4.1773e+01   8.8420e-08   0.0000e+00   2.9285e+02
20260913_03:00:00   3.9376e-01   9.6843e+01   3.6604e+01   9.2840e-07   0.0000e+00   2.9129e+02
20260913_06:00:00   4.2265e-01   1.0239e+02   3.8637e+01   9.4260e-05   6.9800e-06   2.8993e+02
20260913_09:00:00   4.1023e-01   1.0000e+02   3.7950e+01   7.0846e-06   2.5820e-05   2.8768e+02
20260913_12:00:00   4.1021e-01   9.9908e+01   3.8399e+01   5.7381e-03   6.6540e-06   2.8730e+02
20260913_15:00:00   4.8899e-01   1.1426e+02   4.7027e+01   5.8895e-04   1.3310e-05   2.8938e+02
20260913_18:00:00   5.4392e-01   1.2331e+02   5.4107e+01   1.3856e-03   1.1034e-03   2.8765e+02
20260913_21:00:00   5.5941e-01   1.2570e+02   5.6130e+01   1.5580e-03   3.3199e-03   2.8820e+02
20260914_00:00:00   5.1668e-01   1.1841e+02   5.3216e+01   0.0000e+00   3.2605e-01   2.9008e+02
20260914_03:00:00   4.4236e-01   1.0519e+02   4.6016e+01   7.9580e-07   2.9315e-02   2.8939e+02
20260914_06:00:00   5.2796e-01   1.2050e+02   5.2903e+01   1.0502e-03   4.6779e-04   2.8839e+02
20260914_09:00:00   4.9799e-01   1.1532e+02   5.0803e+01   4.6780e-06   8.8478e-05   2.8857e+02
20260914_12:00:00   5.1344e-01   1.1794e+02   5.2464e+01   0.0000e+00   1.0498e-02   2.8912e+02
20260914_15:00:00   4.3212e-01   1.0336e+02   4.5234e+01   0.0000e+00   7.7882e-03   2.9007e+02
20260914_18:00:00   4.1360e-01   9.9780e+01   4.3659e+01   0.0000e+00   1.7482e-02   2.8829e+02
20260914_21:00:00   4.5897e-01   1.0842e+02   4.6291e+01   8.4481e-03   1.0110e-02   2.8677e+02
20260915_00:00:00   4.3175e-01   1.0343e+02   4.3988e+01   0.0000e+00   7.1874e-03   2.9003e+02
20260915_03:00:00   3.9960e-01   9.7256e+01   4.0679e+01   0.0000e+00   7.0529e-04   2.9011e+02
20260915_06:00:00   3.8344e-01   9.4076e+01   3.8769e+01   3.3360e-04   1.0273e-04   2.9159e+02
20260915_09:00:00   5.4381e-01   1.2335e+02   4.0639e+01   1.7095e-01   1.5068e-04   2.9178e+02
20260915_12:00:00   3.8155e-01   9.4037e+01   3.7879e+01   0.0000e+00   3.5640e-07   2.9250e+02
20260915_15:00:00   4.1012e-01   9.9710e+01   3.9863e+01   1.6304e-03   9.5814e-04   2.9268e+02
20260915_18:00:00   4.8122e-01   1.1286e+02   4.7111e+01   1.8234e-03   1.2677e-03   2.8996e+02
20260915_21:00:00   5.2437e-01   1.2012e+02   5.2309e+01   6.3900e-04   9.9780e-04   2.8932e+02
20260916_00:00:00   5.0750e-01   1.1734e+02   5.0344e+01   7.1220e-05   2.9717e-03   2.9183e+02
20260916_03:00:00   4.5211e-01   1.0768e+02   4.4532e+01   1.7684e-07   5.1223e-05   2.9350e+02
20260916_06:00:00   4.1991e-01   1.0176e+02   4.0122e+01   0.0000e+00   6.7146e-05   2.9324e+02
20260916_09:00:00   4.5534e-01   1.0829e+02   4.3626e+01   0.0000e+00   2.3755e-04   2.9139e+02
20260916_12:00:00   3.9498e-01   9.6818e+01   3.9107e+01   0.0000e+00   1.7643e-03   2.9178e+02
20260916_15:00:00   3.9925e-01   9.7781e+01   3.9369e+01   0.0000e+00   3.9332e-03   2.9299e+02
20260916_18:00:00   3.9549e-01   9.7120e+01   3.8429e+01   1.7684e-07   3.7088e-03   2.9123e+02
20260916_21:00:00   3.7004e-01   9.1915e+01   3.6578e+01   0.0000e+00   4.5472e-04   2.8949e+02
20260917_00:00:00   3.9090e-01   9.6045e+01   3.8272e+01   0.0000e+00   3.6802e-05   2.9015e+02
20260917_03:00:00   4.3897e-01   1.0522e+02   4.2537e+01   0.0000e+00   2.9991e-03   2.9024e+02
20260917_06:00:00   4.4253e-01   1.0586e+02   4.3107e+01   2.7760e-04   4.9450e-03   2.8958e+02
20260917_09:00:00   4.6556e-01   1.0997e+02   4.5770e+01   0.0000e+00   3.4250e-03   2.9139e+02
20260917_12:00:00   4.9932e-01   1.1586e+02   4.9672e+01   0.0000e+00   6.7295e-03   2.8825e+02
20260917_15:00:00   5.3459e-01   1.2179e+02   5.3783e+01   2.6614e-03   2.4402e-03   2.8829e+02
20260917_18:00:00   5.7204e-01   1.2779e+02   5.8083e+01   7.8940e-05   2.2596e-02   2.8694e+02
20260917_21:00:00   5.8533e-01   1.2994e+02   5.9440e+01   1.2477e-05   1.7753e-02   2.8603e+02
20260918_00:00:00   5.8316e-01   1.2952e+02   5.9452e+01   0.0000e+00   2.1254e-01   2.8836e+02
20260918_03:00:00   5.5199e-01   1.2452e+02   5.6932e+01   3.2480e-06   8.8826e-02   2.8631e+02
20260918_06:00:00   5.6762e-01   1.2696e+02   5.7990e+01   6.9674e-05   8.9917e-02   2.8602e+02
20260918_09:00:00   5.8263e-01   1.2920e+02   5.8160e+01   1.4825e-02   3.4755e-01   2.8515e+02
20260918_12:00:00   9.2762e-01   1.7285e+02   5.9932e+01   3.8676e-01   8.6343e-01   2.8650e+02
20260918_15:00:00   5.3708e-01   1.2146e+02   5.5951e+01   1.0426e-03   5.2750e-01   2.8705e+02
20260918_18:00:00   5.6085e-01   1.2529e+02   5.5137e+01   3.8068e-02   9.4880e-02   2.8296e+02
20260918_21:00:00   5.3466e-01   1.2131e+02   5.5547e+01   1.2140e-03   1.8781e-02   2.8166e+02
20260919_00:00:00   5.4165e-01   1.2255e+02   5.5562e+01   1.0569e-03   1.2426e-02   2.8245e+02
20260919_03:00:00   5.3634e-01   1.2159e+02   5.5278e+01   1.7684e-06   5.5179e-03   2.8417e+02
20260919_06:00:00   5.1668e-01   1.1826e+02   5.4005e+01   0.0000e+00   2.0484e-02   2.8091e+02
20260919_09:00:00   5.1216e-01   1.1741e+02   5.4005e+01   5.3460e-07   3.0680e-01   2.8042e+02
20260919_12:00:00   4.9220e-01   1.1410e+02   5.1263e+01   1.8891e-02   4.6763e-02   2.8106e+02
20260919_15:00:00   5.6852e-01   1.2724e+02   5.6655e+01   1.6933e-02   4.1800e-02   2.8294e+02
20260919_18:00:00   6.1060e-01   1.3364e+02   5.7205e+01   5.6411e-02   1.7448e-02   2.8285e+02
20260919_21:00:00   6.4244e-01   1.3814e+02   5.6938e+01   9.1953e-02   4.0929e-02   2.8050e+02
20260920_00:00:00   9.0254e-01   1.7051e+02   5.7012e+01   3.9562e-01   1.7832e-01   2.8239e+02
