#            date       tau255        Tb[K]      pwv[mm] lwp[kg*m^-2] iwp[kg*m^-2]       o3[DU]
20260725_00:00:00   4.2881e-01   1.0352e+02   4.1060e+01   0.0000e+00   1.5514e-04   2.9948e+02
20260725_01:00:00   4.4569e-01   1.0662e+02   4.2521e+01   0.0000e+00   3.9519e-04   2.9951e+02
20260725_02:00:00   4.6033e-01   1.0927e+02   4.3808e+01   0.0000e+00   6.8817e-04   2.9751e+02
20260725_03:00:00   4.7879e-01   1.1258e+02   4.5347e+01   0.0000e+00   1.5628e-03   2.9599e+02
20260725_04:00:00   4.8382e-01   1.1346e+02   4.5742e+01   9.9800e-06   2.9633e-03   2.9784e+02
20260725_05:00:00   4.8670e-01   1.1391e+02   4.6119e+01   3.5640e-07   2.6961e-03   3.0162e+02
20260725_06:00:00   5.0126e-01   1.1642e+02   4.7373e+01   4.9440e-04   5.6258e-04   3.0316e+02
20260725_07:00:00   5.0054e-01   1.1626e+02   4.7230e+01   1.3650e-03   3.3020e-05   3.0203e+02
20260725_08:00:00   4.9344e-01   1.1504e+02   4.6506e+01   8.9960e-04   0.0000e+00   3.0105e+02
20260725_09:00:00   4.8787e-01   1.1402e+02   4.6227e+01   1.4759e-04   9.4317e-05   3.0245e+02
20260725_10:00:00   4.8444e-01   1.1338e+02   4.5991e+01   1.8673e-04   4.9582e-05   3.0362e+02
20260725_11:00:00   4.8281e-01   1.1313e+02   4.5653e+01   6.2036e-04   0.0000e+00   3.0535e+02
20260725_12:00:00   4.7763e-01   1.1226e+02   4.5086e+01   6.0240e-04   0.0000e+00   3.0890e+02
20260725_13:00:00   4.7701e-01   1.1222e+02   4.4742e+01   1.5084e-03   0.0000e+00   3.0619e+02
20260725_14:00:00   4.7788e-01   1.1242e+02   4.4789e+01   8.2240e-04   4.6582e-05   3.0617e+02
20260725_15:00:00   4.7627e-01   1.1220e+02   4.4473e+01   7.4650e-04   1.4434e-21   3.0854e+02
20260725_16:00:00   4.7351e-01   1.1174e+02   4.4084e+01   9.3404e-04   0.0000e+00   3.0898e+02
20260725_17:00:00   4.6984e-01   1.1112e+02   4.3560e+01   2.2372e-03   0.0000e+00   3.0852e+02
20260725_18:00:00   4.6572e-01   1.1040e+02   4.3220e+01   1.5002e-03   0.0000e+00   3.0974e+02
20260725_19:00:00   4.6406e-01   1.1011e+02   4.2914e+01   1.2959e-03   0.0000e+00   3.0956e+02
20260725_20:00:00   4.6382e-01   1.1007e+02   4.2805e+01   7.3532e-04   1.3208e-05   3.0526e+02
20260725_21:00:00   4.6324e-01   1.0998e+02   4.2625e+01   1.4150e-03   0.0000e+00   3.0383e+02
20260725_22:00:00   4.5656e-01   1.0878e+02   4.2055e+01   8.0200e-07   0.0000e+00   3.0670e+02
20260725_23:00:00   4.5829e-01   1.0906e+02   4.2156e+01   1.2948e-04   0.0000e+00   3.1065e+02
20260726_00:00:00   4.5912e-01   1.0917e+02   4.2326e+01   1.5178e-05   0.0000e+00   3.1103e+02
20260726_01:00:00   4.5451e-01   1.0833e+02   4.1787e+01   8.4220e-05   0.0000e+00   3.1056e+02
20260726_02:00:00   4.5039e-01   1.0758e+02   4.1361e+01   3.5380e-05   0.0000e+00   3.1128e+02
20260726_03:00:00   4.4757e-01   1.0706e+02   4.1000e+01   1.0420e-04   0.0000e+00   3.1165e+02
20260726_04:00:00   4.3971e-01   1.0558e+02   4.0370e+01   3.3660e-05   6.6040e-06   3.0879e+02
20260726_05:00:00   4.3709e-01   1.0504e+02   4.0166e+01   3.5620e-05   7.9240e-05   3.0929e+02
20260726_06:00:00   4.3931e-01   1.0540e+02   4.0446e+01   6.4120e-05   2.2160e-04   3.1053e+02
20260726_07:00:00   4.4293e-01   1.0604e+02   4.0864e+01   1.4350e-04   5.8860e-04   3.0950e+02
20260726_08:00:00   4.4199e-01   1.0585e+02   4.0967e+01   3.9000e-05   7.7160e-04   3.1111e+02
20260726_09:00:00   4.4326e-01   1.0605e+02   4.1138e+01   6.1680e-05   3.9400e-04   3.1373e+02
20260726_10:00:00   4.3429e-01   1.0439e+02   4.0460e+01   0.0000e+00   5.9080e-04   3.1400e+02
20260726_11:00:00   4.3050e-01   1.0368e+02   4.0238e+01   0.0000e+00   2.6300e-04   3.1365e+02
20260726_12:00:00   4.4376e-01   1.0614e+02   4.1453e+01   1.3296e-05   3.7420e-04   3.1352e+02
20260726_13:00:00   4.5652e-01   1.0842e+02   4.3142e+01   2.3260e-04   3.3340e-04   3.1451e+02
20260726_14:00:00   4.7070e-01   1.1091e+02   4.4640e+01   1.0546e-03   4.3300e-04   3.1463e+02
20260726_15:00:00   4.7123e-01   1.1095e+02   4.4992e+01   1.4174e-03   2.6575e-05   3.1447e+02
20260726_16:00:00   4.7296e-01   1.1124e+02   4.5427e+01   1.1049e-03   3.6279e-04   3.1297e+02
20260726_17:00:00   4.8435e-01   1.1321e+02   4.6795e+01   1.7770e-04   2.4119e-05   3.1177e+02
20260726_18:00:00   4.9480e-01   1.1500e+02   4.8092e+01   4.4760e-06   2.4880e-06   3.1203e+02
20260726_19:00:00   5.0294e-01   1.1637e+02   4.9020e+01   2.6518e-05   0.0000e+00   3.1260e+02
20260726_20:00:00   5.0316e-01   1.1634e+02   4.9371e+01   1.5283e-05   4.1800e-04   3.1069e+02
20260726_21:00:00   4.9875e-01   1.1561e+02   4.8715e+01   3.5287e-04   3.6074e-05   3.1166e+02
20260726_22:00:00   4.9199e-01   1.1446e+02   4.7991e+01   0.0000e+00   5.3324e-07   3.1133e+02
20260726_23:00:00   4.8021e-01   1.1239e+02   4.6970e+01   3.9820e-05   0.0000e+00   3.0889e+02
20260727_00:00:00   4.7636e-01   1.1170e+02   4.6703e+01   9.9280e-05   0.0000e+00   3.0718e+02
20260727_01:00:00   4.8033e-01   1.1244e+02   4.7135e+01   4.9440e-05   0.0000e+00   3.0586e+02
20260727_02:00:00   4.8412e-01   1.1311e+02   4.7488e+01   3.8219e-04   0.0000e+00   3.0583e+02
20260727_03:00:00   4.8669e-01   1.1354e+02   4.7642e+01   1.0036e-03   0.0000e+00   3.0751e+02
20260727_04:00:00   4.9608e-01   1.1519e+02   4.8000e+01   1.8745e-03   0.0000e+00   3.0874e+02
20260727_05:00:00   4.8681e-01   1.1358e+02   4.7196e+01   1.3632e-03   0.0000e+00   3.0896e+02
20260727_06:00:00   4.8124e-01   1.1255e+02   4.6679e+01   9.3065e-04   0.0000e+00   3.0983e+02
20260727_07:00:00   4.8011e-01   1.1234e+02   4.6438e+01   6.4189e-04   0.0000e+00   3.1112e+02
20260727_08:00:00   4.8117e-01   1.1254e+02   4.6494e+01   2.4887e-04   0.0000e+00   3.1325e+02
20260727_09:00:00   4.8443e-01   1.1309e+02   4.6903e+01   0.0000e+00   0.0000e+00   3.1343e+02
20260727_10:00:00   4.8124e-01   1.1252e+02   4.6699e+01   0.0000e+00   5.4945e-06   3.1220e+02
20260727_11:00:00   4.7993e-01   1.1230e+02   4.6591e+01   1.5066e-06   1.5990e-05   3.1234e+02
20260727_12:00:00   4.7863e-01   1.1210e+02   4.6479e+01   3.3540e-05   4.9600e-06   3.1253e+02
20260727_13:00:00   4.8348e-01   1.1297e+02   4.6951e+01   5.6150e-04   0.0000e+00   3.1007e+02
20260727_14:00:00   4.8758e-01   1.1370e+02   4.7410e+01   1.1330e-03   6.6140e-05   3.0957e+02
20260727_15:00:00   4.8857e-01   1.1389e+02   4.7614e+01   1.6591e-03   8.6540e-05   3.0729e+02
20260727_16:00:00   4.8457e-01   1.1320e+02   4.7597e+01   2.5525e-04   1.3740e-05   3.0790e+02
20260727_17:00:00   4.8644e-01   1.1355e+02   4.8060e+01   0.0000e+00   0.0000e+00   3.0910e+02
20260727_18:00:00   4.8969e-01   1.1412e+02   4.8561e+01   0.0000e+00   0.0000e+00   3.1042e+02
20260727_19:00:00   4.9770e-01   1.1552e+02   4.9129e+01   1.4691e-03   0.0000e+00   3.0937e+02
20260727_20:00:00   5.0238e-01   1.1633e+02   4.9683e+01   2.8187e-04   4.6220e-05   3.0855e+02
20260727_21:00:00   4.9620e-01   1.1523e+02   4.9356e+01   3.1980e-04   1.3208e-05   3.0710e+02
20260727_22:00:00   4.9385e-01   1.1481e+02   4.9331e+01   1.9965e-04   1.4744e-03   3.0477e+02
20260727_23:00:00   5.0353e-01   1.1649e+02   5.0071e+01   5.7030e-06   5.5458e-03   3.0297e+02
20260728_00:00:00   5.1239e-01   1.1802e+02   5.0881e+01   7.1330e-05   8.4720e-03   3.0267e+02
20260728_01:00:00   5.1513e-01   1.1845e+02   5.1236e+01   5.0830e-04   8.7770e-03   3.0424e+02
20260728_02:00:00   5.1262e-01   1.1797e+02   5.1371e+01   1.2266e-04   1.1213e-02   3.0490e+02
20260728_03:00:00   5.1941e-01   1.1906e+02   5.2155e+01   1.4153e-04   2.3681e-02   3.0375e+02
20260728_04:00:00   5.2733e-01   1.2037e+02   5.2864e+01   2.7242e-04   4.2175e-02   3.0277e+02
20260728_05:00:00   5.2806e-01   1.2044e+02   5.3109e+01   0.0000e+00   4.7063e-02   3.0262e+02
20260728_06:00:00   5.3339e-01   1.2124e+02   5.3686e+01   0.0000e+00   2.4863e-01   2.9932e+02
20260728_07:00:00   5.3787e-01   1.2196e+02   5.4311e+01   0.0000e+00   6.9330e-02   2.9769e+02
20260728_08:00:00   5.3586e-01   1.2168e+02   5.3946e+01   0.0000e+00   2.5968e-03   2.9759e+02
20260728_09:00:00   5.2828e-01   1.2047e+02   5.3101e+01   0.0000e+00   2.8780e-03   2.9473e+02
20260728_10:00:00   5.3867e-01   1.2224e+02   5.3813e+01   4.1880e-06   3.4341e-03   2.9497e+02
20260728_11:00:00   5.4416e-01   1.2318e+02   5.4139e+01   7.3020e-05   7.5399e-03   2.9693e+02
20260728_12:00:00   5.3968e-01   1.2248e+02   5.3692e+01   6.8880e-06   1.3810e-03   2.9711e+02
20260728_13:00:00   5.3686e-01   1.2206e+02   5.3491e+01   5.4900e-05   3.1460e-03   2.9679e+02
20260728_14:00:00   5.3036e-01   1.2098e+02   5.3018e+01   7.4610e-04   1.3129e-02   2.9573e+02
20260728_15:00:00   5.2403e-01   1.1993e+02   5.2413e+01   4.0460e-03   8.5470e-03   2.9642e+02
20260728_16:00:00   5.2799e-01   1.2062e+02   5.2750e+01   3.3332e-03   1.9924e-03   2.9605e+02
20260728_17:00:00   5.1621e-01   1.1862e+02   5.1818e+01   1.9019e-03   9.6481e-04   2.9586e+02
20260728_18:00:00   4.9603e-01   1.1511e+02   5.0268e+01   1.3310e-04   1.1942e-03   2.9552e+02
20260728_19:00:00   4.9090e-01   1.1426e+02   4.9636e+01   1.6470e-04   2.0273e-03   2.9486e+02
20260728_20:00:00   4.9232e-01   1.1456e+02   4.9445e+01   4.7670e-04   2.9488e-03   2.9358e+02
20260728_21:00:00   4.8811e-01   1.1382e+02   4.9003e+01   3.9930e-04   2.7011e-02   2.9263e+02
20260728_22:00:00   4.8332e-01   1.1298e+02   4.8527e+01   0.0000e+00   2.5422e-02   2.9654e+02
20260728_23:00:00   4.9401e-01   1.1496e+02   4.9108e+01   0.0000e+00   1.3227e-02   2.9617e+02
20260729_00:00:00   4.9856e-01   1.1584e+02   4.9137e+01   0.0000e+00   1.0153e-02   2.9740e+02
20260729_01:00:00   4.9719e-01   1.1566e+02   4.8674e+01   0.0000e+00   2.1837e-02   2.9660e+02
20260729_02:00:00   4.9904e-01   1.1606e+02   4.8412e+01   1.8484e-03   2.4162e-02   2.9820e+02
20260729_03:00:00   5.0195e-01   1.1654e+02   4.8644e+01   2.0860e-03   1.5347e-02   2.9689e+02
20260729_04:00:00   4.9473e-01   1.1526e+02   4.7946e+01   1.2626e-03   1.7201e-02   2.9690e+02
20260729_05:00:00   4.8630e-01   1.1375e+02   4.7189e+01   2.6420e-05   1.0822e-02   2.9717e+02
20260729_06:00:00   4.8528e-01   1.1357e+02   4.6969e+01   3.0620e-05   7.5613e-03   2.9847e+02
20260729_07:00:00   4.8218e-01   1.1303e+02   4.6523e+01   1.0594e-04   7.5530e-03   2.9724e+02
20260729_08:00:00   4.8884e-01   1.1421e+02   4.6917e+01   1.1418e-04   8.1599e-03   2.9665e+02
20260729_09:00:00   4.8849e-01   1.1414e+02   4.6502e+01   2.5400e-03   5.7123e-03   2.9652e+02
20260729_10:00:00   4.3629e-01   1.0468e+02   4.2028e+01   1.3426e-05   2.1887e-03   2.9685e+02
20260729_11:00:00   4.1416e-01   1.0053e+02   3.9871e+01   0.0000e+00   2.8397e-03   2.9595e+02
20260729_12:00:00   4.1388e-01   1.0057e+02   3.9327e+01   1.0056e-03   1.5464e-03   2.9705e+02
20260729_13:00:00   4.0570e-01   9.9035e+01   3.8432e+01   2.4434e-03   3.1766e-03   3.0004e+02
20260729_14:00:00   3.6323e-01   9.0591e+01   3.5397e+01   0.0000e+00   8.2150e-03   2.9999e+02
20260729_15:00:00   3.7266e-01   9.2546e+01   3.5909e+01   0.0000e+00   8.6278e-03   2.9711e+02
20260729_16:00:00   3.7453e-01   9.2965e+01   3.6039e+01   0.0000e+00   4.8386e-03   2.9400e+02
20260729_17:00:00   3.6528e-01   9.1107e+01   3.5379e+01   0.0000e+00   7.9533e-03   2.9200e+02
20260729_18:00:00   3.5998e-01   9.0041e+01   3.5010e+01   0.0000e+00   2.7760e-02   2.9047e+02
20260729_19:00:00   3.6836e-01   9.1729e+01   3.5600e+01   0.0000e+00   6.3191e-02   2.8977e+02
20260729_20:00:00   3.8020e-01   9.4095e+01   3.6497e+01   0.0000e+00   4.4551e-02   2.8872e+02
20260729_21:00:00   3.8616e-01   9.5292e+01   3.6748e+01   1.1079e-03   4.2936e-02   2.8914e+02
20260729_22:00:00   3.8457e-01   9.5023e+01   3.6325e+01   1.8692e-03   3.0898e-02   2.9037e+02
20260729_23:00:00   3.7299e-01   9.2752e+01   3.5307e+01   3.4940e-05   1.1945e-02   2.9171e+02
20260730_00:00:00   3.6413e-01   9.0962e+01   3.4541e+01   0.0000e+00   1.3016e-02   2.9307e+02
20260730_03:00:00   3.8317e-01   9.4731e+01   3.6366e+01   0.0000e+00   1.4474e-02   2.9346e+02
20260730_06:00:00   3.9828e-01   9.7566e+01   3.7495e+01   1.3321e-03   9.1715e-03   2.9089e+02
20260730_09:00:00   4.0159e-01   9.8087e+01   3.7922e+01   2.2724e-06   8.7010e-05   2.8922e+02
20260730_12:00:00   4.4079e-01   1.0555e+02   4.1326e+01   1.3880e-04   1.5906e-03   2.9026e+02
20260730_15:00:00   4.2447e-01   1.0251e+02   4.0726e+01   0.0000e+00   2.2822e-03   2.8825e+02
20260730_18:00:00   4.9488e-01   1.1523e+02   4.6631e+01   6.6659e-03   2.1969e-03   2.8592e+02
20260730_21:00:00   4.3923e-01   1.0531e+02   4.1806e+01   7.0620e-04   1.4367e-03   2.8837e+02
20260731_00:00:00   4.2847e-01   1.0326e+02   4.0549e+01   0.0000e+00   1.7684e-06   2.9130e+02
20260731_03:00:00   4.4654e-01   1.0659e+02   4.1788e+01   1.8466e-04   1.9649e-04   2.9406e+02
20260731_06:00:00   4.2469e-01   1.0253e+02   3.9074e+01   2.1040e-05   5.3180e-07   2.9255e+02
20260731_09:00:00   3.9301e-01   9.6484e+01   3.5459e+01   4.6288e-03   0.0000e+00   2.9253e+02
20260731_12:00:00   4.1482e-01   1.0076e+02   3.7471e+01   2.9460e-04   0.0000e+00   2.9376e+02
20260731_15:00:00   4.4794e-01   1.0705e+02   4.0162e+01   1.4732e-03   0.0000e+00   2.9338e+02
20260731_18:00:00   4.5435e-01   1.0828e+02   4.1136e+01   1.0210e-03   5.9900e-05   2.8969e+02
20260731_21:00:00   4.4751e-01   1.0703e+02   4.0758e+01   3.3938e-04   0.0000e+00   2.9189e+02
20260801_00:00:00   4.3980e-01   1.0557e+02   4.0600e+01   4.3060e-06   7.9640e-07   2.9338e+02
20260801_03:00:00   4.5216e-01   1.0787e+02   4.1587e+01   5.7840e-07   1.7684e-07   2.9430e+02
20260801_06:00:00   4.5888e-01   1.0896e+02   4.2928e+01   3.3440e-04   0.0000e+00   2.9189e+02
20260801_09:00:00   4.8249e-01   1.1309e+02   4.5945e+01   0.0000e+00   0.0000e+00   2.9503e+02
20260801_12:00:00   4.6344e-01   1.0976e+02   4.4403e+01   1.3340e-04   0.0000e+00   2.9524e+02
20260801_15:00:00   4.5382e-01   1.0803e+02   4.3885e+01   1.3366e-07   0.0000e+00   2.9427e+02
20260801_18:00:00   4.4224e-01   1.0596e+02   4.2986e+01   0.0000e+00   0.0000e+00   2.9190e+02
20260801_21:00:00   4.8383e-01   1.1346e+02   4.6857e+01   1.3975e-04   4.5980e-06   2.9163e+02
20260802_00:00:00   4.8085e-01   1.1271e+02   4.7615e+01   0.0000e+00   2.0699e-04   2.9214e+02
20260802_03:00:00   4.8681e-01   1.1372e+02   4.8413e+01   8.3860e-04   5.3648e-05   2.9324e+02
20260802_06:00:00   5.4320e-01   1.2318e+02   5.3621e+01   2.5920e-03   1.9962e-05   2.9114e+02
20260802_09:00:00   4.4966e-01   1.0681e+02   4.5393e+01   1.3166e-04   4.1284e-06   2.8864e+02
20260802_12:00:00   4.4135e-01   1.0542e+02   4.4004e+01   4.5428e-04   8.0860e-06   2.8932e+02
20260802_15:00:00   4.7299e-01   1.1144e+02   4.6084e+01   4.6964e-04   0.0000e+00   2.8549e+02
20260802_18:00:00   4.9895e-01   1.1618e+02   4.7644e+01   2.7230e-03   0.0000e+00   2.8429e+02
20260802_21:00:00   4.5788e-01   1.0897e+02   4.3129e+01   4.0260e-03   0.0000e+00   2.8500e+02
20260803_00:00:00   4.0391e-01   9.8716e+01   3.8728e+01   4.4580e-04   0.0000e+00   2.8627e+02
20260803_03:00:00   3.7980e-01   9.3883e+01   3.6664e+01   1.5979e-04   0.0000e+00   2.8964e+02
20260803_06:00:00   3.9731e-01   9.7305e+01   3.7811e+01   3.1142e-04   3.5640e-07   2.8616e+02
20260803_09:00:00   4.2017e-01   1.0162e+02   3.7277e+01   5.1900e-02   0.0000e+00   2.8469e+02
20260803_12:00:00   5.1147e-01   1.1803e+02   3.9967e+01   1.3206e-01   0.0000e+00   2.8484e+02
20260803_15:00:00   4.0266e-01   9.8135e+01   3.9582e+01   5.2400e-03   0.0000e+00   2.8347e+02
20260803_18:00:00   4.1837e-01   1.0123e+02   4.1328e+01   1.5770e-05   0.0000e+00   2.8320e+02
20260803_21:00:00   4.1836e-01   1.0119e+02   4.1447e+01   0.0000e+00   0.0000e+00   2.8262e+02
20260804_00:00:00   4.2353e-01   1.0220e+02   4.1448e+01   0.0000e+00   0.0000e+00   2.8717e+02
20260804_03:00:00   4.1654e-01   1.0083e+02   4.0634e+01   4.4170e-04   0.0000e+00   2.8900e+02
20260804_06:00:00   5.6551e-01   1.2730e+02   4.2395e+01   1.6714e-01   0.0000e+00   2.8856e+02
20260804_09:00:00   4.5250e-01   1.0743e+02   4.1118e+01   3.9857e-02   0.0000e+00   2.9086e+02
20260804_12:00:00   4.8625e-01   1.1365e+02   4.5073e+01   1.0070e-02   0.0000e+00   2.9073e+02
20260804_15:00:00   4.8946e-01   1.1423e+02   4.6209e+01   3.3819e-03   0.0000e+00   2.9155e+02
20260804_18:00:00   4.6313e-01   1.0955e+02   4.4648e+01   1.6264e-04   1.7820e-07   2.9149e+02
20260804_21:00:00   4.7194e-01   1.1133e+02   4.4441e+01   9.0956e-04   0.0000e+00   2.9273e+02
20260805_00:00:00   4.6875e-01   1.1071e+02   4.4547e+01   1.2474e-06   9.2460e-05   2.9282e+02
20260805_03:00:00   4.5305e-01   1.0773e+02   4.3366e+01   0.0000e+00   1.3208e-05   2.9395e+02
20260805_06:00:00   4.7003e-01   1.1066e+02   4.4973e+01   8.8200e-04   7.8773e-04   2.9481e+02
20260805_09:00:00   4.4381e-01   1.0597e+02   4.2192e+01   0.0000e+00   6.9200e-06   2.9366e+02
20260805_12:00:00   4.5296e-01   1.0757e+02   4.3407e+01   4.0920e-05   6.3616e-04   2.9372e+02
20260805_15:00:00   4.4209e-01   1.0565e+02   4.2533e+01   3.4547e-03   2.6600e-07   2.9736e+02
20260805_18:00:00   4.0928e-01   9.9692e+01   3.8604e+01   1.3992e-06   0.0000e+00   2.9871e+02
20260805_21:00:00   4.2605e-01   1.0292e+02   4.0179e+01   0.0000e+00   0.0000e+00   2.9949e+02
20260806_00:00:00   4.5500e-01   1.0822e+02   4.3367e+01   8.9100e-08   0.0000e+00   2.9886e+02
20260806_03:00:00   4.4313e-01   1.0593e+02   4.2758e+01   1.3148e-04   3.3597e-03   2.9816e+02
20260806_06:00:00   4.6729e-01   1.1023e+02   4.5128e+01   0.0000e+00   1.6286e-06   2.9544e+02
20260806_09:00:00   4.1686e-01   1.0086e+02   4.0731e+01   2.6520e-07   0.0000e+00   2.9235e+02
20260806_12:00:00   4.8718e-01   1.1366e+02   4.7263e+01   5.5560e-04   7.9240e-05   2.9208e+02
20260806_15:00:00   4.6759e-01   1.1011e+02   4.5107e+01   1.4571e-02   0.0000e+00   2.9111e+02
20260806_18:00:00   4.0633e-01   9.8519e+01   4.1521e+01   1.1361e-05   2.1380e-05   2.9254e+02
20260806_21:00:00   4.1399e-01   9.9916e+01   4.2816e+01   0.0000e+00   4.6554e-02   2.8989e+02
20260807_00:00:00   4.3719e-01   1.0428e+02   4.4873e+01   0.0000e+00   9.6051e-02   2.9173e+02
20260807_03:00:00   4.4774e-01   1.0623e+02   4.5479e+01   2.6640e-05   5.3967e-02   2.8723e+02
20260807_06:00:00   4.2244e-01   1.0148e+02   4.2764e+01   1.4457e-05   1.8582e-02   2.8616e+02
20260807_09:00:00   4.1618e-01   1.0046e+02   4.1341e+01   4.0646e-03   1.6436e-02   2.8495e+02
20260807_12:00:00   4.0702e-01   9.8847e+01   4.0383e+01   2.1464e-04   8.4310e-03   2.8754e+02
20260807_15:00:00   4.0890e-01   9.9215e+01   4.0699e+01   9.9780e-04   1.0347e-03   2.8636e+02
20260807_18:00:00   4.6831e-01   1.1047e+02   4.5340e+01   1.6313e-03   1.6580e-03   2.8782e+02
20260807_21:00:00   5.0462e-01   1.1683e+02   4.8933e+01   3.1953e-03   5.4137e-03   2.8681e+02
20260808_00:00:00   4.8624e-01   1.1360e+02   4.7725e+01   6.0420e-05   3.0920e-02   2.8835e+02
20260808_03:00:00   4.5169e-01   1.0722e+02   4.5321e+01   0.0000e+00   4.2553e-02   2.8990e+02
20260808_06:00:00   4.1037e-01   9.9293e+01   4.2052e+01   3.1180e-07   8.7300e-02   2.8907e+02
20260808_09:00:00   3.8189e-01   9.3776e+01   3.8837e+01   3.4480e-06   4.9095e-02   2.9111e+02
20260808_12:00:00   3.9588e-01   9.6692e+01   3.8790e+01   1.1727e-03   1.7748e-02   2.9234e+02
20260808_15:00:00   3.5983e-01   8.9594e+01   3.5435e+01   0.0000e+00   3.1955e-03   2.9601e+02
20260808_18:00:00   3.6571e-01   9.0941e+01   3.5570e+01   1.1910e-05   5.4981e-03   2.9320e+02
20260808_21:00:00   4.3936e-01   1.0510e+02   4.3072e+01   7.4290e-04   1.7037e-03   2.9275e+02
20260809_00:00:00   4.7441e-01   1.1149e+02   4.6598e+01   2.9716e-05   1.4001e-03   2.9325e+02
20260809_03:00:00   5.1718e-01   1.1884e+02   5.0752e+01   4.3420e-05   1.5822e-03   2.9223e+02
20260809_06:00:00   4.5241e-01   1.0725e+02   4.5148e+01   6.2018e-05   6.0612e-04   2.9202e+02
20260809_09:00:00   4.2952e-01   1.0287e+02   4.3274e+01   0.0000e+00   1.0185e-03   2.9239e+02
20260809_12:00:00   3.9524e-01   9.6517e+01   3.9127e+01   4.6570e-07   2.5129e-03   2.9318e+02
20260809_15:00:00   4.8428e-01   1.1309e+02   4.6314e+01   4.0680e-03   3.3483e-03   2.9252e+02
20260809_18:00:00   4.1678e-01   1.0102e+02   3.9454e+01   3.0270e-04   4.9083e-03   2.9124e+02
20260809_21:00:00   3.4361e-01   8.6595e+01   3.2331e+01   0.0000e+00   8.1842e-03   2.8958e+02
20260810_00:00:00   3.2091e-01   8.1917e+01   2.9222e+01   2.6730e-07   2.0287e-03   2.8982e+02
