#            date       tau255        Tb[K]      pwv[mm] lwp[kg*m^-2] iwp[kg*m^-2]       o3[DU]
20260921_06:00:00   5.0193e-01   1.1609e+02   5.1016e+01   0.0000e+00   2.0701e-03   2.9492e+02
20260921_07:00:00   4.9971e-01   1.1569e+02   5.0765e+01   0.0000e+00   4.2338e-03   2.9290e+02
20260921_08:00:00   5.0183e-01   1.1608e+02   5.0897e+01   0.0000e+00   3.2519e-03   2.9241e+02
20260921_09:00:00   5.0351e-01   1.1636e+02   5.0987e+01   0.0000e+00   1.4481e-03   2.9346e+02
20260921_10:00:00   5.0463e-01   1.1654e+02   5.1044e+01   0.0000e+00   6.0661e-04   2.9456e+02
20260921_11:00:00   5.0531e-01   1.1669e+02   5.1059e+01   0.0000e+00   3.6820e-04   2.9495e+02
20260921_12:00:00   5.0728e-01   1.1704e+02   5.1253e+01   9.9820e-06   1.1330e-03   2.9513e+02
20260921_13:00:00   5.0440e-01   1.1656e+02   5.1203e+01   0.0000e+00   5.0052e-03   2.9448e+02
20260921_14:00:00   5.0724e-01   1.1711e+02   5.1243e+01   2.4120e-03   6.3219e-04   2.9542e+02
20260921_15:00:00   4.9915e-01   1.1578e+02   5.0795e+01   0.0000e+00   4.9036e-04   2.9593e+02
20260921_16:00:00   5.0256e-01   1.1640e+02   5.1001e+01   0.0000e+00   3.3058e-05   2.9376e+02
20260921_17:00:00   5.0948e-01   1.1760e+02   5.1530e+01   1.7968e-04   8.0536e-06   2.9086e+02
20260921_18:00:00   5.1055e-01   1.1777e+02   5.1432e+01   3.2240e-03   3.5038e-04   2.8924e+02
20260921_19:00:00   5.0903e-01   1.1749e+02   5.1415e+01   1.9965e-05   9.4827e-04   2.8764e+02
20260921_20:00:00   5.0867e-01   1.1744e+02   5.1281e+01   9.4830e-05   1.6067e-03   2.8697e+02
20260921_21:00:00   5.1078e-01   1.1782e+02   5.1319e+01   1.5467e-04   6.5931e-05   2.8831e+02
20260921_22:00:00   5.0240e-01   1.1641e+02   5.0547e+01   0.0000e+00   1.8947e-05   2.8928e+02
20260921_23:00:00   4.9913e-01   1.1584e+02   5.0173e+01   0.0000e+00   1.2475e-05   2.8811e+02
20260922_00:00:00   4.9834e-01   1.1570e+02   5.0061e+01   0.0000e+00   1.0981e-03   2.8792e+02
20260922_01:00:00   4.9598e-01   1.1530e+02   4.9856e+01   0.0000e+00   8.4854e-03   2.8749e+02
20260922_02:00:00   4.9309e-01   1.1482e+02   4.9521e+01   0.0000e+00   2.4195e-03   2.8520e+02
20260922_03:00:00   4.9575e-01   1.1532e+02   4.9554e+01   0.0000e+00   7.7154e-05   2.8500e+02
20260922_04:00:00   5.0036e-01   1.1613e+02   4.9789e+01   0.0000e+00   6.9522e-05   2.8502e+02
20260922_05:00:00   5.0287e-01   1.1652e+02   5.0014e+01   8.5204e-05   1.2564e-05   2.8311e+02
20260922_06:00:00   4.9772e-01   1.1552e+02   4.9739e+01   0.0000e+00   6.0812e-05   2.8216e+02
20260922_07:00:00   4.9308e-01   1.1464e+02   4.9518e+01   0.0000e+00   5.2472e-04   2.8270e+02
20260922_08:00:00   4.8706e-01   1.1356e+02   4.8849e+01   2.4718e-03   3.5312e-05   2.8205e+02
20260922_09:00:00   4.8661e-01   1.1346e+02   4.8446e+01   8.0250e-03   2.3380e-05   2.8167e+02
20260922_10:00:00   4.8178e-01   1.1256e+02   4.8276e+01   6.5167e-03   1.8034e-04   2.8293e+02
20260922_11:00:00   4.7799e-01   1.1188e+02   4.7747e+01   1.2792e-02   0.0000e+00   2.8444e+02
20260922_12:00:00   4.7428e-01   1.1125e+02   4.7183e+01   1.8283e-02   3.5360e-07   2.8598e+02
20260922_13:00:00   4.4931e-01   1.0668e+02   4.6459e+01   6.1160e-04   1.5916e-06   2.8643e+02
20260922_14:00:00   4.4607e-01   1.0611e+02   4.6231e+01   1.6036e-06   1.6148e-05   2.8657e+02
20260922_15:00:00   4.4563e-01   1.0606e+02   4.6152e+01   0.0000e+00   1.7684e-07   2.8658e+02
20260922_16:00:00   4.3991e-01   1.0501e+02   4.5734e+01   0.0000e+00   2.7340e-06   2.8482e+02
20260922_17:00:00   4.2971e-01   1.0310e+02   4.4999e+01   0.0000e+00   2.2482e-04   2.8253e+02
20260922_18:00:00   4.2215e-01   1.0165e+02   4.4422e+01   0.0000e+00   1.7006e-03   2.8133e+02
20260922_19:00:00   4.2538e-01   1.0226e+02   4.4596e+01   0.0000e+00   3.9292e-03   2.8052e+02
20260922_20:00:00   4.3682e-01   1.0445e+02   4.5275e+01   0.0000e+00   1.6735e-02   2.7956e+02
20260922_21:00:00   4.5470e-01   1.0785e+02   4.6254e+01   0.0000e+00   4.9529e-03   2.7809e+02
20260922_22:00:00   4.7804e-01   1.1216e+02   4.7731e+01   0.0000e+00   2.5456e-03   2.7641e+02
20260922_23:00:00   4.9743e-01   1.1565e+02   4.9083e+01   1.3046e-04   4.8971e-04   2.7504e+02
20260923_00:00:00   5.0756e-01   1.1741e+02   5.0000e+01   1.1398e-04   4.7021e-04   2.7652e+02
20260923_01:00:00   5.1688e-01   1.1897e+02   5.1090e+01   0.0000e+00   6.3000e-04   2.7785e+02
20260923_02:00:00   5.1323e-01   1.1828e+02   5.0892e+01   6.6540e-06   4.7337e-04   2.7822e+02
20260923_03:00:00   4.7242e-01   1.1109e+02   4.7345e+01   1.6636e-06   3.0079e-04   2.7890e+02
20260923_04:00:00   4.4063e-01   1.0528e+02   4.4367e+01   0.0000e+00   4.7311e-04   2.7819e+02
20260923_05:00:00   4.2922e-01   1.0317e+02   4.3108e+01   0.0000e+00   1.0052e-04   2.7672e+02
20260923_06:00:00   4.2655e-01   1.0270e+02   4.2726e+01   0.0000e+00   0.0000e+00   2.7726e+02
20260923_07:00:00   4.2913e-01   1.0316e+02   4.2915e+01   0.0000e+00   0.0000e+00   2.7815e+02
20260923_08:00:00   4.3341e-01   1.0398e+02   4.3205e+01   0.0000e+00   8.9820e-05   2.7891e+02
20260923_09:00:00   4.4761e-01   1.0665e+02   4.4187e+01   9.0450e-06   5.2840e-06   2.7867e+02
20260923_10:00:00   4.6742e-01   1.1033e+02   4.5555e+01   0.0000e+00   5.2840e-06   2.7918e+02
20260923_11:00:00   4.8140e-01   1.1292e+02   4.6505e+01   2.4686e-04   2.1140e-05   2.8116e+02
20260923_12:00:00   4.8140e-01   1.1298e+02   4.6417e+01   1.5986e-04   1.0566e-05   2.8393e+02
20260923_13:00:00   4.8387e-01   1.1347e+02   4.6595e+01   1.4394e-03   9.0930e-24   2.8443e+02
20260923_14:00:00   4.8304e-01   1.1336e+02   4.6601e+01   7.8072e-04   3.9790e-22   2.8279e+02
20260923_15:00:00   4.8884e-01   1.1440e+02   4.7042e+01   3.1535e-03   0.0000e+00   2.8158e+02
20260923_16:00:00   4.9118e-01   1.1478e+02   4.7611e+01   6.1923e-04   0.0000e+00   2.8312e+02
20260923_17:00:00   4.9905e-01   1.1611e+02   4.8566e+01   8.3672e-04   0.0000e+00   2.8374e+02
20260923_18:00:00   5.0139e-01   1.1651e+02   4.9026e+01   2.1995e-04   0.0000e+00   2.8313e+02
20260923_19:00:00   5.0285e-01   1.1679e+02   4.9154e+01   6.3390e-04   0.0000e+00   2.8219e+02
20260923_20:00:00   5.0417e-01   1.1703e+02   4.9210e+01   1.0013e-03   0.0000e+00   2.8233e+02
20260923_21:00:00   5.0576e-01   1.1732e+02   4.9316e+01   4.1670e-04   0.0000e+00   2.8230e+02
20260923_22:00:00   5.0788e-01   1.1768e+02   4.9577e+01   0.0000e+00   0.0000e+00   2.8266e+02
20260923_23:00:00   5.0979e-01   1.1794e+02   4.9768e+01   5.6140e-05   2.8320e-06   2.8221e+02
20260924_00:00:00   5.0320e-01   1.1681e+02   4.9335e+01   5.8520e-06   1.7820e-07   2.8187e+02
20260924_01:00:00   5.0464e-01   1.1706e+02   4.9472e+01   3.3280e-06   1.3208e-05   2.8015e+02
20260924_02:00:00   5.0749e-01   1.1757e+02   4.9702e+01   3.2520e-06   1.3208e-05   2.8140e+02
20260924_03:00:00   5.0638e-01   1.1736e+02   4.9704e+01   0.0000e+00   1.9200e-05   2.8223e+02
20260924_04:00:00   5.1029e-01   1.1797e+02   5.0183e+01   0.0000e+00   2.1713e-04   2.8355e+02
20260924_05:00:00   5.1498e-01   1.1873e+02   5.0728e+01   8.8420e-08   2.3251e-04   2.8412e+02
20260924_06:00:00   5.1994e-01   1.1946e+02   5.1509e+01   3.5360e-07   1.3118e-03   2.8374e+02
20260924_07:00:00   5.2993e-01   1.2101e+02   5.2677e+01   1.0038e-05   1.9914e-03   2.8322e+02
20260924_08:00:00   5.4160e-01   1.2285e+02   5.4032e+01   8.8420e-08   9.2955e-03   2.8231e+02
20260924_09:00:00   5.4445e-01   1.2328e+02   5.4331e+01   1.3316e-04   3.0107e-02   2.8190e+02
20260924_10:00:00   5.2411e-01   1.1994e+02   5.2598e+01   0.0000e+00   3.9386e-03   2.8257e+02
20260924_11:00:00   5.0935e-01   1.1741e+02   5.1286e+01   1.7684e-07   5.8976e-04   2.8380e+02
20260924_12:00:00   5.1251e-01   1.1796e+02   5.1510e+01   1.3154e-03   5.2898e-04   2.8353e+02
20260924_13:00:00   5.1667e-01   1.1868e+02   5.1919e+01   2.8231e-03   1.9527e-03   2.8430e+02
20260924_14:00:00   5.1181e-01   1.1784e+02   5.1745e+01   2.5618e-03   1.9378e-03   2.8689e+02
20260924_15:00:00   4.9645e-01   1.1517e+02   5.0721e+01   0.0000e+00   4.0085e-04   2.8786e+02
20260924_16:00:00   4.8014e-01   1.1232e+02   4.9397e+01   0.0000e+00   5.7200e-06   2.8702e+02
20260924_17:00:00   4.8883e-01   1.1393e+02   4.9918e+01   0.0000e+00   4.3600e-06   2.8704e+02
20260924_18:00:00   4.9240e-01   1.1464e+02   5.0036e+01   0.0000e+00   1.3692e-05   2.8589e+02
20260924_19:00:00   4.9827e-01   1.1574e+02   5.0349e+01   6.2390e-05   4.4280e-07   2.8605e+02
20260924_20:00:00   4.9990e-01   1.1608e+02   5.0183e+01   1.9318e-03   1.3208e-05   2.8612e+02
20260924_21:00:00   4.9515e-01   1.1531e+02   4.9726e+01   1.4973e-05   5.7759e-04   2.8597e+02
20260924_22:00:00   4.9916e-01   1.1606e+02   4.9640e+01   1.6510e-05   1.1149e-03   2.8543e+02
20260924_23:00:00   4.9678e-01   1.1565e+02   4.9099e+01   4.6190e-04   2.2443e-03   2.8570e+02
20260925_00:00:00   4.7826e-01   1.1234e+02   4.7513e+01   0.0000e+00   3.2139e-03   2.8325e+02
20260925_01:00:00   4.5853e-01   1.0873e+02   4.5914e+01   0.0000e+00   5.5086e-04   2.8220e+02
20260925_02:00:00   4.4309e-01   1.0586e+02   4.4609e+01   1.7684e-07   3.5500e-07   2.8052e+02
20260925_03:00:00   4.2553e-01   1.0256e+02   4.3154e+01   0.0000e+00   0.0000e+00   2.7878e+02
20260925_04:00:00   4.2493e-01   1.0242e+02   4.3033e+01   0.0000e+00   0.0000e+00   2.7935e+02
20260925_05:00:00   4.2982e-01   1.0331e+02   4.3390e+01   0.0000e+00   0.0000e+00   2.7856e+02
20260925_06:00:00   4.3459e-01   1.0418e+02   4.3775e+01   0.0000e+00   0.0000e+00   2.7623e+02
20260925_07:00:00   4.3139e-01   1.0355e+02   4.3580e+01   0.0000e+00   0.0000e+00   2.7660e+02
20260925_08:00:00   4.2647e-01   1.0260e+02   4.3240e+01   0.0000e+00   0.0000e+00   2.7767e+02
20260925_09:00:00   4.3400e-01   1.0403e+02   4.3842e+01   0.0000e+00   0.0000e+00   2.7805e+02
20260925_10:00:00   4.6712e-01   1.1019e+02   4.6493e+01   3.5360e-07   0.0000e+00   2.7730e+02
20260925_11:00:00   5.0142e-01   1.1631e+02   4.9351e+01   6.6040e-05   0.0000e+00   2.7798e+02
20260925_12:00:00   5.2404e-01   1.2019e+02   5.1460e+01   1.3030e-04   7.9265e-04   2.7986e+02
20260925_13:00:00   5.2458e-01   1.2031e+02   5.1577e+01   1.9590e-03   2.0201e-03   2.7991e+02
20260925_14:00:00   4.9421e-01   1.1513e+02   4.9190e+01   6.0911e-04   9.4849e-04   2.8061e+02
20260925_15:00:00   4.6290e-01   1.0955e+02   4.6543e+01   2.6520e-07   7.8827e-04   2.8270e+02
20260925_16:00:00   4.4772e-01   1.0678e+02   4.5111e+01   0.0000e+00   2.1793e-04   2.8380e+02
20260925_17:00:00   4.5812e-01   1.0875e+02   4.5749e+01   0.0000e+00   2.2245e-05   2.8236e+02
20260925_18:00:00   4.8183e-01   1.1306e+02   4.7540e+01   7.9860e-05   4.2945e-04   2.8039e+02
20260925_19:00:00   4.8774e-01   1.1405e+02   4.8442e+01   1.1729e-04   3.9171e-03   2.8081e+02
20260925_20:00:00   4.8556e-01   1.1362e+02   4.8813e+01   1.3263e-07   1.1814e-02   2.8172e+02
20260925_21:00:00   4.8691e-01   1.1380e+02   4.9068e+01   2.0664e-06   5.0687e-03   2.8172e+02
20260925_22:00:00   4.8049e-01   1.1265e+02   4.8447e+01   3.0980e-07   1.6378e-04   2.8286e+02
20260925_23:00:00   4.7007e-01   1.1077e+02   4.7343e+01   3.1650e-04   4.4420e-07   2.8460e+02
20260926_00:00:00   4.6356e-01   1.0959e+02   4.6623e+01   0.0000e+00   0.0000e+00   2.8488e+02
20260926_01:00:00   4.6411e-01   1.0974e+02   4.6542e+01   0.0000e+00   0.0000e+00   2.8394e+02
20260926_02:00:00   4.7192e-01   1.1123e+02   4.6923e+01   0.0000e+00   0.0000e+00   2.8469e+02
20260926_03:00:00   4.9429e-01   1.1527e+02   4.8480e+01   0.0000e+00   0.0000e+00   2.8570e+02
20260926_04:00:00   4.9752e-01   1.1581e+02   4.8665e+01   0.0000e+00   0.0000e+00   2.8511e+02
20260926_05:00:00   4.9752e-01   1.1573e+02   4.8790e+01   5.1860e-05   6.6040e-06   2.8307e+02
20260926_06:00:00   4.9099e-01   1.1453e+02   4.8317e+01   1.7362e-06   8.8831e-04   2.8206e+02
20260926_09:00:00   4.4717e-01   1.0651e+02   4.4850e+01   3.0980e-07   0.0000e+00   2.8470e+02
20260926_12:00:00   4.0348e-01   9.8311e+01   4.0871e+01   0.0000e+00   0.0000e+00   2.8857e+02
20260926_15:00:00   4.3801e-01   1.0515e+02   4.3171e+01   1.2696e-05   0.0000e+00   2.9046e+02
20260926_18:00:00   4.6414e-01   1.1001e+02   4.5314e+01   0.0000e+00   0.0000e+00   2.8632e+02
20260926_21:00:00   4.6615e-01   1.1035e+02   4.5542e+01   7.2370e-05   0.0000e+00   2.8273e+02
20260927_00:00:00   4.5522e-01   1.0842e+02   4.4208e+01   3.5640e-07   0.0000e+00   2.8744e+02
20260927_03:00:00   4.3447e-01   1.0463e+02   4.2214e+01   0.0000e+00   0.0000e+00   2.8469e+02
20260927_06:00:00   4.6571e-01   1.1028e+02   4.5256e+01   5.9320e-05   0.0000e+00   2.7881e+02
20260927_09:00:00   4.8548e-01   1.1369e+02   4.7444e+01   5.7213e-04   1.7684e-07   2.7866e+02
20260927_12:00:00   4.6551e-01   1.1008e+02   4.5647e+01   5.3636e-03   0.0000e+00   2.8186e+02
20260927_15:00:00   4.7253e-01   1.1145e+02   4.6674e+01   0.0000e+00   6.6540e-06   2.7832e+02
20260927_18:00:00   5.0202e-01   1.1680e+02   4.9121e+01   1.9764e-03   1.3399e-05   2.7697e+02
20260927_21:00:00   4.9208e-01   1.1505e+02   4.8510e+01   0.0000e+00   3.8776e-05   2.7759e+02
20260928_00:00:00   4.8667e-01   1.1412e+02   4.7797e+01   0.0000e+00   0.0000e+00   2.7733e+02
20260928_03:00:00   4.8366e-01   1.1359e+02   4.7194e+01   3.3680e-04   0.0000e+00   2.7871e+02
20260928_06:00:00   4.9621e-01   1.1576e+02   4.8077e+01   2.6740e-07   0.0000e+00   2.7626e+02
20260928_09:00:00   4.7698e-01   1.1236e+02   4.6518e+01   0.0000e+00   0.0000e+00   2.7608e+02
20260928_12:00:00   4.8494e-01   1.1381e+02   4.6158e+01   1.8797e-02   3.3280e-06   2.7923e+02
20260928_15:00:00   5.3227e-01   1.2218e+02   4.9207e+01   3.5393e-02   3.3280e-06   2.8191e+02
20260928_18:00:00   4.7659e-01   1.1239e+02   4.7109e+01   1.5099e-04   3.4160e-06   2.7909e+02
20260928_21:00:00   4.4490e-01   1.0644e+02   4.4580e+01   0.0000e+00   1.1662e-04   2.7894e+02
20260929_00:00:00   4.5210e-01   1.0762e+02   4.5716e+01   0.0000e+00   2.1455e-04   2.8165e+02
20260929_03:00:00   5.0763e-01   1.1764e+02   4.9819e+01   1.1584e-05   9.4782e-04   2.8582e+02
20260929_06:00:00   5.1497e-01   1.1882e+02   5.0627e+01   8.2900e-05   1.6203e-03   2.8413e+02
20260929_09:00:00   4.7798e-01   1.1226e+02   4.7623e+01   8.4430e-05   2.8768e-03   2.8414e+02
20260929_12:00:00   4.2039e-01   1.0160e+02   4.2863e+01   4.3240e-06   5.2974e-03   2.8641e+02
20260929_15:00:00   5.1050e-01   1.1824e+02   4.9391e+01   5.1553e-03   1.8508e-03   2.8479e+02
20260929_18:00:00   4.1998e-01   1.0177e+02   4.2421e+01   0.0000e+00   1.6338e-05   2.8117e+02
20260929_21:00:00   4.9231e-01   1.1509e+02   4.8054e+01   1.4973e-05   4.4823e-03   2.8275e+02
20260930_00:00:00   4.4668e-01   1.0672e+02   4.4621e+01   0.0000e+00   1.7993e-04   2.8154e+02
20260930_03:00:00   4.1658e-01   1.0097e+02   4.2213e+01   8.8420e-08   5.0975e-06   2.7960e+02
20260930_06:00:00   4.2799e-01   1.0304e+02   4.3281e+01   5.2875e-05   3.3623e-05   2.7736e+02
20260930_09:00:00   4.0087e-01   9.7750e+01   4.1229e+01   1.1130e-06   1.1522e-03   2.7828e+02
20260930_12:00:00   4.0569e-01   9.8831e+01   4.1284e+01   8.0322e-06   3.8241e-05   2.7824e+02
20260930_15:00:00   4.6579e-01   1.1017e+02   4.6717e+01   0.0000e+00   3.3280e-06   2.7970e+02
20260930_18:00:00   4.6409e-01   1.0996e+02   4.5853e+01   3.5360e-07   1.8118e-05   2.7784e+02
20260930_21:00:00   4.7380e-01   1.1154e+02   4.7716e+01   0.0000e+00   2.6758e-04   2.7499e+02
20261001_00:00:00   4.9367e-01   1.1502e+02   4.9172e+01   8.8420e-08   0.0000e+00   2.7862e+02
20261001_03:00:00   4.7231e-01   1.1130e+02   4.6841e+01   3.5360e-07   0.0000e+00   2.7991e+02
20261001_06:00:00   5.0236e-01   1.1642e+02   4.9822e+01   2.6520e-07   1.6764e-05   2.7858e+02
20261001_09:00:00   4.9616e-01   1.1538e+02   4.9208e+01   2.6730e-07   8.1580e-06   2.7911e+02
20261001_12:00:00   3.2795e-01   8.3264e+01   3.3262e+01   0.0000e+00   0.0000e+00   2.8134e+02
20261001_15:00:00   3.6281e-01   9.0274e+01   3.7837e+01   0.0000e+00   0.0000e+00   2.8310e+02
20261001_18:00:00   3.6169e-01   8.9859e+01   3.8466e+01   0.0000e+00   0.0000e+00   2.8211e+02
20261001_21:00:00   3.5952e-01   8.9483e+01   3.7918e+01   0.0000e+00   0.0000e+00   2.8094e+02
20261002_00:00:00   3.7051e-01   9.1902e+01   3.7598e+01   0.0000e+00   0.0000e+00   2.7981e+02
20261002_03:00:00   4.2908e-01   1.0350e+02   4.1030e+01   1.6510e-05   0.0000e+00   2.8123e+02
20261002_06:00:00   3.9641e-01   9.7259e+01   3.7576e+01   0.0000e+00   1.4256e-07   2.8030e+02
20261002_09:00:00   4.1603e-01   1.0107e+02   3.9389e+01   8.8420e-08   5.6080e-06   2.8201e+02
20261002_12:00:00   4.3551e-01   1.0480e+02   4.1236e+01   3.5480e-06   5.6560e-05   2.8560e+02
20261002_15:00:00   4.0227e-01   9.8369e+01   3.9489e+01   1.0246e-06   3.5360e-07   2.8468e+02
20261002_18:00:00   4.4012e-01   1.0562e+02   4.2774e+01   0.0000e+00   2.8340e-05   2.8345e+02
20261002_21:00:00   4.5625e-01   1.0853e+02   4.4150e+01   3.7930e-04   0.0000e+00   2.8350e+02
20261003_00:00:00   4.4261e-01   1.0590e+02   4.3449e+01   0.0000e+00   4.4280e-07   2.8435e+02
20261003_03:00:00   4.6011e-01   1.0912e+02   4.4685e+01   2.9720e-05   0.0000e+00   2.8680e+02
20261003_06:00:00   4.4668e-01   1.0661e+02   4.3563e+01   2.8060e-05   2.6620e-06   2.8535e+02
20261003_09:00:00   4.4308e-01   1.0592e+02   4.3319e+01   6.8257e-04   7.0480e-06   2.8279e+02
20261003_12:00:00   4.5815e-01   1.0861e+02   4.4881e+01   7.4710e-04   6.9580e-06   2.8474e+02
20261003_15:00:00   4.6242e-01   1.0953e+02   4.5480e+01   0.0000e+00   1.0642e-05   2.8520e+02
20261003_18:00:00   4.4876e-01   1.0705e+02   4.4564e+01   0.0000e+00   1.3398e-05   2.8383e+02
20261003_21:00:00   4.7491e-01   1.1182e+02   4.6500e+01   8.4350e-04   8.9100e-08   2.8344e+02
20261004_00:00:00   4.7100e-01   1.1105e+02   4.6318e+01   3.9620e-05   2.6620e-06   2.8657e+02
20261004_03:00:00   4.7573e-01   1.1191e+02   4.6166e+01   4.1528e-03   0.0000e+00   2.9064e+02
20261004_06:00:00   4.5904e-01   1.0875e+02   4.5299e+01   1.7684e-07   0.0000e+00   2.8887e+02
20261004_09:00:00   4.4616e-01   1.0631e+02   4.4388e+01   2.3895e-06   0.0000e+00   2.8643e+02
20261004_12:00:00   4.7558e-01   1.1179e+02   4.6416e+01   3.6010e-03   0.0000e+00   2.8789e+02
20261004_15:00:00   4.7518e-01   1.1184e+02   4.6734e+01   4.1502e-04   0.0000e+00   2.9044e+02
20261004_18:00:00   4.6091e-01   1.0915e+02   4.6064e+01   2.2620e-04   9.7060e-05   2.8846e+02
20261004_21:00:00   4.4265e-01   1.0564e+02   4.5340e+01   3.5360e-07   9.5927e-03   2.8523e+02
20261005_00:00:00   4.3888e-01   1.0487e+02   4.5013e+01   0.0000e+00   1.4044e-03   2.8673e+02
20261005_03:00:00   4.2264e-01   1.0175e+02   4.3501e+01   0.0000e+00   1.7812e-04   2.8432e+02
20261005_06:00:00   4.3241e-01   1.0367e+02   4.3850e+01   0.0000e+00   1.4147e-06   2.8461e+02
20261005_09:00:00   4.6602e-01   1.0996e+02   4.6269e+01   1.7760e-04   1.0670e-06   2.8491e+02
20261005_12:00:00   4.9539e-01   1.1514e+02   4.6465e+01   4.2212e-02   6.7253e-06   2.8195e+02
20261005_15:00:00   5.3453e-01   1.2211e+02   4.7420e+01   8.5325e-02   1.3310e-05   2.8336e+02
20261005_18:00:00   5.0750e-01   1.1735e+02   4.9929e+01   7.7200e-03   1.5880e-04   2.8159e+02
20261005_21:00:00   4.9886e-01   1.1581e+02   4.9949e+01   2.2380e-04   1.6937e-03   2.8103e+02
20261006_00:00:00   4.7146e-01   1.1077e+02   4.7876e+01   0.0000e+00   8.4998e-04   2.8039e+02
20261006_03:00:00   4.8917e-01   1.1400e+02   4.8945e+01   0.0000e+00   0.0000e+00   2.8004e+02
20261006_06:00:00   5.1868e-01   1.1912e+02   5.1440e+01   6.9340e-05   4.4813e-04   2.7686e+02
20261006_09:00:00   5.2621e-01   1.2028e+02   5.2569e+01   0.0000e+00   1.0963e-02   2.7674e+02
20261006_12:00:00   5.5640e-01   1.2512e+02   5.5948e+01   0.0000e+00   2.9463e-01   2.7892e+02
20261006_15:00:00   5.5460e-01   1.2494e+02   5.5740e+01   4.0320e-03   5.5615e-02   2.7939e+02
20261006_18:00:00   8.5108e-01   1.6431e+02   5.7577e+01   3.2600e-01   4.2614e-01   2.7798e+02
20261006_21:00:00   8.8026e-01   1.6714e+02   5.8213e+01   3.5078e-01   6.5810e-01   2.7640e+02
20261007_00:00:00   6.8988e-01   1.4352e+02   5.6339e+01   1.5657e-01   8.0549e-01   2.7784e+02
20261007_03:00:00   5.2986e-01   1.1986e+02   5.3587e+01   1.8874e-02   1.7043e-01   2.7851e+02
20261007_06:00:00   5.9757e-01   1.3040e+02   5.2602e+01   1.0862e-01   1.3284e-01   2.7827e+02
