#            date       tau255        Tb[K]      pwv[mm] lwp[kg*m^-2] iwp[kg*m^-2]       o3[DU]
20260821_18:00:00   4.1672e-01   1.0124e+02   4.0124e+01   1.6348e-04   0.0000e+00   3.0119e+02
20260821_19:00:00   4.2612e-01   1.0309e+02   4.0617e+01   1.2083e-03   0.0000e+00   3.0347e+02
20260821_20:00:00   4.4607e-01   1.0684e+02   4.2039e+01   2.4620e-03   0.0000e+00   3.0282e+02
20260821_21:00:00   4.6529e-01   1.1041e+02   4.3554e+01   2.2457e-05   0.0000e+00   3.0342e+02
20260821_22:00:00   4.7891e-01   1.1286e+02   4.4680e+01   1.9152e-04   0.0000e+00   3.0349e+02
20260821_23:00:00   4.9798e-01   1.1615e+02   4.6638e+01   3.1840e-06   0.0000e+00   3.0662e+02
20260822_00:00:00   5.0805e-01   1.1782e+02   4.8114e+01   3.2220e-05   0.0000e+00   3.1035e+02
20260822_01:00:00   5.0010e-01   1.1641e+02   4.7984e+01   3.1120e-05   0.0000e+00   3.0955e+02
20260822_02:00:00   4.8260e-01   1.1335e+02   4.6155e+01   8.2464e-05   0.0000e+00   3.1000e+02
20260822_03:00:00   4.2785e-01   1.0331e+02   4.1233e+01   1.1427e-05   3.3280e-06   3.1151e+02
20260822_04:00:00   3.8809e-01   9.5590e+01   3.7707e+01   4.0100e-07   0.0000e+00   3.1028e+02
20260822_05:00:00   4.0580e-01   9.8976e+01   3.9004e+01   5.8350e-06   0.0000e+00   3.0765e+02
20260822_06:00:00   4.1400e-01   1.0053e+02   3.9736e+01   5.8780e-04   6.6540e-06   3.0510e+02
20260822_07:00:00   4.1950e-01   1.0154e+02   4.0115e+01   3.7087e-03   3.5640e-07   3.0281e+02
20260822_08:00:00   4.2387e-01   1.0238e+02   4.0630e+01   1.1240e-03   0.0000e+00   3.0224e+02
20260822_09:00:00   4.2183e-01   1.0202e+02   4.0461e+01   5.8148e-04   0.0000e+00   3.0070e+02
20260822_10:00:00   4.2879e-01   1.0341e+02   4.0827e+01   6.2673e-04   1.3208e-05   2.9809e+02
20260822_11:00:00   5.1605e-01   1.1930e+02   4.2716e+01   8.4190e-02   0.0000e+00   2.9658e+02
20260822_12:00:00   4.9535e-01   1.1567e+02   4.0060e+01   1.0221e-01   0.0000e+00   2.9920e+02
20260822_13:00:00   4.0612e-01   9.9053e+01   3.9310e+01   1.0168e-03   3.6021e-05   3.0085e+02
20260822_14:00:00   3.8529e-01   9.4988e+01   3.8060e+01   6.9390e-05   2.6437e-03   3.0007e+02
20260822_15:00:00   3.4441e-01   8.6689e+01   3.4548e+01   7.3510e-06   4.9889e-03   2.9682e+02
20260822_16:00:00   3.3379e-01   8.4465e+01   3.3519e+01   0.0000e+00   1.2491e-03   2.9753e+02
20260822_17:00:00   3.4970e-01   8.7750e+01   3.4680e+01   0.0000e+00   3.8711e-04   3.0069e+02
20260822_18:00:00   3.6012e-01   8.9903e+01   3.5473e+01   0.0000e+00   2.4047e-03   3.0117e+02
20260822_19:00:00   3.7176e-01   9.2285e+01   3.6531e+01   8.1840e-04   6.1777e-03   3.0025e+02
20260822_20:00:00   3.8467e-01   9.4893e+01   3.7632e+01   7.1430e-04   1.2610e-02   2.9943e+02
20260822_21:00:00   3.8696e-01   9.5334e+01   3.7840e+01   3.2970e-04   2.0996e-02   3.0129e+02
20260822_22:00:00   3.8362e-01   9.4642e+01   3.7602e+01   2.4991e-05   7.1603e-03   3.0413e+02
20260822_23:00:00   3.9319e-01   9.6512e+01   3.8431e+01   0.0000e+00   1.9767e-03   3.0504e+02
20260823_00:00:00   4.1677e-01   1.0108e+02   4.0362e+01   0.0000e+00   3.3659e-03   3.0285e+02
20260823_01:00:00   4.3449e-01   1.0446e+02   4.1743e+01   0.0000e+00   2.9667e-03   3.0223e+02
20260823_02:00:00   4.2717e-01   1.0306e+02   4.1147e+01   0.0000e+00   5.7860e-04   3.0364e+02
20260823_03:00:00   4.1175e-01   1.0009e+02   3.9814e+01   3.0810e-04   9.3298e-05   3.0342e+02
20260823_04:00:00   4.0478e-01   9.8761e+01   3.9105e+01   8.0170e-04   1.4819e-03   3.0304e+02
20260823_05:00:00   4.0136e-01   9.8116e+01   3.8725e+01   5.3050e-07   1.2528e-02   3.0080e+02
20260823_06:00:00   3.9996e-01   9.7851e+01   3.8606e+01   0.0000e+00   3.2493e-02   2.9987e+02
20260823_07:00:00   4.1375e-01   1.0048e+02   3.9748e+01   0.0000e+00   6.6558e-02   2.9914e+02
20260823_08:00:00   4.3275e-01   1.0413e+02   4.1354e+01   1.0750e-05   3.1515e-02   2.9835e+02
20260823_09:00:00   4.5074e-01   1.0747e+02   4.3133e+01   8.3407e-05   9.3130e-02   3.0116e+02
20260823_10:00:00   4.5047e-01   1.0740e+02   4.3335e+01   8.9420e-06   1.3875e-01   2.9990e+02
20260823_11:00:00   4.4477e-01   1.0640e+02   4.2812e+01   0.0000e+00   1.0680e-01   2.9914e+02
20260823_12:00:00   4.4575e-01   1.0660e+02   4.2820e+01   0.0000e+00   5.7053e-02   2.9831e+02
20260823_13:00:00   4.6208e-01   1.0957e+02   4.4711e+01   1.0731e-04   1.7050e-02   2.9784e+02
20260823_14:00:00   4.6896e-01   1.1081e+02   4.5609e+01   6.8832e-04   1.0696e-02   2.9801e+02
20260823_15:00:00   4.6089e-01   1.0940e+02   4.4851e+01   7.4870e-06   1.5069e-02   2.9709e+02
20260823_16:00:00   4.4824e-01   1.0715e+02   4.3608e+01   0.0000e+00   1.0999e-02   2.9768e+02
20260823_17:00:00   4.5255e-01   1.0797e+02   4.3992e+01   0.0000e+00   3.6661e-03   3.0045e+02
20260823_18:00:00   4.5735e-01   1.0888e+02   4.4440e+01   0.0000e+00   1.1734e-02   2.9794e+02
20260823_19:00:00   4.6391e-01   1.1005e+02   4.5126e+01   2.1960e-04   2.5621e-03   2.9754e+02
20260823_20:00:00   4.6649e-01   1.1050e+02   4.5417e+01   3.4940e-05   1.3488e-03   2.9973e+02
20260823_21:00:00   4.7594e-01   1.1213e+02   4.6389e+01   4.3180e-04   5.8463e-04   2.9977e+02
20260823_22:00:00   4.8648e-01   1.1399e+02   4.7229e+01   1.7426e-03   4.2062e-05   3.0092e+02
20260823_23:00:00   4.9418e-01   1.1527e+02   4.8264e+01   4.1220e-04   5.1047e-05   2.9947e+02
20260824_00:00:00   4.9083e-01   1.1469e+02   4.8034e+01   2.3320e-06   1.4829e-04   2.9903e+02
20260824_01:00:00   4.7153e-01   1.1125e+02   4.6332e+01   2.4765e-05   1.3119e-03   2.9893e+02
20260824_02:00:00   4.5594e-01   1.0838e+02   4.5001e+01   2.0878e-04   2.4232e-03   2.9837e+02
20260824_03:00:00   4.4089e-01   1.0556e+02   4.3855e+01   0.0000e+00   8.8211e-04   3.0037e+02
20260824_04:00:00   4.3369e-01   1.0419e+02   4.3310e+01   0.0000e+00   2.1378e-03   3.0012e+02
20260824_05:00:00   4.3951e-01   1.0526e+02   4.3729e+01   9.2840e-07   2.5013e-03   3.0025e+02
20260824_06:00:00   4.5488e-01   1.0812e+02   4.4766e+01   8.7980e-05   7.2501e-05   2.9800e+02
20260824_07:00:00   4.5653e-01   1.0845e+02   4.4792e+01   1.0453e-05   5.7240e-04   2.9742e+02
20260824_08:00:00   4.5238e-01   1.0772e+02   4.4267e+01   4.7205e-05   8.9100e-08   2.9868e+02
20260824_09:00:00   4.6725e-01   1.1044e+02   4.5421e+01   2.5260e-05   1.1841e-04   2.9879e+02
20260824_10:00:00   4.7167e-01   1.1117e+02   4.5855e+01   9.7440e-05   3.5920e-05   2.9665e+02
20260824_11:00:00   4.6305e-01   1.0970e+02   4.4943e+01   0.0000e+00   3.5940e-06   2.9653e+02
20260824_12:00:00   4.5509e-01   1.0823e+02   4.4298e+01   1.6967e-04   3.7720e-06   2.9581e+02
20260824_13:00:00   4.4351e-01   1.0621e+02   4.3085e+01   7.8860e-04   4.3800e-05   2.9341e+02
20260824_14:00:00   4.4202e-01   1.0600e+02   4.2727e+01   1.8745e-04   6.0280e-05   2.9236e+02
20260824_15:00:00   4.3378e-01   1.0451e+02   4.1954e+01   0.0000e+00   7.1900e-06   2.9252e+02
20260824_16:00:00   4.3635e-01   1.0504e+02   4.2015e+01   0.0000e+00   2.1813e-04   2.9301e+02
20260824_17:00:00   4.4399e-01   1.0646e+02   4.2787e+01   4.1500e-04   3.2081e-04   2.9278e+02
20260824_18:00:00   4.5600e-01   1.0865e+02   4.3990e+01   0.0000e+00   1.3358e-04   2.9201e+02
20260824_19:00:00   4.5550e-01   1.0856e+02   4.3987e+01   0.0000e+00   3.0725e-04   2.9152e+02
20260824_20:00:00   4.4688e-01   1.0694e+02   4.3198e+01   6.5496e-06   5.8002e-04   2.9493e+02
20260824_21:00:00   4.2986e-01   1.0377e+02   4.1658e+01   0.0000e+00   1.0436e-04   2.9749e+02
20260824_22:00:00   4.2884e-01   1.0360e+02   4.1270e+01   0.0000e+00   7.7300e-05   2.9765e+02
20260824_23:00:00   4.4334e-01   1.0635e+02   4.2139e+01   0.0000e+00   1.9430e-04   2.9663e+02
20260825_00:00:00   4.5027e-01   1.0763e+02   4.2787e+01   1.2028e-06   3.4760e-05   2.9766e+02
20260825_01:00:00   4.5322e-01   1.0815e+02   4.3245e+01   0.0000e+00   1.0198e-05   2.9899e+02
20260825_02:00:00   4.5763e-01   1.0894e+02   4.3856e+01   0.0000e+00   1.4220e-05   2.9693e+02
20260825_03:00:00   4.7058e-01   1.1123e+02   4.5254e+01   0.0000e+00   1.4148e-06   2.9777e+02
20260825_04:00:00   4.7488e-01   1.1193e+02   4.5996e+01   0.0000e+00   3.0185e-07   2.9728e+02
20260825_05:00:00   4.7994e-01   1.1278e+02   4.6576e+01   0.0000e+00   1.7006e-05   2.9610e+02
20260825_06:00:00   4.8991e-01   1.1454e+02   4.7465e+01   2.2120e-04   8.3700e-06   2.9436e+02
20260825_07:00:00   4.9727e-01   1.1577e+02   4.8380e+01   0.0000e+00   5.1225e-05   2.9311e+02
20260825_08:00:00   4.9394e-01   1.1513e+02   4.8350e+01   1.7854e-05   6.2882e-05   2.9375e+02
20260825_09:00:00   4.9941e-01   1.1608e+02   4.8879e+01   3.5240e-06   5.7200e-05   2.9680e+02
20260825_10:00:00   5.1041e-01   1.1794e+02   4.9938e+01   3.5680e-06   2.3860e-05   2.9786e+02
20260825_11:00:00   5.1307e-01   1.1836e+02   5.0392e+01   1.6510e-05   2.0580e-05   2.9898e+02
20260825_12:00:00   5.2351e-01   1.2011e+02   5.1514e+01   1.1620e-05   9.3080e-05   2.9909e+02
20260825_13:00:00   5.2881e-01   1.2100e+02   5.2240e+01   3.0720e-04   6.7740e-05   2.9932e+02
20260825_14:00:00   5.3624e-01   1.2225e+02   5.2968e+01   2.7493e-03   1.2966e-04   2.9987e+02
20260825_15:00:00   5.3252e-01   1.2157e+02   5.3268e+01   7.4870e-05   1.0159e-03   2.9862e+02
20260825_16:00:00   5.2988e-01   1.2110e+02   5.3462e+01   0.0000e+00   3.0058e-03   2.9768e+02
20260825_17:00:00   5.2304e-01   1.1989e+02   5.3106e+01   0.0000e+00   4.6234e-03   2.9694e+02
20260825_18:00:00   4.9908e-01   1.1570e+02   5.1367e+01   1.7338e-04   4.6602e-03   2.9684e+02
20260825_19:00:00   4.9782e-01   1.1539e+02   5.1632e+01   0.0000e+00   1.0582e-02   2.9528e+02
20260825_20:00:00   5.0886e-01   1.1728e+02   5.2756e+01   0.0000e+00   3.3308e-02   2.9440e+02
20260825_21:00:00   5.4109e-01   1.2270e+02   5.5659e+01   3.1840e-06   2.1757e-01   2.9290e+02
20260825_22:00:00   5.7547e-01   1.2830e+02   5.8628e+01   3.1180e-07   3.5806e-01   2.9233e+02
20260825_23:00:00   5.7516e-01   1.2830e+02   5.8493e+01   5.1200e-05   2.0533e-01   2.9205e+02
20260826_00:00:00   5.6271e-01   1.2630e+02   5.7314e+01   1.3539e-04   8.0937e-02   2.9218e+02
20260826_01:00:00   5.4900e-01   1.2418e+02   5.5499e+01   7.9680e-04   1.7206e-02   2.9324e+02
20260826_02:00:00   5.4503e-01   1.2356e+02   5.4548e+01   3.7342e-03   7.4679e-03   2.9228e+02
20260826_03:00:00   5.4497e-01   1.2370e+02   5.4345e+01   1.6928e-04   1.1950e-03   2.9254e+02
20260826_04:00:00   5.3571e-01   1.2222e+02   5.3240e+01   4.5040e-06   8.7448e-04   2.9358e+02
20260826_05:00:00   5.2208e-01   1.1999e+02   5.1496e+01   4.2640e-04   4.7192e-04   2.9402e+02
20260826_06:00:00   5.0308e-01   1.1673e+02   4.9072e+01   1.8514e-03   6.2421e-04   2.9313e+02
20260826_07:00:00   4.7653e-01   1.1207e+02   4.5146e+01   1.8816e-02   1.1426e-05   2.9409e+02
20260826_08:00:00   4.7574e-01   1.1203e+02   4.1926e+01   5.9816e-02   5.7161e-06   2.9361e+02
20260826_09:00:00   4.8552e-01   1.1386e+02   4.0712e+01   8.7108e-02   0.0000e+00   2.9117e+02
20260826_10:00:00   4.3536e-01   1.0460e+02   3.9868e+01   3.7360e-02   0.0000e+00   2.8971e+02
20260826_11:00:00   4.6287e-01   1.0973e+02   4.0105e+01   6.6490e-02   0.0000e+00   2.9003e+02
20260826_12:00:00   4.7814e-01   1.1251e+02   4.0327e+01   8.1070e-02   0.0000e+00   2.9169e+02
20260826_13:00:00   4.6769e-01   1.1060e+02   4.0965e+01   5.9130e-02   0.0000e+00   2.9090e+02
20260826_14:00:00   4.3737e-01   1.0501e+02   4.0650e+01   2.5005e-02   0.0000e+00   2.9061e+02
20260826_15:00:00   4.1017e-01   9.9835e+01   3.9809e+01   2.3384e-03   0.0000e+00   2.8941e+02
20260826_16:00:00   4.1171e-01   1.0015e+02   4.0008e+01   0.0000e+00   0.0000e+00   2.8921e+02
20260826_17:00:00   4.3308e-01   1.0416e+02   4.2045e+01   1.7221e-05   0.0000e+00   2.9059e+02
20260826_18:00:00   4.5368e-01   1.0795e+02   4.4117e+01   3.0420e-04   0.0000e+00   2.9071e+02
20260826_21:00:00   5.0222e-01   1.1655e+02   4.9365e+01   1.6157e-04   0.0000e+00   2.8966e+02
20260827_00:00:00   5.0764e-01   1.1736e+02   5.0716e+01   1.2792e-03   0.0000e+00   2.8973e+02
20260827_03:00:00   5.1132e-01   1.1805e+02   5.0573e+01   3.9920e-05   0.0000e+00   2.8750e+02
20260827_06:00:00   4.1282e-01   1.0033e+02   3.9871e+01   4.9530e-06   0.0000e+00   2.8633e+02
20260827_09:00:00   3.7812e-01   9.3461e+01   3.6209e+01   6.4160e-06   0.0000e+00   2.8788e+02
20260827_12:00:00   4.9121e-01   1.1459e+02   4.6052e+01   1.1838e-02   0.0000e+00   2.8578e+02
20260827_15:00:00   5.3456e-01   1.2183e+02   5.3079e+01   1.4814e-03   8.8398e-04   2.8744e+02
20260827_18:00:00   4.2493e-01   1.0262e+02   4.1987e+01   5.7130e-05   1.0677e-02   2.9094e+02
20260827_21:00:00   3.4051e-01   8.6078e+01   3.2613e+01   9.7970e-05   2.4875e-03   2.9168e+02
20260828_00:00:00   4.2098e-01   1.0183e+02   4.0096e+01   6.7380e-05   8.3820e-04   2.9143e+02
20260828_03:00:00   4.9571e-01   1.1562e+02   4.1921e+01   8.2098e-02   1.3268e-04   2.9341e+02
20260828_06:00:00   4.2428e-01   1.0249e+02   4.0524e+01   9.2710e-03   0.0000e+00   2.9255e+02
20260828_09:00:00   3.7302e-01   9.2404e+01   3.7516e+01   7.2197e-05   9.4040e-04   2.9350e+02
20260828_12:00:00   4.7492e-01   1.1198e+02   4.5542e+01   3.1638e-04   5.7140e-04   2.9367e+02
20260828_15:00:00   5.2728e-01   1.2123e+02   5.0206e+01   9.6770e-04   1.6668e-03   2.9635e+02
20260828_18:00:00   5.2597e-01   1.2099e+02   5.1012e+01   3.3230e-03   7.8301e-04   2.9433e+02
20260828_21:00:00   5.1620e-01   1.1912e+02   5.1089e+01   0.0000e+00   2.1319e-05   2.9242e+02
20260829_00:00:00   5.7685e-01   1.2931e+02   5.6043e+01   3.0500e-05   2.2740e-04   2.9159e+02
20260829_03:00:00   5.6044e-01   1.2671e+02   5.4281e+01   2.5460e-05   1.0128e-04   2.9356e+02
20260829_06:00:00   5.3680e-01   1.2267e+02   5.2500e+01   5.0660e-04   2.1164e-04   2.9345e+02
20260829_09:00:00   5.0536e-01   1.1728e+02   4.9511e+01   9.9060e-05   3.5940e-06   2.9315e+02
20260829_12:00:00   5.3602e-01   1.2262e+02   5.1357e+01   4.4366e-03   3.4160e-06   2.9168e+02
20260829_15:00:00   5.4856e-01   1.2474e+02   5.3028e+01   2.2526e-03   1.9794e-04   2.9254e+02
20260829_18:00:00   5.4681e-01   1.2443e+02   5.2966e+01   2.1250e-03   5.3020e-04   2.9193e+02
20260829_21:00:00   5.2865e-01   1.2144e+02   5.0533e+01   5.1362e-03   3.9720e-05   2.9394e+02
20260830_00:00:00   4.3134e-01   1.0394e+02   4.2248e+01   3.2700e-05   0.0000e+00   2.9317e+02
20260830_03:00:00   4.0368e-01   9.8657e+01   3.9934e+01   1.1801e-04   0.0000e+00   2.9090e+02
20260830_06:00:00   4.2384e-01   1.0237e+02   4.1965e+01   1.6840e-04   0.0000e+00   2.8972e+02
20260830_09:00:00   4.6169e-01   1.0933e+02   4.4935e+01   1.0537e-03   3.5360e-07   2.9025e+02
20260830_12:00:00   4.0329e-01   9.8342e+01   3.9721e+01   6.1830e-03   0.0000e+00   2.9111e+02
20260830_15:00:00   4.4615e-01   1.0662e+02   4.3193e+01   7.4151e-03   0.0000e+00   2.9329e+02
20260830_18:00:00   4.2711e-01   1.0302e+02   4.2004e+01   5.4990e-03   0.0000e+00   2.9250e+02
20260830_21:00:00   4.1884e-01   1.0134e+02   4.1495e+01   3.6440e-03   0.0000e+00   2.9194e+02
20260831_00:00:00   4.0524e-01   9.8691e+01   4.0245e+01   1.1893e-03   0.0000e+00   2.9207e+02
20260831_03:00:00   4.2099e-01   1.0180e+02   4.0367e+01   1.0556e-02   0.0000e+00   2.9256e+02
20260831_06:00:00   4.3612e-01   1.0474e+02   4.1723e+01   6.0615e-05   0.0000e+00   2.9201e+02
20260831_09:00:00   3.8855e-01   9.5623e+01   3.7585e+01   0.0000e+00   0.0000e+00   2.8986e+02
20260831_12:00:00   4.0905e-01   9.9756e+01   3.8983e+01   0.0000e+00   0.0000e+00   2.9163e+02
20260831_15:00:00   4.5791e-01   1.0900e+02   4.3235e+01   3.9234e-03   0.0000e+00   2.9025e+02
20260831_18:00:00   4.4484e-01   1.0649e+02   4.3268e+01   0.0000e+00   0.0000e+00   2.9012e+02
20260831_21:00:00   4.4460e-01   1.0650e+02   4.2124e+01   1.5428e-02   0.0000e+00   2.9089e+02
20260901_00:00:00   4.4519e-01   1.0650e+02   4.3238e+01   0.0000e+00   0.0000e+00   2.9007e+02
20260901_03:00:00   4.3315e-01   1.0424e+02   4.2200e+01   0.0000e+00   0.0000e+00   2.9185e+02
20260901_06:00:00   4.3056e-01   1.0367e+02   4.1755e+01   0.0000e+00   0.0000e+00   2.9018e+02
20260901_09:00:00   4.1519e-01   1.0070e+02   4.0563e+01   0.0000e+00   0.0000e+00   2.8572e+02
20260901_12:00:00   4.0665e-01   9.9069e+01   4.0015e+01   5.2480e-04   7.3120e-06   2.8751e+02
20260901_15:00:00   4.0046e-01   9.8095e+01   3.9382e+01   0.0000e+00   7.2260e-06   2.9023e+02
20260901_18:00:00   4.2798e-01   1.0331e+02   4.1651e+01   1.6767e-03   5.0080e-06   2.9186e+02
20260901_21:00:00   4.2347e-01   1.0249e+02   4.1206e+01   5.0481e-03   7.5040e-05   2.8792e+02
20260902_00:00:00   4.3381e-01   1.0447e+02   4.0437e+01   1.8168e-02   0.0000e+00   2.8892e+02
20260902_03:00:00   4.1621e-01   1.0107e+02   4.0142e+01   1.9964e-04   0.0000e+00   2.8848e+02
20260902_06:00:00   4.1575e-01   1.0094e+02   3.9885e+01   3.3330e-04   3.3720e-05   2.8616e+02
20260902_09:00:00   3.8582e-01   9.5202e+01   3.6664e+01   1.7923e-06   0.0000e+00   2.8435e+02
20260902_12:00:00   3.3537e-01   8.5154e+01   3.1697e+01   0.0000e+00   2.6880e-04   2.8855e+02
20260902_15:00:00   3.4240e-01   8.6710e+01   3.2502e+01   0.0000e+00   0.0000e+00   2.8774e+02
20260902_18:00:00   3.6133e-01   9.0510e+01   3.4744e+01   0.0000e+00   0.0000e+00   2.8516e+02
20260902_21:00:00   3.7399e-01   9.3061e+01   3.6109e+01   0.0000e+00   0.0000e+00   2.8679e+02
20260903_00:00:00   4.2307e-01   1.0246e+02   4.1080e+01   0.0000e+00   0.0000e+00   2.8528e+02
20260903_03:00:00   4.5628e-01   1.0839e+02   4.5133e+01   0.0000e+00   0.0000e+00   2.8346e+02
20260903_06:00:00   4.5577e-01   1.0823e+02   4.5378e+01   3.3020e-05   0.0000e+00   2.8324e+02
20260903_09:00:00   4.7034e-01   1.1092e+02   4.6482e+01   1.7414e-03   0.0000e+00   2.8188e+02
20260903_12:00:00   5.2389e-01   1.2046e+02   5.1018e+01   1.2626e-03   0.0000e+00   2.8710e+02
20260903_15:00:00   4.5140e-01   1.0758e+02   4.5643e+01   0.0000e+00   0.0000e+00   2.8788e+02
20260903_18:00:00   5.2022e-01   1.2008e+02   5.0195e+01   1.0731e-03   0.0000e+00   2.8690e+02
20260903_21:00:00   4.7745e-01   1.1227e+02   4.7803e+01   2.5449e-03   0.0000e+00   2.8445e+02
20260904_00:00:00   4.1993e-01   1.0177e+02   4.1302e+01   4.4520e-06   0.0000e+00   2.8288e+02
20260904_03:00:00   5.3132e-01   1.2201e+02   4.5878e+01   7.1577e-02   0.0000e+00   2.8309e+02
20260904_06:00:00   4.6137e-01   1.0950e+02   4.4469e+01   8.7318e-04   0.0000e+00   2.8123e+02
20260904_09:00:00   5.0355e-01   1.1683e+02   4.9179e+01   1.5400e-04   0.0000e+00   2.8288e+02
20260904_12:00:00   4.9713e-01   1.1575e+02   4.9079e+01   0.0000e+00   0.0000e+00   2.8389e+02
20260904_15:00:00   5.0724e-01   1.1760e+02   4.9881e+01   6.2220e-04   1.0108e-05   2.8417e+02
20260904_18:00:00   5.1950e-01   1.1967e+02   5.1242e+01   1.1180e-03   0.0000e+00   2.8484e+02
20260904_21:00:00   4.2446e-01   1.0235e+02   4.3773e+01   0.0000e+00   0.0000e+00   2.8372e+02
20260905_00:00:00   5.2872e-01   1.2109e+02   5.2231e+01   9.3080e-05   3.2751e-05   2.8466e+02
20260905_03:00:00   4.4296e-01   1.0577e+02   4.5156e+01   0.0000e+00   0.0000e+00   2.8556e+02
20260905_06:00:00   4.8301e-01   1.1308e+02   4.8000e+01   6.8960e-06   0.0000e+00   2.8593e+02
20260905_09:00:00   4.9515e-01   1.1528e+02   4.8900e+01   7.4870e-06   3.5360e-07   2.8588e+02
20260905_12:00:00   5.1759e-01   1.1902e+02   5.1572e+01   1.2789e-05   9.3122e-05   2.8812e+02
20260905_15:00:00   5.0393e-01   1.1679e+02   5.0291e+01   5.2253e-04   4.3287e-05   2.9000e+02
20260905_18:00:00   5.1949e-01   1.1956e+02   5.1237e+01   2.9720e-04   6.4723e-04   2.8987e+02
20260905_21:00:00   5.1881e-01   1.1952e+02   5.1118e+01   9.1427e-05   2.7391e-05   2.9166e+02
20260906_00:00:00   4.3038e-01   1.0355e+02   4.3555e+01   0.0000e+00   8.5041e-05   2.8943e+02
20260906_03:00:00   4.6505e-01   1.1003e+02   4.5512e+01   3.7493e-05   3.3420e-05   2.9350e+02
20260906_06:00:00   5.0781e-01   1.1772e+02   4.8027e+01   1.3259e-02   2.3760e-05   2.9100e+02
20260906_09:00:00   4.4900e-01   1.0701e+02   4.3304e+01   1.1326e-02   9.2223e-06   2.9014e+02
20260906_12:00:00   4.6401e-01   1.0989e+02   4.5025e+01   2.5140e-04   4.7120e-05   2.8811e+02
20260906_15:00:00   4.5966e-01   1.0924e+02   4.4312e+01   2.2292e-03   0.0000e+00   2.9013e+02
20260906_18:00:00   4.1676e-01   1.0109e+02   4.2147e+01   0.0000e+00   9.4280e-05   2.8999e+02
