#            date       tau255        Tb[K]      pwv[mm] lwp[kg*m^-2] iwp[kg*m^-2]       o3[DU]
20260813_00:00:00   5.2111e-01   1.2011e+02   5.1423e+01   0.0000e+00   1.0687e-04   2.8854e+02
20260813_01:00:00   5.0262e-01   1.1702e+02   4.9131e+01   0.0000e+00   1.2733e-04   2.9107e+02
20260813_02:00:00   4.7741e-01   1.1268e+02   4.6174e+01   0.0000e+00   2.2880e-04   2.9215e+02
20260813_03:00:00   4.6319e-01   1.1015e+02   4.4446e+01   0.0000e+00   1.9166e-04   2.9042e+02
20260813_04:00:00   4.5038e-01   1.0783e+02   4.3095e+01   0.0000e+00   3.9620e-05   2.8695e+02
20260813_05:00:00   4.4420e-01   1.0669e+02   4.2330e+01   0.0000e+00   1.8992e-05   2.8454e+02
20260813_06:00:00   4.3852e-01   1.0560e+02   4.1511e+01   0.0000e+00   3.2594e-04   2.8627e+02
20260813_07:00:00   4.3303e-01   1.0458e+02   4.0297e+01   2.5260e-03   1.8718e-03   2.8832e+02
20260813_08:00:00   4.1898e-01   1.0191e+02   3.8017e+01   1.3610e-02   2.9527e-03   2.9004e+02
20260813_09:00:00   4.3444e-01   1.0493e+02   3.5123e+01   7.1561e-02   3.2630e-03   2.8968e+02
20260813_10:00:00   4.0452e-01   9.9165e+01   3.2315e+01   6.7583e-02   4.2470e-03   2.9030e+02
20260813_11:00:00   3.2354e-01   8.2695e+01   2.9485e+01   7.3975e-04   4.7987e-03   2.9337e+02
20260813_12:00:00   3.0399e-01   7.8525e+01   2.7525e+01   0.0000e+00   5.1736e-03   2.9640e+02
20260813_13:00:00   3.1816e-01   8.1596e+01   2.8432e+01   0.0000e+00   5.9740e-03   2.9861e+02
20260813_14:00:00   3.3149e-01   8.4404e+01   2.9626e+01   5.8440e-05   5.0917e-03   2.9917e+02
20260813_15:00:00   3.2569e-01   8.3218e+01   2.9387e+01   8.0190e-07   3.6295e-03   2.9773e+02
20260813_16:00:00   3.2496e-01   8.3032e+01   2.9483e+01   1.5121e-05   2.7554e-03   2.9594e+02
20260813_17:00:00   3.3129e-01   8.4364e+01   3.0127e+01   1.1947e-06   2.9306e-03   2.9855e+02
20260813_18:00:00   3.3580e-01   8.5306e+01   3.0770e+01   1.2510e-04   2.6283e-03   2.9911e+02
20260813_19:00:00   3.4307e-01   8.6781e+01   3.1957e+01   1.3365e-07   8.9558e-04   2.9958e+02
20260813_20:00:00   3.5129e-01   8.8458e+01   3.3134e+01   0.0000e+00   6.0811e-04   2.9900e+02
20260813_21:00:00   3.6783e-01   9.1799e+01   3.4705e+01   0.0000e+00   2.5222e-03   2.9604e+02
20260813_22:00:00   3.6821e-01   9.1866e+01   3.4731e+01   0.0000e+00   5.0613e-03   2.9467e+02
20260813_23:00:00   3.7713e-01   9.3645e+01   3.4914e+01   2.2726e-03   4.7414e-03   2.9587e+02
20260814_00:00:00   3.7305e-01   9.2852e+01   3.4265e+01   6.0990e-04   5.6592e-03   2.9473e+02
20260814_01:00:00   3.6681e-01   9.1600e+01   3.3480e+01   5.3290e-04   8.4560e-03   2.9210e+02
20260814_02:00:00   3.6145e-01   9.0477e+01   3.2821e+01   2.9070e-03   1.4097e-02   2.9226e+02
20260814_03:00:00   3.6023e-01   9.0220e+01   3.2412e+01   4.7780e-03   1.9599e-02   2.9374e+02
20260814_04:00:00   3.4434e-01   8.6963e+01   3.0991e+01   1.7701e-03   1.7207e-02   2.9489e+02
20260814_05:00:00   3.5040e-01   8.8220e+01   3.0083e+01   1.7855e-02   1.3410e-02   2.9404e+02
20260814_06:00:00   3.8937e-01   9.5997e+01   3.1547e+01   5.7481e-02   1.4980e-02   2.9428e+02
20260814_07:00:00   4.0754e-01   9.9510e+01   3.2599e+01   7.2750e-02   1.5550e-02   2.9435e+02
20260814_08:00:00   3.7051e-01   9.2189e+01   3.3186e+01   1.3689e-02   1.1605e-02   2.9524e+02
20260814_09:00:00   3.5371e-01   8.8763e+01   3.2538e+01   2.6084e-03   1.0152e-02   2.9209e+02
20260814_10:00:00   3.5526e-01   8.9095e+01   3.2544e+01   2.9683e-03   1.1886e-02   2.9117e+02
20260814_11:00:00   3.4798e-01   8.7645e+01   3.2385e+01   0.0000e+00   1.6409e-02   2.8882e+02
20260814_12:00:00   3.5427e-01   8.8914e+01   3.3316e+01   1.0328e-04   4.1756e-02   2.8947e+02
20260814_13:00:00   3.8779e-01   9.5553e+01   3.6173e+01   5.7200e-03   1.2241e-01   2.9091e+02
20260814_14:00:00   3.9887e-01   9.7753e+01   3.6982e+01   8.2220e-03   2.3729e-01   2.9376e+02
20260814_15:00:00   3.9693e-01   9.7496e+01   3.6640e+01   6.3860e-03   1.6036e-01   2.9652e+02
20260814_16:00:00   3.7311e-01   9.2923e+01   3.4987e+01   0.0000e+00   5.6407e-02   2.9572e+02
20260814_17:00:00   3.8797e-01   9.5948e+01   3.5864e+01   0.0000e+00   1.6198e-02   2.9353e+02
20260814_18:00:00   3.8544e-01   9.5489e+01   3.5498e+01   0.0000e+00   2.9034e-02   2.9158e+02
20260814_19:00:00   3.8720e-01   9.5822e+01   3.5553e+01   2.4620e-04   8.9225e-02   2.9356e+02
20260814_20:00:00   3.9601e-01   9.7551e+01   3.6118e+01   0.0000e+00   6.5539e-02   2.9204e+02
20260814_21:00:00   4.0563e-01   9.9426e+01   3.6669e+01   0.0000e+00   6.5552e-03   2.9448e+02
20260814_22:00:00   3.9729e-01   9.7798e+01   3.5970e+01   0.0000e+00   2.7074e-04   2.9454e+02
20260814_23:00:00   3.9301e-01   9.6930e+01   3.5563e+01   0.0000e+00   9.4320e-05   2.9410e+02
20260815_00:00:00   3.9169e-01   9.6661e+01   3.5285e+01   0.0000e+00   2.4600e-04   2.9127e+02
20260815_01:00:00   3.8865e-01   9.6050e+01   3.4808e+01   0.0000e+00   3.4860e-04   2.9117e+02
20260815_02:00:00   3.9160e-01   9.6624e+01   3.4886e+01   2.2457e-05   9.2440e-05   2.9229e+02
20260815_03:00:00   3.9555e-01   9.7357e+01   3.5041e+01   0.0000e+00   7.0080e-06   2.9472e+02
20260815_04:00:00   3.8964e-01   9.6170e+01   3.4573e+01   1.1310e-04   0.0000e+00   2.9371e+02
20260815_05:00:00   3.8562e-01   9.5382e+01   3.4049e+01   1.8212e-04   0.0000e+00   2.9058e+02
20260815_06:00:00   3.9125e-01   9.6484e+01   3.4155e+01   1.1916e-03   0.0000e+00   2.8818e+02
20260815_07:00:00   3.9569e-01   9.7311e+01   3.4623e+01   1.5420e-03   0.0000e+00   2.8943e+02
20260815_08:00:00   3.9278e-01   9.6712e+01   3.4626e+01   2.5258e-03   0.0000e+00   2.9096e+02
20260815_09:00:00   3.9412e-01   9.6978e+01   3.4871e+01   2.4167e-03   0.0000e+00   2.9141e+02
20260815_10:00:00   3.7763e-01   9.3719e+01   3.3559e+01   2.4854e-03   0.0000e+00   2.9215e+02
20260815_11:00:00   3.6501e-01   9.1145e+01   3.2795e+01   5.3350e-04   0.0000e+00   2.9465e+02
20260815_12:00:00   3.6611e-01   9.1392e+01   3.3054e+01   1.7355e-05   0.0000e+00   2.9321e+02
20260815_13:00:00   3.6296e-01   9.0780e+01   3.2773e+01   0.0000e+00   0.0000e+00   2.9423e+02
20260815_14:00:00   3.5715e-01   8.9586e+01   3.2408e+01   2.6025e-05   0.0000e+00   2.9404e+02
20260815_15:00:00   3.5023e-01   8.8183e+01   3.1995e+01   1.6036e-06   0.0000e+00   2.9467e+02
20260815_16:00:00   3.4094e-01   8.6278e+01   3.1356e+01   3.6060e-06   0.0000e+00   2.9492e+02
20260815_17:00:00   3.5259e-01   8.8627e+01   3.2799e+01   2.2724e-06   0.0000e+00   2.9478e+02
20260815_18:00:00   3.9628e-01   9.7246e+01   3.7265e+01   0.0000e+00   0.0000e+00   2.9316e+02
20260815_19:00:00   4.1167e-01   1.0023e+02   3.8662e+01   3.5230e-04   0.0000e+00   2.9437e+02
20260815_20:00:00   4.0211e-01   9.8408e+01   3.8033e+01   0.0000e+00   0.0000e+00   2.9367e+02
20260815_21:00:00   3.9628e-01   9.7295e+01   3.7626e+01   0.0000e+00   0.0000e+00   2.9335e+02
20260815_22:00:00   4.0374e-01   9.8742e+01   3.8157e+01   0.0000e+00   0.0000e+00   2.9205e+02
20260815_23:00:00   4.1102e-01   1.0014e+02   3.8708e+01   0.0000e+00   0.0000e+00   2.9156e+02
20260816_00:00:00   4.2526e-01   1.0282e+02   4.0137e+01   0.0000e+00   0.0000e+00   2.9256e+02
20260816_01:00:00   4.5179e-01   1.0774e+02   4.2553e+01   1.0994e-04   0.0000e+00   2.9430e+02
20260816_02:00:00   4.6355e-01   1.0984e+02   4.3963e+01   1.3360e-04   0.0000e+00   2.9486e+02
20260816_03:00:00   4.8254e-01   1.1310e+02   4.6080e+01   1.0491e-05   0.0000e+00   2.9499e+02
20260816_04:00:00   5.0893e-01   1.1758e+02   4.8709e+01   6.9340e-05   0.0000e+00   2.9346e+02
20260816_05:00:00   5.4625e-01   1.2375e+02   5.1761e+01   3.7933e-03   0.0000e+00   2.9120e+02
20260816_06:00:00   5.5823e-01   1.2570e+02   5.2475e+01   1.1865e-02   0.0000e+00   2.8950e+02
20260816_07:00:00   5.5774e-01   1.2562e+02   5.2641e+01   1.0176e-02   0.0000e+00   2.9007e+02
20260816_08:00:00   5.5977e-01   1.2592e+02   5.3426e+01   4.3704e-03   0.0000e+00   2.9086e+02
20260816_09:00:00   5.6870e-01   1.2736e+02   5.4253e+01   8.7177e-03   2.6440e-04   2.9125e+02
20260816_10:00:00   5.6680e-01   1.2709e+02   5.4419e+01   3.3869e-03   1.5254e-04   2.9230e+02
20260816_11:00:00   5.7069e-01   1.2772e+02   5.4988e+01   2.5417e-03   5.4860e-04   2.9299e+02
20260816_12:00:00   5.8956e-01   1.3076e+02   5.6304e+01   9.1592e-03   2.9200e-04   2.9451e+02
20260816_13:00:00   5.9130e-01   1.3107e+02   5.6987e+01   3.4026e-03   5.3976e-04   2.9685e+02
20260816_14:00:00   5.9987e-01   1.3246e+02   5.7374e+01   9.8210e-03   1.0100e-03   2.9806e+02
20260816_15:00:00   5.9587e-01   1.3178e+02   5.7722e+01   3.9100e-03   1.6502e-03   2.9840e+02
20260816_16:00:00   5.9803e-01   1.3210e+02   5.7987e+01   3.3487e-03   1.4662e-03   2.9807e+02
20260816_17:00:00   6.0504e-01   1.3313e+02   5.8779e+01   2.8279e-03   1.9766e-03   2.9971e+02
20260816_18:00:00   6.1012e-01   1.3389e+02   5.9252e+01   4.0561e-03   2.3344e-03   3.0118e+02
20260816_19:00:00   6.1387e-01   1.3441e+02   5.9759e+01   2.8188e-03   2.5065e-03   3.0152e+02
20260816_20:00:00   6.3414e-01   1.3738e+02   5.9957e+01   2.2925e-02   2.5137e-03   3.0237e+02
20260816_21:00:00   6.3196e-01   1.3702e+02   5.9310e+01   2.5547e-02   3.6274e-03   3.0275e+02
20260816_22:00:00   6.0876e-01   1.3361e+02   5.9007e+01   2.9640e-04   2.5591e-03   3.0286e+02
20260816_23:00:00   6.1174e-01   1.3407e+02   5.9140e+01   2.6360e-03   3.7061e-03   3.0137e+02
20260817_00:00:00   6.0600e-01   1.3321e+02   5.8322e+01   6.1151e-03   3.7422e-03   2.9919e+02
20260817_01:00:00   5.8370e-01   1.2969e+02   5.6696e+01   2.3926e-03   4.5999e-03   2.9956e+02
20260817_02:00:00   5.6914e-01   1.2727e+02   5.5901e+01   4.0096e-06   5.4696e-03   2.9765e+02
20260817_03:00:00   5.6041e-01   1.2584e+02   5.5078e+01   0.0000e+00   1.3532e-02   2.9752e+02
20260817_04:00:00   5.4423e-01   1.2324e+02   5.3318e+01   0.0000e+00   2.9969e-02   2.9799e+02
20260817_05:00:00   5.3331e-01   1.2143e+02   5.2273e+01   0.0000e+00   5.8646e-02   2.9836e+02
20260817_06:00:00   5.2973e-01   1.2081e+02   5.1751e+01   3.2070e-03   4.1654e-02   2.9719e+02
20260817_07:00:00   5.2087e-01   1.1932e+02   5.0975e+01   3.2600e-04   2.2391e-02   2.9594e+02
20260817_08:00:00   5.5339e-01   1.2487e+02   5.0930e+01   3.9668e-02   1.4051e-02   2.9545e+02
20260817_09:00:00   6.4652e-01   1.3989e+02   5.1009e+01   1.6279e-01   1.6724e-03   2.9536e+02
20260817_10:00:00   6.7004e-01   1.4347e+02   5.1193e+01   1.9345e-01   1.3959e-03   2.9391e+02
20260817_11:00:00   5.6802e-01   1.2738e+02   5.1208e+01   6.0544e-02   1.5705e-02   2.9457e+02
20260817_12:00:00   5.1195e-01   1.1786e+02   5.0558e+01   2.0912e-03   5.7741e-02   2.9754e+02
20260817_13:00:00   5.0198e-01   1.1604e+02   5.0187e+01   1.3365e-06   1.1182e-01   2.9809e+02
20260817_14:00:00   5.0160e-01   1.1596e+02   5.0452e+01   7.5300e-06   6.4956e-02   2.9717e+02
20260817_15:00:00   5.1533e-01   1.1838e+02   5.1866e+01   1.0086e-04   2.6823e-02   2.9728e+02
20260817_16:00:00   5.4696e-01   1.2374e+02   5.4592e+01   1.0911e-04   7.1546e-03   2.9639e+02
20260817_17:00:00   5.7429e-01   1.2817e+02   5.6797e+01   3.3098e-03   4.2303e-03   2.9719e+02
20260817_18:00:00   5.8402e-01   1.2957e+02   5.8354e+01   5.9476e-04   4.1166e-03   2.9621e+02
20260817_19:00:00   5.9880e-01   1.3171e+02   5.9676e+01   7.2075e-03   3.6633e-03   2.9641e+02
20260817_20:00:00   6.9625e-01   1.4546e+02   6.0948e+01   1.0765e-01   4.7249e-03   2.9561e+02
20260817_21:00:00   6.5159e-01   1.3907e+02   6.0792e+01   6.7006e-02   1.3889e-02   2.9322e+02
20260817_22:00:00   6.0402e-01   1.3205e+02   6.0113e+01   2.7373e-02   1.4230e-01   2.9354e+02
20260817_23:00:00   6.0572e-01   1.3253e+02   6.0312e+01   2.1533e-02   2.7593e-01   2.9388e+02
20260818_00:00:00   6.8900e-01   1.4446e+02   5.9760e+01   1.1792e-01   2.1623e-01   2.9358e+02
20260818_03:00:00   6.2687e-01   1.3539e+02   5.5988e+01   9.6640e-02   1.1246e-01   2.9353e+02
20260818_06:00:00   4.6018e-01   1.0838e+02   4.7524e+01   1.0361e-04   1.4457e-02   2.9241e+02
20260818_09:00:00   4.6106e-01   1.0851e+02   4.7075e+01   6.1156e-03   4.2513e-03   2.8902e+02
20260818_12:00:00   4.9059e-01   1.1383e+02   5.0147e+01   1.2599e-03   4.4108e-02   2.8770e+02
20260818_15:00:00   5.2091e-01   1.1925e+02   5.2656e+01   6.7030e-04   1.4678e-01   2.8889e+02
20260818_18:00:00   4.9145e-01   1.1416e+02   5.0275e+01   2.1704e-05   1.3042e-01   2.8781e+02
20260818_21:00:00   5.1111e-01   1.1766e+02   5.1593e+01   6.1640e-04   3.3955e-02   2.8595e+02
20260819_00:00:00   5.1091e-01   1.1774e+02   5.1145e+01   3.9620e-05   8.6878e-03   2.8383e+02
20260819_03:00:00   4.9113e-01   1.1434e+02   4.9252e+01   0.0000e+00   5.2041e-05   2.8789e+02
20260819_06:00:00   4.8573e-01   1.1336e+02   4.8371e+01   6.3900e-05   1.6466e-03   2.8448e+02
20260819_09:00:00   5.1296e-01   1.1821e+02   4.8146e+01   3.2458e-02   7.5815e-06   2.8565e+02
20260819_12:00:00   4.8429e-01   1.1333e+02   4.6424e+01   1.6537e-02   8.9100e-08   2.8919e+02
20260819_15:00:00   4.7490e-01   1.1180e+02   4.6198e+01   2.6185e-03   1.4228e-06   2.9101e+02
20260819_18:00:00   4.8030e-01   1.1280e+02   4.6920e+01   1.5541e-03   7.6433e-04   2.9126e+02
20260819_21:00:00   4.8655e-01   1.1397e+02   4.7158e+01   6.6540e-06   1.7826e-03   2.8950e+02
20260820_00:00:00   4.8134e-01   1.1307e+02   4.6624e+01   6.7960e-05   4.8368e-03   2.9092e+02
20260820_03:00:00   4.8664e-01   1.1403e+02   4.7069e+01   0.0000e+00   4.2300e-03   2.9504e+02
20260820_06:00:00   4.7801e-01   1.1229e+02   4.6658e+01   2.3880e-06   5.3798e-03   2.9540e+02
20260820_09:00:00   4.7753e-01   1.1218e+02   4.7308e+01   2.0780e-03   1.2027e-03   2.9333e+02
20260820_12:00:00   5.0969e-01   1.1779e+02   5.0205e+01   0.0000e+00   4.6547e-04   2.9671e+02
20260820_15:00:00   5.2802e-01   1.2097e+02   5.2215e+01   3.8430e-04   1.1670e-03   2.9721e+02
20260820_18:00:00   5.3085e-01   1.2143e+02   5.2642e+01   1.7404e-03   1.8926e-03   2.9692e+02
20260820_21:00:00   5.8946e-01   1.3100e+02   5.7556e+01   5.2300e-04   1.7455e-03   2.9304e+02
20260821_00:00:00   6.6058e-01   1.4228e+02   5.8650e+01   7.8090e-02   2.8381e-03   2.9532e+02
20260821_03:00:00   6.5355e-01   1.4143e+02   5.9607e+01   5.1115e-02   1.7625e-04   2.9728e+02
20260821_06:00:00   6.1439e-01   1.3448e+02   6.1543e+01   5.9900e-06   8.5458e-03   2.9491e+02
20260821_09:00:00   5.9628e-01   1.3120e+02   6.0974e+01   1.0964e-05   4.5260e-02   2.9184e+02
20260821_12:00:00   9.9133e-01   1.7957e+02   6.1492e+01   4.3724e-01   8.1693e-01   2.9193e+02
20260821_15:00:00   5.7851e-01   1.2767e+02   5.5825e+01   4.4240e-02   7.7897e-01   2.9598e+02
20260821_18:00:00   6.4414e-01   1.3786e+02   5.7359e+01   9.0321e-02   3.1265e-01   2.9435e+02
20260821_21:00:00   5.1991e-01   1.1862e+02   5.3731e+01   8.8420e-08   3.4405e-01   2.9631e+02
20260822_00:00:00   5.5327e-01   1.2440e+02   5.5558e+01   4.2320e-03   3.6012e-01   2.9943e+02
20260822_03:00:00   5.5303e-01   1.2417e+02   5.4272e+01   2.0139e-02   4.1746e-03   2.9801e+02
20260822_06:00:00   5.0280e-01   1.1540e+02   5.0794e+01   1.5644e-02   3.4665e-04   2.9604e+02
20260822_09:00:00   5.0690e-01   1.1648e+02   5.1542e+01   0.0000e+00   0.0000e+00   2.9482e+02
20260822_12:00:00   4.7798e-01   1.1150e+02   4.8785e+01   4.6340e-07   3.3700e-06   2.9553e+02
20260822_15:00:00   4.3285e-01   1.0327e+02   4.5280e+01   0.0000e+00   0.0000e+00   2.9863e+02
20260822_18:00:00   4.8003e-01   1.1210e+02   4.8270e+01   9.6405e-04   0.0000e+00   2.9624e+02
20260822_21:00:00   4.8826e-01   1.1359e+02   4.9088e+01   2.5800e-03   4.5600e-04   2.9285e+02
20260823_00:00:00   5.1848e-01   1.1876e+02   5.2038e+01   5.7920e-07   2.1678e-04   2.9206e+02
20260823_03:00:00   5.2288e-01   1.1945e+02   5.2724e+01   8.1410e-06   4.7318e-05   2.9163e+02
20260823_06:00:00   4.8500e-01   1.1282e+02   4.9660e+01   0.0000e+00   2.6558e-04   2.9144e+02
20260823_09:00:00   4.9941e-01   1.1536e+02   5.0849e+01   1.8270e-04   4.1067e-05   2.9008e+02
20260823_12:00:00   4.6902e-01   1.1003e+02   4.7981e+01   5.4220e-04   1.7820e-07   2.8957e+02
20260823_15:00:00   4.7886e-01   1.1205e+02   4.7878e+01   2.7945e-03   4.0620e-04   2.9100e+02
20260823_18:00:00   4.2993e-01   1.0322e+02   4.3222e+01   0.0000e+00   3.7000e-04   2.8817e+02
20260823_21:00:00   5.0152e-01   1.1638e+02   4.8568e+01   7.0640e-04   9.8025e-04   2.8769e+02
20260824_00:00:00   4.0536e-01   9.8643e+01   4.0403e+01   0.0000e+00   1.5388e-05   2.8770e+02
20260824_03:00:00   4.6491e-01   1.0991e+02   4.4926e+01   2.8649e-05   0.0000e+00   2.8783e+02
20260824_06:00:00   4.8084e-01   1.1285e+02   4.5693e+01   8.0160e-05   2.7481e-05   2.8531e+02
20260824_09:00:00   4.8993e-01   1.1441e+02   4.6614e+01   2.9600e-04   6.5780e-05   2.8778e+02
20260824_12:00:00   4.3318e-01   1.0401e+02   4.2800e+01   1.2228e-04   2.8040e-05   2.9184e+02
20260824_15:00:00   4.4866e-01   1.0699e+02   4.3963e+01   9.7320e-04   8.7995e-05   2.9235e+02
20260824_18:00:00   4.0400e-01   9.8630e+01   3.9979e+01   0.0000e+00   3.3855e-04   2.9198e+02
20260824_21:00:00   4.1604e-01   1.0111e+02   3.9355e+01   1.2861e-03   1.4386e-03   2.9221e+02
20260825_00:00:00   4.1202e-01   1.0046e+02   3.7993e+01   0.0000e+00   5.4490e-03   2.9142e+02
20260825_03:00:00   4.0285e-01   9.8657e+01   3.7110e+01   1.8804e-05   2.3803e-02   2.9123e+02
20260825_06:00:00   4.2721e-01   1.0323e+02   3.8830e+01   1.5721e-04   3.0735e-03   2.9127e+02
20260825_09:00:00   4.6031e-01   1.0928e+02   4.3214e+01   9.9820e-06   2.9818e-03   2.9132e+02
20260825_12:00:00   4.9867e-01   1.1610e+02   4.7444e+01   3.9200e-04   9.7220e-04   2.9246e+02
20260825_15:00:00   5.2724e-01   1.2109e+02   5.0752e+01   2.8913e-04   6.5207e-04   2.9497e+02
20260825_18:00:00   5.5723e-01   1.2598e+02   5.4126e+01   7.3026e-04   8.6361e-03   2.8914e+02
20260825_21:00:00   5.5628e-01   1.2584e+02   5.4277e+01   7.1040e-04   2.2773e-02   2.8563e+02
20260826_00:00:00   5.5778e-01   1.2604e+02   5.4702e+01   4.9920e-06   2.9169e-03   2.8750e+02
20260826_03:00:00   5.4525e-01   1.2396e+02   5.3806e+01   2.2280e-07   1.0782e-03   2.8567e+02
20260826_06:00:00   5.3438e-01   1.2190e+02   5.3290e+01   3.6280e-04   2.4816e-03   2.8616e+02
20260826_09:00:00   5.0597e-01   1.1708e+02   5.0653e+01   6.6420e-07   1.0638e-04   2.8688e+02
20260826_12:00:00   4.6992e-01   1.1063e+02   4.7406e+01   3.1610e-05   2.2901e-04   2.9004e+02
20260826_15:00:00   4.5250e-01   1.0768e+02   4.4851e+01   0.0000e+00   4.9760e-04   2.9150e+02
20260826_18:00:00   5.0336e-01   1.1677e+02   4.9625e+01   1.4449e-03   1.6276e-03   2.8904e+02
20260826_21:00:00   5.3251e-01   1.2166e+02   5.2812e+01   1.5842e-03   1.4606e-05   2.8672e+02
20260827_00:00:00   5.4912e-01   1.2426e+02   5.4769e+01   3.4520e-05   1.7124e-03   2.8852e+02
20260827_03:00:00   5.4318e-01   1.2335e+02   5.3974e+01   0.0000e+00   2.2160e-03   2.8892e+02
20260827_06:00:00   5.2963e-01   1.2101e+02   5.2859e+01   0.0000e+00   1.2504e-03   2.9127e+02
20260827_09:00:00   5.2981e-01   1.2102e+02   5.2556e+01   3.8283e-03   2.3845e-05   2.8963e+02
20260827_12:00:00   5.4192e-01   1.2316e+02   5.3442e+01   4.9860e-04   3.6897e-04   2.9046e+02
20260827_15:00:00   5.5345e-01   1.2512e+02   5.4519e+01   2.1161e-04   1.1838e-03   2.9009e+02
20260827_18:00:00   5.1016e-01   1.1763e+02   5.1638e+01   0.0000e+00   2.6765e-05   2.8558e+02
20260827_21:00:00   5.2479e-01   1.2009e+02   5.3098e+01   2.6115e-04   6.9190e-03   2.8575e+02
20260828_00:00:00   5.0513e-01   1.1667e+02   5.1319e+01   0.0000e+00   1.5338e-02   2.8870e+02
20260828_03:00:00   4.9442e-01   1.1494e+02   4.9442e+01   1.0785e-03   1.9937e-03   2.8834e+02
20260828_06:00:00   5.0191e-01   1.1635e+02   4.9554e+01   0.0000e+00   6.2100e-07   2.8955e+02
20260828_09:00:00   5.0767e-01   1.1736e+02   4.7468e+01   3.8417e-02   8.5852e-05   2.8828e+02
20260828_12:00:00   4.4614e-01   1.0646e+02   4.3932e+01   1.3366e-07   2.4353e-03   2.9108e+02
20260828_15:00:00   4.6490e-01   1.1005e+02   4.5144e+01   0.0000e+00   6.1397e-03   2.9094e+02
20260828_18:00:00   4.9621e-01   1.1548e+02   4.8086e+01   1.8026e-03   4.9752e-03   2.8937e+02
20260828_21:00:00   4.1307e-01   1.0040e+02   4.0246e+01   0.0000e+00   3.7338e-03   2.8894e+02
20260829_00:00:00   4.4722e-01   1.0684e+02   4.2753e+01   4.4835e-05   2.9153e-03   2.8894e+02
