#            date       tau255        Tb[K]      pwv[mm] lwp[kg*m^-2] iwp[kg*m^-2]       o3[DU]
20260928_12:00:00   4.6373e-01   1.1012e+02   4.4138e+01   0.0000e+00   2.0963e-03   2.8183e+02
20260928_13:00:00   4.6803e-01   1.1096e+02   4.4300e+01   2.3206e-04   2.0802e-03   2.8189e+02
20260928_14:00:00   4.6946e-01   1.1127e+02   4.4430e+01   1.2477e-05   1.5198e-03   2.7937e+02
20260928_15:00:00   4.7433e-01   1.1218e+02   4.4818e+01   5.4567e-04   6.6284e-04   2.8053e+02
20260928_16:00:00   4.8202e-01   1.1349e+02   4.5955e+01   9.5760e-05   1.2599e-03   2.8391e+02
20260928_17:00:00   4.9347e-01   1.1545e+02   4.7250e+01   3.9680e-04   1.3356e-03   2.8660e+02
20260928_18:00:00   5.0405e-01   1.1722e+02   4.8521e+01   4.5891e-04   1.7424e-03   2.8688e+02
20260928_19:00:00   5.1205e-01   1.1853e+02   4.9324e+01   2.0702e-03   8.3118e-04   2.8572e+02
20260928_20:00:00   5.1198e-01   1.1856e+02   4.9282e+01   3.0663e-03   2.3439e-04   2.8409e+02
20260928_21:00:00   5.0952e-01   1.1814e+02   4.9264e+01   1.1360e-03   1.2166e-04   2.8454e+02
20260928_22:00:00   5.0771e-01   1.1784e+02   4.9079e+01   0.0000e+00   3.6498e-04   2.8592e+02
20260928_23:00:00   5.0039e-01   1.1657e+02   4.8378e+01   0.0000e+00   1.4291e-03   2.8619e+02
20260929_00:00:00   4.8320e-01   1.1354e+02   4.6850e+01   1.7820e-07   1.9847e-03   2.8405e+02
20260929_01:00:00   4.2704e-01   1.0319e+02   4.2063e+01   0.0000e+00   5.9319e-04   2.8356e+02
20260929_02:00:00   3.7639e-01   9.3368e+01   3.6850e+01   0.0000e+00   1.8317e-04   2.8135e+02
20260929_03:00:00   3.3485e-01   8.4955e+01   3.2458e+01   0.0000e+00   8.6447e-04   2.8053e+02
20260929_04:00:00   3.6131e-01   9.0452e+01   3.4347e+01   1.1226e-04   1.4892e-03   2.8097e+02
20260929_05:00:00   4.4033e-01   1.0583e+02   4.1035e+01   1.1312e-03   2.7113e-03   2.8179e+02
20260929_06:00:00   4.7157e-01   1.1146e+02   4.4475e+01   2.9960e-04   1.7382e-03   2.8099e+02
20260929_07:00:00   4.7156e-01   1.1138e+02   4.5023e+01   1.9687e-04   2.6420e-05   2.7833e+02
20260929_08:00:00   4.4354e-01   1.0625e+02   4.2780e+01   5.5920e-05   0.0000e+00   2.7709e+02
20260929_09:00:00   4.1627e-01   1.0105e+02   4.0566e+01   0.0000e+00   1.3310e-05   2.7634e+02
20260929_10:00:00   4.1983e-01   1.0169e+02   4.1020e+01   3.5571e-07   6.7440e-06   2.7507e+02
20260929_11:00:00   4.4839e-01   1.0702e+02   4.3593e+01   3.1423e-06   2.6600e-07   2.7578e+02
20260929_12:00:00   4.8734e-01   1.1408e+02   4.7107e+01   8.4570e-07   1.3916e-05   2.7726e+02
20260929_13:00:00   4.8382e-01   1.1350e+02   4.7029e+01   1.4558e-04   1.7820e-07   2.7852e+02
20260929_14:00:00   4.6528e-01   1.1027e+02   4.5160e+01   0.0000e+00   1.7820e-07   2.7993e+02
20260929_15:00:00   4.4216e-01   1.0599e+02   4.3475e+01   0.0000e+00   0.0000e+00   2.8119e+02
20260929_16:00:00   4.4173e-01   1.0587e+02   4.3508e+01   0.0000e+00   0.0000e+00   2.8245e+02
20260929_17:00:00   4.5976e-01   1.0914e+02   4.5294e+01   6.0680e-06   1.6126e-05   2.8094e+02
20260929_18:00:00   4.5882e-01   1.0891e+02   4.5582e+01   5.7618e-06   5.8315e-04   2.7820e+02
20260929_19:00:00   4.5268e-01   1.0779e+02   4.4920e+01   2.2140e-07   1.9996e-03   2.7679e+02
20260929_20:00:00   4.3918e-01   1.0535e+02   4.3422e+01   0.0000e+00   2.3496e-03   2.7678e+02
20260929_21:00:00   3.9181e-01   9.6266e+01   3.9257e+01   0.0000e+00   4.1380e-03   2.7672e+02
20260929_22:00:00   3.3070e-01   8.3868e+01   3.3466e+01   0.0000e+00   1.7642e-03   2.7785e+02
20260929_23:00:00   3.1947e-01   8.1515e+01   3.2167e+01   0.0000e+00   4.8357e-04   2.7974e+02
20260930_00:00:00   3.6935e-01   9.1751e+01   3.6950e+01   1.0304e-04   1.3310e-05   2.8066e+02
20260930_01:00:00   4.4669e-01   1.0673e+02   4.3076e+01   3.4280e-03   1.7684e-07   2.7977e+02
20260930_02:00:00   4.5150e-01   1.0767e+02   4.3344e+01   2.0129e-03   0.0000e+00   2.7930e+02
20260930_03:00:00   4.4725e-01   1.0689e+02   4.3054e+01   0.0000e+00   0.0000e+00   2.8119e+02
20260930_04:00:00   4.5583e-01   1.0839e+02   4.3974e+01   5.9430e-05   0.0000e+00   2.8358e+02
20260930_05:00:00   4.2994e-01   1.0362e+02   4.1348e+01   6.9340e-05   0.0000e+00   2.8331e+02
20260930_06:00:00   3.7445e-01   9.2782e+01   3.6677e+01   0.0000e+00   1.7820e-07   2.8342e+02
20260930_07:00:00   3.4548e-01   8.6822e+01   3.4230e+01   0.0000e+00   8.0720e-06   2.8268e+02
20260930_08:00:00   3.7206e-01   9.2272e+01   3.5961e+01   7.6270e-04   0.0000e+00   2.8158e+02
20260930_09:00:00   3.7301e-01   9.2510e+01   3.6159e+01   2.6522e-07   0.0000e+00   2.8236e+02
20260930_10:00:00   4.0130e-01   9.8077e+01   3.8453e+01   7.3370e-04   0.0000e+00   2.8359e+02
20260930_11:00:00   4.6000e-01   1.0916e+02   4.2566e+01   1.7636e-02   0.0000e+00   2.8424e+02
20260930_12:00:00   4.5852e-01   1.0887e+02   4.3039e+01   1.7233e-02   0.0000e+00   2.8494e+02
20260930_13:00:00   4.5224e-01   1.0772e+02   4.3667e+01   1.4520e-03   0.0000e+00   2.8439e+02
20260930_14:00:00   4.4931e-01   1.0722e+02   4.3541e+01   0.0000e+00   0.0000e+00   2.8364e+02
20260930_15:00:00   4.4783e-01   1.0696e+02   4.3373e+01   1.0754e-03   0.0000e+00   2.8409e+02
20260930_16:00:00   4.4843e-01   1.0710e+02   4.3446e+01   0.0000e+00   0.0000e+00   2.8418e+02
20260930_17:00:00   4.4579e-01   1.0660e+02   4.3364e+01   0.0000e+00   1.4094e-05   2.8281e+02
20260930_18:00:00   4.7679e-01   1.1208e+02   4.6601e+01   3.5692e-06   3.5360e-07   2.8013e+02
20260930_19:00:00   4.6406e-01   1.0980e+02   4.5654e+01   4.2420e-05   0.0000e+00   2.7824e+02
20260930_20:00:00   4.0970e-01   9.9703e+01   4.0795e+01   1.3131e-05   0.0000e+00   2.7809e+02
20260930_21:00:00   3.9708e-01   9.7293e+01   3.9321e+01   0.0000e+00   0.0000e+00   2.7789e+02
20260930_22:00:00   4.1584e-01   1.0091e+02   4.0738e+01   0.0000e+00   8.9100e-08   2.7824e+02
20260930_23:00:00   4.2398e-01   1.0244e+02   4.1613e+01   0.0000e+00   1.2052e-05   2.7897e+02
20261001_00:00:00   4.2236e-01   1.0211e+02   4.1614e+01   2.0611e-06   3.5040e-06   2.7958e+02
20261001_01:00:00   4.1338e-01   1.0045e+02   4.0547e+01   0.0000e+00   1.2120e-05   2.7752e+02
20261001_02:00:00   3.9445e-01   9.6817e+01   3.8601e+01   2.6863e-05   4.9521e-05   2.7630e+02
20261001_03:00:00   3.8265e-01   9.4471e+01   3.7534e+01   8.5160e-06   6.4735e-05   2.7739e+02
20261001_04:00:00   3.5940e-01   8.9729e+01   3.5834e+01   4.9910e-06   4.4620e-04   2.7798e+02
20261001_05:00:00   3.6149e-01   9.0092e+01   3.6067e+01   0.0000e+00   2.4082e-04   2.7729e+02
20261001_06:00:00   3.9125e-01   9.6054e+01   3.8244e+01   0.0000e+00   1.7354e-04   2.7628e+02
20261001_07:00:00   3.9801e-01   9.7391e+01   3.8619e+01   0.0000e+00   6.6540e-06   2.7624e+02
20261001_08:00:00   4.1473e-01   1.0067e+02   3.9739e+01   7.6770e-06   0.0000e+00   2.7598e+02
20261001_09:00:00   4.2467e-01   1.0261e+02   4.0352e+01   6.8880e-05   0.0000e+00   2.7570e+02
20261001_10:00:00   4.0872e-01   9.9586e+01   3.9120e+01   1.3365e-06   7.2240e-06   2.7701e+02
20261001_11:00:00   4.2591e-01   1.0285e+02   4.0683e+01   2.2289e-04   0.0000e+00   2.7909e+02
20261001_12:00:00   4.4860e-01   1.0704e+02   4.2925e+01   3.7260e-04   7.4000e-06   2.7966e+02
20261001_13:00:00   4.3288e-01   1.0406e+02   4.2060e+01   3.9440e-04   4.6640e-05   2.8017e+02
20261001_14:00:00   4.0328e-01   9.8400e+01   4.0046e+01   7.8850e-06   1.6636e-05   2.8165e+02
20261001_15:00:00   3.9178e-01   9.6156e+01   3.9261e+01   0.0000e+00   0.0000e+00   2.8138e+02
20261001_16:00:00   4.0937e-01   9.9614e+01   4.0668e+01   6.4390e-05   0.0000e+00   2.8242e+02
20261001_17:00:00   4.2798e-01   1.0325e+02   4.1976e+01   2.6414e-04   0.0000e+00   2.8098e+02
20261001_18:00:00   4.3866e-01   1.0527e+02   4.2822e+01   8.0300e-05   0.0000e+00   2.7974e+02
20261001_19:00:00   4.4472e-01   1.0638e+02   4.3294e+01   1.0648e-04   7.1860e-06   2.7848e+02
20261001_20:00:00   4.3428e-01   1.0440e+02   4.2543e+01   0.0000e+00   1.7206e-05   2.7701e+02
20261001_21:00:00   3.9822e-01   9.7395e+01   3.9765e+01   0.0000e+00   1.6978e-05   2.7671e+02
20261001_22:00:00   3.7551e-01   9.2832e+01   3.7933e+01   0.0000e+00   8.8880e-05   2.7816e+02
20261001_23:00:00   3.8855e-01   9.5430e+01   3.8830e+01   0.0000e+00   1.0016e-04   2.7982e+02
20261002_00:00:00   4.0227e-01   9.8183e+01   3.9937e+01   0.0000e+00   3.2700e-04   2.7998e+02
20261002_01:00:00   4.3683e-01   1.0484e+02   4.2560e+01   5.9440e-05   1.2490e-04   2.7773e+02
20261002_02:00:00   4.6645e-01   1.1030e+02   4.5082e+01   1.3302e-04   1.2072e-04   2.7660e+02
20261002_03:00:00   4.3966e-01   1.0527e+02   4.3301e+01   3.7140e-06   1.3512e-05   2.7679e+02
20261002_04:00:00   3.9817e-01   9.7237e+01   4.0322e+01   1.9006e-06   5.4240e-06   2.7854e+02
20261002_05:00:00   4.0895e-01   9.9258e+01   4.1423e+01   8.9420e-05   0.0000e+00   2.7685e+02
20261002_06:00:00   4.5426e-01   1.0779e+02   4.4573e+01   1.1638e-02   0.0000e+00   2.7684e+02
20261002_07:00:00   4.5863e-01   1.0855e+02   4.5727e+01   4.7970e-04   0.0000e+00   2.7700e+02
20261002_08:00:00   4.8420e-01   1.1317e+02   4.7957e+01   9.7340e-06   3.3120e-04   2.7772e+02
20261002_09:00:00   4.9753e-01   1.1548e+02   4.9263e+01   9.7880e-06   1.7886e-04   2.7864e+02
20261002_10:00:00   4.8114e-01   1.1254e+02   4.8113e+01   2.4073e-04   5.3420e-05   2.7799e+02
20261002_11:00:00   4.7528e-01   1.1144e+02   4.7695e+01   1.5358e-04   3.6548e-05   2.7743e+02
20261002_12:00:00   4.9497e-01   1.1495e+02   4.9133e+01   1.4699e-03   3.2442e-05   2.7852e+02
20261002_13:00:00   5.0974e-01   1.1756e+02   5.0618e+01   2.3459e-04   1.2420e-06   2.8196e+02
20261002_14:00:00   5.1634e-01   1.1874e+02   5.0957e+01   5.8723e-03   2.8360e-05   2.8443e+02
20261002_15:00:00   5.1397e-01   1.1838e+02   5.1070e+01   0.0000e+00   8.8560e-07   2.8392e+02
20261002_16:00:00   5.2475e-01   1.2023e+02   5.1977e+01   1.4308e-04   1.1562e-04   2.8366e+02
20261002_17:00:00   5.3159e-01   1.2134e+02   5.2689e+01   1.4335e-04   6.5247e-05   2.8324e+02
20261002_18:00:00   5.3426e-01   1.2179e+02   5.2961e+01   1.6709e-03   3.2244e-05   2.8173e+02
20261002_19:00:00   5.3236e-01   1.2147e+02   5.3189e+01   7.1960e-04   5.3581e-04   2.7914e+02
20261002_20:00:00   5.2390e-01   1.1993e+02   5.2945e+01   5.4920e-05   3.1698e-03   2.7888e+02
20261002_21:00:00   5.2213e-01   1.1950e+02   5.2984e+01   9.9290e-05   6.1534e-03   2.7823e+02
20261002_22:00:00   5.3688e-01   1.2198e+02   5.4173e+01   0.0000e+00   4.2803e-03   2.7755e+02
20261002_23:00:00   5.5290e-01   1.2470e+02   5.5375e+01   1.0405e-04   6.0080e-03   2.7670e+02
20261003_00:00:00   5.6567e-01   1.2673e+02   5.6815e+01   1.3975e-04   1.1545e-02   2.7669e+02
20261003_01:00:00   5.7246e-01   1.2771e+02   5.7771e+01   5.4720e-05   2.0200e-02   2.7707e+02
20261003_02:00:00   5.7621e-01   1.2823e+02   5.8366e+01   1.5128e-04   5.1303e-02   2.7864e+02
20261003_03:00:00   5.7284e-01   1.2768e+02   5.8070e+01   1.6364e-05   6.9658e-02   2.7912e+02
20261003_04:00:00   5.6774e-01   1.2690e+02   5.7473e+01   8.7771e-04   8.6807e-02   2.7983e+02
20261003_05:00:00   5.5862e-01   1.2547e+02   5.6627e+01   9.4766e-05   5.6368e-02   2.8065e+02
20261003_06:00:00   5.4905e-01   1.2395e+02   5.5439e+01   0.0000e+00   4.7397e-02   2.8077e+02
20261003_07:00:00   5.3711e-01   1.2203e+02   5.4116e+01   0.0000e+00   3.4442e-02   2.8231e+02
20261003_08:00:00   5.3036e-01   1.2097e+02   5.3112e+01   4.6220e-05   2.2991e-02   2.8400e+02
20261003_09:00:00   5.2525e-01   1.2020e+02   5.2186e+01   8.8420e-08   1.4379e-02   2.8382e+02
20261003_10:00:00   5.2374e-01   1.1997e+02   5.1916e+01   6.6620e-07   1.9643e-02   2.8221e+02
20261003_11:00:00   5.2381e-01   1.1995e+02   5.1932e+01   3.4220e-05   4.3098e-02   2.8115e+02
20261003_12:00:00   5.1813e-01   1.1890e+02   5.1566e+01   5.4572e-04   1.1001e-01   2.8024e+02
20261003_15:00:00   4.3559e-01   1.0409e+02   4.5199e+01   0.0000e+00   6.4357e-02   2.7836e+02
20261003_18:00:00   4.1944e-01   1.0097e+02   4.4236e+01   0.0000e+00   4.6635e-02   2.7892e+02
20261003_21:00:00   4.2152e-01   1.0141e+02   4.4060e+01   0.0000e+00   3.8632e-02   2.7877e+02
20261004_00:00:00   4.8112e-01   1.1261e+02   4.5361e+01   4.6590e-02   1.3725e-02   2.8048e+02
20261004_03:00:00   3.9808e-01   9.6869e+01   4.1118e+01   0.0000e+00   3.1541e-03   2.8257e+02
20261004_06:00:00   3.7436e-01   9.2187e+01   3.8830e+01   0.0000e+00   6.0700e-05   2.7903e+02
20261004_09:00:00   5.7440e-01   1.2855e+02   5.0416e+01   7.9134e-02   3.8710e-04   2.7849e+02
20261004_12:00:00   4.7311e-01   1.1117e+02   4.6314e+01   8.4180e-03   3.2863e-03   2.8006e+02
20261004_15:00:00   3.7655e-01   9.2991e+01   3.7794e+01   0.0000e+00   4.9897e-03   2.8421e+02
20261004_18:00:00   4.2119e-01   1.0180e+02   4.1808e+01   1.0751e-04   2.2881e-03   2.8515e+02
20261004_21:00:00   4.9573e-01   1.1536e+02   4.8400e+01   1.1112e-03   4.7678e-03   2.8283e+02
20261005_00:00:00   4.4690e-01   1.0655e+02   4.4346e+01   4.9910e-06   2.1095e-02   2.8556e+02
20261005_03:00:00   4.2255e-01   1.0218e+02   4.0455e+01   2.6294e-06   6.9577e-03   2.8603e+02
20261005_06:00:00   4.2891e-01   1.0309e+02   4.2765e+01   1.7473e-05   9.9395e-03   2.8456e+02
20261005_09:00:00   3.6676e-01   9.1043e+01   3.6700e+01   0.0000e+00   2.2478e-03   2.8421e+02
20261005_12:00:00   3.6874e-01   9.1580e+01   3.6525e+01   6.7245e-05   5.0606e-03   2.8350e+02
20261005_15:00:00   3.6725e-01   9.1333e+01   3.6585e+01   0.0000e+00   3.3023e-03   2.8557e+02
20261005_18:00:00   3.8085e-01   9.4082e+01   3.8159e+01   0.0000e+00   1.2553e-02   2.8350e+02
20261005_21:00:00   4.0796e-01   9.9517e+01   3.9351e+01   0.0000e+00   3.4412e-03   2.7988e+02
20261006_00:00:00   3.6542e-01   9.0895e+01   3.6556e+01   5.8445e-04   3.1706e-05   2.7830e+02
20261006_03:00:00   4.3553e-01   1.0454e+02   4.2512e+01   1.1979e-04   2.4680e-03   2.8175e+02
20261006_06:00:00   4.5097e-01   1.0733e+02   4.3500e+01   8.1750e-03   3.8882e-03   2.8201e+02
20261006_09:00:00   4.5456e-01   1.0804e+02   4.4318e+01   0.0000e+00   8.1797e-03   2.8400e+02
20261006_12:00:00   4.5730e-01   1.0856e+02   4.4595e+01   0.0000e+00   8.9087e-02   2.8489e+02
20261006_15:00:00   4.4818e-01   1.0697e+02   4.3741e+01   0.0000e+00   3.8514e-02   2.8648e+02
20261006_18:00:00   4.2784e-01   1.0326e+02   4.1633e+01   0.0000e+00   1.2637e-02   2.8552e+02
20261006_21:00:00   4.2708e-01   1.0312e+02   4.1158e+01   5.7970e-04   7.4577e-03   2.8379e+02
20261007_00:00:00   4.4376e-01   1.0613e+02   4.2890e+01   4.6320e-05   3.4403e-03   2.8327e+02
20261007_03:00:00   4.6697e-01   1.1015e+02   4.5808e+01   2.3880e-06   5.3703e-03   2.8577e+02
20261007_06:00:00   4.8753e-01   1.1358e+02   4.8331e+01   6.6117e-05   2.7179e-03   2.8477e+02
20261007_09:00:00   5.8108e-01   1.2944e+02   5.0491e+01   9.7348e-02   3.3435e-03   2.8265e+02
20261007_12:00:00   5.8284e-01   1.2963e+02   5.1766e+01   8.2335e-02   2.3095e-03   2.8542e+02
20261007_15:00:00   5.3421e-01   1.2141e+02   5.2950e+01   2.7076e-03   3.7897e-03   2.8811e+02
20261007_18:00:00   5.5070e-01   1.2404e+02   5.4229e+01   3.7548e-03   4.4326e-03   2.8645e+02
20261007_21:00:00   5.4440e-01   1.2301e+02   5.4107e+01   3.4940e-05   1.4068e-03   2.8317e+02
20261008_00:00:00   5.3588e-01   1.2131e+02   5.4258e+01   0.0000e+00   2.4591e-04   2.8420e+02
20261008_03:00:00   5.3580e-01   1.2132e+02   5.4349e+01   0.0000e+00   3.3884e-05   2.8258e+02
20261008_06:00:00   4.9757e-01   1.1481e+02   5.1028e+01   0.0000e+00   3.4160e-06   2.8084e+02
20261008_09:00:00   4.7708e-01   1.1122e+02   4.8901e+01   0.0000e+00   0.0000e+00   2.8365e+02
20261008_12:00:00   4.7307e-01   1.1053e+02   4.8304e+01   1.7820e-07   0.0000e+00   2.8513e+02
20261008_15:00:00   4.8675e-01   1.1301e+02   4.9409e+01   0.0000e+00   0.0000e+00   2.8421e+02
20261008_18:00:00   4.9857e-01   1.1512e+02   5.0333e+01   0.0000e+00   0.0000e+00   2.8277e+02
20261008_21:00:00   5.1029e-01   1.1728e+02   5.0776e+01   1.4148e-06   0.0000e+00   2.8248e+02
20261009_00:00:00   5.3304e-01   1.2093e+02   5.3216e+01   3.0510e-06   0.0000e+00   2.8260e+02
20261009_03:00:00   5.5612e-01   1.2486e+02   5.4486e+01   2.3453e-04   0.0000e+00   2.8111e+02
20261009_06:00:00   5.4718e-01   1.2342e+02   5.3382e+01   4.1328e-04   0.0000e+00   2.8082e+02
20261009_09:00:00   5.2521e-01   1.1965e+02   5.2381e+01   0.0000e+00   0.0000e+00   2.8114e+02
20261009_12:00:00   5.3815e-01   1.2180e+02   5.3966e+01   0.0000e+00   0.0000e+00   2.8298e+02
20261009_15:00:00   5.4995e-01   1.2370e+02   5.5536e+01   0.0000e+00   0.0000e+00   2.8308e+02
20261009_18:00:00   5.4410e-01   1.2276e+02   5.5384e+01   0.0000e+00   0.0000e+00   2.8134e+02
20261009_21:00:00   5.3887e-01   1.2185e+02   5.4964e+01   0.0000e+00   0.0000e+00   2.8051e+02
20261010_00:00:00   5.3824e-01   1.2181e+02   5.4873e+01   0.0000e+00   0.0000e+00   2.8232e+02
20261010_03:00:00   5.4211e-01   1.2259e+02   5.4535e+01   0.0000e+00   0.0000e+00   2.8335e+02
20261010_06:00:00   5.4715e-01   1.2337e+02   5.4984e+01   0.0000e+00   0.0000e+00   2.8423e+02
20261010_09:00:00   5.5204e-01   1.2397e+02   5.6118e+01   0.0000e+00   3.9855e-04   2.8274e+02
20261010_12:00:00   5.4503e-01   1.2289e+02   5.5863e+01   0.0000e+00   4.0857e-05   2.8516e+02
20261010_15:00:00   5.4896e-01   1.2365e+02   5.5881e+01   0.0000e+00   2.8901e-04   2.8642e+02
20261010_18:00:00   5.4612e-01   1.2338e+02   5.4776e+01   2.3960e-03   1.1586e-03   2.8393e+02
20261010_21:00:00   5.2691e-01   1.2032e+02   5.2790e+01   3.9630e-05   0.0000e+00   2.8310e+02
20261011_00:00:00   5.1357e-01   1.1818e+02   5.1038e+01   9.8680e-06   1.7684e-07   2.8692e+02
20261011_03:00:00   5.0730e-01   1.1715e+02   5.0077e+01   0.0000e+00   1.6636e-05   2.8796e+02
20261011_06:00:00   4.9248e-01   1.1450e+02   4.8756e+01   0.0000e+00   7.9320e-06   2.8562e+02
20261011_09:00:00   4.7018e-01   1.1062e+02   4.6577e+01   0.0000e+00   3.7340e-05   2.8650e+02
20261011_12:00:00   4.8092e-01   1.1259e+02   4.7236e+01   4.6420e-06   0.0000e+00   2.8854e+02
20261011_15:00:00   4.8824e-01   1.1397e+02   4.7753e+01   1.0548e-03   4.3390e-06   2.9033e+02
20261011_18:00:00   4.7898e-01   1.1238e+02   4.7002e+01   1.2644e-03   2.3263e-05   2.8818e+02
20261011_21:00:00   4.7738e-01   1.1208e+02   4.6768e+01   0.0000e+00   2.8500e-24   2.8874e+02
20261012_00:00:00   4.6527e-01   1.0985e+02   4.5603e+01   3.0810e-04   0.0000e+00   2.8770e+02
20261012_03:00:00   4.6584e-01   1.0995e+02   4.5384e+01   2.0083e-04   0.0000e+00   2.8522e+02
20261012_06:00:00   4.6298e-01   1.0936e+02   4.4628e+01   6.3220e-05   0.0000e+00   2.8393e+02
20261012_09:00:00   4.5178e-01   1.0725e+02   4.3532e+01   6.6990e-06   0.0000e+00   2.8373e+02
20261012_12:00:00   4.4134e-01   1.0542e+02   4.2540e+01   1.1940e-05   0.0000e+00   2.8727e+02
20261012_15:00:00   4.5369e-01   1.0759e+02   4.4635e+01   6.7710e-05   0.0000e+00   2.9068e+02
20261012_18:00:00   4.6313e-01   1.0927e+02   4.5928e+01   0.0000e+00   0.0000e+00   2.9175e+02
20261012_21:00:00   4.7743e-01   1.1174e+02   4.7405e+01   0.0000e+00   0.0000e+00   2.8971e+02
20261013_00:00:00   4.8358e-01   1.1275e+02   4.8179e+01   0.0000e+00   0.0000e+00   2.9130e+02
20261013_03:00:00   4.7975e-01   1.1183e+02   4.8329e+01   0.0000e+00   0.0000e+00   2.8987e+02
20261013_06:00:00   4.9505e-01   1.1442e+02   4.9946e+01   0.0000e+00   1.3208e-05   2.8969e+02
20261013_09:00:00   4.9800e-01   1.1481e+02   5.0462e+01   0.0000e+00   1.6528e-03   2.9098e+02
20261013_12:00:00   5.0755e-01   1.1650e+02   5.1047e+01   0.0000e+00   3.5360e-07   2.8912e+02
20261013_15:00:00   5.1745e-01   1.1821e+02   5.2183e+01   1.7716e-04   7.6360e-05   2.9136e+02
20261013_18:00:00   5.1864e-01   1.1840e+02   5.2500e+01   0.0000e+00   4.4998e-04   2.8814e+02
20261013_21:00:00   5.2105e-01   1.1880e+02   5.2893e+01   0.0000e+00   1.6272e-03   2.8749e+02
20261014_00:00:00   5.1834e-01   1.1839e+02   5.2515e+01   0.0000e+00   1.9494e-06   2.8854e+02
20261014_03:00:00   5.2203e-01   1.1896e+02   5.2759e+01   5.4480e-05   2.3280e-04   2.9062e+02
20261014_06:00:00   5.1868e-01   1.1831e+02   5.2646e+01   0.0000e+00   5.7220e-04   2.8891e+02
20261014_09:00:00   5.0142e-01   1.1537e+02   5.0985e+01   0.0000e+00   0.0000e+00   2.8690e+02
20261014_12:00:00   5.0593e-01   1.1637e+02   5.0792e+01   0.0000e+00   1.0692e-06   2.8928e+02
