#            date       tau255        Tb[K]      pwv[mm] lwp[kg*m^-2] iwp[kg*m^-2]       o3[DU]
20260907_12:00:00   5.7551e-01   1.2874e+02   5.7682e+01   4.8240e-05   3.1832e-06   2.8540e+02
20260907_13:00:00   5.7263e-01   1.2829e+02   5.7477e+01   0.0000e+00   2.3160e-06   2.8982e+02
20260907_14:00:00   5.6968e-01   1.2787e+02   5.7169e+01   0.0000e+00   2.7343e-04   2.9245e+02
20260907_15:00:00   5.7191e-01   1.2814e+02   5.7716e+01   1.6204e-03   4.7063e-03   2.9132e+02
20260907_16:00:00   5.7647e-01   1.2884e+02   5.8253e+01   0.0000e+00   4.2459e-03   2.8884e+02
20260907_17:00:00   5.8386e-01   1.3005e+02   5.8359e+01   3.2940e-04   2.0025e-03   2.8583e+02
20260907_18:00:00   5.7333e-01   1.2846e+02   5.6952e+01   3.4960e-05   1.9200e-03   2.8551e+02
20260907_19:00:00   5.6732e-01   1.2762e+02   5.5671e+01   7.4187e-05   1.9105e-03   2.8515e+02
20260907_20:00:00   5.6634e-01   1.2741e+02   5.5851e+01   0.0000e+00   3.5096e-03   2.8735e+02
20260907_21:00:00   5.6067e-01   1.2652e+02   5.4937e+01   2.1960e-04   7.4906e-03   2.8699e+02
20260907_22:00:00   5.4956e-01   1.2470e+02   5.3487e+01   0.0000e+00   9.1058e-03   2.8740e+02
20260907_23:00:00   5.2083e-01   1.1992e+02   5.1080e+01   0.0000e+00   8.4154e-03   2.8881e+02
20260908_00:00:00   5.0107e-01   1.1654e+02   4.9126e+01   0.0000e+00   3.7099e-03   2.9306e+02
20260908_01:00:00   4.9130e-01   1.1491e+02   4.7866e+01   3.3883e-05   9.0641e-04   2.9744e+02
20260908_02:00:00   4.8503e-01   1.1387e+02   4.6672e+01   5.1111e-04   2.0597e-04   2.9279e+02
20260908_03:00:00   4.6149e-01   1.0970e+02   4.4124e+01   3.7060e-04   6.9821e-05   2.8846e+02
20260908_04:00:00   4.5065e-01   1.0774e+02   4.2761e+01   1.6185e-04   2.4584e-04   2.8801e+02
20260908_05:00:00   4.5415e-01   1.0840e+02   4.1935e+01   1.1522e-02   3.6890e-04   2.8969e+02
20260908_06:00:00   4.6081e-01   1.0959e+02   4.1157e+01   2.8808e-02   3.2570e-04   2.8936e+02
20260908_07:00:00   4.8245e-01   1.1356e+02   4.1099e+01   5.6781e-02   2.4247e-04   2.8915e+02
20260908_08:00:00   4.9106e-01   1.1504e+02   4.3339e+01   3.3468e-02   7.4774e-04   2.8945e+02
20260908_09:00:00   4.9183e-01   1.1500e+02   4.5758e+01   1.9446e-03   1.0874e-03   2.9110e+02
20260908_10:00:00   4.9923e-01   1.1620e+02   4.6807e+01   4.1579e-03   1.8656e-03   2.8947e+02
20260908_11:00:00   4.7922e-01   1.1269e+02   4.4907e+01   6.6199e-03   1.4889e-03   2.8774e+02
20260908_12:00:00   4.2056e-01   1.0192e+02   3.9786e+01   2.4208e-03   1.5232e-03   2.8715e+02
20260908_13:00:00   4.0296e-01   9.8621e+01   3.8125e+01   0.0000e+00   1.2718e-03   2.8606e+02
20260908_14:00:00   4.3390e-01   1.0459e+02   4.0488e+01   4.8250e-04   1.1266e-03   2.8782e+02
20260908_15:00:00   4.7007e-01   1.1118e+02   4.3794e+01   2.2839e-03   4.8860e-04   2.9153e+02
20260908_16:00:00   4.5366e-01   1.0820e+02   4.2973e+01   3.5600e-04   1.4446e-05   2.9297e+02
20260908_17:00:00   4.4273e-01   1.0618e+02   4.1905e+01   1.2331e-03   7.1000e-07   2.9247e+02
20260908_18:00:00   4.2854e-01   1.0367e+02   3.9578e+01   1.3242e-03   3.4160e-06   2.9047e+02
20260908_19:00:00   3.8721e-01   9.5827e+01   3.4622e+01   1.8827e-03   0.0000e+00   2.8908e+02
20260908_20:00:00   3.4691e-01   8.7717e+01   3.1210e+01   7.7720e-05   7.1280e-08   2.8768e+02
20260908_21:00:00   3.5991e-01   9.0340e+01   3.2311e+01   0.0000e+00   2.3000e-05   2.8751e+02
20260908_22:00:00   3.7308e-01   9.2972e+01   3.3525e+01   5.4660e-04   9.4380e-05   2.8958e+02
20260908_23:00:00   3.8693e-01   9.5716e+01   3.4929e+01   6.3060e-06   5.0599e-05   2.8919e+02
20260909_00:00:00   4.0560e-01   9.9361e+01   3.6538e+01   1.3365e-07   6.8266e-05   2.8879e+02
20260909_01:00:00   4.1558e-01   1.0128e+02   3.7514e+01   0.0000e+00   1.0062e-04   2.9389e+02
20260909_02:00:00   4.2100e-01   1.0228e+02   3.8506e+01   0.0000e+00   1.1782e-04   2.9398e+02
20260909_03:00:00   4.2973e-01   1.0387e+02   3.9638e+01   0.0000e+00   3.0080e-05   2.9287e+02
20260909_04:00:00   4.4233e-01   1.0618e+02   4.1212e+01   0.0000e+00   1.0108e-05   2.9526e+02
20260909_05:00:00   4.6762e-01   1.1069e+02   4.4087e+01   1.2768e-04   0.0000e+00   2.9566e+02
20260909_06:00:00   5.0460e-01   1.1707e+02   4.8083e+01   2.0820e-04   7.1280e-08   2.9402e+02
20260909_07:00:00   5.1800e-01   1.1930e+02   4.9812e+01   1.6392e-04   1.5930e-06   2.9205e+02
20260909_08:00:00   5.2344e-01   1.2019e+02   5.0734e+01   6.4780e-04   2.0515e-04   2.9217e+02
20260909_09:00:00   5.2339e-01   1.2014e+02   5.1107e+01   1.0244e-04   2.6661e-04   2.9337e+02
20260909_10:00:00   5.1893e-01   1.1943e+02   5.0716e+01   3.3020e-06   2.9583e-05   2.9355e+02
20260909_11:00:00   5.2682e-01   1.2073e+02   5.1626e+01   1.8162e-04   1.9710e-03   2.9231e+02
20260909_12:00:00   5.1979e-01   1.1953e+02   5.1203e+01   7.8480e-05   2.8608e-03   2.9180e+02
20260909_13:00:00   4.8859e-01   1.1415e+02   4.8546e+01   1.2920e-06   1.6018e-03   2.9255e+02
20260909_14:00:00   4.8299e-01   1.1328e+02   4.7427e+01   9.0100e-05   4.6417e-04   2.9387e+02
20260909_15:00:00   4.8757e-01   1.1413e+02   4.7596e+01   4.9530e-06   2.0862e-04   2.9630e+02
20260909_16:00:00   4.6918e-01   1.1083e+02   4.6028e+01   3.7248e-04   3.6440e-05   2.9631e+02
20260909_17:00:00   4.5777e-01   1.0878e+02   4.5007e+01   7.4270e-05   0.0000e+00   2.9227e+02
20260909_18:00:00   4.5648e-01   1.0859e+02   4.4285e+01   3.1983e-03   0.0000e+00   2.9130e+02
20260909_19:00:00   4.5885e-01   1.0907e+02   4.4260e+01   8.9850e-04   0.0000e+00   2.9333e+02
20260909_20:00:00   4.6162e-01   1.0963e+02   4.4492e+01   1.2576e-04   0.0000e+00   2.9548e+02
20260909_21:00:00   4.6798e-01   1.1076e+02   4.5066e+01   6.4150e-06   0.0000e+00   2.9753e+02
20260909_22:00:00   4.8043e-01   1.1296e+02   4.6275e+01   5.9610e-04   0.0000e+00   2.9919e+02
20260909_23:00:00   5.0242e-01   1.1676e+02   4.8325e+01   9.1720e-05   0.0000e+00   3.0226e+02
20260910_00:00:00   5.0890e-01   1.1786e+02   4.9102e+01   6.2930e-04   0.0000e+00   3.0291e+02
20260910_01:00:00   5.1147e-01   1.1830e+02   4.9385e+01   2.0221e-04   0.0000e+00   3.0116e+02
20260910_02:00:00   5.0590e-01   1.1732e+02   4.8981e+01   1.5074e-04   7.1280e-08   2.9951e+02
20260910_03:00:00   5.1876e-01   1.1951e+02   5.0210e+01   1.0240e-06   0.0000e+00   2.9812e+02
20260910_04:00:00   5.3719e-01   1.2248e+02   5.2255e+01   3.8280e-04   5.0260e-05   2.9617e+02
20260910_05:00:00   5.5204e-01   1.2489e+02   5.3670e+01   1.4688e-03   1.1246e-04   2.9597e+02
20260910_06:00:00   5.5280e-01   1.2497e+02   5.4040e+01   6.7623e-04   3.3740e-04   2.9761e+02
20260910_07:00:00   5.3990e-01   1.2283e+02   5.2991e+01   4.0700e-04   2.8836e-04   2.9769e+02
20260910_08:00:00   5.3832e-01   1.2257e+02   5.2867e+01   9.9420e-04   4.1020e-04   2.9597e+02
20260910_09:00:00   5.3583e-01   1.2213e+02   5.2781e+01   8.2980e-04   4.4694e-04   2.9386e+02
20260910_10:00:00   5.3463e-01   1.2187e+02   5.2995e+01   3.1220e-05   8.9340e-04   2.9255e+02
20260910_11:00:00   5.3426e-01   1.2178e+02   5.3091e+01   2.2243e-04   5.7539e-04   2.9148e+02
20260910_12:00:00   5.3910e-01   1.2254e+02   5.3752e+01   3.0325e-04   7.1120e-04   2.9196e+02
20260910_13:00:00   5.3410e-01   1.2178e+02   5.3296e+01   6.9204e-04   1.1460e-04   2.9188e+02
20260910_14:00:00   5.3272e-01   1.2160e+02   5.3144e+01   2.8949e-04   1.7420e-05   2.9074e+02
20260910_15:00:00   5.3922e-01   1.2271e+02   5.3539e+01   4.6561e-04   7.4080e-05   2.8935e+02
20260910_16:00:00   5.3739e-01   1.2248e+02   5.3204e+01   9.0156e-04   6.0500e-05   2.9056e+02
20260910_17:00:00   5.3259e-01   1.2169e+02   5.2755e+01   8.6260e-04   2.0000e-04   2.9108e+02
20260910_18:00:00   5.1884e-01   1.1941e+02   5.1420e+01   4.6170e-04   1.3664e-05   2.9100e+02
20260910_19:00:00   5.1256e-01   1.1836e+02   5.0731e+01   0.0000e+00   8.1580e-06   2.8962e+02
20260910_20:00:00   5.0355e-01   1.1684e+02   4.9832e+01   0.0000e+00   8.1580e-06   2.8940e+02
20260910_21:00:00   4.9902e-01   1.1610e+02   4.9285e+01   0.0000e+00   0.0000e+00   2.8806e+02
20260910_22:00:00   5.0090e-01   1.1645e+02   4.9170e+01   0.0000e+00   8.3700e-06   2.8621e+02
20260910_23:00:00   4.9714e-01   1.1580e+02   4.8729e+01   0.0000e+00   1.7684e-07   2.8591e+02
20260911_00:00:00   4.9529e-01   1.1551e+02   4.8423e+01   1.2471e-04   8.1580e-06   2.8346e+02
20260911_01:00:00   5.0183e-01   1.1667e+02   4.8723e+01   0.0000e+00   0.0000e+00   2.8099e+02
20260911_02:00:00   4.9301e-01   1.1515e+02   4.7714e+01   0.0000e+00   2.6740e-07   2.8252e+02
20260911_03:00:00   4.8563e-01   1.1387e+02   4.6650e+01   0.0000e+00   5.0800e-05   2.8627e+02
20260911_04:00:00   4.7690e-01   1.1234e+02   4.5611e+01   3.9900e-07   8.4460e-05   2.8750e+02
20260911_05:00:00   4.7188e-01   1.1145e+02   4.4895e+01   5.0160e-05   1.0878e-04   2.8528e+02
20260911_06:00:00   4.7451e-01   1.1187e+02   4.5145e+01   4.7360e-04   2.1120e-04   2.8486e+02
20260911_07:00:00   4.7730e-01   1.1232e+02   4.5464e+01   1.1281e-03   1.5736e-04   2.8747e+02
20260911_08:00:00   4.8219e-01   1.1320e+02   4.5753e+01   1.3964e-03   9.4240e-05   2.8930e+02
20260911_09:00:00   4.9241e-01   1.1496e+02   4.6700e+01   3.1940e-03   2.7057e-04   2.9024e+02
20260911_10:00:00   4.9728e-01   1.1576e+02   4.7268e+01   3.6100e-03   2.7897e-04   2.9142e+02
20260911_11:00:00   4.7537e-01   1.1196e+02   4.5229e+01   3.2973e-04   1.1828e-04   2.9169e+02
20260911_12:00:00   4.4347e-01   1.0624e+02   4.2166e+01   7.7880e-05   4.6142e-05   2.9144e+02
20260911_13:00:00   4.2378e-01   1.0255e+02   4.0416e+01   4.6920e-04   1.5264e-05   2.9234e+02
20260911_14:00:00   3.9255e-01   9.6545e+01   3.8106e+01   0.0000e+00   6.6540e-06   2.9253e+02
20260911_15:00:00   4.0966e-01   9.9997e+01   3.9041e+01   0.0000e+00   3.3280e-06   2.9180e+02
20260911_16:00:00   4.2321e-01   1.0265e+02   3.9732e+01   3.9602e-04   0.0000e+00   2.9111e+02
20260911_17:00:00   3.9983e-01   9.8141e+01   3.7838e+01   0.0000e+00   0.0000e+00   2.9237e+02
20260911_18:00:00   3.7604e-01   9.3388e+01   3.5894e+01   4.4030e-05   0.0000e+00   2.9295e+02
20260911_19:00:00   3.5382e-01   8.8872e+01   3.4043e+01   0.0000e+00   0.0000e+00   2.9349e+02
20260911_20:00:00   3.6107e-01   9.0358e+01   3.4548e+01   0.0000e+00   5.3180e-07   2.9398e+02
20260911_21:00:00   3.6148e-01   9.0458e+01   3.4643e+01   0.0000e+00   1.7820e-07   2.9459e+02
20260911_22:00:00   3.7033e-01   9.2290e+01   3.5203e+01   0.0000e+00   1.7738e-06   2.9520e+02
20260911_23:00:00   3.7947e-01   9.4127e+01   3.5846e+01   1.9366e-06   8.9100e-08   2.9531e+02
20260912_00:00:00   3.9449e-01   9.7108e+01   3.6826e+01   1.1158e-05   0.0000e+00   2.9590e+02
20260912_01:00:00   4.0072e-01   9.8316e+01   3.7129e+01   4.1190e-04   8.9100e-08   2.9580e+02
20260912_02:00:00   4.0205e-01   9.8549e+01   3.7186e+01   8.4380e-04   0.0000e+00   2.9565e+02
20260912_03:00:00   3.8874e-01   9.5888e+01   3.6211e+01   1.0113e-03   0.0000e+00   2.9633e+02
20260912_04:00:00   3.7485e-01   9.3058e+01   3.5279e+01   0.0000e+00   1.0692e-06   2.9685e+02
20260912_05:00:00   3.7837e-01   9.3726e+01   3.5480e+01   1.2878e-04   5.3322e-07   2.9555e+02
20260912_06:00:00   3.7643e-01   9.3312e+01   3.5333e+01   1.3659e-04   3.5360e-07   2.9512e+02
20260912_07:00:00   4.0978e-01   9.9865e+01   3.5724e+01   3.8960e-02   3.5048e-06   2.9495e+02
20260912_08:00:00   4.0271e-01   9.8486e+01   3.5420e+01   3.7400e-02   4.4560e-07   2.9470e+02
20260912_09:00:00   4.0692e-01   9.9332e+01   3.5310e+01   4.3350e-02   5.6640e-05   2.9373e+02
20260912_10:00:00   4.0588e-01   9.9164e+01   3.5503e+01   3.7280e-02   4.3460e-05   2.9334e+02
20260912_11:00:00   4.0350e-01   9.8693e+01   3.6764e+01   1.2811e-02   9.9320e-06   2.9240e+02
20260912_12:00:00   4.2202e-01   1.0226e+02   3.8983e+01   2.2457e-05   0.0000e+00   2.9174e+02
20260912_15:00:00   4.0042e-01   9.8208e+01   3.7444e+01   9.9060e-06   0.0000e+00   2.9195e+02
20260912_18:00:00   3.5633e-01   8.9458e+01   3.3853e+01   1.7311e-06   0.0000e+00   2.8967e+02
20260912_21:00:00   3.6237e-01   9.0595e+01   3.4439e+01   0.0000e+00   1.1990e-04   2.9053e+02
20260913_00:00:00   4.1311e-01   1.0050e+02   3.8784e+01   6.6320e-07   2.8740e-06   2.9245e+02
20260913_03:00:00   4.3114e-01   1.0383e+02   4.1158e+01   0.0000e+00   3.3280e-06   2.9207e+02
20260913_06:00:00   4.2845e-01   1.0316e+02   4.1693e+01   1.2390e-04   0.0000e+00   2.8834e+02
20260913_09:00:00   4.4924e-01   1.0695e+02   4.3904e+01   0.0000e+00   0.0000e+00   2.8808e+02
20260913_12:00:00   4.5285e-01   1.0746e+02   4.5342e+01   0.0000e+00   1.4376e-05   2.9002e+02
20260913_15:00:00   4.7395e-01   1.1133e+02   4.7396e+01   0.0000e+00   1.4322e-05   2.9215e+02
20260913_18:00:00   5.0712e-01   1.1706e+02   5.0733e+01   1.3752e-04   4.5346e-03   2.9117e+02
20260913_21:00:00   4.9705e-01   1.1528e+02   5.0073e+01   2.6597e-03   1.0473e-02   2.8835e+02
20260914_00:00:00   4.7017e-01   1.1052e+02   4.7607e+01   2.9716e-05   1.6402e-02   2.8995e+02
20260914_03:00:00   4.2004e-01   1.0128e+02   4.2617e+01   0.0000e+00   4.8829e-04   2.8761e+02
20260914_06:00:00   4.7817e-01   1.1198e+02   4.7503e+01   0.0000e+00   9.2630e-05   2.8632e+02
20260914_09:00:00   3.7802e-01   9.2888e+01   3.9418e+01   1.7684e-07   2.4540e-04   2.8709e+02
20260914_12:00:00   3.7292e-01   9.2049e+01   3.8105e+01   0.0000e+00   1.6814e-04   2.8845e+02
20260914_15:00:00   3.7743e-01   9.3096e+01   3.8310e+01   0.0000e+00   2.3280e-04   2.8862e+02
20260914_18:00:00   4.1919e-01   1.0136e+02   4.1584e+01   1.2878e-04   1.6018e-05   2.8694e+02
20260914_21:00:00   4.6835e-01   1.1043e+02   4.6125e+01   1.0232e-04   1.1200e-05   2.8583e+02
20260915_00:00:00   4.0498e-01   9.8394e+01   4.1597e+01   0.0000e+00   2.6520e-05   2.8804e+02
20260915_03:00:00   3.9239e-01   9.6018e+01   3.9331e+01   3.9630e-05   2.2700e-03   2.8591e+02
20260915_06:00:00   4.0098e-01   9.7787e+01   3.9540e+01   1.2409e-05   2.8143e-03   2.8728e+02
20260915_09:00:00   3.7453e-01   9.2654e+01   3.6965e+01   0.0000e+00   7.5910e-03   2.8673e+02
20260915_12:00:00   4.1995e-01   1.0157e+02   4.0762e+01   7.4870e-05   7.6417e-02   2.8825e+02
20260915_15:00:00   4.2149e-01   1.0200e+02   4.0714e+01   6.9870e-05   2.9045e-03   2.8966e+02
20260915_18:00:00   4.3359e-01   1.0425e+02   4.2354e+01   0.0000e+00   6.7004e-04   2.8963e+02
20260915_21:00:00   4.4045e-01   1.0543e+02   4.3391e+01   1.4859e-05   2.3524e-04   2.9027e+02
20260916_00:00:00   4.3944e-01   1.0527e+02   4.3226e+01   0.0000e+00   2.6837e-02   2.9157e+02
20260916_03:00:00   4.3375e-01   1.0421e+02   4.2674e+01   0.0000e+00   8.1267e-02   2.9067e+02
20260916_06:00:00   4.5538e-01   1.0813e+02   4.4658e+01   0.0000e+00   9.7519e-02   2.9080e+02
20260916_09:00:00   4.4978e-01   1.0709e+02   4.4039e+01   9.2340e-05   3.3365e-03   2.9124e+02
20260916_12:00:00   4.5042e-01   1.0727e+02   4.4275e+01   0.0000e+00   3.7008e-03   2.9198e+02
20260916_15:00:00   4.3111e-01   1.0389e+02   4.2006e+01   1.6217e-04   1.3729e-03   2.9164e+02
20260916_18:00:00   4.3459e-01   1.0458e+02   4.2321e+01   1.7805e-04   7.8690e-02   2.9092e+02
20260916_21:00:00   4.1474e-01   1.0075e+02   4.0951e+01   0.0000e+00   6.5569e-02   2.8892e+02
20260917_00:00:00   4.3559e-01   1.0462e+02   4.3032e+01   0.0000e+00   1.0639e-01   2.8833e+02
20260917_03:00:00   4.7991e-01   1.1259e+02   4.7580e+01   0.0000e+00   2.3771e-01   2.8790e+02
20260917_06:00:00   4.8640e-01   1.1360e+02   4.9081e+01   2.4341e-05   1.4682e-01   2.8476e+02
20260917_09:00:00   5.0747e-01   1.1723e+02   5.1061e+01   0.0000e+00   1.9196e-02   2.8400e+02
20260917_12:00:00   5.0498e-01   1.1689e+02   5.0765e+01   2.3380e-04   6.4865e-03   2.8355e+02
20260917_15:00:00   5.3834e-01   1.2255e+02   5.4316e+01   9.0090e-04   1.4293e-02   2.8383e+02
20260917_18:00:00   5.5184e-01   1.2479e+02   5.6047e+01   5.9944e-04   6.4702e-03   2.8269e+02
20260917_21:00:00   5.5334e-01   1.2506e+02   5.5984e+01   8.3180e-06   3.7423e-03   2.8129e+02
20260918_00:00:00   5.5457e-01   1.2523e+02   5.5869e+01   0.0000e+00   1.7588e-02   2.8521e+02
20260918_03:00:00   5.3296e-01   1.2165e+02   5.3712e+01   0.0000e+00   2.4368e-02   2.8484e+02
20260918_06:00:00   5.2759e-01   1.2054e+02   5.3435e+01   0.0000e+00   2.2886e-01   2.8381e+02
20260918_09:00:00   5.3243e-01   1.2138e+02   5.3860e+01   2.9960e-04   2.9643e-02   2.8519e+02
20260918_12:00:00   5.1555e-01   1.1842e+02   5.2987e+01   0.0000e+00   5.6897e-03   2.8668e+02
20260918_15:00:00   5.2176e-01   1.1944e+02   5.3723e+01   0.0000e+00   3.3546e-01   2.8622e+02
20260918_18:00:00   4.9915e-01   1.1575e+02   5.1537e+01   7.9640e-07   1.1262e-02   2.8324e+02
20260918_21:00:00   5.0187e-01   1.1622e+02   5.1410e+01   3.6320e-05   1.8354e-01   2.8073e+02
20260919_00:00:00   4.9777e-01   1.1549e+02   5.1321e+01   2.0620e-04   1.9147e-01   2.8428e+02
20260919_03:00:00   5.1649e-01   1.1874e+02   5.2757e+01   4.5768e-05   2.8027e-02   2.8300e+02
20260919_06:00:00   4.8170e-01   1.1250e+02   5.0113e+01   2.4554e-06   5.4419e-02   2.8187e+02
20260919_09:00:00   5.0507e-01   1.1672e+02   5.1486e+01   0.0000e+00   1.3707e-02   2.8342e+02
20260919_12:00:00   5.1406e-01   1.1826e+02   5.2445e+01   2.4280e-04   3.1584e-02   2.8317e+02
20260919_15:00:00   5.0814e-01   1.1730e+02   5.1902e+01   3.1201e-03   1.7455e-02   2.8424e+02
20260919_18:00:00   5.1559e-01   1.1870e+02   5.2779e+01   2.4024e-04   9.3983e-03   2.8216e+02
20260919_21:00:00   5.1980e-01   1.1934e+02   5.3219e+01   1.0615e-03   3.7492e-03   2.8089e+02
20260920_00:00:00   4.6237e-01   1.0905e+02   4.8933e+01   0.0000e+00   8.6652e-03   2.8010e+02
20260920_03:00:00   4.8963e-01   1.1403e+02   5.0292e+01   1.1732e-04   3.9324e-03   2.8093e+02
20260920_06:00:00   5.1272e-01   1.1804e+02   5.2080e+01   2.0700e-05   8.8943e-03   2.8024e+02
20260920_09:00:00   5.5711e-01   1.2524e+02   5.6438e+01   8.4840e-05   7.3566e-02   2.8198e+02
20260920_12:00:00   5.4877e-01   1.2389e+02   5.5936e+01   0.0000e+00   9.6476e-02   2.8137e+02
20260920_15:00:00   5.1809e-01   1.1894e+02   5.3401e+01   6.3242e-04   1.3852e-02   2.8338e+02
20260920_18:00:00   4.9108e-01   1.1420e+02   5.1446e+01   1.7820e-07   1.7999e-03   2.8642e+02
20260920_21:00:00   5.1881e-01   1.1914e+02   5.3141e+01   1.2477e-05   1.3920e-03   2.8419e+02
20260921_00:00:00   5.0215e-01   1.1618e+02   5.1769e+01   0.0000e+00   3.4221e-03   2.8531e+02
20260921_03:00:00   5.2016e-01   1.1928e+02   5.3375e+01   4.2960e-05   1.0070e-02   2.8720e+02
20260921_06:00:00   4.8637e-01   1.1309e+02   5.1193e+01   0.0000e+00   2.0320e-02   2.8956e+02
20260921_09:00:00   4.7853e-01   1.1163e+02   5.0478e+01   0.0000e+00   5.1432e-03   2.8720e+02
20260921_12:00:00   5.5980e-01   1.2595e+02   5.6378e+01   1.4608e-03   9.4252e-03   2.8707e+02
20260921_15:00:00   5.8153e-01   1.2944e+02   5.8767e+01   6.4619e-04   8.8285e-03   2.8871e+02
20260921_18:00:00   5.8907e-01   1.3001e+02   5.7753e+01   3.5246e-02   4.6627e-01   2.8847e+02
20260921_21:00:00   5.1864e-01   1.1867e+02   5.4223e+01   0.0000e+00   1.5069e-01   2.8521e+02
20260922_00:00:00   5.5122e-01   1.2429e+02   5.6804e+01   0.0000e+00   5.4933e-02   2.8502e+02
20260922_03:00:00   5.5265e-01   1.2462e+02   5.6449e+01   7.2640e-05   4.2904e-03   2.8505e+02
20260922_06:00:00   5.4428e-01   1.2323e+02   5.5313e+01   6.6040e-06   1.9865e-03   2.8195e+02
20260922_09:00:00   5.4919e-01   1.2405e+02   5.5709e+01   3.5166e-06   1.3898e-03   2.8236e+02
20260922_12:00:00   5.6921e-01   1.2734e+02   5.7426e+01   4.0327e-04   8.4291e-04   2.8473e+02
20260922_15:00:00   5.7522e-01   1.2839e+02   5.7955e+01   3.6567e-03   6.1315e-04   2.8761e+02
20260922_18:00:00   5.7569e-01   1.2846e+02   5.8179e+01   9.1110e-04   3.5510e-03   2.8599e+02
20260922_21:00:00   5.0554e-01   1.1656e+02   5.2646e+01   7.4582e-04   1.3274e-03   2.8465e+02
20260923_00:00:00   4.6936e-01   1.1011e+02   4.9123e+01   1.0892e-03   2.9711e-03   2.8470e+02
20260923_03:00:00   4.8188e-01   1.1242e+02   4.9898e+01   2.9779e-04   2.7384e-03   2.8604e+02
20260923_06:00:00   4.6251e-01   1.0891e+02   4.7713e+01   9.0221e-04   4.8390e-03   2.8393e+02
20260923_09:00:00   4.3589e-01   1.0405e+02   4.4859e+01   7.1760e-03   4.0567e-04   2.8486e+02
20260923_12:00:00   4.9142e-01   1.1434e+02   4.6921e+01   3.8162e-02   2.3514e-05   2.8675e+02
