#            date       tau255        Tb[K]      pwv[mm] lwp[kg*m^-2] iwp[kg*m^-2]       o3[DU]
20260923_06:00:00   4.5961e-01   1.0905e+02   4.4654e+01   3.1080e-05   0.0000e+00   2.7987e+02
20260923_07:00:00   4.4650e-01   1.0663e+02   4.3534e+01   0.0000e+00   0.0000e+00   2.8012e+02
20260923_08:00:00   4.4388e-01   1.0616e+02   4.3156e+01   5.4720e-06   0.0000e+00   2.8063e+02
20260923_09:00:00   4.5745e-01   1.0870e+02   4.4049e+01   2.2380e-05   0.0000e+00   2.8116e+02
20260923_10:00:00   4.6847e-01   1.1068e+02   4.5257e+01   0.0000e+00   0.0000e+00   2.8097e+02
20260923_11:00:00   4.8020e-01   1.1272e+02   4.6499e+01   2.3780e-05   0.0000e+00   2.8037e+02
20260923_12:00:00   4.8660e-01   1.1385e+02   4.7237e+01   2.5301e-04   0.0000e+00   2.8044e+02
20260923_13:00:00   4.9438e-01   1.1525e+02   4.7946e+01   2.0200e-04   0.0000e+00   2.8026e+02
20260923_14:00:00   4.9968e-01   1.1618e+02   4.8493e+01   1.6395e-03   0.0000e+00   2.7920e+02
20260923_15:00:00   5.0074e-01   1.1642e+02   4.8646e+01   1.5447e-03   0.0000e+00   2.8060e+02
20260923_16:00:00   5.0409e-01   1.1698e+02   4.9121e+01   1.3225e-03   0.0000e+00   2.8172e+02
20260923_17:00:00   5.0080e-01   1.1639e+02   4.8821e+01   1.2101e-03   0.0000e+00   2.8126e+02
20260923_18:00:00   5.0098e-01   1.1641e+02   4.8865e+01   1.8366e-03   0.0000e+00   2.8387e+02
20260923_19:00:00   5.0458e-01   1.1702e+02   4.9353e+01   2.5818e-04   0.0000e+00   2.8349e+02
20260923_20:00:00   5.0643e-01   1.1733e+02   4.9629e+01   5.9890e-05   0.0000e+00   2.8280e+02
20260923_21:00:00   5.0565e-01   1.1722e+02   4.9671e+01   5.9890e-05   0.0000e+00   2.8098e+02
20260923_22:00:00   5.0481e-01   1.1706e+02   4.9665e+01   0.0000e+00   0.0000e+00   2.7887e+02
20260923_23:00:00   5.0664e-01   1.1738e+02   4.9859e+01   0.0000e+00   0.0000e+00   2.7928e+02
20260924_00:00:00   5.0489e-01   1.1707e+02   4.9838e+01   0.0000e+00   0.0000e+00   2.7865e+02
20260924_01:00:00   5.0653e-01   1.1732e+02   4.9994e+01   2.4958e-06   0.0000e+00   2.7995e+02
20260924_02:00:00   5.0433e-01   1.1692e+02   4.9867e+01   0.0000e+00   0.0000e+00   2.8266e+02
20260924_03:00:00   5.0038e-01   1.1619e+02   4.9593e+01   6.8140e-06   0.0000e+00   2.8283e+02
20260924_04:00:00   4.9703e-01   1.1556e+02   4.9364e+01   0.0000e+00   0.0000e+00   2.8409e+02
20260924_05:00:00   4.9239e-01   1.1476e+02   4.8874e+01   0.0000e+00   0.0000e+00   2.8539e+02
20260924_06:00:00   4.9698e-01   1.1553e+02   4.9198e+01   8.9100e-07   0.0000e+00   2.8576e+02
20260924_07:00:00   5.0020e-01   1.1610e+02   4.9338e+01   2.4958e-06   0.0000e+00   2.8832e+02
20260924_08:00:00   5.0555e-01   1.1701e+02   4.9685e+01   0.0000e+00   3.3020e-05   2.8967e+02
20260924_09:00:00   5.0678e-01   1.1721e+02   4.9991e+01   0.0000e+00   4.1037e-05   2.9082e+02
20260924_10:00:00   5.1096e-01   1.1792e+02   5.0397e+01   1.0896e-04   3.1842e-04   2.9323e+02
20260924_11:00:00   5.1940e-01   1.1936e+02   5.1213e+01   1.9812e-05   3.6717e-03   2.9312e+02
20260924_12:00:00   5.2693e-01   1.2065e+02   5.1790e+01   1.9772e-04   6.2978e-03   2.9292e+02
20260924_13:00:00   5.3373e-01   1.2185e+02   5.2341e+01   7.0689e-04   6.6162e-03   2.9295e+02
20260924_14:00:00   5.3846e-01   1.2264e+02   5.2901e+01   3.6515e-04   2.0959e-02   2.9315e+02
20260924_15:00:00   5.1806e-01   1.1923e+02   5.1160e+01   2.4976e-04   3.7463e-03   2.9043e+02
20260924_16:00:00   4.9915e-01   1.1599e+02   4.9619e+01   4.0630e-04   8.5540e-05   2.8750e+02
20260924_17:00:00   4.8942e-01   1.1430e+02   4.8906e+01   0.0000e+00   2.1380e-06   2.8632e+02
20260924_18:00:00   4.8891e-01   1.1421e+02   4.8802e+01   0.0000e+00   0.0000e+00   2.8572e+02
20260924_19:00:00   4.8479e-01   1.1344e+02   4.8506e+01   0.0000e+00   0.0000e+00   2.8430e+02
20260924_20:00:00   4.7673e-01   1.1193e+02   4.7963e+01   1.0569e-05   0.0000e+00   2.8232e+02
20260924_21:00:00   4.6607e-01   1.0997e+02   4.7171e+01   0.0000e+00   0.0000e+00   2.8190e+02
20260924_22:00:00   4.5641e-01   1.0823e+02   4.6285e+01   0.0000e+00   0.0000e+00   2.8098e+02
20260924_23:00:00   4.5081e-01   1.0724e+02   4.5743e+01   0.0000e+00   0.0000e+00   2.7979e+02
20260925_00:00:00   4.4497e-01   1.0616e+02   4.5211e+01   0.0000e+00   1.3208e-05   2.7949e+02
20260925_01:00:00   4.4017e-01   1.0528e+02   4.4710e+01   0.0000e+00   0.0000e+00   2.8013e+02
20260925_02:00:00   4.3546e-01   1.0442e+02   4.4101e+01   0.0000e+00   0.0000e+00   2.8002e+02
20260925_03:00:00   4.3191e-01   1.0378e+02   4.3570e+01   0.0000e+00   0.0000e+00   2.8043e+02
20260925_04:00:00   4.3182e-01   1.0377e+02   4.3259e+01   6.4990e-06   0.0000e+00   2.8020e+02
20260925_05:00:00   4.3486e-01   1.0435e+02   4.3410e+01   3.5480e-05   0.0000e+00   2.8133e+02
20260925_06:00:00   4.4691e-01   1.0662e+02   4.4303e+01   4.0298e-05   0.0000e+00   2.8002e+02
20260925_07:00:00   4.7451e-01   1.1167e+02   4.6459e+01   3.0355e-04   0.0000e+00   2.7811e+02
20260925_08:00:00   4.9929e-01   1.1605e+02   4.8545e+01   1.1042e-03   0.0000e+00   2.8020e+02
20260925_09:00:00   5.0600e-01   1.1723e+02   4.9219e+01   7.4740e-05   3.7200e-23   2.8223e+02
20260925_10:00:00   4.9749e-01   1.1571e+02   4.8619e+01   0.0000e+00   0.0000e+00   2.8167e+02
20260925_11:00:00   4.9027e-01   1.1448e+02   4.7925e+01   2.2280e-07   0.0000e+00   2.8245e+02
20260925_12:00:00   4.9668e-01   1.1563e+02   4.8318e+01   0.0000e+00   1.1336e-04   2.8273e+02
20260925_13:00:00   4.9485e-01   1.1535e+02   4.8160e+01   3.9342e-04   3.5640e-07   2.8448e+02
20260925_14:00:00   4.6330e-01   1.0974e+02   4.5867e+01   0.0000e+00   0.0000e+00   2.8549e+02
20260925_15:00:00   4.5732e-01   1.0869e+02   4.5217e+01   0.0000e+00   0.0000e+00   2.8627e+02
20260925_16:00:00   4.7552e-01   1.1212e+02   4.6384e+01   9.4830e-05   3.5360e-07   2.8513e+02
20260925_17:00:00   4.8303e-01   1.1348e+02   4.6833e+01   3.4940e-04   0.0000e+00   2.8342e+02
20260925_18:00:00   4.9150e-01   1.1498e+02   4.7491e+01   7.3866e-04   1.0692e-06   2.8422e+02
20260925_19:00:00   4.9897e-01   1.1619e+02   4.8308e+01   2.2312e-03   4.6675e-04   2.8399e+02
20260925_20:00:00   4.5597e-01   1.0846e+02   4.5224e+01   8.9100e-08   1.7765e-06   2.8393e+02
20260925_21:00:00   4.2276e-01   1.0225e+02   4.2410e+01   1.7820e-07   0.0000e+00   2.8469e+02
20260925_22:00:00   4.3150e-01   1.0395e+02   4.2654e+01   0.0000e+00   3.9980e-05   2.8622e+02
20260925_23:00:00   4.4945e-01   1.0734e+02   4.3764e+01   0.0000e+00   2.8947e-03   2.8615e+02
20260926_00:00:00   4.6108e-01   1.0950e+02   4.4708e+01   0.0000e+00   1.1109e-02   2.8839e+02
20260926_01:00:00   4.5958e-01   1.0927e+02   4.4634e+01   0.0000e+00   9.7642e-03   2.8899e+02
20260926_02:00:00   4.4641e-01   1.0681e+02   4.3683e+01   1.2029e-06   2.2137e-03   2.8908e+02
20260926_03:00:00   4.3233e-01   1.0412e+02   4.2587e+01   1.5485e-04   1.0747e-03   2.8968e+02
20260926_04:00:00   4.3005e-01   1.0358e+02   4.2505e+01   2.5036e-05   5.4669e-04   2.9009e+02
20260926_05:00:00   4.3598e-01   1.0468e+02   4.2994e+01   3.8490e-05   6.8733e-04   2.8932e+02
20260926_06:00:00   4.4080e-01   1.0561e+02   4.3393e+01   3.9760e-05   8.3065e-04   2.8740e+02
20260926_07:00:00   4.3877e-01   1.0522e+02   4.3223e+01   1.2402e-05   1.6247e-02   2.8500e+02
20260926_08:00:00   4.4451e-01   1.0621e+02   4.3853e+01   0.0000e+00   4.3626e-02   2.8536e+02
20260926_09:00:00   4.6571e-01   1.1004e+02   4.5859e+01   0.0000e+00   5.0000e-02   2.8806e+02
20260926_10:00:00   4.8540e-01   1.1350e+02   4.7843e+01   2.8740e-04   6.2854e-02   2.8710e+02
20260926_11:00:00   4.5985e-01   1.0882e+02   4.6275e+01   4.8660e-07   1.9943e-02   2.8760e+02
20260926_12:00:00   4.3756e-01   1.0469e+02   4.4502e+01   4.4560e-08   9.6930e-03   2.8685e+02
20260926_13:00:00   4.5095e-01   1.0728e+02   4.5238e+01   0.0000e+00   5.5222e-03   2.8705e+02
20260926_14:00:00   4.7035e-01   1.1089e+02   4.6754e+01   9.9820e-05   6.4442e-03   2.8807e+02
20260926_15:00:00   4.7674e-01   1.1207e+02   4.7265e+01   0.0000e+00   1.6395e-03   2.8765e+02
20260926_16:00:00   4.7615e-01   1.1196e+02   4.7391e+01   0.0000e+00   3.7153e-03   2.8724e+02
20260926_17:00:00   4.7068e-01   1.1098e+02   4.7056e+01   0.0000e+00   5.7214e-03   2.8839e+02
20260926_18:00:00   4.7700e-01   1.1209e+02   4.7437e+01   1.3776e-03   5.5940e-04   2.8857e+02
20260926_19:00:00   4.6756e-01   1.1040e+02   4.6795e+01   0.0000e+00   1.8681e-03   2.8772e+02
20260926_20:00:00   4.7494e-01   1.1170e+02   4.7463e+01   0.0000e+00   8.7832e-03   2.8737e+02
20260926_21:00:00   4.7432e-01   1.1159e+02   4.7412e+01   0.0000e+00   1.4946e-02   2.8842e+02
20260926_22:00:00   4.7903e-01   1.1240e+02   4.7773e+01   0.0000e+00   6.8023e-02   2.9093e+02
20260926_23:00:00   4.8672e-01   1.1379e+02   4.8284e+01   0.0000e+00   4.6736e-02   2.9050e+02
20260927_00:00:00   4.8880e-01   1.1414e+02   4.8568e+01   0.0000e+00   1.4667e-02   2.8845e+02
20260927_01:00:00   4.8576e-01   1.1362e+02   4.8358e+01   0.0000e+00   4.9751e-03   2.8916e+02
20260927_02:00:00   4.7622e-01   1.1191e+02   4.7694e+01   0.0000e+00   1.2077e-02   2.8775e+02
20260927_03:00:00   4.7999e-01   1.1257e+02   4.7978e+01   3.3040e-05   3.3530e-03   2.8519e+02
20260927_04:00:00   4.8199e-01   1.1289e+02   4.7960e+01   2.0371e-04   5.0781e-04   2.8539e+02
20260927_05:00:00   4.9118e-01   1.1448e+02   4.8682e+01   3.7650e-03   2.9818e-04   2.8502e+02
20260927_06:00:00   5.0404e-01   1.1675e+02   4.8994e+01   1.6463e-02   1.3687e-03   2.8248e+02
20260927_07:00:00   5.0064e-01   1.1614e+02   4.8611e+01   2.2412e-02   1.8539e-02   2.8287e+02
20260927_08:00:00   4.9366e-01   1.1488e+02   4.9166e+01   4.6520e-03   1.9225e-02   2.8342e+02
20260927_09:00:00   5.0428e-01   1.1676e+02   5.0204e+01   0.0000e+00   1.7170e-03   2.8485e+02
20260927_10:00:00   5.0982e-01   1.1773e+02   5.0732e+01   1.3366e-07   1.0614e-04   2.8501e+02
20260927_11:00:00   5.0775e-01   1.1739e+02   5.0531e+01   0.0000e+00   1.8471e-03   2.8441e+02
20260927_12:00:00   5.0873e-01   1.1755e+02   5.0740e+01   3.5360e-07   9.7283e-03   2.8440e+02
20260927_13:00:00   5.1386e-01   1.1846e+02   5.1178e+01   0.0000e+00   2.7571e-02   2.8334e+02
20260927_14:00:00   5.0954e-01   1.1772e+02   5.0977e+01   0.0000e+00   3.1048e-02   2.8007e+02
20260927_15:00:00   5.0672e-01   1.1722e+02   5.0625e+01   5.9900e-05   8.5733e-03   2.7878e+02
20260927_16:00:00   5.0714e-01   1.1724e+02   5.1210e+01   0.0000e+00   1.0806e-02   2.7675e+02
20260927_17:00:00   5.1561e-01   1.1873e+02   5.2007e+01   0.0000e+00   6.7156e-04   2.7610e+02
20260927_18:00:00   5.0880e-01   1.1754e+02   5.1576e+01   0.0000e+00   1.3514e-03   2.7539e+02
20260927_19:00:00   5.0039e-01   1.1613e+02   5.0577e+01   0.0000e+00   1.9909e-04   2.7649e+02
20260927_20:00:00   4.9932e-01   1.1596e+02   5.0219e+01   7.9860e-05   8.6983e-05   2.7845e+02
20260927_21:00:00   4.9461e-01   1.1517e+02   4.9263e+01   2.6920e-03   2.5553e-04   2.7834e+02
20260927_22:00:00   4.8422e-01   1.1341e+02   4.8312e+01   9.3560e-06   1.1130e-04   2.7904e+02
20260927_23:00:00   4.8877e-01   1.1416e+02   4.8912e+01   1.7820e-07   5.2977e-05   2.7853e+02
20260928_00:00:00   4.9726e-01   1.1560e+02   4.9889e+01   0.0000e+00   0.0000e+00   2.7830e+02
20260928_01:00:00   5.1499e-01   1.1866e+02   5.1191e+01   0.0000e+00   0.0000e+00   2.7919e+02
20260928_02:00:00   5.2699e-01   1.2075e+02   5.2100e+01   2.6420e-05   0.0000e+00   2.8038e+02
20260928_03:00:00   5.1701e-01   1.1903e+02   5.1579e+01   0.0000e+00   1.3349e-05   2.8060e+02
20260928_04:00:00   4.9673e-01   1.1541e+02   5.0023e+01   0.0000e+00   1.5850e-05   2.8022e+02
20260928_05:00:00   4.6801e-01   1.1022e+02   4.7834e+01   2.4760e-06   1.4526e-05   2.7913e+02
20260928_06:00:00   4.3902e-01   1.0491e+02   4.5529e+01   2.0053e-07   5.1646e-05   2.8094e+02
20260928_09:00:00   4.8956e-01   1.1421e+02   4.9188e+01   0.0000e+00   1.8605e-04   2.8626e+02
20260928_12:00:00   5.2438e-01   1.2020e+02   5.2852e+01   0.0000e+00   2.6424e-03   2.8466e+02
20260928_15:00:00   5.2352e-01   1.2024e+02   5.2363e+01   6.8628e-04   2.7867e-04   2.8457e+02
20260928_18:00:00   5.1850e-01   1.1934e+02   5.2371e+01   0.0000e+00   6.6082e-02   2.8100e+02
20260928_21:00:00   5.6980e-01   1.2764e+02   5.6995e+01   0.0000e+00   4.2220e-01   2.7834e+02
20260929_00:00:00   4.6245e-01   1.0897e+02   4.8524e+01   0.0000e+00   1.4758e-01   2.7972e+02
20260929_03:00:00   3.9456e-01   9.6382e+01   4.1446e+01   0.0000e+00   1.4793e-02   2.7823e+02
20260929_06:00:00   4.0800e-01   9.9263e+01   4.0547e+01   1.4562e-03   1.8506e-02   2.7976e+02
20260929_09:00:00   4.1560e-01   1.0067e+02   4.0918e+01   5.0460e-03   7.1481e-04   2.7937e+02
20260929_12:00:00   3.9441e-01   9.6394e+01   4.0736e+01   0.0000e+00   1.6127e-03   2.8003e+02
20260929_15:00:00   4.3746e-01   1.0468e+02   4.4567e+01   0.0000e+00   1.9684e-05   2.8239e+02
20260929_18:00:00   4.0771e-01   9.8945e+01   4.2812e+01   0.0000e+00   6.7242e-04   2.8133e+02
20260929_21:00:00   4.7384e-01   1.1151e+02   4.7739e+01   0.0000e+00   1.6084e-05   2.7970e+02
20260930_00:00:00   4.3190e-01   1.0384e+02   4.3698e+01   0.0000e+00   4.9982e-03   2.8153e+02
20260930_03:00:00   5.1813e-01   1.1931e+02   5.1318e+01   0.0000e+00   3.9391e-04   2.8050e+02
20260930_06:00:00   4.8292e-01   1.1304e+02   4.8235e+01   1.0208e-05   3.3005e-04   2.8029e+02
20260930_09:00:00   4.8618e-01   1.1364e+02   4.8324e+01   2.5181e-05   2.5260e-04   2.8061e+02
20260930_12:00:00   5.0806e-01   1.1753e+02   5.0330e+01   4.3200e-05   6.9154e-05   2.8083e+02
20260930_15:00:00   3.7980e-01   9.3540e+01   4.0030e+01   0.0000e+00   1.8534e-06   2.8048e+02
20260930_18:00:00   4.3312e-01   1.0409e+02   4.3747e+01   3.5010e-06   4.6320e-04   2.8128e+02
20260930_21:00:00   5.3125e-01   1.2146e+02   5.2972e+01   1.5912e-04   2.2070e-03   2.7894e+02
20261001_00:00:00   4.8932e-01   1.1429e+02   4.9016e+01   0.0000e+00   2.4141e-05   2.8184e+02
20261001_03:00:00   5.3227e-01   1.2159e+02   5.3036e+01   9.1050e-04   2.1232e-03   2.8016e+02
20261001_06:00:00   3.7289e-01   9.1897e+01   3.9958e+01   3.9790e-07   3.9724e-04   2.7799e+02
20261001_09:00:00   4.0171e-01   9.7704e+01   4.1981e+01   0.0000e+00   6.6040e-06   2.7901e+02
20261001_12:00:00   4.4049e-01   1.0520e+02   4.5576e+01   0.0000e+00   0.0000e+00   2.8028e+02
20261001_15:00:00   4.9979e-01   1.1624e+02   4.9809e+01   2.7933e-03   0.0000e+00   2.8218e+02
20261001_18:00:00   4.7261e-01   1.1128e+02   4.7995e+01   0.0000e+00   7.3559e-04   2.8108e+02
20261001_21:00:00   4.8854e-01   1.1404e+02   4.9308e+01   7.2740e-05   8.9102e-04   2.7889e+02
20261002_00:00:00   5.2345e-01   1.2001e+02   5.2661e+01   6.1100e-05   3.2358e-03   2.7967e+02
20261002_03:00:00   5.2126e-01   1.1969e+02   5.2111e+01   2.5420e-04   1.8229e-04   2.8348e+02
20261002_06:00:00   5.0243e-01   1.1645e+02   5.0235e+01   5.0160e-05   0.0000e+00   2.8100e+02
20261002_09:00:00   4.4359e-01   1.0571e+02   4.5502e+01   0.0000e+00   1.0868e-04   2.7919e+02
20261002_12:00:00   3.7864e-01   9.3067e+01   4.0322e+01   7.6420e-06   2.2678e-05   2.8092e+02
20261002_15:00:00   3.9381e-01   9.6175e+01   4.1619e+01   0.0000e+00   1.3208e-05   2.8232e+02
20261002_18:00:00   4.6279e-01   1.0942e+02   4.6557e+01   5.4900e-05   1.1246e-04   2.8192e+02
20261002_21:00:00   4.7128e-01   1.1097e+02   4.7293e+01   0.0000e+00   4.8908e-04   2.8223e+02
20261003_00:00:00   5.1780e-01   1.1911e+02   5.1277e+01   7.2680e-05   1.0240e-03   2.8393e+02
20261003_03:00:00   4.8251e-01   1.1284e+02   4.8499e+01   0.0000e+00   7.4912e-04   2.8553e+02
20261003_06:00:00   4.7723e-01   1.1187e+02   4.7942e+01   0.0000e+00   3.8897e-04   2.8385e+02
20261003_09:00:00   4.7081e-01   1.1065e+02   4.7372e+01   8.8420e-07   1.5715e-04   2.8133e+02
20261003_12:00:00   4.8123e-01   1.1251e+02   4.8336e+01   0.0000e+00   1.7949e-04   2.8521e+02
20261003_15:00:00   4.9668e-01   1.1535e+02   4.9817e+01   2.2206e-03   2.0920e-05   2.8682e+02
20261003_18:00:00   5.0416e-01   1.1676e+02   5.0464e+01   2.3300e-05   1.0286e-05   2.8442e+02
20261003_21:00:00   5.2348e-01   1.1997e+02   5.2392e+01   0.0000e+00   4.5622e-04   2.8026e+02
20261004_00:00:00   5.3656e-01   1.2191e+02   5.4471e+01   0.0000e+00   6.5972e-02   2.8239e+02
20261004_03:00:00   5.3527e-01   1.2170e+02   5.4283e+01   1.6038e-06   1.4217e-01   2.8669e+02
20261004_06:00:00   5.3343e-01   1.2155e+02   5.3558e+01   0.0000e+00   1.6336e-02   2.8582e+02
20261004_09:00:00   5.1775e-01   1.1894e+02   5.2117e+01   0.0000e+00   1.3651e-05   2.8768e+02
20261004_12:00:00   5.3241e-01   1.2159e+02   5.2821e+01   0.0000e+00   9.3680e-04   2.8696e+02
20261004_15:00:00   5.4351e-01   1.2347e+02   5.3860e+01   2.6280e-04   1.8524e-03   2.8443e+02
20261004_18:00:00   5.3889e-01   1.2269e+02   5.3442e+01   2.9942e-05   6.4910e-03   2.8436e+02
20261004_21:00:00   5.2407e-01   1.2031e+02   5.1838e+01   7.6899e-05   1.5795e-03   2.8346e+02
20261005_00:00:00   5.2323e-01   1.2033e+02   5.1276e+01   0.0000e+00   1.9001e-04   2.8534e+02
20261005_03:00:00   5.0887e-01   1.1791e+02   4.9644e+01   0.0000e+00   1.7820e-07   2.8607e+02
20261005_06:00:00   5.0583e-01   1.1737e+02   4.9078e+01   1.7580e-04   5.3460e-07   2.8624e+02
20261005_09:00:00   4.5679e-01   1.0852e+02   4.5216e+01   7.1640e-06   4.3980e-05   2.8417e+02
20261005_12:00:00   4.8419e-01   1.1369e+02   4.6846e+01   6.6940e-04   1.5158e-05   2.8337e+02
20261005_15:00:00   5.0800e-01   1.1790e+02   4.9152e+01   7.8970e-04   3.9403e-04   2.8581e+02
20261005_18:00:00   5.0159e-01   1.1683e+02   4.8654e+01   3.4740e-04   1.6099e-03   2.8384e+02
20261005_21:00:00   4.9400e-01   1.1540e+02   4.8326e+01   0.0000e+00   2.5824e-03   2.8413e+02
20261006_00:00:00   5.0616e-01   1.1746e+02   4.9593e+01   7.0880e-07   2.8545e-03   2.8380e+02
20261006_03:00:00   4.9956e-01   1.1618e+02   4.9223e+01   6.7420e-06   8.8503e-04   2.8286e+02
20261006_06:00:00   3.9669e-01   9.6921e+01   4.0744e+01   0.0000e+00   4.6580e-05   2.8229e+02
20261006_09:00:00   4.4604e-01   1.0637e+02   4.4815e+01   0.0000e+00   2.4181e-04   2.8108e+02
20261006_12:00:00   4.6144e-01   1.0912e+02   4.6473e+01   1.2665e-04   1.2628e-03   2.8270e+02
20261006_15:00:00   4.8980e-01   1.1441e+02   4.8132e+01   2.0414e-03   5.0540e-04   2.8425e+02
20261006_18:00:00   4.8791e-01   1.1407e+02   4.8474e+01   1.0246e-06   5.1237e-03   2.8113e+02
20261006_21:00:00   4.2645e-01   1.0272e+02   4.3386e+01   8.8480e-07   2.9421e-03   2.8144e+02
20261007_00:00:00   5.0174e-01   1.1647e+02   4.9436e+01   8.9100e-07   6.8346e-05   2.8346e+02
20261007_03:00:00   4.9119e-01   1.1458e+02   4.8667e+01   3.1600e-05   1.0155e-03   2.8576e+02
20261007_06:00:00   4.8285e-01   1.1301e+02   4.7579e+01   2.0730e-05   7.0261e-04   2.8720e+02
20261007_09:00:00   4.8247e-01   1.1293e+02   4.7519e+01   1.5224e-04   6.5179e-04   2.8386e+02
20261007_12:00:00   4.7671e-01   1.1198e+02   4.7049e+01   0.0000e+00   2.2706e-03   2.8518e+02
20261007_15:00:00   4.9153e-01   1.1462e+02   4.8522e+01   8.4850e-05   1.0537e-03   2.8545e+02
20261007_18:00:00   4.7288e-01   1.1123e+02   4.7152e+01   4.0108e-05   6.0553e-03   2.8274e+02
20261007_21:00:00   4.3008e-01   1.0340e+02   4.3257e+01   0.0000e+00   1.0567e-04   2.8318e+02
20261008_00:00:00   4.3859e-01   1.0510e+02   4.3157e+01   0.0000e+00   1.9812e-05   2.7961e+02
20261008_03:00:00   4.7506e-01   1.1165e+02   4.6599e+01   0.0000e+00   1.0537e-04   2.7908e+02
20261008_06:00:00   4.0425e-01   9.8265e+01   4.1112e+01   0.0000e+00   5.2840e-05   2.7910e+02
20261008_09:00:00   4.3081e-01   1.0329e+02   4.3146e+01   1.0625e-04   3.9620e-05   2.7789e+02
20261008_12:00:00   4.6246e-01   1.0895e+02   4.7153e+01   0.0000e+00   2.7724e-04   2.7707e+02
20261008_15:00:00   4.6191e-01   1.0886e+02   4.7411e+01   0.0000e+00   5.3135e-03   2.7785e+02
20261008_18:00:00   4.7579e-01   1.1146e+02   4.8433e+01   6.1880e-04   1.4566e-01   2.7878e+02
20261008_21:00:00   4.8538e-01   1.1314e+02   4.9471e+01   0.0000e+00   8.1732e-02   2.7697e+02
20261009_00:00:00   4.8291e-01   1.1265e+02   4.9237e+01   0.0000e+00   6.9736e-02   2.7570e+02
20261009_03:00:00   4.9744e-01   1.1515e+02   5.0701e+01   0.0000e+00   7.2587e-02   2.7428e+02
20261009_06:00:00   5.0253e-01   1.1593e+02   5.1353e+01   0.0000e+00   2.7282e-02   2.7241e+02
