#            date       tau255        Tb[K]      pwv[mm] lwp[kg*m^-2] iwp[kg*m^-2]       o3[DU]
20260819_18:00:00   5.3506e-01   1.2233e+02   5.3074e+01   5.0240e-04   5.9370e-04   3.0145e+02
20260819_19:00:00   5.1699e-01   1.1934e+02   5.1140e+01   3.0690e-04   1.6431e-04   3.0089e+02
20260819_20:00:00   5.0089e-01   1.1664e+02   4.9226e+01   0.0000e+00   1.3602e-05   2.9832e+02
20260819_21:00:00   5.0489e-01   1.1739e+02   4.9077e+01   7.4610e-04   0.0000e+00   2.9650e+02
20260819_22:00:00   5.1513e-01   1.1908e+02   5.0032e+01   0.0000e+00   1.6393e-05   3.0016e+02
20260819_23:00:00   5.1511e-01   1.1909e+02   4.9598e+01   0.0000e+00   0.0000e+00   3.0260e+02
20260820_00:00:00   5.0151e-01   1.1670e+02   4.8212e+01   8.8060e-06   3.5640e-07   3.0172e+02
20260820_01:00:00   4.4654e-01   1.0681e+02   4.3480e+01   3.5640e-07   0.0000e+00   3.0209e+02
20260820_02:00:00   4.0625e-01   9.9188e+01   3.9886e+01   0.0000e+00   0.0000e+00   3.0465e+02
20260820_03:00:00   3.8972e-01   9.6004e+01   3.8020e+01   0.0000e+00   0.0000e+00   3.0306e+02
20260820_04:00:00   3.8042e-01   9.4179e+01   3.6845e+01   0.0000e+00   0.0000e+00   3.0194e+02
20260820_05:00:00   3.6137e-01   9.0368e+01   3.5025e+01   0.0000e+00   2.1140e-04   3.0301e+02
20260820_06:00:00   3.6061e-01   9.0190e+01   3.4613e+01   0.0000e+00   4.9938e-03   3.0409e+02
20260820_07:00:00   3.6487e-01   9.1024e+01   3.4725e+01   0.0000e+00   3.9460e-03   3.0469e+02
20260820_08:00:00   3.6817e-01   9.1688e+01   3.4873e+01   1.0136e-04   2.9940e-03   3.0243e+02
20260820_09:00:00   3.6544e-01   9.1128e+01   3.4601e+01   1.6574e-04   8.1550e-03   3.0022e+02
20260820_10:00:00   3.5805e-01   8.9646e+01   3.3867e+01   5.3050e-07   3.9874e-03   2.9916e+02
20260820_11:00:00   3.6438e-01   9.0937e+01   3.3894e+01   1.4463e-03   3.3965e-03   3.0094e+02
20260820_12:00:00   3.6443e-01   9.0965e+01   3.3085e+01   1.0409e-02   3.0614e-03   3.0424e+02
20260820_13:00:00   3.4411e-01   8.6839e+01   3.1913e+01   9.8990e-04   3.2147e-03   3.0768e+02
20260820_14:00:00   3.5340e-01   8.8715e+01   3.2903e+01   1.1361e-04   1.0369e-03   3.0895e+02
20260820_15:00:00   3.7444e-01   9.2983e+01   3.3482e+01   2.2483e-02   2.2548e-04   3.0309e+02
20260820_16:00:00   4.3098e-01   1.0402e+02   3.4171e+01   9.1368e-02   7.5347e-04   3.0260e+02
20260820_17:00:00   4.3807e-01   1.0536e+02   3.4254e+01   1.0253e-01   1.1083e-03   3.0039e+02
20260820_18:00:00   4.1705e-01   1.0131e+02   3.4511e+01   7.1300e-02   1.4308e-04   2.9880e+02
20260820_19:00:00   3.8031e-01   9.4060e+01   3.4544e+01   2.6446e-02   1.3588e-03   2.9509e+02
20260820_20:00:00   3.9939e-01   9.7784e+01   3.4649e+01   5.4680e-02   2.3730e-03   2.9578e+02
20260820_21:00:00   4.3253e-01   1.0416e+02   3.5040e+01   9.3760e-02   3.1869e-03   2.9859e+02
20260820_22:00:00   3.7653e-01   9.3216e+01   3.4865e+01   2.4360e-02   8.0806e-03   2.9767e+02
20260820_23:00:00   3.6786e-01   9.1486e+01   3.5165e+01   7.8770e-03   2.0301e-02   2.9815e+02
20260821_00:00:00   3.6646e-01   9.1199e+01   3.5612e+01   9.8140e-04   1.2430e-02   2.9688e+02
20260821_01:00:00   3.6639e-01   9.1216e+01   3.5761e+01   7.5730e-06   9.3311e-03   2.9378e+02
20260821_02:00:00   3.7286e-01   9.2552e+01   3.6185e+01   7.1950e-04   1.5494e-02   2.9436e+02
20260821_03:00:00   3.5213e-01   8.8318e+01   3.4698e+01   4.9910e-06   1.7050e-02   2.9591e+02
20260821_04:00:00   3.4571e-01   8.6897e+01   3.4056e+01   0.0000e+00   1.7003e-02   2.9563e+02
20260821_05:00:00   3.5999e-01   8.9794e+01   3.5008e+01   2.2546e-06   6.8486e-03   2.9509e+02
20260821_06:00:00   3.6824e-01   9.1449e+01   3.5616e+01   1.3509e-04   9.3512e-03   2.9458e+02
20260821_07:00:00   3.6334e-01   9.0431e+01   3.5204e+01   2.8726e-03   1.2643e-02   2.9531e+02
20260821_08:00:00   3.4806e-01   8.7253e+01   3.4391e+01   3.9790e-07   2.3605e-02   2.9141e+02
20260821_09:00:00   3.5093e-01   8.7861e+01   3.4613e+01   2.6852e-05   3.6183e-02   2.9227e+02
20260821_10:00:00   3.5500e-01   8.8729e+01   3.4825e+01   2.0968e-04   1.1542e-02   2.9563e+02
20260821_11:00:00   3.6323e-01   9.0439e+01   3.5337e+01   1.3517e-04   7.8965e-03   2.9934e+02
20260821_12:00:00   3.6468e-01   9.0778e+01   3.5290e+01   1.8152e-04   1.1273e-03   2.9969e+02
20260821_13:00:00   3.5814e-01   8.9557e+01   3.4646e+01   4.3170e-04   1.1198e-05   3.0239e+02
20260821_14:00:00   3.5574e-01   8.9146e+01   3.4473e+01   1.2438e-04   8.9100e-08   3.0383e+02
20260821_15:00:00   3.8792e-01   9.5623e+01   3.7022e+01   1.0052e-04   8.9100e-08   3.0265e+02
20260821_16:00:00   4.2677e-01   1.0315e+02   4.0037e+01   1.2516e-03   0.0000e+00   3.0177e+02
20260821_17:00:00   4.4211e-01   1.0608e+02   4.1037e+01   5.3657e-03   0.0000e+00   2.9995e+02
20260821_18:00:00   4.3372e-01   1.0445e+02   4.0739e+01   6.2804e-03   7.5400e-04   2.9848e+02
20260821_19:00:00   3.9748e-01   9.7447e+01   3.8435e+01   9.2132e-05   5.0340e-04   2.9705e+02
20260821_20:00:00   3.6890e-01   9.1783e+01   3.6098e+01   0.0000e+00   9.3680e-04   2.9691e+02
20260821_21:00:00   3.5941e-01   8.9856e+01   3.5294e+01   0.0000e+00   1.5512e-03   2.9776e+02
20260821_22:00:00   3.6833e-01   9.1661e+01   3.5932e+01   0.0000e+00   2.2943e-03   2.9736e+02
20260821_23:00:00   3.8378e-01   9.4769e+01   3.6974e+01   0.0000e+00   1.6897e-03   2.9935e+02
20260822_00:00:00   3.9702e-01   9.7347e+01   3.8028e+01   0.0000e+00   1.3039e-03   2.9996e+02
20260822_01:00:00   3.9920e-01   9.7770e+01   3.8243e+01   2.3120e-04   6.6760e-04   3.0042e+02
20260822_02:00:00   4.0726e-01   9.9339e+01   3.8725e+01   4.7560e-04   6.3280e-04   3.0414e+02
20260822_03:00:00   4.1426e-01   1.0067e+02   3.8953e+01   4.6060e-03   1.8932e-03   3.0476e+02
20260822_04:00:00   3.9283e-01   9.6481e+01   3.7559e+01   1.8214e-04   8.6953e-04   3.0283e+02
20260822_05:00:00   3.5728e-01   8.9280e+01   3.4969e+01   0.0000e+00   1.4630e-04   3.0417e+02
20260822_06:00:00   3.6149e-01   9.0083e+01   3.5359e+01   0.0000e+00   4.6494e-05   3.0299e+02
20260822_07:00:00   3.7877e-01   9.3547e+01   3.6760e+01   4.9830e-06   1.8622e-04   3.0195e+02
20260822_08:00:00   3.9874e-01   9.7460e+01   3.8364e+01   1.0674e-03   2.4296e-04   3.0176e+02
20260822_09:00:00   4.7537e-01   1.1186e+02   4.0212e+01   7.3977e-02   5.2521e-04   3.0051e+02
20260822_10:00:00   5.4114e-01   1.2345e+02   4.0578e+01   1.5667e-01   1.1578e-05   2.9970e+02
20260822_11:00:00   4.7931e-01   1.1265e+02   4.0282e+01   7.8520e-02   0.0000e+00   3.0068e+02
20260822_12:00:00   4.3572e-01   1.0463e+02   4.1547e+01   2.4317e-03   0.0000e+00   3.0107e+02
20260822_13:00:00   4.8526e-01   1.1364e+02   4.5984e+01   2.6592e-03   0.0000e+00   3.0292e+02
20260822_14:00:00   5.1124e-01   1.1811e+02   4.9018e+01   9.5570e-04   2.1300e-05   3.0165e+02
20260822_15:00:00   4.7930e-01   1.1245e+02   4.7056e+01   1.3803e-05   2.1100e-05   3.0203e+02
20260822_16:00:00   4.2752e-01   1.0302e+02   4.2540e+01   2.1380e-05   3.5360e-07   3.0087e+02
20260822_17:00:00   4.2278e-01   1.0220e+02   4.1613e+01   2.9716e-05   0.0000e+00   2.9998e+02
20260822_18:00:00   4.6448e-01   1.0997e+02   4.5092e+01   3.3572e-04   4.1260e-06   2.9974e+02
20260822_19:00:00   5.0013e-01   1.1625e+02   4.8586e+01   1.4474e-04   2.5940e-05   2.9982e+02
20260822_20:00:00   5.1536e-01   1.1881e+02   5.0194e+01   1.4474e-03   2.6720e-04   3.0034e+02
20260822_21:00:00   5.0049e-01   1.1620e+02   4.9136e+01   1.1479e-04   6.5020e-04   2.9947e+02
20260822_22:00:00   4.8321e-01   1.1323e+02   4.7380e+01   3.3020e-06   2.4045e-04   3.0052e+02
20260822_23:00:00   4.8336e-01   1.1327e+02   4.7215e+01   0.0000e+00   3.9355e-05   3.0060e+02
20260823_00:00:00   4.7541e-01   1.1184e+02   4.6434e+01   0.0000e+00   1.4210e-04   3.0104e+02
20260823_01:00:00   4.5627e-01   1.0844e+02   4.4384e+01   0.0000e+00   1.9808e-05   3.0172e+02
20260823_02:00:00   4.6159e-01   1.0939e+02   4.4951e+01   4.4380e-06   6.6540e-06   3.0347e+02
20260823_03:00:00   4.5870e-01   1.0886e+02   4.4536e+01   0.0000e+00   5.3660e-05   3.0119e+02
20260823_04:00:00   4.4083e-01   1.0559e+02   4.2791e+01   0.0000e+00   3.3700e-05   3.0083e+02
20260823_05:00:00   4.5264e-01   1.0773e+02   4.3867e+01   0.0000e+00   1.6854e-05   2.9996e+02
20260823_06:00:00   4.6483e-01   1.0989e+02   4.5238e+01   0.0000e+00   2.3320e-05   2.9817e+02
20260823_07:00:00   4.6270e-01   1.0949e+02   4.5146e+01   0.0000e+00   0.0000e+00   2.9625e+02
20260823_08:00:00   4.6555e-01   1.0997e+02   4.5420e+01   0.0000e+00   0.0000e+00   2.9687e+02
20260823_09:00:00   4.6742e-01   1.1031e+02   4.5666e+01   0.0000e+00   1.3208e-05   2.9815e+02
20260823_10:00:00   4.6453e-01   1.0983e+02   4.5229e+01   0.0000e+00   5.6018e-05   2.9719e+02
20260823_11:00:00   4.5211e-01   1.0757e+02   4.4147e+01   0.0000e+00   2.8113e-04   2.9668e+02
20260823_12:00:00   4.5171e-01   1.0753e+02   4.4073e+01   0.0000e+00   1.3208e-05   2.9694e+02
20260823_13:00:00   4.5758e-01   1.0864e+02   4.4582e+01   3.7930e-04   3.3280e-06   2.9869e+02
20260823_14:00:00   4.5245e-01   1.0775e+02   4.4142e+01   1.9215e-04   0.0000e+00   2.9939e+02
20260823_15:00:00   4.4719e-01   1.0684e+02   4.3558e+01   0.0000e+00   3.6695e-05   2.9998e+02
20260823_16:00:00   4.4000e-01   1.0553e+02   4.2938e+01   0.0000e+00   3.0859e-04   3.0011e+02
20260823_17:00:00   4.4289e-01   1.0605e+02   4.3243e+01   0.0000e+00   1.7695e-03   3.0029e+02
20260823_18:00:00   4.4783e-01   1.0695e+02   4.3776e+01   0.0000e+00   4.6533e-03   3.0050e+02
20260823_19:00:00   4.4966e-01   1.0728e+02   4.3908e+01   8.8420e-08   9.9058e-04   2.9896e+02
20260823_20:00:00   4.5984e-01   1.0913e+02   4.4814e+01   1.4724e-04   1.3374e-04   2.9910e+02
20260823_21:00:00   4.6441e-01   1.0995e+02   4.5275e+01   4.9910e-06   9.2115e-04   2.9933e+02
20260823_22:00:00   4.6486e-01   1.1003e+02   4.5241e+01   0.0000e+00   3.2861e-03   2.9832e+02
20260823_23:00:00   4.6556e-01   1.1015e+02   4.5237e+01   0.0000e+00   5.2943e-03   2.9748e+02
20260824_00:00:00   4.6061e-01   1.0919e+02   4.5066e+01   0.0000e+00   1.2024e-02   2.9631e+02
20260824_01:00:00   4.4112e-01   1.0556e+02   4.3766e+01   0.0000e+00   1.6627e-02   2.9655e+02
20260824_02:00:00   4.2380e-01   1.0230e+02   4.2498e+01   0.0000e+00   9.6102e-03   2.9690e+02
20260824_03:00:00   4.2759e-01   1.0302e+02   4.2682e+01   2.4760e-06   5.4070e-03   2.9755e+02
20260824_04:00:00   4.4695e-01   1.0661e+02   4.4083e+01   6.7720e-06   3.5067e-03   2.9680e+02
20260824_05:00:00   4.5870e-01   1.0879e+02   4.4855e+01   0.0000e+00   3.6694e-03   2.9621e+02
20260824_06:00:00   4.6625e-01   1.1015e+02   4.5438e+01   0.0000e+00   2.0320e-03   2.9581e+02
20260824_07:00:00   4.6308e-01   1.0958e+02   4.5041e+01   2.6740e-07   1.3208e-05   2.9731e+02
20260824_08:00:00   4.6228e-01   1.0949e+02   4.4783e+01   2.6420e-05   0.0000e+00   2.9671e+02
20260824_09:00:00   4.5919e-01   1.0895e+02   4.4474e+01   4.4220e-07   3.3280e-06   2.9392e+02
20260824_10:00:00   4.5465e-01   1.0814e+02   4.4048e+01   0.0000e+00   1.6636e-05   2.9383e+02
20260824_11:00:00   4.6697e-01   1.1039e+02   4.5083e+01   1.3928e-05   3.1782e-05   2.9416e+02
20260824_12:00:00   4.6015e-01   1.0914e+02   4.4713e+01   2.6160e-04   1.2230e-05   2.9345e+02
20260824_13:00:00   4.3369e-01   1.0421e+02   4.2953e+01   7.2370e-05   2.1037e-05   2.9459e+02
20260824_14:00:00   4.1806e-01   1.0127e+02   4.1687e+01   0.0000e+00   1.0962e-04   2.9510e+02
20260824_15:00:00   4.2116e-01   1.0194e+02   4.1675e+01   3.6560e-06   4.7569e-05   2.9575e+02
20260824_16:00:00   4.4674e-01   1.0685e+02   4.3361e+01   1.4250e-06   1.0413e-04   2.9563e+02
20260824_17:00:00   4.7128e-01   1.1139e+02   4.5104e+01   2.3263e-03   1.8302e-04   2.9442e+02
20260824_18:00:00   4.3854e-01   1.0535e+02   4.2857e+01   2.9079e-04   4.3315e-05   2.9389e+02
20260824_21:00:00   5.1163e-01   1.1840e+02   4.9520e+01   8.1820e-04   1.0567e-04   2.9152e+02
20260825_00:00:00   5.4228e-01   1.2336e+02   5.3549e+01   4.3840e-05   3.4232e-04   2.9025e+02
20260825_03:00:00   5.4720e-01   1.2414e+02   5.4113e+01   6.4080e-04   7.2574e-05   2.9343e+02
20260825_06:00:00   5.0084e-01   1.1619e+02   5.0246e+01   0.0000e+00   1.3398e-05   2.9311e+02
20260825_09:00:00   5.8453e-01   1.3055e+02   4.6368e+01   1.6103e-01   2.3380e-05   2.9421e+02
20260825_12:00:00   5.5799e-01   1.2619e+02   4.4091e+01   1.5481e-01   5.1840e-04   2.9504e+02
20260825_15:00:00   4.2067e-01   1.0173e+02   4.1017e+01   1.4420e-02   0.0000e+00   2.9527e+02
20260825_18:00:00   3.9544e-01   9.6975e+01   3.9393e+01   0.0000e+00   0.0000e+00   2.9359e+02
20260825_21:00:00   3.9214e-01   9.6365e+01   3.9488e+01   0.0000e+00   0.0000e+00   2.9161e+02
20260826_00:00:00   4.0129e-01   9.8092e+01   4.0128e+01   0.0000e+00   0.0000e+00   2.9032e+02
20260826_03:00:00   4.0180e-01   9.8104e+01   4.0573e+01   0.0000e+00   0.0000e+00   2.9065e+02
20260826_06:00:00   4.2117e-01   1.0170e+02   4.2560e+01   0.0000e+00   0.0000e+00   2.9052e+02
20260826_09:00:00   4.7747e-01   1.1219e+02   4.6524e+01   2.1721e-04   0.0000e+00   2.9021e+02
20260826_12:00:00   4.9690e-01   1.1567e+02   4.8166e+01   3.0574e-05   0.0000e+00   2.9019e+02
20260826_15:00:00   4.8763e-01   1.1411e+02   4.7498e+01   5.2580e-04   1.9964e-05   2.9216e+02
20260826_18:00:00   4.6920e-01   1.1081e+02   4.6056e+01   0.0000e+00   0.0000e+00   2.9165e+02
20260826_21:00:00   4.5189e-01   1.0765e+02   4.3979e+01   0.0000e+00   0.0000e+00   2.9212e+02
20260827_00:00:00   4.5407e-01   1.0814e+02   4.2793e+01   5.5472e-04   0.0000e+00   2.9361e+02
20260827_03:00:00   4.2100e-01   1.0213e+02   3.9218e+01   4.6620e-05   0.0000e+00   2.9480e+02
20260827_06:00:00   4.1293e-01   1.0043e+02   3.8512e+01   8.2869e-04   0.0000e+00   2.9395e+02
20260827_09:00:00   3.3165e-01   8.4278e+01   3.0868e+01   0.0000e+00   2.6620e-06   2.9453e+02
20260827_12:00:00   4.3808e-01   1.0515e+02   4.1257e+01   2.0536e-03   5.3060e-07   2.9319e+02
20260827_15:00:00   4.9186e-01   1.1476e+02   4.7884e+01   2.1020e-03   2.6418e-05   2.9412e+02
20260827_18:00:00   4.8841e-01   1.1419e+02   4.7415e+01   1.7302e-04   0.0000e+00   2.9418e+02
20260827_21:00:00   4.9234e-01   1.1497e+02   4.7809e+01   0.0000e+00   0.0000e+00   2.9540e+02
20260828_00:00:00   4.9095e-01   1.1477e+02   4.7453e+01   0.0000e+00   0.0000e+00   2.9587e+02
20260828_03:00:00   4.8969e-01   1.1460e+02   4.6917e+01   0.0000e+00   0.0000e+00   2.9567e+02
20260828_06:00:00   4.7185e-01   1.1147e+02   4.4044e+01   0.0000e+00   0.0000e+00   2.9401e+02
20260828_09:00:00   4.2695e-01   1.0330e+02   3.9910e+01   2.7900e-04   0.0000e+00   2.9240e+02
20260828_12:00:00   3.9427e-01   9.6876e+01   3.8082e+01   0.0000e+00   1.7820e-07   2.9308e+02
20260828_15:00:00   4.0674e-01   9.9392e+01   4.0191e+01   0.0000e+00   0.0000e+00   2.9218e+02
20260828_18:00:00   4.5376e-01   1.0835e+02   4.4583e+01   9.7460e-07   1.3488e-05   2.9291e+02
20260828_21:00:00   4.9709e-01   1.1600e+02   4.8469e+01   1.3675e-03   1.2818e-04   2.9036e+02
20260829_00:00:00   5.0139e-01   1.1661e+02   4.9411e+01   0.0000e+00   3.6760e-05   2.8989e+02
20260829_03:00:00   5.2237e-01   1.2003e+02   5.1626e+01   4.1420e-06   4.4846e-04   2.8618e+02
20260829_06:00:00   4.6681e-01   1.1029e+02   4.6490e+01   0.0000e+00   0.0000e+00   2.8193e+02
20260829_09:00:00   4.3579e-01   1.0462e+02   4.3012e+01   1.2722e-04   0.0000e+00   2.8110e+02
20260829_12:00:00   4.9326e-01   1.1523e+02   4.7071e+01   2.3437e-04   2.6740e-05   2.8090e+02
20260829_15:00:00   4.8530e-01   1.1396e+02   4.6140e+01   5.5060e-03   3.3280e-06   2.8135e+02
20260829_18:00:00   4.6436e-01   1.1021e+02   4.4518e+01   1.3974e-03   0.0000e+00   2.8310e+02
20260829_21:00:00   4.8202e-01   1.1339e+02   4.6187e+01   6.1960e-07   0.0000e+00   2.8143e+02
20260830_00:00:00   4.9620e-01   1.1578e+02   4.7650e+01   1.3264e-06   2.7320e-05   2.8300e+02
20260830_03:00:00   4.7069e-01   1.1124e+02   4.5669e+01   1.6888e-04   0.0000e+00   2.8482e+02
20260830_06:00:00   4.7915e-01   1.1266e+02   4.6003e+01   3.8000e-06   0.0000e+00   2.8451e+02
20260830_09:00:00   4.7722e-01   1.1225e+02   4.6013e+01   0.0000e+00   0.0000e+00   2.8353e+02
20260830_12:00:00   4.9080e-01   1.1479e+02   4.6869e+01   1.5075e-03   0.0000e+00   2.8538e+02
20260830_15:00:00   4.5503e-01   1.0824e+02   4.4967e+01   0.0000e+00   0.0000e+00   2.8831e+02
20260830_18:00:00   5.0462e-01   1.1725e+02   4.8410e+01   2.5287e-03   9.9320e-06   2.8831e+02
20260830_21:00:00   4.8737e-01   1.1424e+02   4.7105e+01   1.9965e-05   1.4094e-05   2.9070e+02
20260831_00:00:00   4.8541e-01   1.1386e+02   4.6809e+01   0.0000e+00   1.7820e-07   2.9091e+02
20260831_03:00:00   4.4706e-01   1.0680e+02   4.3793e+01   1.6636e-06   6.7160e-05   2.9052e+02
20260831_06:00:00   4.4070e-01   1.0548e+02   4.2742e+01   4.8946e-03   6.8580e-05   2.8950e+02
20260831_09:00:00   4.5324e-01   1.0785e+02   4.3556e+01   6.1960e-07   3.1400e-05   2.8848e+02
20260831_12:00:00   4.4566e-01   1.0661e+02   4.2702e+01   4.9910e-06   2.6600e-07   2.9178e+02
20260831_15:00:00   4.2219e-01   1.0217e+02   4.1180e+01   0.0000e+00   2.6740e-05   2.9208e+02
20260831_18:00:00   4.2712e-01   1.0319e+02   4.1215e+01   0.0000e+00   1.1394e-03   2.9193e+02
20260831_21:00:00   4.3228e-01   1.0417e+02   4.1692e+01   1.0232e-04   2.4505e-03   2.9256e+02
20260901_00:00:00   4.7443e-01   1.1191e+02   4.5042e+01   3.3858e-06   9.2037e-04   2.9313e+02
20260901_03:00:00   4.8591e-01   1.1394e+02   4.5925e+01   1.1570e-06   6.9409e-03   2.9204e+02
20260901_06:00:00   4.9261e-01   1.1492e+02   4.7307e+01   0.0000e+00   3.8354e-02   2.9054e+02
20260901_09:00:00   5.0835e-01   1.1731e+02   5.1092e+01   0.0000e+00   1.2406e-02   2.8936e+02
20260901_12:00:00   5.3668e-01   1.2200e+02   5.4806e+01   1.9468e-04   1.6831e-02   2.9035e+02
20260901_15:00:00   5.0329e-01   1.1647e+02   5.1133e+01   2.6740e-07   2.7705e-04   2.9185e+02
20260901_18:00:00   5.2205e-01   1.1945e+02   5.3926e+01   0.0000e+00   7.0531e-03   2.9044e+02
20260901_21:00:00   7.4599e-01   1.5171e+02   5.9288e+01   2.0108e-01   3.7932e-01   2.8882e+02
20260902_00:00:00   7.1296e-01   1.4757e+02   5.7955e+01   1.7646e-01   5.0605e-02   2.9038e+02
20260902_03:00:00   9.0093e-01   1.7045e+02   5.8918e+01   3.7285e-01   3.8295e-02   2.8640e+02
20260902_06:00:00   6.0614e-01   1.3277e+02   5.7536e+01   5.2352e-02   6.7567e-03   2.8586e+02
20260902_09:00:00   5.5879e-01   1.2551e+02   5.7354e+01   0.0000e+00   2.0166e-03   2.8058e+02
20260902_12:00:00   5.2419e-01   1.1989e+02   5.3989e+01   0.0000e+00   3.5476e-03   2.8175e+02
20260902_15:00:00   5.3496e-01   1.2198e+02   5.3908e+01   1.1358e-03   9.3496e-04   2.8156e+02
20260902_18:00:00   5.4637e-01   1.2400e+02   5.4556e+01   8.8420e-07   9.6938e-05   2.7895e+02
20260902_21:00:00   5.5319e-01   1.2518e+02   5.4968e+01   9.9820e-06   1.3244e-03   2.7848e+02
20260903_00:00:00   5.5088e-01   1.2492e+02   5.3784e+01   0.0000e+00   2.6722e-04   2.7821e+02
20260903_03:00:00   5.1750e-01   1.1925e+02   5.1070e+01   9.9180e-05   2.4500e-05   2.7814e+02
20260903_06:00:00   5.1843e-01   1.1947e+02   5.0686e+01   1.0246e-06   2.6860e-05   2.8199e+02
20260903_09:00:00   5.1765e-01   1.1930e+02   5.0533e+01   0.0000e+00   3.0612e-05   2.8388e+02
20260903_12:00:00   5.1748e-01   1.1933e+02   5.0423e+01   3.9175e-03   2.1940e-04   2.8503e+02
20260903_15:00:00   5.1989e-01   1.1991e+02   5.0142e+01   1.1746e-02   7.8763e-05   2.8503e+02
20260903_18:00:00   5.1253e-01   1.1864e+02   5.0267e+01   0.0000e+00   3.5360e-06   2.8390e+02
20260903_21:00:00   5.1101e-01   1.1828e+02   5.0673e+01   4.9910e-06   3.5640e-07   2.8411e+02
20260904_00:00:00   5.1316e-01   1.1865e+02   5.0726e+01   1.9806e-04   6.8983e-06   2.8325e+02
20260904_03:00:00   4.9265e-01   1.1505e+02   4.9091e+01   0.0000e+00   0.0000e+00   2.8417e+02
20260904_06:00:00   5.0842e-01   1.1766e+02   5.0204e+01   1.3964e-03   3.7140e-05   2.8328e+02
20260904_09:00:00   5.2739e-01   1.2084e+02   5.1785e+01   4.3620e-06   5.5294e-04   2.8501e+02
20260904_12:00:00   4.9128e-01   1.1482e+02   4.7743e+01   3.1340e-05   7.5077e-05   2.8502e+02
20260904_15:00:00   4.3919e-01   1.0543e+02   4.3037e+01   5.5694e-04   2.6600e-07   2.8446e+02
20260904_18:00:00   4.0975e-01   9.9827e+01   4.0824e+01   0.0000e+00   0.0000e+00   2.8582e+02
