#            date       tau255        Tb[K]      pwv[mm] lwp[kg*m^-2] iwp[kg*m^-2]       o3[DU]
20260918_06:00:00   4.5169e-01   1.0738e+02   4.5931e+01   0.0000e+00   1.8920e-02   2.8712e+02
20260918_07:00:00   4.5090e-01   1.0726e+02   4.5809e+01   0.0000e+00   5.8284e-03   2.8586e+02
20260918_08:00:00   4.5775e-01   1.0849e+02   4.6674e+01   0.0000e+00   2.2743e-03   2.8560e+02
20260918_09:00:00   4.7441e-01   1.1148e+02   4.8347e+01   0.0000e+00   1.5280e-04   2.8589e+02
20260918_10:00:00   4.7623e-01   1.1176e+02   4.8838e+01   0.0000e+00   4.5112e-05   2.8563e+02
20260918_11:00:00   4.6882e-01   1.1042e+02   4.8271e+01   0.0000e+00   3.0225e-04   2.8525e+02
20260918_12:00:00   4.7393e-01   1.1138e+02   4.8431e+01   0.0000e+00   1.6442e-03   2.8639e+02
20260918_13:00:00   4.7065e-01   1.1078e+02   4.8253e+01   5.7150e-04   1.5277e-03   2.8682e+02
20260918_14:00:00   4.6678e-01   1.1004e+02   4.8223e+01   0.0000e+00   4.1906e-03   2.8669e+02
20260918_15:00:00   4.7087e-01   1.1076e+02   4.8739e+01   0.0000e+00   4.6808e-03   2.8704e+02
20260918_16:00:00   4.7809e-01   1.1208e+02   4.9366e+01   0.0000e+00   2.0293e-03   2.8788e+02
20260918_17:00:00   4.9721e-01   1.1553e+02   5.0799e+01   0.0000e+00   3.0779e-04   2.8914e+02
20260918_18:00:00   5.1346e-01   1.1841e+02   5.2121e+01   5.7390e-05   2.9388e-04   2.8949e+02
20260918_19:00:00   5.3065e-01   1.2134e+02   5.3428e+01   2.6763e-03   4.2620e-04   2.8911e+02
20260918_20:00:00   5.3566e-01   1.2213e+02   5.4107e+01   7.9404e-04   1.7848e-04   2.8779e+02
20260918_21:00:00   5.3518e-01   1.2206e+02   5.3954e+01   6.9870e-04   0.0000e+00   2.8723e+02
20260918_22:00:00   5.2238e-01   1.1987e+02   5.2950e+01   0.0000e+00   2.9780e-04   2.8726e+02
20260918_23:00:00   5.1006e-01   1.1772e+02   5.1974e+01   0.0000e+00   9.7215e-04   2.8791e+02
20260919_00:00:00   5.0104e-01   1.1610e+02   5.1356e+01   0.0000e+00   2.1378e-04   2.8805e+02
20260919_01:00:00   4.9484e-01   1.1495e+02   5.1021e+01   0.0000e+00   1.1106e-04   2.8808e+02
20260919_02:00:00   5.1090e-01   1.1774e+02   5.2236e+01   0.0000e+00   1.4153e-04   2.8765e+02
20260919_03:00:00   5.3247e-01   1.2146e+02   5.3823e+01   5.1540e-04   6.7435e-04   2.8676e+02
20260919_04:00:00   5.2524e-01   1.2019e+02   5.3362e+01   3.1940e-04   4.9967e-04   2.8663e+02
20260919_05:00:00   4.9791e-01   1.1536e+02   5.1344e+01   5.2840e-05   1.5310e-05   2.8773e+02
20260919_06:00:00   4.8543e-01   1.1312e+02   5.0313e+01   0.0000e+00   4.8840e-05   2.8916e+02
20260919_07:00:00   5.0710e-01   1.1695e+02   5.1792e+01   3.4520e-06   2.4477e-04   2.8952e+02
20260919_08:00:00   5.3376e-01   1.2147e+02   5.3928e+01   1.3828e-05   5.4696e-05   2.9079e+02
20260919_09:00:00   5.4256e-01   1.2295e+02   5.4609e+01   2.7360e-05   9.5940e-04   2.9036e+02
20260919_10:00:00   5.2953e-01   1.2077e+02   5.3616e+01   0.0000e+00   4.6283e-04   2.8957e+02
20260919_11:00:00   4.9876e-01   1.1539e+02   5.1307e+01   0.0000e+00   3.5135e-04   2.8843e+02
20260919_12:00:00   4.7905e-01   1.1190e+02   4.9827e+01   0.0000e+00   7.9347e-05   2.8976e+02
20260919_13:00:00   4.7268e-01   1.1084e+02   4.9206e+01   0.0000e+00   4.6798e-05   2.9018e+02
20260919_14:00:00   4.7351e-01   1.1105e+02   4.9263e+01   0.0000e+00   2.0260e-05   2.8973e+02
20260919_15:00:00   4.7597e-01   1.1149e+02   4.9566e+01   0.0000e+00   4.7540e-05   2.8940e+02
20260919_16:00:00   4.7431e-01   1.1118e+02   4.9532e+01   0.0000e+00   8.1600e-05   2.8874e+02
20260919_17:00:00   4.6598e-01   1.0969e+02   4.8984e+01   0.0000e+00   3.6803e-05   2.8831e+02
20260919_18:00:00   4.6600e-01   1.0969e+02   4.8982e+01   0.0000e+00   9.0800e-06   2.8837e+02
20260919_19:00:00   4.6819e-01   1.1009e+02   4.9042e+01   0.0000e+00   3.4580e-05   2.8846e+02
20260919_20:00:00   4.6394e-01   1.0933e+02   4.8605e+01   0.0000e+00   6.2940e-05   2.8809e+02
20260919_21:00:00   4.6447e-01   1.0945e+02   4.8531e+01   0.0000e+00   0.0000e+00   2.8798e+02
20260919_22:00:00   4.6787e-01   1.1009e+02   4.8700e+01   0.0000e+00   6.6540e-06   2.8903e+02
20260919_23:00:00   4.7961e-01   1.1224e+02   4.9515e+01   0.0000e+00   2.8660e-05   2.8887e+02
20260920_00:00:00   4.9810e-01   1.1558e+02   5.0731e+01   0.0000e+00   1.0076e-04   2.8862e+02
20260920_01:00:00   5.0382e-01   1.1661e+02   5.1031e+01   0.0000e+00   3.3000e-05   2.8959e+02
20260920_02:00:00   4.9055e-01   1.1423e+02   5.0136e+01   0.0000e+00   3.2036e-04   2.9045e+02
20260920_03:00:00   4.7829e-01   1.1195e+02   4.9309e+01   2.6520e-07   1.4974e-03   2.9054e+02
20260920_04:00:00   4.6951e-01   1.1028e+02   4.8829e+01   0.0000e+00   3.6863e-04   2.8903e+02
20260920_05:00:00   4.6791e-01   1.0994e+02   4.8723e+01   8.8820e-07   2.9496e-04   2.8769e+02
20260920_06:00:00   4.7058e-01   1.1040e+02   4.8914e+01   0.0000e+00   9.0338e-04   2.8636e+02
20260920_07:00:00   4.7182e-01   1.1058e+02   4.8936e+01   0.0000e+00   1.1888e-03   2.8593e+02
20260920_08:00:00   4.7198e-01   1.1056e+02   4.9002e+01   0.0000e+00   1.0765e-03   2.8519e+02
20260920_09:00:00   4.6875e-01   1.0995e+02   4.8849e+01   0.0000e+00   1.1887e-03   2.8420e+02
20260920_10:00:00   4.6656e-01   1.0954e+02   4.8717e+01   4.4560e-08   1.3209e-03   2.8286e+02
20260920_11:00:00   4.6198e-01   1.0872e+02   4.8317e+01   2.2140e-07   8.9614e-04   2.8289e+02
20260920_12:00:00   4.6908e-01   1.1009e+02   4.8703e+01   5.7500e-07   1.3325e-04   2.8414e+02
20260920_13:00:00   4.8368e-01   1.1280e+02   4.9661e+01   0.0000e+00   3.7442e-04   2.8533e+02
20260920_14:00:00   4.9317e-01   1.1459e+02   5.0414e+01   3.3020e-06   3.2472e-03   2.8545e+02
20260920_15:00:00   5.0916e-01   1.1744e+02   5.1723e+01   1.4973e-04   4.2914e-03   2.8557e+02
20260920_16:00:00   5.1557e-01   1.1859e+02   5.2230e+01   2.3372e-04   1.7366e-03   2.8572e+02
20260920_17:00:00   5.1631e-01   1.1870e+02   5.2279e+01   5.2737e-04   9.3684e-04   2.8633e+02
20260920_18:00:00   5.0479e-01   1.1675e+02   5.1401e+01   2.7703e-04   2.9523e-04   2.8672e+02
20260920_19:00:00   5.0336e-01   1.1649e+02   5.1301e+01   9.4000e-05   5.4113e-05   2.8599e+02
20260920_20:00:00   5.1437e-01   1.1842e+02   5.2013e+01   7.9350e-04   3.4160e-06   2.8552e+02
20260920_21:00:00   5.2169e-01   1.1966e+02   5.2640e+01   2.4958e-06   8.6838e-05   2.8457e+02
20260920_22:00:00   5.2624e-01   1.2036e+02   5.3170e+01   0.0000e+00   7.0100e-04   2.8462e+02
20260920_23:00:00   5.2700e-01   1.2050e+02   5.3097e+01   0.0000e+00   8.7520e-05   2.8554e+02
20260921_00:00:00   5.2747e-01   1.2058e+02   5.3079e+01   0.0000e+00   3.9574e-04   2.8655e+02
20260921_01:00:00   5.2810e-01   1.2070e+02   5.3051e+01   0.0000e+00   6.3400e-04   2.8642e+02
20260921_02:00:00   5.2434e-01   1.2006e+02   5.2655e+01   9.5760e-05   2.2836e-04   2.8768e+02
20260921_03:00:00   5.1763e-01   1.1889e+02   5.2122e+01   2.3920e-04   1.9882e-04   2.8787e+02
20260921_04:00:00   5.0679e-01   1.1694e+02   5.1411e+01   4.2920e-05   6.0852e-04   2.8808e+02
20260921_05:00:00   4.9111e-01   1.1407e+02   5.0386e+01   0.0000e+00   4.0724e-04   2.8847e+02
20260921_06:00:00   4.7594e-01   1.1127e+02   4.9276e+01   0.0000e+00   2.1288e-04   2.8857e+02
20260921_07:00:00   4.7540e-01   1.1119e+02   4.9160e+01   0.0000e+00   9.6153e-04   2.8712e+02
20260921_08:00:00   4.8575e-01   1.1307e+02   4.9813e+01   0.0000e+00   2.1645e-03   2.8624e+02
20260921_09:00:00   4.7919e-01   1.1193e+02   4.9302e+01   0.0000e+00   8.5966e-04   2.8653e+02
20260921_10:00:00   4.7917e-01   1.1190e+02   4.9137e+01   0.0000e+00   2.9311e-04   2.8753e+02
20260921_11:00:00   4.6544e-01   1.0944e+02   4.8044e+01   0.0000e+00   2.2858e-04   2.8914e+02
20260921_12:00:00   4.5091e-01   1.0682e+02   4.6956e+01   0.0000e+00   2.6414e-04   2.8948e+02
20260921_13:00:00   4.3609e-01   1.0409e+02   4.5894e+01   0.0000e+00   2.0631e-04   2.8931e+02
20260921_14:00:00   4.2161e-01   1.0136e+02   4.4722e+01   0.0000e+00   8.8060e-05   2.9021e+02
20260921_15:00:00   4.1503e-01   1.0009e+02   4.4180e+01   0.0000e+00   6.6540e-06   2.9113e+02
20260921_16:00:00   4.1948e-01   1.0096e+02   4.4510e+01   0.0000e+00   0.0000e+00   2.9128e+02
20260921_17:00:00   4.2719e-01   1.0247e+02   4.5067e+01   0.0000e+00   0.0000e+00   2.9049e+02
20260921_18:00:00   4.3757e-01   1.0447e+02   4.5828e+01   9.9040e-06   0.0000e+00   2.8957e+02
20260921_19:00:00   4.3673e-01   1.0435e+02   4.5666e+01   4.9520e-06   6.8320e-06   2.8798e+02
20260921_20:00:00   4.2616e-01   1.0239e+02   4.4764e+01   2.0337e-06   4.6760e-05   2.8743e+02
20260921_21:00:00   4.1753e-01   1.0073e+02   4.4031e+01   1.1052e-06   2.5180e-04   2.8776e+02
20260921_22:00:00   4.1266e-01   9.9797e+01   4.3539e+01   1.0611e-06   1.0304e-03   2.8754e+02
20260921_23:00:00   4.2639e-01   1.0249e+02   4.4389e+01   0.0000e+00   1.4642e-03   2.8714e+02
20260922_00:00:00   4.6455e-01   1.0968e+02   4.7029e+01   0.0000e+00   1.5776e-03   2.8776e+02
20260922_01:00:00   4.9693e-01   1.1554e+02   4.9369e+01   2.5940e-03   4.3557e-04   2.8809e+02
20260922_02:00:00   5.0099e-01   1.1626e+02   4.9879e+01   3.0160e-04   7.8815e-04   2.8772e+02
20260922_03:00:00   4.8436e-01   1.1330e+02   4.8608e+01   3.3420e-06   9.8101e-04   2.8786e+02
20260922_04:00:00   4.6950e-01   1.1064e+02   4.7236e+01   0.0000e+00   3.3607e-03   2.8785e+02
20260922_05:00:00   4.8229e-01   1.1296e+02   4.8029e+01   0.0000e+00   8.0972e-03   2.8816e+02
20260922_06:00:00   5.0691e-01   1.1718e+02   5.0270e+01   5.2100e-05   1.4286e-02   2.8606e+02
20260922_07:00:00   5.2608e-01   1.2037e+02   5.2066e+01   3.8780e-04   1.1644e-02   2.8494e+02
20260922_08:00:00   5.2865e-01   1.2074e+02   5.2500e+01   4.2286e-04   1.0973e-02   2.8486e+02
20260922_09:00:00   5.0922e-01   1.1737e+02   5.1228e+01   4.5849e-04   1.4058e-02   2.8494e+02
20260922_10:00:00   4.6176e-01   1.0897e+02   4.7303e+01   3.9240e-05   1.4619e-02   2.8443e+02
20260922_11:00:00   4.3698e-01   1.0442e+02   4.4921e+01   0.0000e+00   1.1658e-02   2.8395e+02
20260922_12:00:00   4.5082e-01   1.0710e+02   4.5525e+01   1.4204e-04   6.5526e-03   2.8363e+02
20260922_13:00:00   4.7896e-01   1.1227e+02   4.7720e+01   1.1045e-03   3.1478e-03   2.8290e+02
20260922_14:00:00   4.6570e-01   1.0989e+02   4.6962e+01   6.9385e-05   1.2638e-03   2.8362e+02
20260922_15:00:00   4.7162e-01   1.1104e+02   4.7397e+01   1.6510e-05   9.3400e-05   2.8459e+02
20260922_16:00:00   5.0126e-01   1.1639e+02   4.9465e+01   2.6857e-03   2.4420e-05   2.8410e+02
20260922_17:00:00   5.0847e-01   1.1764e+02   5.0165e+01   2.5903e-03   1.4269e-05   2.8386e+02
20260922_18:00:00   5.0772e-01   1.1754e+02   5.0165e+01   2.3752e-03   1.5288e-04   2.8431e+02
20260922_19:00:00   4.9510e-01   1.1533e+02   4.9335e+01   7.8765e-04   7.8860e-05   2.8248e+02
20260922_20:00:00   4.7502e-01   1.1169e+02   4.7775e+01   5.8890e-04   1.6568e-04   2.8132e+02
20260922_21:00:00   4.5832e-01   1.0856e+02   4.6552e+01   8.7340e-05   3.0380e-05   2.8061e+02
20260922_22:00:00   4.4339e-01   1.0577e+02   4.5466e+01   0.0000e+00   9.9320e-06   2.8030e+02
20260922_23:00:00   4.3464e-01   1.0410e+02   4.4783e+01   0.0000e+00   2.1840e-05   2.8021e+02
20260923_00:00:00   4.2108e-01   1.0152e+02   4.3633e+01   0.0000e+00   2.7840e-05   2.7897e+02
20260923_01:00:00   4.1502e-01   1.0037e+02   4.2965e+01   0.0000e+00   3.3775e-05   2.7881e+02
20260923_02:00:00   4.3937e-01   1.0504e+02   4.4581e+01   1.8980e-04   4.2040e-05   2.8057e+02
20260923_03:00:00   4.7302e-01   1.1129e+02   4.7015e+01   1.0795e-03   6.7420e-05   2.8243e+02
20260923_04:00:00   5.0767e-01   1.1739e+02   4.9983e+01   1.9034e-03   3.1227e-04   2.8167e+02
20260923_05:00:00   5.2154e-01   1.1971e+02   5.1401e+01   5.8860e-04   1.9354e-04   2.8088e+02
20260923_06:00:00   5.2208e-01   1.1972e+02   5.1717e+01   8.0180e-04   3.6199e-04   2.8204e+02
20260923_09:00:00   4.6442e-01   1.0957e+02   4.6738e+01   1.7684e-07   2.0140e-05   2.8392e+02
20260923_12:00:00   4.7914e-01   1.1229e+02   4.7940e+01   0.0000e+00   3.3280e-06   2.8282e+02
20260923_15:00:00   4.8632e-01   1.1369e+02   4.8493e+01   7.9580e-07   8.9100e-08   2.8342e+02
20260923_18:00:00   4.6761e-01   1.1033e+02   4.6935e+01   0.0000e+00   9.9040e-06   2.8336e+02
20260923_21:00:00   4.7644e-01   1.1196e+02   4.7349e+01   0.0000e+00   7.6295e-03   2.8315e+02
20260924_00:00:00   4.7511e-01   1.1175e+02   4.6810e+01   9.3560e-07   2.5716e-03   2.8546e+02
20260924_03:00:00   4.8336e-01   1.1327e+02   4.7288e+01   1.6904e-05   5.3900e-04   2.8563e+02
20260924_06:00:00   4.8491e-01   1.1347e+02   4.7594e+01   0.0000e+00   2.7243e-03   2.8754e+02
20260924_09:00:00   4.8549e-01   1.1351e+02   4.7805e+01   1.6636e-05   5.3314e-04   2.8438e+02
20260924_12:00:00   4.9500e-01   1.1523e+02   4.8636e+01   0.0000e+00   3.3496e-04   2.8752e+02
20260924_15:00:00   5.1709e-01   1.1907e+02   5.1043e+01   8.3287e-04   3.4638e-04   2.9126e+02
20260924_18:00:00   5.3747e-01   1.2249e+02   5.3342e+01   2.0102e-03   8.8604e-05   2.8704e+02
20260924_21:00:00   5.3846e-01   1.2253e+02   5.3863e+01   0.0000e+00   6.6287e-04   2.8238e+02
20260925_00:00:00   5.4416e-01   1.2338e+02   5.4692e+01   0.0000e+00   1.6505e-02   2.8402e+02
20260925_03:00:00   5.2897e-01   1.2084e+02   5.3164e+01   4.4214e-06   8.2350e-05   2.8493e+02
20260925_06:00:00   4.8418e-01   1.1290e+02   4.9258e+01   0.0000e+00   0.0000e+00   2.8512e+02
20260925_09:00:00   5.1662e-01   1.1864e+02   5.1717e+01   4.3360e-06   1.3653e-05   2.8482e+02
20260925_12:00:00   5.1946e-01   1.1924e+02   5.1822e+01   3.7440e-04   2.6798e-05   2.8599e+02
20260925_15:00:00   5.1132e-01   1.1791e+02   5.1299e+01   5.5040e-05   4.6584e-05   2.8751e+02
20260925_18:00:00   5.1776e-01   1.1913e+02   5.1682e+01   5.9157e-04   6.6042e-05   2.8908e+02
20260925_21:00:00   4.4148e-01   1.0530e+02   4.5660e+01   0.0000e+00   1.1880e-05   2.8910e+02
20260926_00:00:00   4.5572e-01   1.0801e+02   4.6005e+01   0.0000e+00   7.7220e-06   2.8789e+02
20260926_03:00:00   4.8558e-01   1.1360e+02   4.8008e+01   3.1660e-06   0.0000e+00   2.8703e+02
20260926_06:00:00   5.0193e-01   1.1635e+02   4.9947e+01   2.7000e-05   4.7700e-05   2.8382e+02
20260926_09:00:00   4.9153e-01   1.1445e+02   4.9037e+01   2.2457e-05   2.2475e-04   2.8572e+02
20260926_12:00:00   5.2071e-01   1.1952e+02   5.1637e+01   6.9540e-04   5.7564e-03   2.8732e+02
20260926_15:00:00   4.7518e-01   1.1153e+02   4.8708e+01   0.0000e+00   1.0349e-04   2.8651e+02
20260926_18:00:00   5.1562e-01   1.1876e+02   5.1572e+01   1.4973e-05   2.5802e-06   2.8727e+02
20260926_21:00:00   5.1455e-01   1.1855e+02   5.1474e+01   8.3100e-04   6.6460e-05   2.8593e+02
20260927_00:00:00   4.9928e-01   1.1580e+02   5.0350e+01   0.0000e+00   7.1341e-04   2.8489e+02
20260927_03:00:00   4.8831e-01   1.1393e+02   4.8996e+01   0.0000e+00   2.4613e-04   2.8480e+02
20260927_06:00:00   4.6457e-01   1.0965e+02   4.6726e+01   0.0000e+00   2.1380e-07   2.8061e+02
20260927_09:00:00   4.9732e-01   1.1555e+02   4.8894e+01   0.0000e+00   0.0000e+00   2.8105e+02
20260927_12:00:00   4.8642e-01   1.1366e+02   4.7931e+01   1.7070e-03   0.0000e+00   2.8232e+02
20260927_15:00:00   4.6272e-01   1.0943e+02   4.6407e+01   8.4850e-05   0.0000e+00   2.8364e+02
20260927_18:00:00   4.8662e-01   1.1376e+02   4.8177e+01   5.4900e-05   0.0000e+00   2.7941e+02
20260927_21:00:00   4.9668e-01   1.1547e+02   4.9109e+01   2.9942e-05   0.0000e+00   2.8001e+02
20260928_00:00:00   5.0300e-01   1.1647e+02   4.9987e+01   0.0000e+00   6.7440e-06   2.8090e+02
20260928_03:00:00   5.0500e-01   1.1681e+02   5.0064e+01   0.0000e+00   1.2264e-05   2.8454e+02
20260928_06:00:00   4.9921e-01   1.1577e+02   4.9256e+01   3.4780e-06   0.0000e+00   2.8482e+02
20260928_09:00:00   4.7935e-01   1.1229e+02   4.7495e+01   0.0000e+00   2.0260e-05   2.8515e+02
20260928_12:00:00   4.8702e-01   1.1371e+02   4.7842e+01   9.0210e-06   1.4166e-04   2.8672e+02
20260928_15:00:00   4.9309e-01   1.1484e+02   4.8414e+01   1.2377e-03   1.2055e-04   2.8780e+02
20260928_18:00:00   4.8184e-01   1.1293e+02   4.7637e+01   3.3900e-06   5.1843e-04   2.8760e+02
20260928_21:00:00   4.8864e-01   1.1410e+02   4.8294e+01   7.4120e-04   4.0024e-05   2.8675e+02
20260929_00:00:00   4.8111e-01   1.1280e+02   4.7469e+01   0.0000e+00   1.5645e-03   2.8828e+02
20260929_03:00:00   4.6210e-01   1.0938e+02   4.5932e+01   3.7860e-06   9.6705e-05   2.8754e+02
20260929_06:00:00   4.7759e-01   1.1211e+02   4.7022e+01   3.6320e-05   1.7460e-03   2.8758e+02
20260929_09:00:00   4.7753e-01   1.1211e+02   4.6933e+01   0.0000e+00   5.7384e-04   2.8763e+02
20260929_12:00:00   4.6324e-01   1.0967e+02   4.5385e+01   2.2710e-04   0.0000e+00   2.8754e+02
20260929_15:00:00   4.9103e-01   1.1473e+02   4.7611e+01   1.7343e-03   0.0000e+00   2.8636e+02
20260929_18:00:00   4.5112e-01   1.0759e+02   4.4426e+01   3.6786e-04   0.0000e+00   2.8354e+02
20260929_21:00:00   4.7040e-01   1.1108e+02   4.5878e+01   1.0731e-03   0.0000e+00   2.8077e+02
20260930_00:00:00   4.9733e-01   1.1570e+02   4.8490e+01   8.8720e-06   2.0580e-04   2.8358e+02
20260930_03:00:00   4.7959e-01   1.1266e+02   4.6799e+01   6.9520e-05   2.8540e-05   2.8309e+02
20260930_06:00:00   4.5492e-01   1.0813e+02   4.4544e+01   0.0000e+00   7.3440e-05   2.7991e+02
20260930_09:00:00   4.3058e-01   1.0371e+02   4.2087e+01   0.0000e+00   1.1274e-05   2.8033e+02
20260930_12:00:00   4.4516e-01   1.0659e+02   4.2905e+01   4.6470e-07   5.5800e-04   2.7940e+02
20260930_15:00:00   4.3519e-01   1.0481e+02   4.2196e+01   0.0000e+00   0.0000e+00   2.8031e+02
20260930_18:00:00   4.3302e-01   1.0445e+02   4.1577e+01   8.6660e-06   3.1320e-04   2.8043e+02
20260930_21:00:00   4.4021e-01   1.0580e+02   4.1807e+01   2.4958e-04   1.9964e-05   2.8053e+02
20261001_00:00:00   4.2862e-01   1.0362e+02   4.0698e+01   0.0000e+00   1.0972e-04   2.8183e+02
20261001_03:00:00   4.6313e-01   1.0991e+02   4.3681e+01   0.0000e+00   1.0090e-04   2.8363e+02
20261001_06:00:00   4.4481e-01   1.0655e+02   4.1484e+01   9.0200e-06   2.9440e-06   2.8384e+02
20261001_09:00:00   4.3629e-01   1.0504e+02   4.0182e+01   0.0000e+00   9.2500e-05   2.8386e+02
20261001_12:00:00   3.9498e-01   9.7114e+01   3.6985e+01   0.0000e+00   0.0000e+00   2.8221e+02
20261001_15:00:00   3.7013e-01   9.2252e+01   3.5336e+01   0.0000e+00   0.0000e+00   2.8355e+02
20261001_18:00:00   3.5307e-01   8.8759e+01   3.4436e+01   0.0000e+00   0.0000e+00   2.8291e+02
20261001_21:00:00   3.3902e-01   8.5830e+01   3.2799e+01   0.0000e+00   7.6930e-06   2.8208e+02
20261002_00:00:00   3.8908e-01   9.5767e+01   3.8218e+01   1.7684e-07   3.1267e-05   2.8550e+02
20261002_03:00:00   3.9978e-01   9.7815e+01   3.9253e+01   0.0000e+00   9.4680e-05   2.8676e+02
20261002_06:00:00   3.8316e-01   9.4396e+01   3.8045e+01   0.0000e+00   4.3400e-04   2.8805e+02
20261002_09:00:00   3.8801e-01   9.5245e+01   3.8568e+01   0.0000e+00   1.7104e-04   2.8581e+02
20261002_12:00:00   3.8566e-01   9.4715e+01   3.8685e+01   0.0000e+00   1.3576e-05   2.8563e+02
20261002_15:00:00   4.0738e-01   9.8996e+01   4.1476e+01   0.0000e+00   0.0000e+00   2.8912e+02
20261002_18:00:00   4.0797e-01   9.9108e+01   4.1732e+01   0.0000e+00   0.0000e+00   2.9094e+02
20261002_21:00:00   3.9712e-01   9.6844e+01   4.1061e+01   0.0000e+00   4.4166e-03   2.8782e+02
20261003_00:00:00   4.1344e-01   9.9911e+01   4.2659e+01   0.0000e+00   4.0720e-04   2.8564e+02
20261003_03:00:00   4.8517e-01   1.1337e+02   4.7711e+01   1.5378e-05   6.0479e-04   2.8590e+02
20261003_06:00:00   4.4707e-01   1.0627e+02   4.5213e+01   0.0000e+00   0.0000e+00   2.8603e+02
20261003_09:00:00   4.8247e-01   1.1268e+02   4.8340e+01   0.0000e+00   0.0000e+00   2.8860e+02
20261003_12:00:00   4.8727e-01   1.1363e+02   4.8510e+01   9.4830e-04   0.0000e+00   2.8730e+02
20261003_15:00:00   4.8221e-01   1.1284e+02   4.8552e+01   0.0000e+00   0.0000e+00   2.8731e+02
20261003_18:00:00   4.8399e-01   1.1307e+02   4.9098e+01   0.0000e+00   1.4094e-05   2.8467e+02
20261003_21:00:00   5.0370e-01   1.1653e+02   5.0659e+01   0.0000e+00   3.5780e-04   2.8347e+02
20261004_00:00:00   5.1258e-01   1.1807e+02   5.1294e+01   0.0000e+00   1.2026e-04   2.8590e+02
20261004_03:00:00   4.8685e-01   1.1365e+02   4.8847e+01   0.0000e+00   3.3280e-06   2.8744e+02
20261004_06:00:00   4.8830e-01   1.1394e+02   4.8456e+01   1.5298e-03   0.0000e+00   2.8698e+02
