#            date       tau255        Tb[K]      pwv[mm] lwp[kg*m^-2] iwp[kg*m^-2]       o3[DU]
20260821_12:00:00   3.8978e-01   9.5744e+01   3.8493e+01   6.4980e-03   2.7703e-05   3.0379e+02
20260821_13:00:00   3.7762e-01   9.3410e+01   3.7791e+01   8.1640e-04   2.0558e-05   3.0250e+02
20260821_14:00:00   3.8327e-01   9.4552e+01   3.8296e+01   2.1300e-05   0.0000e+00   3.0594e+02
20260821_15:00:00   3.9537e-01   9.6983e+01   3.9283e+01   0.0000e+00   0.0000e+00   3.0290e+02
20260821_16:00:00   4.0331e-01   9.8556e+01   3.9833e+01   7.3200e-05   0.0000e+00   3.0440e+02
20260821_17:00:00   4.0813e-01   9.9524e+01   3.9898e+01   4.6580e-05   0.0000e+00   3.0059e+02
20260821_18:00:00   4.1398e-01   1.0070e+02   3.9977e+01   0.0000e+00   0.0000e+00   3.0087e+02
20260821_19:00:00   4.1975e-01   1.0184e+02   4.0241e+01   8.7020e-06   0.0000e+00   3.0243e+02
20260821_20:00:00   4.3951e-01   1.0554e+02   4.1685e+01   4.5690e-05   0.0000e+00   3.0254e+02
20260821_21:00:00   4.5918e-01   1.0916e+02   4.3005e+01   1.7672e-04   0.0000e+00   3.0147e+02
20260821_22:00:00   4.6578e-01   1.1040e+02   4.3391e+01   6.3880e-04   0.0000e+00   3.0132e+02
20260821_23:00:00   4.7289e-01   1.1170e+02   4.3990e+01   1.8886e-04   4.1300e-04   3.0527e+02
20260822_00:00:00   4.8693e-01   1.1417e+02   4.5612e+01   1.2976e-04   3.8140e-03   3.0890e+02
20260822_01:00:00   4.4794e-01   1.0705e+02   4.2689e+01   1.0342e-04   2.1880e-03   3.0891e+02
20260822_02:00:00   4.0389e-01   9.8739e+01   3.8780e+01   1.4104e-05   1.0366e-03   3.0919e+02
20260822_03:00:00   3.7098e-01   9.2249e+01   3.5757e+01   1.0250e-05   1.9330e-05   3.0894e+02
20260822_04:00:00   3.7074e-01   9.2163e+01   3.5625e+01   0.0000e+00   0.0000e+00   3.0890e+02
20260822_05:00:00   4.0239e-01   9.8349e+01   3.8193e+01   9.2460e-05   8.7000e-05   3.0651e+02
20260822_06:00:00   4.1886e-01   1.0150e+02   3.9652e+01   1.2348e-03   0.0000e+00   3.0319e+02
20260822_07:00:00   4.3800e-01   1.0506e+02   4.1371e+01   1.5833e-03   4.3420e-05   3.0229e+02
20260822_08:00:00   4.5506e-01   1.0819e+02   4.3054e+01   2.6173e-04   3.5360e-07   3.0094e+02
20260822_09:00:00   4.5214e-01   1.0768e+02   4.3030e+01   8.6120e-05   3.5360e-07   3.0066e+02
20260822_10:00:00   4.5330e-01   1.0791e+02   4.2827e+01   2.7137e-03   1.9812e-05   2.9762e+02
20260822_11:00:00   5.3007e-01   1.2162e+02   4.4175e+01   8.3720e-02   6.3104e-05   2.9793e+02
20260822_12:00:00   4.5358e-01   1.0801e+02   4.0619e+01   4.6171e-02   1.6536e-05   2.9816e+02
20260822_13:00:00   3.8416e-01   9.4651e+01   3.8200e+01   1.5032e-06   7.9424e-04   2.9633e+02
20260822_14:00:00   3.5567e-01   8.8917e+01   3.5856e+01   0.0000e+00   5.5500e-03   2.9612e+02
20260822_15:00:00   3.3140e-01   8.3935e+01   3.3373e+01   0.0000e+00   6.6535e-03   2.9406e+02
20260822_16:00:00   3.4575e-01   8.6955e+01   3.4329e+01   0.0000e+00   7.5820e-03   2.9637e+02
20260822_17:00:00   3.7666e-01   9.3239e+01   3.6797e+01   3.3020e-06   1.0350e-02   2.9851e+02
20260822_18:00:00   4.0229e-01   9.8317e+01   3.8889e+01   1.2218e-04   1.8180e-02   2.9827e+02
20260822_19:00:00   4.4759e-01   1.0690e+02   4.2857e+01   8.9889e-04   8.5606e-03   2.9796e+02
20260822_20:00:00   4.7937e-01   1.1269e+02   4.5470e+01   2.2647e-03   6.4000e-03   2.9722e+02
20260822_21:00:00   4.6067e-01   1.0932e+02   4.4188e+01   1.0519e-03   3.0344e-03   2.9710e+02
20260822_22:00:00   4.1704e-01   1.0119e+02   4.0573e+01   1.8244e-05   9.8528e-03   3.0009e+02
20260822_23:00:00   4.3425e-01   1.0440e+02   4.2010e+01   6.9340e-05   1.6375e-02   3.0149e+02
20260823_00:00:00   4.7234e-01   1.1137e+02   4.5286e+01   6.0760e-06   2.5417e-02   3.0232e+02
20260823_01:00:00   4.8588e-01   1.1377e+02   4.6277e+01   1.4820e-03   1.0554e-02   3.0221e+02
20260823_02:00:00   4.6065e-01   1.0923e+02   4.4234e+01   3.4766e-04   1.1856e-02   3.0165e+02
20260823_03:00:00   4.2808e-01   1.0320e+02   4.1413e+01   1.0736e-03   1.5260e-02   2.9936e+02
20260823_04:00:00   4.1813e-01   1.0128e+02   4.0240e+01   3.6970e-03   2.7031e-02   3.0079e+02
20260823_05:00:00   4.3537e-01   1.0456e+02   4.0268e+01   2.4163e-02   2.0202e-02   3.0184e+02
20260823_06:00:00   4.3432e-01   1.0435e+02   4.0399e+01   2.0591e-02   1.1417e-02   3.0087e+02
20260823_07:00:00   4.2323e-01   1.0225e+02   4.0693e+01   0.0000e+00   5.6270e-03   2.9970e+02
20260823_08:00:00   4.3486e-01   1.0444e+02   4.1815e+01   5.1280e-06   4.7922e-03   3.0129e+02
20260823_09:00:00   4.4803e-01   1.0688e+02   4.3071e+01   7.7440e-05   4.0645e-03   3.0065e+02
20260823_10:00:00   4.4432e-01   1.0621e+02   4.2811e+01   1.7820e-06   4.6457e-03   2.9980e+02
20260823_11:00:00   4.5017e-01   1.0727e+02   4.3504e+01   3.0980e-06   5.8262e-03   2.9793e+02
20260823_12:00:00   4.5665e-01   1.0848e+02   4.4150e+01   4.9920e-06   4.0898e-03   2.9868e+02
20260823_13:00:00   4.5444e-01   1.0811e+02   4.4011e+01   2.6620e-05   3.0704e-03   2.9729e+02
20260823_14:00:00   4.4573e-01   1.0657e+02   4.3154e+01   1.3162e-03   2.8252e-03   2.9643e+02
20260823_15:00:00   4.4348e-01   1.0618e+02   4.3021e+01   2.1978e-04   1.8765e-03   2.9687e+02
20260823_16:00:00   4.4075e-01   1.0572e+02   4.2834e+01   0.0000e+00   1.7965e-03   2.9752e+02
20260823_17:00:00   4.4005e-01   1.0561e+02   4.2799e+01   0.0000e+00   4.2561e-03   2.9914e+02
20260823_18:00:00   4.4649e-01   1.0679e+02   4.3397e+01   0.0000e+00   2.3444e-03   2.9977e+02
20260823_19:00:00   4.5250e-01   1.0789e+02   4.3989e+01   0.0000e+00   1.6450e-03   3.0088e+02
20260823_20:00:00   4.5887e-01   1.0902e+02   4.4673e+01   3.3346e-04   2.8301e-04   2.9959e+02
20260823_21:00:00   4.6248e-01   1.0964e+02   4.5040e+01   0.0000e+00   1.3682e-04   2.9990e+02
20260823_22:00:00   4.6874e-01   1.1074e+02   4.5566e+01   0.0000e+00   7.7857e-05   2.9852e+02
20260823_23:00:00   4.7180e-01   1.1126e+02   4.5925e+01   2.9500e-04   5.2483e-04   2.9876e+02
20260824_00:00:00   4.6415e-01   1.0987e+02   4.5502e+01   2.8560e-05   3.6520e-05   3.0023e+02
20260824_01:00:00   4.4560e-01   1.0643e+02   4.4146e+01   0.0000e+00   1.6158e-05   2.9958e+02
20260824_02:00:00   4.3902e-01   1.0520e+02   4.3574e+01   0.0000e+00   5.2002e-05   2.9882e+02
20260824_03:00:00   4.3735e-01   1.0484e+02   4.3485e+01   0.0000e+00   4.4112e-04   3.0003e+02
20260824_04:00:00   4.3309e-01   1.0400e+02   4.3134e+01   0.0000e+00   2.8008e-05   2.9846e+02
20260824_05:00:00   4.2715e-01   1.0287e+02   4.2614e+01   0.0000e+00   0.0000e+00   2.9791e+02
20260824_06:00:00   4.2548e-01   1.0253e+02   4.2356e+01   0.0000e+00   8.9100e-08   2.9645e+02
20260824_07:00:00   4.3962e-01   1.0522e+02   4.3133e+01   1.9364e-03   2.8300e-07   2.9728e+02
20260824_08:00:00   4.5720e-01   1.0852e+02   4.4546e+01   3.0740e-04   5.5660e-06   2.9995e+02
20260824_09:00:00   4.7344e-01   1.1139e+02   4.6224e+01   2.1140e-04   5.4240e-05   2.9648e+02
20260824_10:00:00   4.6359e-01   1.0965e+02   4.5328e+01   2.1920e-04   5.3060e-07   2.9453e+02
20260824_11:00:00   4.5579e-01   1.0829e+02   4.4417e+01   1.0216e-03   0.0000e+00   2.9370e+02
20260824_12:00:00   4.5628e-01   1.0844e+02   4.4357e+01   8.7597e-04   3.1960e-06   2.9348e+02
20260824_13:00:00   4.5528e-01   1.0830e+02   4.4393e+01   0.0000e+00   1.4882e-04   2.9471e+02
20260824_14:00:00   4.5277e-01   1.0786e+02   4.4195e+01   6.2474e-05   1.0198e-05   2.9746e+02
20260824_15:00:00   4.5659e-01   1.0857e+02   4.4525e+01   0.0000e+00   1.3702e-05   2.9599e+02
20260824_16:00:00   4.5603e-01   1.0850e+02   4.4491e+01   0.0000e+00   1.7508e-05   2.9433e+02
20260824_17:00:00   4.5175e-01   1.0774e+02   4.4170e+01   0.0000e+00   3.3280e-06   2.9413e+02
20260824_18:00:00   4.6280e-01   1.0976e+02   4.4990e+01   4.7410e-05   3.5360e-07   2.9509e+02
20260824_19:00:00   4.7093e-01   1.1123e+02   4.5571e+01   1.3301e-03   0.0000e+00   2.9532e+02
20260824_20:00:00   4.6657e-01   1.1045e+02   4.5144e+01   6.1615e-04   3.5060e-06   2.9553e+02
20260824_21:00:00   4.5498e-01   1.0836e+02   4.3990e+01   1.4973e-05   2.3983e-05   2.9514e+02
20260824_22:00:00   4.3933e-01   1.0543e+02   4.2547e+01   3.3274e-05   2.3940e-05   2.9692e+02
20260824_23:00:00   4.2411e-01   1.0257e+02   4.1167e+01   0.0000e+00   9.9320e-06   2.9552e+02
20260825_00:00:00   4.2522e-01   1.0280e+02   4.1136e+01   0.0000e+00   3.0880e-06   2.9482e+02
20260825_01:00:00   4.3715e-01   1.0508e+02   4.1892e+01   6.0080e-05   8.9340e-05   2.9531e+02
20260825_02:00:00   4.4532e-01   1.0661e+02   4.2454e+01   0.0000e+00   1.5356e-04   2.9390e+02
20260825_03:00:00   4.4790e-01   1.0706e+02   4.2728e+01   8.8420e-08   5.2840e-06   2.9328e+02
20260825_04:00:00   4.5408e-01   1.0815e+02   4.3541e+01   0.0000e+00   9.2301e-06   2.9585e+02
20260825_05:00:00   4.6341e-01   1.0978e+02   4.4621e+01   0.0000e+00   1.0315e-04   2.9507e+02
20260825_06:00:00   4.6420e-01   1.0987e+02   4.4900e+01   0.0000e+00   6.1472e-04   2.9477e+02
20260825_07:00:00   4.6411e-01   1.0984e+02   4.4939e+01   0.0000e+00   1.1400e-04   2.9287e+02
20260825_08:00:00   4.6484e-01   1.0998e+02   4.5029e+01   0.0000e+00   7.5782e-05   2.9301e+02
20260825_09:00:00   4.6279e-01   1.0961e+02   4.4849e+01   5.3180e-07   7.3493e-05   2.9202e+02
20260825_10:00:00   4.5425e-01   1.0808e+02   4.4020e+01   6.6300e-04   3.7724e-06   2.9406e+02
20260825_11:00:00   4.4919e-01   1.0716e+02   4.3560e+01   4.4240e-05   8.0060e-07   2.9609e+02
20260825_12:00:00   4.5845e-01   1.0887e+02   4.4029e+01   9.9960e-04   1.3562e-05   2.9798e+02
20260825_13:00:00   4.5086e-01   1.0752e+02   4.3383e+01   0.0000e+00   7.2960e-05   3.0016e+02
20260825_14:00:00   4.3196e-01   1.0407e+02   4.1602e+01   2.8940e-04   0.0000e+00   3.0079e+02
20260825_15:00:00   4.2730e-01   1.0322e+02   4.1278e+01   0.0000e+00   3.5360e-07   2.9947e+02
20260825_16:00:00   4.3704e-01   1.0507e+02   4.2204e+01   9.4160e-05   5.2840e-05   2.9972e+02
20260825_17:00:00   4.4204e-01   1.0603e+02   4.2638e+01   0.0000e+00   2.0720e-05   2.9790e+02
20260825_18:00:00   4.2812e-01   1.0345e+02   4.1345e+01   1.1584e-06   2.0760e-05   2.9702e+02
20260825_19:00:00   4.2954e-01   1.0370e+02   4.1276e+01   0.0000e+00   4.7440e-05   2.9813e+02
20260825_20:00:00   4.3201e-01   1.0414e+02   4.1634e+01   0.0000e+00   6.7560e-05   2.9705e+02
20260825_21:00:00   4.3207e-01   1.0410e+02   4.2031e+01   0.0000e+00   3.1180e-05   2.9573e+02
20260825_22:00:00   4.6566e-01   1.1013e+02   4.5777e+01   0.0000e+00   1.0834e-04   2.9272e+02
20260825_23:00:00   4.9781e-01   1.1564e+02   4.9872e+01   0.0000e+00   2.4961e-03   2.9307e+02
20260826_00:00:00   5.2645e-01   1.2046e+02   5.2771e+01   1.4160e-06   1.8542e-03   2.9546e+02
20260826_01:00:00   5.2617e-01   1.2044e+02   5.2870e+01   7.1280e-07   2.3534e-03   2.9565e+02
20260826_02:00:00   5.2719e-01   1.2065e+02   5.2813e+01   3.3680e-04   2.3233e-03   2.9383e+02
20260826_03:00:00   5.2188e-01   1.1976e+02   5.2203e+01   3.9440e-04   4.9768e-03   2.9259e+02
20260826_04:00:00   5.3428e-01   1.2188e+02   5.3242e+01   8.3728e-05   9.8072e-03   2.9232e+02
20260826_05:00:00   5.4788e-01   1.2409e+02   5.4483e+01   4.5300e-04   6.5135e-03   2.9135e+02
20260826_06:00:00   5.1563e-01   1.1852e+02   5.1841e+01   1.9318e-04   1.0938e-03   2.9052e+02
20260826_07:00:00   4.7514e-01   1.1133e+02   4.8635e+01   5.1240e-06   2.3732e-04   2.9091e+02
20260826_08:00:00   4.5225e-01   1.0713e+02   4.6645e+01   0.0000e+00   3.4299e-04   2.9099e+02
20260826_09:00:00   4.4797e-01   1.0632e+02   4.6085e+01   1.2625e-06   9.0509e-05   2.9180e+02
20260826_10:00:00   4.4979e-01   1.0670e+02   4.5827e+01   1.2044e-04   1.5269e-05   2.9188e+02
20260826_11:00:00   4.4491e-01   1.0587e+02   4.5112e+01   1.6456e-04   1.4148e-05   2.8855e+02
20260826_12:00:00   4.3698e-01   1.0442e+02   4.4396e+01   2.7224e-04   1.2134e-04   2.8809e+02
20260826_15:00:00   4.1549e-01   1.0056e+02   4.2081e+01   0.0000e+00   0.0000e+00   2.8593e+02
20260826_18:00:00   4.1461e-01   1.0085e+02   3.9394e+01   1.9319e-04   7.1900e-06   2.8585e+02
20260826_21:00:00   4.4951e-01   1.0730e+02   4.2855e+01   2.9942e-05   3.4160e-06   2.8319e+02
20260827_00:00:00   4.8732e-01   1.1412e+02   4.6547e+01   0.0000e+00   0.0000e+00   2.8597e+02
20260827_03:00:00   4.8042e-01   1.1283e+02   4.6262e+01   6.8579e-05   0.0000e+00   2.8738e+02
20260827_06:00:00   4.3537e-01   1.0450e+02   4.2404e+01   3.4010e-04   0.0000e+00   2.8402e+02
20260827_09:00:00   4.3902e-01   1.0529e+02   4.1364e+01   2.8691e-04   0.0000e+00   2.8547e+02
20260827_12:00:00   4.9556e-01   1.1520e+02   4.8220e+01   2.2915e-04   3.7100e-04   2.8627e+02
20260827_15:00:00   4.1221e-01   9.9972e+01   4.1443e+01   0.0000e+00   6.2271e-04   2.8823e+02
20260827_18:00:00   4.4429e-01   1.0625e+02   4.3069e+01   2.0620e-04   1.6034e-02   2.8955e+02
20260827_21:00:00   4.7280e-01   1.1132e+02   4.6297e+01   3.2370e-04   1.1666e-02   2.9220e+02
20260828_00:00:00   4.3138e-01   1.0382e+02   4.0890e+01   1.9827e-04   4.0688e-02   2.9332e+02
20260828_03:00:00   3.3532e-01   8.4722e+01   3.2908e+01   0.0000e+00   9.9090e-03   2.9683e+02
20260828_06:00:00   4.1801e-01   1.0118e+02   4.0631e+01   1.3420e-03   6.0278e-03   2.9389e+02
20260828_09:00:00   4.8798e-01   1.1409e+02   4.6269e+01   8.0309e-03   2.0678e-03   2.9217e+02
20260828_12:00:00   4.1409e-01   1.0046e+02   4.0878e+01   1.2915e-04   3.8628e-04   2.9353e+02
20260828_15:00:00   4.7298e-01   1.1163e+02   4.5423e+01   5.3214e-03   1.5241e-04   2.9127e+02
20260828_18:00:00   5.4433e-01   1.2403e+02   5.1861e+01   5.0269e-03   1.9278e-05   2.9062e+02
20260828_21:00:00   5.1956e-01   1.1974e+02   5.0431e+01   4.0474e-05   2.0839e-04   2.9250e+02
20260829_00:00:00   4.5655e-01   1.0864e+02   4.4502e+01   0.0000e+00   2.6505e-05   2.9414e+02
20260829_03:00:00   5.5029e-01   1.2502e+02   5.2369e+01   2.3940e-04   8.8633e-04   2.9421e+02
20260829_06:00:00   5.1701e-01   1.1922e+02   5.0521e+01   1.8908e-04   2.5188e-03   2.8977e+02
20260829_09:00:00   5.0595e-01   1.1743e+02   4.8386e+01   3.3840e-04   1.2564e-03   2.9180e+02
20260829_12:00:00   5.3508e-01   1.2238e+02   5.0901e+01   3.5127e-03   7.8750e-04   2.9247e+02
20260829_15:00:00   5.0943e-01   1.1812e+02   4.8250e+01   3.7415e-03   6.3595e-04   2.9237e+02
20260829_18:00:00   5.1372e-01   1.1908e+02   4.7029e+01   6.1948e-03   4.3254e-05   2.9246e+02
20260829_21:00:00   4.1368e-01   1.0082e+02   3.9681e+01   0.0000e+00   0.0000e+00   2.9459e+02
20260830_00:00:00   3.9548e-01   9.7267e+01   3.8105e+01   0.0000e+00   0.0000e+00   2.9499e+02
20260830_03:00:00   3.7780e-01   9.3709e+01   3.6872e+01   0.0000e+00   0.0000e+00   2.9311e+02
20260830_06:00:00   3.9485e-01   9.6940e+01   3.8217e+01   1.1046e-03   0.0000e+00   2.9346e+02
20260830_09:00:00   4.3482e-01   1.0447e+02   3.9059e+01   3.9220e-02   0.0000e+00   2.9194e+02
20260830_12:00:00   3.9639e-01   9.7221e+01   3.8381e+01   5.7000e-03   0.0000e+00   2.8855e+02
20260830_15:00:00   4.2898e-01   1.0369e+02   4.1108e+01   1.8634e-04   0.0000e+00   2.8893e+02
20260830_18:00:00   4.1382e-01   1.0085e+02   3.9692e+01   0.0000e+00   0.0000e+00   2.8829e+02
20260830_21:00:00   4.1522e-01   1.0104e+02   3.9742e+01   2.4209e-04   0.0000e+00   2.8765e+02
20260831_00:00:00   4.2499e-01   1.0279e+02   4.0711e+01   1.6277e-05   0.0000e+00   2.8922e+02
20260831_03:00:00   4.1730e-01   1.0130e+02   4.0286e+01   0.0000e+00   0.0000e+00   2.8673e+02
20260831_06:00:00   4.3812e-01   1.0516e+02   4.1637e+01   3.4276e-03   0.0000e+00   2.8744e+02
20260831_09:00:00   4.5572e-01   1.0845e+02   4.3085e+01   2.7731e-03   0.0000e+00   2.8920e+02
20260831_12:00:00   4.5776e-01   1.0886e+02   4.3572e+01   4.8660e-04   0.0000e+00   2.9083e+02
20260831_15:00:00   4.7620e-01   1.1232e+02   4.5336e+01   1.3208e-05   0.0000e+00   2.8950e+02
20260831_18:00:00   5.5457e-01   1.2559e+02   5.3090e+01   4.0206e-03   0.0000e+00   2.9106e+02
20260831_21:00:00   5.7609e-01   1.2924e+02   5.3416e+01   2.6581e-02   0.0000e+00   2.8977e+02
20260901_00:00:00   5.8209e-01   1.3024e+02   5.3292e+01   3.8546e-02   8.9437e-04   2.8985e+02
20260901_03:00:00   6.1469e-01   1.3520e+02   5.4129e+01   6.8679e-02   2.0216e-04   2.8928e+02
20260901_06:00:00   5.4024e-01   1.2278e+02   5.3405e+01   0.0000e+00   2.2353e-04   2.8756e+02
20260901_09:00:00   5.4337e-01   1.2309e+02   5.4515e+01   0.0000e+00   3.2237e-03   2.8787e+02
20260901_12:00:00   5.4348e-01   1.2313e+02   5.4902e+01   0.0000e+00   2.5296e-02   2.8891e+02
20260901_15:00:00   5.6717e-01   1.2702e+02   5.6776e+01   1.7226e-03   2.9700e-02   2.8864e+02
20260901_18:00:00   5.5241e-01   1.2457e+02   5.5867e+01   2.5455e-04   1.7069e-01   2.8959e+02
20260901_21:00:00   5.7025e-01   1.2745e+02   5.7580e+01   5.3460e-07   1.4760e-01   2.8916e+02
20260902_00:00:00   5.8724e-01   1.3000e+02   5.9457e+01   5.7500e-04   2.1110e-01   2.8677e+02
20260902_03:00:00   5.6507e-01   1.2628e+02   5.7900e+01   1.0882e-04   9.9841e-02   2.8650e+02
20260902_06:00:00   5.3366e-01   1.2099e+02   5.5193e+01   3.5360e-07   2.6881e-02   2.8432e+02
20260902_09:00:00   5.0702e-01   1.1657e+02   5.2761e+01   0.0000e+00   2.0226e-02   2.8484e+02
20260902_12:00:00   5.1393e-01   1.1781e+02   5.3158e+01   5.4060e-04   7.5094e-03   2.8491e+02
20260902_15:00:00   5.1276e-01   1.1780e+02   5.2974e+01   9.1270e-04   1.1219e-03   2.8654e+02
20260902_18:00:00   5.0650e-01   1.1687e+02   5.2244e+01   0.0000e+00   1.2950e-03   2.8561e+02
20260902_21:00:00   5.0328e-01   1.1636e+02   5.1364e+01   5.5710e-04   1.6302e-04   2.8156e+02
20260903_00:00:00   4.8776e-01   1.1370e+02   4.9675e+01   0.0000e+00   1.4192e-04   2.8144e+02
20260903_03:00:00   4.8343e-01   1.1300e+02   4.8772e+01   7.9240e-05   1.6462e-03   2.8165e+02
20260903_06:00:00   4.7809e-01   1.1213e+02   4.7853e+01   1.9068e-03   2.4423e-06   2.7981e+02
20260903_09:00:00   4.6430e-01   1.0973e+02   4.6585e+01   3.8080e-04   3.5360e-07   2.7892e+02
20260903_12:00:00   5.2480e-01   1.2067e+02   4.8631e+01   4.5292e-02   1.9988e-05   2.8228e+02
20260903_15:00:00   4.6752e-01   1.1034e+02   4.7217e+01   5.1187e-04   0.0000e+00   2.8351e+02
20260903_18:00:00   4.4474e-01   1.0621e+02   4.5281e+01   0.0000e+00   8.7420e-05   2.8260e+02
20260903_21:00:00   4.7129e-01   1.1118e+02   4.6971e+01   2.2457e-05   6.1640e-05   2.7952e+02
20260904_00:00:00   5.1495e-01   1.1895e+02   5.0225e+01   3.3420e-06   7.8121e-04   2.7949e+02
20260904_03:00:00   5.3126e-01   1.2164e+02   5.2173e+01   4.7380e-06   4.2768e-03   2.8109e+02
20260904_06:00:00   4.9233e-01   1.1489e+02   4.8400e+01   9.4180e-03   6.6320e-04   2.7917e+02
20260904_09:00:00   5.9683e-01   1.3265e+02   4.9552e+01   1.3025e-01   1.0420e-04   2.7566e+02
20260904_12:00:00   5.1338e-01   1.1858e+02   4.9828e+01   1.0448e-02   1.7120e-05   2.7930e+02
20260904_15:00:00   5.3421e-01   1.2216e+02   5.2579e+01   3.2440e-05   6.8712e-04   2.7942e+02
20260904_18:00:00   5.2748e-01   1.2098e+02   5.2273e+01   6.7890e-04   8.7420e-05   2.8023e+02
20260904_21:00:00   5.2102e-01   1.1983e+02   5.1888e+01   4.8396e-04   1.3968e-05   2.8032e+02
20260905_00:00:00   5.1714e-01   1.1909e+02   5.1683e+01   0.0000e+00   1.9964e-05   2.8128e+02
20260905_03:00:00   5.0486e-01   1.1698e+02   5.0520e+01   0.0000e+00   5.0608e-05   2.8201e+02
20260905_06:00:00   4.8772e-01   1.1403e+02   4.7754e+01   9.9060e-06   5.3900e-05   2.8248e+02
20260905_09:00:00   4.8852e-01   1.1416e+02   4.7773e+01   1.9462e-04   1.7684e-07   2.8183e+02
20260905_12:00:00   5.1697e-01   1.1921e+02   4.9622e+01   2.0548e-03   1.0286e-05   2.8411e+02
20260905_15:00:00   4.7634e-01   1.1214e+02   4.6564e+01   1.8435e-04   2.4040e-05   2.8679e+02
20260905_18:00:00   4.3632e-01   1.0484e+02   4.3537e+01   2.3459e-04   1.3208e-05   2.8793e+02
20260905_21:00:00   4.2955e-01   1.0363e+02   4.2122e+01   3.3020e-06   3.1886e-03   2.8582e+02
20260906_00:00:00   4.1178e-01   1.0019e+02   4.0150e+01   8.1320e-04   8.8665e-03   2.8681e+02
20260906_03:00:00   3.8299e-01   9.4572e+01   3.7640e+01   0.0000e+00   2.7181e-03   2.8631e+02
20260906_06:00:00   4.0333e-01   9.8573e+01   3.9397e+01   4.7020e-03   0.0000e+00   2.8420e+02
20260906_09:00:00   3.8282e-01   9.4426e+01   3.8045e+01   5.1500e-05   0.0000e+00   2.8503e+02
20260906_12:00:00   4.6739e-01   1.1063e+02   4.0617e+01   6.8839e-02   0.0000e+00   2.8483e+02
