#            date       tau255        Tb[K]      pwv[mm] lwp[kg*m^-2] iwp[kg*m^-2]       o3[DU]
20260827_00:00:00   4.7682e-01   1.1232e+02   4.6046e+01   6.0650e-06   0.0000e+00   2.9299e+02
20260827_01:00:00   4.8547e-01   1.1394e+02   4.6346e+01   9.6584e-04   0.0000e+00   2.9570e+02
20260827_02:00:00   4.9324e-01   1.1532e+02   4.6825e+01   2.4621e-04   0.0000e+00   2.9482e+02
20260827_03:00:00   4.9119e-01   1.1487e+02   4.6848e+01   8.0200e-07   0.0000e+00   2.9261e+02
20260827_04:00:00   4.8590e-01   1.1393e+02   4.6155e+01   1.3574e-05   0.0000e+00   2.9121e+02
20260827_05:00:00   4.9099e-01   1.1478e+02   4.6443e+01   4.5480e-04   0.0000e+00   2.9076e+02
20260827_06:00:00   4.8894e-01   1.1436e+02   4.6409e+01   5.9280e-04   0.0000e+00   2.9269e+02
20260827_07:00:00   4.7976e-01   1.1271e+02   4.5638e+01   2.7400e-04   0.0000e+00   2.9383e+02
20260827_08:00:00   4.8081e-01   1.1290e+02   4.5492e+01   1.0307e-04   0.0000e+00   2.9508e+02
20260827_09:00:00   4.6926e-01   1.1084e+02   4.4550e+01   2.6204e-05   0.0000e+00   2.9689e+02
20260827_10:00:00   4.4268e-01   1.0594e+02   4.2422e+01   5.1674e-06   0.0000e+00   2.9674e+02
20260827_11:00:00   4.4553e-01   1.0650e+02   4.2350e+01   4.7330e-04   0.0000e+00   2.9685e+02
20260827_12:00:00   4.6570e-01   1.1025e+02   4.3748e+01   1.1043e-03   0.0000e+00   2.9581e+02
20260827_13:00:00   4.6772e-01   1.1068e+02   4.4090e+01   9.3216e-04   0.0000e+00   2.9601e+02
20260827_14:00:00   4.6887e-01   1.1093e+02   4.4109e+01   3.4850e-04   0.0000e+00   2.9787e+02
20260827_15:00:00   4.5843e-01   1.0912e+02   4.2935e+01   1.1937e-03   0.0000e+00   2.9805e+02
20260827_16:00:00   4.5538e-01   1.0859e+02   4.2645e+01   3.4510e-06   0.0000e+00   2.9747e+02
20260827_17:00:00   4.7384e-01   1.1188e+02   4.4442e+01   0.0000e+00   0.0000e+00   2.9828e+02
20260827_18:00:00   4.6796e-01   1.1081e+02   4.3579e+01   7.5443e-03   4.6580e-05   2.9843e+02
20260827_19:00:00   4.1189e-01   1.0037e+02   3.9434e+01   5.1629e-04   3.2180e-24   2.9963e+02
20260827_20:00:00   3.6515e-01   9.1246e+01   3.4947e+01   0.0000e+00   1.7820e-07   2.9926e+02
20260827_21:00:00   3.4864e-01   8.7890e+01   3.3316e+01   0.0000e+00   0.0000e+00   2.9866e+02
20260827_22:00:00   3.4268e-01   8.6608e+01   3.3032e+01   0.0000e+00   0.0000e+00   2.9921e+02
20260827_23:00:00   3.3270e-01   8.4587e+01   3.1565e+01   0.0000e+00   0.0000e+00   2.9738e+02
20260828_00:00:00   3.3765e-01   8.5682e+01   3.1370e+01   0.0000e+00   0.0000e+00   2.9541e+02
20260828_01:00:00   3.5671e-01   8.9606e+01   3.2837e+01   0.0000e+00   0.0000e+00   2.9680e+02
20260828_02:00:00   3.6376e-01   9.1063e+01   3.3119e+01   0.0000e+00   0.0000e+00   2.9688e+02
20260828_03:00:00   3.4754e-01   8.7712e+01   3.1866e+01   0.0000e+00   0.0000e+00   2.9630e+02
20260828_04:00:00   3.4867e-01   8.7873e+01   3.2210e+01   1.3968e-05   0.0000e+00   2.9551e+02
20260828_05:00:00   3.8749e-01   9.5567e+01   3.5947e+01   3.1800e-05   0.0000e+00   2.9646e+02
20260828_06:00:00   4.3999e-01   1.0551e+02   4.0768e+01   2.3314e-03   0.0000e+00   2.9220e+02
20260828_07:00:00   4.7142e-01   1.1115e+02   4.4314e+01   1.2047e-04   0.0000e+00   2.8884e+02
20260828_08:00:00   4.5928e-01   1.0901e+02   4.3280e+01   3.4118e-04   0.0000e+00   2.8851e+02
20260828_09:00:00   4.1897e-01   1.0159e+02   3.9458e+01   1.4850e-03   0.0000e+00   2.8859e+02
20260828_10:00:00   4.1195e-01   1.0031e+02   3.8487e+01   2.1024e-04   0.0000e+00   2.9034e+02
20260828_11:00:00   4.3019e-01   1.0381e+02   3.9892e+01   6.5866e-04   0.0000e+00   2.9150e+02
20260828_12:00:00   4.4556e-01   1.0670e+02   4.1269e+01   2.2453e-03   0.0000e+00   2.9156e+02
20260828_13:00:00   4.6002e-01   1.0936e+02   4.2513e+01   3.1851e-03   0.0000e+00   2.9157e+02
20260828_14:00:00   4.6138e-01   1.0970e+02   4.2420e+01   8.5370e-03   0.0000e+00   2.9179e+02
20260828_15:00:00   4.5046e-01   1.0772e+02   4.1606e+01   1.3402e-02   0.0000e+00   2.9180e+02
20260828_16:00:00   3.8862e-01   9.5810e+01   3.8051e+01   5.2123e-04   0.0000e+00   2.9354e+02
20260828_17:00:00   3.5141e-01   8.8205e+01   3.5506e+01   0.0000e+00   0.0000e+00   2.9341e+02
20260828_18:00:00   3.6765e-01   9.1470e+01   3.7351e+01   0.0000e+00   0.0000e+00   2.9382e+02
20260828_19:00:00   4.0827e-01   9.9507e+01   4.1148e+01   1.0566e-04   0.0000e+00   2.9560e+02
20260828_20:00:00   4.5266e-01   1.0788e+02   4.4995e+01   1.6341e-03   0.0000e+00   2.9649e+02
20260828_21:00:00   4.7680e-01   1.1229e+02   4.7278e+01   1.4522e-03   0.0000e+00   2.9635e+02
20260828_22:00:00   4.9644e-01   1.1581e+02   4.9096e+01   1.0359e-04   6.6540e-06   2.9541e+02
20260828_23:00:00   5.1993e-01   1.1990e+02   5.1128e+01   1.9000e-04   9.4240e-05   2.9375e+02
20260829_00:00:00   5.5297e-01   1.2541e+02   5.4279e+01   2.6140e-04   5.3460e-07   2.9309e+02
20260829_01:00:00   5.8142e-01   1.3001e+02   5.6894e+01   7.4120e-04   1.3208e-05   2.9289e+02
20260829_02:00:00   5.8482e-01   1.3049e+02   5.7386e+01   2.3316e-03   1.3714e-03   2.9254e+02
20260829_03:00:00   5.7792e-01   1.2935e+02   5.7002e+01   1.2252e-03   1.6778e-03   2.9237e+02
20260829_04:00:00   5.7357e-01   1.2857e+02   5.6775e+01   1.6418e-03   2.0162e-03   2.9223e+02
20260829_05:00:00   5.4302e-01   1.2347e+02   5.4556e+01   1.6847e-05   4.0757e-04   2.9181e+02
20260829_06:00:00   5.3865e-01   1.2277e+02   5.3967e+01   3.8660e-04   8.8135e-04   2.9191e+02
20260829_07:00:00   4.7322e-01   1.1130e+02   4.8612e+01   3.9160e-05   1.2344e-04   2.9117e+02
20260829_08:00:00   4.0805e-01   9.9075e+01   4.2716e+01   0.0000e+00   1.3208e-05   2.8983e+02
20260829_09:00:00   4.1057e-01   9.9620e+01   4.2325e+01   0.0000e+00   1.8378e-04   2.8916e+02
20260829_10:00:00   4.1257e-01   1.0008e+02   4.2236e+01   4.0100e-06   5.8080e-04   2.9104e+02
20260829_11:00:00   4.5604e-01   1.0841e+02   4.5253e+01   2.2880e-03   1.7936e-03   2.9258e+02
20260829_12:00:00   5.0417e-01   1.1713e+02   4.9139e+01   4.6656e-04   2.2081e-03   2.9168e+02
20260829_13:00:00   5.0707e-01   1.1767e+02   4.9286e+01   2.5392e-03   1.7844e-03   2.9150e+02
20260829_14:00:00   4.8145e-01   1.1319e+02   4.7209e+01   7.2203e-04   2.8799e-03   2.9118e+02
20260829_15:00:00   4.7286e-01   1.1170e+02   4.6448e+01   9.2460e-05   7.1024e-03   2.9135e+02
20260829_16:00:00   4.6543e-01   1.1037e+02   4.5638e+01   3.6492e-04   2.3085e-02   2.9182e+02
20260829_17:00:00   4.5131e-01   1.0779e+02   4.4354e+01   7.5940e-05   4.0402e-02   2.9342e+02
20260829_18:00:00   4.3648e-01   1.0506e+02   4.2887e+01   3.4361e-06   4.6764e-02   2.9403e+02
20260829_19:00:00   4.3059e-01   1.0400e+02   4.1878e+01   2.6740e-07   3.7639e-02   2.9305e+02
20260829_20:00:00   4.1550e-01   1.0118e+02   3.9858e+01   2.9220e-04   2.2279e-02   2.9371e+02
20260829_21:00:00   4.1469e-01   1.0107e+02   3.9373e+01   4.3920e-04   4.8670e-03   2.9715e+02
20260829_22:00:00   4.1542e-01   1.0119e+02   3.9431e+01   3.3760e-04   1.8375e-03   2.9801e+02
20260829_23:00:00   4.1474e-01   1.0105e+02   3.9460e+01   3.4560e-05   1.7538e-03   2.9797e+02
20260830_00:00:00   4.1957e-01   1.0199e+02   3.9859e+01   0.0000e+00   3.9710e-03   2.9746e+02
20260830_01:00:00   4.4062e-01   1.0598e+02   4.1605e+01   8.3600e-04   4.2664e-03   2.9556e+02
20260830_02:00:00   4.4955e-01   1.0761e+02   4.2585e+01   1.9878e-04   4.3144e-03   2.9742e+02
20260830_03:00:00   4.6018e-01   1.0953e+02   4.3657e+01   6.5500e-04   5.4857e-03   2.9854e+02
20260830_04:00:00   4.5925e-01   1.0930e+02   4.4130e+01   7.2980e-05   7.2265e-03   2.9877e+02
20260830_05:00:00   4.6635e-01   1.1057e+02   4.4918e+01   2.7721e-03   1.0182e-02   2.9832e+02
20260830_06:00:00   5.0823e-01   1.1796e+02   4.7220e+01   2.3738e-02   4.6143e-03   2.9621e+02
20260830_07:00:00   5.2880e-01   1.2145e+02   4.9177e+01   2.4039e-02   7.7428e-04   2.9448e+02
20260830_08:00:00   5.4037e-01   1.2334e+02   5.0950e+01   1.4936e-02   1.3996e-03   2.9403e+02
20260830_09:00:00   5.4428e-01   1.2389e+02   5.2619e+01   7.7219e-04   4.5950e-03   2.9550e+02
20260830_10:00:00   5.6292e-01   1.2696e+02   5.4413e+01   2.4616e-03   5.5657e-03   2.9697e+02
20260830_11:00:00   5.6800e-01   1.2784e+02   5.4978e+01   2.0240e-03   1.6063e-03   2.9784e+02
20260830_12:00:00   5.7609e-01   1.2922e+02   5.5703e+01   2.2480e-03   1.3048e-03   2.9918e+02
20260830_13:00:00   5.9154e-01   1.3174e+02   5.6946e+01   5.6153e-03   6.3240e-04   2.9825e+02
20260830_14:00:00   6.0218e-01   1.3339e+02   5.8471e+01   2.2775e-03   2.2331e-03   2.9800e+02
20260830_15:00:00   6.1289e-01   1.3508e+02   5.9488e+01   3.6487e-03   2.8507e-03   2.9769e+02
20260830_16:00:00   6.2598e-01   1.3705e+02   6.0833e+01   4.3638e-03   5.2278e-03   2.9674e+02
20260830_17:00:00   6.3170e-01   1.3789e+02   6.1645e+01   1.7916e-03   3.7146e-03   2.9474e+02
20260830_18:00:00   6.3534e-01   1.3848e+02   6.1818e+01   4.2299e-03   4.5485e-03   2.9480e+02
20260830_19:00:00   6.3518e-01   1.3848e+02   6.2004e+01   3.9295e-03   9.3694e-03   2.9252e+02
20260830_20:00:00   6.3404e-01   1.3832e+02   6.2006e+01   4.2162e-03   9.6323e-03   2.9152e+02
20260830_21:00:00   6.3233e-01   1.3790e+02   6.2530e+01   3.6536e-04   1.3180e-02   2.9103e+02
20260830_22:00:00   6.3730e-01   1.3843e+02   6.3547e+01   0.0000e+00   1.9666e-02   2.9123e+02
20260830_23:00:00   6.3696e-01   1.3819e+02   6.3576e+01   0.0000e+00   7.9527e-02   2.9219e+02
20260831_00:00:00   6.3823e-01   1.3822e+02   6.3608e+01   4.1152e-06   1.1421e-01   2.9260e+02
20260831_01:00:00   6.3210e-01   1.3716e+02   6.3343e+01   4.7524e-04   8.2621e-02   2.9340e+02
20260831_02:00:00   6.2165e-01   1.3542e+02   6.3038e+01   1.7174e-03   6.2347e-02   2.9340e+02
20260831_03:00:00   6.0298e-01   1.3256e+02   6.1716e+01   2.7480e-04   4.1159e-02   2.9271e+02
20260831_04:00:00   6.5438e-01   1.4028e+02   5.9802e+01   7.4419e-02   3.0430e-02   2.9041e+02
20260831_05:00:00   7.4976e-01   1.5342e+02   5.8395e+01   1.9779e-01   1.8330e-02   2.9062e+02
20260831_06:00:00   7.3145e-01   1.5094e+02   5.8102e+01   1.7364e-01   8.4948e-03   2.9146e+02
20260831_07:00:00   6.4834e-01   1.3927e+02   5.8132e+01   7.2945e-02   4.4722e-03   2.9222e+02
20260831_08:00:00   5.8825e-01   1.3022e+02   5.6843e+01   2.0247e-02   8.1203e-03   2.9271e+02
20260831_09:00:00   5.6613e-01   1.2672e+02   5.6244e+01   4.9902e-03   1.8023e-02   2.9253e+02
20260831_10:00:00   5.6143e-01   1.2596e+02   5.6030e+01   2.4977e-03   1.2760e-02   2.9175e+02
20260831_11:00:00   5.5645e-01   1.2514e+02   5.6000e+01   3.4100e-04   1.6856e-02   2.9195e+02
20260831_12:00:00   5.5529e-01   1.2493e+02   5.6219e+01   7.6200e-05   6.4336e-03   2.9188e+02
20260831_13:00:00   5.4880e-01   1.2381e+02   5.6038e+01   8.2930e-06   1.8551e-03   2.9054e+02
20260831_14:00:00   5.4909e-01   1.2378e+02   5.6338e+01   1.3761e-05   1.1290e-04   2.9009e+02
20260831_15:00:00   5.6724e-01   1.2657e+02   5.6963e+01   1.4912e-02   9.4975e-04   2.8886e+02
20260831_16:00:00   6.3769e-01   1.3697e+02   5.7266e+01   9.1664e-02   9.1120e-04   2.8833e+02
20260831_17:00:00   6.1917e-01   1.3426e+02   5.7520e+01   6.8465e-02   1.1484e-03   2.8900e+02
20260831_18:00:00   5.6079e-01   1.2542e+02   5.7231e+01   6.8920e-03   1.5431e-03   2.8953e+02
20260831_19:00:00   5.5077e-01   1.2381e+02   5.6985e+01   5.1300e-06   6.9238e-04   2.8980e+02
20260831_20:00:00   5.4985e-01   1.2360e+02   5.6957e+01   0.0000e+00   2.4081e-04   2.8979e+02
20260831_21:00:00   5.5385e-01   1.2417e+02   5.7021e+01   4.9898e-03   5.5639e-03   2.8916e+02
20260831_22:00:00   7.1918e-01   1.4788e+02   5.6944e+01   1.9579e-01   4.0455e-02   2.8882e+02
20260831_23:00:00   7.7106e-01   1.5450e+02   5.6852e+01   2.5776e-01   4.4268e-02   2.8833e+02
20260901_00:00:00   6.7797e-01   1.4228e+02   5.6701e+01   1.5272e-01   1.0617e-02   2.8867e+02
20260901_03:00:00   6.4572e-01   1.3792e+02   5.7792e+01   9.7084e-02   3.9598e-04   2.9006e+02
20260901_06:00:00   5.6805e-01   1.2643e+02   5.7991e+01   1.4059e-03   8.4621e-05   2.8821e+02
20260901_09:00:00   5.6794e-01   1.2635e+02   5.8123e+01   5.9440e-04   1.9390e-04   2.8700e+02
20260901_12:00:00   5.3760e-01   1.2167e+02   5.5641e+01   0.0000e+00   1.0660e-03   2.9168e+02
20260901_15:00:00   5.4398e-01   1.2333e+02   5.4236e+01   6.6590e-03   9.2748e-04   2.8913e+02
20260901_18:00:00   5.5405e-01   1.2512e+02   5.3605e+01   2.9344e-02   1.2918e-05   2.8991e+02
20260901_21:00:00   5.3623e-01   1.2194e+02   5.4799e+01   0.0000e+00   2.1081e-03   2.8957e+02
20260902_00:00:00   5.4425e-01   1.2337e+02   5.4838e+01   0.0000e+00   2.0519e-05   2.9034e+02
20260902_03:00:00   5.3547e-01   1.2200e+02   5.3954e+01   3.0840e-05   0.0000e+00   2.8976e+02
20260902_06:00:00   5.4142e-01   1.2302e+02   5.4065e+01   2.4980e-05   2.2399e-04   2.8828e+02
20260902_09:00:00   5.0339e-01   1.1633e+02   5.1199e+01   9.0880e-06   5.3040e-05   2.8596e+02
20260902_12:00:00   4.4169e-01   1.0523e+02   4.5992e+01   0.0000e+00   9.2861e-05   2.8885e+02
20260902_15:00:00   4.4662e-01   1.0629e+02   4.6229e+01   5.3060e-07   9.4690e-05   2.8885e+02
20260902_18:00:00   4.7126e-01   1.1094e+02   4.8161e+01   0.0000e+00   7.8370e-05   2.8744e+02
20260902_21:00:00   5.0470e-01   1.1697e+02   5.0280e+01   2.1686e-03   4.8923e-03   2.8519e+02
20260903_00:00:00   5.4332e-01   1.2368e+02   5.2316e+01   2.0780e-02   9.3358e-03   2.8636e+02
20260903_03:00:00   5.5267e-01   1.2518e+02   5.4394e+01   1.1816e-04   4.8602e-03   2.8765e+02
20260903_06:00:00   5.3826e-01   1.2248e+02   5.4064e+01   1.2530e-04   2.5219e-02   2.8822e+02
20260903_09:00:00   4.5468e-01   1.0792e+02   4.5771e+01   2.4580e-05   3.0051e-04   2.8858e+02
20260903_12:00:00   4.7700e-01   1.1219e+02   4.6826e+01   2.7919e-04   3.3280e-06   2.8793e+02
20260903_15:00:00   4.0864e-01   9.9584e+01   4.1198e+01   5.0177e-04   5.8120e-04   2.9093e+02
20260903_18:00:00   4.0397e-01   9.8833e+01   4.0074e+01   2.6420e-05   5.0566e-04   2.8811e+02
20260903_21:00:00   4.2546e-01   1.0300e+02   4.1708e+01   0.0000e+00   5.6000e-04   2.8249e+02
20260904_00:00:00   4.3901e-01   1.0559e+02   4.2579e+01   1.0318e-05   4.6279e-04   2.8659e+02
20260904_03:00:00   4.5030e-01   1.0767e+02   4.3874e+01   4.2980e-04   4.6780e-05   2.8988e+02
20260904_06:00:00   4.7726e-01   1.1237e+02   4.6413e+01   1.3342e-05   5.2360e-04   2.8931e+02
20260904_09:00:00   4.9135e-01   1.1491e+02   4.7754e+01   2.6520e-07   2.6100e-04   2.8895e+02
20260904_12:00:00   4.9476e-01   1.1559e+02   4.8157e+01   2.4780e-04   2.1298e-04   2.9094e+02
20260904_15:00:00   5.1177e-01   1.1863e+02   4.9556e+01   6.2801e-03   8.3200e-05   2.9089e+02
20260904_18:00:00   5.1241e-01   1.1873e+02   4.9913e+01   3.9493e-03   0.0000e+00   2.8902e+02
20260904_21:00:00   5.1863e-01   1.1979e+02   5.0489e+01   1.1770e-04   3.3280e-06   2.8826e+02
20260905_00:00:00   5.2621e-01   1.2109e+02   5.1007e+01   6.0200e-05   6.6540e-06   2.9033e+02
20260905_03:00:00   5.1052e-01   1.1822e+02   5.0215e+01   0.0000e+00   1.3704e-05   2.8940e+02
20260905_06:00:00   4.6751e-01   1.1050e+02   4.6446e+01   2.6220e-04   2.8400e-07   2.8782e+02
20260905_09:00:00   4.8416e-01   1.1361e+02   4.6588e+01   1.5063e-02   5.8760e-05   2.8879e+02
20260905_12:00:00   4.9781e-01   1.1607e+02   4.8263e+01   1.4264e-03   1.9964e-05   2.9034e+02
20260905_15:00:00   5.1069e-01   1.1845e+02   4.9612e+01   3.3440e-04   0.0000e+00   2.9117e+02
20260905_18:00:00   5.3006e-01   1.2175e+02   5.1486e+01   8.1017e-04   1.6636e-05   2.9009e+02
20260905_21:00:00   5.4592e-01   1.2430e+02   5.3227e+01   5.6573e-05   1.1476e-03   2.9097e+02
20260906_00:00:00   5.5477e-01   1.2571e+02   5.4359e+01   8.4640e-07   3.5362e-04   2.9096e+02
20260906_03:00:00   5.4304e-01   1.2382e+02   5.2997e+01   0.0000e+00   0.0000e+00   2.8909e+02
20260906_06:00:00   5.3047e-01   1.2168e+02   5.1702e+01   3.2900e-05   0.0000e+00   2.8906e+02
20260906_09:00:00   5.2354e-01   1.2044e+02   5.0796e+01   0.0000e+00   1.9862e-05   2.8881e+02
20260906_12:00:00   5.3475e-01   1.2238e+02   5.1771e+01   3.6760e-04   1.4683e-04   2.9073e+02
20260906_15:00:00   5.2870e-01   1.2144e+02   5.1410e+01   1.6974e-03   2.1119e-04   2.9119e+02
20260906_18:00:00   5.3566e-01   1.2262e+02   5.2303e+01   0.0000e+00   1.7453e-03   2.9291e+02
20260906_21:00:00   5.1573e-01   1.1919e+02   5.0817e+01   8.9550e-06   2.5397e-04   2.9089e+02
20260907_00:00:00   5.0834e-01   1.1781e+02   5.0154e+01   8.8420e-08   8.6920e-05   2.9244e+02
20260907_03:00:00   5.0462e-01   1.1706e+02   4.9937e+01   0.0000e+00   2.5131e-04   2.9070e+02
20260907_06:00:00   4.8681e-01   1.1374e+02   4.8876e+01   0.0000e+00   2.9736e-04   2.9153e+02
20260907_09:00:00   4.7562e-01   1.1188e+02   4.7491e+01   0.0000e+00   0.0000e+00   2.8803e+02
20260907_12:00:00   4.7601e-01   1.1204e+02   4.7410e+01   0.0000e+00   4.5700e-06   2.8618e+02
20260907_15:00:00   4.6801e-01   1.1061e+02   4.6860e+01   8.5860e-05   3.9400e-04   2.8662e+02
20260907_18:00:00   4.4594e-01   1.0655e+02   4.5244e+01   0.0000e+00   5.5235e-05   2.8558e+02
20260907_21:00:00   4.6255e-01   1.0968e+02   4.6193e+01   0.0000e+00   7.0100e-06   2.8425e+02
20260908_00:00:00   4.7216e-01   1.1142e+02   4.6752e+01   0.0000e+00   1.3208e-05   2.8240e+02
20260908_03:00:00   4.9861e-01   1.1621e+02   4.8564e+01   0.0000e+00   1.1966e-03   2.8007e+02
20260908_06:00:00   4.9210e-01   1.1489e+02   4.8367e+01   0.0000e+00   2.1968e-03   2.7788e+02
20260908_09:00:00   4.6935e-01   1.1084e+02   4.6537e+01   0.0000e+00   3.7407e-05   2.7953e+02
20260908_12:00:00   4.3266e-01   1.0404e+02   4.2882e+01   2.0623e-03   3.7021e-04   2.8136e+02
20260908_15:00:00   4.1355e-01   1.0040e+02   4.1822e+01   3.5680e-04   4.7042e-03   2.8449e+02
20260908_18:00:00   4.0524e-01   9.8781e+01   4.1350e+01   0.0000e+00   5.7844e-03   2.8117e+02
20260908_21:00:00   4.5168e-01   1.0757e+02   4.5030e+01   1.4483e-04   1.1109e-02   2.7992e+02
20260909_00:00:00   5.1886e-01   1.1958e+02   5.0644e+01   1.6636e-06   1.8521e-02   2.8133e+02
20260909_03:00:00   4.3337e-01   1.0420e+02   4.3216e+01   3.5718e-04   6.3855e-03   2.8393e+02
20260909_06:00:00   3.9496e-01   9.6767e+01   3.9349e+01   0.0000e+00   6.9880e-06   2.8058e+02
20260909_09:00:00   3.8781e-01   9.5337e+01   3.8453e+01   4.4340e-04   8.5734e-04   2.7880e+02
20260909_12:00:00   4.0214e-01   9.8468e+01   3.7979e+01   6.5640e-04   2.8277e-02   2.8241e+02
20260909_15:00:00   3.4902e-01   8.7849e+01   3.3780e+01   0.0000e+00   1.0652e-01   2.8411e+02
20260909_18:00:00   4.6588e-01   1.1056e+02   4.3787e+01   2.8961e-03   6.3879e-03   2.7933e+02
20260909_21:00:00   4.7832e-01   1.1274e+02   4.6412e+01   1.0107e-03   1.3562e-05   2.7995e+02
20260910_00:00:00   5.2692e-01   1.2117e+02   5.1054e+01   1.6636e-06   2.3080e-06   2.8048e+02
20260910_03:00:00   6.0099e-01   1.3298e+02   5.8991e+01   5.0200e-06   9.5987e-04   2.7948e+02
20260910_06:00:00   6.5281e-01   1.4067e+02   6.4356e+01   3.8547e-03   1.7494e-02   2.8136e+02
20260910_09:00:00   6.1850e-01   1.3538e+02   6.2053e+01   1.8724e-03   6.7187e-02   2.8023e+02
20260910_12:00:00   5.2345e-01   1.2022e+02   5.2683e+01   2.6420e-04   5.5069e-03   2.8146e+02
20260910_15:00:00   5.4484e-01   1.2395e+02   5.4372e+01   2.4958e-05   2.7496e-03   2.8113e+02
20260910_18:00:00   5.6981e-01   1.2796e+02   5.6925e+01   2.0181e-04   3.3939e-03   2.7728e+02
20260910_21:00:00   5.5486e-01   1.2569e+02   5.4282e+01   2.6901e-03   2.3647e-03   2.7697e+02
20260911_00:00:00   4.3336e-01   1.0447e+02   4.2148e+01   2.0527e-03   1.5912e-03   2.8071e+02
20260911_03:00:00   4.0753e-01   9.9618e+01   3.9660e+01   0.0000e+00   6.3814e-03   2.8216e+02
20260911_06:00:00   4.9825e-01   1.1616e+02   4.0764e+01   9.8160e-02   3.6980e-03   2.8073e+02
20260911_09:00:00   4.2266e-01   1.0228e+02   3.9058e+01   2.4860e-02   4.6940e-05   2.8056e+02
20260911_12:00:00   4.1686e-01   1.0127e+02   3.8315e+01   2.8440e-02   2.9550e-04   2.8161e+02
20260911_15:00:00   4.1686e-01   1.0139e+02   3.9539e+01   4.2440e-03   9.3039e-04   2.8273e+02
20260911_18:00:00   3.9147e-01   9.6544e+01   3.7777e+01   0.0000e+00   6.4560e-04   2.8446e+02
20260911_21:00:00   4.1184e-01   1.0057e+02   3.8782e+01   0.0000e+00   1.3614e-05   2.8284e+02
20260912_00:00:00   3.9621e-01   9.7552e+01   3.7354e+01   1.5894e-04   8.9100e-08   2.8311e+02
