#            date       tau255        Tb[K]      pwv[mm] lwp[kg*m^-2] iwp[kg*m^-2]       o3[DU]
20260929_06:00:00   4.5812e-01   1.0888e+02   4.3976e+01   0.0000e+00   0.0000e+00   2.8054e+02
20260929_07:00:00   4.9909e-01   1.1609e+02   4.7658e+01   2.4940e-04   0.0000e+00   2.7701e+02
20260929_08:00:00   4.9457e-01   1.1532e+02   4.7247e+01   3.8920e-04   0.0000e+00   2.7488e+02
20260929_09:00:00   4.6985e-01   1.1099e+02   4.4911e+01   0.0000e+00   0.0000e+00   2.7413e+02
20260929_10:00:00   4.5061e-01   1.0747e+02   4.3444e+01   0.0000e+00   0.0000e+00   2.7366e+02
20260929_11:00:00   4.4351e-01   1.0611e+02   4.3119e+01   7.1080e-07   0.0000e+00   2.7427e+02
20260929_12:00:00   4.6947e-01   1.1086e+02   4.5592e+01   2.2012e-06   0.0000e+00   2.7593e+02
20260929_13:00:00   4.8164e-01   1.1311e+02   4.6470e+01   5.2410e-05   1.3208e-05   2.7947e+02
20260929_14:00:00   4.8029e-01   1.1297e+02   4.6078e+01   3.7830e-06   0.0000e+00   2.8250e+02
20260929_15:00:00   4.7078e-01   1.1132e+02   4.5075e+01   1.3365e-07   0.0000e+00   2.8324e+02
20260929_16:00:00   4.5743e-01   1.0883e+02   4.4324e+01   9.1500e-04   3.5360e-07   2.8281e+02
20260929_17:00:00   4.6588e-01   1.1029e+02   4.5421e+01   2.2708e-05   5.8598e-06   2.8238e+02
20260929_18:00:00   4.7456e-01   1.1187e+02   4.5861e+01   2.7496e-03   1.3562e-05   2.7937e+02
20260929_19:00:00   4.5904e-01   1.0910e+02   4.4524e+01   1.4165e-04   0.0000e+00   2.7762e+02
20260929_20:00:00   4.5099e-01   1.0762e+02   4.3800e+01   5.4840e-06   0.0000e+00   2.7593e+02
20260929_21:00:00   4.6899e-01   1.1086e+02   4.5294e+01   1.4125e-04   6.6540e-06   2.7883e+02
20260929_22:00:00   4.2928e-01   1.0355e+02   4.1716e+01   0.0000e+00   2.1460e-05   2.8071e+02
20260929_23:00:00   4.0001e-01   9.7896e+01   3.9176e+01   0.0000e+00   0.0000e+00   2.8121e+02
20260930_00:00:00   4.2955e-01   1.0353e+02   4.1572e+01   8.8140e-04   0.0000e+00   2.8153e+02
20260930_01:00:00   4.6582e-01   1.1028e+02   4.4529e+01   7.2340e-04   0.0000e+00   2.8089e+02
20260930_02:00:00   4.6425e-01   1.1004e+02   4.4223e+01   1.2131e-04   0.0000e+00   2.8077e+02
20260930_03:00:00   4.2925e-01   1.0357e+02   4.1283e+01   2.7692e-05   0.0000e+00   2.8042e+02
20260930_04:00:00   4.2223e-01   1.0215e+02   4.0848e+01   0.0000e+00   0.0000e+00   2.7901e+02
20260930_05:00:00   4.6288e-01   1.0964e+02   4.4346e+01   1.2963e-03   0.0000e+00   2.7916e+02
20260930_06:00:00   4.5688e-01   1.0859e+02   4.3647e+01   8.2480e-04   1.2392e-06   2.8183e+02
20260930_07:00:00   4.0731e-01   9.9279e+01   3.9323e+01   1.3127e-04   2.6420e-05   2.8309e+02
20260930_08:00:00   3.8482e-01   9.4803e+01   3.7377e+01   0.0000e+00   0.0000e+00   2.8345e+02
20260930_09:00:00   4.3660e-01   1.0476e+02   4.1477e+01   4.3350e-03   0.0000e+00   2.8478e+02
20260930_10:00:00   4.6888e-01   1.1064e+02   4.4442e+01   8.0580e-03   0.0000e+00   2.8483e+02
20260930_11:00:00   4.4638e-01   1.0659e+02   4.2967e+01   2.2020e-03   0.0000e+00   2.8245e+02
20260930_12:00:00   4.2995e-01   1.0361e+02   4.1519e+01   0.0000e+00   0.0000e+00   2.8231e+02
20260930_13:00:00   4.3531e-01   1.0466e+02   4.1966e+01   1.2386e-04   0.0000e+00   2.8202e+02
20260930_14:00:00   4.4357e-01   1.0625e+02   4.2435e+01   0.0000e+00   0.0000e+00   2.8274e+02
20260930_15:00:00   4.4795e-01   1.0709e+02   4.2697e+01   1.9632e-04   0.0000e+00   2.8476e+02
20260930_16:00:00   4.4697e-01   1.0693e+02   4.2563e+01   1.0664e-03   0.0000e+00   2.8308e+02
20260930_17:00:00   4.4620e-01   1.0676e+02   4.2836e+01   1.6109e-04   0.0000e+00   2.8077e+02
20260930_18:00:00   4.5860e-01   1.0896e+02   4.4311e+01   1.8767e-04   0.0000e+00   2.8066e+02
20260930_19:00:00   4.6288e-01   1.0971e+02   4.4772e+01   1.2577e-04   0.0000e+00   2.7861e+02
20260930_20:00:00   4.6285e-01   1.0972e+02   4.4763e+01   0.0000e+00   0.0000e+00   2.7906e+02
20260930_21:00:00   4.6809e-01   1.1062e+02   4.5263e+01   1.4620e-06   0.0000e+00   2.7869e+02
20260930_22:00:00   4.7264e-01   1.1142e+02   4.5737e+01   0.0000e+00   0.0000e+00   2.7697e+02
20260930_23:00:00   4.7023e-01   1.1104e+02   4.5337e+01   0.0000e+00   3.5360e-07   2.7730e+02
20261001_00:00:00   4.6859e-01   1.1072e+02   4.5294e+01   0.0000e+00   2.7340e-06   2.7902e+02
20261001_01:00:00   4.7032e-01   1.1102e+02   4.5564e+01   1.9965e-05   0.0000e+00   2.8022e+02
20261001_02:00:00   4.6541e-01   1.1015e+02   4.4991e+01   0.0000e+00   7.7240e-06   2.7903e+02
20261001_03:00:00   4.5847e-01   1.0886e+02   4.4350e+01   0.0000e+00   3.9011e-04   2.7751e+02
20261001_04:00:00   4.4478e-01   1.0626e+02   4.3412e+01   0.0000e+00   6.4464e-04   2.7764e+02
20261001_05:00:00   4.2710e-01   1.0288e+02   4.2243e+01   0.0000e+00   6.3460e-04   2.7768e+02
20261001_06:00:00   4.1096e-01   9.9731e+01   4.1217e+01   0.0000e+00   6.6540e-06   2.7832e+02
20261001_07:00:00   4.2130e-01   1.0167e+02   4.2103e+01   0.0000e+00   0.0000e+00   2.7818e+02
20261001_08:00:00   4.4770e-01   1.0663e+02   4.4175e+01   1.9605e-04   3.3280e-06   2.7741e+02
20261001_09:00:00   4.5525e-01   1.0804e+02   4.5033e+01   2.2636e-04   2.8400e-07   2.7754e+02
20261001_10:00:00   4.4941e-01   1.0695e+02   4.4672e+01   6.1476e-04   0.0000e+00   2.7826e+02
20261001_11:00:00   4.2469e-01   1.0226e+02   4.2891e+01   1.7552e-04   0.0000e+00   2.7961e+02
20261001_12:00:00   4.3096e-01   1.0344e+02   4.3309e+01   6.4990e-06   0.0000e+00   2.7953e+02
20261001_13:00:00   4.3929e-01   1.0510e+02   4.3923e+01   1.3275e-05   0.0000e+00   2.7958e+02
20261001_14:00:00   4.5012e-01   1.0715e+02   4.4800e+01   2.6730e-07   0.0000e+00   2.7941e+02
20261001_15:00:00   4.7395e-01   1.1152e+02   4.6680e+01   8.1830e-04   0.0000e+00   2.7970e+02
20261001_16:00:00   4.9572e-01   1.1543e+02   4.8467e+01   0.0000e+00   0.0000e+00   2.7891e+02
20261001_17:00:00   4.9843e-01   1.1584e+02   4.9021e+01   2.2097e-05   8.9100e-08   2.7937e+02
20261001_18:00:00   4.5617e-01   1.0819e+02   4.6055e+01   0.0000e+00   0.0000e+00   2.7971e+02
20261001_19:00:00   4.5185e-01   1.0741e+02   4.5547e+01   1.2697e-06   0.0000e+00   2.7955e+02
20261001_20:00:00   4.8600e-01   1.1369e+02   4.7924e+01   0.0000e+00   0.0000e+00   2.7615e+02
20261001_21:00:00   5.0406e-01   1.1687e+02   4.9250e+01   8.7263e-05   1.5860e-04   2.7412e+02
20261001_22:00:00   5.1210e-01   1.1820e+02   5.0036e+01   1.0236e-04   6.6040e-06   2.7394e+02
20261001_23:00:00   5.1513e-01   1.1869e+02   5.0239e+01   2.4686e-04   2.8040e-06   2.7390e+02
20261002_00:00:00   5.1450e-01   1.1857e+02   5.0250e+01   1.6036e-06   1.6978e-04   2.7463e+02
20261002_01:00:00   5.1612e-01   1.1883e+02   5.0403e+01   9.9190e-05   1.4444e-04   2.7478e+02
20261002_02:00:00   5.1106e-01   1.1800e+02   4.9918e+01   2.0654e-05   8.9100e-08   2.7319e+02
20261002_03:00:00   5.1273e-01   1.1825e+02   5.0036e+01   0.0000e+00   2.6620e-06   2.7486e+02
20261002_04:00:00   5.0681e-01   1.1724e+02   4.9380e+01   5.8640e-05   6.6040e-06   2.7520e+02
20261002_05:00:00   4.9138e-01   1.1458e+02   4.7899e+01   4.8154e-04   8.4880e-07   2.7459e+02
20261002_06:00:00   4.8410e-01   1.1331e+02   4.7213e+01   6.1001e-04   0.0000e+00   2.7597e+02
20261002_07:00:00   4.7900e-01   1.1244e+02   4.6733e+01   3.7820e-04   0.0000e+00   2.7669e+02
20261002_08:00:00   4.8860e-01   1.1411e+02   4.7517e+01   3.7660e-04   0.0000e+00   2.7933e+02
20261002_09:00:00   4.9857e-01   1.1583e+02   4.8555e+01   6.6040e-05   1.7684e-07   2.8176e+02
20261002_10:00:00   5.0735e-01   1.1729e+02   4.9620e+01   1.0750e-05   2.4574e-05   2.8009e+02
20261002_11:00:00   5.1441e-01   1.1845e+02   5.0389e+01   8.9260e-05   2.4260e-05   2.8144e+02
20261002_12:00:00   5.1227e-01   1.1805e+02   5.0450e+01   1.2920e-06   0.0000e+00   2.8195e+02
20261002_13:00:00   5.1044e-01   1.1774e+02   5.0353e+01   5.2024e-05   1.0032e-05   2.8286e+02
20261002_14:00:00   5.1400e-01   1.1837e+02   5.0619e+01   9.8070e-04   3.5500e-04   2.8417e+02
20261002_15:00:00   5.0666e-01   1.1719e+02   5.0191e+01   1.2858e-04   1.3562e-05   2.8455e+02
20261002_16:00:00   5.0698e-01   1.1727e+02   5.0232e+01   2.2963e-03   0.0000e+00   2.8325e+02
20261002_17:00:00   5.0947e-01   1.1770e+02   5.0490e+01   2.3572e-03   0.0000e+00   2.8287e+02
20261002_18:00:00   5.0862e-01   1.1757e+02   5.0670e+01   5.0194e-04   0.0000e+00   2.8248e+02
20261002_19:00:00   5.1733e-01   1.1909e+02   5.1443e+01   1.8787e-04   0.0000e+00   2.8131e+02
20261002_20:00:00   5.2093e-01   1.1969e+02   5.1847e+01   3.2440e-05   8.5800e-05   2.8078e+02
20261002_21:00:00   5.1835e-01   1.1921e+02   5.1687e+01   0.0000e+00   9.1500e-05   2.7999e+02
20261002_22:00:00   5.1121e-01   1.1798e+02   5.1158e+01   0.0000e+00   1.6000e-04   2.7905e+02
20261002_23:00:00   5.1829e-01   1.1920e+02   5.1699e+01   0.0000e+00   8.3820e-05   2.7861e+02
20261003_00:00:00   5.2878e-01   1.2100e+02   5.2608e+01   0.0000e+00   3.9433e-04   2.7920e+02
20261003_01:00:00   5.3669e-01   1.2223e+02   5.3592e+01   0.0000e+00   2.6642e-03   2.7799e+02
20261003_02:00:00   5.2859e-01   1.2081e+02   5.3058e+01   4.1598e-06   6.5004e-03   2.7673e+02
20261003_03:00:00   5.1237e-01   1.1802e+02   5.1703e+01   3.6451e-05   6.4092e-03   2.7747e+02
20261003_04:00:00   5.0889e-01   1.1739e+02   5.1348e+01   1.7431e-04   4.7642e-03   2.7793e+02
20261003_05:00:00   5.2286e-01   1.1978e+02   5.2402e+01   2.6604e-04   8.1003e-04   2.7937e+02
20261003_06:00:00   5.3040e-01   1.2106e+02   5.3023e+01   1.6774e-04   1.4082e-03   2.7851e+02
20261003_07:00:00   5.2850e-01   1.2064e+02   5.3198e+01   3.1280e-06   8.2296e-03   2.7619e+02
20261003_08:00:00   5.0813e-01   1.1703e+02   5.1854e+01   6.2940e-05   1.5829e-02   2.7631e+02
20261003_09:00:00   4.7872e-01   1.1178e+02   4.9748e+01   4.4322e-06   1.0807e-02   2.7622e+02
20261003_10:00:00   4.7764e-01   1.1157e+02   4.9559e+01   8.4030e-07   5.8014e-03   2.7582e+02
20261003_11:00:00   4.8821e-01   1.1356e+02   5.0073e+01   2.5200e-06   3.0439e-02   2.7541e+02
20261003_12:00:00   5.0250e-01   1.1618e+02   5.0989e+01   1.5120e-05   3.4404e-02   2.7663e+02
20261003_13:00:00   5.0713e-01   1.1703e+02   5.1289e+01   2.0180e-06   3.0301e-02   2.7854e+02
20261003_14:00:00   5.0954e-01   1.1750e+02   5.1358e+01   5.5900e-04   5.6971e-02   2.7911e+02
20261003_15:00:00   5.1274e-01   1.1805e+02   5.1685e+01   4.0180e-04   4.1293e-02   2.7804e+02
20261003_16:00:00   5.1568e-01   1.1860e+02   5.2004e+01   1.1093e-03   6.2142e-02   2.7700e+02
20261003_17:00:00   5.1940e-01   1.1923e+02   5.2298e+01   7.9350e-04   1.3456e-01   2.7603e+02
20261003_18:00:00   5.0546e-01   1.1675e+02   5.1236e+01   2.8303e-03   1.3166e-01   2.7590e+02
20261003_19:00:00   4.6563e-01   1.0956e+02   4.8508e+01   6.7380e-05   9.6120e-02   2.7745e+02
20261003_20:00:00   4.1491e-01   1.0004e+02   4.4371e+01   0.0000e+00   2.5422e-02   2.7710e+02
20261003_21:00:00   3.7360e-01   9.1937e+01   4.0493e+01   0.0000e+00   1.2004e-02   2.7537e+02
20261003_22:00:00   3.5138e-01   8.7509e+01   3.7930e+01   0.0000e+00   3.2999e-02   2.7565e+02
20261003_23:00:00   3.7408e-01   9.2209e+01   3.9477e+01   2.4539e-05   5.9519e-02   2.7754e+02
20261004_00:00:00   4.3010e-01   1.0324e+02   4.3595e+01   1.2163e-03   6.6443e-02   2.7871e+02
20261004_01:00:00   4.6326e-01   1.0952e+02   4.6245e+01   4.5680e-05   3.8693e-02   2.7953e+02
20261004_02:00:00   4.7612e-01   1.1182e+02   4.7459e+01   1.9430e-04   2.2000e-02   2.8042e+02
20261004_03:00:00   4.5009e-01   1.0691e+02   4.5955e+01   2.8397e-04   2.4702e-02   2.8204e+02
20261004_04:00:00   4.3822e-01   1.0463e+02   4.5111e+01   0.0000e+00   1.4380e-02   2.8361e+02
20261004_05:00:00   4.3546e-01   1.0409e+02   4.4826e+01   1.3263e-07   3.5174e-03   2.8412e+02
20261004_06:00:00   4.2868e-01   1.0278e+02   4.4191e+01   3.3060e-04   3.0783e-04   2.8232e+02
20261004_09:00:00   3.9565e-01   9.6469e+01   4.0662e+01   0.0000e+00   1.6901e-03   2.8121e+02
20261004_12:00:00   4.0856e-01   9.9130e+01   4.1446e+01   0.0000e+00   9.0683e-03   2.8203e+02
20261004_15:00:00   4.7182e-01   1.1100e+02   4.6971e+01   7.1070e-06   2.0243e-02   2.8531e+02
20261004_18:00:00   3.7651e-01   9.3068e+01   3.8047e+01   1.8044e-06   3.1524e-02   2.8271e+02
20261004_21:00:00   3.7766e-01   9.3337e+01   3.7791e+01   0.0000e+00   4.8512e-02   2.8097e+02
20261005_00:00:00   4.1533e-01   1.0077e+02   4.0789e+01   0.0000e+00   7.0794e-03   2.8407e+02
20261005_03:00:00   4.0826e-01   9.9450e+01   3.8447e+01   9.1828e-03   1.6625e-03   2.8528e+02
20261005_06:00:00   4.3731e-01   1.0503e+02   3.8120e+01   4.9742e-02   1.6692e-03   2.8455e+02
20261005_09:00:00   4.0850e-01   9.9516e+01   3.8139e+01   1.1398e-02   8.6118e-05   2.8452e+02
20261005_12:00:00   4.0072e-01   9.7985e+01   3.8852e+01   0.0000e+00   2.6180e-04   2.8415e+02
20261005_15:00:00   4.2960e-01   1.0349e+02   4.2392e+01   0.0000e+00   0.0000e+00   2.8582e+02
20261005_18:00:00   4.7108e-01   1.1117e+02   4.6109e+01   2.7160e-06   1.4147e-06   2.8544e+02
20261005_21:00:00   4.9425e-01   1.1527e+02   4.8359e+01   0.0000e+00   0.0000e+00   2.8088e+02
20261006_00:00:00   4.8347e-01   1.1324e+02   4.7778e+01   3.5500e-07   4.4240e-04   2.7931e+02
20261006_03:00:00   4.6496e-01   1.0995e+02   4.5534e+01   2.4624e-04   1.7965e-03   2.7894e+02
20261006_06:00:00   4.3046e-01   1.0347e+02   4.2894e+01   9.9820e-06   1.3290e-04   2.8191e+02
20261006_09:00:00   3.8117e-01   9.4057e+01   3.8106e+01   0.0000e+00   2.7997e-03   2.8068e+02
20261006_12:00:00   4.2227e-01   1.0218e+02   4.0689e+01   0.0000e+00   4.5010e-03   2.8113e+02
20261006_15:00:00   4.4680e-01   1.0677e+02   4.3274e+01   2.0581e-03   5.8279e-03   2.8479e+02
20261006_18:00:00   4.3382e-01   1.0441e+02   4.2155e+01   0.0000e+00   2.1753e-03   2.8244e+02
20261006_21:00:00   4.2350e-01   1.0246e+02   4.0929e+01   0.0000e+00   4.8192e-03   2.7973e+02
20261007_00:00:00   4.4621e-01   1.0650e+02   4.3616e+01   0.0000e+00   6.2399e-03   2.7814e+02
20261007_03:00:00   4.4115e-01   1.0548e+02   4.3820e+01   0.0000e+00   1.3821e-02   2.7939e+02
20261007_06:00:00   4.3430e-01   1.0410e+02   4.3253e+01   0.0000e+00   1.4149e-01   2.7832e+02
20261007_09:00:00   4.3400e-01   1.0403e+02   4.3199e+01   1.0834e-05   6.3099e-02   2.7951e+02
20261007_12:00:00   4.5333e-01   1.0759e+02   4.5292e+01   2.2935e-05   5.5626e-03   2.8173e+02
20261007_15:00:00   5.3544e-01   1.2162e+02   5.4301e+01   1.1312e-03   4.5674e-01   2.8219e+02
20261007_18:00:00   5.9213e-01   1.3070e+02   5.9820e+01   2.1469e-03   2.4065e-01   2.7891e+02
20261007_21:00:00   5.8393e-01   1.2931e+02   5.9452e+01   1.0173e-03   1.6254e-01   2.7864e+02
20261008_00:00:00   6.7437e-01   1.4226e+02   6.0160e+01   1.0053e-01   2.9668e-01   2.8197e+02
20261008_03:00:00   5.9587e-01   1.3092e+02   5.9543e+01   1.7546e-02   2.6347e-01   2.7988e+02
20261008_06:00:00   6.9820e-01   1.4542e+02   5.8245e+01   1.5237e-01   1.9647e-01   2.7602e+02
20261008_09:00:00   8.2538e-01   1.6136e+02   5.7792e+01   3.0192e-01   4.9602e-02   2.7604e+02
20261008_12:00:00   5.2020e-01   1.1871e+02   5.4068e+01   4.0278e-04   1.5250e-01   2.7619e+02
20261008_15:00:00   5.3879e-01   1.2177e+02   5.6148e+01   4.8610e-04   1.5817e-01   2.7647e+02
20261008_18:00:00   5.6535e-01   1.2623e+02   5.8301e+01   5.2560e-06   1.0108e-02   2.7738e+02
20261008_21:00:00   5.7604e-01   1.2770e+02   5.9828e+01   0.0000e+00   3.6456e-02   2.7756e+02
20261009_00:00:00   5.9728e-01   1.3115e+02   6.1502e+01   2.9855e-03   5.2050e-02   2.7698e+02
20261009_03:00:00   6.0828e-01   1.3288e+02   6.1270e+01   1.6628e-02   2.9005e-02   2.7723e+02
20261009_06:00:00   6.0122e-01   1.3215e+02   6.1153e+01   8.7796e-04   2.0543e-03   2.7675e+02
20261009_09:00:00   5.8454e-01   1.2962e+02   5.9598e+01   1.0426e-04   1.9162e-03   2.7504e+02
20261009_12:00:00   6.2235e-01   1.3567e+02   5.9778e+01   4.2900e-02   7.9043e-04   2.7753e+02
20261009_15:00:00   5.9610e-01   1.3159e+02   6.0379e+01   1.2058e-03   5.9617e-05   2.7872e+02
20261009_18:00:00   5.9403e-01   1.3131e+02   6.0520e+01   1.1127e-04   7.0902e-04   2.7471e+02
20261009_21:00:00   5.8373e-01   1.2981e+02   5.9531e+01   0.0000e+00   2.6803e-04   2.7684e+02
20261010_00:00:00   5.8512e-01   1.3009e+02   5.9171e+01   0.0000e+00   1.6316e-03   2.7728e+02
20261010_03:00:00   5.7891e-01   1.2907e+02   5.8278e+01   0.0000e+00   9.9400e-04   2.7722e+02
20261010_06:00:00   5.5997e-01   1.2605e+02   5.6058e+01   8.5516e-06   3.2680e-04   2.7605e+02
20261010_09:00:00   5.4856e-01   1.2433e+02   5.4166e+01   2.1783e-03   6.7800e-06   2.7429e+02
20261010_12:00:00   5.2717e-01   1.2094e+02   5.1614e+01   5.2944e-03   0.0000e+00   2.7592e+02
20261010_15:00:00   4.5706e-01   1.0889e+02   4.3323e+01   1.7803e-02   0.0000e+00   2.7918e+02
20261010_18:00:00   4.4479e-01   1.0673e+02   4.0816e+01   2.7337e-02   3.5360e-07   2.7729e+02
20261010_21:00:00   4.0698e-01   9.9531e+01   3.9261e+01   2.9942e-05   0.0000e+00   2.7765e+02
20261011_00:00:00   4.5522e-01   1.0850e+02   4.3921e+01   0.0000e+00   3.3280e-06   2.7639e+02
20261011_03:00:00   4.1380e-01   1.0080e+02   3.9782e+01   1.1538e-04   0.0000e+00   2.7911e+02
20261011_06:00:00   3.9596e-01   9.7371e+01   3.7676e+01   1.2151e-05   0.0000e+00   2.7962e+02
20261011_09:00:00   4.3125e-01   1.0417e+02   3.9970e+01   8.0591e-03   0.0000e+00   2.7873e+02
20261011_12:00:00   5.3787e-01   1.2319e+02   4.2132e+01   1.2895e-01   0.0000e+00   2.8057e+02
20261011_15:00:00   3.8074e-01   9.4384e+01   3.6989e+01   0.0000e+00   0.0000e+00   2.8382e+02
20261011_18:00:00   3.9502e-01   9.7167e+01   3.8569e+01   0.0000e+00   0.0000e+00   2.8081e+02
20261011_21:00:00   3.9944e-01   9.7944e+01   3.9257e+01   0.0000e+00   0.0000e+00   2.8027e+02
20261012_00:00:00   3.9873e-01   9.7744e+01   3.9282e+01   0.0000e+00   4.0745e-07   2.7928e+02
20261012_03:00:00   3.7371e-01   9.2729e+01   3.7475e+01   0.0000e+00   1.7023e-07   2.8091e+02
20261012_06:00:00   3.9795e-01   9.7501e+01   3.9296e+01   0.0000e+00   1.9780e-05   2.8201e+02
20261012_09:00:00   4.5547e-01   1.0847e+02   4.3700e+01   0.0000e+00   0.0000e+00   2.8211e+02
20261012_12:00:00   5.2372e-01   1.2067e+02   4.5639e+01   5.9391e-02   2.3568e-06   2.8317e+02
20261012_15:00:00   4.6548e-01   1.1043e+02   4.2114e+01   4.2450e-02   8.9570e-05   2.8364e+02
20261012_18:00:00   4.1767e-01   1.0144e+02   4.0987e+01   0.0000e+00   4.5710e-05   2.8122e+02
20261012_21:00:00   3.8378e-01   9.4787e+01   3.8540e+01   0.0000e+00   2.1045e-05   2.7985e+02
20261013_00:00:00   3.9744e-01   9.7473e+01   3.9554e+01   0.0000e+00   1.9809e-04   2.7929e+02
20261013_03:00:00   3.8752e-01   9.5440e+01   3.9053e+01   0.0000e+00   9.7743e-05   2.8142e+02
20261013_06:00:00   4.4172e-01   1.0588e+02   4.3127e+01   2.7720e-05   0.0000e+00   2.8050e+02
20261013_09:00:00   4.5981e-01   1.0908e+02   4.5096e+01   1.3148e-05   2.7631e-04   2.7969e+02
20261013_12:00:00   5.1309e-01   1.1860e+02   4.9359e+01   1.9430e-04   2.1462e-03   2.8082e+02
20261013_15:00:00   5.0674e-01   1.1765e+02   4.8673e+01   1.2304e-03   5.1319e-05   2.8418e+02
20261013_18:00:00   5.1519e-01   1.1900e+02   5.0016e+01   5.4765e-04   1.0537e-04   2.8353e+02
20261013_21:00:00   4.7231e-01   1.1150e+02   4.6401e+01   1.7820e-07   7.4388e-04   2.8300e+02
20261014_00:00:00   4.9434e-01   1.1533e+02   4.8500e+01   4.0600e-04   1.3078e-03   2.8413e+02
20261014_03:00:00   4.9289e-01   1.1503e+02   4.8490e+01   2.3660e-05   4.5760e-05   2.8368e+02
20261014_06:00:00   4.8801e-01   1.1406e+02   4.8637e+01   2.3251e-04   1.5688e-04   2.8418e+02
20261014_09:00:00   4.3955e-01   1.0507e+02   4.5148e+01   7.6940e-04   2.9824e-05   2.7977e+02
20261014_12:00:00   4.7702e-01   1.1204e+02   4.7031e+01   1.9830e-02   1.3562e-05   2.8044e+02
20261014_15:00:00   4.5806e-01   1.0858e+02   4.6685e+01   7.9240e-05   8.6921e-05   2.8093e+02
20261014_18:00:00   5.3096e-01   1.2126e+02   5.3034e+01   3.1726e-03   3.6172e-04   2.7927e+02
20261014_21:00:00   4.4541e-01   1.0613e+02   4.6089e+01   0.0000e+00   2.6622e-06   2.7806e+02
20261015_00:00:00   4.9792e-01   1.1575e+02   4.9727e+01   0.0000e+00   0.0000e+00   2.7954e+02
20261015_03:00:00   5.0674e-01   1.1738e+02   4.9786e+01   3.6560e-06   0.0000e+00   2.8034e+02
20261015_06:00:00   4.6317e-01   1.0955e+02   4.6227e+01   2.2457e-05   0.0000e+00   2.7910e+02
