#            date       tau255        Tb[K]      pwv[mm] lwp[kg*m^-2] iwp[kg*m^-2]       o3[DU]
20260914_00:00:00   4.7555e-01   1.1190e+02   4.6351e+01   0.0000e+00   1.0884e-03   2.9803e+02
20260914_01:00:00   4.7407e-01   1.1167e+02   4.6158e+01   0.0000e+00   1.6414e-04   2.9844e+02
20260914_02:00:00   4.6632e-01   1.1030e+02   4.5345e+01   1.0246e-06   1.2064e-03   2.9470e+02
20260914_03:00:00   4.6147e-01   1.0945e+02   4.4725e+01   0.0000e+00   4.7798e-03   2.9337e+02
20260914_04:00:00   4.6032e-01   1.0924e+02   4.4475e+01   0.0000e+00   3.2679e-03   2.9122e+02
20260914_05:00:00   4.5990e-01   1.0912e+02   4.4551e+01   0.0000e+00   2.2395e-03   2.9208e+02
20260914_06:00:00   4.4902e-01   1.0709e+02   4.3727e+01   0.0000e+00   1.5691e-04   2.9171e+02
20260914_07:00:00   4.3499e-01   1.0446e+02   4.2632e+01   0.0000e+00   2.4542e-04   2.9381e+02
20260914_08:00:00   4.4200e-01   1.0574e+02   4.3246e+01   1.8869e-04   1.7136e-03   2.9479e+02
20260914_09:00:00   4.5609e-01   1.0829e+02   4.4571e+01   0.0000e+00   1.2712e-02   2.9271e+02
20260914_10:00:00   4.6542e-01   1.0993e+02   4.5713e+01   0.0000e+00   1.2540e-02   2.8983e+02
20260914_11:00:00   4.6363e-01   1.0957e+02   4.5848e+01   0.0000e+00   2.9574e-02   2.8815e+02
20260914_12:00:00   4.7405e-01   1.1144e+02   4.6940e+01   0.0000e+00   9.3920e-03   2.8890e+02
20260914_13:00:00   4.8317e-01   1.1306e+02   4.7928e+01   3.2440e-05   7.7302e-03   2.9183e+02
20260914_14:00:00   4.9100e-01   1.1440e+02   4.8718e+01   7.7360e-04   1.9286e-02   2.9331e+02
20260914_15:00:00   4.7949e-01   1.1232e+02   4.8019e+01   2.1962e-04   4.3617e-03   2.9571e+02
20260914_16:00:00   4.6549e-01   1.0976e+02   4.6746e+01   3.7454e-03   1.2145e-02   2.9376e+02
20260914_17:00:00   4.3900e-01   1.0483e+02   4.5059e+01   0.0000e+00   1.4138e-02   2.9493e+02
20260914_18:00:00   4.2598e-01   1.0237e+02   4.3931e+01   0.0000e+00   1.5749e-02   2.9479e+02
20260914_19:00:00   4.1804e-01   1.0088e+02   4.3237e+01   0.0000e+00   1.7428e-02   2.9545e+02
20260914_20:00:00   4.2874e-01   1.0292e+02   4.3960e+01   0.0000e+00   2.9459e-02   2.9490e+02
20260914_21:00:00   4.3125e-01   1.0343e+02   4.3978e+01   0.0000e+00   5.9255e-02   2.9395e+02
20260914_22:00:00   4.4123e-01   1.0537e+02   4.4449e+01   1.3653e-04   9.4838e-02   2.9103e+02
20260914_23:00:00   4.6283e-01   1.0936e+02   4.5970e+01   1.4038e-05   3.1556e-01   2.9208e+02
20260915_00:00:00   4.6313e-01   1.0944e+02   4.6079e+01   0.0000e+00   1.9082e-01   2.9022e+02
20260915_01:00:00   4.3221e-01   1.0363e+02   4.3944e+01   0.0000e+00   1.7792e-01   2.8981e+02
20260915_02:00:00   4.0634e-01   9.8630e+01   4.1713e+01   0.0000e+00   4.2910e-01   2.9055e+02
20260915_03:00:00   3.9702e-01   9.6779e+01   4.0851e+01   0.0000e+00   3.4646e-01   2.9105e+02
20260915_04:00:00   4.0155e-01   9.7608e+01   4.1054e+01   0.0000e+00   4.1142e-01   2.9115e+02
20260915_05:00:00   3.9781e-01   9.6880e+01   4.0866e+01   0.0000e+00   2.5992e-01   2.9521e+02
20260915_06:00:00   4.2389e-01   1.0192e+02   4.2936e+01   0.0000e+00   2.0183e-01   2.9589e+02
20260915_07:00:00   4.2152e-01   1.0156e+02   4.2592e+01   0.0000e+00   7.4925e-02   2.9421e+02
20260915_08:00:00   4.1808e-01   1.0094e+02   4.2281e+01   7.9640e-07   4.9629e-02   2.9568e+02
20260915_09:00:00   4.3778e-01   1.0467e+02   4.3557e+01   5.6470e-04   2.9877e-02   2.9817e+02
20260915_10:00:00   4.1642e-01   1.0069e+02   4.2010e+01   0.0000e+00   7.3559e-02   2.9880e+02
20260915_11:00:00   4.4250e-01   1.0542e+02   4.4404e+01   3.1830e-06   2.1786e-01   2.9512e+02
20260915_12:00:00   4.5207e-01   1.0713e+02   4.5918e+01   4.7750e-06   2.1767e-01   2.9177e+02
20260915_13:00:00   4.5468e-01   1.0762e+02   4.6116e+01   1.6181e-05   3.1199e-01   2.9265e+02
20260915_14:00:00   4.7415e-01   1.1117e+02   4.7630e+01   5.1310e-05   3.1965e-01   2.9470e+02
20260915_15:00:00   4.8114e-01   1.1248e+02   4.8585e+01   1.0431e-03   3.5054e-02   2.9531e+02
20260915_16:00:00   4.7755e-01   1.1188e+02   4.8125e+01   2.7854e-06   3.2781e-02   2.9633e+02
20260915_17:00:00   4.7810e-01   1.1197e+02   4.8267e+01   3.5528e-04   2.6786e-02   2.9482e+02
20260915_18:00:00   4.7618e-01   1.1165e+02   4.7998e+01   4.9910e-05   1.6566e-02   2.9274e+02
20260915_19:00:00   4.8405e-01   1.1307e+02   4.8649e+01   1.4973e-05   4.7539e-02   2.9244e+02
20260915_20:00:00   4.8456e-01   1.1317e+02   4.8751e+01   1.6711e-04   3.3669e-02   2.9120e+02
20260915_21:00:00   4.7576e-01   1.1161e+02   4.8085e+01   2.6972e-04   2.6409e-02   2.8983e+02
20260915_22:00:00   4.8800e-01   1.1374e+02   4.9127e+01   0.0000e+00   1.0344e-01   2.8868e+02
20260915_23:00:00   4.9640e-01   1.1533e+02   4.9518e+01   1.6180e-04   1.2895e-02   2.9023e+02
20260916_00:00:00   5.0095e-01   1.1611e+02   4.9816e+01   1.0112e-04   5.3373e-03   2.9164e+02
20260916_01:00:00   4.7502e-01   1.1155e+02   4.7455e+01   1.2517e-04   6.8200e-03   2.9079e+02
20260916_02:00:00   4.2741e-01   1.0275e+02   4.3465e+01   2.1486e-05   1.1678e-02   2.9215e+02
20260916_03:00:00   4.0573e-01   9.8580e+01   4.1367e+01   3.2740e-06   9.3043e-03   2.9177e+02
20260916_04:00:00   3.9322e-01   9.6139e+01   3.9913e+01   0.0000e+00   1.5597e-03   2.9093e+02
20260916_05:00:00   3.6674e-01   9.0889e+01   3.7399e+01   0.0000e+00   9.9798e-03   2.8755e+02
20260916_06:00:00   3.6411e-01   9.0446e+01   3.6655e+01   0.0000e+00   1.5774e-02   2.8628e+02
20260916_07:00:00   3.8667e-01   9.5055e+01   3.7871e+01   0.0000e+00   5.8727e-03   2.8822e+02
20260916_08:00:00   4.1866e-01   1.0136e+02   3.9961e+01   7.0460e-06   2.3691e-04   2.8978e+02
20260916_09:00:00   4.2267e-01   1.0223e+02   4.0100e+01   7.0800e-07   1.2075e-03   2.8888e+02
20260916_10:00:00   4.4296e-01   1.0605e+02   4.2209e+01   7.4870e-06   2.8994e-03   2.9005e+02
20260916_11:00:00   4.4730e-01   1.0687e+02   4.2708e+01   0.0000e+00   1.6332e-04   2.8846e+02
20260916_12:00:00   4.5312e-01   1.0795e+02   4.3432e+01   0.0000e+00   5.5180e-04   2.8825e+02
20260916_13:00:00   4.6550e-01   1.1018e+02   4.4976e+01   1.5675e-03   2.2452e-04   2.9049e+02
20260916_14:00:00   4.7800e-01   1.1248e+02   4.6156e+01   4.4965e-03   1.9564e-05   2.8971e+02
20260916_15:00:00   4.9748e-01   1.1594e+02   4.8250e+01   2.4875e-03   1.6204e-04   2.8768e+02
20260916_16:00:00   5.3207e-01   1.2178e+02   5.2002e+01   1.4367e-03   1.0330e-03   2.8812e+02
20260916_17:00:00   5.4257e-01   1.2343e+02   5.3403e+01   1.2017e-03   1.8823e-03   2.8916e+02
20260916_18:00:00   5.5312e-01   1.2514e+02   5.4617e+01   8.3037e-04   1.5117e-03   2.8790e+02
20260916_19:00:00   5.6110e-01   1.2644e+02   5.5564e+01   9.7780e-04   4.8961e-04   2.8672e+02
20260916_20:00:00   5.6204e-01   1.2654e+02   5.5975e+01   1.2597e-04   1.0782e-03   2.8595e+02
20260916_21:00:00   5.6588e-01   1.2699e+02   5.6864e+01   0.0000e+00   2.9925e-03   2.8587e+02
20260916_22:00:00   5.8885e-01   1.3059e+02   5.9040e+01   0.0000e+00   2.7998e-03   2.8536e+02
20260916_23:00:00   5.9998e-01   1.3236e+02   6.0078e+01   0.0000e+00   3.3474e-03   2.8448e+02
20260917_00:00:00   6.1156e-01   1.3417e+02   6.1066e+01   6.0200e-06   3.0956e-03   2.8505e+02
20260917_01:00:00   6.1670e-01   1.3498e+02   6.1644e+01   1.3710e-04   4.3268e-03   2.8510e+02
20260917_02:00:00   6.1987e-01   1.3547e+02   6.1998e+01   4.1380e-04   6.0301e-03   2.8497e+02
20260917_03:00:00   6.2059e-01   1.3557e+02   6.2240e+01   2.9460e-04   7.3680e-03   2.8343e+02
20260917_04:00:00   6.0104e-01   1.3260e+02   6.0576e+01   7.6510e-04   5.7449e-03   2.8213e+02
20260917_05:00:00   6.0121e-01   1.3261e+02   5.9345e+01   1.8773e-02   3.7456e-03   2.8329e+02
20260917_06:00:00   6.8090e-01   1.4502e+02   5.9621e+01   1.1686e-01   1.9403e-03   2.8261e+02
20260917_07:00:00   6.5477e-01   1.4117e+02   5.9313e+01   8.4242e-02   2.0195e-03   2.8250e+02
20260917_08:00:00   6.1643e-01   1.3518e+02   5.9121e+01   3.6228e-02   2.6819e-03   2.8372e+02
20260917_09:00:00   5.8422e-01   1.3002e+02   5.8640e+01   4.5854e-04   2.3349e-03   2.8228e+02
20260917_10:00:00   5.8891e-01   1.3079e+02   5.8917e+01   8.2679e-04   1.3718e-03   2.8143e+02
20260917_11:00:00   5.8917e-01   1.3083e+02   5.8860e+01   2.0129e-03   3.6674e-03   2.8011e+02
20260917_12:00:00   5.8918e-01   1.3085e+02   5.8929e+01   1.9337e-05   5.7124e-03   2.8064e+02
20260917_13:00:00   5.9619e-01   1.3192e+02   5.9799e+01   1.6510e-05   2.3347e-02   2.8264e+02
20260917_14:00:00   5.9958e-01   1.3237e+02   6.0362e+01   1.0606e-04   6.5328e-02   2.8397e+02
20260917_15:00:00   5.9520e-01   1.3167e+02   6.0103e+01   3.4109e-04   1.6232e-01   2.8240e+02
20260917_16:00:00   5.9083e-01   1.3087e+02   6.0070e+01   2.7289e-04   2.5799e-01   2.8071e+02
20260917_17:00:00   5.9887e-01   1.3213e+02   6.0841e+01   0.0000e+00   3.0879e-01   2.8084e+02
20260917_18:00:00   6.0549e-01   1.3317e+02   6.1280e+01   9.5760e-05   2.5481e-01   2.8098e+02
20260917_19:00:00   5.9982e-01   1.3231e+02   6.0898e+01   2.4866e-04   2.1678e-01   2.8161e+02
20260917_20:00:00   5.9018e-01   1.3081e+02   6.0248e+01   0.0000e+00   2.0946e-01   2.8170e+02
20260917_21:00:00   5.7865e-01   1.2897e+02   5.9368e+01   3.3020e-06   1.8599e-01   2.8212e+02
20260917_22:00:00   5.7871e-01   1.2897e+02   5.9385e+01   2.0140e-04   1.9059e-01   2.8278e+02
20260917_23:00:00   5.8341e-01   1.2970e+02   5.9719e+01   5.2990e-04   2.4255e-01   2.8322e+02
20260918_00:00:00   5.9104e-01   1.3094e+02   6.0165e+01   2.6835e-03   1.9051e-01   2.8231e+02
20260918_01:00:00   5.8761e-01   1.3034e+02   5.9472e+01   7.0553e-03   1.0065e-01   2.8154e+02
20260918_02:00:00   5.4674e-01   1.2356e+02   5.6089e+01   7.1508e-03   4.3070e-02   2.8292e+02
20260918_03:00:00   5.0630e-01   1.1662e+02   5.2831e+01   2.2060e-03   3.4011e-02   2.8406e+02
20260918_04:00:00   4.9236e-01   1.1417e+02   5.1177e+01   3.2720e-03   3.5137e-02   2.8353e+02
20260918_05:00:00   4.8520e-01   1.1300e+02   5.0351e+01   2.1511e-04   2.9711e-02   2.8217e+02
20260918_06:00:00   4.8230e-01   1.1253e+02   4.9604e+01   1.4424e-03   2.3692e-02   2.8091e+02
20260918_07:00:00   4.9181e-01   1.1430e+02   5.0068e+01   2.4733e-03   2.2026e-02   2.8042e+02
20260918_08:00:00   5.2090e-01   1.1926e+02   5.0742e+01   2.1409e-02   2.9052e-02   2.8019e+02
20260918_09:00:00   5.6708e-01   1.2667e+02   5.1883e+01   5.8501e-02   4.8972e-02   2.8022e+02
20260918_10:00:00   5.8955e-01   1.2994e+02   5.1766e+01   8.9241e-02   3.4253e-02   2.7926e+02
20260918_11:00:00   5.3287e-01   1.2088e+02   4.9545e+01   5.5352e-02   1.4684e-02   2.8041e+02
20260918_12:00:00   4.5342e-01   1.0744e+02   4.6791e+01   8.0860e-04   1.4552e-02   2.8192e+02
20260918_13:00:00   4.6229e-01   1.0911e+02   4.7295e+01   2.0780e-03   1.1883e-02   2.8356e+02
20260918_14:00:00   4.8921e-01   1.1396e+02   4.8996e+01   8.4895e-03   7.6975e-03   2.8381e+02
20260918_15:00:00   5.2544e-01   1.2027e+02   5.1517e+01   1.5365e-02   5.3006e-03   2.8300e+02
20260918_16:00:00   5.4349e-01   1.2337e+02   5.3126e+01   1.4424e-02   1.0354e-03   2.8274e+02
20260918_17:00:00   5.4106e-01   1.2302e+02   5.3558e+01   8.3394e-03   1.4160e-03   2.8271e+02
20260918_18:00:00   5.3461e-01   1.2187e+02   5.2934e+01   1.1228e-02   1.0057e-03   2.8294e+02
20260918_19:00:00   5.2596e-01   1.2040e+02   5.2240e+01   9.9921e-03   1.0296e-03   2.8244e+02
20260918_20:00:00   5.2993e-01   1.2101e+02   5.2094e+01   1.5145e-02   5.2110e-04   2.8210e+02
20260918_21:00:00   5.3115e-01   1.2116e+02   5.2321e+01   1.5058e-02   4.3864e-04   2.8180e+02
20260918_22:00:00   5.4064e-01   1.2267e+02   5.2346e+01   2.4840e-02   2.2822e-04   2.8213e+02
20260918_23:00:00   5.2816e-01   1.2070e+02   5.2841e+01   6.2637e-03   6.3579e-04   2.8262e+02
20260919_00:00:00   5.1994e-01   1.1932e+02   5.2705e+01   2.1020e-04   7.1456e-03   2.8289e+02
20260919_03:00:00   5.0845e-01   1.1731e+02   5.2174e+01   0.0000e+00   1.1751e-01   2.8525e+02
20260919_06:00:00   5.2040e-01   1.1930e+02   5.3387e+01   0.0000e+00   9.1880e-04   2.8176e+02
20260919_09:00:00   5.2761e-01   1.2038e+02   5.4162e+01   4.0100e-07   4.4135e-03   2.8223e+02
20260919_12:00:00   5.4980e-01   1.2395e+02   5.6311e+01   8.9100e-07   4.6712e-03   2.8336e+02
20260919_15:00:00   5.5164e-01   1.2426e+02   5.6690e+01   0.0000e+00   9.6181e-03   2.8605e+02
20260919_18:00:00   5.6565e-01   1.2648e+02   5.6581e+01   1.5371e-02   3.8011e-03   2.8483e+02
20260919_21:00:00   5.7390e-01   1.2733e+02   5.4706e+01   5.4420e-02   8.7304e-03   2.8470e+02
20260920_00:00:00   5.2527e-01   1.1980e+02   5.4541e+01   9.8480e-04   4.8283e-03   2.8717e+02
20260920_03:00:00   5.2543e-01   1.1992e+02   5.4225e+01   1.0272e-04   9.5282e-03   2.8731e+02
20260920_06:00:00   5.4019e-01   1.2227e+02   5.5220e+01   0.0000e+00   1.2808e-03   2.9139e+02
20260920_09:00:00   5.4333e-01   1.2269e+02   5.5536e+01   2.9132e-04   9.8120e-03   2.9039e+02
20260920_12:00:00   7.3743e-01   1.5020e+02   5.5966e+01   2.2237e-01   4.9534e-01   2.9099e+02
20260920_15:00:00   6.1144e-01   1.3296e+02   5.4843e+01   8.8140e-02   1.7367e-01   2.9392e+02
20260920_18:00:00   5.8077e-01   1.2873e+02   5.4238e+01   4.2542e-02   1.1294e-04   2.9370e+02
20260920_21:00:00   6.4843e-01   1.3833e+02   5.3590e+01   1.2986e-01   2.1191e-02   2.9246e+02
20260921_00:00:00   4.8532e-01   1.1271e+02   5.0030e+01   2.6560e-03   7.9166e-03   2.9461e+02
20260921_03:00:00   4.2404e-01   1.0146e+02   4.4941e+01   0.0000e+00   7.4321e-03   2.9676e+02
20260921_06:00:00   4.5296e-01   1.0698e+02   4.6666e+01   0.0000e+00   8.1326e-04   2.9632e+02
20260921_09:00:00   4.9018e-01   1.1383e+02   4.9146e+01   0.0000e+00   5.3060e-07   2.9466e+02
20260921_12:00:00   5.0559e-01   1.1682e+02   4.9835e+01   0.0000e+00   0.0000e+00   2.9432e+02
20260921_15:00:00   5.0297e-01   1.1629e+02   5.0047e+01   6.1960e-07   0.0000e+00   2.9463e+02
20260921_18:00:00   5.1161e-01   1.1787e+02   5.0746e+01   0.0000e+00   0.0000e+00   2.9284e+02
20260921_21:00:00   5.3608e-01   1.2199e+02   5.2835e+01   8.7741e-04   0.0000e+00   2.9232e+02
20260922_00:00:00   5.3332e-01   1.2143e+02   5.2923e+01   2.5846e-04   4.4560e-07   2.8938e+02
20260922_03:00:00   5.1524e-01   1.1842e+02   5.1183e+01   3.7872e-05   0.0000e+00   2.9024e+02
20260922_06:00:00   4.9767e-01   1.1540e+02   4.9393e+01   1.2075e-03   0.0000e+00   2.8748e+02
20260922_09:00:00   4.9072e-01   1.1416e+02   4.8284e+01   4.5937e-03   0.0000e+00   2.8566e+02
20260922_12:00:00   4.7191e-01   1.1082e+02   4.6967e+01   0.0000e+00   0.0000e+00   2.8765e+02
20260922_15:00:00   5.2305e-01   1.2003e+02   5.0912e+01   5.3711e-04   4.6504e-04   2.8770e+02
20260922_18:00:00   5.1723e-01   1.1898e+02   5.0939e+01   1.4742e-04   1.6176e-05   2.8392e+02
20260922_21:00:00   4.8577e-01   1.1342e+02   4.8501e+01   0.0000e+00   5.6278e-05   2.8084e+02
20260923_00:00:00   4.7571e-01   1.1167e+02   4.7183e+01   0.0000e+00   0.0000e+00   2.8223e+02
20260923_03:00:00   4.8375e-01   1.1321e+02   4.7553e+01   0.0000e+00   2.0202e-03   2.8354e+02
20260923_06:00:00   4.9243e-01   1.1473e+02   4.8139e+01   4.4920e-05   2.0681e-03   2.7999e+02
20260923_09:00:00   4.7745e-01   1.1202e+02   4.6939e+01   1.5224e-04   0.0000e+00   2.8235e+02
20260923_12:00:00   4.9620e-01   1.1544e+02   4.8541e+01   1.1729e-04   3.0740e-04   2.8418e+02
20260923_15:00:00   5.0780e-01   1.1749e+02   4.9888e+01   1.1479e-04   1.5550e-03   2.8379e+02
20260923_18:00:00   5.0553e-01   1.1708e+02   4.9939e+01   0.0000e+00   2.2380e-03   2.8428e+02
20260923_21:00:00   5.0766e-01   1.1749e+02   5.0096e+01   0.0000e+00   2.6075e-05   2.8380e+02
20260924_00:00:00   5.1105e-01   1.1811e+02   5.0053e+01   1.5106e-05   4.0980e-04   2.8616e+02
20260924_03:00:00   5.0361e-01   1.1677e+02   4.9678e+01   1.4198e-04   2.7054e-02   2.8694e+02
20260924_06:00:00   5.1269e-01   1.1829e+02   5.0595e+01   0.0000e+00   2.8094e-02   2.8911e+02
20260924_09:00:00   5.1701e-01   1.1888e+02   5.1204e+01   8.9980e-05   1.2931e-01   2.8659e+02
20260924_12:00:00   5.2256e-01   1.1983e+02   5.2145e+01   0.0000e+00   1.0997e-02   2.8812e+02
20260924_15:00:00   5.4068e-01   1.2290e+02   5.4297e+01   0.0000e+00   4.6501e-03   2.8631e+02
20260924_18:00:00   5.4569e-01   1.2380e+02   5.4534e+01   2.3910e-03   1.1755e-04   2.8299e+02
20260924_21:00:00   5.7254e-01   1.2773e+02   5.6351e+01   1.8456e-02   9.2652e-03   2.8320e+02
20260925_00:00:00   5.5963e-01   1.2588e+02   5.6095e+01   0.0000e+00   0.0000e+00   2.8627e+02
20260925_03:00:00   5.3487e-01   1.2188e+02   5.3625e+01   0.0000e+00   0.0000e+00   2.8401e+02
20260925_06:00:00   5.3652e-01   1.2208e+02   5.3691e+01   0.0000e+00   0.0000e+00   2.8377e+02
20260925_09:00:00   5.5501e-01   1.2522e+02   5.4863e+01   0.0000e+00   3.1980e-05   2.8489e+02
20260925_12:00:00   5.6151e-01   1.2600e+02   5.6557e+01   1.8226e-03   1.7508e-03   2.8674e+02
20260925_15:00:00   5.5314e-01   1.2459e+02   5.6497e+01   0.0000e+00   1.2969e-04   2.8962e+02
20260925_18:00:00   5.5516e-01   1.2517e+02   5.5986e+01   0.0000e+00   9.4739e-05   2.8737e+02
20260925_21:00:00   5.5402e-01   1.2500e+02   5.6208e+01   0.0000e+00   2.1560e-03   2.8552e+02
20260926_00:00:00   4.8705e-01   1.1344e+02   5.0294e+01   0.0000e+00   8.9055e-04   2.8440e+02
20260926_03:00:00   4.9980e-01   1.1581e+02   5.0972e+01   2.0319e-03   0.0000e+00   2.8123e+02
20260926_06:00:00   5.0792e-01   1.1713e+02   5.1406e+01   2.9023e-03   2.3481e-04   2.7899e+02
20260926_09:00:00   4.8953e-01   1.1390e+02   5.0028e+01   0.0000e+00   8.9409e-04   2.7951e+02
20260926_12:00:00   4.3901e-01   1.0458e+02   4.6035e+01   0.0000e+00   3.4011e-03   2.7913e+02
20260926_15:00:00   4.8034e-01   1.1239e+02   4.9209e+01   5.6480e-05   1.6089e-04   2.7865e+02
20260926_18:00:00   5.4357e-01   1.2338e+02   5.4562e+01   7.6590e-04   1.1016e-03   2.7725e+02
20260926_21:00:00   5.4178e-01   1.2309e+02   5.4355e+01   6.7812e-05   4.2040e-03   2.7926e+02
20260927_00:00:00   5.3975e-01   1.2276e+02   5.4036e+01   3.0203e-05   2.8418e-03   2.7914e+02
20260927_03:00:00   4.9653e-01   1.1526e+02   5.0463e+01   0.0000e+00   8.1547e-04   2.7996e+02
20260927_06:00:00   5.0570e-01   1.1686e+02   5.1100e+01   0.0000e+00   2.3219e-03   2.8033e+02
20260927_09:00:00   4.8815e-01   1.1374e+02   4.9480e+01   2.2300e-05   2.9204e-04   2.8123e+02
20260927_12:00:00   5.1889e-01   1.1907e+02   5.2273e+01   4.7410e-05   4.8406e-04   2.8195e+02
20260927_15:00:00   4.8173e-01   1.1265e+02   4.8865e+01   3.3900e-05   8.1440e-05   2.8209e+02
20260927_18:00:00   5.2441e-01   1.1999e+02   5.3210e+01   2.7197e-04   9.1665e-04   2.8212e+02
20260927_21:00:00   4.9333e-01   1.1486e+02   4.8940e+01   3.9620e-05   1.3063e-02   2.8153e+02
20260928_00:00:00   4.6544e-01   1.1009e+02   4.5301e+01   2.1140e-04   2.0495e-02   2.8488e+02
20260928_03:00:00   4.2790e-01   1.0329e+02   4.1048e+01   0.0000e+00   1.5421e-02   2.8429e+02
20260928_06:00:00   4.5064e-01   1.0740e+02   4.2873e+01   7.1330e-05   1.4862e-02   2.8391e+02
20260928_09:00:00   4.6175e-01   1.0922e+02   4.5176e+01   2.4958e-06   1.8826e-03   2.8524e+02
20260928_12:00:00   4.6883e-01   1.1054e+02   4.5763e+01   7.1480e-05   2.6512e-04   2.8727e+02
20260928_15:00:00   4.4036e-01   1.0548e+02   4.2909e+01   1.2213e-05   2.2223e-03   2.8698e+02
20260928_18:00:00   4.4186e-01   1.0575e+02   4.3120e+01   0.0000e+00   5.1696e-03   2.8625e+02
20260928_21:00:00   4.4873e-01   1.0699e+02   4.3510e+01   0.0000e+00   1.6647e-03   2.8728e+02
20260929_00:00:00   4.5253e-01   1.0764e+02   4.3929e+01   0.0000e+00   1.9948e-03   2.8565e+02
20260929_03:00:00   4.3743e-01   1.0491e+02   4.2187e+01   0.0000e+00   9.2755e-04   2.8368e+02
20260929_06:00:00   4.4559e-01   1.0632e+02   4.2987e+01   2.2100e-06   1.5472e-03   2.8438e+02
20260929_09:00:00   4.3706e-01   1.0479e+02   4.1886e+01   0.0000e+00   1.6966e-03   2.8479e+02
20260929_12:00:00   4.2994e-01   1.0349e+02   4.1299e+01   0.0000e+00   2.2269e-05   2.8670e+02
20260929_15:00:00   4.4366e-01   1.0612e+02   4.2560e+01   4.4220e-07   0.0000e+00   2.8565e+02
20260929_18:00:00   4.6994e-01   1.1078e+02   4.5265e+01   2.9431e-03   2.9420e-05   2.8394e+02
20260929_21:00:00   4.7423e-01   1.1145e+02   4.6102e+01   3.2251e-04   3.3280e-06   2.8423e+02
20260930_00:00:00   4.0093e-01   9.7813e+01   3.9768e+01   1.2330e-04   0.0000e+00   2.8463e+02
