#            date       tau255        Tb[K]      pwv[mm] lwp[kg*m^-2] iwp[kg*m^-2]       o3[DU]
20260919_12:00:00   4.7065e-01   1.1045e+02   4.8991e+01   0.0000e+00   1.1834e-02   2.9075e+02
20260919_13:00:00   4.5623e-01   1.0786e+02   4.7851e+01   0.0000e+00   1.1842e-03   2.9104e+02
20260919_14:00:00   4.5189e-01   1.0710e+02   4.7435e+01   0.0000e+00   4.7099e-04   2.9231e+02
20260919_15:00:00   4.4936e-01   1.0671e+02   4.7069e+01   0.0000e+00   9.2390e-04   2.9298e+02
20260919_16:00:00   4.5140e-01   1.0713e+02   4.7196e+01   0.0000e+00   7.8344e-04   2.9177e+02
20260919_17:00:00   4.5857e-01   1.0849e+02   4.7712e+01   0.0000e+00   2.6133e-03   2.9188e+02
20260919_18:00:00   4.7319e-01   1.1115e+02   4.8718e+01   0.0000e+00   5.1559e-03   2.9148e+02
20260919_19:00:00   4.7594e-01   1.1171e+02   4.8711e+01   0.0000e+00   3.9664e-04   2.9069e+02
20260919_20:00:00   4.8359e-01   1.1310e+02   4.9187e+01   4.9910e-06   2.6047e-04   2.9009e+02
20260919_21:00:00   4.9700e-01   1.1547e+02   5.0065e+01   1.7473e-05   5.5516e-04   2.9057e+02
20260919_22:00:00   5.0210e-01   1.1637e+02   5.0354e+01   0.0000e+00   1.5452e-04   2.9189e+02
20260919_23:00:00   5.0330e-01   1.1656e+02   5.0486e+01   0.0000e+00   5.9960e-05   2.9272e+02
20260920_00:00:00   4.9902e-01   1.1581e+02   5.0109e+01   0.0000e+00   2.7719e-04   2.9346e+02
20260920_01:00:00   4.8933e-01   1.1409e+02   4.9264e+01   0.0000e+00   1.5398e-04   2.9489e+02
20260920_02:00:00   4.6900e-01   1.1045e+02   4.7712e+01   9.9320e-06   2.2014e-04   2.9557e+02
20260920_03:00:00   4.5511e-01   1.0787e+02   4.6678e+01   0.0000e+00   3.3528e-03   2.9630e+02
20260920_04:00:00   4.4584e-01   1.0606e+02   4.6071e+01   0.0000e+00   1.4658e-02   2.9609e+02
20260920_05:00:00   4.3747e-01   1.0442e+02   4.5519e+01   0.0000e+00   2.2453e-02   2.9533e+02
20260920_06:00:00   4.3815e-01   1.0450e+02   4.5689e+01   0.0000e+00   7.1882e-03   2.9453e+02
20260920_07:00:00   4.4126e-01   1.0505e+02   4.5955e+01   0.0000e+00   1.2766e-02   2.9498e+02
20260920_08:00:00   4.4391e-01   1.0553e+02   4.6158e+01   0.0000e+00   1.4690e-02   2.9537e+02
20260920_09:00:00   4.4167e-01   1.0512e+02   4.5935e+01   0.0000e+00   8.8910e-03   2.9378e+02
20260920_10:00:00   4.4016e-01   1.0485e+02   4.5825e+01   0.0000e+00   3.4627e-03   2.9243e+02
20260920_11:00:00   4.3939e-01   1.0473e+02   4.5745e+01   0.0000e+00   1.0794e-03   2.9096e+02
20260920_12:00:00   4.4535e-01   1.0589e+02   4.6132e+01   0.0000e+00   6.3390e-05   2.8899e+02
20260920_13:00:00   4.4756e-01   1.0634e+02   4.6257e+01   0.0000e+00   2.6770e-05   2.8820e+02
20260920_14:00:00   4.4600e-01   1.0608e+02   4.6272e+01   0.0000e+00   4.3040e-06   2.8913e+02
20260920_15:00:00   4.4605e-01   1.0614e+02   4.6286e+01   0.0000e+00   1.4706e-04   2.8954e+02
20260920_16:00:00   4.5062e-01   1.0700e+02   4.6626e+01   0.0000e+00   2.9420e-04   2.9027e+02
20260920_17:00:00   4.5481e-01   1.0780e+02   4.6932e+01   0.0000e+00   3.3987e-05   2.9021e+02
20260920_18:00:00   4.6829e-01   1.1023e+02   4.7937e+01   1.7036e-03   1.9298e-04   2.8780e+02
20260920_19:00:00   4.6774e-01   1.1015e+02   4.8074e+01   0.0000e+00   4.6577e-05   2.8693e+02
20260920_20:00:00   4.6667e-01   1.0992e+02   4.8057e+01   0.0000e+00   3.7369e-04   2.8621e+02
20260920_21:00:00   4.6095e-01   1.0887e+02   4.7641e+01   0.0000e+00   2.4386e-04   2.8660e+02
20260920_22:00:00   4.5649e-01   1.0803e+02   4.7269e+01   0.0000e+00   1.7320e-04   2.8749e+02
20260920_23:00:00   4.5312e-01   1.0741e+02   4.6958e+01   0.0000e+00   6.8308e-06   2.8845e+02
20260921_00:00:00   4.5681e-01   1.0810e+02   4.7181e+01   0.0000e+00   0.0000e+00   2.8937e+02
20260921_01:00:00   4.5839e-01   1.0840e+02   4.7260e+01   0.0000e+00   0.0000e+00   2.9196e+02
20260921_02:00:00   4.5856e-01   1.0841e+02   4.7209e+01   0.0000e+00   1.7684e-07   2.9133e+02
20260921_03:00:00   4.5937e-01   1.0858e+02   4.7101e+01   0.0000e+00   3.3280e-06   2.9181e+02
20260921_04:00:00   4.6632e-01   1.0983e+02   4.7586e+01   0.0000e+00   5.5419e-06   2.9077e+02
20260921_05:00:00   4.6124e-01   1.0886e+02   4.7159e+01   0.0000e+00   7.4449e-04   2.9100e+02
20260921_06:00:00   4.4660e-01   1.0611e+02   4.6117e+01   0.0000e+00   1.0318e-03   2.8980e+02
20260921_07:00:00   4.3362e-01   1.0363e+02   4.5193e+01   0.0000e+00   8.5157e-04   2.8941e+02
20260921_08:00:00   4.3479e-01   1.0385e+02   4.5204e+01   0.0000e+00   3.1626e-04   2.9076e+02
20260921_09:00:00   4.3739e-01   1.0436e+02   4.5303e+01   0.0000e+00   4.3033e-04   2.9068e+02
20260921_10:00:00   4.5124e-01   1.0696e+02   4.6249e+01   0.0000e+00   1.5250e-04   2.9114e+02
20260921_11:00:00   4.6095e-01   1.0877e+02   4.6912e+01   0.0000e+00   2.0842e-04   2.9177e+02
20260921_12:00:00   4.6825e-01   1.1016e+02   4.7387e+01   1.0456e-03   7.1280e-08   2.9219e+02
20260921_13:00:00   4.7156e-01   1.1082e+02   4.7693e+01   2.6954e-04   0.0000e+00   2.9185e+02
20260921_14:00:00   4.7545e-01   1.1160e+02   4.7980e+01   3.9600e-04   0.0000e+00   2.9026e+02
20260921_15:00:00   4.7576e-01   1.1171e+02   4.8015e+01   2.4620e-04   3.5360e-07   2.8952e+02
20260921_16:00:00   4.6976e-01   1.1066e+02   4.7682e+01   0.0000e+00   0.0000e+00   2.8916e+02
20260921_17:00:00   4.6416e-01   1.0967e+02   4.7325e+01   1.6226e-05   0.0000e+00   2.8797e+02
20260921_18:00:00   4.6775e-01   1.1032e+02   4.7590e+01   5.6738e-05   0.0000e+00   2.8618e+02
20260921_19:00:00   4.7402e-01   1.1148e+02   4.7949e+01   1.6170e-04   0.0000e+00   2.8487e+02
20260921_20:00:00   4.8438e-01   1.1334e+02   4.8578e+01   1.9098e-03   0.0000e+00   2.8524e+02
20260921_21:00:00   4.8272e-01   1.1303e+02   4.8531e+01   1.0075e-04   0.0000e+00   2.8386e+02
20260921_22:00:00   4.8010e-01   1.1254e+02   4.8327e+01   0.0000e+00   0.0000e+00   2.8310e+02
20260921_23:00:00   4.7753e-01   1.1210e+02   4.8073e+01   7.9240e-05   0.0000e+00   2.8338e+02
20260922_00:00:00   4.9569e-01   1.1536e+02   4.9294e+01   5.3640e-04   0.0000e+00   2.8539e+02
20260922_01:00:00   5.0339e-01   1.1670e+02   5.0047e+01   3.5360e-06   7.1402e-05   2.8578e+02
20260922_02:00:00   5.0422e-01   1.1683e+02   4.9915e+01   6.1480e-05   1.0459e-03   2.8511e+02
20260922_03:00:00   4.9573e-01   1.1533e+02   4.9232e+01   7.9860e-05   1.9808e-03   2.8562e+02
20260922_04:00:00   4.9169e-01   1.1457e+02   4.8883e+01   6.9340e-05   2.2743e-03   2.8502e+02
20260922_05:00:00   4.8587e-01   1.1348e+02   4.8336e+01   1.4512e-03   4.6901e-03   2.8414e+02
20260922_06:00:00   4.8673e-01   1.1356e+02   4.8371e+01   2.3850e-03   8.5912e-03   2.8340e+02
20260922_07:00:00   4.8465e-01   1.1314e+02   4.7745e+01   1.1943e-02   1.2219e-02   2.8248e+02
20260922_08:00:00   4.6754e-01   1.1002e+02   4.7111e+01   2.3188e-03   1.2184e-02   2.8286e+02
20260922_09:00:00   4.5416e-01   1.0757e+02   4.6345e+01   0.0000e+00   2.8359e-03   2.8314e+02
20260922_10:00:00   4.4737e-01   1.0631e+02   4.5846e+01   0.0000e+00   1.3661e-04   2.8277e+02
20260922_11:00:00   4.4691e-01   1.0621e+02   4.5891e+01   0.0000e+00   1.7615e-03   2.8336e+02
20260922_12:00:00   4.5566e-01   1.0784e+02   4.6621e+01   1.2468e-05   1.8943e-03   2.8463e+02
20260922_13:00:00   4.6210e-01   1.0905e+02   4.7167e+01   2.6764e-05   0.0000e+00   2.8512e+02
20260922_14:00:00   4.5274e-01   1.0736e+02   4.6545e+01   7.5740e-07   1.3385e-05   2.8579e+02
20260922_15:00:00   4.4050e-01   1.0508e+02   4.5635e+01   0.0000e+00   2.5245e-04   2.8579e+02
20260922_16:00:00   4.3080e-01   1.0325e+02   4.4982e+01   0.0000e+00   1.2057e-03   2.8390e+02
20260922_17:00:00   4.2035e-01   1.0128e+02   4.4166e+01   0.0000e+00   3.1524e-03   2.8362e+02
20260922_18:00:00   4.1238e-01   9.9785e+01   4.3413e+01   0.0000e+00   1.7108e-03   2.8340e+02
20260922_19:00:00   4.1820e-01   1.0093e+02   4.3744e+01   0.0000e+00   3.9005e-03   2.8243e+02
20260922_20:00:00   4.3185e-01   1.0360e+02   4.4528e+01   0.0000e+00   8.1968e-03   2.8127e+02
20260922_21:00:00   4.5096e-01   1.0723e+02   4.5595e+01   0.0000e+00   5.3712e-04   2.8019e+02
20260922_22:00:00   4.5826e-01   1.0861e+02   4.5931e+01   0.0000e+00   8.1400e-06   2.7948e+02
20260922_23:00:00   4.4905e-01   1.0690e+02   4.5125e+01   0.0000e+00   0.0000e+00   2.8113e+02
20260923_00:00:00   4.3531e-01   1.0436e+02   4.3753e+01   0.0000e+00   2.6600e-07   2.8235e+02
20260923_01:00:00   4.2882e-01   1.0324e+02   4.2848e+01   3.4320e-05   7.1660e-06   2.8179e+02
20260923_02:00:00   4.2237e-01   1.0205e+02   4.2060e+01   0.0000e+00   1.7684e-07   2.8021e+02
20260923_03:00:00   4.2302e-01   1.0212e+02   4.2071e+01   0.0000e+00   1.0376e-04   2.8228e+02
20260923_04:00:00   4.5069e-01   1.0730e+02   4.4083e+01   2.9720e-05   9.5470e-04   2.8401e+02
20260923_05:00:00   4.7358e-01   1.1144e+02   4.6067e+01   6.2860e-04   2.2138e-03   2.8437e+02
20260923_06:00:00   4.7926e-01   1.1244e+02   4.6786e+01   3.9880e-05   3.1251e-03   2.8429e+02
20260923_07:00:00   4.8515e-01   1.1343e+02   4.7568e+01   8.8420e-08   3.4560e-03   2.8484e+02
20260923_08:00:00   4.9241e-01   1.1466e+02   4.8542e+01   6.5020e-05   5.6696e-03   2.8533e+02
20260923_09:00:00   5.0166e-01   1.1621e+02   4.9504e+01   7.8780e-04   6.0624e-03   2.8588e+02
20260923_10:00:00   5.0741e-01   1.1721e+02   5.0019e+01   9.9700e-04   2.4461e-02   2.8590e+02
20260923_11:00:00   5.0829e-01   1.1737e+02   5.0174e+01   4.5420e-04   3.3307e-02   2.8454e+02
20260923_12:00:00   5.1003e-01   1.1767e+02   5.0648e+01   4.0460e-04   2.3324e-02   2.8460e+02
20260923_13:00:00   5.1392e-01   1.1842e+02   5.0959e+01   6.9030e-04   1.8130e-02   2.8439e+02
20260923_14:00:00   5.0613e-01   1.1712e+02   5.0268e+01   1.2328e-03   2.1116e-03   2.8426e+02
20260923_15:00:00   4.8695e-01   1.1374e+02   4.8895e+01   3.7260e-04   9.2722e-04   2.8572e+02
20260923_16:00:00   4.7728e-01   1.1206e+02   4.8045e+01   5.3060e-07   1.5240e-04   2.8516e+02
20260923_17:00:00   4.8742e-01   1.1397e+02   4.8501e+01   4.4220e-07   0.0000e+00   2.8333e+02
20260923_18:00:00   4.9644e-01   1.1564e+02   4.8884e+01   0.0000e+00   0.0000e+00   2.8362e+02
20260923_19:00:00   5.0402e-01   1.1694e+02   4.9446e+01   2.5105e-04   0.0000e+00   2.8396e+02
20260923_20:00:00   5.1034e-01   1.1796e+02   5.0242e+01   0.0000e+00   3.9040e-04   2.8306e+02
20260923_21:00:00   5.1950e-01   1.1948e+02   5.1099e+01   1.3704e-03   1.5119e-04   2.8349e+02
20260923_22:00:00   5.2127e-01   1.1974e+02   5.1562e+01   0.0000e+00   8.3796e-04   2.8436e+02
20260923_23:00:00   5.2242e-01   1.1993e+02   5.1842e+01   0.0000e+00   0.0000e+00   2.8395e+02
20260924_00:00:00   5.0237e-01   1.1642e+02   5.0429e+01   1.3366e-07   0.0000e+00   2.8397e+02
20260924_01:00:00   4.8539e-01   1.1340e+02   4.8972e+01   0.0000e+00   3.4534e-06   2.8262e+02
20260924_02:00:00   4.7296e-01   1.1118e+02   4.7812e+01   0.0000e+00   1.7003e-06   2.8323e+02
20260924_03:00:00   4.5534e-01   1.0796e+02   4.6215e+01   0.0000e+00   8.5100e-07   2.8346e+02
20260924_04:00:00   4.4534e-01   1.0612e+02   4.5214e+01   0.0000e+00   3.5644e-07   2.8328e+02
20260924_05:00:00   4.5731e-01   1.0837e+02   4.5884e+01   0.0000e+00   5.2840e-06   2.8265e+02
20260924_06:00:00   4.8104e-01   1.1272e+02   4.7616e+01   3.2300e-06   5.2840e-06   2.8254e+02
20260924_07:00:00   4.9821e-01   1.1575e+02   4.9038e+01   3.5980e-05   5.2840e-06   2.8320e+02
20260924_08:00:00   5.0242e-01   1.1644e+02   4.9514e+01   5.3060e-07   3.9012e-06   2.8363e+02
20260924_09:00:00   5.0857e-01   1.1747e+02   5.0214e+01   0.0000e+00   8.2040e-06   2.8359e+02
20260924_10:00:00   5.1993e-01   1.1934e+02   5.1470e+01   3.8440e-05   6.7000e-05   2.8348e+02
20260924_11:00:00   5.2742e-01   1.2058e+02   5.2191e+01   1.3892e-04   1.5496e-04   2.8328e+02
20260924_12:00:00   5.3679e-01   1.2215e+02   5.3220e+01   5.8100e-05   8.4967e-05   2.8335e+02
20260924_15:00:00   4.9895e-01   1.1575e+02   5.0524e+01   0.0000e+00   2.1519e-03   2.8516e+02
20260924_18:00:00   5.0722e-01   1.1737e+02   5.0237e+01   3.4940e-05   1.5593e-02   2.8358e+02
20260924_21:00:00   4.6662e-01   1.1012e+02   4.7408e+01   4.3440e-06   1.2255e-03   2.8181e+02
20260925_00:00:00   4.8162e-01   1.1297e+02   4.8103e+01   1.2572e-03   8.9100e-08   2.8393e+02
20260925_03:00:00   4.8948e-01   1.1429e+02   4.8590e+01   1.1956e-04   0.0000e+00   2.8194e+02
20260925_06:00:00   5.0715e-01   1.1728e+02   5.0226e+01   0.0000e+00   3.1676e-04   2.8230e+02
20260925_09:00:00   4.5221e-01   1.0712e+02   4.5999e+01   3.4020e-06   7.3290e-05   2.7998e+02
20260925_12:00:00   4.5672e-01   1.0805e+02   4.6122e+01   0.0000e+00   2.6600e-07   2.8547e+02
20260925_15:00:00   4.7440e-01   1.1156e+02   4.7543e+01   1.9468e-04   0.0000e+00   2.8486e+02
20260925_18:00:00   4.5534e-01   1.0809e+02   4.6087e+01   1.0280e-04   5.9460e-04   2.8464e+02
20260925_21:00:00   4.9040e-01   1.1441e+02   4.8492e+01   4.1920e-04   2.4339e-03   2.8459e+02
20260926_00:00:00   5.0864e-01   1.1761e+02   4.9995e+01   0.0000e+00   5.2840e-06   2.8567e+02
20260926_03:00:00   4.8875e-01   1.1416e+02   4.8401e+01   0.0000e+00   0.0000e+00   2.8598e+02
20260926_06:00:00   4.8301e-01   1.1315e+02   4.7627e+01   0.0000e+00   0.0000e+00   2.8366e+02
20260926_09:00:00   4.7331e-01   1.1128e+02   4.7076e+01   0.0000e+00   1.2966e-04   2.8225e+02
20260926_12:00:00   4.8804e-01   1.1408e+02   4.7755e+01   0.0000e+00   2.0220e-05   2.8160e+02
20260926_15:00:00   4.9260e-01   1.1503e+02   4.8209e+01   0.0000e+00   5.5717e-05   2.8287e+02
20260926_18:00:00   4.7683e-01   1.1224e+02   4.7155e+01   1.6304e-04   3.0823e-04   2.7937e+02
20260926_21:00:00   4.7719e-01   1.1235e+02   4.6801e+01   0.0000e+00   1.9388e-04   2.7917e+02
20260927_00:00:00   4.8821e-01   1.1433e+02   4.7725e+01   7.7640e-05   3.3580e-03   2.7920e+02
20260927_03:00:00   4.6914e-01   1.1078e+02   4.6339e+01   0.0000e+00   8.4817e-03   2.8095e+02
20260927_06:00:00   4.5598e-01   1.0837e+02   4.4800e+01   1.9522e-04   2.1370e-06   2.8175e+02
20260927_09:00:00   4.8230e-01   1.1312e+02   4.7026e+01   1.1646e-05   3.3180e-04   2.7933e+02
20260927_12:00:00   5.2999e-01   1.2108e+02   5.2437e+01   2.6520e-07   3.2303e-02   2.7987e+02
20260927_15:00:00   4.9968e-01   1.1617e+02   4.9448e+01   1.3418e-03   4.7127e-03   2.8086e+02
20260927_18:00:00   4.7059e-01   1.1101e+02   4.6923e+01   2.2560e-03   4.8522e-03   2.8121e+02
20260927_21:00:00   4.5995e-01   1.0918e+02   4.5468e+01   2.7450e-04   5.1707e-03   2.8326e+02
20260928_00:00:00   4.9525e-01   1.1551e+02   4.8455e+01   0.0000e+00   2.5312e-02   2.8057e+02
20260928_03:00:00   4.9129e-01   1.1481e+02   4.8257e+01   2.2140e-07   5.9234e-03   2.8096e+02
20260928_06:00:00   4.6658e-01   1.1033e+02   4.5826e+01   8.4540e-05   1.2325e-02   2.7915e+02
20260928_09:00:00   4.7192e-01   1.1115e+02   4.7213e+01   0.0000e+00   6.3403e-03   2.8167e+02
20260928_12:00:00   5.2390e-01   1.2028e+02   5.1411e+01   1.6347e-03   5.5874e-03   2.8458e+02
20260928_15:00:00   4.3287e-01   1.0387e+02   4.4426e+01   0.0000e+00   9.5898e-03   2.8521e+02
20260928_18:00:00   5.3645e-01   1.2235e+02   5.2975e+01   2.1700e-03   1.1281e-02   2.8269e+02
20260928_21:00:00   5.1166e-01   1.1826e+02   5.0268e+01   4.1693e-03   2.0845e-03   2.8216e+02
20260929_00:00:00   3.5530e-01   8.8831e+01   3.6234e+01   0.0000e+00   5.3330e-03   2.8698e+02
20260929_03:00:00   3.5751e-01   8.9273e+01   3.6067e+01   0.0000e+00   3.1043e-02   2.8666e+02
20260929_06:00:00   3.8619e-01   9.4958e+01   3.8958e+01   1.1098e-04   5.3193e-03   2.8590e+02
20260929_09:00:00   3.7225e-01   9.2036e+01   3.8472e+01   0.0000e+00   6.7828e-03   2.8123e+02
20260929_12:00:00   4.2662e-01   1.0280e+02   4.2732e+01   9.2314e-05   2.8146e-03   2.8415e+02
20260929_15:00:00   4.5343e-01   1.0789e+02   4.5436e+01   4.7860e-06   4.0975e-04   2.8494e+02
20260929_18:00:00   4.5147e-01   1.0741e+02   4.5505e+01   7.8279e-04   5.4270e-04   2.8141e+02
20260929_21:00:00   4.2912e-01   1.0310e+02   4.3784e+01   4.5564e-04   1.3884e-04   2.8251e+02
20260930_00:00:00   3.8658e-01   9.4793e+01   4.0101e+01   0.0000e+00   9.5675e-03   2.8376e+02
20260930_03:00:00   3.8805e-01   9.5213e+01   3.9467e+01   0.0000e+00   6.0886e-03   2.8272e+02
20260930_06:00:00   4.3852e-01   1.0494e+02   4.3606e+01   5.9260e-06   2.1347e-03   2.8147e+02
20260930_09:00:00   4.6539e-01   1.0985e+02   4.6009e+01   0.0000e+00   6.0801e-05   2.8106e+02
20260930_12:00:00   4.5411e-01   1.0785e+02   4.5108e+01   8.2283e-05   3.4624e-04   2.8379e+02
20260930_15:00:00   4.4695e-01   1.0665e+02   4.4231e+01   0.0000e+00   0.0000e+00   2.8338e+02
20260930_18:00:00   4.5581e-01   1.0836e+02   4.4399e+01   7.9580e-07   1.7879e-03   2.8137e+02
20260930_21:00:00   4.5107e-01   1.0752e+02   4.3505e+01   3.8505e-04   1.3146e-03   2.7803e+02
20261001_00:00:00   4.1879e-01   1.0149e+02   3.9915e+01   0.0000e+00   1.8018e-03   2.7867e+02
20261001_03:00:00   4.5521e-01   1.0813e+02   4.3790e+01   0.0000e+00   3.1266e-03   2.7853e+02
20261001_06:00:00   4.5995e-01   1.0890e+02   4.4697e+01   8.9068e-06   1.0445e-03   2.7879e+02
20261001_09:00:00   4.1642e-01   1.0097e+02   3.9603e+01   0.0000e+00   1.4367e-04   2.7996e+02
20261001_12:00:00   3.9968e-01   9.7703e+01   3.8919e+01   2.1960e-04   1.2772e-05   2.8083e+02
20261001_15:00:00   3.9312e-01   9.6584e+01   3.8176e+01   8.5620e-06   2.1157e-04   2.8358e+02
20261001_18:00:00   4.3350e-01   1.0431e+02   4.2036e+01   1.2578e-03   1.0302e-03   2.8277e+02
20261001_21:00:00   4.3251e-01   1.0414e+02   4.1548e+01   1.4256e-06   2.0419e-04   2.8148e+02
20261002_00:00:00   4.2065e-01   1.0179e+02   4.0926e+01   7.4870e-06   1.0033e-04   2.8510e+02
20261002_03:00:00   4.0511e-01   9.8816e+01   3.9467e+01   0.0000e+00   6.6540e-06   2.8150e+02
20261002_06:00:00   3.9444e-01   9.6677e+01   3.8130e+01   0.0000e+00   6.6520e-05   2.8147e+02
20261002_09:00:00   3.7034e-01   9.1991e+01   3.5656e+01   3.0980e-07   0.0000e+00   2.7921e+02
20261002_12:00:00   3.4906e-01   8.7730e+01   3.3846e+01   0.0000e+00   0.0000e+00   2.7934e+02
20261002_15:00:00   4.1454e-01   1.0083e+02   3.8608e+01   8.4220e-04   3.5360e-07   2.8065e+02
20261002_18:00:00   3.6390e-01   9.0940e+01   3.4562e+01   0.0000e+00   5.3240e-05   2.8057e+02
20261002_21:00:00   3.7428e-01   9.3011e+01   3.5417e+01   0.0000e+00   1.3796e-03   2.7962e+02
20261003_00:00:00   4.2907e-01   1.0361e+02   4.0444e+01   7.2640e-05   1.0398e-03   2.8189e+02
20261003_03:00:00   4.6738e-01   1.1044e+02   4.5462e+01   1.0720e-05   2.6720e-05   2.8324e+02
20261003_06:00:00   4.7703e-01   1.1209e+02   4.6409e+01   0.0000e+00   3.5959e-03   2.8192e+02
20261003_09:00:00   3.9911e-01   9.7529e+01   3.9171e+01   0.0000e+00   5.0248e-03   2.8330e+02
20261003_12:00:00   3.5277e-01   8.8280e+01   3.5437e+01   0.0000e+00   2.4200e-03   2.8511e+02
20261003_15:00:00   3.4714e-01   8.7259e+01   3.4420e+01   0.0000e+00   9.2075e-04   2.8346e+02
20261003_18:00:00   3.9199e-01   9.6366e+01   3.7586e+01   1.2552e-03   8.9850e-04   2.8438e+02
20261003_21:00:00   3.4094e-01   8.6041e+01   3.3301e+01   0.0000e+00   2.4377e-03   2.8352e+02
20261004_00:00:00   3.4861e-01   8.7590e+01   3.4129e+01   0.0000e+00   1.4268e-05   2.8351e+02
20261004_03:00:00   4.1979e-01   1.0174e+02   3.9554e+01   6.0130e-04   0.0000e+00   2.8330e+02
20261004_06:00:00   4.2768e-01   1.0313e+02   4.0936e+01   0.0000e+00   0.0000e+00   2.8430e+02
20261004_09:00:00   4.4994e-01   1.0720e+02   4.3516e+01   0.0000e+00   3.5406e-06   2.8336e+02
20261004_12:00:00   4.4660e-01   1.0647e+02   4.3841e+01   3.9232e-05   1.0517e-03   2.8261e+02
20261004_15:00:00   4.5044e-01   1.0737e+02   4.3781e+01   0.0000e+00   1.2427e-03   2.8078e+02
20261004_18:00:00   4.3935e-01   1.0543e+02   4.2478e+01   0.0000e+00   3.6635e-04   2.7890e+02
20261004_21:00:00   4.7320e-01   1.1152e+02   4.5608e+01   9.5580e-04   3.8804e-05   2.7753e+02
20261005_00:00:00   3.9025e-01   9.5779e+01   3.9183e+01   0.0000e+00   3.6396e-05   2.7787e+02
20261005_03:00:00   4.4585e-01   1.0647e+02   4.3284e+01   5.7120e-04   1.6680e-04   2.7741e+02
20261005_06:00:00   4.1342e-01   1.0017e+02   4.1290e+01   1.0206e-06   9.8774e-05   2.7750e+02
20261005_09:00:00   4.1438e-01   1.0039e+02   4.0708e+01   0.0000e+00   3.6816e-06   2.7862e+02
20261005_12:00:00   4.1591e-01   1.0071e+02   4.0833e+01   0.0000e+00   0.0000e+00   2.8057e+02
