#            date       tau255        Tb[K]      pwv[mm] lwp[kg*m^-2] iwp[kg*m^-2]       o3[DU]
20260826_18:00:00   4.3793e-01   1.0507e+02   4.4159e+01   0.0000e+00   0.0000e+00   2.9809e+02
20260826_19:00:00   4.3785e-01   1.0501e+02   4.4222e+01   0.0000e+00   0.0000e+00   2.9853e+02
20260826_20:00:00   4.5062e-01   1.0738e+02   4.5047e+01   0.0000e+00   0.0000e+00   2.9854e+02
20260826_21:00:00   4.6533e-01   1.1011e+02   4.5983e+01   0.0000e+00   0.0000e+00   2.9759e+02
20260826_22:00:00   4.6531e-01   1.1012e+02   4.5795e+01   0.0000e+00   0.0000e+00   2.9394e+02
20260826_23:00:00   4.6830e-01   1.1070e+02   4.5728e+01   0.0000e+00   0.0000e+00   2.9247e+02
20260827_00:00:00   4.6817e-01   1.1071e+02   4.5406e+01   0.0000e+00   0.0000e+00   2.9293e+02
20260827_01:00:00   4.7735e-01   1.1242e+02   4.5796e+01   1.4510e-05   0.0000e+00   2.9575e+02
20260827_02:00:00   4.8234e-01   1.1330e+02   4.5965e+01   7.9060e-04   0.0000e+00   2.9447e+02
20260827_03:00:00   4.8256e-01   1.1327e+02   4.5943e+01   7.1280e-07   0.0000e+00   2.9257e+02
20260827_04:00:00   4.7514e-01   1.1196e+02   4.5093e+01   0.0000e+00   0.0000e+00   2.9107e+02
20260827_05:00:00   4.8495e-01   1.1372e+02   4.5562e+01   7.1220e-05   0.0000e+00   2.9100e+02
20260827_06:00:00   4.7951e-01   1.1271e+02   4.5102e+01   3.5860e-05   0.0000e+00   2.9283e+02
20260827_07:00:00   4.6454e-01   1.1003e+02   4.3842e+01   1.9888e-05   0.0000e+00   2.9332e+02
20260827_08:00:00   4.7127e-01   1.1126e+02   4.4155e+01   2.2143e-04   0.0000e+00   2.9305e+02
20260827_09:00:00   4.6371e-01   1.0987e+02   4.3594e+01   1.0801e-04   0.0000e+00   2.9195e+02
20260827_10:00:00   4.3133e-01   1.0384e+02   4.1156e+01   0.0000e+00   0.0000e+00   2.9197e+02
20260827_11:00:00   4.3068e-01   1.0376e+02   4.0832e+01   2.3440e-04   0.0000e+00   2.9206e+02
20260827_12:00:00   4.5453e-01   1.0826e+02   4.2379e+01   1.3367e-03   0.0000e+00   2.9204e+02
20260827_13:00:00   4.6947e-01   1.1106e+02   4.3621e+01   8.9784e-04   0.0000e+00   2.9219e+02
20260827_14:00:00   4.6336e-01   1.0999e+02   4.3189e+01   3.8353e-04   0.0000e+00   2.9381e+02
20260827_15:00:00   4.4878e-01   1.0733e+02   4.2011e+01   1.0680e-03   0.0000e+00   2.9512e+02
20260827_16:00:00   4.4309e-01   1.0628e+02   4.1741e+01   0.0000e+00   0.0000e+00   2.9484e+02
20260827_17:00:00   4.4435e-01   1.0655e+02   4.1849e+01   0.0000e+00   0.0000e+00   2.9731e+02
20260827_18:00:00   4.3576e-01   1.0494e+02   4.1128e+01   2.4059e-06   0.0000e+00   2.9745e+02
20260827_19:00:00   4.1528e-01   1.0105e+02   3.9539e+01   0.0000e+00   0.0000e+00   2.9756e+02
20260827_20:00:00   3.8921e-01   9.6031e+01   3.7009e+01   1.7372e-06   0.0000e+00   2.9686e+02
20260827_21:00:00   3.7641e-01   9.3511e+01   3.5607e+01   8.6880e-07   0.0000e+00   2.9754e+02
20260827_22:00:00   3.7592e-01   9.3362e+01   3.5922e+01   0.0000e+00   0.0000e+00   2.9906e+02
20260827_23:00:00   4.0052e-01   9.8072e+01   3.8716e+01   1.5032e-06   0.0000e+00   2.9862e+02
20260828_00:00:00   4.1934e-01   1.0171e+02   4.0255e+01   2.5830e-04   0.0000e+00   2.9643e+02
20260828_01:00:00   3.9500e-01   9.7152e+01   3.7192e+01   3.5880e-06   0.0000e+00   2.9700e+02
20260828_02:00:00   3.9194e-01   9.6573e+01   3.6182e+01   5.2840e-05   0.0000e+00   2.9713e+02
20260828_03:00:00   3.8230e-01   9.4717e+01   3.4778e+01   0.0000e+00   0.0000e+00   2.9656e+02
20260828_04:00:00   3.5052e-01   8.8329e+01   3.1868e+01   0.0000e+00   0.0000e+00   2.9747e+02
20260828_05:00:00   3.3945e-01   8.5988e+01   3.0993e+01   0.0000e+00   0.0000e+00   2.9568e+02
20260828_06:00:00   3.8716e-01   9.5552e+01   3.5353e+01   2.7740e-04   0.0000e+00   2.9603e+02
20260828_07:00:00   4.3041e-01   1.0385e+02   3.9202e+01   4.6744e-04   0.0000e+00   2.9362e+02
20260828_08:00:00   4.5479e-01   1.0833e+02   4.1690e+01   1.0965e-03   0.0000e+00   2.9125e+02
20260828_09:00:00   4.3895e-01   1.0543e+02   4.0515e+01   1.2426e-03   0.0000e+00   2.9011e+02
20260828_10:00:00   3.7015e-01   9.2132e+01   3.4614e+01   1.1181e-04   0.0000e+00   2.9019e+02
20260828_11:00:00   3.6581e-01   9.1231e+01   3.4045e+01   5.5568e-04   0.0000e+00   2.9253e+02
20260828_12:00:00   3.8158e-01   9.4420e+01   3.4438e+01   1.5602e-02   0.0000e+00   2.9417e+02
20260828_13:00:00   3.4112e-01   8.6245e+01   3.2300e+01   1.4813e-03   0.0000e+00   2.9505e+02
20260828_14:00:00   3.2171e-01   8.2195e+01   3.1017e+01   1.0262e-04   0.0000e+00   2.9409e+02
20260828_15:00:00   3.2989e-01   8.3902e+01   3.2009e+01   3.7200e-06   0.0000e+00   2.9187e+02
20260828_16:00:00   3.5439e-01   8.8908e+01   3.4791e+01   0.0000e+00   0.0000e+00   2.9316e+02
20260828_17:00:00   3.7541e-01   9.3068e+01   3.7513e+01   0.0000e+00   0.0000e+00   2.9414e+02
20260828_18:00:00   4.0682e-01   9.9192e+01   4.0740e+01   7.9240e-05   0.0000e+00   2.9229e+02
20260828_19:00:00   4.4811e-01   1.0702e+02   4.4420e+01   9.5760e-04   1.9964e-05   2.9167e+02
20260828_20:00:00   4.7261e-01   1.1154e+02   4.6500e+01   2.5116e-03   1.9964e-05   2.9136e+02
20260828_21:00:00   4.9346e-01   1.1532e+02   4.8140e+01   3.1189e-03   1.7820e-07   2.9213e+02
20260828_22:00:00   5.2820e-01   1.2129e+02   5.1702e+01   1.8412e-06   1.7820e-07   2.9366e+02
20260828_23:00:00   5.6793e-01   1.2781e+02   5.5491e+01   1.8088e-04   6.6540e-06   2.9299e+02
20260829_00:00:00   5.8301e-01   1.3023e+02   5.7029e+01   7.8440e-04   0.0000e+00   2.9369e+02
20260829_01:00:00   5.8542e-01   1.3059e+02   5.7470e+01   1.1434e-03   1.3310e-05   2.9414e+02
20260829_02:00:00   5.8100e-01   1.2985e+02   5.7176e+01   1.3071e-03   0.0000e+00   2.9222e+02
20260829_03:00:00   5.7397e-01   1.2871e+02   5.6471e+01   1.1695e-03   8.6520e-05   2.9010e+02
20260829_04:00:00   5.6936e-01   1.2793e+02   5.5994e+01   3.8885e-03   2.6620e-05   2.8980e+02
20260829_05:00:00   5.3517e-01   1.2213e+02   5.3867e+01   3.4310e-04   0.0000e+00   2.9014e+02
20260829_06:00:00   4.9491e-01   1.1510e+02   5.0660e+01   9.1521e-05   7.0740e-26   2.8926e+02
20260829_07:00:00   4.5181e-01   1.0727e+02   4.6866e+01   3.6753e-04   4.4520e-06   2.8910e+02
20260829_08:00:00   3.9984e-01   9.7457e+01   4.1748e+01   4.4111e-06   3.9800e-05   2.9062e+02
20260829_09:00:00   3.9319e-01   9.6262e+01   4.0502e+01   0.0000e+00   4.2340e-04   2.9126e+02
20260829_10:00:00   3.9139e-01   9.6029e+01   3.9973e+01   0.0000e+00   1.0271e-03   2.8877e+02
20260829_11:00:00   3.9139e-01   9.6114e+01   3.9592e+01   2.6520e-07   7.8656e-04   2.8805e+02
20260829_12:00:00   4.4803e-01   1.0706e+02   4.3789e+01   2.5400e-03   1.3995e-04   2.9140e+02
20260829_13:00:00   4.8921e-01   1.1455e+02   4.7682e+01   9.3680e-04   6.1933e-04   2.9387e+02
20260829_14:00:00   4.8432e-01   1.1366e+02   4.7672e+01   4.0220e-04   4.8294e-04   2.9472e+02
20260829_15:00:00   4.7388e-01   1.1184e+02   4.6876e+01   5.3240e-05   9.5104e-05   2.9512e+02
20260829_16:00:00   4.5232e-01   1.0790e+02   4.5008e+01   9.8006e-04   9.6420e-04   2.9521e+02
20260829_17:00:00   4.5381e-01   1.0822e+02   4.4929e+01   7.9240e-05   1.6626e-03   2.9482e+02
20260829_18:00:00   4.6971e-01   1.1115e+02   4.6044e+01   3.2938e-04   2.0980e-03   2.9495e+02
20260829_19:00:00   4.7709e-01   1.1251e+02   4.6168e+01   4.7641e-03   1.5344e-03   2.9640e+02
20260829_20:00:00   4.6428e-01   1.1019e+02   4.5085e+01   3.0450e-04   6.8230e-04   2.9545e+02
20260829_21:00:00   4.4949e-01   1.0749e+02   4.3502e+01   0.0000e+00   1.4729e-03   2.9632e+02
20260829_22:00:00   4.3296e-01   1.0443e+02   4.1723e+01   1.1232e-05   2.3597e-03   2.9631e+02
20260829_23:00:00   4.1252e-01   1.0057e+02   3.9738e+01   0.0000e+00   2.0998e-03   2.9663e+02
20260830_00:00:00   3.9466e-01   9.7114e+01   3.8206e+01   0.0000e+00   1.2638e-03   2.9511e+02
20260830_01:00:00   4.0274e-01   9.8728e+01   3.8511e+01   0.0000e+00   8.2998e-04   2.9550e+02
20260830_02:00:00   3.9796e-01   9.7815e+01   3.8071e+01   0.0000e+00   2.3220e-04   2.9703e+02
20260830_03:00:00   4.0109e-01   9.8407e+01   3.8304e+01   0.0000e+00   2.7040e-05   2.9696e+02
20260830_04:00:00   4.1431e-01   1.0097e+02   3.9097e+01   9.0820e-05   0.0000e+00   2.9525e+02
20260830_05:00:00   4.1974e-01   1.0201e+02   3.9269e+01   1.6792e-03   0.0000e+00   2.9434e+02
20260830_06:00:00   4.3947e-01   1.0573e+02   4.0715e+01   3.6013e-03   0.0000e+00   2.9487e+02
20260830_07:00:00   4.4978e-01   1.0760e+02   4.2104e+01   5.2790e-05   0.0000e+00   2.9475e+02
20260830_08:00:00   4.6805e-01   1.1090e+02   4.4071e+01   1.2207e-04   0.0000e+00   2.9281e+02
20260830_09:00:00   4.7069e-01   1.1126e+02   4.4844e+01   2.5239e-03   1.3310e-05   2.9338e+02
20260830_10:00:00   4.9430e-01   1.1542e+02   4.7403e+01   1.6520e-04   6.6540e-06   2.9502e+02
20260830_11:00:00   5.1451e-01   1.1892e+02   4.9577e+01   1.5978e-04   0.0000e+00   2.9664e+02
20260830_12:00:00   5.3520e-01   1.2246e+02   5.1646e+01   4.1520e-04   0.0000e+00   2.9807e+02
20260830_13:00:00   5.5004e-01   1.2494e+02   5.3250e+01   1.2352e-03   0.0000e+00   2.9828e+02
20260830_14:00:00   5.5754e-01   1.2623e+02   5.4086e+01   7.6920e-04   1.9914e-05   2.9743e+02
20260830_15:00:00   5.6903e-01   1.2814e+02   5.5009e+01   2.0342e-03   0.0000e+00   2.9793e+02
20260830_16:00:00   5.7577e-01   1.2925e+02   5.5877e+01   7.3601e-04   9.5277e-04   2.9773e+02
20260830_17:00:00   5.8775e-01   1.3111e+02   5.7077e+01   2.3678e-03   4.5284e-04   2.9584e+02
20260830_18:00:00   5.9237e-01   1.3189e+02   5.7625e+01   5.5521e-04   3.1096e-04   2.9443e+02
20260830_19:00:00   6.0005e-01   1.3310e+02   5.8364e+01   1.4449e-03   4.9723e-04   2.9474e+02
20260830_20:00:00   6.0481e-01   1.3387e+02   5.8814e+01   1.2951e-03   6.6712e-04   2.9280e+02
20260830_21:00:00   6.0742e-01   1.3432e+02   5.8969e+01   1.6376e-03   2.6867e-03   2.9147e+02
20260830_22:00:00   6.1453e-01   1.3538e+02   5.9838e+01   3.1600e-05   4.8410e-03   2.9359e+02
20260830_23:00:00   6.2101e-01   1.3638e+02   6.0579e+01   1.9964e-05   5.7982e-03   2.9529e+02
20260831_00:00:00   6.2894e-01   1.3754e+02   6.1536e+01   1.9186e-05   1.4572e-02   2.9599e+02
20260831_01:00:00   6.3265e-01   1.3809e+02   6.1948e+01   0.0000e+00   2.6566e-02   2.9492e+02
20260831_02:00:00   6.2935e-01   1.3754e+02   6.2044e+01   1.5046e-06   8.5083e-03   2.9442e+02
20260831_03:00:00   6.2831e-01   1.3718e+02   6.2596e+01   0.0000e+00   2.7606e-02   2.9367e+02
20260831_04:00:00   6.2535e-01   1.3667e+02   6.2354e+01   0.0000e+00   2.1292e-02   2.9305e+02
20260831_05:00:00   6.2191e-01   1.3596e+02   6.2214e+01   0.0000e+00   9.5263e-02   2.9246e+02
20260831_06:00:00   6.2761e-01   1.3659e+02   6.2698e+01   1.3282e-03   1.8194e-01   2.9077e+02
20260831_07:00:00   6.5580e-01   1.4067e+02   6.1987e+01   4.8094e-02   2.3553e-01   2.9025e+02
20260831_08:00:00   6.8561e-01   1.4489e+02   6.0553e+01   1.0540e-01   1.7580e-01   2.9047e+02
20260831_09:00:00   6.4496e-01   1.3886e+02   5.9943e+01   5.4802e-02   2.1469e-01   2.9177e+02
20260831_10:00:00   5.9089e-01   1.3059e+02   5.8789e+01   4.4421e-03   1.8160e-01   2.9233e+02
20260831_11:00:00   5.7816e-01   1.2865e+02   5.8053e+01   9.7845e-04   4.4718e-02   2.9279e+02
20260831_12:00:00   7.3024e-01   1.5071e+02   5.9089e+01   1.7090e-01   4.7769e-02   2.9332e+02
20260831_13:00:00   8.2070e-01   1.6177e+02   6.1479e+01   2.4857e-01   3.7268e-01   2.9191e+02
20260831_14:00:00   6.3263e-01   1.3663e+02   6.1079e+01   3.5214e-02   3.7097e-01   2.9105e+02
20260831_15:00:00   5.9418e-01   1.3097e+02   5.9669e+01   8.9809e-03   1.8531e-01   2.9067e+02
20260831_16:00:00   6.1081e-01   1.3324e+02   5.8840e+01   4.2621e-02   5.8086e-02   2.9099e+02
20260831_17:00:00   5.6117e-01   1.2563e+02   5.7007e+01   8.7000e-03   9.7246e-03   2.9196e+02
20260831_18:00:00   5.5370e-01   1.2453e+02   5.6416e+01   3.5511e-03   2.6275e-03   2.9264e+02
20260831_21:00:00   5.6822e-01   1.2694e+02   5.7562e+01   1.3240e-03   1.2881e-03   2.9091e+02
20260901_00:00:00   6.0424e-01   1.3209e+02   5.6794e+01   6.0392e-02   2.4334e-02   2.8999e+02
20260901_03:00:00   7.7351e-01   1.5491e+02   5.6155e+01   2.6049e-01   2.9521e-02   2.8978e+02
20260901_06:00:00   5.3332e-01   1.2075e+02   5.5252e+01   4.3680e-04   7.9717e-06   2.8791e+02
20260901_09:00:00   5.3265e-01   1.2065e+02   5.4931e+01   8.0560e-04   5.2840e-05   2.8649e+02
20260901_12:00:00   5.4587e-01   1.2289e+02   5.5444e+01   6.1973e-03   0.0000e+00   2.8812e+02
20260901_15:00:00   5.2838e-01   1.2016e+02   5.4570e+01   0.0000e+00   0.0000e+00   2.8974e+02
20260901_18:00:00   5.2036e-01   1.1896e+02   5.3807e+01   0.0000e+00   3.3922e-03   2.8808e+02
20260901_21:00:00   5.0108e-01   1.1583e+02   5.1621e+01   0.0000e+00   1.1915e-03   2.8975e+02
20260902_00:00:00   5.0816e-01   1.1720e+02   5.1589e+01   0.0000e+00   5.3121e-03   2.9008e+02
20260902_03:00:00   5.3167e-01   1.2131e+02   5.3281e+01   0.0000e+00   1.8468e-03   2.8943e+02
20260902_06:00:00   5.1122e-01   1.1788e+02   5.1178e+01   2.3380e-05   4.4683e-04   2.8733e+02
20260902_09:00:00   5.0913e-01   1.1758e+02   5.0375e+01   9.1920e-03   2.0510e-04   2.8546e+02
20260902_12:00:00   6.2558e-01   1.3703e+02   5.1562e+01   1.4459e-01   1.1288e-03   2.8744e+02
20260902_15:00:00   5.0955e-01   1.1788e+02   5.0973e+01   1.9712e-04   5.2983e-04   2.8621e+02
20260902_18:00:00   5.0420e-01   1.1699e+02   5.0465e+01   0.0000e+00   1.4582e-04   2.8695e+02
20260902_21:00:00   4.1160e-01   9.9745e+01   4.3338e+01   1.7820e-07   2.5941e-03   2.8527e+02
20260903_00:00:00   4.4991e-01   1.0705e+02   4.6310e+01   0.0000e+00   1.2428e-02   2.8561e+02
20260903_03:00:00   4.9539e-01   1.1534e+02   4.9620e+01   1.1734e-04   2.7336e-03   2.8575e+02
20260903_06:00:00   5.5600e-01   1.2580e+02   5.1258e+01   5.7781e-02   1.8390e-03   2.8735e+02
20260903_09:00:00   6.3177e-01   1.3803e+02   5.1306e+01   1.6029e-01   4.8220e-05   2.8587e+02
20260903_12:00:00   5.0311e-01   1.1668e+02   4.9069e+01   1.8364e-02   5.9780e-05   2.8459e+02
20260903_15:00:00   4.5754e-01   1.0870e+02   4.5349e+01   9.6948e-03   2.5877e-04   2.8634e+02
20260903_18:00:00   4.1043e-01   9.9872e+01   4.1811e+01   4.6880e-06   1.6274e-03   2.8612e+02
20260903_21:00:00   4.0019e-01   9.7848e+01   4.1041e+01   0.0000e+00   9.8980e-05   2.8423e+02
20260904_00:00:00   4.4852e-01   1.0679e+02   4.5871e+01   0.0000e+00   3.4800e-05   2.8576e+02
20260904_03:00:00   5.0990e-01   1.1789e+02   5.0748e+01   1.0022e-03   3.8655e-04   2.8583e+02
20260904_06:00:00   5.3122e-01   1.2159e+02   5.2427e+01   1.2962e-04   1.1513e-04   2.8710e+02
20260904_09:00:00   4.6888e-01   1.1048e+02   4.8031e+01   3.6840e-05   3.3993e-06   2.8729e+02
20260904_12:00:00   4.5188e-01   1.0739e+02   4.6332e+01   3.3020e-06   3.7725e-06   2.8816e+02
20260904_15:00:00   5.0698e-01   1.1743e+02   5.0764e+01   8.8343e-04   7.3220e-05   2.8991e+02
20260904_18:00:00   5.2087e-01   1.1988e+02   5.2160e+01   5.1094e-04   2.9685e-04   2.8787e+02
20260904_21:00:00   4.9887e-01   1.1605e+02   5.0350e+01   6.2390e-05   1.8319e-04   2.8810e+02
20260905_00:00:00   5.1745e-01   1.1921e+02   5.1924e+01   3.7000e-06   6.6540e-06   2.8914e+02
20260905_03:00:00   5.2800e-01   1.2105e+02   5.2508e+01   6.1020e-06   1.3208e-05   2.8942e+02
20260905_06:00:00   5.3293e-01   1.2171e+02   5.3121e+01   1.2310e-04   1.4906e-04   2.8949e+02
20260905_09:00:00   4.9961e-01   1.1606e+02   5.0091e+01   3.6740e-05   0.0000e+00   2.8757e+02
20260905_12:00:00   4.9913e-01   1.1612e+02   4.8991e+01   1.2993e-02   7.9340e-05   2.9198e+02
20260905_15:00:00   5.1916e-01   1.1970e+02   4.9559e+01   3.4415e-02   1.1050e-03   2.9287e+02
20260905_18:00:00   4.5280e-01   1.0771e+02   4.6512e+01   6.3808e-04   1.9548e-04   2.8993e+02
20260905_21:00:00   4.4683e-01   1.0672e+02   4.5134e+01   6.8191e-05   1.5182e-03   2.8953e+02
20260906_00:00:00   4.7316e-01   1.1157e+02   4.6571e+01   5.5326e-03   3.6824e-03   2.8835e+02
20260906_03:00:00   4.7864e-01   1.1255e+02   4.7266e+01   4.4793e-04   8.2720e-04   2.8680e+02
20260906_06:00:00   4.9518e-01   1.1548e+02   4.8269e+01   7.7602e-05   8.9100e-08   2.8808e+02
20260906_09:00:00   5.0678e-01   1.1754e+02   4.8937e+01   2.8760e-03   2.0260e-05   2.8782e+02
20260906_12:00:00   4.9128e-01   1.1490e+02   4.7741e+01   1.1214e-03   0.0000e+00   2.8856e+02
20260906_15:00:00   4.8449e-01   1.1384e+02   4.7422e+01   1.4510e-03   0.0000e+00   2.9312e+02
20260906_18:00:00   4.7828e-01   1.1270e+02   4.7266e+01   7.5063e-04   1.0110e-05   2.9038e+02
20260906_21:00:00   4.7744e-01   1.1253e+02   4.7045e+01   4.2748e-06   0.0000e+00   2.8842e+02
20260907_00:00:00   4.6010e-01   1.0937e+02   4.5395e+01   0.0000e+00   2.4640e-03   2.9061e+02
20260907_03:00:00   4.6102e-01   1.0953e+02   4.5397e+01   0.0000e+00   2.8504e-04   2.9047e+02
20260907_06:00:00   4.9367e-01   1.1527e+02   4.7944e+01   8.9100e-08   7.9640e-07   2.8800e+02
20260907_09:00:00   5.0427e-01   1.1706e+02   4.9093e+01   3.6260e-06   9.9820e-06   2.8523e+02
20260907_12:00:00   5.2503e-01   1.2061e+02   5.1168e+01   3.4009e-03   0.0000e+00   2.8527e+02
20260907_15:00:00   5.2794e-01   1.2123e+02   5.1966e+01   2.7820e-04   4.4160e-05   2.8458e+02
20260907_18:00:00   4.9164e-01   1.1503e+02   4.8816e+01   3.8470e-04   1.0158e-03   2.7966e+02
20260907_21:00:00   5.1806e-01   1.1966e+02   5.0911e+01   6.4890e-05   3.8876e-03   2.7854e+02
20260908_00:00:00   4.8759e-01   1.1413e+02   4.8575e+01   6.3600e-04   7.6041e-03   2.8014e+02
20260908_03:00:00   4.4634e-01   1.0663e+02   4.4554e+01   0.0000e+00   1.6167e-03   2.8221e+02
20260908_06:00:00   4.3215e-01   1.0396e+02   4.2607e+01   1.0896e-04   6.6760e-05   2.7998e+02
20260908_09:00:00   3.9706e-01   9.7260e+01   3.9278e+01   4.1099e-05   3.9449e-05   2.8250e+02
20260908_12:00:00   4.0094e-01   9.8168e+01   3.9154e+01   1.4310e-03   1.0976e-03   2.8391e+02
20260908_15:00:00   4.0300e-01   9.8646e+01   3.9357e+01   8.5820e-05   7.5820e-06   2.8746e+02
20260908_18:00:00   3.8737e-01   9.5636e+01   3.8127e+01   0.0000e+00   6.6540e-06   2.8684e+02
20260908_21:00:00   4.4325e-01   1.0643e+02   4.1468e+01   1.2888e-02   3.3280e-06   2.8752e+02
20260909_00:00:00   4.8587e-01   1.1425e+02   4.5231e+01   4.3138e-03   0.0000e+00   2.8594e+02
20260909_03:00:00   3.7580e-01   9.3242e+01   3.7031e+01   0.0000e+00   4.3260e-05   2.8831e+02
20260909_06:00:00   4.2275e-01   1.0236e+02   4.0695e+01   2.4580e-05   0.0000e+00   2.8828e+02
20260909_09:00:00   5.1495e-01   1.1889e+02   4.9202e+01   6.3440e-05   1.2138e-23   2.8784e+02
20260909_12:00:00   3.9579e-01   9.7107e+01   3.9147e+01   0.0000e+00   0.0000e+00   2.9016e+02
20260909_15:00:00   4.6770e-01   1.1060e+02   4.5749e+01   2.6529e-03   5.2840e-06   2.9074e+02
20260909_18:00:00   5.0994e-01   1.1817e+02   4.9554e+01   2.4071e-03   1.5870e-05   2.8780e+02
20260909_21:00:00   5.1743e-01   1.1929e+02   5.1022e+01   3.2561e-05   1.2621e-02   2.8619e+02
20260910_00:00:00   4.1243e-01   9.9896e+01   4.2927e+01   8.9100e-08   6.5727e-02   2.8624e+02
20260910_03:00:00   3.9725e-01   9.7072e+01   4.0788e+01   0.0000e+00   8.5736e-05   2.8310e+02
20260910_06:00:00   4.1434e-01   1.0040e+02   4.1415e+01   4.8540e-05   0.0000e+00   2.8124e+02
20260910_09:00:00   4.3951e-01   1.0521e+02   4.3352e+01   9.9060e-05   9.3720e-04   2.8287e+02
20260910_12:00:00   4.8417e-01   1.1333e+02   4.7336e+01   2.2715e-03   2.3849e-02   2.8365e+02
20260910_15:00:00   4.6703e-01   1.1036e+02   4.6342e+01   4.4900e-04   5.5781e-02   2.8243e+02
20260910_18:00:00   4.9520e-01   1.1535e+02   4.9106e+01   6.2560e-04   2.7182e-01   2.7912e+02
20260910_21:00:00   5.2392e-01   1.2020e+02   5.2144e+01   2.5175e-04   2.3263e-01   2.7737e+02
20260911_00:00:00   5.3841e-01   1.2266e+02   5.3827e+01   4.2080e-04   5.7617e-02   2.7779e+02
20260911_03:00:00   5.4617e-01   1.2395e+02   5.4330e+01   5.2260e-04   1.8062e-02   2.7532e+02
20260911_06:00:00   5.5428e-01   1.2509e+02   5.5610e+01   1.6854e-04   4.9968e-02   2.7317e+02
20260911_09:00:00   5.6046e-01   1.2603e+02   5.6038e+01   8.8083e-05   7.7897e-03   2.7381e+02
20260911_12:00:00   5.5957e-01   1.2574e+02   5.6412e+01   2.3981e-04   1.6032e-03   2.7475e+02
20260911_15:00:00   5.2852e-01   1.2073e+02   5.3917e+01   2.8300e-06   2.5113e-03   2.7618e+02
20260911_18:00:00   5.0169e-01   1.1642e+02   4.9950e+01   8.5121e-04   2.4340e-03   2.7594e+02
