#            date       tau255        Tb[K]      pwv[mm] lwp[kg*m^-2] iwp[kg*m^-2]       o3[DU]
20260730_12:00:00   4.6768e-01   1.1062e+02   3.9329e+01   6.5540e-02   3.8564e-02   2.9669e+02
20260730_13:00:00   4.2578e-01   1.0291e+02   3.8789e+01   2.2340e-02   3.2256e-02   2.9710e+02
20260730_14:00:00   4.0009e-01   9.8051e+01   3.7838e+01   6.5680e-03   6.0664e-02   2.9659e+02
20260730_15:00:00   4.0372e-01   9.8750e+01   3.8312e+01   1.7656e-03   9.0900e-02   2.9657e+02
20260730_16:00:00   4.1003e-01   9.9973e+01   3.7938e+01   1.3302e-02   1.0566e-01   2.9723e+02
20260730_17:00:00   3.9820e-01   9.7672e+01   3.7719e+01   6.9420e-05   8.2739e-02   2.9760e+02
20260730_18:00:00   4.0556e-01   9.9065e+01   3.7955e+01   4.2300e-03   7.7781e-02   2.9690e+02
20260730_19:00:00   4.0193e-01   9.8341e+01   3.7848e+01   5.5240e-04   4.4087e-02   2.9547e+02
20260730_20:00:00   4.0224e-01   9.8401e+01   3.7742e+01   0.0000e+00   1.7009e-02   2.9741e+02
20260730_21:00:00   3.9254e-01   9.6499e+01   3.6913e+01   0.0000e+00   1.1386e-02   2.9799e+02
20260730_22:00:00   3.8695e-01   9.5376e+01   3.6416e+01   0.0000e+00   2.4448e-02   2.9445e+02
20260730_23:00:00   3.8805e-01   9.5558e+01   3.6408e+01   0.0000e+00   1.5692e-02   2.9475e+02
20260731_00:00:00   3.8802e-01   9.5530e+01   3.6337e+01   3.5360e-06   1.0840e-02   2.9738e+02
20260731_01:00:00   3.8943e-01   9.5775e+01   3.6414e+01   0.0000e+00   1.6380e-02   2.9845e+02
20260731_02:00:00   3.9178e-01   9.6184e+01   3.6685e+01   0.0000e+00   3.0264e-02   2.9867e+02
20260731_03:00:00   3.9154e-01   9.6098e+01   3.6652e+01   5.3060e-07   2.0346e-02   2.9770e+02
20260731_04:00:00   3.9768e-01   9.7268e+01   3.7015e+01   3.0000e-05   9.9921e-03   2.9589e+02
20260731_05:00:00   4.0246e-01   9.8190e+01   3.7272e+01   6.2380e-07   3.7795e-03   2.9715e+02
20260731_06:00:00   4.0122e-01   9.7916e+01   3.7016e+01   4.6920e-05   4.3736e-03   2.9781e+02
20260731_07:00:00   4.1436e-01   1.0042e+02   3.7668e+01   6.0870e-03   8.3811e-03   2.9676e+02
20260731_08:00:00   4.2118e-01   1.0169e+02   3.8558e+01   1.4877e-04   7.6762e-03   2.9627e+02
20260731_09:00:00   4.2987e-01   1.0332e+02   3.9256e+01   2.7390e-04   1.0697e-02   2.9597e+02
20260731_10:00:00   4.1839e-01   1.0121e+02   3.8153e+01   3.6380e-05   7.4110e-03   2.9603e+02
20260731_11:00:00   4.1742e-01   1.0103e+02   3.8190e+01   1.3314e-04   3.0802e-03   2.9752e+02
20260731_12:00:00   4.2283e-01   1.0205e+02   3.8963e+01   1.3022e-03   1.3287e-03   2.9600e+02
20260731_13:00:00   4.1794e-01   1.0118e+02   3.8510e+01   1.1128e-03   2.6946e-04   2.9716e+02
20260731_14:00:00   4.2017e-01   1.0164e+02   3.8534e+01   4.2610e-04   3.9101e-06   2.9751e+02
20260731_15:00:00   4.2405e-01   1.0241e+02   3.8703e+01   1.5906e-03   8.6515e-05   2.9613e+02
20260731_16:00:00   4.3485e-01   1.0445e+02   3.9466e+01   2.8980e-03   5.2938e-04   2.9490e+02
20260731_17:00:00   4.2791e-01   1.0323e+02   3.8704e+01   1.9362e-03   1.5304e-04   2.9482e+02
20260731_18:00:00   3.8130e-01   9.4339e+01   3.4377e+01   1.5506e-03   1.7408e-05   2.9576e+02
20260731_19:00:00   3.5310e-01   8.8697e+01   3.1777e+01   1.2493e-04   4.4560e-07   2.9570e+02
20260731_20:00:00   3.5314e-01   8.8760e+01   3.1246e+01   4.2630e-03   0.0000e+00   2.9526e+02
20260731_21:00:00   3.5573e-01   8.9258e+01   3.1724e+01   2.2832e-04   6.6040e-06   2.9495e+02
20260731_22:00:00   3.5755e-01   8.9630e+01   3.1680e+01   1.6515e-03   0.0000e+00   2.9459e+02
20260731_23:00:00   3.6815e-01   9.1755e+01   3.2571e+01   2.2918e-04   0.0000e+00   2.9277e+02
20260801_00:00:00   3.8598e-01   9.5292e+01   3.4242e+01   8.7340e-05   7.9600e-05   2.9138e+02
20260801_01:00:00   4.0888e-01   9.9705e+01   3.6461e+01   1.4224e-05   7.9960e-05   2.9419e+02
20260801_02:00:00   4.1206e-01   1.0031e+02   3.6955e+01   1.3732e-04   0.0000e+00   2.9408e+02
20260801_03:00:00   3.9309e-01   9.6648e+01   3.5520e+01   1.3852e-05   2.5860e-04   2.9479e+02
20260801_04:00:00   3.7064e-01   9.2207e+01   3.3670e+01   1.0820e-05   2.6338e-03   2.9559e+02
20260801_05:00:00   3.6004e-01   8.9979e+01   3.3326e+01   5.4132e-06   8.7840e-04   2.9649e+02
20260801_06:00:00   3.6425e-01   9.0694e+01   3.4226e+01   3.3420e-07   1.3696e-03   2.9600e+02
20260801_07:00:00   3.9039e-01   9.5856e+01   3.6553e+01   3.0010e-04   2.7396e-03   2.9471e+02
20260801_08:00:00   4.2025e-01   1.0163e+02   3.9084e+01   8.0791e-04   3.5516e-03   2.9437e+02
20260801_09:00:00   4.4412e-01   1.0610e+02   4.1180e+01   4.5658e-04   7.4698e-03   2.9420e+02
20260801_10:00:00   4.6387e-01   1.0964e+02   4.3393e+01   3.5760e-04   5.8551e-03   2.9625e+02
20260801_11:00:00   4.7847e-01   1.1216e+02   4.5163e+01   1.2770e-03   1.6852e-02   2.9909e+02
20260801_12:00:00   4.8502e-01   1.1336e+02   4.6384e+01   4.7360e-04   5.0936e-02   2.9827e+02
20260801_13:00:00   5.1171e-01   1.1787e+02   4.8993e+01   4.1700e-03   1.6286e-01   2.9836e+02
20260801_14:00:00   5.2385e-01   1.1992e+02   5.0518e+01   3.0363e-03   9.0948e-02   3.0018e+02
20260801_15:00:00   5.4015e-01   1.2268e+02   5.1855e+01   6.3700e-03   3.5252e-02   2.9808e+02
20260801_16:00:00   5.5151e-01   1.2449e+02   5.3396e+01   5.1062e-03   5.0493e-03   2.9750e+02
20260801_17:00:00   5.4951e-01   1.2404e+02   5.4071e+01   1.8383e-03   1.4834e-02   2.9674e+02
20260801_18:00:00   5.6088e-01   1.2570e+02   5.5521e+01   3.8657e-03   8.4781e-03   2.9527e+02
20260801_19:00:00   5.5690e-01   1.2496e+02   5.5720e+01   1.7933e-03   8.1885e-03   2.9516e+02
20260801_20:00:00   5.4007e-01   1.2204e+02   5.5142e+01   0.0000e+00   1.3885e-02   2.9467e+02
20260801_21:00:00   5.3722e-01   1.2143e+02   5.5397e+01   0.0000e+00   5.6368e-02   2.9364e+02
20260801_22:00:00   5.3522e-01   1.2104e+02   5.5448e+01   0.0000e+00   1.0547e-01   2.9509e+02
20260801_23:00:00   5.2792e-01   1.1978e+02   5.4909e+01   3.0380e-04   1.1275e-01   2.9468e+02
20260802_00:00:00   5.5759e-01   1.2447e+02   5.5333e+01   3.0146e-02   7.8353e-02   2.9421e+02
20260802_01:00:00   5.3589e-01   1.2115e+02   5.5735e+01   2.3760e-03   6.2469e-02   2.9245e+02
20260802_02:00:00   5.3123e-01   1.2045e+02   5.5255e+01   0.0000e+00   4.2382e-02   2.9258e+02
20260802_03:00:00   5.2062e-01   1.1866e+02   5.4454e+01   0.0000e+00   3.2369e-02   2.9342e+02
20260802_04:00:00   5.4129e-01   1.2197e+02   5.4138e+01   2.7677e-02   1.3664e-02   2.9431e+02
20260802_05:00:00   5.8246e-01   1.2854e+02   5.5011e+01   5.9366e-02   1.2739e-02   2.9510e+02
20260802_06:00:00   6.0410e-01   1.3174e+02   5.5043e+01   8.0900e-02   1.0803e-02   2.9430e+02
20260802_07:00:00   6.5398e-01   1.3883e+02   5.4143e+01   1.4511e-01   3.2684e-02   2.9463e+02
20260802_08:00:00   6.1728e-01   1.3358e+02   5.3931e+01   1.0312e-01   2.1906e-02   2.9479e+02
20260802_09:00:00   8.3904e-01   1.6257e+02   5.3946e+01   3.5495e-01   6.7632e-02   2.9405e+02
20260802_10:00:00   9.6978e-01   1.7674e+02   5.3063e+01   5.1650e-01   8.5211e-02   2.9676e+02
20260802_11:00:00   9.0682e-01   1.7003e+02   5.0700e+01   4.6930e-01   6.0624e-02   2.9825e+02
20260802_12:00:00   8.5550e-01   1.6411e+02   4.8590e+01   4.3199e-01   4.4739e-02   2.9687e+02
20260802_13:00:00   7.6342e-01   1.5292e+02   4.7320e+01   3.4223e-01   2.9097e-02   2.9619e+02
20260802_14:00:00   6.1618e-01   1.3298e+02   4.6594e+01   1.8195e-01   5.6100e-03   2.9681e+02
20260802_15:00:00   4.5907e-01   1.0818e+02   4.6249e+01   7.4763e-03   1.8589e-04   2.9753e+02
20260802_16:00:00   4.5822e-01   1.0814e+02   4.6579e+01   1.9119e-03   8.9357e-04   2.9718e+02
20260802_17:00:00   4.6593e-01   1.0952e+02   4.6943e+01   6.1663e-03   1.7975e-03   2.9700e+02
20260802_18:00:00   4.7210e-01   1.1063e+02   4.7615e+01   5.7696e-03   1.1675e-03   2.9651e+02
20260802_19:00:00   4.6774e-01   1.0977e+02   4.7454e+01   5.9496e-03   2.3788e-03   2.9529e+02
20260802_20:00:00   4.5754e-01   1.0796e+02   4.7083e+01   4.4220e-05   2.1832e-03   2.9682e+02
20260802_21:00:00   4.5733e-01   1.0789e+02   4.7031e+01   0.0000e+00   1.0816e-03   2.9757e+02
20260802_22:00:00   4.4966e-01   1.0648e+02   4.6377e+01   0.0000e+00   5.0420e-04   2.9730e+02
20260802_23:00:00   4.4303e-01   1.0526e+02   4.5773e+01   0.0000e+00   1.7184e-05   2.9627e+02
20260803_00:00:00   4.4337e-01   1.0535e+02   4.5732e+01   0.0000e+00   1.1436e-05   2.9581e+02
20260803_01:00:00   4.5060e-01   1.0676e+02   4.6163e+01   0.0000e+00   5.3180e-07   2.9539e+02
20260803_02:00:00   4.6890e-01   1.1020e+02   4.7402e+01   3.8300e-04   5.3580e-05   2.9423e+02
20260803_03:00:00   4.9238e-01   1.1447e+02   4.9170e+01   1.0936e-04   7.7815e-05   2.9397e+02
20260803_04:00:00   5.1029e-01   1.1757e+02   5.0708e+01   1.5694e-04   2.5233e-05   2.9394e+02
20260803_05:00:00   5.1866e-01   1.1896e+02   5.0673e+01   1.3006e-02   1.4064e-04   2.9248e+02
20260803_06:00:00   5.6071e-01   1.2609e+02   5.0789e+01   6.7400e-02   2.0784e-04   2.9160e+02
20260803_07:00:00   6.1685e-01   1.3515e+02   5.0987e+01   1.3662e-01   6.6940e-05   2.9069e+02
20260803_08:00:00   6.0646e-01   1.3353e+02   5.0737e+01   1.2349e-01   1.6464e-05   2.8884e+02
20260803_09:00:00   5.7628e-01   1.2875e+02   5.0983e+01   7.1847e-02   1.3920e-05   2.8797e+02
20260803_10:00:00   5.7655e-01   1.2885e+02   4.9014e+01   1.0340e-01   4.0340e-05   2.8813e+02
20260803_11:00:00   5.2167e-01   1.1959e+02   4.5155e+01   9.5513e-02   8.0840e-05   2.8645e+02
20260803_12:00:00   4.3594e-01   1.0400e+02   4.2537e+01   2.2707e-02   2.8823e-05   2.8630e+02
20260803_13:00:00   4.4616e-01   1.0597e+02   4.1964e+01   4.2206e-02   7.0878e-06   2.8757e+02
20260803_14:00:00   4.7210e-01   1.1089e+02   4.1867e+01   7.1473e-02   1.7209e-04   2.8822e+02
20260803_15:00:00   4.4288e-01   1.0559e+02   4.1035e+01   4.1860e-02   5.9112e-05   2.8909e+02
20260803_16:00:00   3.9872e-01   9.7209e+01   3.9703e+01   3.0480e-03   1.3631e-05   2.9032e+02
20260803_17:00:00   3.8947e-01   9.5475e+01   3.8836e+01   0.0000e+00   2.3444e-05   2.8998e+02
20260803_18:00:00   3.8087e-01   9.3853e+01   3.7854e+01   0.0000e+00   1.3310e-05   2.9057e+02
20260803_19:00:00   3.7100e-01   9.1912e+01   3.6909e+01   6.5920e-06   6.6540e-06   2.9078e+02
20260803_20:00:00   3.6713e-01   9.1170e+01   3.6363e+01   1.1851e-05   0.0000e+00   2.9176e+02
20260803_21:00:00   3.6487e-01   9.0760e+01   3.5833e+01   6.6830e-07   0.0000e+00   2.9433e+02
20260803_22:00:00   3.7432e-01   9.2680e+01   3.6393e+01   0.0000e+00   0.0000e+00   2.9518e+02
20260803_23:00:00   3.8297e-01   9.4376e+01   3.7029e+01   6.7830e-06   0.0000e+00   2.9496e+02
20260804_00:00:00   3.8528e-01   9.4803e+01   3.7342e+01   2.8306e-04   0.0000e+00   2.9509e+02
20260804_01:00:00   3.8165e-01   9.4089e+01   3.7214e+01   4.1127e-05   0.0000e+00   2.9323e+02
20260804_02:00:00   3.8065e-01   9.3911e+01   3.7059e+01   0.0000e+00   0.0000e+00   2.9342e+02
20260804_03:00:00   3.8852e-01   9.5460e+01   3.7492e+01   0.0000e+00   0.0000e+00   2.9405e+02
20260804_04:00:00   3.9667e-01   9.7050e+01   3.7939e+01   5.5105e-05   0.0000e+00   2.9331e+02
20260804_05:00:00   3.9254e-01   9.6213e+01   3.7653e+01   7.9580e-07   0.0000e+00   2.9202e+02
20260804_06:00:00   3.8662e-01   9.5017e+01   3.6954e+01   2.0132e-03   0.0000e+00   2.9090e+02
20260804_07:00:00   3.8084e-01   9.3898e+01   3.6471e+01   3.5360e-07   0.0000e+00   2.9271e+02
20260804_08:00:00   3.8696e-01   9.5158e+01   3.6770e+01   9.2055e-06   0.0000e+00   2.9538e+02
20260804_09:00:00   4.0996e-01   9.9667e+01   3.8328e+01   4.0825e-04   0.0000e+00   2.9488e+02
20260804_10:00:00   4.3178e-01   1.0387e+02   3.9763e+01   8.0386e-04   0.0000e+00   2.9530e+02
20260804_11:00:00   4.6272e-01   1.0959e+02   4.1870e+01   7.7459e-03   0.0000e+00   2.9324e+02
20260804_12:00:00   4.5910e-01   1.0900e+02   4.1823e+01   5.0632e-03   0.0000e+00   2.9109e+02
20260804_15:00:00   4.0427e-01   9.8766e+01   3.7791e+01   2.1750e-03   0.0000e+00   2.9235e+02
20260804_18:00:00   4.0769e-01   9.9461e+01   3.8147e+01   0.0000e+00   0.0000e+00   2.9429e+02
20260804_21:00:00   3.9536e-01   9.7081e+01   3.7034e+01   5.7364e-04   0.0000e+00   2.9226e+02
20260805_00:00:00   4.0838e-01   9.9600e+01   3.7998e+01   1.3682e-03   0.0000e+00   2.9364e+02
20260805_03:00:00   4.4037e-01   1.0552e+02   4.0717e+01   4.7693e-03   0.0000e+00   2.9631e+02
20260805_06:00:00   4.2861e-01   1.0329e+02   4.0010e+01   1.6038e-06   0.0000e+00   2.9392e+02
20260805_09:00:00   4.2543e-01   1.0266e+02   3.9755e+01   1.6529e-05   0.0000e+00   2.9420e+02
20260805_12:00:00   4.4955e-01   1.0716e+02   4.2024e+01   8.1360e-04   0.0000e+00   2.9603e+02
20260805_15:00:00   4.4023e-01   1.0558e+02   3.9948e+01   1.2207e-02   0.0000e+00   2.9927e+02
20260805_18:00:00   4.1684e-01   1.0137e+02   3.4402e+01   5.2074e-02   0.0000e+00   2.9935e+02
20260805_21:00:00   3.7997e-01   9.4080e+01   3.4232e+01   1.3295e-02   0.0000e+00   2.9766e+02
20260806_00:00:00   3.5878e-01   8.9733e+01   3.3430e+01   1.1540e-05   0.0000e+00   2.9759e+02
20260806_03:00:00   3.5390e-01   8.8601e+01   3.3723e+01   0.0000e+00   0.0000e+00   2.9863e+02
20260806_06:00:00   3.7731e-01   9.3253e+01   3.5687e+01   9.3490e-04   0.0000e+00   2.9573e+02
20260806_09:00:00   5.0795e-01   1.1763e+02   3.6646e+01   1.6184e-01   0.0000e+00   2.9600e+02
20260806_12:00:00   4.0173e-01   9.8040e+01   3.6706e+01   2.1235e-02   0.0000e+00   2.9548e+02
20260806_15:00:00   3.8407e-01   9.4764e+01   3.6783e+01   6.6040e-06   0.0000e+00   2.9363e+02
20260806_18:00:00   4.5216e-01   1.0781e+02   4.1900e+01   8.5340e-03   0.0000e+00   2.9565e+02
20260806_21:00:00   5.0770e-01   1.1765e+02   4.7799e+01   4.7362e-03   0.0000e+00   2.9493e+02
20260807_00:00:00   3.8120e-01   9.4150e+01   3.6901e+01   0.0000e+00   0.0000e+00   2.9535e+02
20260807_03:00:00   3.3323e-01   8.4335e+01   3.2469e+01   0.0000e+00   0.0000e+00   2.9511e+02
20260807_06:00:00   3.4428e-01   8.6612e+01   3.2982e+01   7.3060e-06   0.0000e+00   2.9371e+02
20260807_09:00:00   3.3006e-01   8.3655e+01   3.1398e+01   0.0000e+00   0.0000e+00   2.9405e+02
20260807_12:00:00   3.7365e-01   9.2533e+01   3.5428e+01   1.1266e-05   0.0000e+00   2.9595e+02
20260807_15:00:00   3.6550e-01   9.1088e+01   3.4218e+01   6.9340e-05   0.0000e+00   2.9568e+02
20260807_18:00:00   4.4354e-01   1.0627e+02   4.0149e+01   3.2262e-03   0.0000e+00   2.9484e+02
20260807_21:00:00   4.1057e-01   9.9984e+01   3.7988e+01   2.8400e-04   0.0000e+00   2.9103e+02
20260808_00:00:00   4.5973e-01   1.0934e+02   4.1043e+01   2.8990e-03   0.0000e+00   2.9403e+02
20260808_03:00:00   3.8718e-01   9.5522e+01   3.4855e+01   3.8145e-03   0.0000e+00   2.9565e+02
20260808_06:00:00   3.3202e-01   8.4195e+01   3.0604e+01   0.0000e+00   0.0000e+00   2.9547e+02
20260808_09:00:00   3.6761e-01   9.1422e+01   3.3866e+01   0.0000e+00   0.0000e+00   2.9380e+02
20260808_12:00:00   4.3626e-01   1.0472e+02   3.8666e+01   2.2436e-02   0.0000e+00   2.9452e+02
20260808_15:00:00   4.1408e-01   1.0061e+02   3.9105e+01   6.0560e-04   0.0000e+00   2.9638e+02
20260808_18:00:00   4.2468e-01   1.0267e+02   4.0132e+01   1.3742e-03   0.0000e+00   2.9686e+02
20260808_21:00:00   4.1222e-01   1.0036e+02   3.8703e+01   0.0000e+00   0.0000e+00   2.9378e+02
20260809_00:00:00   4.0463e-01   9.8952e+01   3.7658e+01   0.0000e+00   4.9520e-06   2.9279e+02
20260809_03:00:00   4.0976e-01   9.9883e+01   3.7686e+01   0.0000e+00   8.5020e-06   2.9300e+02
20260809_06:00:00   4.0335e-01   9.8535e+01   3.6471e+01   4.4040e-03   3.2358e-05   2.9110e+02
20260809_09:00:00   4.0013e-01   9.7904e+01   3.6279e+01   8.2210e-04   0.0000e+00   2.9258e+02
20260809_12:00:00   3.8980e-01   9.5873e+01   3.6773e+01   1.8968e-05   0.0000e+00   2.9468e+02
20260809_15:00:00   3.8399e-01   9.4732e+01   3.7201e+01   0.0000e+00   2.9638e-03   2.9591e+02
20260809_18:00:00   4.0323e-01   9.8564e+01   3.8610e+01   0.0000e+00   2.3300e-05   2.9416e+02
20260809_21:00:00   4.2096e-01   1.0189e+02   4.0550e+01   0.0000e+00   0.0000e+00   2.9231e+02
20260810_00:00:00   4.2466e-01   1.0251e+02   4.0854e+01   0.0000e+00   1.8368e-03   2.9205e+02
20260810_03:00:00   4.6289e-01   1.0943e+02   4.4516e+01   4.0180e-04   1.2474e-06   2.9077e+02
20260810_06:00:00   4.7331e-01   1.1119e+02   4.5470e+01   1.2343e-03   0.0000e+00   2.9034e+02
20260810_09:00:00   5.8941e-01   1.3099e+02   4.5329e+01   1.6213e-01   3.8236e-04   2.8897e+02
20260810_12:00:00   5.8920e-01   1.3095e+02   4.5762e+01   1.6069e-01   9.8541e-04   2.8811e+02
20260810_15:00:00   4.7840e-01   1.1213e+02   4.6906e+01   2.0619e-04   4.6179e-03   2.9039e+02
20260810_18:00:00   4.9600e-01   1.1524e+02   4.9202e+01   5.9220e-04   1.1296e-02   2.8965e+02
20260810_21:00:00   5.0877e-01   1.1752e+02   5.0316e+01   1.1824e-03   1.3170e-02   2.8878e+02
20260811_00:00:00   5.2311e-01   1.2020e+02   5.0454e+01   4.9220e-04   1.4858e-02   2.8834e+02
20260811_03:00:00   4.9062e-01   1.1452e+02   4.7468e+01   2.5153e-04   4.3071e-04   2.8525e+02
20260811_06:00:00   4.5671e-01   1.0837e+02   4.4714e+01   3.0337e-04   2.2384e-03   2.8486e+02
20260811_09:00:00   4.7054e-01   1.1083e+02   4.5479e+01   2.4958e-05   2.7588e-03   2.8457e+02
20260811_12:00:00   4.4843e-01   1.0687e+02   4.3918e+01   4.2760e-06   2.4578e-03   2.8532e+02
20260811_15:00:00   4.1794e-01   1.0138e+02   3.9999e+01   5.5140e-03   6.1547e-04   2.8869e+02
20260811_18:00:00   3.9200e-01   9.6425e+01   3.7283e+01   1.0048e-03   3.6388e-03   2.8949e+02
20260811_21:00:00   3.5532e-01   8.9119e+01   3.3487e+01   0.0000e+00   1.8230e-03   2.8739e+02
20260812_00:00:00   3.5278e-01   8.8587e+01   3.2583e+01   1.1124e-04   6.7200e-05   2.9009e+02
20260812_03:00:00   3.5730e-01   8.9435e+01   3.2996e+01   1.6636e-05   1.7030e-05   2.9071e+02
20260812_06:00:00   4.1259e-01   1.0019e+02   3.5530e+01   3.8980e-02   3.2198e-04   2.8973e+02
20260812_09:00:00   4.2523e-01   1.0245e+02   3.5595e+01   6.3080e-02   1.0926e-05   2.8825e+02
20260812_12:00:00   3.9074e-01   9.5841e+01   3.6971e+01   1.1318e-05   0.0000e+00   2.8896e+02
20260812_15:00:00   4.4830e-01   1.0670e+02   4.2907e+01   4.1567e-03   0.0000e+00   2.9071e+02
20260812_18:00:00   4.8147e-01   1.1251e+02   4.7254e+01   1.4216e-03   0.0000e+00   2.9017e+02
20260812_21:00:00   5.8228e-01   1.2942e+02   5.5158e+01   2.2722e-02   1.0566e-05   2.8836e+02
20260813_00:00:00   6.5838e-01   1.4045e+02   5.6706e+01   8.9439e-02   8.1180e-04   2.9082e+02
20260813_03:00:00   6.0288e-01   1.3270e+02   5.6943e+01   2.8571e-02   9.4135e-03   2.8775e+02
20260813_06:00:00   5.5743e-01   1.2516e+02   5.5527e+01   8.9169e-04   2.4093e-02   2.8717e+02
20260813_09:00:00   6.3264e-01   1.3648e+02   6.0322e+01   3.7404e-02   3.9758e-01   2.8595e+02
20260813_12:00:00   5.8854e-01   1.3007e+02   5.8443e+01   4.7300e-03   2.5195e-01   2.8212e+02
20260813_15:00:00   5.4387e-01   1.2308e+02   5.3427e+01   2.6928e-04   5.7479e-02   2.8491e+02
20260813_18:00:00   5.1433e-01   1.1800e+02   5.1921e+01   7.2870e-04   2.1510e-02   2.8302e+02
20260813_21:00:00   4.7397e-01   1.1093e+02   4.8258e+01   1.0141e-03   6.1571e-03   2.8187e+02
20260814_00:00:00   4.2300e-01   1.0151e+02   4.3090e+01   0.0000e+00   2.8951e-03   2.8202e+02
20260814_03:00:00   4.2286e-01   1.0156e+02   4.2132e+01   1.7774e-03   2.0464e-03   2.8242e+02
20260814_06:00:00   4.3658e-01   1.0425e+02   4.2374e+01   5.6104e-05   1.9973e-03   2.8276e+02
20260814_09:00:00   4.0636e-01   9.8586e+01   3.8976e+01   1.1391e-03   2.3700e-04   2.8214e+02
20260814_12:00:00   3.6574e-01   9.0699e+01   3.5178e+01   8.6160e-05   3.0757e-05   2.8043e+02
20260814_15:00:00   3.9625e-01   9.6817e+01   3.8432e+01   5.7600e-04   1.0008e-03   2.7963e+02
20260814_18:00:00   4.3833e-01   1.0491e+02   4.1522e+01   1.5695e-02   4.1063e-03   2.7851e+02
20260814_21:00:00   4.5867e-01   1.0870e+02   4.3964e+01   1.0327e-03   8.6395e-03   2.7836e+02
20260815_00:00:00   4.5136e-01   1.0744e+02   4.2195e+01   1.7025e-02   2.1717e-04   2.8124e+02
20260815_03:00:00   3.9773e-01   9.7242e+01   3.8453e+01   4.9770e-04   1.7821e-03   2.8143e+02
20260815_06:00:00   4.2226e-01   1.0197e+02   3.9822e+01   1.8670e-03   1.2684e-03   2.7851e+02
20260815_09:00:00   4.5334e-01   1.0761e+02   4.3044e+01   8.4590e-03   7.2214e-04   2.7917e+02
20260815_12:00:00   4.5027e-01   1.0706e+02   4.3497e+01   5.2130e-04   5.4921e-05   2.8123e+02
