#            date       tau255        Tb[K]      pwv[mm] lwp[kg*m^-2] iwp[kg*m^-2]       o3[DU]
20260926_06:00:00   4.4038e-01   1.0552e+02   4.3279e+01   2.3120e-05   6.7158e-02   2.8677e+02
20260926_07:00:00   4.5218e-01   1.0775e+02   4.3897e+01   0.0000e+00   9.5086e-03   2.8509e+02
20260926_08:00:00   4.5930e-01   1.0904e+02   4.4438e+01   0.0000e+00   1.1798e-03   2.8372e+02
20260926_09:00:00   4.5786e-01   1.0874e+02   4.4525e+01   0.0000e+00   7.9661e-05   2.8318e+02
20260926_10:00:00   4.5329e-01   1.0788e+02   4.4310e+01   0.0000e+00   1.9160e-04   2.8176e+02
20260926_11:00:00   4.6072e-01   1.0922e+02   4.4826e+01   0.0000e+00   1.3435e-05   2.8012e+02
20260926_12:00:00   4.6070e-01   1.0922e+02   4.4970e+01   3.9930e-05   6.1959e-07   2.8171e+02
20260926_13:00:00   4.5603e-01   1.0842e+02   4.4672e+01   2.6520e-07   4.0888e-07   2.8460e+02
20260926_14:00:00   4.5871e-01   1.0893e+02   4.5084e+01   0.0000e+00   3.4521e-06   2.8637e+02
20260926_15:00:00   4.5725e-01   1.0863e+02   4.5172e+01   0.0000e+00   3.7475e-04   2.8593e+02
20260926_16:00:00   4.4449e-01   1.0627e+02   4.4451e+01   0.0000e+00   1.0095e-03   2.8490e+02
20260926_17:00:00   4.2683e-01   1.0295e+02   4.3153e+01   0.0000e+00   4.8400e-06   2.8555e+02
20260926_18:00:00   4.1777e-01   1.0125e+02   4.2481e+01   0.0000e+00   0.0000e+00   2.8548e+02
20260926_19:00:00   4.2368e-01   1.0245e+02   4.2739e+01   0.0000e+00   0.0000e+00   2.8574e+02
20260926_20:00:00   4.4059e-01   1.0568e+02   4.3822e+01   3.6320e-05   2.1380e-07   2.8484e+02
20260926_21:00:00   4.4349e-01   1.0623e+02   4.3922e+01   0.0000e+00   2.8018e-04   2.8487e+02
20260926_22:00:00   4.4802e-01   1.0704e+02   4.4151e+01   0.0000e+00   7.6844e-04   2.8370e+02
20260926_23:00:00   4.6032e-01   1.0927e+02   4.4940e+01   1.3365e-07   0.0000e+00   2.8248e+02
20260927_00:00:00   4.5504e-01   1.0832e+02   4.4480e+01   0.0000e+00   0.0000e+00   2.8370e+02
20260927_01:00:00   4.5637e-01   1.0858e+02   4.4519e+01   0.0000e+00   8.4880e-07   2.8409e+02
20260927_02:00:00   4.6341e-01   1.0985e+02   4.5058e+01   1.2697e-06   0.0000e+00   2.8623e+02
20260927_03:00:00   4.6888e-01   1.1080e+02   4.5614e+01   0.0000e+00   8.9100e-07   2.8952e+02
20260927_04:00:00   4.7688e-01   1.1224e+02   4.6349e+01   0.0000e+00   1.0408e-03   2.8938e+02
20260927_05:00:00   4.8736e-01   1.1409e+02   4.7241e+01   0.0000e+00   4.6480e-04   2.8697e+02
20260927_06:00:00   4.7564e-01   1.1203e+02   4.6242e+01   8.8420e-08   1.0774e-03   2.8513e+02
20260927_07:00:00   4.6864e-01   1.1079e+02   4.5564e+01   0.0000e+00   1.6022e-03   2.8481e+02
20260927_08:00:00   4.6911e-01   1.1083e+02   4.5762e+01   2.0906e-04   3.1086e-03   2.8417e+02
20260927_09:00:00   4.7386e-01   1.1168e+02   4.6239e+01   2.2173e-03   2.7012e-03   2.8391e+02
20260927_10:00:00   5.1993e-01   1.1981e+02   4.7752e+01   4.1586e-02   2.1402e-03   2.8271e+02
20260927_11:00:00   6.0308e-01   1.3363e+02   4.9204e+01   1.3015e-01   3.2340e-04   2.8268e+02
20260927_12:00:00   5.7347e-01   1.2882e+02   4.9505e+01   8.3909e-02   1.3208e-05   2.8424e+02
20260927_13:00:00   4.9393e-01   1.1528e+02   4.8094e+01   2.7156e-03   0.0000e+00   2.8704e+02
20260927_14:00:00   4.7796e-01   1.1250e+02   4.6820e+01   6.5970e-03   0.0000e+00   2.8842e+02
20260927_15:00:00   5.1667e-01   1.1939e+02   4.7314e+01   4.9080e-02   0.0000e+00   2.8857e+02
20260927_16:00:00   5.0974e-01   1.1823e+02   4.8405e+01   1.9702e-02   0.0000e+00   2.8814e+02
20260927_17:00:00   5.1306e-01   1.1876e+02   4.9542e+01   7.4634e-03   0.0000e+00   2.8797e+02
20260927_18:00:00   5.0453e-01   1.1720e+02   4.9454e+01   7.1706e-04   0.0000e+00   2.8749e+02
20260927_19:00:00   4.9541e-01   1.1556e+02   4.8763e+01   0.0000e+00   0.0000e+00   2.8755e+02
20260927_20:00:00   4.6808e-01   1.1068e+02   4.6490e+01   1.8569e-06   6.2380e-07   2.8877e+02
20260927_21:00:00   4.4455e-01   1.0633e+02   4.4389e+01   0.0000e+00   5.7537e-05   2.8814e+02
20260927_22:00:00   4.4368e-01   1.0615e+02   4.4335e+01   0.0000e+00   4.2087e-05   2.8521e+02
20260927_23:00:00   4.7998e-01   1.1280e+02   4.7377e+01   4.9520e-05   4.7516e-05   2.8247e+02
20260928_00:00:00   5.0843e-01   1.1787e+02   4.9622e+01   0.0000e+00   1.5898e-04   2.7937e+02
20260928_01:00:00   5.0608e-01   1.1753e+02   4.9344e+01   0.0000e+00   6.8740e-05   2.7702e+02
20260928_02:00:00   4.4853e-01   1.0717e+02   4.4535e+01   0.0000e+00   1.4148e-06   2.7823e+02
20260928_03:00:00   3.9316e-01   9.6532e+01   3.9497e+01   0.0000e+00   0.0000e+00   2.7869e+02
20260928_04:00:00   4.0713e-01   9.9270e+01   4.0292e+01   6.5490e-06   1.7820e-07   2.7907e+02
20260928_05:00:00   3.8169e-01   9.4189e+01   3.8359e+01   7.6920e-06   0.0000e+00   2.8036e+02
20260928_06:00:00   3.6377e-01   9.0558e+01   3.6534e+01   0.0000e+00   5.3240e-06   2.8025e+02
20260928_07:00:00   3.8520e-01   9.4857e+01   3.7822e+01   1.8329e-04   0.0000e+00   2.7953e+02
20260928_08:00:00   3.9951e-01   9.7738e+01   3.8676e+01   2.2650e-04   0.0000e+00   2.7843e+02
20260928_09:00:00   4.2141e-01   1.0204e+02   4.0417e+01   2.6924e-04   0.0000e+00   2.7750e+02
20260928_10:00:00   4.5571e-01   1.0849e+02   4.3565e+01   3.5673e-04   1.3754e-05   2.7807e+02
20260928_11:00:00   4.7101e-01   1.1133e+02   4.5210e+01   1.4064e-04   7.1720e-05   2.7857e+02
20260928_12:00:00   4.9222e-01   1.1512e+02   4.7364e+01   2.9889e-04   1.4184e-04   2.7763e+02
20260928_13:00:00   4.7842e-01   1.1256e+02   4.6455e+01   2.0850e-03   2.1140e-04   2.7829e+02
20260928_14:00:00   4.1314e-01   1.0045e+02   4.1196e+01   4.4972e-06   2.8420e-05   2.7869e+02
20260928_15:00:00   3.7878e-01   9.3804e+01   3.7737e+01   0.0000e+00   6.8120e-05   2.7894e+02
20260928_16:00:00   3.8169e-01   9.4459e+01   3.7582e+01   0.0000e+00   1.7066e-05   2.7833e+02
20260928_17:00:00   3.9373e-01   9.6890e+01   3.8257e+01   0.0000e+00   3.3280e-06   2.7731e+02
20260928_18:00:00   4.0498e-01   9.9126e+01   3.8943e+01   0.0000e+00   0.0000e+00   2.7607e+02
20260928_19:00:00   4.1855e-01   1.0178e+02   3.9768e+01   9.8530e-05   1.7172e-05   2.7453e+02
20260928_20:00:00   4.2065e-01   1.0223e+02   3.9789e+01   3.2700e-04   3.5040e-06   2.7475e+02
20260928_21:00:00   4.3157e-01   1.0431e+02   4.0692e+01   4.4410e-04   3.0660e-05   2.7608e+02
20260928_22:00:00   4.4718e-01   1.0724e+02   4.1957e+01   3.3020e-05   2.3319e-04   2.7785e+02
20260928_23:00:00   4.6130e-01   1.0981e+02   4.3481e+01   2.4280e-04   6.3678e-04   2.7833e+02
20260929_00:00:00   4.7606e-01   1.1242e+02   4.4944e+01   2.4958e-06   2.9235e-03   2.7727e+02
20260929_01:00:00   4.5961e-01   1.0934e+02   4.4060e+01   1.1979e-04   3.2771e-03   2.7602e+02
20260929_02:00:00   4.1665e-01   1.0126e+02   4.0806e+01   0.0000e+00   2.2352e-03   2.7614e+02
20260929_03:00:00   4.6331e-01   1.0989e+02   4.4827e+01   3.3020e-06   1.2923e-03   2.7745e+02
20260929_04:00:00   4.9385e-01   1.1522e+02   4.7497e+01   5.7494e-03   1.4124e-03   2.7779e+02
20260929_05:00:00   4.7393e-01   1.1167e+02   4.6204e+01   3.8420e-05   3.6977e-04   2.7736e+02
20260929_06:00:00   4.6246e-01   1.0958e+02   4.5228e+01   6.6360e-06   0.0000e+00   2.7664e+02
20260929_07:00:00   4.4298e-01   1.0594e+02   4.3835e+01   1.3285e-04   0.0000e+00   2.7616e+02
20260929_08:00:00   4.2814e-01   1.0311e+02   4.2804e+01   2.9005e-05   0.0000e+00   2.7570e+02
20260929_09:00:00   4.2819e-01   1.0309e+02   4.2910e+01   1.3365e-06   0.0000e+00   2.7404e+02
20260929_10:00:00   4.5564e-01   1.0816e+02   4.5239e+01   2.1384e-04   0.0000e+00   2.7433e+02
20260929_11:00:00   4.7435e-01   1.1155e+02   4.6949e+01   3.0511e-04   1.7820e-07   2.7477e+02
20260929_12:00:00   4.4705e-01   1.0656e+02   4.4781e+01   3.1690e-04   3.3080e-05   2.7442e+02
20260929_13:00:00   4.1518e-01   1.0055e+02   4.2135e+01   0.0000e+00   0.0000e+00   2.7518e+02
20260929_14:00:00   4.2638e-01   1.0270e+02   4.3275e+01   0.0000e+00   0.0000e+00   2.7613e+02
20260929_15:00:00   4.6519e-01   1.1000e+02   4.6566e+01   6.5979e-06   0.0000e+00   2.7724e+02
20260929_16:00:00   4.7005e-01   1.1093e+02   4.6919e+01   0.0000e+00   0.0000e+00   2.7878e+02
20260929_17:00:00   4.6750e-01   1.1046e+02   4.6778e+01   0.0000e+00   0.0000e+00   2.7998e+02
20260929_18:00:00   4.8042e-01   1.1281e+02   4.7623e+01   0.0000e+00   0.0000e+00   2.7863e+02
20260929_19:00:00   4.7911e-01   1.1263e+02   4.7141e+01   0.0000e+00   0.0000e+00   2.7468e+02
20260929_20:00:00   4.6421e-01   1.0996e+02   4.5507e+01   0.0000e+00   0.0000e+00   2.7145e+02
20260929_21:00:00   4.7685e-01   1.1219e+02   4.6704e+01   6.1566e-05   0.0000e+00   2.7248e+02
20260929_22:00:00   4.9140e-01   1.1471e+02   4.8219e+01   4.7820e-06   0.0000e+00   2.7368e+02
20260929_23:00:00   4.4724e-01   1.0671e+02   4.4627e+01   0.0000e+00   0.0000e+00   2.7452e+02
20260930_00:00:00   4.2129e-01   1.0182e+02   4.2267e+01   2.3327e-05   0.0000e+00   2.7598e+02
20260930_01:00:00   4.7498e-01   1.1184e+02   4.6509e+01   1.7752e-07   0.0000e+00   2.7633e+02
20260930_02:00:00   4.8962e-01   1.1438e+02   4.7875e+01   8.1930e-05   0.0000e+00   2.7679e+02
20260930_03:00:00   4.7877e-01   1.1247e+02   4.6877e+01   4.4560e-08   0.0000e+00   2.7785e+02
20260930_04:00:00   4.5896e-01   1.0889e+02   4.5096e+01   2.6520e-07   0.0000e+00   2.7861e+02
20260930_05:00:00   4.3967e-01   1.0535e+02   4.2918e+01   0.0000e+00   0.0000e+00   2.7821e+02
20260930_06:00:00   4.0578e-01   9.8779e+01   4.0316e+01   0.0000e+00   0.0000e+00   2.7700e+02
20260930_07:00:00   4.5453e-01   1.0791e+02   4.4239e+01   1.4898e-03   0.0000e+00   2.7660e+02
20260930_08:00:00   4.4983e-01   1.0709e+02   4.4024e+01   2.2948e-05   0.0000e+00   2.7527e+02
20260930_09:00:00   4.3450e-01   1.0423e+02   4.2712e+01   2.1945e-03   0.0000e+00   2.7464e+02
20260930_10:00:00   4.7952e-01   1.1245e+02   4.6416e+01   1.4285e-03   0.0000e+00   2.7596e+02
20260930_11:00:00   4.8529e-01   1.1348e+02   4.7140e+01   4.7830e-04   0.0000e+00   2.7686e+02
20260930_12:00:00   4.7596e-01   1.1188e+02   4.6435e+01   8.4280e-04   0.0000e+00   2.7633e+02
20260930_13:00:00   4.5847e-01   1.0872e+02   4.4930e+01   7.1360e-04   0.0000e+00   2.7599e+02
20260930_14:00:00   4.3332e-01   1.0410e+02   4.2773e+01   0.0000e+00   0.0000e+00   2.7749e+02
20260930_15:00:00   4.3678e-01   1.0481e+02   4.2711e+01   3.4260e-04   0.0000e+00   2.7664e+02
20260930_16:00:00   4.5085e-01   1.0750e+02   4.3722e+01   3.6667e-04   0.0000e+00   2.7652e+02
20260930_17:00:00   4.5561e-01   1.0841e+02   4.4156e+01   2.2948e-05   0.0000e+00   2.7810e+02
20260930_18:00:00   4.6357e-01   1.0986e+02   4.4834e+01   1.9877e-05   0.0000e+00   2.7878e+02
20260930_19:00:00   4.7242e-01   1.1145e+02   4.5476e+01   1.7892e-03   0.0000e+00   2.7897e+02
20260930_20:00:00   4.7073e-01   1.1109e+02   4.5513e+01   1.7070e-03   0.0000e+00   2.7853e+02
20260930_21:00:00   4.7134e-01   1.1114e+02   4.5763e+01   6.8795e-05   0.0000e+00   2.7790e+02
20260930_22:00:00   4.7628e-01   1.1201e+02   4.6257e+01   2.4958e-06   0.0000e+00   2.7842e+02
20260930_23:00:00   4.6923e-01   1.1078e+02   4.5633e+01   0.0000e+00   0.0000e+00   2.7866e+02
20261001_00:00:00   4.4340e-01   1.0604e+02   4.3573e+01   0.0000e+00   0.0000e+00   2.7927e+02
20261001_01:00:00   4.2946e-01   1.0339e+02   4.2460e+01   0.0000e+00   0.0000e+00   2.8032e+02
20261001_02:00:00   4.3462e-01   1.0436e+02   4.2598e+01   0.0000e+00   0.0000e+00   2.8212e+02
20261001_03:00:00   4.3353e-01   1.0417e+02   4.2380e+01   3.0010e-05   0.0000e+00   2.8316e+02
20261001_04:00:00   4.3439e-01   1.0432e+02   4.2394e+01   2.2811e-04   0.0000e+00   2.8316e+02
20261001_05:00:00   4.2787e-01   1.0308e+02   4.1834e+01   0.0000e+00   0.0000e+00   2.8306e+02
20261001_06:00:00   4.1162e-01   9.9900e+01   4.0657e+01   4.2040e-06   0.0000e+00   2.8179e+02
20261001_09:00:00   4.4628e-01   1.0638e+02   4.4158e+01   5.0130e-04   0.0000e+00   2.8008e+02
20261001_12:00:00   4.4644e-01   1.0660e+02   4.3683e+01   1.9472e-04   0.0000e+00   2.8314e+02
20261001_15:00:00   4.4410e-01   1.0626e+02   4.3606e+01   2.5302e-06   0.0000e+00   2.8539e+02
20261001_18:00:00   4.5200e-01   1.0774e+02   4.4079e+01   1.4308e-04   0.0000e+00   2.8775e+02
20261001_21:00:00   4.4750e-01   1.0683e+02   4.3763e+01   0.0000e+00   0.0000e+00   2.8465e+02
20261002_00:00:00   4.5738e-01   1.0855e+02   4.5145e+01   0.0000e+00   0.0000e+00   2.8407e+02
20261002_03:00:00   4.6748e-01   1.1047e+02   4.4875e+01   1.2711e-02   0.0000e+00   2.8901e+02
20261002_06:00:00   4.3197e-01   1.0384e+02   4.2864e+01   3.6240e-05   0.0000e+00   2.8677e+02
20261002_09:00:00   4.7679e-01   1.1200e+02   4.5093e+01   2.6578e-02   0.0000e+00   2.8632e+02
20261002_12:00:00   4.7106e-01   1.1100e+02   4.5631e+01   1.8894e-02   0.0000e+00   2.8753e+02
20261002_15:00:00   5.0124e-01   1.1641e+02   4.9257e+01   1.1979e-04   1.1270e-04   2.8987e+02
20261002_18:00:00   5.2303e-01   1.1998e+02   5.1897e+01   6.6040e-06   3.9524e-04   2.8973e+02
20261002_21:00:00   5.3546e-01   1.2201e+02   5.3283e+01   1.6145e-03   8.9100e-08   2.8958e+02
20261003_00:00:00   5.3460e-01   1.2166e+02   5.3676e+01   9.7840e-05   1.0097e-03   2.8770e+02
20261003_03:00:00   4.2581e-01   1.0223e+02   4.4449e+01   0.0000e+00   0.0000e+00   2.8888e+02
20261003_06:00:00   4.7283e-01   1.1110e+02   4.7284e+01   5.8240e-06   5.5037e-05   2.8677e+02
20261003_09:00:00   4.7451e-01   1.1146e+02   4.7090e+01   0.0000e+00   1.6641e-03   2.8544e+02
20261003_12:00:00   4.3953e-01   1.0499e+02   4.4577e+01   0.0000e+00   1.7825e-03   2.8429e+02
20261003_15:00:00   4.5095e-01   1.0723e+02   4.4934e+01   1.0413e-05   4.0340e-03   2.8635e+02
20261003_18:00:00   4.7813e-01   1.1219e+02   4.7529e+01   2.7462e-05   4.9749e-03   2.8355e+02
20261003_21:00:00   4.4635e-01   1.0635e+02   4.5059e+01   0.0000e+00   1.1085e-03   2.8328e+02
20261004_00:00:00   4.6254e-01   1.0953e+02   4.4960e+01   0.0000e+00   1.2510e-02   2.8407e+02
20261004_03:00:00   4.5246e-01   1.0780e+02   4.3702e+01   0.0000e+00   1.5029e-02   2.8290e+02
20261004_06:00:00   4.4943e-01   1.0720e+02   4.3386e+01   1.4406e-03   4.0805e-03   2.8070e+02
20261004_09:00:00   4.5627e-01   1.0831e+02   4.4286e+01   2.6291e-03   4.4444e-04   2.8011e+02
20261004_12:00:00   4.3242e-01   1.0377e+02   4.3053e+01   3.1251e-04   9.6503e-05   2.8031e+02
20261004_15:00:00   4.4328e-01   1.0573e+02   4.4675e+01   0.0000e+00   7.4633e-05   2.8326e+02
20261004_18:00:00   5.0311e-01   1.1661e+02   4.9406e+01   3.6008e-03   6.9537e-04   2.8252e+02
20261004_21:00:00   4.9782e-01   1.1569e+02   4.9365e+01   2.1365e-04   7.5765e-03   2.8208e+02
20261005_00:00:00   4.9966e-01   1.1595e+02   5.0050e+01   4.6030e-05   4.4276e-03   2.8357e+02
20261005_03:00:00   4.8691e-01   1.1375e+02   4.8868e+01   3.1440e-05   1.6952e-03   2.8457e+02
20261005_06:00:00   4.7207e-01   1.1102e+02   4.7744e+01   6.0060e-04   1.3310e-05   2.8545e+02
20261005_09:00:00   4.3018e-01   1.0317e+02   4.4702e+01   0.0000e+00   5.4240e-06   2.8416e+02
20261005_12:00:00   5.1772e-01   1.1930e+02   5.0215e+01   1.1955e-02   0.0000e+00   2.8668e+02
20261005_15:00:00   4.3777e-01   1.0480e+02   4.5091e+01   0.0000e+00   3.5640e-07   2.8692e+02
20261005_18:00:00   5.2830e-01   1.2119e+02   5.2096e+01   9.2995e-04   6.6040e-06   2.8436e+02
20261005_21:00:00   5.3542e-01   1.2227e+02   5.3141e+01   0.0000e+00   4.8088e-04   2.8292e+02
20261006_00:00:00   5.3846e-01   1.2276e+02   5.3314e+01   2.9480e-04   1.0358e-02   2.8164e+02
20261006_03:00:00   4.5353e-01   1.0774e+02   4.6480e+01   1.3611e-04   1.8754e-02   2.8533e+02
20261006_06:00:00   3.9915e-01   9.7251e+01   4.2137e+01   0.0000e+00   1.0352e-01   2.8606e+02
20261006_09:00:00   3.7838e-01   9.3164e+01   3.9918e+01   1.1505e-04   6.3669e-02   2.8599e+02
20261006_12:00:00   4.4150e-01   1.0536e+02   4.5576e+01   4.6990e-06   4.4620e-04   2.8716e+02
20261006_15:00:00   4.4807e-01   1.0661e+02   4.6345e+01   8.9100e-08   4.3891e-03   2.8641e+02
20261006_18:00:00   5.1587e-01   1.1879e+02   5.1683e+01   3.0980e-07   1.1427e-04   2.8719e+02
20261006_21:00:00   4.1368e-01   1.0000e+02   4.3422e+01   0.0000e+00   1.0520e-02   2.8534e+02
20261007_00:00:00   4.6667e-01   1.1004e+02   4.6806e+01   3.8660e-04   9.9507e-03   2.8704e+02
20261007_03:00:00   4.9304e-01   1.1478e+02   4.9057e+01   5.5180e-04   8.3692e-02   2.8819e+02
20261007_06:00:00   4.4761e-01   1.0639e+02   4.5676e+01   0.0000e+00   1.9681e-02   2.8677e+02
20261007_09:00:00   5.0629e-01   1.1692e+02   5.0549e+01   0.0000e+00   9.5372e-04   2.8488e+02
20261007_12:00:00   4.9894e-01   1.1557e+02   5.0092e+01   4.9530e-06   6.6312e-04   2.8669e+02
20261007_15:00:00   4.9524e-01   1.1495e+02   5.0167e+01   0.0000e+00   1.3995e-03   2.8677e+02
20261007_18:00:00   5.0014e-01   1.1576e+02   5.0805e+01   0.0000e+00   6.5348e-03   2.8564e+02
20261007_21:00:00   5.0464e-01   1.1643e+02   5.1418e+01   0.0000e+00   3.0733e-02   2.8431e+02
20261008_00:00:00   5.1535e-01   1.1820e+02   5.2429e+01   0.0000e+00   1.2567e-01   2.8287e+02
20261008_03:00:00   5.2904e-01   1.2029e+02   5.4036e+01   0.0000e+00   2.3266e-02   2.8619e+02
20261008_06:00:00   4.8957e-01   1.1353e+02   5.0465e+01   0.0000e+00   6.9580e-06   2.8464e+02
20261008_09:00:00   4.5975e-01   1.0826e+02   4.7383e+01   0.0000e+00   1.5145e-03   2.8277e+02
20261008_12:00:00   4.4418e-01   1.0556e+02   4.5510e+01   0.0000e+00   5.2121e-02   2.8334e+02
20261008_15:00:00   4.6642e-01   1.0964e+02   4.7684e+01   5.7900e-04   1.1542e-01   2.8618e+02
20261008_18:00:00   5.1551e-01   1.1802e+02   5.3508e+01   9.0388e-04   4.0954e-02   2.8522e+02
20261008_21:00:00   7.7979e-01   1.5564e+02   5.6869e+01   2.6555e-01   1.6361e-01   2.8452e+02
20261009_00:00:00   6.5332e-01   1.3867e+02   5.6678e+01   1.2406e-01   1.8928e-02   2.8662e+02
20261009_03:00:00   6.3260e-01   1.3590e+02   5.8357e+01   7.6060e-02   2.8109e-01   2.8611e+02
20261009_06:00:00   6.6931e-01   1.4103e+02   5.8017e+01   1.1738e-01   3.9219e-01   2.8363e+02
20261009_09:00:00   1.0180e+00   1.8188e+02   5.8077e+01   5.0709e-01   2.7436e-01   2.8385e+02
20261009_12:00:00   8.3601e-01   1.6256e+02   5.9089e+01   2.8971e-01   1.0732e-02   2.8449e+02
20261009_15:00:00   6.5724e-01   1.3964e+02   5.8726e+01   9.6465e-02   5.6778e-02   2.8513e+02
20261009_18:00:00   6.2765e-01   1.3521e+02   5.8838e+01   6.1196e-02   5.1838e-03   2.8353e+02
20261009_21:00:00   5.8213e-01   1.2826e+02   5.6794e+01   3.8875e-02   7.3633e-03   2.8509e+02
20261010_00:00:00   5.6228e-01   1.2556e+02   5.7897e+01   0.0000e+00   9.9980e-02   2.8384e+02
20261010_03:00:00   5.9022e-01   1.2994e+02   6.0074e+01   0.0000e+00   4.3313e-02   2.8485e+02
20261010_06:00:00   5.8542e-01   1.2920e+02   5.9924e+01   0.0000e+00   1.4967e-02   2.8278e+02
20261010_09:00:00   5.9834e-01   1.3118e+02   6.1252e+01   2.2460e-04   1.3845e-02   2.8398e+02
20261010_12:00:00   1.1521e+00   1.9513e+02   6.3228e+01   6.0633e-01   2.7642e-01   2.8654e+02
20261010_15:00:00   7.1047e-01   1.4713e+02   6.2209e+01   1.1025e-01   6.6825e-01   2.8684e+02
20261010_18:00:00   5.9058e-01   1.3020e+02   6.0431e+01   0.0000e+00   5.6034e-01   2.8686e+02
20261010_21:00:00   5.9151e-01   1.3043e+02   6.0556e+01   0.0000e+00   2.4755e-01   2.8648e+02
20261011_00:00:00   5.9307e-01   1.3063e+02   6.0500e+01   3.7540e-03   5.8802e-03   2.8904e+02
20261011_03:00:00   5.8952e-01   1.3015e+02   6.0249e+01   1.5706e-03   2.1020e-03   2.8585e+02
20261011_06:00:00   5.9283e-01   1.3076e+02   6.0507e+01   2.5048e-04   3.0986e-04   2.8462e+02
20261011_09:00:00   6.0555e-01   1.3285e+02   6.1021e+01   3.7450e-05   2.5256e-05   2.8512e+02
20261011_12:00:00   5.9218e-01   1.3069e+02   6.0192e+01   3.0095e-04   6.6702e-03   2.8619e+02
20261011_15:00:00   5.7509e-01   1.2822e+02   5.8643e+01   3.4729e-04   2.2883e-02   2.8803e+02
20261011_18:00:00   5.7027e-01   1.2730e+02   5.8607e+01   0.0000e+00   2.1813e-02   2.8573e+02
20261011_21:00:00   5.7792e-01   1.2842e+02   5.9301e+01   0.0000e+00   2.3678e-02   2.8470e+02
20261012_00:00:00   5.7657e-01   1.2822e+02   5.9308e+01   0.0000e+00   2.8211e-03   2.8301e+02
20261012_03:00:00   5.7512e-01   1.2801e+02   5.9105e+01   0.0000e+00   3.4105e-03   2.8678e+02
20261012_06:00:00   5.6433e-01   1.2630e+02   5.8082e+01   3.9620e-05   1.7228e-03   2.8277e+02
