#            date       tau255        Tb[K]      pwv[mm] lwp[kg*m^-2] iwp[kg*m^-2]       o3[DU]
20261010_00:00:00   4.8801e-01   1.1400e+02   4.7998e+01   3.9790e-07   0.0000e+00   2.8597e+02
20261010_01:00:00   4.9717e-01   1.1559e+02   4.9042e+01   3.7170e-06   0.0000e+00   2.8632e+02
20261010_02:00:00   5.0506e-01   1.1689e+02   4.9958e+01   9.9060e-06   1.1004e-04   2.8704e+02
20261010_03:00:00   5.1149e-01   1.1789e+02   5.0699e+01   0.0000e+00   0.0000e+00   2.8674e+02
20261010_04:00:00   5.1371e-01   1.1820e+02   5.0940e+01   0.0000e+00   0.0000e+00   2.8552e+02
20261010_05:00:00   5.1473e-01   1.1831e+02   5.1065e+01   0.0000e+00   0.0000e+00   2.8535e+02
20261010_06:00:00   5.1640e-01   1.1853e+02   5.1218e+01   0.0000e+00   0.0000e+00   2.8507e+02
20261010_07:00:00   5.2020e-01   1.1916e+02   5.1432e+01   2.6920e-05   0.0000e+00   2.8370e+02
20261010_08:00:00   5.2539e-01   1.1996e+02   5.2029e+01   9.1880e-05   1.9964e-05   2.8324e+02
20261010_09:00:00   5.3347e-01   1.2123e+02   5.2777e+01   7.6200e-04   6.5506e-04   2.8529e+02
20261010_10:00:00   5.3409e-01   1.2129e+02   5.2908e+01   4.5020e-04   1.2558e-04   2.8608e+02
20261010_11:00:00   5.2729e-01   1.2021e+02   5.2139e+01   3.7380e-05   3.3900e-05   2.8684e+02
20261010_12:00:00   5.1481e-01   1.1820e+02   5.0834e+01   4.4560e-08   1.2956e-04   2.8703e+02
20261010_13:00:00   5.1544e-01   1.1829e+02   5.0771e+01   9.9630e-04   1.1400e-04   2.8702e+02
20261010_14:00:00   5.1521e-01   1.1826e+02   5.0739e+01   4.5644e-04   1.3562e-05   2.8642e+02
20261010_15:00:00   5.0827e-01   1.1709e+02   5.0036e+01   3.0288e-04   0.0000e+00   2.8580e+02
20261010_16:00:00   4.9901e-01   1.1552e+02   4.9249e+01   3.4190e-04   3.7300e-04   2.8618e+02
20261010_17:00:00   4.8973e-01   1.1392e+02   4.8418e+01   0.0000e+00   7.8415e-06   2.8810e+02
20261010_18:00:00   4.8424e-01   1.1301e+02   4.7593e+01   6.7380e-05   3.2181e-04   2.8913e+02
20261010_19:00:00   4.7698e-01   1.1178e+02   4.6704e+01   1.7473e-05   6.0520e-03   2.8956e+02
20261010_20:00:00   4.8278e-01   1.1276e+02   4.7249e+01   0.0000e+00   1.8946e-03   2.8933e+02
20261010_21:00:00   4.8754e-01   1.1355e+02   4.7856e+01   0.0000e+00   5.0444e-04   2.8919e+02
20261010_22:00:00   4.9495e-01   1.1474e+02   4.8695e+01   0.0000e+00   2.1400e-04   2.8770e+02
20261010_23:00:00   5.0268e-01   1.1602e+02   4.9301e+01   1.7802e-05   3.4420e-04   2.8727e+02
20261011_00:00:00   5.0786e-01   1.1686e+02   4.9733e+01   1.0144e-04   1.5378e-04   2.8767e+02
20261011_01:00:00   5.0642e-01   1.1661e+02   4.9633e+01   8.0200e-07   1.7684e-07   2.8652e+02
20261011_02:00:00   5.0900e-01   1.1702e+02   5.0001e+01   2.4765e-05   2.3840e-04   2.8674e+02
20261011_03:00:00   5.0792e-01   1.1684e+02   4.9907e+01   7.1150e-04   1.4432e-04   2.8679e+02
20261011_04:00:00   4.9478e-01   1.1458e+02   4.8915e+01   0.0000e+00   3.7720e-06   2.8651e+02
20261011_05:00:00   4.9769e-01   1.1504e+02   4.9340e+01   0.0000e+00   2.6420e-05   2.8757e+02
20261011_06:00:00   5.0799e-01   1.1669e+02   5.0475e+01   4.7480e-04   5.5420e-04   2.8806e+02
20261011_07:00:00   4.9472e-01   1.1439e+02   4.9294e+01   5.7240e-04   2.4440e-04   2.8995e+02
20261011_08:00:00   4.9165e-01   1.1384e+02   4.8964e+01   4.5010e-04   0.0000e+00   2.8997e+02
20261011_09:00:00   4.8488e-01   1.1269e+02   4.8335e+01   7.9680e-07   0.0000e+00   2.9149e+02
20261011_10:00:00   4.7067e-01   1.1037e+02   4.6616e+01   0.0000e+00   0.0000e+00   2.9208e+02
20261011_11:00:00   4.6424e-01   1.0938e+02   4.5493e+01   0.0000e+00   0.0000e+00   2.9168e+02
20261011_12:00:00   4.3436e-01   1.0396e+02   4.2600e+01   0.0000e+00   0.0000e+00   2.9310e+02
20261011_13:00:00   4.2089e-01   1.0142e+02   4.1304e+01   3.1200e-06   2.4380e-23   2.9265e+02
20261011_14:00:00   4.4177e-01   1.0539e+02   4.2969e+01   2.5755e-05   2.3060e-05   2.9143e+02
20261011_15:00:00   4.4906e-01   1.0672e+02   4.3888e+01   0.0000e+00   4.5796e-04   2.8930e+02
20261011_16:00:00   4.6455e-01   1.0951e+02   4.5637e+01   0.0000e+00   2.0428e-03   2.8697e+02
20261011_17:00:00   4.6687e-01   1.0989e+02   4.6283e+01   1.8707e-06   1.4208e-03   2.8473e+02
20261011_18:00:00   4.4542e-01   1.0604e+02   4.4469e+01   0.0000e+00   3.4156e-03   2.8427e+02
20261011_19:00:00   4.4733e-01   1.0642e+02   4.4486e+01   0.0000e+00   7.0027e-02   2.8568e+02
20261011_20:00:00   4.4293e-01   1.0558e+02   4.4400e+01   6.6830e-08   1.1574e-01   2.8602e+02
20261011_21:00:00   4.4362e-01   1.0566e+02   4.4657e+01   0.0000e+00   8.1436e-02   2.8791e+02
20261011_22:00:00   4.3295e-01   1.0367e+02   4.3843e+01   0.0000e+00   7.8130e-02   2.8940e+02
20261011_23:00:00   4.3218e-01   1.0357e+02   4.3502e+01   2.0744e-05   3.6047e-02   2.8889e+02
20261012_00:00:00   4.5753e-01   1.0835e+02   4.4082e+01   1.7115e-02   5.0042e-04   2.8707e+02
20261012_01:00:00   4.6612e-01   1.0996e+02   4.4009e+01   3.0642e-02   1.3208e-05   2.8817e+02
20261012_02:00:00   4.5688e-01   1.0819e+02   4.4971e+01   5.5412e-03   1.9812e-05   2.8758e+02
20261012_03:00:00   4.8731e-01   1.1357e+02   4.7655e+01   8.4960e-03   0.0000e+00   2.8855e+02
20261012_04:00:00   4.8350e-01   1.1278e+02   4.8543e+01   1.5779e-04   0.0000e+00   2.8959e+02
20261012_05:00:00   5.0090e-01   1.1589e+02   4.9196e+01   1.1348e-02   2.2700e-05   2.8850e+02
20261012_06:00:00   5.1986e-01   1.1911e+02   5.0540e+01   1.3756e-02   1.7127e-05   2.8699e+02
20261012_07:00:00   5.2225e-01   1.1944e+02   5.1132e+01   1.3834e-02   5.5266e-04   2.8514e+02
20261012_08:00:00   5.0586e-01   1.1657e+02   5.1056e+01   8.0131e-04   1.7920e-03   2.8586e+02
20261012_09:00:00   5.1908e-01   1.1879e+02   5.2217e+01   1.9215e-04   3.8739e-03   2.8563e+02
20261012_10:00:00   5.2643e-01   1.1987e+02   5.3345e+01   0.0000e+00   8.9205e-02   2.8847e+02
20261012_11:00:00   5.2396e-01   1.1960e+02   5.2470e+01   3.1464e-05   2.5258e-02   2.9018e+02
20261012_12:00:00   5.1499e-01   1.1829e+02   5.1115e+01   0.0000e+00   7.7670e-04   2.9004e+02
20261012_13:00:00   5.0810e-01   1.1730e+02   4.9927e+01   0.0000e+00   6.6383e-04   2.9126e+02
20261012_14:00:00   5.1486e-01   1.1832e+02   5.0983e+01   0.0000e+00   3.5285e-03   2.9231e+02
20261012_15:00:00   5.1726e-01   1.1876e+02   5.1202e+01   8.6510e-04   3.1512e-03   2.9308e+02
20261012_16:00:00   5.1278e-01   1.1802e+02   5.0983e+01   7.3417e-04   1.4767e-03   2.9205e+02
20261012_17:00:00   4.9984e-01   1.1580e+02   5.0094e+01   0.0000e+00   3.1145e-03   2.9091e+02
20261012_18:00:00   5.0265e-01   1.1627e+02   5.0369e+01   1.9965e-05   5.4842e-04   2.8884e+02
20261012_19:00:00   5.0523e-01   1.1669e+02   5.0829e+01   5.4900e-05   4.0440e-04   2.8966e+02
20261012_20:00:00   5.1123e-01   1.1768e+02   5.1702e+01   0.0000e+00   1.1270e-03   2.9144e+02
20261012_21:00:00   5.1730e-01   1.1868e+02   5.2484e+01   0.0000e+00   4.3704e-03   2.9134e+02
20261012_22:00:00   5.2029e-01   1.1920e+02   5.2761e+01   0.0000e+00   1.7642e-02   2.8962e+02
20261012_23:00:00   5.3518e-01   1.2165e+02   5.4181e+01   0.0000e+00   6.7617e-02   2.8740e+02
20261013_00:00:00   5.3811e-01   1.2206e+02   5.4798e+01   1.5401e-03   2.1710e-01   2.8668e+02
20261013_01:00:00   5.3747e-01   1.2196e+02   5.5087e+01   3.0094e-06   2.1635e-01   2.8574e+02
20261013_02:00:00   5.4755e-01   1.2353e+02   5.5247e+01   1.0024e-02   3.0470e-01   2.8587e+02
20261013_03:00:00   5.3618e-01   1.2169e+02   5.4972e+01   8.8521e-04   3.7785e-01   2.8616e+02
20261013_04:00:00   5.2601e-01   1.2006e+02   5.4108e+01   9.1740e-05   1.5047e-01   2.8692e+02
20261013_05:00:00   5.3937e-01   1.2224e+02   5.5015e+01   3.9419e-04   3.3334e-01   2.8535e+02
20261013_06:00:00   5.3184e-01   1.2105e+02   5.4232e+01   0.0000e+00   2.7957e-01   2.8291e+02
20261013_07:00:00   5.3351e-01   1.2130e+02   5.4196e+01   0.0000e+00   3.8291e-01   2.8057e+02
20261013_08:00:00   5.2163e-01   1.1934e+02   5.3283e+01   0.0000e+00   1.3894e-01   2.7919e+02
20261013_09:00:00   5.2155e-01   1.1934e+02   5.3343e+01   0.0000e+00   2.7504e-02   2.7998e+02
20261013_10:00:00   4.9818e-01   1.1533e+02   5.1541e+01   0.0000e+00   3.9039e-02   2.8080e+02
20261013_11:00:00   4.9390e-01   1.1461e+02   5.0793e+01   0.0000e+00   1.0304e-02   2.8186e+02
20261013_12:00:00   4.9683e-01   1.1517e+02   5.0898e+01   1.0269e-05   3.9694e-02   2.8293e+02
20261013_13:00:00   4.9695e-01   1.1528e+02   5.0826e+01   0.0000e+00   4.3602e-02   2.8502e+02
20261013_14:00:00   4.9825e-01   1.1552e+02   5.0996e+01   2.8900e-04   1.9516e-02   2.8560e+02
20261013_15:00:00   5.3053e-01   1.2094e+02   5.2729e+01   1.2680e-02   2.9111e-02   2.8559e+02
20261013_16:00:00   5.2635e-01   1.2015e+02   5.3640e+01   2.2210e-03   1.8532e-01   2.8478e+02
20261013_17:00:00   5.0229e-01   1.1599e+02   5.1876e+01   2.0342e-05   1.1209e-01   2.8362e+02
20261013_18:00:00   5.1541e-01   1.1818e+02   5.2955e+01   1.3208e-05   4.0775e-01   2.8174e+02
20261013_19:00:00   5.1681e-01   1.1843e+02   5.3105e+01   0.0000e+00   2.9087e-01   2.7948e+02
20261013_20:00:00   5.3016e-01   1.2059e+02   5.4349e+01   1.0648e-04   4.9945e-01   2.7823e+02
20261013_21:00:00   5.3393e-01   1.2121e+02   5.4835e+01   2.4820e-06   3.7978e-01   2.7806e+02
20261013_22:00:00   5.3497e-01   1.2130e+02   5.5224e+01   5.1358e-04   4.5897e-01   2.7716e+02
20261013_23:00:00   5.4088e-01   1.2215e+02   5.4405e+01   1.9448e-02   4.0560e-01   2.7750e+02
20261014_00:00:00   4.9777e-01   1.1500e+02   5.2092e+01   6.4880e-04   6.4254e-01   2.7891e+02
20261014_01:00:00   4.8763e-01   1.1340e+02   5.0835e+01   0.0000e+00   4.6939e-01   2.8168e+02
20261014_02:00:00   4.8750e-01   1.1343e+02   5.0805e+01   0.0000e+00   3.8203e-01   2.8386e+02
20261014_03:00:00   4.8478e-01   1.1290e+02   5.0713e+01   1.5972e-03   5.3048e-01   2.8326e+02
20261014_04:00:00   4.9537e-01   1.1502e+02   5.0801e+01   2.8480e-04   8.0633e-02   2.8420e+02
20261014_05:00:00   4.9125e-01   1.1415e+02   5.0958e+01   0.0000e+00   1.3078e-01   2.8298e+02
20261014_06:00:00   5.1608e-01   1.1817e+02   5.1151e+01   2.8360e-02   9.0788e-02   2.8394e+02
20261014_07:00:00   5.1779e-01   1.1869e+02   5.3017e+01   5.0063e-04   1.0279e-01   2.8304e+02
20261014_08:00:00   5.0771e-01   1.1695e+02   5.2398e+01   9.2940e-07   3.7286e-03   2.8298e+02
20261014_09:00:00   4.9109e-01   1.1405e+02   5.1104e+01   0.0000e+00   9.0876e-03   2.8295e+02
20261014_10:00:00   5.0365e-01   1.1630e+02   5.1728e+01   1.0583e-03   5.3529e-03   2.8249e+02
20261014_11:00:00   5.0621e-01   1.1685e+02   5.1347e+01   4.6320e-03   3.3043e-03   2.8264e+02
20261014_12:00:00   4.9969e-01   1.1582e+02   5.0981e+01   3.6610e-04   4.2647e-04   2.8269e+02
20261014_13:00:00   4.9994e-01   1.1597e+02   5.0908e+01   7.7110e-04   9.1493e-04   2.8418e+02
20261014_14:00:00   5.0887e-01   1.1760e+02   5.1503e+01   3.4940e-05   6.5662e-04   2.8468e+02
20261014_15:00:00   5.0298e-01   1.1660e+02   5.0865e+01   5.2410e-05   8.5220e-04   2.8507e+02
20261014_16:00:00   4.9711e-01   1.1552e+02   5.0434e+01   1.2477e-05   1.1734e-03   2.8371e+02
20261014_17:00:00   5.0188e-01   1.1636e+02   5.0604e+01   2.1420e-03   1.6207e-03   2.8018e+02
20261014_18:00:00   5.0382e-01   1.1671e+02   5.0884e+01   6.1880e-04   1.4660e-03   2.7855e+02
20261014_19:00:00   5.1083e-01   1.1784e+02   5.1673e+01   0.0000e+00   3.5162e-03   2.7870e+02
20261014_20:00:00   5.1612e-01   1.1870e+02   5.2231e+01   0.0000e+00   3.4432e-03   2.7825e+02
20261014_21:00:00   5.1391e-01   1.1832e+02   5.2082e+01   0.0000e+00   3.5567e-03   2.7835e+02
20261014_22:00:00   5.1291e-01   1.1814e+02   5.2066e+01   0.0000e+00   3.7891e-03   2.7855e+02
20261014_23:00:00   5.1921e-01   1.1918e+02   5.2558e+01   0.0000e+00   4.0649e-03   2.7972e+02
20261015_00:00:00   5.1513e-01   1.1849e+02   5.2292e+01   0.0000e+00   4.4822e-03   2.8039e+02
20261015_03:00:00   5.1475e-01   1.1842e+02   5.2222e+01   0.0000e+00   8.5925e-03   2.8128e+02
20261015_06:00:00   4.5995e-01   1.0859e+02   4.8194e+01   1.2584e-05   1.1301e-01   2.7780e+02
20261015_09:00:00   4.7764e-01   1.1192e+02   4.9122e+01   1.4858e-04   2.7848e-03   2.7916e+02
20261015_12:00:00   5.8713e-01   1.3074e+02   5.0936e+01   1.1151e-01   7.7002e-05   2.7941e+02
20261015_15:00:00   4.6193e-01   1.0901e+02   4.8106e+01   3.6600e-04   6.1807e-04   2.8189e+02
20261015_18:00:00   4.8747e-01   1.1360e+02   5.0507e+01   0.0000e+00   1.1748e-03   2.7660e+02
20261015_21:00:00   5.0928e-01   1.1737e+02   5.2442e+01   0.0000e+00   1.7262e-03   2.7696e+02
20261016_00:00:00   4.8601e-01   1.1315e+02   5.0769e+01   0.0000e+00   1.0355e-03   2.7755e+02
20261016_03:00:00   4.8422e-01   1.1281e+02   5.0442e+01   0.0000e+00   2.1666e-05   2.7822e+02
20261016_06:00:00   5.1626e-01   1.1852e+02   5.1969e+01   3.2440e-05   8.6634e-04   2.7399e+02
20261016_09:00:00   5.0295e-01   1.1628e+02   5.0515e+01   8.1320e-06   3.2913e-03   2.7614e+02
20261016_12:00:00   4.9571e-01   1.1517e+02   4.9611e+01   1.0481e-04   3.1264e-04   2.7804e+02
20261016_15:00:00   4.6319e-01   1.0969e+02   4.5327e+01   2.5280e-04   0.0000e+00   2.8147e+02
20261016_18:00:00   4.3997e-01   1.0546e+02   4.2911e+01   0.0000e+00   0.0000e+00   2.8051e+02
20261016_21:00:00   4.5422e-01   1.0813e+02   4.3990e+01   7.6610e-04   0.0000e+00   2.8284e+02
20261017_00:00:00   4.5584e-01   1.0838e+02   4.4321e+01   0.0000e+00   0.0000e+00   2.8555e+02
20261017_03:00:00   4.4997e-01   1.0723e+02   4.3706e+01   6.7380e-05   3.9200e-06   2.8414e+02
20261017_06:00:00   4.5885e-01   1.0880e+02   4.4537e+01   0.0000e+00   6.9220e-06   2.8085e+02
20261017_09:00:00   4.8760e-01   1.1376e+02   4.7754e+01   0.0000e+00   2.5101e-04   2.7984e+02
20261017_12:00:00   4.8141e-01   1.1275e+02   4.6990e+01   0.0000e+00   2.7420e-04   2.8264e+02
20261017_15:00:00   4.9639e-01   1.1533e+02   4.8542e+01   5.2410e-04   7.4600e-04   2.8550e+02
20261017_18:00:00   4.4526e-01   1.0609e+02   4.4816e+01   0.0000e+00   1.0610e-06   2.8337e+02
20261017_21:00:00   4.1170e-01   9.9685e+01   4.2143e+01   0.0000e+00   0.0000e+00   2.8514e+02
20261018_00:00:00   4.6481e-01   1.0973e+02   4.5548e+01   0.0000e+00   2.3000e-06   2.8493e+02
20261018_03:00:00   4.6183e-01   1.0906e+02   4.5824e+01   0.0000e+00   6.0760e-05   2.8558e+02
20261018_06:00:00   4.7198e-01   1.1077e+02   4.6935e+01   0.0000e+00   1.6816e-04   2.8634e+02
20261018_09:00:00   4.6967e-01   1.1025e+02   4.6807e+01   0.0000e+00   3.5300e-04   2.8681e+02
20261018_12:00:00   4.6817e-01   1.1006e+02   4.6419e+01   0.0000e+00   4.6380e-05   2.8889e+02
20261018_15:00:00   4.7878e-01   1.1201e+02   4.7517e+01   1.2187e-03   0.0000e+00   2.8730e+02
20261018_18:00:00   4.6741e-01   1.1003e+02   4.6741e+01   0.0000e+00   0.0000e+00   2.8462e+02
20261018_21:00:00   4.5983e-01   1.0863e+02   4.5990e+01   0.0000e+00   0.0000e+00   2.8250e+02
20261019_00:00:00   4.6990e-01   1.1040e+02   4.6733e+01   0.0000e+00   8.6300e-05   2.8225e+02
20261019_03:00:00   4.7422e-01   1.1115e+02   4.7142e+01   0.0000e+00   8.0280e-05   2.7946e+02
20261019_06:00:00   4.6350e-01   1.0918e+02   4.6272e+01   0.0000e+00   1.5912e-04   2.8009e+02
20261019_09:00:00   4.6372e-01   1.0919e+02   4.6201e+01   0.0000e+00   0.0000e+00   2.7790e+02
20261019_12:00:00   4.5744e-01   1.0812e+02   4.5706e+01   0.0000e+00   1.8354e-05   2.7755e+02
20261019_15:00:00   4.8900e-01   1.1394e+02   4.8288e+01   1.0514e-03   2.2520e-04   2.7862e+02
20261019_18:00:00   4.6481e-01   1.0964e+02   4.6528e+01   0.0000e+00   0.0000e+00   2.7645e+02
20261019_21:00:00   4.4923e-01   1.0677e+02   4.4979e+01   0.0000e+00   0.0000e+00   2.7523e+02
20261020_00:00:00   4.8195e-01   1.1273e+02   4.7588e+01   0.0000e+00   2.1278e-05   2.7824e+02
20261020_03:00:00   4.7866e-01   1.1210e+02   4.7456e+01   8.8420e-08   5.2840e-06   2.7839e+02
20261020_06:00:00   4.2678e-01   1.0253e+02   4.2747e+01   0.0000e+00   9.9100e-06   2.7843e+02
20261020_09:00:00   4.1455e-01   1.0022e+02   4.1213e+01   0.0000e+00   0.0000e+00   2.7624e+02
20261020_12:00:00   4.0950e-01   9.9343e+01   4.0969e+01   0.0000e+00   0.0000e+00   2.8018e+02
20261020_15:00:00   4.1288e-01   1.0011e+02   4.1654e+01   0.0000e+00   0.0000e+00   2.7577e+02
20261020_18:00:00   4.2189e-01   1.0185e+02   4.2363e+01   0.0000e+00   2.6640e-05   2.7287e+02
20261020_21:00:00   4.4615e-01   1.0642e+02   4.4489e+01   0.0000e+00   1.0020e-05   2.7227e+02
20261021_00:00:00   4.6542e-01   1.0994e+02   4.6419e+01   0.0000e+00   1.7820e-07   2.7557e+02
20261021_03:00:00   4.9429e-01   1.1503e+02   4.8960e+01   0.0000e+00   3.4990e-04   2.7525e+02
20261021_06:00:00   5.0537e-01   1.1674e+02   5.0420e+01   0.0000e+00   1.5458e-04   2.7203e+02
20261021_09:00:00   5.1228e-01   1.1787e+02   5.1307e+01   0.0000e+00   4.8701e-04   2.7180e+02
20261021_12:00:00   5.1668e-01   1.1868e+02   5.2057e+01   0.0000e+00   2.5761e-03   2.7124e+02
20261021_15:00:00   5.3925e-01   1.2263e+02   5.4200e+01   0.0000e+00   2.3768e-04   2.7645e+02
20261021_18:00:00   5.3320e-01   1.2157e+02   5.4130e+01   0.0000e+00   5.0897e-04   2.7484e+02
20261021_21:00:00   5.3140e-01   1.2123e+02   5.3757e+01   0.0000e+00   1.7928e-03   2.7314e+02
20261022_00:00:00   5.3285e-01   1.2144e+02   5.3953e+01   0.0000e+00   1.6701e-03   2.7382e+02
20261022_03:00:00   5.2421e-01   1.1984e+02   5.3523e+01   1.2392e-06   2.7884e-02   2.7250e+02
20261022_06:00:00   5.3783e-01   1.2186e+02   5.5550e+01   0.0000e+00   1.2225e-02   2.7349e+02
20261022_09:00:00   5.3486e-01   1.2138e+02   5.4964e+01   0.0000e+00   6.4912e-04   2.7310e+02
20261022_12:00:00   5.3767e-01   1.2187e+02   5.5016e+01   0.0000e+00   1.4707e-02   2.7482e+02
20261022_15:00:00   5.3437e-01   1.2122e+02   5.5486e+01   1.6635e-03   7.4763e-02   2.7659e+02
20261022_18:00:00   5.4001e-01   1.2238e+02   5.5667e+01   2.7327e-05   1.8675e-04   2.7586e+02
20261022_21:00:00   5.4944e-01   1.2385e+02   5.6472e+01   1.2548e-03   1.1967e-02   2.7646e+02
20261023_00:00:00   5.4044e-01   1.2227e+02   5.5417e+01   7.9167e-03   2.3701e-03   2.7701e+02
20261023_03:00:00   5.4323e-01   1.2267e+02   5.4153e+01   1.9651e-02   2.1978e-03   2.7780e+02
20261023_06:00:00   5.2400e-01   1.1959e+02   5.3260e+01   0.0000e+00   5.7665e-04   2.7356e+02
20261023_09:00:00   5.0175e-01   1.1580e+02   5.1337e+01   0.0000e+00   0.0000e+00   2.7414e+02
20261023_12:00:00   5.0624e-01   1.1660e+02   5.1862e+01   0.0000e+00   1.4148e-07   2.7439e+02
20261023_15:00:00   5.1786e-01   1.1861e+02   5.3270e+01   0.0000e+00   4.3697e-04   2.7774e+02
20261023_18:00:00   5.3936e-01   1.2235e+02   5.4679e+01   0.0000e+00   3.0040e-05   2.7823e+02
20261023_21:00:00   5.4395e-01   1.2299e+02   5.5312e+01   0.0000e+00   1.3846e-03   2.7889e+02
20261024_00:00:00   5.2503e-01   1.1969e+02   5.4075e+01   0.0000e+00   1.2473e-03   2.7756e+02
20261024_03:00:00   5.3281e-01   1.2080e+02   5.5056e+01   0.0000e+00   1.4277e-03   2.7837e+02
20261024_06:00:00   5.3404e-01   1.2098e+02   5.4938e+01   9.2920e-06   2.8825e-03   2.7834e+02
20261024_09:00:00   5.1108e-01   1.1708e+02   5.3309e+01   0.0000e+00   5.9642e-04   2.7677e+02
20261024_12:00:00   5.0900e-01   1.1690e+02   5.2955e+01   0.0000e+00   1.4416e-03   2.7789e+02
20261024_15:00:00   5.2538e-01   1.1993e+02   5.4097e+01   0.0000e+00   5.1352e-03   2.7971e+02
20261024_18:00:00   5.4380e-01   1.2309e+02   5.5322e+01   0.0000e+00   4.6674e-03   2.7601e+02
20261024_21:00:00   5.0845e-01   1.1714e+02   5.2166e+01   0.0000e+00   4.2934e-03   2.7505e+02
20261025_00:00:00   5.1976e-01   1.1918e+02   5.2540e+01   0.0000e+00   3.6536e-03   2.7467e+02
20261025_03:00:00   5.2664e-01   1.2037e+02   5.3047e+01   0.0000e+00   1.5493e-02   2.7470e+02
20261025_06:00:00   5.2231e-01   1.1951e+02   5.2900e+01   0.0000e+00   1.6005e-02   2.7260e+02
20261025_09:00:00   5.0394e-01   1.1618e+02   5.1908e+01   0.0000e+00   6.6382e-03   2.7551e+02
20261025_12:00:00   5.0200e-01   1.1608e+02   5.1073e+01   0.0000e+00   9.7228e-04   2.7440e+02
20261025_15:00:00   4.9073e-01   1.1440e+02   4.9649e+01   2.2100e-06   1.0421e-03   2.7226e+02
20261025_18:00:00   5.0600e-01   1.1709e+02   5.0868e+01   1.5805e-04   1.7662e-03   2.6944e+02
20261025_21:00:00   4.9425e-01   1.1505e+02   4.9703e+01   4.6220e-05   4.7366e-03   2.6800e+02
20261026_00:00:00   4.9986e-01   1.1595e+02   5.0277e+01   0.0000e+00   8.6782e-03   2.7010e+02
