#            date       tau255        Tb[K]      pwv[mm] lwp[kg*m^-2] iwp[kg*m^-2]       o3[DU]
20260903_06:00:00   4.2385e-01   1.0207e+02   4.2987e+01   0.0000e+00   0.0000e+00   2.9160e+02
20260903_07:00:00   4.2200e-01   1.0171e+02   4.2578e+01   3.0940e-06   0.0000e+00   2.8961e+02
20260903_08:00:00   4.2647e-01   1.0256e+02   4.2679e+01   1.8126e-05   0.0000e+00   2.9046e+02
20260903_09:00:00   4.0934e-01   9.9276e+01   4.1178e+01   4.4925e-06   0.0000e+00   2.9147e+02
20260903_10:00:00   3.9176e-01   9.5858e+01   3.9647e+01   1.9156e-06   0.0000e+00   2.9097e+02
20260903_11:00:00   3.8204e-01   9.3988e+01   3.8628e+01   0.0000e+00   0.0000e+00   2.9161e+02
20260903_12:00:00   3.6836e-01   9.1349e+01   3.7218e+01   0.0000e+00   0.0000e+00   2.9389e+02
20260903_13:00:00   3.6251e-01   9.0220e+01   3.6529e+01   0.0000e+00   0.0000e+00   2.9492e+02
20260903_14:00:00   3.5305e-01   8.8334e+01   3.5524e+01   0.0000e+00   0.0000e+00   2.9665e+02
20260903_15:00:00   3.4384e-01   8.6500e+01   3.4508e+01   0.0000e+00   0.0000e+00   2.9771e+02
20260903_16:00:00   3.4472e-01   8.6732e+01   3.4326e+01   0.0000e+00   0.0000e+00   2.9822e+02
20260903_17:00:00   3.4450e-01   8.6734e+01   3.4081e+01   0.0000e+00   6.6040e-05   2.9788e+02
20260903_18:00:00   3.5123e-01   8.8160e+01   3.4439e+01   0.0000e+00   1.4180e-03   2.9653e+02
20260903_19:00:00   3.6289e-01   9.0567e+01   3.5213e+01   0.0000e+00   1.1310e-03   2.9542e+02
20260903_20:00:00   3.7309e-01   9.2623e+01   3.5997e+01   1.3263e-07   1.0202e-03   2.9492e+02
20260903_21:00:00   3.7503e-01   9.3021e+01   3.6181e+01   1.0225e-04   7.1060e-03   2.9526e+02
20260903_22:00:00   3.8374e-01   9.4745e+01   3.6117e+01   1.4413e-02   1.1210e-02   2.9514e+02
20260903_23:00:00   3.6142e-01   9.0229e+01   3.5332e+01   2.5708e-04   2.5400e-02   2.9488e+02
20260904_00:00:00   3.5995e-01   8.9888e+01   3.5429e+01   7.0290e-06   3.7323e-02   2.9315e+02
20260904_01:00:00   3.6926e-01   9.1740e+01   3.6487e+01   2.3895e-06   1.4844e-02   2.9309e+02
20260904_02:00:00   3.7944e-01   9.3787e+01   3.7508e+01   6.3560e-06   4.3695e-03   2.9316e+02
20260904_03:00:00   3.9563e-01   9.6945e+01   3.9204e+01   2.0549e-05   8.4206e-05   2.9188e+02
20260904_04:00:00   4.1502e-01   1.0067e+02   4.0917e+01   4.8600e-04   8.8020e-05   2.9216e+02
20260904_05:00:00   4.2419e-01   1.0242e+02   4.1212e+01   5.2980e-03   1.1668e-03   2.9272e+02
20260904_06:00:00   4.1007e-01   9.9717e+01   4.0127e+01   2.0822e-04   2.3842e-03   2.9365e+02
20260904_07:00:00   4.0624e-01   9.8989e+01   3.9712e+01   0.0000e+00   3.7097e-03   2.9494e+02
20260904_08:00:00   4.4265e-01   1.0585e+02   4.3301e+01   3.9620e-05   3.0222e-03   2.9474e+02
20260904_09:00:00   4.8078e-01   1.1280e+02   4.7040e+01   0.0000e+00   1.3533e-03   2.9505e+02
20260904_10:00:00   5.0396e-01   1.1691e+02   4.9288e+01   1.8266e-06   5.5338e-04   2.9522e+02
20260904_11:00:00   5.1657e-01   1.1913e+02   5.0399e+01   0.0000e+00   6.0975e-04   2.9656e+02
20260904_12:00:00   5.1964e-01   1.1976e+02   5.0680e+01   4.7727e-04   8.6556e-05   2.9587e+02
20260904_13:00:00   5.2783e-01   1.2116e+02   5.1673e+01   3.2441e-05   9.5962e-04   2.9639e+02
20260904_14:00:00   5.2959e-01   1.2151e+02   5.1909e+01   1.1754e-03   1.4558e-03   2.9804e+02
20260904_15:00:00   5.1526e-01   1.1912e+02   5.0417e+01   2.7854e-03   1.4022e-03   2.9633e+02
20260904_16:00:00   4.9129e-01   1.1496e+02   4.8260e+01   2.6960e-03   1.6352e-03   2.9495e+02
20260904_17:00:00   4.8092e-01   1.1317e+02   4.7141e+01   9.5664e-04   8.2405e-04   2.9459e+02
20260904_18:00:00   4.7387e-01   1.1195e+02   4.6309e+01   7.2370e-05   3.0279e-04   2.9279e+02
20260904_19:00:00   4.7519e-01   1.1219e+02   4.6264e+01   4.7410e-05   1.1761e-03   2.9215e+02
20260904_20:00:00   4.7779e-01   1.1267e+02   4.6461e+01   0.0000e+00   2.6079e-03   2.9296e+02
20260904_21:00:00   4.8473e-01   1.1392e+02   4.7175e+01   0.0000e+00   2.4600e-03   2.9289e+02
20260904_22:00:00   4.9503e-01   1.1575e+02   4.7947e+01   4.4560e-07   5.1433e-04   2.9157e+02
20260904_23:00:00   4.9315e-01   1.1542e+02   4.7711e+01   1.8496e-05   3.8202e-05   2.9147e+02
20260905_00:00:00   4.8599e-01   1.1412e+02   4.7233e+01   6.6540e-06   7.3030e-04   2.9233e+02
20260905_01:00:00   4.7883e-01   1.1284e+02   4.6690e+01   2.6740e-07   1.4284e-03   2.9298e+02
20260905_02:00:00   4.7899e-01   1.1284e+02   4.6721e+01   1.6636e-05   1.1755e-03   2.9272e+02
20260905_03:00:00   4.7706e-01   1.1245e+02   4.6753e+01   1.5036e-04   2.3344e-03   2.9216e+02
20260905_04:00:00   4.8172e-01   1.1326e+02   4.7007e+01   9.8280e-05   4.4191e-03   2.9342e+02
20260905_05:00:00   4.8166e-01   1.1324e+02   4.6900e+01   7.2240e-04   4.4380e-03   2.9446e+02
20260905_06:00:00   4.8450e-01   1.1372e+02   4.7350e+01   7.5600e-06   5.1403e-03   2.9406e+02
20260905_07:00:00   4.9133e-01   1.1488e+02   4.8121e+01   0.0000e+00   9.7112e-03   2.9207e+02
20260905_08:00:00   5.0438e-01   1.1717e+02   4.9358e+01   0.0000e+00   2.7990e-02   2.9093e+02
20260905_09:00:00   5.1147e-01   1.1831e+02   5.0273e+01   3.3280e-06   7.0697e-02   2.9099e+02
20260905_10:00:00   5.0410e-01   1.1705e+02   4.9578e+01   0.0000e+00   4.7851e-02   2.8994e+02
20260905_11:00:00   5.0839e-01   1.1777e+02   5.0014e+01   0.0000e+00   2.2075e-02   2.8914e+02
20260905_12:00:00   5.0895e-01   1.1786e+02   5.0155e+01   1.3974e-04   3.7266e-03   2.9132e+02
20260905_13:00:00   5.1302e-01   1.1857e+02   5.0714e+01   8.8670e-04   1.6677e-03   2.9249e+02
20260905_14:00:00   5.1773e-01   1.1935e+02   5.1584e+01   6.1055e-04   2.7524e-03   2.9448e+02
20260905_15:00:00   5.3084e-01   1.2151e+02   5.2983e+01   1.3750e-03   5.2201e-03   2.9476e+02
20260905_16:00:00   5.3479e-01   1.2221e+02   5.3421e+01   2.8952e-03   4.4796e-03   2.9499e+02
20260905_17:00:00   5.4262e-01   1.2344e+02   5.4552e+01   7.3948e-04   1.7655e-02   2.9481e+02
20260905_18:00:00   5.4855e-01   1.2435e+02   5.5284e+01   1.0731e-04   6.6850e-02   2.9420e+02
20260905_19:00:00   5.4971e-01   1.2452e+02   5.5316e+01   9.5830e-04   8.6999e-02   2.9358e+02
20260905_20:00:00   5.4566e-01   1.2388e+02   5.4881e+01   2.5951e-04   4.3343e-02   2.9273e+02
20260905_21:00:00   5.3954e-01   1.2285e+02   5.4353e+01   2.3956e-04   6.3186e-03   2.9313e+02
20260905_22:00:00   5.3432e-01   1.2194e+02   5.3938e+01   0.0000e+00   1.6377e-02   2.9193e+02
20260905_23:00:00   5.2528e-01   1.2045e+02   5.3122e+01   0.0000e+00   2.7835e-03   2.8979e+02
20260906_00:00:00   5.2068e-01   1.1970e+02   5.2610e+01   0.0000e+00   2.5410e-04   2.8941e+02
20260906_01:00:00   5.1894e-01   1.1944e+02   5.2403e+01   0.0000e+00   5.7240e-04   2.9198e+02
20260906_02:00:00   5.2422e-01   1.2032e+02   5.2593e+01   0.0000e+00   7.1555e-04   2.9310e+02
20260906_03:00:00   5.0278e-01   1.1668e+02   5.0616e+01   0.0000e+00   3.6901e-04   2.9279e+02
20260906_04:00:00   4.9096e-01   1.1460e+02   4.9563e+01   2.6600e-07   4.5984e-03   2.9084e+02
20260906_05:00:00   4.9278e-01   1.1485e+02   4.9727e+01   5.5940e-04   8.1320e-03   2.8973e+02
20260906_06:00:00   4.9851e-01   1.1581e+02   5.0247e+01   1.0601e-05   7.4578e-03   2.8905e+02
20260906_07:00:00   4.9519e-01   1.1524e+02   4.9819e+01   0.0000e+00   4.2411e-04   2.8821e+02
20260906_08:00:00   4.9548e-01   1.1531e+02   4.9664e+01   0.0000e+00   3.6226e-04   2.8748e+02
20260906_09:00:00   4.8851e-01   1.1412e+02   4.8939e+01   0.0000e+00   1.6646e-05   2.8682e+02
20260906_10:00:00   4.8060e-01   1.1276e+02   4.8256e+01   0.0000e+00   1.0610e-06   2.8784e+02
20260906_11:00:00   4.8470e-01   1.1350e+02   4.8521e+01   0.0000e+00   0.0000e+00   2.8998e+02
20260906_12:00:00   4.8441e-01   1.1347e+02   4.8581e+01   1.6636e-06   0.0000e+00   2.9140e+02
20260906_13:00:00   4.8645e-01   1.1387e+02   4.8927e+01   0.0000e+00   0.0000e+00   2.9211e+02
20260906_14:00:00   4.9540e-01   1.1548e+02   4.9829e+01   7.7360e-05   0.0000e+00   2.9060e+02
20260906_15:00:00   5.0688e-01   1.1751e+02   5.0969e+01   1.0481e-04   0.0000e+00   2.8951e+02
20260906_16:00:00   5.2171e-01   1.2007e+02   5.2340e+01   1.5721e-04   0.0000e+00   2.8961e+02
20260906_17:00:00   5.3029e-01   1.2154e+02   5.3150e+01   8.2350e-05   1.1066e-04   2.8967e+02
20260906_18:00:00   5.3392e-01   1.2211e+02   5.3542e+01   0.0000e+00   1.2988e-03   2.8971e+02
20260906_19:00:00   5.3229e-01   1.2180e+02   5.3451e+01   0.0000e+00   8.0602e-04   2.8825e+02
20260906_20:00:00   5.3635e-01   1.2245e+02   5.4010e+01   0.0000e+00   1.0005e-03   2.8749e+02
20260906_21:00:00   5.4209e-01   1.2339e+02   5.4600e+01   0.0000e+00   3.1837e-05   2.8665e+02
20260906_22:00:00   5.4756e-01   1.2431e+02   5.4892e+01   0.0000e+00   0.0000e+00   2.8503e+02
20260906_23:00:00   5.4821e-01   1.2443e+02   5.4816e+01   0.0000e+00   0.0000e+00   2.8491e+02
20260907_00:00:00   5.4641e-01   1.2416e+02   5.4577e+01   0.0000e+00   0.0000e+00   2.8606e+02
20260907_01:00:00   5.4506e-01   1.2395e+02   5.4356e+01   0.0000e+00   1.2380e-06   2.8575e+02
20260907_02:00:00   5.3811e-01   1.2278e+02   5.3838e+01   0.0000e+00   0.0000e+00   2.8704e+02
20260907_03:00:00   5.3523e-01   1.2226e+02   5.3631e+01   0.0000e+00   1.7684e-07   2.8663e+02
20260907_04:00:00   5.3432e-01   1.2209e+02   5.3495e+01   0.0000e+00   0.0000e+00   2.8817e+02
20260907_05:00:00   5.3567e-01   1.2226e+02   5.3726e+01   0.0000e+00   7.1340e-06   2.8913e+02
20260907_06:00:00   5.3085e-01   1.2139e+02   5.3492e+01   0.0000e+00   1.7684e-06   2.8887e+02
20260907_07:00:00   5.2991e-01   1.2119e+02   5.3654e+01   0.0000e+00   1.0284e-05   2.8640e+02
20260907_08:00:00   5.3655e-01   1.2230e+02   5.4100e+01   8.8420e-07   0.0000e+00   2.8732e+02
20260907_09:00:00   5.4823e-01   1.2426e+02   5.4904e+01   0.0000e+00   0.0000e+00   2.8840e+02
20260907_10:00:00   5.5771e-01   1.2587e+02   5.5639e+01   0.0000e+00   2.3980e-04   2.8837e+02
20260907_11:00:00   5.7417e-01   1.2855e+02   5.7002e+01   0.0000e+00   6.0737e-04   2.8793e+02
20260907_12:00:00   5.8086e-01   1.2967e+02   5.7547e+01   1.1978e-04   4.7694e-04   2.8676e+02
20260907_13:00:00   5.7596e-01   1.2891e+02   5.7079e+01   2.8055e-03   2.4742e-04   2.8481e+02
20260907_14:00:00   5.6973e-01   1.2792e+02   5.6810e+01   6.2140e-04   1.0690e-04   2.8759e+02
20260907_15:00:00   5.7328e-01   1.2853e+02   5.7066e+01   3.1693e-03   3.2198e-04   2.8635e+02
20260907_16:00:00   5.8429e-01   1.3037e+02   5.7728e+01   4.7196e-03   1.0841e-04   2.8524e+02
20260907_17:00:00   5.5970e-01   1.2631e+02   5.6044e+01   4.9114e-03   1.6242e-04   2.8535e+02
20260907_18:00:00   5.5503e-01   1.2553e+02   5.5763e+01   0.0000e+00   9.5902e-06   2.8472e+02
20260907_19:00:00   5.7745e-01   1.2922e+02   5.7314e+01   1.4458e-03   5.4643e-04   2.8532e+02
20260907_20:00:00   5.7450e-01   1.2873e+02   5.7251e+01   4.6580e-05   4.9665e-04   2.8498e+02
20260907_21:00:00   5.6458e-01   1.2714e+02   5.6381e+01   9.9820e-06   5.4377e-05   2.8559e+02
20260907_22:00:00   5.6299e-01   1.2687e+02   5.6179e+01   0.0000e+00   6.8320e-06   2.8529e+02
20260907_23:00:00   5.6349e-01   1.2690e+02   5.6157e+01   0.0000e+00   5.8500e-06   2.8650e+02
20260908_00:00:00   5.6419e-01   1.2696e+02   5.6366e+01   0.0000e+00   2.3356e-04   2.8659e+02
20260908_01:00:00   5.4806e-01   1.2421e+02   5.5396e+01   0.0000e+00   9.4276e-05   2.8699e+02
20260908_02:00:00   5.3082e-01   1.2127e+02   5.4091e+01   0.0000e+00   0.0000e+00   2.8537e+02
20260908_03:00:00   5.3237e-01   1.2149e+02   5.4127e+01   0.0000e+00   3.5360e-07   2.8290e+02
20260908_04:00:00   5.2865e-01   1.2076e+02   5.3840e+01   0.0000e+00   1.7684e-07   2.7952e+02
20260908_05:00:00   5.2817e-01   1.2061e+02   5.3915e+01   0.0000e+00   1.7922e-05   2.8030e+02
20260908_06:00:00   5.2064e-01   1.1918e+02   5.3680e+01   0.0000e+00   4.2120e-05   2.8134e+02
20260908_09:00:00   5.4475e-01   1.2332e+02   5.5160e+01   7.4800e-05   1.9565e-05   2.8129e+02
20260908_12:00:00   5.4112e-01   1.2297e+02   5.4212e+01   1.4673e-04   9.3148e-06   2.8416e+02
20260908_15:00:00   5.1708e-01   1.1898e+02   5.2420e+01   0.0000e+00   6.7729e-05   2.8879e+02
20260908_18:00:00   4.9624e-01   1.1534e+02   5.0599e+01   6.0560e-04   2.6204e-04   2.9254e+02
20260908_21:00:00   4.6238e-01   1.0953e+02   4.5794e+01   0.0000e+00   9.2074e-04   2.9341e+02
20260909_00:00:00   4.6970e-01   1.1090e+02   4.5571e+01   0.0000e+00   1.5043e-03   2.9295e+02
20260909_03:00:00   4.7804e-01   1.1228e+02   4.6637e+01   7.3160e-05   7.4389e-05   2.9144e+02
20260909_06:00:00   4.0287e-01   9.8300e+01   3.9221e+01   2.7480e-05   9.1306e-04   2.8875e+02
20260909_09:00:00   4.6442e-01   1.1002e+02   3.7461e+01   9.2781e-02   0.0000e+00   2.9073e+02
20260909_12:00:00   4.7254e-01   1.1133e+02   4.5450e+01   8.8420e-08   0.0000e+00   2.9334e+02
20260909_15:00:00   5.1500e-01   1.1873e+02   5.0229e+01   4.0385e-04   0.0000e+00   2.9557e+02
20260909_18:00:00   5.2616e-01   1.2062e+02   5.1957e+01   1.5032e-03   1.1028e-04   2.9202e+02
20260909_21:00:00   5.2174e-01   1.1980e+02   5.2152e+01   0.0000e+00   1.9856e-05   2.9154e+02
20260910_00:00:00   5.1316e-01   1.1838e+02   5.1076e+01   0.0000e+00   0.0000e+00   2.9148e+02
20260910_03:00:00   5.0747e-01   1.1746e+02   4.9968e+01   4.2820e-05   0.0000e+00   2.8994e+02
20260910_06:00:00   5.2281e-01   1.2007e+02   5.0014e+01   1.7850e-02   0.0000e+00   2.9114e+02
20260910_09:00:00   5.0288e-01   1.1677e+02   4.8597e+01   2.1960e-04   0.0000e+00   2.8967e+02
20260910_12:00:00   5.1630e-01   1.1911e+02   4.9755e+01   6.1380e-05   2.7573e-04   2.8994e+02
20260910_15:00:00   5.2801e-01   1.2120e+02   5.1068e+01   1.3743e-03   1.5754e-03   2.9005e+02
20260910_18:00:00   5.0631e-01   1.1754e+02   4.9106e+01   8.8878e-04   9.9842e-04   2.8933e+02
20260910_21:00:00   4.7785e-01   1.1263e+02   4.6204e+01   1.5374e-05   3.6873e-04   2.8661e+02
20260911_00:00:00   4.7006e-01   1.1131e+02   4.4890e+01   0.0000e+00   2.0788e-05   2.8720e+02
20260911_03:00:00   4.6156e-01   1.0985e+02   4.2927e+01   1.7692e-04   3.5940e-06   2.8372e+02
20260911_06:00:00   4.6613e-01   1.1054e+02   4.3229e+01   2.4160e-03   4.9464e-04   2.8474e+02
20260911_09:00:00   4.2320e-01   1.0256e+02   3.9410e+01   5.0528e-03   3.3280e-06   2.8350e+02
20260911_12:00:00   4.0843e-01   9.9750e+01   3.8329e+01   2.1324e-04   0.0000e+00   2.8648e+02
20260911_15:00:00   4.1192e-01   1.0051e+02   3.8613e+01   4.9530e-06   0.0000e+00   2.8928e+02
20260911_18:00:00   3.9672e-01   9.7631e+01   3.7446e+01   0.0000e+00   0.0000e+00   2.8956e+02
20260911_21:00:00   4.1564e-01   1.0124e+02   3.8966e+01   0.0000e+00   0.0000e+00   2.8961e+02
20260912_00:00:00   4.2242e-01   1.0251e+02   3.9637e+01   0.0000e+00   0.0000e+00   2.9194e+02
20260912_03:00:00   4.0175e-01   9.8442e+01   3.7869e+01   0.0000e+00   0.0000e+00   2.9352e+02
20260912_06:00:00   4.1607e-01   1.0112e+02   3.8663e+01   4.2703e-03   0.0000e+00   2.9100e+02
20260912_09:00:00   5.2152e-01   1.2033e+02   3.7558e+01   1.6367e-01   0.0000e+00   2.9069e+02
20260912_12:00:00   3.8493e-01   9.5136e+01   3.5745e+01   3.8310e-03   0.0000e+00   2.9439e+02
20260912_15:00:00   3.9187e-01   9.6523e+01   3.7150e+01   0.0000e+00   0.0000e+00   2.9472e+02
20260912_18:00:00   3.9010e-01   9.6106e+01   3.7791e+01   0.0000e+00   0.0000e+00   2.9432e+02
20260912_21:00:00   4.3545e-01   1.0481e+02   4.1658e+01   0.0000e+00   0.0000e+00   2.9414e+02
20260913_00:00:00   4.6292e-01   1.0981e+02   4.3932e+01   6.9890e-04   0.0000e+00   2.9493e+02
20260913_03:00:00   4.5855e-01   1.0898e+02   4.3782e+01   0.0000e+00   0.0000e+00   2.9489e+02
20260913_06:00:00   4.6958e-01   1.1084e+02   4.5126e+01   0.0000e+00   2.7947e-05   2.9111e+02
20260913_09:00:00   4.8477e-01   1.1339e+02   4.7081e+01   3.3020e-05   0.0000e+00   2.9115e+02
20260913_12:00:00   4.6950e-01   1.1073e+02   4.5734e+01   0.0000e+00   0.0000e+00   2.9465e+02
20260913_15:00:00   4.9035e-01   1.1449e+02   4.7867e+01   0.0000e+00   0.0000e+00   2.9698e+02
20260913_18:00:00   5.0717e-01   1.1739e+02   4.9713e+01   8.7500e-04   0.0000e+00   2.9485e+02
20260913_21:00:00   4.6272e-01   1.0934e+02   4.6543e+01   3.3020e-06   2.9460e-06   2.9465e+02
20260914_00:00:00   5.3783e-01   1.2231e+02   5.3278e+01   7.8468e-05   9.9114e-05   2.9338e+02
20260914_03:00:00   4.9416e-01   1.1496e+02   4.8920e+01   1.1832e-03   1.2863e-05   2.8976e+02
20260914_06:00:00   4.7350e-01   1.1124e+02   4.7047e+01   8.7540e-06   5.2840e-06   2.9573e+02
20260914_09:00:00   4.0405e-01   9.8296e+01   4.0660e+01   1.7602e-05   1.4148e-07   2.9297e+02
20260914_12:00:00   4.4730e-01   1.0656e+02   4.3298e+01   9.4674e-03   6.6040e-06   2.9452e+02
20260914_15:00:00   4.7713e-01   1.1208e+02   4.4758e+01   2.4764e-02   1.3562e-05   2.9772e+02
20260914_18:00:00   4.3174e-01   1.0372e+02   4.2827e+01   0.0000e+00   0.0000e+00   2.9570e+02
20260914_21:00:00   4.5513e-01   1.0814e+02   4.4771e+01   0.0000e+00   0.0000e+00   2.9282e+02
20260915_00:00:00   4.7048e-01   1.1086e+02   4.6292e+01   6.0420e-05   2.3559e-04   2.9178e+02
20260915_03:00:00   4.5598e-01   1.0830e+02   4.4586e+01   1.9410e-03   2.5740e-05   2.9340e+02
20260915_06:00:00   4.6107e-01   1.0918e+02   4.4906e+01   8.8073e-05   7.3180e-05   2.9478e+02
20260915_09:00:00   4.7849e-01   1.1211e+02   4.7424e+01   5.0840e-06   2.5918e-04   2.9582e+02
20260915_12:00:00   4.4435e-01   1.0602e+02   4.3914e+01   9.2380e-04   1.3676e-04   2.9611e+02
20260915_15:00:00   4.2908e-01   1.0319e+02   4.2732e+01   1.3362e-03   9.9761e-04   2.9667e+02
20260915_18:00:00   3.9649e-01   9.7022e+01   3.9388e+01   2.9716e-05   1.0746e-03   2.9598e+02
20260915_21:00:00   4.1271e-01   1.0033e+02   3.9608e+01   0.0000e+00   7.2800e-05   2.9622e+02
20260916_00:00:00   4.0548e-01   9.8919e+01   3.8998e+01   0.0000e+00   6.1659e-04   2.9595e+02
20260916_03:00:00   3.9148e-01   9.6193e+01   3.7657e+01   5.0920e-05   7.0497e-03   2.9370e+02
20260916_06:00:00   4.0701e-01   9.9177e+01   3.9115e+01   0.0000e+00   1.9018e-03   2.9513e+02
20260916_09:00:00   4.3375e-01   1.0427e+02   4.1565e+01   0.0000e+00   1.4362e-03   2.9377e+02
20260916_12:00:00   4.8256e-01   1.1299e+02   4.7440e+01   2.4958e-06   2.2673e-02   2.9296e+02
20260916_15:00:00   5.7499e-01   1.2808e+02   5.7450e+01   1.0601e-02   8.2412e-02   2.9408e+02
20260916_18:00:00   6.0849e-01   1.3327e+02   6.1157e+01   5.1330e-03   1.8737e-01   2.9082e+02
20260916_21:00:00   7.4541e-01   1.5143e+02   5.9449e+01   1.8434e-01   5.0463e-01   2.9061e+02
20260917_00:00:00   5.7875e-01   1.2795e+02   5.6629e+01   3.2560e-02   9.4232e-02   2.8979e+02
20260917_03:00:00   4.8584e-01   1.1317e+02   4.8705e+01   2.4580e-04   7.2867e-02   2.8643e+02
20260917_06:00:00   4.5285e-01   1.0738e+02   4.5065e+01   1.0938e-04   8.4299e-02   2.8688e+02
20260917_09:00:00   4.3050e-01   1.0346e+02   4.2155e+01   1.1076e-03   4.4235e-03   2.8562e+02
20260917_12:00:00   4.4229e-01   1.0576e+02   4.2660e+01   1.4973e-04   5.9603e-04   2.8618e+02
20260917_15:00:00   4.2598e-01   1.0291e+02   4.1093e+01   0.0000e+00   1.1059e-03   2.8573e+02
20260917_18:00:00   4.1824e-01   1.0148e+02   4.0608e+01   0.0000e+00   0.0000e+00   2.8098e+02
20260917_21:00:00   4.2126e-01   1.0209e+02   4.0760e+01   0.0000e+00   1.0700e-04   2.8135e+02
20260918_00:00:00   4.3604e-01   1.0480e+02   4.1709e+01   0.0000e+00   4.3132e-05   2.8088e+02
20260918_03:00:00   4.1776e-01   1.0127e+02   4.0252e+01   7.2550e-05   1.3228e-05   2.7981e+02
20260918_06:00:00   4.3622e-01   1.0464e+02   4.1358e+01   2.9860e-03   2.6620e-06   2.7936e+02
20260918_09:00:00   4.0912e-01   9.9479e+01   3.9060e+01   2.1943e-04   0.0000e+00   2.7791e+02
20260918_12:00:00   3.9845e-01   9.7455e+01   3.8673e+01   5.2410e-05   0.0000e+00   2.7829e+02
20260918_15:00:00   4.3623e-01   1.0468e+02   4.2715e+01   3.1082e-07   2.4200e-05   2.7969e+02
20260918_18:00:00   4.2086e-01   1.0183e+02   4.1464e+01   0.0000e+00   1.9588e-03   2.7852e+02
20260918_21:00:00   4.6531e-01   1.0998e+02   4.5751e+01   0.0000e+00   5.1885e-04   2.7582e+02
20260919_00:00:00   5.0269e-01   1.1638e+02   4.9573e+01   2.3454e-05   6.6938e-03   2.7707e+02
20260919_03:00:00   5.0358e-01   1.1646e+02   4.9764e+01   0.0000e+00   5.0747e-04   2.7915e+02
20260919_06:00:00   4.8106e-01   1.1248e+02   4.7597e+01   8.8420e-08   5.2794e-04   2.7532e+02
