#            date       tau255        Tb[K]      pwv[mm] lwp[kg*m^-2] iwp[kg*m^-2]       o3[DU]
20260909_12:00:00   4.8454e-01   1.1374e+02   4.7074e+01   0.0000e+00   8.9100e-08   2.8782e+02
20260909_13:00:00   4.7206e-01   1.1158e+02   4.5854e+01   1.5239e-04   0.0000e+00   2.9074e+02
20260909_14:00:00   4.6466e-01   1.1037e+02   4.5042e+01   2.9446e-04   0.0000e+00   2.9305e+02
20260909_15:00:00   4.8601e-01   1.1427e+02   4.6668e+01   1.0496e-03   0.0000e+00   2.9364e+02
20260909_16:00:00   4.9592e-01   1.1605e+02   4.7504e+01   5.3060e-06   0.0000e+00   2.9777e+02
20260909_17:00:00   5.1073e-01   1.1863e+02   4.8332e+01   2.8942e-04   0.0000e+00   2.9666e+02
20260909_18:00:00   5.2138e-01   1.2042e+02   4.9323e+01   7.1378e-04   0.0000e+00   2.9402e+02
20260909_19:00:00   5.2628e-01   1.2123e+02   4.9896e+01   1.0872e-03   0.0000e+00   2.9275e+02
20260909_20:00:00   5.2255e-01   1.2057e+02   4.9683e+01   9.5490e-04   0.0000e+00   2.9060e+02
20260909_21:00:00   5.2904e-01   1.2161e+02   5.0672e+01   6.4177e-04   0.0000e+00   2.9280e+02
20260909_22:00:00   5.3654e-01   1.2281e+02   5.1570e+01   1.0287e-03   0.0000e+00   2.9489e+02
20260909_23:00:00   5.4857e-01   1.2476e+02   5.2722e+01   6.6120e-04   0.0000e+00   2.9413e+02
20260910_00:00:00   5.4286e-01   1.2379e+02   5.2447e+01   4.2961e-04   0.0000e+00   2.9208e+02
20260910_01:00:00   5.4107e-01   1.2348e+02   5.2444e+01   1.0872e-05   0.0000e+00   2.9188e+02
20260910_02:00:00   5.3222e-01   1.2198e+02   5.1774e+01   1.1178e-04   0.0000e+00   2.9218e+02
20260910_03:00:00   5.2361e-01   1.2046e+02   5.0949e+01   3.4741e-03   0.0000e+00   2.9248e+02
20260910_04:00:00   5.2124e-01   1.2001e+02   5.0653e+01   6.6323e-03   7.1280e-08   2.9265e+02
20260910_05:00:00   5.2488e-01   1.2060e+02   5.0673e+01   1.1794e-02   2.1380e-07   2.9346e+02
20260910_06:00:00   5.2521e-01   1.2061e+02   5.0476e+01   1.6761e-02   3.0880e-06   2.9226e+02
20260910_07:00:00   5.1965e-01   1.1964e+02   5.0317e+01   9.5570e-03   8.3700e-06   2.9247e+02
20260910_08:00:00   5.1122e-01   1.1818e+02   4.9970e+01   3.6420e-03   5.4240e-06   2.9377e+02
20260910_09:00:00   5.0766e-01   1.1757e+02   4.9861e+01   3.4152e-05   0.0000e+00   2.9377e+02
20260910_10:00:00   5.0625e-01   1.1733e+02   4.9746e+01   2.4958e-06   0.0000e+00   2.9486e+02
20260910_11:00:00   5.0739e-01   1.1758e+02   4.9746e+01   9.6100e-05   0.0000e+00   2.9482e+02
20260910_12:00:00   5.0417e-01   1.1704e+02   4.9292e+01   7.1735e-04   0.0000e+00   2.9441e+02
20260910_13:00:00   5.0161e-01   1.1664e+02   4.9005e+01   1.2514e-04   0.0000e+00   2.9400e+02
20260910_14:00:00   5.0158e-01   1.1667e+02   4.8772e+01   8.5830e-04   0.0000e+00   2.9172e+02
20260910_15:00:00   5.0008e-01   1.1647e+02   4.8474e+01   3.3940e-04   0.0000e+00   2.9019e+02
20260910_16:00:00   4.9229e-01   1.1515e+02   4.7678e+01   2.4279e-04   0.0000e+00   2.9029e+02
20260910_17:00:00   4.8694e-01   1.1422e+02   4.7078e+01   0.0000e+00   3.5060e-06   2.9141e+02
20260910_18:00:00   4.8062e-01   1.1310e+02   4.6561e+01   0.0000e+00   7.0980e-06   2.9045e+02
20260910_19:00:00   4.7792e-01   1.1265e+02   4.6278e+01   1.4148e-06   1.0890e-05   2.9133e+02
20260910_20:00:00   4.7916e-01   1.1290e+02   4.6203e+01   7.2370e-05   3.4160e-06   2.9119e+02
20260910_21:00:00   4.7125e-01   1.1153e+02   4.5198e+01   7.0740e-07   3.4160e-06   2.9314e+02
20260910_22:00:00   4.6685e-01   1.1079e+02   4.4411e+01   1.7684e-07   2.7340e-06   2.9450e+02
20260910_23:00:00   4.6228e-01   1.0999e+02   4.3754e+01   3.8780e-06   2.6735e-07   2.9570e+02
20260911_00:00:00   4.5811e-01   1.0927e+02   4.3152e+01   3.5361e-07   3.4160e-06   2.9657e+02
20260911_01:00:00   4.5441e-01   1.0861e+02   4.2538e+01   2.0057e-04   8.9100e-08   2.9522e+02
20260911_02:00:00   4.5879e-01   1.0945e+02   4.2455e+01   6.4280e-04   0.0000e+00   2.9344e+02
20260911_03:00:00   4.6011e-01   1.0970e+02   4.2389e+01   6.6540e-06   3.5640e-07   2.9295e+02
20260911_04:00:00   4.6157e-01   1.0996e+02   4.2423e+01   7.1000e-06   4.0884e-07   2.9129e+02
20260911_05:00:00   4.7184e-01   1.1178e+02   4.3330e+01   2.0180e-06   2.6735e-07   2.8719e+02
20260911_06:00:00   4.7653e-01   1.1256e+02   4.3770e+01   2.6920e-04   1.7578e-04   2.8799e+02
20260911_07:00:00   4.7569e-01   1.1234e+02   4.3804e+01   1.7366e-03   3.4047e-04   2.8927e+02
20260911_08:00:00   4.6025e-01   1.0958e+02   4.2333e+01   7.8420e-04   3.6450e-04   2.8869e+02
20260911_09:00:00   4.4716e-01   1.0716e+02   4.1080e+01   8.7914e-05   1.3007e-04   2.8740e+02
20260911_10:00:00   4.2576e-01   1.0312e+02   3.9300e+01   5.7920e-07   2.3656e-04   2.8783e+02
20260911_11:00:00   4.1347e-01   1.0077e+02   3.8329e+01   0.0000e+00   1.4069e-04   2.8927e+02
20260911_12:00:00   3.9946e-01   9.8052e+01   3.7204e+01   2.9716e-05   3.3844e-05   2.8986e+02
20260911_13:00:00   3.9074e-01   9.6329e+01   3.6069e+01   5.3680e-03   2.3531e-05   2.8938e+02
20260911_14:00:00   3.8918e-01   9.6063e+01   3.5723e+01   9.8280e-03   1.5972e-05   2.9010e+02
20260911_15:00:00   3.7584e-01   9.3442e+01   3.5342e+01   1.9171e-03   6.2184e-06   2.9199e+02
20260911_16:00:00   3.6528e-01   9.1246e+01   3.4778e+01   1.6651e-04   8.8091e-05   2.9165e+02
20260911_17:00:00   3.8240e-01   9.4678e+01   3.6032e+01   1.5286e-06   9.3934e-04   2.9182e+02
20260911_18:00:00   3.8078e-01   9.4352e+01   3.5870e+01   2.6999e-05   6.7516e-04   2.9120e+02
20260911_19:00:00   3.7830e-01   9.3840e+01   3.5674e+01   0.0000e+00   1.5242e-03   2.9082e+02
20260911_20:00:00   3.9070e-01   9.6341e+01   3.6529e+01   3.3940e-04   1.9708e-03   2.9039e+02
20260911_21:00:00   3.8913e-01   9.6028e+01   3.6482e+01   3.4440e-04   7.6376e-04   2.9061e+02
20260911_22:00:00   3.7405e-01   9.2974e+01   3.5386e+01   0.0000e+00   4.7029e-05   2.9152e+02
20260911_23:00:00   3.7649e-01   9.3461e+01   3.5524e+01   0.0000e+00   2.9981e-05   2.9346e+02
20260912_00:00:00   3.9244e-01   9.6654e+01   3.6617e+01   1.6474e-03   4.1001e-04   2.9585e+02
20260912_01:00:00   4.0729e-01   9.9569e+01   3.7633e+01   5.1160e-03   1.0316e-03   2.9745e+02
20260912_02:00:00   3.9036e-01   9.6279e+01   3.6731e+01   3.2120e-04   9.2456e-05   2.9784e+02
20260912_03:00:00   3.7184e-01   9.2564e+01   3.5097e+01   3.9920e-05   7.8300e-05   2.9894e+02
20260912_04:00:00   3.7108e-01   9.2366e+01   3.4948e+01   1.0334e-03   2.0385e-05   2.9786e+02
20260912_05:00:00   4.2954e-01   1.0361e+02   3.6695e+01   4.7980e-02   5.8060e-05   2.9672e+02
20260912_06:00:00   4.2354e-01   1.0245e+02   3.5566e+01   5.7680e-02   6.8500e-05   2.9656e+02
20260912_07:00:00   4.8650e-01   1.1393e+02   3.5509e+01   1.3902e-01   1.8376e-04   2.9711e+02
20260912_08:00:00   5.9492e-01   1.3217e+02   3.5753e+01   2.7720e-01   4.3020e-04   2.9545e+02
20260912_09:00:00   6.7373e-01   1.4427e+02   3.6193e+01   3.7320e-01   2.2819e-03   2.9394e+02
20260912_10:00:00   6.9264e-01   1.4700e+02   3.6337e+01   3.9760e-01   5.9383e-03   2.9467e+02
20260912_11:00:00   5.6637e-01   1.2751e+02   3.6202e+01   2.3380e-01   5.7725e-03   2.9530e+02
20260912_12:00:00   4.2654e-01   1.0301e+02   3.6567e+01   4.4780e-02   6.4403e-03   2.9450e+02
20260912_13:00:00   4.0912e-01   9.9792e+01   3.7584e+01   0.0000e+00   2.6568e-03   2.9391e+02
20260912_14:00:00   4.0838e-01   9.9709e+01   3.7569e+01   1.4859e-05   1.1818e-03   2.9319e+02
20260912_15:00:00   4.3226e-01   1.0427e+02   3.9537e+01   7.9200e-04   7.2697e-04   2.9316e+02
20260912_16:00:00   4.4107e-01   1.0588e+02   4.0507e+01   6.4543e-04   3.1754e-03   2.9292e+02
20260912_17:00:00   4.4756e-01   1.0704e+02   4.1435e+01   1.0998e-04   4.6989e-03   2.9462e+02
20260912_18:00:00   4.5653e-01   1.0861e+02   4.2637e+01   5.7280e-04   4.0935e-03   2.9481e+02
20260912_19:00:00   4.4594e-01   1.0669e+02   4.1698e+01   1.3081e-04   3.5937e-03   2.9527e+02
20260912_20:00:00   4.4289e-01   1.0616e+02   4.1154e+01   4.5400e-05   1.3712e-02   2.9457e+02
20260912_21:00:00   4.4391e-01   1.0629e+02   4.1313e+01   2.0945e-04   1.6226e-02   2.9331e+02
20260912_22:00:00   4.4130e-01   1.0583e+02   4.1048e+01   0.0000e+00   1.1126e-02   2.9184e+02
20260912_23:00:00   4.4074e-01   1.0570e+02   4.0986e+01   7.5000e-05   1.5730e-02   2.9207e+02
20260913_00:00:00   4.4473e-01   1.0641e+02   4.1543e+01   7.5200e-07   1.6762e-02   2.9322e+02
20260913_01:00:00   4.4557e-01   1.0656e+02   4.1767e+01   0.0000e+00   2.6040e-02   2.9226e+02
20260913_02:00:00   4.4643e-01   1.0666e+02   4.2081e+01   2.6740e-07   1.5726e-02   2.9178e+02
20260913_03:00:00   4.4514e-01   1.0639e+02   4.2148e+01   0.0000e+00   1.2018e-02   2.9352e+02
20260913_04:00:00   4.4582e-01   1.0648e+02   4.2331e+01   1.9965e-05   9.9141e-03   2.9482e+02
20260913_05:00:00   4.4272e-01   1.0584e+02   4.2312e+01   0.0000e+00   2.3351e-02   2.9504e+02
20260913_06:00:00   4.3622e-01   1.0461e+02   4.1749e+01   0.0000e+00   1.8227e-02   2.9550e+02
20260913_07:00:00   4.2544e-01   1.0258e+02   4.0910e+01   0.0000e+00   1.3254e-02   2.9483e+02
20260913_08:00:00   4.2406e-01   1.0229e+02   4.0845e+01   5.3510e-06   7.1766e-03   2.9523e+02
20260913_09:00:00   4.3133e-01   1.0365e+02   4.1647e+01   1.5359e-04   5.4082e-03   2.9607e+02
20260913_10:00:00   4.3457e-01   1.0423e+02   4.2044e+01   4.9530e-05   3.9542e-03   2.9693e+02
20260913_11:00:00   4.2913e-01   1.0322e+02   4.1578e+01   1.6843e-04   4.4986e-04   2.9697e+02
20260913_12:00:00   4.3355e-01   1.0408e+02   4.2009e+01   0.0000e+00   6.2921e-05   2.9678e+02
20260913_13:00:00   4.5355e-01   1.0783e+02   4.3894e+01   1.5721e-04   4.3920e-06   2.9649e+02
20260913_14:00:00   4.5868e-01   1.0873e+02   4.4848e+01   4.0770e-06   0.0000e+00   2.9661e+02
20260913_15:00:00   4.6175e-01   1.0920e+02   4.5584e+01   0.0000e+00   2.6800e-05   2.9681e+02
20260913_16:00:00   4.6491e-01   1.0978e+02   4.6074e+01   0.0000e+00   2.3674e-04   2.9723e+02
20260913_17:00:00   4.5675e-01   1.0828e+02   4.5479e+01   0.0000e+00   2.5734e-04   2.9640e+02
20260913_18:00:00   4.3155e-01   1.0354e+02   4.3427e+01   0.0000e+00   4.5294e-04   2.9502e+02
20260913_19:00:00   4.1002e-01   9.9407e+01   4.1487e+01   0.0000e+00   2.1428e-04   2.9453e+02
20260913_20:00:00   4.0009e-01   9.7559e+01   4.0410e+01   0.0000e+00   1.7862e-05   2.9455e+02
20260913_21:00:00   4.3183e-01   1.0367e+02   4.2780e+01   0.0000e+00   2.6678e-06   2.9365e+02
20260913_22:00:00   4.6789e-01   1.1031e+02   4.5514e+01   1.7518e-03   5.3010e-05   2.9152e+02
20260913_23:00:00   4.8965e-01   1.1419e+02   4.7520e+01   5.4580e-04   1.9862e-05   2.9079e+02
20260914_00:00:00   5.0764e-01   1.1730e+02   4.9467e+01   8.7860e-05   6.4100e-04   2.9066e+02
20260914_01:00:00   5.2082e-01   1.1948e+02   5.0957e+01   7.7622e-04   4.6485e-04   2.9011e+02
20260914_02:00:00   5.1912e-01   1.1918e+02   5.0933e+01   5.5371e-04   5.1187e-04   2.8963e+02
20260914_03:00:00   5.2221e-01   1.1968e+02   5.1260e+01   3.6000e-04   4.0978e-04   2.8738e+02
20260914_04:00:00   5.2031e-01   1.1934e+02   5.1119e+01   8.9110e-04   2.7640e-04   2.8440e+02
20260914_05:00:00   5.2196e-01   1.1958e+02   5.1029e+01   7.2468e-03   1.9437e-03   2.8521e+02
20260914_06:00:00   4.9612e-01   1.1509e+02   4.9413e+01   7.8880e-06   6.6550e-04   2.8436e+02
20260914_07:00:00   4.6664e-01   1.0988e+02   4.6784e+01   1.6470e-05   6.9947e-04   2.8514e+02
20260914_08:00:00   4.4613e-01   1.0613e+02   4.4609e+01   3.0710e-04   5.0105e-05   2.8598e+02
20260914_09:00:00   4.5948e-01   1.0868e+02   4.4729e+01   6.0090e-03   1.4214e-04   2.8572e+02
20260914_10:00:00   4.8994e-01   1.1431e+02   4.3836e+01   5.1384e-02   1.0885e-04   2.8735e+02
20260914_11:00:00   5.1643e-01   1.1902e+02   4.1454e+01   1.1840e-01   2.7536e-05   2.8919e+02
20260914_12:00:00   3.9873e-01   9.7369e+01   3.8025e+01   1.0871e-02   0.0000e+00   2.8908e+02
20260914_15:00:00   3.6146e-01   8.9947e+01   3.5210e+01   2.0098e-03   1.0150e-02   2.8653e+02
20260914_18:00:00   3.4813e-01   8.7320e+01   3.4104e+01   0.0000e+00   1.4613e-02   2.8560e+02
20260914_21:00:00   3.4761e-01   8.7185e+01   3.4118e+01   0.0000e+00   6.3062e-03   2.8445e+02
20260915_00:00:00   3.4479e-01   8.6535e+01   3.3662e+01   0.0000e+00   1.5792e-02   2.8503e+02
20260915_03:00:00   3.7819e-01   9.3531e+01   3.5209e+01   5.4010e-03   7.9070e-03   2.8444e+02
20260915_06:00:00   3.3412e-01   8.4435e+01   3.1927e+01   2.1014e-04   3.3472e-02   2.8714e+02
20260915_09:00:00   3.3169e-01   8.3969e+01   3.1652e+01   0.0000e+00   1.6752e-02   2.8915e+02
20260915_12:00:00   3.6660e-01   9.1068e+01   3.5403e+01   3.9030e-05   1.7377e-02   2.9002e+02
20260915_15:00:00   4.2803e-01   1.0310e+02   4.1197e+01   7.6973e-04   5.4245e-02   2.8836e+02
20260915_18:00:00   5.0499e-01   1.1686e+02   4.9190e+01   2.3450e-03   2.2660e-01   2.8735e+02
20260915_21:00:00   4.2540e-01   1.0243e+02   4.3083e+01   0.0000e+00   5.7797e-02   2.8678e+02
20260916_00:00:00   4.0401e-01   9.8427e+01   4.0132e+01   0.0000e+00   4.2284e-02   2.8665e+02
20260916_03:00:00   4.0039e-01   9.7802e+01   3.9289e+01   0.0000e+00   3.3468e-02   2.8633e+02
20260916_06:00:00   4.4577e-01   1.0630e+02   4.3737e+01   1.5358e-04   3.3677e-02   2.8377e+02
20260916_09:00:00   4.6558e-01   1.0983e+02   4.6228e+01   0.0000e+00   8.0236e-03   2.8491e+02
20260916_12:00:00   4.5925e-01   1.0878e+02   4.5419e+01   4.0100e-07   3.0339e-03   2.8769e+02
20260916_15:00:00   4.6186e-01   1.0935e+02   4.5954e+01   2.3620e-04   3.8852e-03   2.9041e+02
20260916_18:00:00   4.6620e-01   1.1019e+02   4.6479e+01   4.0100e-07   2.6263e-03   2.9054e+02
20260916_21:00:00   4.8229e-01   1.1307e+02   4.7990e+01   8.8420e-08   1.2545e-04   2.8906e+02
20260917_00:00:00   5.1977e-01   1.1942e+02   5.1829e+01   1.3308e-04   7.6086e-04   2.9203e+02
20260917_03:00:00   5.0707e-01   1.1719e+02   5.1038e+01   0.0000e+00   7.8915e-04   2.8790e+02
20260917_06:00:00   5.3674e-01   1.2222e+02   5.3551e+01   6.0621e-04   3.3277e-03   2.8560e+02
20260917_09:00:00   5.4106e-01   1.2295e+02   5.4157e+01   4.9660e-06   2.0985e-03   2.8614e+02
20260917_12:00:00   5.5414e-01   1.2516e+02   5.5166e+01   1.3052e-03   1.7948e-03   2.8559e+02
20260917_15:00:00   5.8230e-01   1.2975e+02   5.8049e+01   6.1954e-04   2.1982e-03   2.8759e+02
20260917_18:00:00   5.9436e-01   1.3145e+02   5.9854e+01   6.4425e-04   2.2965e-02   2.8677e+02
20260917_21:00:00   5.9974e-01   1.3227e+02   6.0452e+01   1.3523e-05   3.2163e-03   2.8753e+02
20260918_00:00:00   5.9365e-01   1.3116e+02   6.0087e+01   7.5580e-05   6.3034e-03   2.9092e+02
20260918_03:00:00   5.8807e-01   1.3031e+02   5.9471e+01   0.0000e+00   6.2915e-02   2.9307e+02
20260918_06:00:00   5.9397e-01   1.3132e+02   5.7873e+01   2.9711e-02   7.1481e-02   2.9397e+02
20260918_09:00:00   5.9279e-01   1.3105e+02   5.8503e+01   1.5299e-02   2.7257e-01   2.9541e+02
20260918_12:00:00   5.7009e-01   1.2745e+02   5.7349e+01   0.0000e+00   3.2236e-01   2.9512e+02
20260918_15:00:00   5.5718e-01   1.2529e+02   5.6643e+01   6.8384e-04   1.7552e-01   2.9710e+02
20260918_18:00:00   4.9434e-01   1.1447e+02   5.1544e+01   0.0000e+00   4.0955e-01   2.9545e+02
20260918_21:00:00   5.0093e-01   1.1590e+02   5.0834e+01   4.9950e-04   4.7444e-02   2.9437e+02
20260919_00:00:00   5.3252e-01   1.2141e+02   5.3231e+01   1.0840e-05   7.8260e-02   2.9676e+02
20260919_03:00:00   5.0309e-01   1.1642e+02   5.0820e+01   3.1700e-04   2.1584e-02   2.9608e+02
20260919_06:00:00   4.7488e-01   1.1125e+02   4.8685e+01   0.0000e+00   7.7356e-02   2.9450e+02
20260919_09:00:00   5.0079e-01   1.1586e+02   5.0642e+01   1.2610e-03   6.9757e-02   2.9233e+02
20260919_12:00:00   4.8106e-01   1.1221e+02   4.9711e+01   4.7392e-05   2.4034e-02   2.9301e+02
20260919_15:00:00   4.7317e-01   1.1076e+02   4.9249e+01   1.8707e-06   4.6914e-02   2.9398e+02
20260919_18:00:00   5.1005e-01   1.1732e+02   5.1818e+01   1.0681e-03   3.0388e-01   2.9315e+02
20260919_21:00:00   5.5016e-01   1.2403e+02   5.5591e+01   3.9660e-04   1.4554e-01   2.9150e+02
20260920_00:00:00   5.5942e-01   1.2551e+02   5.6492e+01   2.5134e-03   1.2509e-01   2.9149e+02
20260920_03:00:00   5.2591e-01   1.2010e+02   5.3565e+01   9.9060e-06   9.7471e-02   2.9193e+02
20260920_06:00:00   5.2694e-01   1.2021e+02   5.3554e+01   0.0000e+00   3.9857e-02   2.9134e+02
20260920_09:00:00   5.1226e-01   1.1760e+02   5.2052e+01   7.9051e-04   2.1891e-01   2.8803e+02
20260920_12:00:00   5.1708e-01   1.1849e+02   5.2247e+01   0.0000e+00   3.7304e-03   2.8940e+02
20260920_15:00:00   5.0014e-01   1.1584e+02   5.0126e+01   1.0977e-04   6.1100e-05   2.9050e+02
20260920_18:00:00   4.9806e-01   1.1561e+02   4.9422e+01   8.9820e-04   1.3409e-03   2.9139e+02
20260920_21:00:00   5.0325e-01   1.1644e+02   5.0008e+01   8.5570e-04   6.3400e-04   2.8880e+02
20260921_00:00:00   4.5472e-01   1.0764e+02   4.6402e+01   2.2280e-07   6.6920e-06   2.8987e+02
20260921_03:00:00   3.9972e-01   9.7335e+01   4.1285e+01   0.0000e+00   0.0000e+00   2.9068e+02
20260921_06:00:00   4.3801e-01   1.0468e+02   4.3953e+01   2.2589e-06   0.0000e+00   2.8962e+02
20260921_09:00:00   4.9390e-01   1.1485e+02   4.8082e+01   9.0400e-06   0.0000e+00   2.8916e+02
20260921_12:00:00   4.9045e-01   1.1428e+02   4.7890e+01   7.4870e-06   0.0000e+00   2.8883e+02
20260921_15:00:00   4.7739e-01   1.1216e+02   4.6347e+01   1.1979e-04   3.2640e-24   2.9242e+02
20260921_18:00:00   4.8963e-01   1.1429e+02   4.7598e+01   1.5705e-04   0.0000e+00   2.8932e+02
20260921_21:00:00   5.0875e-01   1.1746e+02   4.9589e+01   1.6636e-06   2.4635e-04   2.9065e+02
20260922_00:00:00   5.0907e-01   1.1746e+02   4.9903e+01   3.9452e-05   0.0000e+00   2.9145e+02
20260922_03:00:00   4.9830e-01   1.1560e+02   4.8861e+01   2.5441e-03   0.0000e+00   2.9210e+02
20260922_06:00:00   5.8019e-01   1.2943e+02   4.9721e+01   9.7006e-02   6.6040e-06   2.8937e+02
20260922_09:00:00   5.5440e-01   1.2508e+02   4.9731e+01   6.0685e-02   4.8341e-05   2.8991e+02
20260922_12:00:00   4.8632e-01   1.1326e+02   4.8047e+01   7.0200e-05   0.0000e+00   2.9411e+02
20260922_15:00:00   4.6216e-01   1.0907e+02   4.5863e+01   1.2670e-04   0.0000e+00   2.9391e+02
20260922_18:00:00   4.8817e-01   1.1375e+02   4.7734e+01   3.9180e-05   3.5360e-07   2.9163e+02
20260922_21:00:00   4.9858e-01   1.1551e+02   4.8833e+01   2.4958e-04   0.0000e+00   2.9201e+02
20260923_00:00:00   5.1114e-01   1.1759e+02   5.0215e+01   1.0193e-04   2.2080e-04   2.9238e+02
20260923_03:00:00   5.2142e-01   1.1935e+02   5.1172e+01   1.4045e-04   0.0000e+00   2.9082e+02
20260923_06:00:00   5.2247e-01   1.1950e+02   5.1403e+01   2.8628e-05   7.1705e-04   2.8833e+02
20260923_09:00:00   5.2498e-01   1.1994e+02   5.1948e+01   3.3956e-04   1.7478e-03   2.8457e+02
20260923_12:00:00   5.2937e-01   1.2069e+02   5.2758e+01   5.1620e-04   1.0502e-03   2.8805e+02
20260923_15:00:00   5.4259e-01   1.2307e+02   5.3559e+01   1.1080e-03   1.2891e-04   2.8914e+02
20260923_18:00:00   5.3567e-01   1.2196e+02   5.3389e+01   0.0000e+00   9.7880e-07   2.8807e+02
20260923_21:00:00   5.3284e-01   1.2143e+02   5.3430e+01   1.5721e-04   1.4880e-04   2.8226e+02
20260924_00:00:00   5.3868e-01   1.2229e+02   5.4404e+01   8.9100e-08   1.7562e-05   2.8116e+02
20260924_03:00:00   5.2825e-01   1.2062e+02   5.3456e+01   0.0000e+00   5.3240e-06   2.8507e+02
20260924_06:00:00   5.3024e-01   1.2081e+02   5.3716e+01   6.6040e-06   6.4746e-05   2.7973e+02
20260924_09:00:00   5.4943e-01   1.2398e+02   5.5479e+01   0.0000e+00   4.2009e-04   2.7889e+02
20260924_12:00:00   5.6395e-01   1.2638e+02   5.7050e+01   0.0000e+00   1.6315e-03   2.8092e+02
20260924_15:00:00   5.8976e-01   1.3034e+02   6.0036e+01   2.7604e-03   5.7311e-03   2.8152e+02
20260924_18:00:00   5.7427e-01   1.2802e+02   5.8643e+01   7.7200e-04   9.3634e-03   2.8146e+02
20260924_21:00:00   5.6095e-01   1.2594e+02   5.7483e+01   0.0000e+00   4.8479e-03   2.8107e+02
20260925_00:00:00   5.6050e-01   1.2591e+02   5.7358e+01   0.0000e+00   1.3674e-02   2.8473e+02
20260925_03:00:00   5.5432e-01   1.2496e+02   5.6576e+01   0.0000e+00   6.1960e-04   2.8527e+02
20260925_06:00:00   5.6553e-01   1.2679e+02   5.7098e+01   0.0000e+00   8.0077e-05   2.8149e+02
20260925_09:00:00   5.6455e-01   1.2665e+02   5.6672e+01   0.0000e+00   0.0000e+00   2.8027e+02
20260925_12:00:00   5.5923e-01   1.2587e+02   5.6292e+01   0.0000e+00   4.4280e-07   2.7932e+02
