#            date       tau255        Tb[K]      pwv[mm] lwp[kg*m^-2] iwp[kg*m^-2]       o3[DU]
20260912_06:00:00   5.5215e-01   1.2539e+02   3.8031e+01   1.9794e-01   4.2831e-05   2.9923e+02
20260912_07:00:00   5.4057e-01   1.2341e+02   3.7617e+01   1.8960e-01   2.8439e-04   2.9588e+02
20260912_08:00:00   4.9826e-01   1.1615e+02   3.6981e+01   1.4354e-01   2.2039e-04   2.9328e+02
20260912_09:00:00   4.6175e-01   1.0958e+02   3.6694e+01   1.0036e-01   1.7912e-03   2.9435e+02
20260912_10:00:00   4.4893e-01   1.0720e+02   3.6499e+01   8.7500e-02   5.8837e-03   2.9556e+02
20260912_11:00:00   4.4030e-01   1.0555e+02   3.6324e+01   7.9620e-02   6.6976e-03   2.9520e+02
20260912_12:00:00   4.9047e-01   1.1465e+02   3.6792e+01   1.3928e-01   1.6320e-03   2.9373e+02
20260912_13:00:00   4.9252e-01   1.1509e+02   3.7132e+01   1.3664e-01   7.4250e-04   2.9237e+02
20260912_14:00:00   3.9407e-01   9.6813e+01   3.6150e+01   2.4260e-02   8.3056e-04   2.9300e+02
20260912_15:00:00   3.6658e-01   9.1408e+01   3.5543e+01   0.0000e+00   1.2400e-03   2.9430e+02
20260912_16:00:00   3.9712e-01   9.7481e+01   3.7913e+01   0.0000e+00   2.6641e-04   2.9139e+02
20260912_17:00:00   4.1824e-01   1.0156e+02   3.9331e+01   0.0000e+00   3.8920e-04   2.8890e+02
20260912_18:00:00   4.1739e-01   1.0140e+02   3.9198e+01   0.0000e+00   2.3691e-03   2.9088e+02
20260912_19:00:00   4.2152e-01   1.0214e+02   3.9487e+01   3.6410e-04   3.8486e-03   2.9124e+02
20260912_20:00:00   4.1760e-01   1.0139e+02   3.9188e+01   7.7380e-04   8.4379e-03   2.9186e+02
20260912_21:00:00   4.1056e-01   1.0003e+02   3.8824e+01   0.0000e+00   1.5994e-02   2.9272e+02
20260912_22:00:00   4.1706e-01   1.0127e+02   3.9493e+01   0.0000e+00   4.4120e-03   2.9390e+02
20260912_23:00:00   4.3964e-01   1.0551e+02   4.1123e+01   1.3208e-05   1.1580e-03   2.9182e+02
20260913_00:00:00   4.5444e-01   1.0824e+02   4.2471e+01   3.1280e-05   2.0930e-03   2.9142e+02
20260913_01:00:00   4.5369e-01   1.0805e+02   4.2783e+01   3.9660e-05   2.0227e-03   2.9364e+02
20260913_02:00:00   4.3117e-01   1.0386e+02   4.0970e+01   9.1103e-06   1.1427e-04   2.9394e+02
20260913_03:00:00   4.2453e-01   1.0255e+02   4.0402e+01   8.2750e-04   5.6360e-06   2.9423e+02
20260913_04:00:00   4.2933e-01   1.0346e+02   4.0714e+01   8.1296e-04   1.1176e-05   2.9713e+02
20260913_05:00:00   4.2701e-01   1.0296e+02   4.0047e+01   9.7620e-03   0.0000e+00   2.9847e+02
20260913_06:00:00   4.6755e-01   1.1047e+02   3.9758e+01   7.0557e-02   0.0000e+00   3.0015e+02
20260913_07:00:00   5.5243e-01   1.2535e+02   3.9913e+01   1.8266e-01   0.0000e+00   3.0074e+02
20260913_08:00:00   6.0360e-01   1.3368e+02   4.0430e+01   2.4590e-01   0.0000e+00   2.9791e+02
20260913_09:00:00   5.2375e-01   1.2035e+02   4.0352e+01   1.4252e-01   0.0000e+00   2.9552e+02
20260913_10:00:00   4.0726e-01   9.9043e+01   3.9061e+01   1.0255e-02   0.0000e+00   2.9416e+02
20260913_11:00:00   4.0811e-01   9.9270e+01   3.9364e+01   1.9292e-04   0.0000e+00   2.9378e+02
20260913_12:00:00   4.1474e-01   1.0063e+02   3.9552e+01   2.9909e-05   5.3460e-07   2.9067e+02
20260913_13:00:00   4.0534e-01   9.8894e+01   3.8579e+01   2.6730e-07   1.7364e-03   2.9265e+02
20260913_14:00:00   4.1538e-01   1.0084e+02   3.9176e+01   4.3440e-06   1.7396e-02   2.9440e+02
20260913_15:00:00   4.2610e-01   1.0289e+02   4.0070e+01   1.3365e-06   2.9417e-02   2.9255e+02
20260913_16:00:00   4.1993e-01   1.0170e+02   3.9726e+01   0.0000e+00   3.7886e-02   2.9258e+02
20260913_17:00:00   4.1220e-01   1.0021e+02   3.9092e+01   1.7102e-03   1.0999e-02   2.9405e+02
20260913_18:00:00   4.3297e-01   1.0409e+02   4.1414e+01   1.0648e-04   6.4537e-03   2.9426e+02
20260913_19:00:00   4.4862e-01   1.0691e+02   4.3231e+01   2.6771e-04   8.9216e-03   2.9498e+02
20260913_20:00:00   4.3481e-01   1.0435e+02   4.2307e+01   2.7134e-04   3.9785e-02   2.9374e+02
20260913_21:00:00   4.2162e-01   1.0185e+02   4.1255e+01   0.0000e+00   1.4137e-02   2.9162e+02
20260913_22:00:00   4.1452e-01   1.0050e+02   4.0602e+01   2.6640e-05   3.3501e-02   2.9116e+02
20260913_23:00:00   4.0176e-01   9.8074e+01   3.9377e+01   0.0000e+00   2.1454e-01   2.9121e+02
20260914_00:00:00   4.1652e-01   1.0091e+02   4.0550e+01   5.2180e-05   2.7268e-01   2.9167e+02
20260914_01:00:00   4.3043e-01   1.0357e+02   4.1516e+01   1.0515e-03   8.4832e-02   2.9134e+02
20260914_02:00:00   4.1297e-01   1.0026e+02   4.0156e+01   9.3860e-04   1.2878e-01   2.9242e+02
20260914_03:00:00   4.2541e-01   1.0261e+02   4.0935e+01   1.8568e-03   5.1770e-02   2.9003e+02
20260914_04:00:00   4.2450e-01   1.0243e+02   4.0761e+01   1.3738e-03   7.1533e-02   2.8836e+02
20260914_05:00:00   4.2167e-01   1.0188e+02   4.0645e+01   2.4958e-06   4.5160e-02   2.8776e+02
20260914_06:00:00   4.2369e-01   1.0226e+02   4.0716e+01   3.3020e-05   7.6476e-02   2.8801e+02
20260914_07:00:00   4.3502e-01   1.0437e+02   4.1546e+01   2.5100e-04   9.1372e-02   2.8787e+02
20260914_08:00:00   4.3932e-01   1.0514e+02   4.2021e+01   6.3200e-05   4.2329e-02   2.8908e+02
20260914_09:00:00   4.1438e-01   1.0039e+02   4.0213e+01   4.9910e-06   4.6997e-02   2.9027e+02
20260914_10:00:00   4.0527e-01   9.8593e+01   3.9637e+01   0.0000e+00   2.0946e-02   2.8914e+02
20260914_11:00:00   4.1653e-01   1.0074e+02   4.0606e+01   0.0000e+00   4.8609e-02   2.8731e+02
20260914_12:00:00   4.2236e-01   1.0191e+02   4.1197e+01   3.6320e-05   7.1482e-02   2.8839e+02
20260914_13:00:00   4.4056e-01   1.0539e+02   4.2661e+01   9.6013e-05   6.7079e-02   2.8988e+02
20260914_14:00:00   4.3845e-01   1.0497e+02   4.2785e+01   5.0424e-04   4.7436e-02   2.8788e+02
20260914_15:00:00   3.9922e-01   9.7382e+01   4.0287e+01   4.0980e-06   2.0593e-02   2.8623e+02
20260914_16:00:00   3.8528e-01   9.4636e+01   3.9187e+01   0.0000e+00   3.8870e-02   2.8526e+02
20260914_17:00:00   4.1815e-01   1.0106e+02   4.1605e+01   0.0000e+00   8.3293e-02   2.8400e+02
20260914_18:00:00   4.3984e-01   1.0519e+02   4.3253e+01   5.4976e-04   1.7046e-01   2.8318e+02
20260914_19:00:00   4.5741e-01   1.0836e+02   4.5085e+01   5.9460e-04   3.8023e-02   2.8475e+02
20260914_20:00:00   4.6448e-01   1.0951e+02   4.6127e+01   2.3560e-04   2.0207e-01   2.8690e+02
20260914_21:00:00   4.6220e-01   1.0909e+02   4.6042e+01   1.8232e-04   1.8842e-01   2.8925e+02
20260914_22:00:00   4.7015e-01   1.1042e+02   4.7000e+01   2.0100e-05   4.1061e-01   2.9091e+02
20260914_23:00:00   4.8494e-01   1.1290e+02   4.8819e+01   3.5360e-07   4.8093e-01   2.9057e+02
20260915_00:00:00   4.7644e-01   1.1148e+02   4.7974e+01   0.0000e+00   1.6677e-01   2.8902e+02
20260915_01:00:00   4.7080e-01   1.1051e+02   4.7354e+01   8.8420e-08   7.5697e-02   2.8787e+02
20260915_02:00:00   4.7398e-01   1.1106e+02   4.7730e+01   8.8420e-08   1.2856e-01   2.8680e+02
20260915_03:00:00   4.8079e-01   1.1212e+02   4.8755e+01   4.1800e-05   4.4861e-01   2.8760e+02
20260915_04:00:00   4.7966e-01   1.1193e+02   4.8409e+01   1.5228e-05   6.1433e-01   2.9020e+02
20260915_05:00:00   4.6690e-01   1.0955e+02   4.7673e+01   3.9480e-06   6.0683e-01   2.9159e+02
20260915_06:00:00   4.4788e-01   1.0627e+02   4.5402e+01   7.8980e-06   2.6233e-01   2.9039e+02
20260915_07:00:00   4.7365e-01   1.1077e+02   4.7801e+01   5.1296e-03   1.0824e-01   2.8968e+02
20260915_08:00:00   5.1022e-01   1.1683e+02   4.9157e+01   3.5920e-02   4.2476e-02   2.8974e+02
20260915_09:00:00   4.8905e-01   1.1290e+02   4.5380e+01   5.7906e-02   1.6168e-03   2.8938e+02
20260915_10:00:00   4.3688e-01   1.0408e+02   4.4631e+01   3.4060e-03   7.8377e-04   2.9067e+02
20260915_11:00:00   4.6807e-01   1.0992e+02   4.6974e+01   4.5880e-03   6.4339e-04   2.9198e+02
20260915_12:00:00   4.9727e-01   1.1457e+02   4.6169e+01   5.3260e-02   1.1035e-03   2.9130e+02
20260915_13:00:00   5.3557e-01   1.2061e+02   4.5829e+01   1.0099e-01   2.7162e-03   2.9020e+02
20260915_14:00:00   4.6623e-01   1.0956e+02   4.6550e+01   1.0240e-02   1.2687e-03   2.9149e+02
20260915_15:00:00   4.7797e-01   1.1184e+02   4.8152e+01   7.4686e-04   3.3871e-03   2.9077e+02
20260915_16:00:00   4.9852e-01   1.1548e+02   4.9793e+01   3.1694e-03   5.2106e-03   2.9077e+02
20260915_17:00:00   4.8799e-01   1.1362e+02   4.9224e+01   1.2640e-03   2.2020e-03   2.9118e+02
20260915_18:00:00   4.8616e-01   1.1332e+02   4.9077e+01   1.9712e-04   9.4041e-03   2.9004e+02
20260915_19:00:00   4.9585e-01   1.1504e+02   4.9841e+01   1.4607e-03   1.1673e-02   2.9074e+02
20260915_20:00:00   5.1402e-01   1.1819e+02   5.0886e+01   1.0684e-02   1.3122e-02   2.8929e+02
20260915_21:00:00   5.1747e-01   1.1868e+02   5.1924e+01   3.0046e-03   2.6127e-02   2.8833e+02
20260915_22:00:00   5.1812e-01   1.1868e+02   5.2356e+01   6.3760e-04   4.7363e-02   2.8936e+02
20260915_23:00:00   5.1082e-01   1.1747e+02   5.1571e+01   7.4060e-04   4.1602e-02   2.8763e+02
20260916_00:00:00   4.9462e-01   1.1471e+02   5.0062e+01   2.3900e-06   3.0077e-02   2.8679e+02
20260916_01:00:00   4.9560e-01   1.1493e+02   4.9798e+01   1.3640e-05   7.0030e-02   2.8419e+02
20260916_02:00:00   5.0813e-01   1.1714e+02   5.0708e+01   7.0100e-04   8.6451e-02   2.8881e+02
20260916_03:00:00   5.2490e-01   1.1999e+02   5.2076e+01   1.9837e-03   7.1657e-03   2.8679e+02
20260916_04:00:00   5.5156e-01   1.2441e+02   5.3678e+01   1.7721e-02   6.3734e-03   2.8838e+02
20260916_05:00:00   5.6432e-01   1.2656e+02   5.1453e+01   6.7256e-02   4.3678e-03   2.8816e+02
20260916_06:00:00   4.9693e-01   1.1507e+02   4.7034e+01   4.0589e-02   1.7960e-02   2.8798e+02
20260916_07:00:00   4.1788e-01   1.0057e+02   4.2739e+01   1.9965e-05   1.1827e-01   2.8689e+02
20260916_08:00:00   3.8854e-01   9.4893e+01   3.9913e+01   0.0000e+00   7.4654e-02   2.8708e+02
20260916_09:00:00   3.6721e-01   9.0702e+01   3.7513e+01   0.0000e+00   2.3304e-03   2.8828e+02
20260916_10:00:00   3.5619e-01   8.8529e+01   3.6085e+01   0.0000e+00   8.1468e-04   2.8819e+02
20260916_11:00:00   3.5942e-01   8.9277e+01   3.6098e+01   0.0000e+00   1.4484e-03   2.8744e+02
20260916_12:00:00   3.8461e-01   9.4448e+01   3.7740e+01   3.8110e-03   9.5224e-05   2.8678e+02
20260916_13:00:00   4.0268e-01   9.8093e+01   3.9353e+01   1.4413e-03   6.3522e-05   2.8610e+02
20260916_14:00:00   4.1021e-01   9.9661e+01   3.9898e+01   2.1345e-03   5.9468e-04   2.8717e+02
20260916_15:00:00   4.1553e-01   1.0077e+02   4.0182e+01   2.2361e-03   6.8060e-04   2.8786e+02
20260916_16:00:00   4.1860e-01   1.0141e+02   4.0278e+01   3.7230e-03   2.6436e-03   2.8961e+02
20260916_17:00:00   4.1840e-01   1.0142e+02   4.0315e+01   1.0061e-03   2.9121e-03   2.8973e+02
20260916_18:00:00   4.2616e-01   1.0293e+02   4.0986e+01   1.8962e-04   6.2021e-04   2.8797e+02
20260916_19:00:00   4.2837e-01   1.0341e+02   4.1043e+01   2.5944e-04   2.0464e-05   2.8737e+02
20260916_20:00:00   4.3509e-01   1.0470e+02   4.1427e+01   1.1703e-03   6.9244e-05   2.8788e+02
20260916_21:00:00   4.4752e-01   1.0703e+02   4.2489e+01   1.0635e-03   2.9727e-04   2.8827e+02
20260916_22:00:00   4.5600e-01   1.0862e+02   4.3264e+01   6.2820e-05   3.7561e-03   2.8973e+02
20260916_23:00:00   4.6483e-01   1.1023e+02   4.4170e+01   1.7684e-07   9.3221e-03   2.9013e+02
20260917_00:00:00   4.7817e-01   1.1260e+02   4.5456e+01   1.2344e-04   2.1269e-02   2.8967e+02
20260917_01:00:00   4.8884e-01   1.1448e+02   4.6652e+01   1.4316e-04   2.6089e-02   2.8694e+02
20260917_02:00:00   4.9629e-01   1.1575e+02   4.7532e+01   1.2002e-04   2.2741e-02   2.8733e+02
20260917_03:00:00   5.0068e-01   1.1646e+02   4.8306e+01   7.3820e-05   1.8793e-02   2.8847e+02
20260917_04:00:00   5.1016e-01   1.1805e+02   4.9604e+01   1.5798e-03   1.9965e-02   2.8840e+02
20260917_05:00:00   5.1910e-01   1.1946e+02   5.1129e+01   7.4141e-04   2.8620e-02   2.8710e+02
20260917_06:00:00   5.4087e-01   1.2310e+02   5.2618e+01   1.4705e-02   1.5061e-02   2.8548e+02
20260917_09:00:00   6.9393e-01   1.4710e+02   5.5477e+01   1.8315e-01   2.4583e-03   2.8384e+02
20260917_12:00:00   5.7210e-01   1.2803e+02   5.6878e+01   1.3638e-03   8.2716e-05   2.8250e+02
20260917_15:00:00   5.6028e-01   1.2615e+02   5.6614e+01   2.3600e-05   3.8270e-03   2.8401e+02
20260917_18:00:00   5.7150e-01   1.2785e+02   5.7871e+01   2.7947e-04   9.8458e-04   2.8548e+02
20260917_21:00:00   5.7328e-01   1.2791e+02   5.8415e+01   5.3460e-07   3.1942e-04   2.8587e+02
20260918_00:00:00   5.4089e-01   1.2249e+02   5.6049e+01   0.0000e+00   2.4836e-04   2.8602e+02
20260918_03:00:00   5.0898e-01   1.1719e+02   5.2756e+01   0.0000e+00   3.2801e-03   2.8869e+02
20260918_06:00:00   4.6683e-01   1.0971e+02   4.8774e+01   0.0000e+00   2.3006e-03   2.8767e+02
20260918_09:00:00   4.4880e-01   1.0647e+02   4.6531e+01   0.0000e+00   2.4066e-02   2.9111e+02
20260918_12:00:00   4.9813e-01   1.1558e+02   4.7985e+01   3.4122e-02   2.2888e-02   2.9269e+02
20260918_15:00:00   4.8301e-01   1.1306e+02   4.8822e+01   7.0659e-05   7.5706e-03   2.9355e+02
20260918_18:00:00   4.9670e-01   1.1546e+02   4.9855e+01   4.0354e-04   8.9183e-04   2.9273e+02
20260918_21:00:00   5.0716e-01   1.1729e+02   5.0668e+01   2.3080e-05   0.0000e+00   2.9207e+02
20260919_00:00:00   4.6915e-01   1.1052e+02   4.7676e+01   4.7780e-05   6.1338e-06   2.9220e+02
20260919_03:00:00   4.8739e-01   1.1381e+02   4.8613e+01   1.7872e-05   0.0000e+00   2.8947e+02
20260919_06:00:00   4.8446e-01   1.1325e+02   4.8114e+01   1.7934e-03   0.0000e+00   2.8764e+02
20260919_09:00:00   4.7810e-01   1.1199e+02   4.7959e+01   4.7400e-04   1.6002e-05   2.8708e+02
20260919_12:00:00   5.1141e-01   1.1793e+02   5.0574e+01   6.2544e-04   1.5420e-05   2.8783e+02
20260919_15:00:00   5.1017e-01   1.1781e+02   5.0812e+01   3.5430e-04   3.3301e-05   2.9185e+02
20260919_18:00:00   4.3636e-01   1.0429e+02   4.5471e+01   0.0000e+00   8.7344e-04   2.9033e+02
20260919_21:00:00   4.1922e-01   1.0106e+02   4.3856e+01   0.0000e+00   1.6944e-05   2.8884e+02
20260920_00:00:00   4.8585e-01   1.1352e+02   4.8521e+01   1.2700e-05   8.1580e-06   2.9020e+02
20260920_03:00:00   4.6547e-01   1.0975e+02   4.7457e+01   1.3810e-06   1.0820e-05   2.9045e+02
20260920_06:00:00   4.7613e-01   1.1167e+02   4.7633e+01   3.9520e-04   6.9566e-05   2.9094e+02
20260920_09:00:00   4.9095e-01   1.1427e+02   4.9054e+01   4.4560e-07   7.0098e-04   2.9037e+02
20260920_12:00:00   5.2634e-01   1.2041e+02   5.1490e+01   4.2398e-03   5.2216e-03   2.9100e+02
20260920_15:00:00   5.3082e-01   1.2122e+02   5.2130e+01   5.6225e-03   9.6402e-03   2.9221e+02
20260920_18:00:00   4.9322e-01   1.1462e+02   5.0145e+01   2.5455e-04   5.1076e-03   2.9306e+02
20260920_21:00:00   4.5358e-01   1.0734e+02   4.7284e+01   0.0000e+00   3.4770e-03   2.8993e+02
20260921_00:00:00   4.5728e-01   1.0804e+02   4.7131e+01   0.0000e+00   2.2768e-05   2.8819e+02
20260921_03:00:00   4.9984e-01   1.1586e+02   4.9890e+01   3.4442e-04   7.0233e-04   2.8983e+02
20260921_06:00:00   4.5454e-01   1.0758e+02   4.6315e+01   3.2760e-04   1.0280e-05   2.8961e+02
20260921_09:00:00   4.4907e-01   1.0652e+02   4.5907e+01   3.3020e-06   5.4960e-06   2.9078e+02
20260921_12:00:00   4.6965e-01   1.1033e+02   4.7683e+01   0.0000e+00   5.4240e-06   2.9373e+02
20260921_15:00:00   4.8027e-01   1.1243e+02   4.8337e+01   6.5740e-05   5.4240e-06   2.9216e+02
20260921_18:00:00   4.7513e-01   1.1155e+02   4.7839e+01   3.7930e-04   9.8680e-06   2.8907e+02
20260921_21:00:00   4.6055e-01   1.0892e+02   4.6464e+01   0.0000e+00   2.6309e-05   2.8769e+02
20260922_00:00:00   4.4929e-01   1.0684e+02   4.5290e+01   8.3072e-05   3.1968e-07   2.8631e+02
20260922_03:00:00   4.6744e-01   1.1023e+02   4.6119e+01   3.6501e-03   1.4148e-07   2.8803e+02
20260922_06:00:00   4.6745e-01   1.1025e+02   4.6155e+01   7.5097e-04   0.0000e+00   2.8874e+02
20260922_09:00:00   4.5819e-01   1.0853e+02   4.5273e+01   2.9480e-04   0.0000e+00   2.8667e+02
20260922_12:00:00   4.6099e-01   1.0916e+02   4.5309e+01   6.7860e-05   0.0000e+00   2.8823e+02
20260922_15:00:00   4.7126e-01   1.1123e+02   4.6054e+01   2.0065e-03   7.1900e-06   2.8822e+02
20260922_18:00:00   4.8617e-01   1.1401e+02   4.7279e+01   1.4277e-03   0.0000e+00   2.8436e+02
20260922_21:00:00   4.9913e-01   1.1630e+02   4.8406e+01   3.3858e-05   0.0000e+00   2.8244e+02
20260923_00:00:00   5.1926e-01   1.1974e+02   5.0195e+01   2.3140e-04   0.0000e+00   2.8081e+02
20260923_03:00:00   5.2300e-01   1.2047e+02   4.9713e+01   9.0800e-03   0.0000e+00   2.8034e+02
20260923_06:00:00   5.2628e-01   1.2089e+02   5.0724e+01   4.7420e-06   5.6979e-04   2.8021e+02
20260923_09:00:00   5.3163e-01   1.2157e+02   5.1829e+01   4.2178e-05   3.4754e-03   2.8035e+02
20260923_12:00:00   5.4192e-01   1.2321e+02   5.3177e+01   1.3488e-05   1.2819e-02   2.8312e+02
20260923_15:00:00   5.5739e-01   1.2578e+02   5.5123e+01   6.1255e-04   4.0487e-02   2.8537e+02
20260923_18:00:00   5.6207e-01   1.2639e+02   5.6139e+01   1.5014e-03   8.8076e-03   2.8246e+02
20260923_21:00:00   5.6181e-01   1.2629e+02   5.6299e+01   7.6904e-04   1.0779e-03   2.8061e+02
20260924_00:00:00   5.6768e-01   1.2717e+02   5.6603e+01   6.2460e-03   5.1941e-03   2.7985e+02
20260924_03:00:00   5.3244e-01   1.2133e+02   5.3643e+01   7.0700e-03   4.1063e-03   2.8073e+02
20260924_06:00:00   4.9537e-01   1.1492e+02   4.9907e+01   1.3265e-02   1.6558e-02   2.8035e+02
20260924_09:00:00   5.4517e-01   1.2367e+02   5.0459e+01   6.2500e-02   2.6569e-04   2.8217e+02
20260924_12:00:00   5.3770e-01   1.2218e+02   5.3991e+01   2.1454e-03   7.7686e-05   2.8615e+02
20260924_15:00:00   5.1508e-01   1.1834e+02   5.2586e+01   9.4760e-05   1.4330e-04   2.8453e+02
20260924_18:00:00   4.8233e-01   1.1253e+02   4.9924e+01   4.3628e-06   7.4928e-03   2.8554e+02
20260924_21:00:00   5.1657e-01   1.1863e+02   5.2037e+01   1.0117e-03   5.7978e-03   2.8464e+02
20260925_00:00:00   4.7499e-01   1.1139e+02   4.7919e+01   0.0000e+00   7.3616e-03   2.9018e+02
20260925_03:00:00   4.4548e-01   1.0624e+02   4.3812e+01   2.0340e-06   5.1635e-03   2.8888e+02
20260925_06:00:00   4.5550e-01   1.0792e+02   4.5104e+01   0.0000e+00   4.7480e-04   2.8777e+02
20260925_09:00:00   4.4269e-01   1.0550e+02   4.3933e+01   2.0039e-03   4.5796e-04   2.8652e+02
20260925_12:00:00   4.4952e-01   1.0678e+02   4.4560e+01   8.3250e-04   1.0796e-03   2.8760e+02
20260925_15:00:00   4.4721e-01   1.0643e+02   4.4554e+01   7.8520e-04   1.4765e-02   2.8796e+02
20260925_18:00:00   4.4931e-01   1.0682e+02   4.4836e+01   0.0000e+00   4.9902e-03   2.8545e+02
20260925_21:00:00   4.4928e-01   1.0684e+02   4.4671e+01   1.4973e-04   4.0848e-03   2.8957e+02
20260926_00:00:00   4.5322e-01   1.0757e+02   4.4982e+01   0.0000e+00   9.8952e-04   2.9021e+02
20260926_03:00:00   4.4821e-01   1.0656e+02   4.4687e+01   4.0980e-06   6.8481e-03   2.8710e+02
20260926_06:00:00   4.5126e-01   1.0705e+02   4.5000e+01   1.0691e-05   6.7078e-03   2.8276e+02
20260926_09:00:00   4.5872e-01   1.0837e+02   4.5807e+01   0.0000e+00   2.6385e-03   2.8405e+02
20260926_12:00:00   4.6531e-01   1.0952e+02   4.6976e+01   1.2878e-05   2.6821e-02   2.8555e+02
20260926_15:00:00   4.8555e-01   1.1316e+02   4.8931e+01   5.7403e-03   7.0921e-02   2.8586e+02
20260926_18:00:00   5.0101e-01   1.1587e+02   5.0744e+01   1.4242e-03   6.4867e-03   2.8457e+02
20260926_21:00:00   5.0716e-01   1.1695e+02   5.1538e+01   0.0000e+00   5.5135e-02   2.8226e+02
20260927_00:00:00   5.2181e-01   1.1936e+02   5.3213e+01   0.0000e+00   1.0268e-02   2.8317e+02
20260927_03:00:00   5.3851e-01   1.2213e+02   5.4738e+01   3.9620e-05   6.8059e-02   2.8139e+02
20260927_06:00:00   5.3265e-01   1.2100e+02   5.4533e+01   3.9620e-05   2.0841e-01   2.7826e+02
20260927_09:00:00   5.4877e-01   1.2371e+02   5.5870e+01   6.0350e-05   1.9369e-01   2.7896e+02
20260927_12:00:00   5.6024e-01   1.2573e+02   5.6607e+01   2.1548e-03   1.7477e-02   2.8197e+02
20260927_15:00:00   5.0446e-01   1.1610e+02   5.2295e+01   2.1580e-03   8.9133e-02   2.8509e+02
20260927_18:00:00   5.2638e-01   1.2010e+02   5.3709e+01   3.1776e-04   4.6452e-02   2.8333e+02
20260927_21:00:00   5.2992e-01   1.2072e+02   5.3696e+01   0.0000e+00   4.5235e-01   2.8384e+02
20260928_00:00:00   5.1238e-01   1.1788e+02   5.1503e+01   0.0000e+00   4.0508e-01   2.8659e+02
20260928_03:00:00   4.9580e-01   1.1496e+02   5.0548e+01   5.9000e-05   1.5520e-01   2.8386e+02
20260928_06:00:00   4.7582e-01   1.1145e+02   4.8528e+01   1.0034e-04   1.7115e-01   2.7985e+02
