#            date       tau255        Tb[K]      pwv[mm] lwp[kg*m^-2] iwp[kg*m^-2]       o3[DU]
20261003_00:00:00   4.5567e-01   1.0798e+02   4.6001e+01   0.0000e+00   6.7040e-03   2.8660e+02
20261003_01:00:00   4.3305e-01   1.0374e+02   4.3889e+01   0.0000e+00   9.2904e-03   2.8481e+02
20261003_02:00:00   4.3190e-01   1.0355e+02   4.3561e+01   0.0000e+00   3.9141e-03   2.8498e+02
20261003_03:00:00   4.4743e-01   1.0646e+02   4.4754e+01   0.0000e+00   3.4405e-04   2.8240e+02
20261003_04:00:00   4.3989e-01   1.0499e+02   4.4329e+01   0.0000e+00   8.0392e-03   2.8112e+02
20261003_05:00:00   4.2306e-01   1.0171e+02   4.3158e+01   0.0000e+00   9.6937e-03   2.8015e+02
20261003_06:00:00   4.1118e-01   9.9382e+01   4.2347e+01   0.0000e+00   1.0633e-02   2.8081e+02
20261003_07:00:00   4.1133e-01   9.9352e+01   4.2487e+01   0.0000e+00   1.2571e-02   2.8405e+02
20261003_08:00:00   4.1365e-01   9.9784e+01   4.2774e+01   0.0000e+00   3.9291e-03   2.8503e+02
20261003_09:00:00   4.3995e-01   1.0479e+02   4.4789e+01   0.0000e+00   3.9914e-03   2.8594e+02
20261003_10:00:00   4.6819e-01   1.0996e+02   4.7250e+01   0.0000e+00   4.0650e-03   2.8782e+02
20261003_11:00:00   4.8227e-01   1.1248e+02   4.8482e+01   4.2190e-05   6.4199e-03   2.8899e+02
20261003_12:00:00   4.8385e-01   1.1279e+02   4.8713e+01   4.2100e-06   5.6985e-03   2.8799e+02
20261003_13:00:00   4.8567e-01   1.1309e+02   4.9048e+01   9.0090e-05   1.2420e-02   2.8736e+02
20261003_14:00:00   4.4901e-01   1.0642e+02   4.6442e+01   7.7360e-05   4.6558e-02   2.8720e+02
20261003_15:00:00   4.0686e-01   9.8404e+01   4.3031e+01   0.0000e+00   8.6918e-02   2.8961e+02
20261003_16:00:00   4.1616e-01   1.0028e+02   4.3406e+01   0.0000e+00   9.8733e-02   2.8703e+02
20261003_17:00:00   4.4617e-01   1.0608e+02   4.5495e+01   0.0000e+00   4.8610e-02   2.8218e+02
20261003_18:00:00   4.6682e-01   1.0997e+02   4.6925e+01   0.0000e+00   5.5998e-03   2.8323e+02
20261003_19:00:00   4.7095e-01   1.1074e+02   4.7191e+01   7.7360e-05   8.7537e-04   2.8176e+02
20261003_20:00:00   4.7339e-01   1.1118e+02   4.7335e+01   6.0840e-05   2.6425e-03   2.8094e+02
20261003_21:00:00   4.7853e-01   1.1214e+02   4.7672e+01   0.0000e+00   1.1073e-02   2.8083e+02
20261003_22:00:00   4.7516e-01   1.1157e+02   4.7263e+01   0.0000e+00   1.7987e-02   2.8069e+02
20261003_23:00:00   4.6543e-01   1.0984e+02   4.6369e+01   0.0000e+00   1.3412e-02   2.8235e+02
20261004_00:00:00   4.5919e-01   1.0877e+02   4.5558e+01   0.0000e+00   1.4092e-03   2.8413e+02
20261004_01:00:00   4.6349e-01   1.0961e+02   4.5611e+01   4.2100e-06   7.5498e-04   2.8473e+02
20261004_02:00:00   4.6330e-01   1.0958e+02   4.5565e+01   0.0000e+00   4.3359e-03   2.8330e+02
20261004_03:00:00   4.6052e-01   1.0904e+02   4.5444e+01   0.0000e+00   7.8280e-03   2.8349e+02
20261004_04:00:00   4.7939e-01   1.1242e+02   4.6942e+01   1.4042e-04   6.9460e-03   2.8380e+02
20261004_05:00:00   4.7580e-01   1.1167e+02   4.6882e+01   2.9468e-04   7.0784e-04   2.8468e+02
20261004_06:00:00   4.6111e-01   1.0896e+02   4.5698e+01   3.1860e-04   4.5334e-05   2.8378e+02
20261004_07:00:00   4.5921e-01   1.0862e+02   4.5530e+01   2.7886e-04   1.4348e-04   2.8296e+02
20261004_08:00:00   4.5715e-01   1.0830e+02   4.5272e+01   0.0000e+00   8.6260e-05   2.8307e+02
20261004_09:00:00   4.5779e-01   1.0847e+02   4.5097e+01   3.3420e-07   0.0000e+00   2.8294e+02
20261004_10:00:00   4.5136e-01   1.0732e+02   4.4390e+01   0.0000e+00   5.7588e-06   2.8211e+02
20261004_11:00:00   4.6379e-01   1.0958e+02   4.5521e+01   0.0000e+00   2.8900e-05   2.8217e+02
20261004_12:00:00   4.7975e-01   1.1243e+02   4.7012e+01   8.9150e-05   5.1960e-05   2.8235e+02
20261004_13:00:00   4.8645e-01   1.1360e+02   4.7978e+01   3.5690e-04   2.9422e-04   2.8202e+02
20261004_14:00:00   4.8389e-01   1.1322e+02   4.7853e+01   7.0330e-04   2.4880e-05   2.8277e+02
20261004_15:00:00   4.8330e-01   1.1321e+02   4.7805e+01   0.0000e+00   2.9222e-05   2.8279e+02
20261004_16:00:00   4.8744e-01   1.1396e+02   4.8051e+01   0.0000e+00   5.4430e-04   2.8187e+02
20261004_17:00:00   4.8519e-01   1.1359e+02   4.7693e+01   6.2880e-04   1.3309e-04   2.8290e+02
20261004_18:00:00   4.7727e-01   1.1221e+02   4.7033e+01   3.1052e-07   4.6934e-04   2.8514e+02
20261004_19:00:00   4.8471e-01   1.1352e+02   4.7615e+01   5.5900e-04   3.1220e-03   2.8358e+02
20261004_20:00:00   4.9338e-01   1.1490e+02   4.8965e+01   0.0000e+00   2.4826e-03   2.8116e+02
20261004_21:00:00   4.9591e-01   1.1536e+02   4.9119e+01   0.0000e+00   1.0578e-03   2.8093e+02
20261004_22:00:00   4.9686e-01   1.1555e+02   4.9009e+01   0.0000e+00   5.3445e-03   2.7938e+02
20261004_23:00:00   4.9965e-01   1.1597e+02   4.9465e+01   8.8420e-08   1.6653e-02   2.7917e+02
20261005_00:00:00   5.0557e-01   1.1689e+02   5.0436e+01   0.0000e+00   8.3988e-03   2.8095e+02
20261005_01:00:00   5.0973e-01   1.1762e+02   5.0888e+01   0.0000e+00   3.8256e-03   2.8386e+02
20261005_02:00:00   5.0105e-01   1.1623e+02   4.9722e+01   0.0000e+00   1.0168e-03   2.8550e+02
20261005_03:00:00   4.6706e-01   1.1025e+02   4.6741e+01   8.8900e-07   4.0423e-03   2.8539e+02
20261005_04:00:00   4.2883e-01   1.0311e+02   4.3586e+01   0.0000e+00   7.5450e-03   2.8381e+02
20261005_05:00:00   4.3521e-01   1.0429e+02   4.3823e+01   4.1430e-06   9.2412e-03   2.8379e+02
20261005_06:00:00   4.6715e-01   1.1024e+02   4.6114e+01   3.6320e-05   7.3858e-03   2.8285e+02
20261005_07:00:00   4.8710e-01   1.1384e+02   4.7663e+01   3.2020e-04   8.7336e-03   2.8283e+02
20261005_08:00:00   4.9347e-01   1.1490e+02   4.8311e+01   5.1820e-04   7.5638e-03   2.8317e+02
20261005_09:00:00   4.9199e-01   1.1469e+02   4.8018e+01   2.0487e-03   9.8508e-03   2.8207e+02
20261005_10:00:00   5.3222e-01   1.2186e+02   4.7540e+01   6.0400e-02   3.2512e-03   2.8123e+02
20261005_11:00:00   6.0489e-01   1.3395e+02   4.7135e+01   1.6259e-01   1.4232e-03   2.8059e+02
20261005_12:00:00   5.8584e-01   1.3094e+02   4.5897e+01   1.5512e-01   2.0399e-03   2.8008e+02
20261005_13:00:00   5.1486e-01   1.1898e+02   4.5091e+01   7.0050e-02   6.3243e-04   2.8097e+02
20261005_14:00:00   5.2067e-01   1.2007e+02   4.4833e+01   7.7350e-02   6.7640e-04   2.8210e+02
20261005_15:00:00   4.8034e-01   1.1295e+02   4.5132e+01   1.6215e-02   3.4814e-04   2.8121e+02
20261005_16:00:00   4.7014e-01   1.1114e+02   4.5168e+01   2.3985e-03   1.1395e-04   2.7947e+02
20261005_17:00:00   4.7408e-01   1.1180e+02   4.5767e+01   0.0000e+00   1.0581e-03   2.7704e+02
20261005_18:00:00   4.7576e-01   1.1211e+02   4.5715e+01   5.4683e-03   1.3329e-03   2.7392e+02
20261005_19:00:00   4.7719e-01   1.1229e+02   4.6313e+01   0.0000e+00   3.4228e-03   2.7344e+02
20261005_20:00:00   4.8487e-01   1.1358e+02   4.7138e+01   4.0101e-04   7.6835e-04   2.7375e+02
20261005_21:00:00   4.8428e-01   1.1345e+02   4.7199e+01   3.2220e-05   6.6910e-04   2.7418e+02
20261005_22:00:00   4.7964e-01   1.1264e+02   4.7004e+01   1.6038e-06   1.9840e-03   2.7560e+02
20261005_23:00:00   4.6524e-01   1.1005e+02   4.5772e+01   0.0000e+00   1.0867e-03   2.7667e+02
20261006_00:00:00   4.6200e-01   1.0948e+02   4.5280e+01   0.0000e+00   8.8122e-04   2.7690e+02
20261006_01:00:00   4.6690e-01   1.1033e+02   4.5573e+01   1.2548e-04   4.3511e-04   2.7733e+02
20261006_02:00:00   4.6447e-01   1.0992e+02   4.5214e+01   1.0602e-05   1.1648e-03   2.7757e+02
20261006_03:00:00   4.6510e-01   1.1001e+02   4.5283e+01   2.0309e-04   2.0298e-03   2.7797e+02
20261006_04:00:00   4.6849e-01   1.1058e+02   4.5173e+01   8.4225e-03   1.8058e-03   2.7710e+02
20261006_05:00:00   4.8262e-01   1.1313e+02   4.5188e+01   3.1030e-02   5.1660e-04   2.7636e+02
20261006_06:00:00   4.7582e-01   1.1184e+02   4.5629e+01   1.9800e-02   5.7404e-04   2.7876e+02
20261006_07:00:00   4.7173e-01   1.1098e+02   4.6629e+01   2.6476e-03   1.0697e-03   2.8021e+02
20261006_08:00:00   4.8000e-01   1.1236e+02   4.7816e+01   1.7720e-04   1.2833e-03   2.8074e+02
20261006_09:00:00   4.8298e-01   1.1285e+02   4.8305e+01   2.6740e-07   2.5182e-03   2.7997e+02
20261006_10:00:00   4.8634e-01   1.1341e+02   4.8743e+01   0.0000e+00   1.3122e-03   2.7972e+02
20261006_11:00:00   4.7606e-01   1.1162e+02   4.7856e+01   1.4148e-07   2.8755e-04   2.7970e+02
20261006_12:00:00   4.6962e-01   1.1051e+02   4.7180e+01   1.7684e-07   1.5152e-04   2.8198e+02
20261006_13:00:00   4.7010e-01   1.1065e+02   4.6947e+01   2.6522e-07   2.0261e-04   2.8141e+02
20261006_14:00:00   4.5209e-01   1.0741e+02   4.5196e+01   0.0000e+00   3.1140e-04   2.8190e+02
20261006_15:00:00   4.2841e-01   1.0307e+02   4.2756e+01   0.0000e+00   1.9272e-04   2.8285e+02
20261006_16:00:00   4.2457e-01   1.0240e+02   4.2013e+01   1.3310e-04   1.5628e-04   2.8243e+02
20261006_17:00:00   4.2615e-01   1.0272e+02   4.2184e+01   0.0000e+00   5.8447e-04   2.8253e+02
20261006_18:00:00   4.2120e-01   1.0175e+02   4.2020e+01   0.0000e+00   6.1179e-04   2.8092e+02
20261006_19:00:00   4.2537e-01   1.0248e+02   4.2546e+01   0.0000e+00   1.6716e-04   2.8022e+02
20261006_20:00:00   4.2834e-01   1.0304e+02   4.2872e+01   0.0000e+00   8.1012e-05   2.8021e+02
20261006_21:00:00   4.3928e-01   1.0508e+02   4.3811e+01   0.0000e+00   1.8710e-04   2.8070e+02
20261006_22:00:00   4.5132e-01   1.0728e+02   4.4835e+01   0.0000e+00   1.2038e-04   2.8127e+02
20261006_23:00:00   4.5461e-01   1.0787e+02   4.5161e+01   2.4958e-06   1.3435e-05   2.8148e+02
20261007_00:00:00   4.4781e-01   1.0665e+02   4.4568e+01   0.0000e+00   2.5497e-05   2.8167e+02
20261007_01:00:00   4.3365e-01   1.0404e+02   4.3314e+01   0.0000e+00   2.0446e-05   2.8265e+02
20261007_02:00:00   4.2431e-01   1.0225e+02   4.2483e+01   1.0254e-05   5.5380e-06   2.8276e+02
20261007_03:00:00   4.2279e-01   1.0190e+02   4.2420e+01   0.0000e+00   2.2741e-04   2.8295e+02
20261007_04:00:00   4.2357e-01   1.0200e+02   4.2569e+01   0.0000e+00   1.2159e-04   2.8325e+02
20261007_05:00:00   4.2009e-01   1.0135e+02   4.2439e+01   0.0000e+00   2.3600e-05   2.8291e+02
20261007_06:00:00   4.4205e-01   1.0545e+02   4.4200e+01   1.4886e-04   5.8873e-04   2.8168e+02
20261007_07:00:00   4.6016e-01   1.0876e+02   4.5821e+01   0.0000e+00   6.4360e-05   2.8112e+02
20261007_08:00:00   4.7053e-01   1.1062e+02   4.6707e+01   2.3132e-03   2.9942e-03   2.8010e+02
20261007_09:00:00   4.8008e-01   1.1229e+02   4.7911e+01   0.0000e+00   6.1018e-03   2.8020e+02
20261007_10:00:00   4.8655e-01   1.1341e+02   4.8700e+01   0.0000e+00   2.7383e-03   2.8033e+02
20261007_11:00:00   4.9229e-01   1.1439e+02   4.9460e+01   0.0000e+00   5.2479e-03   2.8142e+02
20261007_12:00:00   5.0020e-01   1.1580e+02   5.0209e+01   0.0000e+00   1.8662e-02   2.8255e+02
20261007_13:00:00   4.9744e-01   1.1538e+02   5.0052e+01   1.4224e-04   1.2036e-02   2.8367e+02
20261007_14:00:00   4.9844e-01   1.1561e+02   5.0105e+01   4.4920e-05   6.2539e-03   2.8440e+02
20261007_15:00:00   5.0689e-01   1.1711e+02   5.0780e+01   1.3626e-03   4.3855e-03   2.8575e+02
20261007_16:00:00   5.1410e-01   1.1832e+02   5.1545e+01   2.4958e-05   5.1940e-03   2.8608e+02
20261007_17:00:00   5.1551e-01   1.1854e+02   5.1803e+01   0.0000e+00   4.6801e-03   2.8422e+02
20261007_18:00:00   5.1036e-01   1.1764e+02   5.1444e+01   0.0000e+00   5.8617e-03   2.8180e+02
20261007_19:00:00   5.0900e-01   1.1741e+02   5.1299e+01   2.4620e-04   5.3444e-03   2.8084e+02
20261007_20:00:00   5.0511e-01   1.1673e+02   5.0977e+01   2.7450e-04   7.6725e-03   2.8005e+02
20261007_21:00:00   5.1046e-01   1.1764e+02   5.1479e+01   0.0000e+00   1.3007e-02   2.8024e+02
20261007_22:00:00   5.1751e-01   1.1880e+02   5.2138e+01   0.0000e+00   2.0346e-03   2.8125e+02
20261007_23:00:00   5.2229e-01   1.1959e+02   5.2719e+01   0.0000e+00   3.7577e-03   2.8160e+02
20261008_00:00:00   5.3420e-01   1.2152e+02   5.4008e+01   0.0000e+00   2.7943e-03   2.8172e+02
20261008_03:00:00   5.4744e-01   1.2352e+02   5.6178e+01   0.0000e+00   8.9171e-03   2.8037e+02
20261008_06:00:00   5.4934e-01   1.2372e+02   5.6440e+01   0.0000e+00   1.8701e-04   2.8097e+02
20261008_09:00:00   5.5127e-01   1.2403e+02   5.6274e+01   0.0000e+00   3.6383e-03   2.8221e+02
20261008_12:00:00   5.3730e-01   1.2174e+02   5.5347e+01   0.0000e+00   2.0938e-03   2.8543e+02
20261008_15:00:00   5.3711e-01   1.2182e+02   5.5346e+01   5.0900e-04   1.9137e-03   2.8627e+02
20261008_18:00:00   5.3795e-01   1.2195e+02   5.5669e+01   0.0000e+00   7.0772e-03   2.8375e+02
20261008_21:00:00   5.5466e-01   1.2477e+02   5.6668e+01   1.3263e-07   1.5379e-02   2.8283e+02
20261009_00:00:00   5.6125e-01   1.2584e+02   5.7291e+01   0.0000e+00   3.1040e-02   2.8466e+02
20261009_03:00:00   5.4992e-01   1.2408e+02   5.6000e+01   0.0000e+00   2.0741e-02   2.8623e+02
20261009_06:00:00   5.3040e-01   1.2088e+02   5.3716e+01   0.0000e+00   5.0060e-03   2.8350e+02
20261009_09:00:00   5.2728e-01   1.2043e+02   5.2842e+01   0.0000e+00   3.9730e-03   2.8470e+02
20261009_12:00:00   5.0353e-01   1.1654e+02   4.9911e+01   1.7684e-07   3.4907e-03   2.8613e+02
20261009_15:00:00   4.7473e-01   1.1179e+02   4.6403e+01   1.7220e-04   6.8502e-03   2.8706e+02
20261009_18:00:00   4.8175e-01   1.1310e+02   4.6252e+01   1.8932e-03   1.1370e-02   2.8365e+02
20261009_21:00:00   3.8741e-01   9.5554e+01   3.7776e+01   0.0000e+00   5.5141e-03   2.8306e+02
20261010_00:00:00   3.5030e-01   8.8074e+01   3.4350e+01   0.0000e+00   2.4044e-04   2.8514e+02
20261010_03:00:00   3.7166e-01   9.2360e+01   3.6176e+01   0.0000e+00   1.3570e-04   2.8693e+02
20261010_06:00:00   4.6454e-01   1.0997e+02   4.4276e+01   2.1044e-04   9.2130e-04   2.8521e+02
20261010_09:00:00   4.0639e-01   9.9085e+01   3.9459e+01   3.2960e-06   3.9279e-05   2.8520e+02
20261010_12:00:00   4.0671e-01   9.9162e+01   3.9759e+01   0.0000e+00   1.7175e-04   2.8569e+02
20261010_15:00:00   4.4384e-01   1.0629e+02   4.2808e+01   5.0660e-04   1.7647e-03   2.8680e+02
20261010_18:00:00   4.2493e-01   1.0282e+02   4.0950e+01   7.4870e-06   5.3779e-04   2.8473e+02
20261010_21:00:00   4.5007e-01   1.0747e+02   4.3318e+01   5.3400e-04   4.7029e-04   2.7999e+02
20261011_00:00:00   4.9282e-01   1.1486e+02   4.8249e+01   2.6520e-07   3.9219e-03   2.8126e+02
20261011_03:00:00   4.7862e-01   1.1228e+02   4.7079e+01   4.3114e-04   1.6218e-03   2.8538e+02
20261011_06:00:00   4.5664e-01   1.0833e+02   4.4894e+01   0.0000e+00   4.2392e-05   2.8389e+02
20261011_09:00:00   4.6973e-01   1.1061e+02   4.6433e+01   3.6258e-06   3.6982e-04   2.8243e+02
20261011_12:00:00   4.7573e-01   1.1169e+02   4.6801e+01   0.0000e+00   3.4500e-04   2.8426e+02
20261011_15:00:00   4.7712e-01   1.1198e+02   4.7492e+01   3.0980e-07   6.9982e-04   2.8661e+02
20261011_18:00:00   4.6255e-01   1.0928e+02   4.6389e+01   0.0000e+00   7.5335e-04   2.8267e+02
20261011_21:00:00   4.8931e-01   1.1397e+02   4.8588e+01   0.0000e+00   6.4500e-03   2.8130e+02
20261012_00:00:00   4.6595e-01   1.0986e+02   4.6381e+01   3.9790e-07   1.0282e-02   2.7983e+02
20261012_03:00:00   4.5674e-01   1.0815e+02   4.5424e+01   3.3300e-05   1.4535e-02   2.8139e+02
20261012_06:00:00   4.5935e-01   1.0858e+02   4.5617e+01   0.0000e+00   2.6635e-03   2.8344e+02
20261012_09:00:00   4.6476e-01   1.0955e+02   4.5731e+01   0.0000e+00   0.0000e+00   2.8643e+02
20261012_12:00:00   4.5049e-01   1.0695e+02   4.4695e+01   0.0000e+00   0.0000e+00   2.8788e+02
20261012_15:00:00   4.5904e-01   1.0863e+02   4.5589e+01   0.0000e+00   0.0000e+00   2.8826e+02
20261012_18:00:00   4.7166e-01   1.1079e+02   4.7095e+01   0.0000e+00   1.4201e-05   2.8653e+02
20261012_21:00:00   4.5367e-01   1.0759e+02   4.5192e+01   0.0000e+00   3.3280e-06   2.8760e+02
20261013_00:00:00   4.6384e-01   1.0935e+02   4.6074e+01   0.0000e+00   1.7066e-05   2.8867e+02
20261013_03:00:00   4.5932e-01   1.0844e+02   4.5989e+01   0.0000e+00   2.2095e-03   2.9319e+02
20261013_06:00:00   4.6312e-01   1.0899e+02   4.6632e+01   0.0000e+00   4.3173e-04   2.9130e+02
20261013_09:00:00   4.5941e-01   1.0820e+02   4.6634e+01   0.0000e+00   3.3800e-05   2.9230e+02
20261013_12:00:00   4.6835e-01   1.0984e+02   4.7415e+01   0.0000e+00   4.8987e-03   2.9331e+02
20261013_15:00:00   4.8498e-01   1.1280e+02   4.9402e+01   1.2312e-04   1.3167e-02   2.9407e+02
20261013_18:00:00   4.8570e-01   1.1300e+02   4.9305e+01   9.9800e-06   6.7350e-03   2.9291e+02
20261013_21:00:00   4.7919e-01   1.1185e+02   4.8757e+01   1.4148e-06   1.5117e-02   2.9128e+02
20261014_00:00:00   4.9108e-01   1.1381e+02   5.0314e+01   0.0000e+00   1.6568e-02   2.9142e+02
20261014_03:00:00   5.1086e-01   1.1718e+02   5.2272e+01   3.5360e-06   2.4634e-02   2.9166e+02
20261014_06:00:00   5.4070e-01   1.2188e+02   5.2491e+01   2.7577e-02   2.1726e-01   2.8842e+02
20261014_09:00:00   5.3467e-01   1.2114e+02   5.1761e+01   2.1129e-02   6.0434e-02   2.8638e+02
20261014_12:00:00   5.0360e-01   1.1623e+02   5.0397e+01   0.0000e+00   1.1356e-01   2.8876e+02
20261014_15:00:00   5.3851e-01   1.2227e+02   5.3685e+01   6.1476e-05   1.4722e-03   2.8975e+02
20261014_18:00:00   6.0143e-01   1.3144e+02   5.5755e+01   7.0822e-02   8.2883e-02   2.8550e+02
20261014_21:00:00   9.7014e-01   1.7699e+02   5.3858e+01   5.1632e-01   1.4138e-01   2.8323e+02
20261015_00:00:00   5.3868e-01   1.2151e+02   5.4060e+01   2.2928e-02   1.0104e-01   2.8334e+02
20261015_03:00:00   5.2308e-01   1.1866e+02   5.1003e+01   4.8672e-02   3.0072e-01   2.8498e+02
20261015_06:00:00   6.7652e-01   1.4168e+02   5.2541e+01   2.0010e-01   2.3055e-01   2.8361e+02
20261015_09:00:00   4.7964e-01   1.1163e+02   5.0354e+01   9.1709e-03   9.1481e-02   2.8395e+02
20261015_12:00:00   6.6762e-01   1.4068e+02   5.1780e+01   1.9866e-01   2.9682e-01   2.8250e+02
20261015_15:00:00   5.8746e-01   1.2966e+02   5.4957e+01   5.4259e-02   1.2294e-01   2.8294e+02
20261015_18:00:00   5.1168e-01   1.1735e+02   5.3300e+01   2.0940e-03   3.1714e-01   2.8170e+02
20261015_21:00:00   5.0166e-01   1.1587e+02   5.2169e+01   1.6974e-04   4.7017e-02   2.8323e+02
20261016_00:00:00   4.9153e-01   1.1422e+02   5.0857e+01   0.0000e+00   2.2884e-02   2.8225e+02
20261016_03:00:00   4.7497e-01   1.1124e+02   4.9400e+01   0.0000e+00   2.6370e-02   2.8429e+02
20261016_06:00:00   4.8392e-01   1.1278e+02   4.9848e+01   0.0000e+00   3.7531e-02   2.8194e+02
20261016_09:00:00   4.8716e-01   1.1344e+02   4.9847e+01   2.4958e-06   1.4928e-02   2.8212e+02
20261016_12:00:00   4.8783e-01   1.1364e+02   4.9730e+01   9.9820e-06   3.4891e-03   2.8566e+02
20261016_15:00:00   5.0135e-01   1.1609e+02   5.0412e+01   6.9380e-03   2.4400e-02   2.8633e+02
20261016_18:00:00   5.1420e-01   1.1826e+02   5.1888e+01   2.5456e-03   5.4999e-03   2.8366e+02
20261016_21:00:00   4.9839e-01   1.1540e+02   5.1107e+01   0.0000e+00   1.2173e-02   2.8163e+02
20261017_00:00:00   4.9313e-01   1.1449e+02   5.0482e+01   0.0000e+00   9.4689e-03   2.8399e+02
20261017_03:00:00   4.9012e-01   1.1381e+02   5.0689e+01   0.0000e+00   1.0256e-02   2.8520e+02
20261017_06:00:00   4.9342e-01   1.1436e+02   5.0874e+01   0.0000e+00   5.3294e-04   2.8401e+02
20261017_09:00:00   4.8453e-01   1.1280e+02   4.9985e+01   0.0000e+00   1.4493e-04   2.8415e+02
20261017_12:00:00   4.8288e-01   1.1266e+02   4.9141e+01   0.0000e+00   1.6204e-05   2.8735e+02
20261017_15:00:00   4.8994e-01   1.1407e+02   4.9435e+01   0.0000e+00   5.4240e-06   2.8988e+02
20261017_18:00:00   4.8391e-01   1.1305e+02   4.8742e+01   1.6636e-05   0.0000e+00   2.8790e+02
20261017_21:00:00   4.6712e-01   1.1012e+02   4.6976e+01   0.0000e+00   1.3258e-05   2.8726e+02
20261018_00:00:00   4.6734e-01   1.1013e+02   4.6481e+01   0.0000e+00   2.9860e-04   2.8779e+02
20261018_03:00:00   4.5969e-01   1.0874e+02   4.5725e+01   0.0000e+00   1.0914e-04   2.8485e+02
20261018_06:00:00   4.5147e-01   1.0717e+02   4.5327e+01   0.0000e+00   5.4240e-06   2.8227e+02
20261018_09:00:00   4.6068e-01   1.0872e+02   4.6496e+01   0.0000e+00   5.7800e-06   2.8308e+02
20261018_12:00:00   4.5957e-01   1.0855e+02   4.6702e+01   0.0000e+00   0.0000e+00   2.8480e+02
20261018_15:00:00   4.8069e-01   1.1240e+02   4.8830e+01   0.0000e+00   0.0000e+00   2.8453e+02
20261018_18:00:00   4.7555e-01   1.1153e+02   4.8541e+01   1.0314e-03   1.1318e-07   2.7810e+02
20261018_21:00:00   4.8866e-01   1.1392e+02   4.9222e+01   0.0000e+00   6.2222e-05   2.7740e+02
20261019_00:00:00   4.9559e-01   1.1506e+02   4.9692e+01   0.0000e+00   5.5340e-04   2.7898e+02
