#            date       tau255        Tb[K]      pwv[mm] lwp[kg*m^-2] iwp[kg*m^-2]       o3[DU]
20260824_06:00:00   1.4571e-01   4.0764e+01   1.6967e+01   0.0000e+00   3.6837e-03   3.1018e+02
20260824_07:00:00   1.4525e-01   4.0574e+01   1.6866e+01   0.0000e+00   1.3575e-04   3.1214e+02
20260824_08:00:00   1.4465e-01   4.0354e+01   1.6708e+01   0.0000e+00   2.2280e-05   3.1315e+02
20260824_09:00:00   1.4134e-01   3.9511e+01   1.6171e+01   0.0000e+00   0.0000e+00   3.1770e+02
20260824_10:00:00   1.3795e-01   3.8675e+01   1.5624e+01   0.0000e+00   2.1440e-06   3.1834e+02
20260824_11:00:00   1.3675e-01   3.8390e+01   1.5358e+01   0.0000e+00   1.6196e-07   3.1676e+02
20260824_12:00:00   1.3548e-01   3.8096e+01   1.5098e+01   0.0000e+00   3.1159e-05   3.1326e+02
20260824_13:00:00   1.3497e-01   3.7955e+01   1.5014e+01   0.0000e+00   6.7261e-04   3.1174e+02
20260824_14:00:00   1.3781e-01   3.8616e+01   1.5473e+01   0.0000e+00   1.4024e-03   3.1078e+02
20260824_15:00:00   1.4069e-01   3.9315e+01   1.5930e+01   0.0000e+00   2.4049e-03   3.1099e+02
20260824_16:00:00   1.4001e-01   3.9168e+01   1.5884e+01   0.0000e+00   9.4924e-04   3.1376e+02
20260824_17:00:00   1.3888e-01   3.8943e+01   1.5806e+01   0.0000e+00   2.1734e-03   3.1590e+02
20260824_18:00:00   1.3951e-01   3.9114e+01   1.6034e+01   0.0000e+00   4.3416e-03   3.1415e+02
20260824_19:00:00   1.4521e-01   4.0423e+01   1.6999e+01   2.0280e-04   7.0314e-03   3.1257e+02
20260824_20:00:00   1.4942e-01   4.1395e+01   1.7678e+01   8.5861e-04   4.3729e-02   3.1141e+02
20260824_21:00:00   1.5969e-01   4.3755e+01   1.7962e+01   1.0402e-02   7.4346e-02   3.0969e+02
20260824_22:00:00   1.5248e-01   4.2210e+01   1.8013e+01   2.4953e-03   5.6265e-02   3.0597e+02
20260824_23:00:00   1.4600e-01   4.0766e+01   1.7462e+01   2.0940e-05   1.3192e-02   3.0136e+02
20260825_00:00:00   1.3992e-01   3.9350e+01   1.6562e+01   0.0000e+00   2.3061e-03   2.9788e+02
20260825_01:00:00   1.3869e-01   3.9133e+01   1.6228e+01   0.0000e+00   1.3482e-05   3.0009e+02
20260825_02:00:00   1.4179e-01   3.9978e+01   1.6436e+01   0.0000e+00   1.6196e-07   2.9914e+02
20260825_03:00:00   1.4887e-01   4.1676e+01   1.7334e+01   0.0000e+00   0.0000e+00   2.9725e+02
20260825_04:00:00   1.5144e-01   4.2271e+01   1.7572e+01   0.0000e+00   3.8760e-05   2.9812e+02
20260825_05:00:00   1.5343e-01   4.2718e+01   1.7777e+01   0.0000e+00   1.4380e-04   2.9508e+02
20260825_06:00:00   1.5678e-01   4.3441e+01   1.8266e+01   0.0000e+00   1.2895e-04   2.9283e+02
20260825_07:00:00   1.5744e-01   4.3544e+01   1.8346e+01   0.0000e+00   7.6899e-05   2.9334e+02
20260825_08:00:00   1.5572e-01   4.3092e+01   1.8096e+01   0.0000e+00   5.1894e-04   2.9529e+02
20260825_09:00:00   1.5294e-01   4.2391e+01   1.7685e+01   0.0000e+00   1.0305e-03   2.9684e+02
20260825_10:00:00   1.5107e-01   4.1913e+01   1.7387e+01   0.0000e+00   8.5788e-04   2.9822e+02
20260825_11:00:00   1.4938e-01   4.1499e+01   1.7095e+01   0.0000e+00   2.3229e-03   2.9763e+02
20260825_12:00:00   1.4999e-01   4.1630e+01   1.7155e+01   0.0000e+00   2.0341e-03   2.9709e+02
20260825_13:00:00   1.5061e-01   4.1771e+01   1.7194e+01   0.0000e+00   1.1618e-03   2.9833e+02
20260825_14:00:00   1.5098e-01   4.1873e+01   1.7198e+01   0.0000e+00   1.3987e-03   3.0050e+02
20260825_15:00:00   1.5135e-01   4.1994e+01   1.7271e+01   0.0000e+00   1.3050e-03   3.0252e+02
20260825_16:00:00   1.5015e-01   4.1746e+01   1.7195e+01   0.0000e+00   2.7329e-03   3.0196e+02
20260825_17:00:00   1.4835e-01   4.1355e+01   1.7058e+01   0.0000e+00   3.5255e-03   2.9995e+02
20260825_18:00:00   1.4833e-01   4.1379e+01   1.7203e+01   0.0000e+00   3.6874e-03   3.0020e+02
20260825_19:00:00   1.5043e-01   4.1875e+01   1.7691e+01   5.0220e-06   1.4580e-03   3.0159e+02
20260825_20:00:00   1.5241e-01   4.2383e+01   1.8138e+01   1.7352e-05   1.7092e-04   3.0029e+02
20260825_21:00:00   1.5551e-01   4.3111e+01   1.8752e+01   7.3240e-05   2.6510e-03   2.9963e+02
20260825_22:00:00   1.6376e-01   4.5018e+01   1.9326e+01   5.3528e-03   2.4096e-02   3.0021e+02
20260825_23:00:00   1.8428e-01   4.9612e+01   2.0075e+01   2.2541e-02   5.8153e-02   2.9977e+02
20260826_00:00:00   1.7176e-01   4.7033e+01   2.1025e+01   8.3660e-04   1.7480e-02   2.9931e+02
20260826_01:00:00   1.7626e-01   4.8133e+01   2.1690e+01   3.9889e-04   3.5740e-03   3.0083e+02
20260826_02:00:00   1.7975e-01   4.9018e+01   2.2154e+01   7.7420e-05   4.5757e-04   3.0150e+02
20260826_03:00:00   1.8315e-01   4.9863e+01   2.2376e+01   0.0000e+00   1.0511e-04   3.0130e+02
20260826_04:00:00   1.8724e-01   5.0816e+01   2.2704e+01   0.0000e+00   1.0306e-04   3.0087e+02
20260826_05:00:00   1.8892e-01   5.1169e+01   2.2768e+01   7.5100e-05   1.0024e-03   3.0201e+02
20260826_06:00:00   1.8661e-01   5.0592e+01   2.2364e+01   0.0000e+00   6.6480e-05   3.0210e+02
20260826_07:00:00   1.8398e-01   4.9961e+01   2.1976e+01   0.0000e+00   8.2880e-05   2.9812e+02
20260826_08:00:00   1.8056e-01   4.9157e+01   2.1446e+01   0.0000e+00   6.1801e-05   2.9781e+02
20260826_09:00:00   1.7666e-01   4.8259e+01   2.0866e+01   0.0000e+00   2.4360e-04   2.9871e+02
20260826_10:00:00   1.7222e-01   4.7217e+01   2.0232e+01   0.0000e+00   6.4100e-04   2.9858e+02
20260826_11:00:00   1.7109e-01   4.6917e+01   2.0079e+01   0.0000e+00   3.1005e-03   2.9894e+02
20260826_12:00:00   1.6940e-01   4.6490e+01   1.9820e+01   0.0000e+00   2.6661e-03   2.9947e+02
20260826_13:00:00   1.6699e-01   4.5920e+01   1.9447e+01   0.0000e+00   1.9302e-03   3.0163e+02
20260826_14:00:00   1.6527e-01   4.5522e+01   1.9141e+01   0.0000e+00   2.0244e-04   3.0146e+02
20260826_15:00:00   1.6240e-01   4.4893e+01   1.8728e+01   0.0000e+00   2.9562e-04   2.9763e+02
20260826_16:00:00   1.5906e-01   4.4145e+01   1.8326e+01   0.0000e+00   1.4589e-03   2.9588e+02
20260826_17:00:00   1.5684e-01   4.3676e+01   1.8105e+01   0.0000e+00   2.9320e-04   2.9687e+02
20260826_18:00:00   1.5574e-01   4.3453e+01   1.8082e+01   0.0000e+00   1.6360e-06   2.9665e+02
20260826_19:00:00   1.5703e-01   4.3699e+01   1.8539e+01   1.3282e-05   3.5908e-05   2.9857e+02
20260826_20:00:00   1.5879e-01   4.4062e+01   1.9024e+01   2.4520e-04   1.2781e-03   2.9910e+02
20260826_21:00:00   1.6266e-01   4.4927e+01   1.9721e+01   5.9515e-04   2.6401e-02   2.9949e+02
20260826_22:00:00   1.6984e-01   4.6575e+01   2.0306e+01   5.1118e-03   3.4538e-02   2.9887e+02
20260826_23:00:00   1.6865e-01   4.6382e+01   2.0637e+01   1.8734e-03   1.6784e-02   2.9724e+02
20260827_00:00:00   1.6805e-01   4.6324e+01   2.0754e+01   3.9356e-04   4.9124e-03   2.9582e+02
20260827_01:00:00   1.6597e-01   4.5898e+01   2.0497e+01   2.6700e-06   3.1052e-04   2.9616e+02
20260827_02:00:00   1.6496e-01   4.5712e+01   2.0353e+01   0.0000e+00   6.7420e-06   2.9447e+02
20260827_03:00:00   1.6487e-01   4.5687e+01   2.0188e+01   0.0000e+00   0.0000e+00   2.9363e+02
20260827_04:00:00   1.6411e-01   4.5464e+01   1.9869e+01   0.0000e+00   0.0000e+00   2.9397e+02
20260827_05:00:00   1.6303e-01   4.5216e+01   1.9483e+01   0.0000e+00   0.0000e+00   2.9341e+02
20260827_06:00:00   1.6196e-01   4.4964e+01   1.9170e+01   0.0000e+00   0.0000e+00   2.9133e+02
20260827_07:00:00   1.6177e-01   4.4898e+01   1.9072e+01   0.0000e+00   0.0000e+00   2.9078e+02
20260827_08:00:00   1.6251e-01   4.5040e+01   1.9147e+01   0.0000e+00   0.0000e+00   2.9017e+02
20260827_09:00:00   1.6116e-01   4.4667e+01   1.8932e+01   0.0000e+00   0.0000e+00   2.9027e+02
20260827_10:00:00   1.5927e-01   4.4156e+01   1.8627e+01   0.0000e+00   0.0000e+00   2.9072e+02
20260827_11:00:00   1.5722e-01   4.3602e+01   1.8258e+01   0.0000e+00   0.0000e+00   2.9155e+02
20260827_12:00:00   1.5465e-01   4.2941e+01   1.7854e+01   0.0000e+00   0.0000e+00   2.9189e+02
20260827_13:00:00   1.5160e-01   4.2167e+01   1.7444e+01   0.0000e+00   0.0000e+00   2.9166e+02
20260827_14:00:00   1.5012e-01   4.1779e+01   1.7265e+01   0.0000e+00   0.0000e+00   2.9068e+02
20260827_15:00:00   1.4871e-01   4.1467e+01   1.7114e+01   0.0000e+00   0.0000e+00   2.9093e+02
20260827_16:00:00   1.4790e-01   4.1287e+01   1.7171e+01   0.0000e+00   0.0000e+00   2.9114e+02
20260827_17:00:00   1.4751e-01   4.1216e+01   1.7309e+01   0.0000e+00   0.0000e+00   2.9078e+02
20260827_18:00:00   1.4630e-01   4.0951e+01   1.7293e+01   0.0000e+00   0.0000e+00   2.9032e+02
20260827_19:00:00   1.4629e-01   4.0900e+01   1.7493e+01   0.0000e+00   2.2060e-06   2.8930e+02
20260827_20:00:00   1.4821e-01   4.1337e+01   1.7943e+01   0.0000e+00   8.4577e-05   2.8770e+02
20260827_21:00:00   1.5208e-01   4.2233e+01   1.8700e+01   0.0000e+00   3.4960e-03   2.8792e+02
20260827_22:00:00   1.5650e-01   4.3255e+01   1.9255e+01   1.0922e-03   6.5073e-02   2.8715e+02
20260827_23:00:00   1.5923e-01   4.3916e+01   1.9645e+01   1.0492e-03   1.0339e-01   2.8814e+02
20260828_00:00:00   1.5836e-01   4.3759e+01   1.9760e+01   0.0000e+00   4.0700e-02   2.8994e+02
20260828_01:00:00   1.5648e-01   4.3336e+01   1.9553e+01   0.0000e+00   3.9094e-03   2.9048e+02
20260828_02:00:00   1.5637e-01   4.3333e+01   1.9453e+01   0.0000e+00   4.5030e-03   2.9066e+02
20260828_03:00:00   1.5975e-01   4.4134e+01   1.9733e+01   0.0000e+00   1.3707e-02   2.9031e+02
20260828_04:00:00   1.6277e-01   4.4760e+01   2.0184e+01   0.0000e+00   1.8298e-02   2.8988e+02
20260828_05:00:00   1.6560e-01   4.5349e+01   2.0548e+01   0.0000e+00   3.3687e-02   2.8981e+02
20260828_06:00:00   1.6341e-01   4.4827e+01   2.0130e+01   0.0000e+00   2.4586e-02   2.8978e+02
20260828_07:00:00   1.6297e-01   4.4683e+01   2.0062e+01   0.0000e+00   2.6895e-02   2.8953e+02
20260828_08:00:00   1.6301e-01   4.4616e+01   2.0061e+01   0.0000e+00   6.3777e-02   2.8913e+02
20260828_09:00:00   1.5835e-01   4.3529e+01   1.9295e+01   0.0000e+00   1.5344e-01   2.8858e+02
20260828_10:00:00   1.5785e-01   4.3375e+01   1.9176e+01   0.0000e+00   1.5174e-01   2.8993e+02
20260828_11:00:00   1.5908e-01   4.3625e+01   1.9331e+01   0.0000e+00   1.0630e-01   2.9120e+02
20260828_12:00:00   1.6185e-01   4.4193e+01   1.9652e+01   0.0000e+00   2.5770e-01   2.9119e+02
20260828_13:00:00   1.6308e-01   4.4468e+01   1.9811e+01   0.0000e+00   9.9394e-02   2.9279e+02
20260828_14:00:00   1.6402e-01   4.4698e+01   1.9900e+01   0.0000e+00   5.5776e-02   2.9245e+02
20260828_15:00:00   1.6877e-01   4.5785e+01   2.0492e+01   0.0000e+00   1.6307e-01   2.9301e+02
20260828_16:00:00   1.6881e-01   4.5830e+01   2.0502e+01   0.0000e+00   4.7303e-02   2.9262e+02
20260828_17:00:00   1.7252e-01   4.6729e+01   2.1098e+01   0.0000e+00   1.2422e-02   2.9112e+02
20260828_18:00:00   1.7744e-01   4.7944e+01   2.1673e+01   6.7868e-04   4.0850e-02   2.9291e+02
20260828_19:00:00   1.8271e-01   4.9256e+01   2.2161e+01   1.3473e-03   3.9683e-02   2.9460e+02
20260828_20:00:00   1.9706e-01   5.2577e+01   2.3370e+01   7.1399e-03   1.3288e-01   2.9389e+02
20260828_21:00:00   2.1638e-01   5.6977e+01   2.5042e+01   1.4642e-02   1.2392e-01   2.9421e+02
20260828_22:00:00   2.0749e-01   5.5194e+01   2.5500e+01   1.9536e-03   3.3659e-02   2.9670e+02
20260828_23:00:00   2.0942e-01   5.5657e+01   2.5343e+01   5.9784e-03   8.8914e-03   2.9684e+02
20260829_00:00:00   2.0270e-01   5.4198e+01   2.5195e+01   2.4540e-05   6.9463e-02   2.9478e+02
20260829_01:00:00   2.0003e-01   5.3575e+01   2.4851e+01   0.0000e+00   7.8664e-02   2.9429e+02
20260829_02:00:00   2.0255e-01   5.4118e+01   2.4994e+01   1.6196e-07   4.3521e-02   2.9563e+02
20260829_03:00:00   2.0288e-01   5.4208e+01   2.4785e+01   0.0000e+00   5.4191e-03   2.9569e+02
20260829_04:00:00   1.9857e-01   5.3251e+01   2.3924e+01   0.0000e+00   6.9272e-04   2.9745e+02
20260829_05:00:00   1.9562e-01   5.2527e+01   2.3527e+01   0.0000e+00   8.6848e-03   2.9754e+02
20260829_06:00:00   1.8681e-01   5.0557e+01   2.2037e+01   0.0000e+00   1.0233e-03   2.9687e+02
20260829_09:00:00   1.7096e-01   4.6994e+01   1.8786e+01   0.0000e+00   7.0440e-04   2.9835e+02
20260829_12:00:00   1.5863e-01   4.4045e+01   1.6572e+01   0.0000e+00   1.0472e-04   3.0345e+02
20260829_15:00:00   1.4428e-01   4.0580e+01   1.4519e+01   0.0000e+00   0.0000e+00   3.0369e+02
20260829_18:00:00   1.1975e-01   3.4472e+01   1.2100e+01   0.0000e+00   0.0000e+00   3.0828e+02
20260829_21:00:00   8.9435e-02   2.6608e+01   8.2044e+00   0.0000e+00   0.0000e+00   3.1245e+02
20260830_00:00:00   8.0128e-02   2.4176e+01   6.5325e+00   0.0000e+00   0.0000e+00   3.1383e+02
20260830_03:00:00   7.7912e-02   2.3639e+01   5.6328e+00   0.0000e+00   0.0000e+00   3.1327e+02
20260830_06:00:00   7.5049e-02   2.2835e+01   4.8812e+00   0.0000e+00   0.0000e+00   3.1989e+02
20260830_09:00:00   7.4907e-02   2.2699e+01   5.0303e+00   0.0000e+00   0.0000e+00   3.1914e+02
20260830_12:00:00   7.6780e-02   2.3106e+01   5.3354e+00   0.0000e+00   0.0000e+00   3.1790e+02
20260830_15:00:00   7.9367e-02   2.3771e+01   5.7271e+00   0.0000e+00   0.0000e+00   3.1445e+02
20260830_18:00:00   8.1520e-02   2.4429e+01   6.2545e+00   0.0000e+00   0.0000e+00   3.1261e+02
20260830_21:00:00   8.3590e-02   2.5089e+01   6.9453e+00   0.0000e+00   0.0000e+00   3.0739e+02
20260831_00:00:00   8.3450e-02   2.5116e+01   6.9567e+00   0.0000e+00   0.0000e+00   3.0966e+02
20260831_03:00:00   8.3152e-02   2.5000e+01   6.8033e+00   0.0000e+00   0.0000e+00   3.0622e+02
20260831_06:00:00   9.1719e-02   2.7209e+01   8.0120e+00   0.0000e+00   8.7700e-04   3.0344e+02
20260831_09:00:00   9.2078e-02   2.7233e+01   8.1618e+00   0.0000e+00   6.4620e-04   2.9822e+02
20260831_12:00:00   8.8349e-02   2.6174e+01   7.5877e+00   0.0000e+00   0.0000e+00   2.9425e+02
20260831_15:00:00   8.8133e-02   2.6035e+01   7.7194e+00   0.0000e+00   0.0000e+00   2.9294e+02
20260831_18:00:00   8.6647e-02   2.5722e+01   7.7023e+00   0.0000e+00   0.0000e+00   2.8963e+02
20260831_21:00:00   8.9549e-02   2.6592e+01   8.3065e+00   0.0000e+00   0.0000e+00   2.8855e+02
20260901_00:00:00   9.6994e-02   2.8643e+01   9.5187e+00   0.0000e+00   0.0000e+00   2.8405e+02
20260901_03:00:00   9.4730e-02   2.8039e+01   8.8574e+00   0.0000e+00   0.0000e+00   2.8409e+02
20260901_06:00:00   8.9390e-02   2.6545e+01   7.7728e+00   0.0000e+00   0.0000e+00   2.8358e+02
20260901_09:00:00   8.0835e-02   2.4228e+01   6.3283e+00   0.0000e+00   0.0000e+00   2.8370e+02
20260901_12:00:00   7.7717e-02   2.3374e+01   5.6273e+00   0.0000e+00   0.0000e+00   2.8172e+02
20260901_15:00:00   7.9042e-02   2.3724e+01   5.7733e+00   0.0000e+00   0.0000e+00   2.8281e+02
20260901_18:00:00   7.7647e-02   2.3450e+01   5.7400e+00   0.0000e+00   0.0000e+00   2.8195e+02
20260901_21:00:00   7.9417e-02   2.3987e+01   6.3590e+00   0.0000e+00   9.1280e-04   2.7915e+02
20260902_00:00:00   8.0315e-02   2.4139e+01   6.8357e+00   0.0000e+00   2.1847e-02   2.7825e+02
20260902_03:00:00   8.6334e-02   2.5620e+01   7.7537e+00   0.0000e+00   1.1015e-01   2.7882e+02
20260902_06:00:00   8.8533e-02   2.6085e+01   8.1174e+00   0.0000e+00   5.4093e-02   2.7960e+02
20260902_09:00:00   9.8836e-02   2.8593e+01   1.0003e+01   0.0000e+00   4.2968e-02   2.7777e+02
20260902_12:00:00   1.1541e-01   3.2676e+01   1.2635e+01   0.0000e+00   3.0560e-02   2.7932e+02
20260902_15:00:00   1.1108e-01   3.1692e+01   1.1843e+01   0.0000e+00   2.8208e-02   2.8158e+02
20260902_18:00:00   1.1485e-01   3.2724e+01   1.2672e+01   0.0000e+00   4.6450e-02   2.8063e+02
20260902_21:00:00   1.1459e-01   3.3038e+01   1.2436e+01   0.0000e+00   5.7654e-02   2.8158e+02
20260903_00:00:00   1.2765e-01   3.6237e+01   1.4890e+01   4.0900e-07   4.6423e-02   2.8232e+02
20260903_03:00:00   1.5750e-01   4.3392e+01   1.9039e+01   0.0000e+00   1.4952e-01   2.8341e+02
20260903_06:00:00   1.6715e-01   4.5698e+01   2.0198e+01   0.0000e+00   1.2605e-01   2.8231e+02
20260903_09:00:00   1.9303e-01   5.1694e+01   2.3672e+01   0.0000e+00   4.4900e-02   2.8052e+02
20260903_12:00:00   2.0442e-01   5.4268e+01   2.5134e+01   0.0000e+00   4.0447e-02   2.8119e+02
20260903_15:00:00   2.0499e-01   5.4530e+01   2.5046e+01   4.2924e-06   2.2234e-02   2.8254e+02
20260903_18:00:00   2.2430e-01   5.9035e+01   2.7498e+01   9.0288e-04   3.3406e-02   2.8346e+02
20260903_21:00:00   2.2912e-01   6.0227e+01   2.8806e+01   4.7110e-04   4.2485e-02   2.8088e+02
20260904_00:00:00   2.0281e-01   5.4586e+01   2.5068e+01   6.8940e-06   3.2631e-02   2.8129e+02
20260904_03:00:00   2.0010e-01   5.3909e+01   2.4054e+01   8.9100e-05   2.3810e-02   2.8163e+02
20260904_06:00:00   1.9612e-01   5.2901e+01   2.3169e+01   0.0000e+00   2.3958e-02   2.7975e+02
20260904_09:00:00   1.8511e-01   5.0289e+01   2.1673e+01   0.0000e+00   3.6577e-02   2.7966e+02
20260904_12:00:00   1.6644e-01   4.5875e+01   1.8866e+01   0.0000e+00   3.9456e-03   2.8256e+02
20260904_15:00:00   1.4374e-01   4.0360e+01   1.5631e+01   0.0000e+00   5.9100e-04   2.8356e+02
20260904_18:00:00   1.2484e-01   3.5631e+01   1.4073e+01   0.0000e+00   5.2781e-03   2.8269e+02
20260904_21:00:00   1.0452e-01   3.0466e+01   1.1410e+01   0.0000e+00   0.0000e+00   2.8592e+02
20260905_00:00:00   1.1156e-01   3.2400e+01   1.2277e+01   0.0000e+00   0.0000e+00   2.8413e+02
20260905_03:00:00   1.1537e-01   3.3405e+01   1.2213e+01   0.0000e+00   0.0000e+00   2.8192e+02
20260905_06:00:00   1.1605e-01   3.3466e+01   1.2099e+01   0.0000e+00   0.0000e+00   2.8452e+02
20260905_09:00:00   1.2692e-01   3.6066e+01   1.3586e+01   0.0000e+00   0.0000e+00   2.8556e+02
20260905_12:00:00   1.3126e-01   3.7104e+01   1.3758e+01   0.0000e+00   0.0000e+00   2.8252e+02
20260905_15:00:00   1.3488e-01   3.7964e+01   1.4375e+01   0.0000e+00   0.0000e+00   2.8299e+02
20260905_18:00:00   1.3392e-01   3.7933e+01   1.4427e+01   0.0000e+00   0.0000e+00   2.8172e+02
20260905_21:00:00   1.3114e-01   3.7385e+01   1.4654e+01   0.0000e+00   0.0000e+00   2.8154e+02
20260906_00:00:00   1.1008e-01   3.1896e+01   1.2007e+01   0.0000e+00   0.0000e+00   2.8120e+02
20260906_03:00:00   1.2280e-01   3.4841e+01   1.3846e+01   0.0000e+00   3.0028e-02   2.8498e+02
20260906_06:00:00   1.1799e-01   3.3512e+01   1.2922e+01   0.0000e+00   3.4447e-02   2.8781e+02
20260906_09:00:00   1.1284e-01   3.2083e+01   1.2030e+01   0.0000e+00   1.4729e-02   2.8752e+02
20260906_12:00:00   1.0859e-01   3.0894e+01   1.1284e+01   0.0000e+00   6.2693e-03   2.8730e+02
20260906_15:00:00   1.0091e-01   2.8970e+01   9.8918e+00   0.0000e+00   2.7663e-03   2.8876e+02
20260906_18:00:00   1.0243e-01   2.9378e+01   1.0434e+01   0.0000e+00   3.3067e-03   2.8777e+02
20260906_21:00:00   1.2186e-01   3.4198e+01   1.3925e+01   0.0000e+00   2.5682e-02   2.8575e+02
20260907_00:00:00   1.4472e-01   3.9824e+01   1.7398e+01   0.0000e+00   6.2193e-02   2.8512e+02
20260907_03:00:00   1.5561e-01   4.2378e+01   1.8779e+01   0.0000e+00   6.4446e-02   2.8783e+02
20260907_06:00:00   1.7659e-01   4.7264e+01   2.1540e+01   1.4254e-05   4.2544e-02   2.8503e+02
20260907_09:00:00   2.8925e-01   7.1458e+01   2.4725e+01   9.6220e-02   6.2633e-02   2.8498e+02
20260907_12:00:00   4.1127e-01   9.4762e+01   2.5858e+01   2.2244e-01   1.0896e-01   2.8683e+02
20260907_15:00:00   2.2209e-01   5.7790e+01   2.6638e+01   1.3496e-04   7.3447e-02   2.8572e+02
20260907_18:00:00   2.3200e-01   6.0219e+01   2.7724e+01   2.1348e-03   8.3383e-02   2.8544e+02
20260907_21:00:00   4.7612e-01   1.0695e+02   2.9014e+01   2.6471e-01   3.1041e-02   2.8608e+02
20260908_00:00:00   5.4890e-01   1.1912e+02   3.4767e+01   2.8803e-01   5.6956e-01   2.8486e+02
20260908_03:00:00   3.7018e-01   8.8644e+01   3.3630e+01   9.6813e-02   7.9850e-02   2.8431e+02
20260908_06:00:00   2.9761e-01   7.4552e+01   3.3990e+01   4.0296e-03   3.4914e-01   2.8433e+02
20260908_09:00:00   3.3013e-01   8.1104e+01   3.5546e+01   2.0052e-02   2.4040e-03   2.8232e+02
20260908_12:00:00   3.3927e-01   8.2851e+01   3.6680e+01   1.5701e-02   8.9207e-02   2.8052e+02
20260908_15:00:00   3.6030e-01   8.6868e+01   3.7464e+01   3.1338e-02   5.6567e-01   2.7774e+02
20260908_18:00:00   5.0403e-01   1.1270e+02   3.8656e+01   1.7904e-01   2.1814e-02   2.7902e+02
20260908_21:00:00   1.3912e+00   2.1047e+02   3.7303e+01   1.2039e+00   1.6864e-03   2.7895e+02
20260909_00:00:00   1.2703e+00   2.0043e+02   3.6773e+01   1.0554e+00   5.7653e-02   2.7780e+02
20260909_03:00:00   2.8242e-01   7.2006e+01   2.8814e+01   8.8059e-03   0.0000e+00   2.7799e+02
20260909_06:00:00   2.4246e-01   6.3511e+01   2.5316e+01   5.1025e-04   0.0000e+00   2.8135e+02
