#            date       tau255        Tb[K]      pwv[mm] lwp[kg*m^-2] iwp[kg*m^-2]       o3[DU]
20260905_18:00:00   9.9121e-02   2.8885e+01   8.5389e+00   0.0000e+00   0.0000e+00   3.1036e+02
20260905_19:00:00   1.0256e-01   2.9780e+01   9.2293e+00   0.0000e+00   0.0000e+00   3.0778e+02
20260905_20:00:00   1.0212e-01   2.9682e+01   9.3506e+00   0.0000e+00   0.0000e+00   3.0592e+02
20260905_21:00:00   9.7615e-02   2.8567e+01   8.8345e+00   0.0000e+00   0.0000e+00   3.0638e+02
20260905_22:00:00   9.1148e-02   2.6928e+01   7.9856e+00   0.0000e+00   0.0000e+00   3.0819e+02
20260905_23:00:00   8.5190e-02   2.5388e+01   7.0915e+00   0.0000e+00   0.0000e+00   3.0735e+02
20260906_00:00:00   8.2568e-02   2.4704e+01   6.6325e+00   0.0000e+00   0.0000e+00   3.0605e+02
20260906_01:00:00   8.3714e-02   2.5007e+01   6.6967e+00   0.0000e+00   0.0000e+00   3.0567e+02
20260906_02:00:00   8.5003e-02   2.5334e+01   6.7298e+00   0.0000e+00   0.0000e+00   3.0457e+02
20260906_03:00:00   8.4924e-02   2.5292e+01   6.5725e+00   0.0000e+00   0.0000e+00   3.0258e+02
20260906_04:00:00   8.5763e-02   2.5510e+01   6.5357e+00   0.0000e+00   0.0000e+00   3.0294e+02
20260906_05:00:00   8.6678e-02   2.5740e+01   6.5836e+00   0.0000e+00   0.0000e+00   3.0128e+02
20260906_06:00:00   8.7080e-02   2.5830e+01   6.6166e+00   0.0000e+00   0.0000e+00   3.0070e+02
20260906_07:00:00   8.8422e-02   2.6163e+01   6.8122e+00   0.0000e+00   0.0000e+00   2.9834e+02
20260906_08:00:00   9.0351e-02   2.6641e+01   7.1083e+00   0.0000e+00   0.0000e+00   2.9646e+02
20260906_09:00:00   9.2556e-02   2.7171e+01   7.4811e+00   0.0000e+00   0.0000e+00   2.9427e+02
20260906_10:00:00   9.5288e-02   2.7839e+01   7.9426e+00   0.0000e+00   0.0000e+00   2.9406e+02
20260906_11:00:00   9.7921e-02   2.8485e+01   8.3693e+00   0.0000e+00   0.0000e+00   2.9314e+02
20260906_12:00:00   9.9912e-02   2.8966e+01   8.6754e+00   0.0000e+00   0.0000e+00   2.9364e+02
20260906_13:00:00   9.9849e-02   2.8943e+01   8.6493e+00   0.0000e+00   0.0000e+00   2.9452e+02
20260906_14:00:00   9.8416e-02   2.8574e+01   8.4265e+00   0.0000e+00   0.0000e+00   2.9607e+02
20260906_15:00:00   9.6353e-02   2.8067e+01   8.1435e+00   0.0000e+00   0.0000e+00   2.9746e+02
20260906_16:00:00   9.3313e-02   2.7335e+01   7.7683e+00   0.0000e+00   0.0000e+00   3.0125e+02
20260906_17:00:00   9.0350e-02   2.6608e+01   7.4338e+00   0.0000e+00   0.0000e+00   2.9888e+02
20260906_18:00:00   8.7433e-02   2.5873e+01   7.1026e+00   0.0000e+00   0.0000e+00   2.9697e+02
20260906_19:00:00   8.6288e-02   2.5605e+01   7.0505e+00   0.0000e+00   0.0000e+00   2.9812e+02
20260906_20:00:00   8.8149e-02   2.6107e+01   7.4617e+00   0.0000e+00   0.0000e+00   3.0223e+02
20260906_21:00:00   8.8560e-02   2.6237e+01   7.6468e+00   0.0000e+00   0.0000e+00   3.0366e+02
20260906_22:00:00   8.7042e-02   2.5870e+01   7.3736e+00   0.0000e+00   0.0000e+00   3.1022e+02
20260906_23:00:00   8.7101e-02   2.5885e+01   7.3055e+00   0.0000e+00   0.0000e+00   3.1530e+02
20260907_00:00:00   8.7794e-02   2.6073e+01   7.3238e+00   0.0000e+00   0.0000e+00   3.1721e+02
20260907_01:00:00   9.0239e-02   2.6717e+01   7.5880e+00   0.0000e+00   0.0000e+00   3.2088e+02
20260907_02:00:00   9.4211e-02   2.7750e+01   8.0385e+00   0.0000e+00   0.0000e+00   3.1663e+02
20260907_03:00:00   9.6952e-02   2.8431e+01   8.2796e+00   0.0000e+00   0.0000e+00   3.0989e+02
20260907_04:00:00   1.0005e-01   2.9211e+01   8.5805e+00   0.0000e+00   0.0000e+00   3.0892e+02
20260907_05:00:00   1.0273e-01   2.9871e+01   8.8348e+00   0.0000e+00   0.0000e+00   3.0679e+02
20260907_06:00:00   1.0305e-01   2.9924e+01   8.8044e+00   0.0000e+00   0.0000e+00   3.0427e+02
20260907_07:00:00   1.0121e-01   2.9433e+01   8.5382e+00   0.0000e+00   0.0000e+00   3.0283e+02
20260907_08:00:00   9.7380e-02   2.8424e+01   8.0441e+00   0.0000e+00   0.0000e+00   3.0300e+02
20260907_09:00:00   9.3744e-02   2.7467e+01   7.5733e+00   0.0000e+00   0.0000e+00   3.0332e+02
20260907_10:00:00   9.2336e-02   2.7076e+01   7.3992e+00   0.0000e+00   0.0000e+00   3.0029e+02
20260907_11:00:00   9.1850e-02   2.6938e+01   7.3232e+00   0.0000e+00   0.0000e+00   2.9957e+02
20260907_12:00:00   9.2274e-02   2.7032e+01   7.3677e+00   0.0000e+00   0.0000e+00   3.0141e+02
20260907_13:00:00   9.3824e-02   2.7419e+01   7.5428e+00   0.0000e+00   0.0000e+00   2.9940e+02
20260907_14:00:00   9.8522e-02   2.8624e+01   8.1260e+00   0.0000e+00   0.0000e+00   2.9865e+02
20260907_15:00:00   1.0757e-01   3.0963e+01   9.2452e+00   0.0000e+00   0.0000e+00   3.0045e+02
20260907_16:00:00   1.1681e-01   3.3367e+01   1.0391e+01   0.0000e+00   0.0000e+00   2.9966e+02
20260907_17:00:00   1.1919e-01   3.4018e+01   1.0866e+01   0.0000e+00   0.0000e+00   3.0057e+02
20260907_18:00:00   1.2165e-01   3.4678e+01   1.1447e+01   0.0000e+00   0.0000e+00   3.0179e+02
20260907_19:00:00   1.1914e-01   3.4102e+01   1.1381e+01   0.0000e+00   0.0000e+00   3.0224e+02
20260907_20:00:00   1.1563e-01   3.3255e+01   1.1171e+01   0.0000e+00   0.0000e+00   3.0304e+02
20260907_21:00:00   1.1624e-01   3.3436e+01   1.1479e+01   0.0000e+00   0.0000e+00   3.0411e+02
20260907_22:00:00   1.1828e-01   3.3980e+01   1.1917e+01   0.0000e+00   0.0000e+00   3.0452e+02
20260907_23:00:00   1.2096e-01   3.4675e+01   1.2387e+01   0.0000e+00   0.0000e+00   3.0395e+02
20260908_00:00:00   1.2167e-01   3.4876e+01   1.2487e+01   0.0000e+00   0.0000e+00   3.0366e+02
20260908_01:00:00   1.1952e-01   3.4353e+01   1.2131e+01   0.0000e+00   0.0000e+00   3.0231e+02
20260908_02:00:00   1.1504e-01   3.3225e+01   1.1395e+01   0.0000e+00   0.0000e+00   2.9970e+02
20260908_03:00:00   1.1127e-01   3.2250e+01   1.0727e+01   0.0000e+00   0.0000e+00   2.9802e+02
20260908_04:00:00   1.1090e-01   3.2141e+01   1.0552e+01   0.0000e+00   0.0000e+00   2.9791e+02
20260908_05:00:00   1.0912e-01   3.1671e+01   1.0209e+01   0.0000e+00   0.0000e+00   2.9717e+02
20260908_06:00:00   1.0377e-01   3.0297e+01   9.4042e+00   0.0000e+00   0.0000e+00   2.9612e+02
20260908_07:00:00   9.9674e-02   2.9240e+01   8.7538e+00   0.0000e+00   0.0000e+00   2.9505e+02
20260908_08:00:00   9.8623e-02   2.8961e+01   8.5398e+00   0.0000e+00   0.0000e+00   2.9427e+02
20260908_09:00:00   9.9707e-02   2.9221e+01   8.6670e+00   0.0000e+00   0.0000e+00   2.9518e+02
20260908_10:00:00   9.9534e-02   2.9166e+01   8.6187e+00   0.0000e+00   0.0000e+00   2.9324e+02
20260908_11:00:00   9.8649e-02   2.8925e+01   8.4652e+00   0.0000e+00   0.0000e+00   2.9360e+02
20260908_12:00:00   9.7411e-02   2.8587e+01   8.2722e+00   0.0000e+00   0.0000e+00   2.9339e+02
20260908_13:00:00   9.5335e-02   2.8041e+01   7.9296e+00   0.0000e+00   0.0000e+00   2.9252e+02
20260908_14:00:00   9.4100e-02   2.7724e+01   7.6860e+00   0.0000e+00   0.0000e+00   2.9156e+02
20260908_15:00:00   9.5128e-02   2.8024e+01   7.7285e+00   0.0000e+00   0.0000e+00   2.9048e+02
20260908_16:00:00   9.6985e-02   2.8584e+01   7.9476e+00   0.0000e+00   1.3348e-06   2.8991e+02
20260908_17:00:00   9.7717e-02   2.8808e+01   8.2247e+00   0.0000e+00   4.3560e-04   2.8774e+02
20260908_18:00:00   9.5595e-02   2.8239e+01   8.2954e+00   0.0000e+00   3.2800e-03   2.8668e+02
20260908_19:00:00   9.5245e-02   2.8150e+01   8.5020e+00   0.0000e+00   1.1222e-03   2.8540e+02
20260908_20:00:00   9.8691e-02   2.9018e+01   9.3025e+00   0.0000e+00   2.1558e-03   2.8558e+02
20260908_21:00:00   1.0664e-01   3.1026e+01   1.0756e+01   0.0000e+00   3.1837e-03   2.8691e+02
20260908_22:00:00   1.1452e-01   3.3005e+01   1.2156e+01   0.0000e+00   3.2246e-03   2.8875e+02
20260908_23:00:00   1.2224e-01   3.4906e+01   1.3614e+01   0.0000e+00   4.7642e-03   2.8663e+02
20260909_00:00:00   1.3088e-01   3.6986e+01   1.5189e+01   0.0000e+00   6.2594e-03   2.8347e+02
20260909_01:00:00   1.3821e-01   3.8698e+01   1.6495e+01   0.0000e+00   8.0863e-03   2.8210e+02
20260909_02:00:00   1.4154e-01   3.9473e+01   1.7030e+01   0.0000e+00   5.8082e-03   2.7999e+02
20260909_03:00:00   1.4211e-01   3.9560e+01   1.7103e+01   0.0000e+00   2.2857e-02   2.7732e+02
20260909_04:00:00   1.4339e-01   3.9850e+01   1.7257e+01   0.0000e+00   1.6175e-02   2.7482e+02
20260909_05:00:00   1.4411e-01   4.0031e+01   1.7344e+01   0.0000e+00   3.3302e-04   2.7225e+02
20260909_06:00:00   1.4754e-01   4.0843e+01   1.7815e+01   0.0000e+00   1.3264e-02   2.7271e+02
20260909_07:00:00   1.5124e-01   4.1745e+01   1.8276e+01   0.0000e+00   2.8750e-03   2.7349e+02
20260909_08:00:00   1.5604e-01   4.2884e+01   1.8966e+01   0.0000e+00   2.4431e-03   2.7392e+02
20260909_09:00:00   1.5857e-01   4.3494e+01   1.9263e+01   0.0000e+00   4.3158e-03   2.7467e+02
20260909_10:00:00   1.5983e-01   4.3807e+01   1.9325e+01   0.0000e+00   1.9360e-03   2.7599e+02
20260909_11:00:00   1.6169e-01   4.4257e+01   1.9534e+01   0.0000e+00   1.7861e-03   2.7454e+02
20260909_12:00:00   1.6650e-01   4.5343e+01   2.0202e+01   0.0000e+00   2.9369e-04   2.7265e+02
20260909_13:00:00   1.7091e-01   4.6334e+01   2.0828e+01   0.0000e+00   5.9219e-05   2.7211e+02
20260909_14:00:00   1.7322e-01   4.6855e+01   2.1131e+01   0.0000e+00   1.2276e-03   2.7328e+02
20260909_15:00:00   1.7407e-01   4.7099e+01   2.1155e+01   0.0000e+00   4.0940e-03   2.7560e+02
20260909_16:00:00   1.7397e-01   4.7149e+01   2.1153e+01   0.0000e+00   2.2173e-03   2.7519e+02
20260909_17:00:00   1.7420e-01   4.7257e+01   2.1287e+01   0.0000e+00   1.2364e-03   2.7574e+02
20260909_18:00:00   1.7668e-01   4.7866e+01   2.1771e+01   0.0000e+00   1.4740e-03   2.7535e+02
20260909_19:00:00   1.7968e-01   4.8643e+01   2.2326e+01   1.0580e-04   3.3244e-03   2.7514e+02
20260909_20:00:00   1.8402e-01   4.9732e+01   2.3133e+01   1.6470e-04   1.0765e-02   2.7517e+02
20260909_21:00:00   1.8785e-01   5.0661e+01   2.3707e+01   9.0099e-04   3.8908e-02   2.7552e+02
20260909_22:00:00   1.9163e-01   5.1580e+01   2.4073e+01   2.2881e-03   1.8623e-02   2.7737e+02
20260909_23:00:00   1.9267e-01   5.1885e+01   2.4252e+01   1.8226e-03   1.5680e-02   2.7669e+02
20260910_00:00:00   1.9825e-01   5.3183e+01   2.4507e+01   5.5621e-03   1.9458e-02   2.7489e+02
20260910_01:00:00   1.9748e-01   5.3114e+01   2.4919e+01   6.5247e-04   8.8591e-03   2.7428e+02
20260910_02:00:00   2.0256e-01   5.4401e+01   2.5534e+01   1.2068e-05   2.9707e-03   2.7584e+02
20260910_03:00:00   2.0351e-01   5.4666e+01   2.5530e+01   0.0000e+00   3.4720e-03   2.7709e+02
20260910_04:00:00   2.0180e-01   5.4302e+01   2.5188e+01   0.0000e+00   2.1086e-03   2.7642e+02
20260910_05:00:00   1.9918e-01   5.3691e+01   2.4805e+01   0.0000e+00   5.3299e-04   2.7627e+02
20260910_06:00:00   1.9586e-01   5.2899e+01   2.4349e+01   0.0000e+00   4.0521e-04   2.7690e+02
20260910_07:00:00   1.9349e-01   5.2318e+01   2.3985e+01   0.0000e+00   5.7720e-04   2.7832e+02
20260910_08:00:00   1.9133e-01   5.1782e+01   2.3623e+01   0.0000e+00   2.3220e-03   2.7878e+02
20260910_09:00:00   1.8875e-01   5.1138e+01   2.3255e+01   0.0000e+00   2.7426e-03   2.7872e+02
20260910_10:00:00   1.8634e-01   5.0525e+01   2.2931e+01   0.0000e+00   2.5015e-03   2.7887e+02
20260910_11:00:00   1.8451e-01   5.0052e+01   2.2664e+01   0.0000e+00   1.8200e-03   2.7943e+02
20260910_12:00:00   1.8319e-01   4.9711e+01   2.2417e+01   0.0000e+00   1.1948e-03   2.8058e+02
20260910_13:00:00   1.8289e-01   4.9619e+01   2.2311e+01   0.0000e+00   1.2315e-03   2.8229e+02
20260910_14:00:00   1.8330e-01   4.9699e+01   2.2311e+01   0.0000e+00   1.0084e-03   2.8272e+02
20260910_15:00:00   1.8506e-01   5.0142e+01   2.2525e+01   0.0000e+00   4.0760e-04   2.8183e+02
20260910_16:00:00   1.8417e-01   4.9995e+01   2.2488e+01   0.0000e+00   0.0000e+00   2.8107e+02
20260910_17:00:00   1.8314e-01   4.9812e+01   2.2467e+01   0.0000e+00   0.0000e+00   2.7967e+02
20260910_18:00:00   1.8259e-01   4.9740e+01   2.2516e+01   1.8404e-05   0.0000e+00   2.8003e+02
20260910_21:00:00   2.0592e-01   5.5230e+01   2.4881e+01   8.9680e-03   9.6716e-03   2.7985e+02
20260911_00:00:00   2.0582e-01   5.5370e+01   2.5763e+01   2.7856e-03   1.6615e-02   2.8169e+02
20260911_03:00:00   2.0485e-01   5.5140e+01   2.5742e+01   0.0000e+00   1.1746e-05   2.7958e+02
20260911_06:00:00   2.0999e-01   5.6257e+01   2.5831e+01   0.0000e+00   0.0000e+00   2.8086e+02
20260911_09:00:00   2.0064e-01   5.4093e+01   2.4236e+01   0.0000e+00   0.0000e+00   2.8064e+02
20260911_12:00:00   2.0527e-01   5.5127e+01   2.4225e+01   0.0000e+00   4.2736e-05   2.8224e+02
20260911_15:00:00   1.9998e-01   5.4025e+01   2.3151e+01   0.0000e+00   1.6440e-05   2.8335e+02
20260911_18:00:00   1.8217e-01   5.0086e+01   2.1233e+01   0.0000e+00   3.2400e-07   2.8167e+02
20260911_21:00:00   1.3317e-01   3.7902e+01   1.5841e+01   0.0000e+00   0.0000e+00   2.8264e+02
20260912_00:00:00   1.0022e-01   2.9608e+01   1.0273e+01   0.0000e+00   0.0000e+00   2.8213e+02
20260912_03:00:00   8.8601e-02   2.6588e+01   7.5891e+00   0.0000e+00   1.1844e-06   2.8367e+02
20260912_06:00:00   8.6934e-02   2.6025e+01   7.1406e+00   0.0000e+00   3.5220e-06   2.8178e+02
20260912_09:00:00   8.7496e-02   2.6085e+01   7.2137e+00   0.0000e+00   0.0000e+00   2.8214e+02
20260912_12:00:00   1.0282e-01   2.9933e+01   9.7854e+00   0.0000e+00   0.0000e+00   2.8507e+02
20260912_15:00:00   1.1439e-01   3.2897e+01   1.1477e+01   0.0000e+00   0.0000e+00   2.8553e+02
20260912_18:00:00   1.0597e-01   3.0928e+01   1.0462e+01   0.0000e+00   2.2980e-05   2.8859e+02
20260912_21:00:00   1.0570e-01   3.0903e+01   1.0897e+01   0.0000e+00   2.0940e-05   2.8968e+02
20260913_00:00:00   9.9810e-02   2.9403e+01   1.0042e+01   0.0000e+00   5.8900e-05   2.9083e+02
20260913_03:00:00   1.0290e-01   3.0053e+01   1.0145e+01   0.0000e+00   1.4041e-03   2.8658e+02
20260913_06:00:00   1.0209e-01   2.9658e+01   9.5995e+00   0.0000e+00   0.0000e+00   2.8551e+02
20260913_09:00:00   9.2355e-02   2.7053e+01   7.9417e+00   0.0000e+00   0.0000e+00   2.8975e+02
20260913_12:00:00   8.8750e-02   2.6079e+01   7.2689e+00   0.0000e+00   0.0000e+00   2.8959e+02
20260913_15:00:00   8.7659e-02   2.5810e+01   7.0119e+00   0.0000e+00   0.0000e+00   2.9079e+02
20260913_18:00:00   8.6684e-02   2.5693e+01   7.0435e+00   0.0000e+00   0.0000e+00   2.9006e+02
20260913_21:00:00   8.9744e-02   2.6586e+01   7.9450e+00   0.0000e+00   0.0000e+00   2.9270e+02
20260914_00:00:00   9.3563e-02   2.7609e+01   8.7392e+00   0.0000e+00   0.0000e+00   2.9509e+02
20260914_03:00:00   9.6035e-02   2.8199e+01   9.0020e+00   0.0000e+00   0.0000e+00   2.9564e+02
20260914_06:00:00   9.7406e-02   2.8555e+01   9.0072e+00   0.0000e+00   0.0000e+00   2.9457e+02
20260914_09:00:00   9.7515e-02   2.8583e+01   8.9563e+00   0.0000e+00   0.0000e+00   2.9422e+02
20260914_12:00:00   9.9435e-02   2.8989e+01   9.3120e+00   0.0000e+00   0.0000e+00   2.9667e+02
20260914_15:00:00   9.9277e-02   2.8953e+01   9.2035e+00   0.0000e+00   0.0000e+00   2.9553e+02
20260914_18:00:00   9.8515e-02   2.8906e+01   9.2469e+00   0.0000e+00   0.0000e+00   2.9273e+02
20260914_21:00:00   9.8243e-02   2.8942e+01   9.5144e+00   0.0000e+00   0.0000e+00   2.9251e+02
20260915_00:00:00   1.0728e-01   3.1247e+01   1.1219e+01   0.0000e+00   0.0000e+00   2.8907e+02
20260915_03:00:00   1.0952e-01   3.1766e+01   1.1383e+01   0.0000e+00   0.0000e+00   2.8787e+02
20260915_06:00:00   1.1216e-01   3.2447e+01   1.1521e+01   0.0000e+00   0.0000e+00   2.8914e+02
20260915_09:00:00   1.0857e-01   3.1554e+01   1.0706e+01   0.0000e+00   0.0000e+00   2.8519e+02
20260915_12:00:00   1.0571e-01   3.0836e+01   1.0027e+01   0.0000e+00   0.0000e+00   2.8461e+02
20260915_15:00:00   1.1125e-01   3.2249e+01   1.0684e+01   0.0000e+00   0.0000e+00   2.8199e+02
20260915_18:00:00   1.1075e-01   3.2282e+01   1.0792e+01   0.0000e+00   0.0000e+00   2.8111e+02
20260915_21:00:00   1.1258e-01   3.2808e+01   1.1560e+01   0.0000e+00   0.0000e+00   2.8051e+02
20260916_00:00:00   1.1609e-01   3.3691e+01   1.2457e+01   0.0000e+00   0.0000e+00   2.8075e+02
20260916_03:00:00   1.1634e-01   3.3709e+01   1.2181e+01   0.0000e+00   0.0000e+00   2.7981e+02
20260916_06:00:00   1.1330e-01   3.2885e+01   1.1529e+01   0.0000e+00   0.0000e+00   2.7877e+02
20260916_09:00:00   1.1273e-01   3.2696e+01   1.1366e+01   0.0000e+00   0.0000e+00   2.7779e+02
20260916_12:00:00   1.0915e-01   3.1729e+01   1.0704e+01   0.0000e+00   0.0000e+00   2.7857e+02
20260916_15:00:00   1.0314e-01   3.0153e+01   9.7310e+00   0.0000e+00   8.8377e-06   2.8051e+02
20260916_18:00:00   9.7385e-02   2.8807e+01   9.0303e+00   0.0000e+00   2.0861e-03   2.7796e+02
20260916_21:00:00   9.8219e-02   2.9041e+01   9.6025e+00   0.0000e+00   1.6069e-03   2.7686e+02
20260917_00:00:00   1.0431e-01   3.0569e+01   1.0848e+01   0.0000e+00   3.2682e-02   2.7766e+02
20260917_03:00:00   1.2609e-01   3.6083e+01   1.4131e+01   0.0000e+00   1.0895e-01   2.7803e+02
20260917_06:00:00   1.3800e-01   3.8926e+01   1.5803e+01   0.0000e+00   8.6865e-02   2.7786e+02
20260917_09:00:00   1.3907e-01   3.9017e+01   1.6048e+01   0.0000e+00   1.7248e-02   2.7932e+02
20260917_12:00:00   1.3821e-01   3.8718e+01   1.5802e+01   0.0000e+00   2.9179e-03   2.7848e+02
20260917_15:00:00   1.2891e-01   3.6462e+01   1.4181e+01   0.0000e+00   0.0000e+00   2.7922e+02
20260917_18:00:00   1.2074e-01   3.4602e+01   1.3093e+01   0.0000e+00   7.4043e-03   2.7902e+02
20260917_21:00:00   1.3246e-01   3.7606e+01   1.5252e+01   0.0000e+00   2.6063e-03   2.7568e+02
20260918_00:00:00   1.5010e-01   4.1888e+01   1.8119e+01   0.0000e+00   2.8753e-02   2.7812e+02
20260918_03:00:00   1.5524e-01   4.3059e+01   1.8470e+01   0.0000e+00   7.8158e-02   2.7816e+02
20260918_06:00:00   1.5873e-01   4.3789e+01   1.8632e+01   0.0000e+00   2.0365e-03   2.7983e+02
20260918_09:00:00   1.5723e-01   4.3443e+01   1.7889e+01   0.0000e+00   0.0000e+00   2.7961e+02
20260918_12:00:00   1.5000e-01   4.1683e+01   1.6619e+01   0.0000e+00   0.0000e+00   2.7976e+02
20260918_15:00:00   1.4984e-01   4.1648e+01   1.6235e+01   0.0000e+00   0.0000e+00   2.8511e+02
20260918_18:00:00   1.5198e-01   4.2384e+01   1.6597e+01   0.0000e+00   0.0000e+00   2.8654e+02
20260918_21:00:00   1.5481e-01   4.3225e+01   1.7612e+01   0.0000e+00   0.0000e+00   2.8664e+02
20260919_00:00:00   1.7098e-01   4.7047e+01   2.0069e+01   7.9755e-05   3.0439e-04   2.8711e+02
20260919_03:00:00   1.6904e-01   4.6402e+01   1.9277e+01   0.0000e+00   0.0000e+00   2.8711e+02
20260919_06:00:00   1.7631e-01   4.8041e+01   1.9798e+01   0.0000e+00   0.0000e+00   2.8709e+02
20260919_09:00:00   1.7396e-01   4.7498e+01   1.9169e+01   0.0000e+00   0.0000e+00   2.8642e+02
20260919_12:00:00   1.5762e-01   4.3610e+01   1.6683e+01   0.0000e+00   0.0000e+00   2.8781e+02
20260919_15:00:00   1.5834e-01   4.3735e+01   1.6636e+01   0.0000e+00   0.0000e+00   2.8795e+02
20260919_18:00:00   1.2976e-01   3.6862e+01   1.3329e+01   0.0000e+00   0.0000e+00   2.8792e+02
20260919_21:00:00   1.1576e-01   3.3305e+01   1.2041e+01   0.0000e+00   0.0000e+00   2.8647e+02
20260920_00:00:00   1.1788e-01   3.3818e+01   1.2569e+01   0.0000e+00   0.0000e+00   2.8459e+02
20260920_03:00:00   1.3882e-01   3.9060e+01   1.4946e+01   0.0000e+00   0.0000e+00   2.8418e+02
20260920_06:00:00   1.4949e-01   4.1606e+01   1.6113e+01   0.0000e+00   0.0000e+00   2.8573e+02
20260920_09:00:00   1.4163e-01   3.9618e+01   1.4909e+01   0.0000e+00   0.0000e+00   2.8555e+02
20260920_12:00:00   1.2812e-01   3.6203e+01   1.3004e+01   0.0000e+00   0.0000e+00   2.8863e+02
20260920_15:00:00   1.2755e-01   3.5932e+01   1.3146e+01   0.0000e+00   0.0000e+00   2.8921e+02
20260920_18:00:00   1.3066e-01   3.6869e+01   1.3883e+01   0.0000e+00   0.0000e+00   2.9013e+02
20260920_21:00:00   1.2646e-01   3.5804e+01   1.3849e+01   0.0000e+00   0.0000e+00   2.8978e+02
20260921_00:00:00   1.3001e-01   3.6658e+01   1.4454e+01   0.0000e+00   8.9980e-06   2.9100e+02
20260921_03:00:00   1.2811e-01   3.6165e+01   1.3722e+01   0.0000e+00   0.0000e+00   2.9232e+02
20260921_06:00:00   1.2156e-01   3.4575e+01   1.2334e+01   0.0000e+00   0.0000e+00   2.9319e+02
20260921_09:00:00   1.1381e-01   3.2583e+01   1.1018e+01   0.0000e+00   0.0000e+00   2.9328e+02
20260921_12:00:00   1.0944e-01   3.1408e+01   1.0272e+01   0.0000e+00   0.0000e+00   2.9435e+02
20260921_15:00:00   1.0735e-01   3.0841e+01   9.9137e+00   0.0000e+00   0.0000e+00   2.9652e+02
20260921_18:00:00   1.0225e-01   2.9644e+01   9.4626e+00   0.0000e+00   5.6803e-04   2.9543e+02
