#            date       tau255        Tb[K]      pwv[mm] lwp[kg*m^-2] iwp[kg*m^-2]       o3[DU]
20260808_00:00:00   1.7178e-01   4.7447e+01   2.2268e+01   1.3153e-05   1.0727e-02   3.1138e+02
20260808_01:00:00   1.9321e-01   5.2266e+01   2.3474e+01   1.4288e-02   4.5579e-02   3.1056e+02
20260808_02:00:00   2.1390e-01   5.6807e+01   2.4712e+01   2.6454e-02   1.3369e-01   3.0936e+02
20260808_03:00:00   2.9176e-01   7.3046e+01   2.6395e+01   9.6062e-02   1.6088e-01   3.1057e+02
20260808_04:00:00   2.0303e-01   5.4767e+01   2.5653e+01   3.4771e-04   4.3022e-04   3.1203e+02
20260808_05:00:00   2.0301e-01   5.4783e+01   2.5465e+01   0.0000e+00   3.7624e-03   3.1460e+02
20260808_06:00:00   2.0250e-01   5.4665e+01   2.5307e+01   0.0000e+00   7.2496e-04   3.1838e+02
20260808_07:00:00   2.0105e-01   5.4344e+01   2.5083e+01   0.0000e+00   6.0247e-05   3.1807e+02
20260808_08:00:00   2.0226e-01   5.4580e+01   2.5159e+01   7.4285e-04   1.3150e-03   3.1688e+02
20260808_09:00:00   2.0472e-01   5.5093e+01   2.5324e+01   2.0364e-03   4.0709e-04   3.1762e+02
20260808_10:00:00   2.0342e-01   5.4801e+01   2.5404e+01   8.1800e-06   7.9258e-05   3.1558e+02
20260808_11:00:00   2.0263e-01   5.4592e+01   2.5323e+01   0.0000e+00   9.7180e-07   3.1389e+02
20260808_12:00:00   2.0282e-01   5.4612e+01   2.5348e+01   0.0000e+00   2.1820e-05   3.1149e+02
20260808_13:00:00   2.0229e-01   5.4474e+01   2.5271e+01   0.0000e+00   6.9220e-06   3.1253e+02
20260808_14:00:00   2.0311e-01   5.4687e+01   2.5363e+01   0.0000e+00   1.6196e-07   3.1353e+02
20260808_15:00:00   2.0243e-01   5.4597e+01   2.5304e+01   0.0000e+00   9.6380e-06   3.1245e+02
20260808_16:00:00   2.0242e-01   5.4683e+01   2.5348e+01   0.0000e+00   7.0262e-05   3.1153e+02
20260808_17:00:00   2.0227e-01   5.4761e+01   2.5368e+01   0.0000e+00   5.4420e-06   3.0978e+02
20260808_18:00:00   1.9852e-01   5.3928e+01   2.5063e+01   1.3746e-04   2.8352e-05   3.0962e+02
20260808_19:00:00   1.9377e-01   5.2681e+01   2.4609e+01   1.3352e-03   2.9178e-03   3.0924e+02
20260808_20:00:00   1.9619e-01   5.3130e+01   2.4503e+01   6.7419e-03   1.1124e-02   3.0874e+02
20260808_21:00:00   2.0017e-01   5.4013e+01   2.5247e+01   6.2826e-03   1.5222e-02   3.0885e+02
20260808_22:00:00   2.3960e-01   6.2532e+01   2.6217e+01   4.2795e-02   3.9505e-02   3.0974e+02
20260808_23:00:00   3.3340e-01   8.1632e+01   2.9266e+01   1.1898e-01   1.5466e-01   3.0801e+02
20260809_00:00:00   2.5516e-01   6.6433e+01   3.1392e+01   6.7749e-03   1.4411e-01   3.0703e+02
20260809_01:00:00   2.4639e-01   6.4503e+01   3.1081e+01   1.2386e-03   1.3356e-01   3.0777e+02
20260809_02:00:00   2.3072e-01   6.1109e+01   2.9464e+01   0.0000e+00   8.6552e-02   3.0875e+02
20260809_03:00:00   2.2635e-01   6.0121e+01   2.8999e+01   0.0000e+00   4.1772e-02   3.0804e+02
20260809_04:00:00   2.2498e-01   5.9883e+01   2.8709e+01   0.0000e+00   3.9229e-03   3.0788e+02
20260809_05:00:00   2.2245e-01   5.9287e+01   2.8318e+01   0.0000e+00   2.6311e-02   3.0883e+02
20260809_06:00:00   2.1692e-01   5.8061e+01   2.7553e+01   0.0000e+00   1.5978e-03   3.1076e+02
20260809_07:00:00   2.1520e-01   5.7666e+01   2.7218e+01   0.0000e+00   1.0552e-04   3.1193e+02
20260809_08:00:00   2.1571e-01   5.7753e+01   2.7150e+01   0.0000e+00   4.1705e-06   3.1109e+02
20260809_09:00:00   2.1497e-01   5.7568e+01   2.6891e+01   0.0000e+00   0.0000e+00   3.0915e+02
20260809_10:00:00   2.1323e-01   5.7171e+01   2.6509e+01   0.0000e+00   0.0000e+00   3.1025e+02
20260809_11:00:00   2.0880e-01   5.6173e+01   2.5865e+01   0.0000e+00   0.0000e+00   3.1160e+02
20260809_12:00:00   2.0377e-01   5.5032e+01   2.5125e+01   0.0000e+00   0.0000e+00   3.1121e+02
20260809_13:00:00   1.9952e-01   5.4053e+01   2.4452e+01   0.0000e+00   0.0000e+00   3.1093e+02
20260809_14:00:00   1.9762e-01   5.3619e+01   2.4088e+01   0.0000e+00   0.0000e+00   3.1254e+02
20260809_15:00:00   1.9570e-01   5.3235e+01   2.3816e+01   0.0000e+00   0.0000e+00   3.1387e+02
20260809_16:00:00   1.9245e-01   5.2541e+01   2.3508e+01   0.0000e+00   0.0000e+00   3.1120e+02
20260809_17:00:00   1.8982e-01   5.1945e+01   2.3348e+01   0.0000e+00   0.0000e+00   3.0928e+02
20260809_18:00:00   1.8751e-01   5.1350e+01   2.3271e+01   5.6527e-05   1.3896e-05   3.0666e+02
20260809_19:00:00   1.9070e-01   5.2002e+01   2.3521e+01   3.0423e-03   3.8580e-03   3.0647e+02
20260809_20:00:00   2.1592e-01   5.7485e+01   2.4437e+01   2.5256e-02   3.2283e-02   3.0733e+02
20260809_21:00:00   2.9144e-01   7.3117e+01   2.6379e+01   9.5038e-02   8.0246e-02   3.0732e+02
20260809_22:00:00   2.1773e-01   5.8121e+01   2.7260e+01   4.9700e-03   1.1297e-01   3.0668e+02
20260809_23:00:00   2.2402e-01   5.9481e+01   2.7392e+01   1.1776e-02   9.2809e-02   3.0825e+02
20260810_00:00:00   2.1809e-01   5.8295e+01   2.7818e+01   2.1219e-04   2.3494e-02   3.1016e+02
20260810_01:00:00   2.0942e-01   5.6316e+01   2.6796e+01   0.0000e+00   7.2799e-03   3.1068e+02
20260810_02:00:00   2.0068e-01   5.4219e+01   2.5397e+01   2.1400e-03   3.5714e-03   3.0945e+02
20260810_03:00:00   1.9471e-01   5.2819e+01   2.4720e+01   4.6860e-04   5.6104e-03   3.1085e+02
20260810_04:00:00   1.8720e-01   5.1100e+01   2.3565e+01   0.0000e+00   1.3906e-05   3.0914e+02
20260810_05:00:00   1.8569e-01   5.0699e+01   2.3281e+01   0.0000e+00   0.0000e+00   3.1132e+02
20260810_06:00:00   1.8969e-01   5.1548e+01   2.3824e+01   0.0000e+00   5.4248e-06   3.0903e+02
20260810_07:00:00   1.9247e-01   5.2130e+01   2.4197e+01   0.0000e+00   1.5352e-04   3.0865e+02
20260810_08:00:00   1.9188e-01   5.1901e+01   2.4184e+01   3.6640e-06   5.2942e-04   3.0939e+02
20260810_09:00:00   1.8931e-01   5.1288e+01   2.3803e+01   0.0000e+00   3.8841e-05   3.0847e+02
20260810_10:00:00   1.9126e-01   5.1734e+01   2.3942e+01   0.0000e+00   1.4558e-05   3.1006e+02
20260810_11:00:00   1.9036e-01   5.1542e+01   2.3706e+01   0.0000e+00   5.1120e-06   3.1025e+02
20260810_12:00:00   1.9055e-01   5.1566e+01   2.3651e+01   0.0000e+00   3.0680e-06   3.1249e+02
20260810_13:00:00   1.9248e-01   5.1962e+01   2.3836e+01   0.0000e+00   5.9880e-06   3.1383e+02
20260810_14:00:00   1.9389e-01   5.2281e+01   2.3990e+01   0.0000e+00   1.8310e-04   3.1376e+02
20260810_15:00:00   1.9215e-01   5.1917e+01   2.3828e+01   0.0000e+00   1.7965e-03   3.1475e+02
20260810_16:00:00   1.8911e-01   5.1265e+01   2.3523e+01   0.0000e+00   2.7957e-03   3.1311e+02
20260810_17:00:00   1.8958e-01   5.1419e+01   2.3671e+01   2.0440e-06   1.3919e-02   3.1046e+02
20260810_18:00:00   1.9276e-01   5.2219e+01   2.4139e+01   7.2060e-04   2.8156e-02   3.0694e+02
20260810_19:00:00   1.9650e-01   5.3097e+01   2.4415e+01   4.1973e-03   5.4634e-02   3.0662e+02
20260810_20:00:00   2.0112e-01   5.4091e+01   2.5201e+01   4.2098e-03   8.3939e-02   3.0966e+02
20260810_21:00:00   2.0950e-01   5.5883e+01   2.5737e+01   1.0457e-02   3.2501e-02   3.1040e+02
20260810_22:00:00   2.0521e-01   5.4987e+01   2.5812e+01   5.4967e-03   2.8559e-02   3.1131e+02
20260810_23:00:00   2.1183e-01   5.6497e+01   2.6533e+01   7.9801e-03   3.0094e-02   3.0868e+02
20260811_00:00:00   2.1442e-01   5.7105e+01   2.6502e+01   1.0629e-02   1.2267e-02   3.0671e+02
20260811_01:00:00   2.3453e-01   6.1296e+01   2.5761e+01   3.8258e-02   1.3760e-02   3.0747e+02
20260811_02:00:00   1.9019e-01   5.1681e+01   2.4275e+01   2.0021e-05   5.6079e-04   3.0800e+02
20260811_03:00:00   1.8671e-01   5.0845e+01   2.3687e+01   2.0440e-06   1.0947e-04   3.0783e+02
20260811_04:00:00   1.8879e-01   5.1238e+01   2.3846e+01   1.3482e-04   3.9906e-04   3.0795e+02
20260811_05:00:00   1.9028e-01   5.1524e+01   2.3851e+01   4.3220e-04   2.2479e-03   3.0803e+02
20260811_06:00:00   1.9674e-01   5.2915e+01   2.3846e+01   6.5560e-03   3.0298e-03   3.0680e+02
20260811_07:00:00   1.9300e-01   5.2048e+01   2.4064e+01   0.0000e+00   2.4844e-04   3.0610e+02
20260811_08:00:00   1.9403e-01   5.2270e+01   2.4201e+01   6.6425e-05   1.1020e-04   3.0734e+02
20260811_09:00:00   1.9128e-01   5.1647e+01   2.3829e+01   0.0000e+00   1.1656e-05   3.0610e+02
20260811_10:00:00   1.9032e-01   5.1412e+01   2.3669e+01   0.0000e+00   8.1800e-06   3.0652e+02
20260811_11:00:00   1.8901e-01   5.1088e+01   2.3447e+01   0.0000e+00   8.1800e-07   3.0834e+02
20260811_12:00:00   1.8536e-01   5.0266e+01   2.2834e+01   0.0000e+00   0.0000e+00   3.0936e+02
20260811_13:00:00   1.8339e-01   4.9824e+01   2.2447e+01   0.0000e+00   2.6697e-06   3.0765e+02
20260811_14:00:00   1.8106e-01   4.9311e+01   2.2019e+01   0.0000e+00   6.7334e-05   3.0569e+02
20260811_15:00:00   1.8019e-01   4.9138e+01   2.1903e+01   0.0000e+00   2.8276e-03   3.0688e+02
20260811_16:00:00   1.8012e-01   4.9169e+01   2.1980e+01   0.0000e+00   5.0338e-03   3.0666e+02
20260811_17:00:00   1.7711e-01   4.8562e+01   2.1677e+01   0.0000e+00   2.9975e-02   3.0710e+02
20260811_18:00:00   1.7901e-01   4.9052e+01   2.2138e+01   0.0000e+00   4.3578e-02   3.0568e+02
20260811_19:00:00   1.8060e-01   4.9433e+01   2.2569e+01   0.0000e+00   2.6658e-02   3.0549e+02
20260811_20:00:00   1.8428e-01   5.0234e+01   2.3250e+01   4.2817e-04   7.6560e-02   3.0531e+02
20260811_21:00:00   1.8988e-01   5.1464e+01   2.4093e+01   1.5476e-03   2.1279e-01   3.0635e+02
20260811_22:00:00   1.9655e-01   5.2925e+01   2.5166e+01   9.8020e-04   2.5854e-01   3.0687e+02
20260811_23:00:00   2.1104e-01   5.6012e+01   2.5710e+01   1.3140e-02   1.9301e-01   3.0675e+02
20260812_00:00:00   2.4175e-01   6.2471e+01   2.5656e+01   4.7817e-02   1.7102e-01   3.0550e+02
20260812_01:00:00   2.0329e-01   5.4458e+01   2.6024e+01   1.1292e-03   4.7257e-02   3.0647e+02
20260812_02:00:00   2.0482e-01   5.4871e+01   2.6295e+01   0.0000e+00   2.8947e-02   3.0708e+02
20260812_03:00:00   2.0919e-01   5.5842e+01   2.6710e+01   0.0000e+00   9.4999e-02   3.0800e+02
20260812_04:00:00   2.1393e-01   5.6918e+01   2.7099e+01   0.0000e+00   9.6156e-02   3.1047e+02
20260812_05:00:00   2.1326e-01   5.6763e+01   2.6831e+01   0.0000e+00   1.1967e-01   3.0886e+02
20260812_06:00:00   2.1586e-01   5.7338e+01   2.7053e+01   0.0000e+00   4.2359e-02   3.0889e+02
20260812_07:00:00   2.1569e-01   5.7334e+01   2.6895e+01   0.0000e+00   1.1533e-03   3.0729e+02
20260812_08:00:00   2.1555e-01   5.7253e+01   2.6794e+01   0.0000e+00   6.8835e-03   3.0630e+02
20260812_09:00:00   2.1354e-01   5.6748e+01   2.6464e+01   0.0000e+00   1.4794e-02   3.0501e+02
20260812_10:00:00   2.1153e-01   5.6268e+01   2.6093e+01   0.0000e+00   1.7753e-02   3.0762e+02
20260812_11:00:00   2.1051e-01   5.6028e+01   2.5826e+01   0.0000e+00   2.3600e-03   3.0896e+02
20260812_12:00:00   2.1226e-01   5.6398e+01   2.5959e+01   0.0000e+00   7.5840e-03   3.0705e+02
20260812_13:00:00   2.1197e-01   5.6326e+01   2.5818e+01   0.0000e+00   4.8998e-04   3.0705e+02
20260812_14:00:00   2.1220e-01   5.6376e+01   2.5776e+01   0.0000e+00   4.3058e-04   3.0711e+02
20260812_15:00:00   2.1196e-01   5.6370e+01   2.5785e+01   0.0000e+00   5.3605e-04   3.0674e+02
20260812_16:00:00   2.0986e-01   5.5984e+01   2.5594e+01   0.0000e+00   6.8064e-06   3.0610e+02
20260812_17:00:00   2.0837e-01   5.5693e+01   2.5507e+01   6.6420e-05   1.5336e-05   3.0494e+02
20260812_18:00:00   2.0687e-01   5.5358e+01   2.5263e+01   2.3766e-03   1.5690e-04   3.0470e+02
20260812_19:00:00   2.0873e-01   5.5746e+01   2.5133e+01   7.1296e-03   6.9867e-03   3.0434e+02
20260812_20:00:00   2.2001e-01   5.8190e+01   2.5324e+01   2.0159e-02   2.3880e-02   3.0258e+02
20260812_21:00:00   3.0723e-01   7.6078e+01   2.6811e+01   1.0566e-01   3.1950e-02   3.0334e+02
20260812_22:00:00   3.6688e-01   8.7619e+01   2.7923e+01   1.6044e-01   1.4625e-01   3.0459e+02
20260812_23:00:00   2.7806e-01   7.0744e+01   2.8878e+01   4.9507e-02   7.1288e-02   3.0398e+02
20260813_00:00:00   2.3218e-01   6.1180e+01   2.8454e+01   3.1449e-03   4.6532e-03   3.0369e+02
20260813_03:00:00   2.4033e-01   6.2895e+01   2.8489e+01   7.7821e-03   2.6301e-02   3.0363e+02
20260813_06:00:00   2.3104e-01   6.0769e+01   2.7449e+01   2.4051e-03   5.1988e-04   3.0406e+02
20260813_09:00:00   2.4093e-01   6.2849e+01   2.8807e+01   1.6196e-07   1.7322e-03   3.0388e+02
20260813_12:00:00   2.4062e-01   6.2738e+01   2.8977e+01   0.0000e+00   6.0374e-04   3.0312e+02
20260813_15:00:00   2.3123e-01   6.0718e+01   2.7904e+01   0.0000e+00   1.4075e-04   3.0531e+02
20260813_18:00:00   2.3844e-01   6.2426e+01   2.8248e+01   8.0868e-03   5.9095e-03   3.0490e+02
20260813_21:00:00   3.4140e-01   8.3219e+01   2.9587e+01   1.1249e-01   8.0007e-02   3.0372e+02
20260814_00:00:00   2.3335e-01   6.1415e+01   2.8194e+01   4.4614e-04   1.8113e-02   3.0273e+02
20260814_03:00:00   2.2508e-01   5.9493e+01   2.6251e+01   6.8705e-03   7.1989e-03   3.0101e+02
20260814_06:00:00   2.3350e-01   6.1380e+01   2.7774e+01   0.0000e+00   1.9185e-03   2.9964e+02
20260814_09:00:00   2.3726e-01   6.2087e+01   2.8292e+01   0.0000e+00   4.1971e-03   3.0122e+02
20260814_12:00:00   2.3551e-01   6.1571e+01   2.7992e+01   0.0000e+00   7.7212e-02   2.9945e+02
20260814_15:00:00   2.3828e-01   6.2121e+01   2.8416e+01   0.0000e+00   1.0220e-01   3.0206e+02
20260814_18:00:00   2.2653e-01   5.9731e+01   2.7344e+01   0.0000e+00   2.4410e-02   3.0220e+02
20260814_21:00:00   2.2375e-01   5.8970e+01   2.7000e+01   7.3970e-03   3.4028e-02   3.0247e+02
20260815_00:00:00   2.3291e-01   6.0833e+01   2.6855e+01   1.8408e-02   2.1253e-01   3.0314e+02
20260815_03:00:00   2.0695e-01   5.5140e+01   2.5611e+01   0.0000e+00   1.3156e-01   3.0658e+02
20260815_06:00:00   2.0736e-01   5.5186e+01   2.5238e+01   2.2340e-04   4.4911e-02   3.0621e+02
20260815_09:00:00   2.1651e-01   5.7206e+01   2.5559e+01   0.0000e+00   1.2864e-04   3.0132e+02
20260815_12:00:00   2.1575e-01   5.7036e+01   2.5002e+01   0.0000e+00   5.6360e-04   3.0190e+02
20260815_15:00:00   2.1208e-01   5.6322e+01   2.4428e+01   0.0000e+00   3.0083e-03   2.9888e+02
20260815_18:00:00   1.9709e-01   5.3081e+01   2.3199e+01   0.0000e+00   1.8519e-03   2.9904e+02
20260815_21:00:00   1.8646e-01   5.0396e+01   2.2026e+01   6.3846e-03   3.4540e-02   2.9604e+02
20260816_00:00:00   1.9977e-01   5.3547e+01   2.4633e+01   1.3885e-03   6.5653e-02   2.9733e+02
20260816_03:00:00   1.8241e-01   4.9663e+01   2.2278e+01   6.7380e-05   1.5223e-03   2.9683e+02
20260816_06:00:00   1.7110e-01   4.7002e+01   2.0202e+01   0.0000e+00   4.0900e-06   2.9797e+02
20260816_09:00:00   1.7305e-01   4.7294e+01   2.0315e+01   0.0000e+00   4.0900e-06   2.9371e+02
20260816_12:00:00   1.7630e-01   4.7955e+01   2.0671e+01   0.0000e+00   1.1908e-03   2.9404e+02
20260816_15:00:00   1.7502e-01   4.7664e+01   2.0464e+01   0.0000e+00   0.0000e+00   2.9492e+02
20260816_18:00:00   1.6670e-01   4.5896e+01   1.9593e+01   0.0000e+00   0.0000e+00   2.9328e+02
20260816_21:00:00   1.7080e-01   4.6841e+01   2.1148e+01   0.0000e+00   9.4598e-04   2.9341e+02
20260817_00:00:00   1.7625e-01   4.8090e+01   2.2475e+01   0.0000e+00   5.2156e-03   2.9202e+02
20260817_03:00:00   1.7272e-01   4.7207e+01   2.1843e+01   0.0000e+00   4.2154e-03   2.9140e+02
20260817_06:00:00   1.7499e-01   4.7606e+01   2.1903e+01   0.0000e+00   1.2262e-02   2.9537e+02
20260817_09:00:00   1.7666e-01   4.7923e+01   2.1852e+01   0.0000e+00   3.0670e-03   2.9403e+02
20260817_12:00:00   1.7613e-01   4.7736e+01   2.1476e+01   0.0000e+00   9.5169e-04   2.9534e+02
20260817_15:00:00   1.7305e-01   4.7110e+01   2.0750e+01   0.0000e+00   6.6740e-07   3.0520e+02
20260817_18:00:00   1.6987e-01   4.6579e+01   2.0418e+01   0.0000e+00   0.0000e+00   3.0279e+02
20260817_21:00:00   1.7652e-01   4.8452e+01   2.1501e+01   0.0000e+00   9.3380e-04   3.0287e+02
20260818_00:00:00   1.8946e-01   5.1595e+01   2.3272e+01   1.9782e-03   2.2667e-03   3.0282e+02
20260818_03:00:00   1.8524e-01   5.0787e+01   2.2617e+01   0.0000e+00   0.0000e+00   3.0080e+02
20260818_06:00:00   1.8245e-01   5.0031e+01   2.1708e+01   0.0000e+00   0.0000e+00   2.9932e+02
20260818_09:00:00   1.8293e-01   4.9930e+01   2.1445e+01   0.0000e+00   0.0000e+00   2.9799e+02
20260818_12:00:00   1.7236e-01   4.7386e+01   1.9857e+01   0.0000e+00   7.7420e-05   2.9730e+02
20260818_15:00:00   1.6900e-01   4.6602e+01   1.9253e+01   0.0000e+00   2.0440e-06   3.0063e+02
20260818_18:00:00   1.7284e-01   4.7709e+01   2.0205e+01   0.0000e+00   0.0000e+00   2.9800e+02
20260818_21:00:00   1.7682e-01   4.8557e+01   2.1650e+01   0.0000e+00   2.4441e-06   2.9992e+02
20260819_00:00:00   1.8281e-01   4.9998e+01   2.2623e+01   9.1420e-04   1.2795e-03   2.9728e+02
20260819_03:00:00   1.8394e-01   5.0278e+01   2.2589e+01   0.0000e+00   0.0000e+00   2.9843e+02
20260819_06:00:00   1.8770e-01   5.0911e+01   2.2946e+01   0.0000e+00   0.0000e+00   2.9748e+02
20260819_09:00:00   1.9319e-01   5.2007e+01   2.3494e+01   0.0000e+00   0.0000e+00   2.9549e+02
20260819_12:00:00   1.9518e-01   5.2472e+01   2.3414e+01   0.0000e+00   0.0000e+00   2.9801e+02
20260819_15:00:00   2.0157e-01   5.4026e+01   2.3861e+01   0.0000e+00   0.0000e+00   2.9736e+02
20260819_18:00:00   1.9491e-01   5.2649e+01   2.3515e+01   0.0000e+00   0.0000e+00   2.9657e+02
20260819_21:00:00   2.0009e-01   5.3886e+01   2.4433e+01   1.6564e-03   1.6591e-03   2.9561e+02
20260820_00:00:00   2.1173e-01   5.6467e+01   2.5587e+01   8.2133e-03   1.9326e-03   2.9665e+02
20260820_03:00:00   2.0886e-01   5.5910e+01   2.5922e+01   0.0000e+00   0.0000e+00   2.9766e+02
20260820_06:00:00   2.0652e-01   5.5025e+01   2.5578e+01   0.0000e+00   4.8969e-04   2.9892e+02
20260820_09:00:00   2.0702e-01   5.5012e+01   2.5298e+01   0.0000e+00   2.9933e-04   2.9553e+02
20260820_12:00:00   1.9474e-01   5.2251e+01   2.3272e+01   0.0000e+00   1.6174e-03   2.9836e+02
20260820_15:00:00   1.9444e-01   5.2218e+01   2.2831e+01   0.0000e+00   1.0970e-03   3.0016e+02
20260820_18:00:00   1.9508e-01   5.2586e+01   2.2909e+01   3.6663e-04   2.8756e-03   3.0179e+02
20260820_21:00:00   2.0666e-01   5.5446e+01   2.4605e+01   3.4750e-03   4.4726e-03   3.0222e+02
20260821_00:00:00   2.2369e-01   5.9353e+01   2.6619e+01   6.5236e-03   1.2030e-03   3.0350e+02
20260821_03:00:00   2.0780e-01   5.5786e+01   2.4925e+01   6.2773e-04   1.8522e-05   3.0396e+02
20260821_06:00:00   2.0978e-01   5.6157e+01   2.4719e+01   0.0000e+00   0.0000e+00   3.0703e+02
20260821_09:00:00   2.0907e-01   5.5834e+01   2.4478e+01   0.0000e+00   1.8742e-04   3.0444e+02
20260821_12:00:00   2.0767e-01   5.5427e+01   2.4113e+01   0.0000e+00   0.0000e+00   3.0526e+02
20260821_15:00:00   2.0789e-01   5.5378e+01   2.4404e+01   0.0000e+00   6.9860e-04   3.0535e+02
20260821_18:00:00   2.2091e-01   5.8466e+01   2.6359e+01   2.1982e-03   4.7166e-05   3.0315e+02
20260821_21:00:00   2.9327e-01   7.3567e+01   2.6441e+01   8.6774e-02   1.7547e-02   3.0385e+02
20260822_00:00:00   3.6813e-01   8.8132e+01   2.8299e+01   1.5193e-01   3.7310e-02   3.0384e+02
20260822_03:00:00   2.2835e-01   6.0347e+01   2.6422e+01   3.3606e-03   3.0084e-04   3.0539e+02
20260822_06:00:00   2.3738e-01   6.2195e+01   2.7665e+01   0.0000e+00   2.0220e-05   3.0766e+02
20260822_09:00:00   2.3705e-01   6.2070e+01   2.7177e+01   0.0000e+00   0.0000e+00   3.0711e+02
20260822_12:00:00   2.2729e-01   5.9861e+01   2.5894e+01   0.0000e+00   0.0000e+00   3.0583e+02
20260822_15:00:00   2.1997e-01   5.8246e+01   2.4972e+01   0.0000e+00   0.0000e+00   3.0645e+02
20260822_18:00:00   2.0366e-01   5.4720e+01   2.3671e+01   4.0036e-05   2.0573e-05   3.0325e+02
20260822_21:00:00   2.3340e-01   6.0874e+01   2.3854e+01   4.1178e-02   2.9469e-02   3.0348e+02
20260823_00:00:00   2.4836e-01   6.4208e+01   2.6377e+01   3.4693e-02   7.1255e-02   3.0325e+02
20260823_03:00:00   2.2905e-01   6.0153e+01   2.6326e+01   3.9000e-03   1.8660e-03   3.0096e+02
20260823_06:00:00   2.2273e-01   5.8723e+01   2.5753e+01   0.0000e+00   1.6009e-04   3.0124e+02
20260823_09:00:00   2.2377e-01   5.8831e+01   2.6243e+01   0.0000e+00   1.5667e-03   3.0007e+02
20260823_12:00:00   2.1989e-01   5.7874e+01   2.5678e+01   0.0000e+00   1.0798e-03   2.9959e+02
20260823_15:00:00   2.0659e-01   5.4973e+01   2.3948e+01   0.0000e+00   7.0853e-04   3.0118e+02
20260823_18:00:00   1.9423e-01   5.2319e+01   2.2939e+01   4.5320e-05   1.1244e-04   2.9957e+02
20260823_21:00:00   2.2834e-01   5.9630e+01   2.3155e+01   4.1502e-02   3.9860e-02   3.0166e+02
20260824_00:00:00   2.3805e-01   6.1915e+01   2.7851e+01   3.5338e-03   1.8435e-01   3.0182e+02
