#            date       tau255        Tb[K]      pwv[mm] lwp[kg*m^-2] iwp[kg*m^-2]       o3[DU]
20260902_00:00:00   7.9195e-02   2.3746e+01   6.0740e+00   0.0000e+00   0.0000e+00   3.1370e+02
20260902_01:00:00   7.8118e-02   2.3449e+01   5.8373e+00   0.0000e+00   0.0000e+00   3.1480e+02
20260902_02:00:00   8.0578e-02   2.4064e+01   6.1732e+00   0.0000e+00   0.0000e+00   3.1507e+02
20260902_03:00:00   8.4444e-02   2.5007e+01   6.7585e+00   0.0000e+00   0.0000e+00   3.1790e+02
20260902_04:00:00   8.8472e-02   2.5985e+01   7.3439e+00   0.0000e+00   0.0000e+00   3.1768e+02
20260902_05:00:00   8.9281e-02   2.6162e+01   7.4061e+00   0.0000e+00   0.0000e+00   3.1973e+02
20260902_06:00:00   8.8160e-02   2.5865e+01   7.1519e+00   0.0000e+00   0.0000e+00   3.2126e+02
20260902_07:00:00   8.5523e-02   2.5206e+01   6.6109e+00   0.0000e+00   0.0000e+00   3.2161e+02
20260902_08:00:00   8.5145e-02   2.5061e+01   6.6062e+00   0.0000e+00   0.0000e+00   3.2273e+02
20260902_09:00:00   8.6564e-02   2.5356e+01   6.8886e+00   0.0000e+00   0.0000e+00   3.2398e+02
20260902_10:00:00   8.7138e-02   2.5460e+01   7.0260e+00   0.0000e+00   0.0000e+00   3.2611e+02
20260902_11:00:00   8.6105e-02   2.5178e+01   6.8424e+00   0.0000e+00   0.0000e+00   3.2669e+02
20260902_12:00:00   8.6890e-02   2.5340e+01   7.0268e+00   0.0000e+00   0.0000e+00   3.2549e+02
20260902_13:00:00   8.8251e-02   2.5663e+01   7.2443e+00   0.0000e+00   0.0000e+00   3.2496e+02
20260902_14:00:00   9.0121e-02   2.6116e+01   7.5758e+00   0.0000e+00   1.9364e-04   3.2599e+02
20260902_15:00:00   9.1375e-02   2.6447e+01   7.8404e+00   0.0000e+00   0.0000e+00   3.2795e+02
20260902_16:00:00   9.3204e-02   2.6893e+01   8.3286e+00   0.0000e+00   3.7300e-05   3.2918e+02
20260902_17:00:00   9.6290e-02   2.7646e+01   8.9783e+00   0.0000e+00   5.5680e-05   3.2907e+02
20260902_18:00:00   9.8026e-02   2.8112e+01   9.3309e+00   0.0000e+00   8.4260e-06   3.2695e+02
20260902_19:00:00   9.9526e-02   2.8547e+01   9.6659e+00   0.0000e+00   0.0000e+00   3.2408e+02
20260902_20:00:00   1.0212e-01   2.9254e+01   1.0170e+01   0.0000e+00   0.0000e+00   3.2154e+02
20260902_21:00:00   1.0489e-01   3.0018e+01   1.0694e+01   0.0000e+00   0.0000e+00   3.2039e+02
20260902_22:00:00   1.0857e-01   3.0994e+01   1.1397e+01   0.0000e+00   2.0440e-06   3.2041e+02
20260902_23:00:00   1.1259e-01   3.2033e+01   1.2091e+01   0.0000e+00   7.1500e-05   3.1790e+02
20260903_00:00:00   1.1497e-01   3.2669e+01   1.2464e+01   0.0000e+00   3.3725e-04   3.1552e+02
20260903_01:00:00   1.1653e-01   3.3084e+01   1.2669e+01   0.0000e+00   8.7597e-04   3.1509e+02
20260903_02:00:00   1.1816e-01   3.3514e+01   1.2871e+01   0.0000e+00   2.8890e-03   3.1264e+02
20260903_03:00:00   1.2058e-01   3.4107e+01   1.3119e+01   0.0000e+00   1.0083e-03   3.1079e+02
20260903_04:00:00   1.2185e-01   3.4405e+01   1.3187e+01   0.0000e+00   7.4712e-04   3.1007e+02
20260903_05:00:00   1.2081e-01   3.4149e+01   1.2925e+01   0.0000e+00   3.3620e-04   3.0821e+02
20260903_06:00:00   1.2016e-01   3.3991e+01   1.2760e+01   0.0000e+00   3.7800e-05   3.0658e+02
20260903_07:00:00   1.2038e-01   3.4045e+01   1.2758e+01   0.0000e+00   2.0440e-06   3.0725e+02
20260903_08:00:00   1.2152e-01   3.4317e+01   1.2937e+01   0.0000e+00   0.0000e+00   3.0758e+02
20260903_09:00:00   1.2256e-01   3.4553e+01   1.3071e+01   0.0000e+00   0.0000e+00   3.0606e+02
20260903_10:00:00   1.2302e-01   3.4661e+01   1.3057e+01   0.0000e+00   0.0000e+00   3.0619e+02
20260903_11:00:00   1.2233e-01   3.4497e+01   1.2802e+01   0.0000e+00   0.0000e+00   3.0659e+02
20260903_12:00:00   1.2248e-01   3.4534e+01   1.2714e+01   0.0000e+00   0.0000e+00   3.0670e+02
20260903_13:00:00   1.2649e-01   3.5457e+01   1.3406e+01   0.0000e+00   0.0000e+00   3.0539e+02
20260903_14:00:00   1.2881e-01   3.6002e+01   1.3732e+01   0.0000e+00   0.0000e+00   3.0327e+02
20260903_15:00:00   1.2863e-01   3.5996e+01   1.3557e+01   0.0000e+00   0.0000e+00   3.0221e+02
20260903_16:00:00   1.2763e-01   3.5800e+01   1.3389e+01   0.0000e+00   0.0000e+00   3.0322e+02
20260903_17:00:00   1.2716e-01   3.5759e+01   1.3305e+01   0.0000e+00   0.0000e+00   3.0635e+02
20260903_18:00:00   1.2835e-01   3.6119e+01   1.3570e+01   0.0000e+00   0.0000e+00   3.0746e+02
20260903_19:00:00   1.2849e-01   3.6232e+01   1.3633e+01   0.0000e+00   0.0000e+00   3.0903e+02
20260903_20:00:00   1.2703e-01   3.5958e+01   1.3385e+01   0.0000e+00   0.0000e+00   3.0979e+02
20260903_21:00:00   1.2881e-01   3.6465e+01   1.3786e+01   0.0000e+00   0.0000e+00   3.0781e+02
20260903_22:00:00   1.3470e-01   3.7915e+01   1.4852e+01   0.0000e+00   0.0000e+00   3.0673e+02
20260903_23:00:00   1.3835e-01   3.8818e+01   1.5477e+01   0.0000e+00   0.0000e+00   3.0532e+02
20260904_00:00:00   1.3853e-01   3.8904e+01   1.5466e+01   0.0000e+00   0.0000e+00   3.0476e+02
20260904_01:00:00   1.3880e-01   3.8995e+01   1.5323e+01   0.0000e+00   0.0000e+00   3.0454e+02
20260904_02:00:00   1.3781e-01   3.8775e+01   1.4840e+01   0.0000e+00   0.0000e+00   3.0499e+02
20260904_03:00:00   1.3811e-01   3.8822e+01   1.4537e+01   0.0000e+00   0.0000e+00   3.0425e+02
20260904_04:00:00   1.3744e-01   3.8635e+01   1.4127e+01   0.0000e+00   0.0000e+00   3.0294e+02
20260904_05:00:00   1.3521e-01   3.8059e+01   1.3636e+01   0.0000e+00   0.0000e+00   3.0388e+02
20260904_06:00:00   1.3355e-01   3.7610e+01   1.3267e+01   0.0000e+00   0.0000e+00   3.0525e+02
20260904_07:00:00   1.3074e-01   3.6896e+01   1.2796e+01   0.0000e+00   0.0000e+00   3.0623e+02
20260904_08:00:00   1.2830e-01   3.6275e+01   1.2394e+01   0.0000e+00   0.0000e+00   3.0739e+02
20260904_09:00:00   1.2690e-01   3.5894e+01   1.2115e+01   0.0000e+00   0.0000e+00   3.0894e+02
20260904_10:00:00   1.2696e-01   3.5875e+01   1.2030e+01   0.0000e+00   0.0000e+00   3.0962e+02
20260904_11:00:00   1.2727e-01   3.5926e+01   1.1992e+01   0.0000e+00   0.0000e+00   3.1071e+02
20260904_12:00:00   1.2788e-01   3.6049e+01   1.2000e+01   0.0000e+00   0.0000e+00   3.1078e+02
20260904_13:00:00   1.2789e-01   3.6037e+01   1.1929e+01   0.0000e+00   0.0000e+00   3.1090e+02
20260904_14:00:00   1.2746e-01   3.5917e+01   1.1814e+01   0.0000e+00   0.0000e+00   3.1123e+02
20260904_15:00:00   1.2561e-01   3.5501e+01   1.1595e+01   0.0000e+00   0.0000e+00   3.0933e+02
20260904_16:00:00   1.2211e-01   3.4684e+01   1.1222e+01   0.0000e+00   0.0000e+00   3.0603e+02
20260904_17:00:00   1.1974e-01   3.4146e+01   1.1076e+01   0.0000e+00   0.0000e+00   3.0408e+02
20260904_18:00:00   1.1794e-01   3.3732e+01   1.1138e+01   0.0000e+00   0.0000e+00   3.0521e+02
20260904_19:00:00   1.1788e-01   3.3739e+01   1.1461e+01   0.0000e+00   0.0000e+00   3.0706e+02
20260904_20:00:00   1.1749e-01   3.3658e+01   1.1628e+01   0.0000e+00   0.0000e+00   3.0927e+02
20260904_21:00:00   1.1657e-01   3.3434e+01   1.1706e+01   0.0000e+00   0.0000e+00   3.1258e+02
20260904_22:00:00   1.1486e-01   3.3025e+01   1.1633e+01   0.0000e+00   0.0000e+00   3.1406e+02
20260904_23:00:00   1.1325e-01   3.2645e+01   1.1477e+01   0.0000e+00   0.0000e+00   3.1309e+02
20260905_00:00:00   1.1226e-01   3.2420e+01   1.1335e+01   0.0000e+00   0.0000e+00   3.1057e+02
20260905_01:00:00   1.1029e-01   3.1920e+01   1.1002e+01   0.0000e+00   0.0000e+00   3.1126e+02
20260905_02:00:00   1.1046e-01   3.1966e+01   1.0902e+01   0.0000e+00   0.0000e+00   3.1136e+02
20260905_03:00:00   1.1282e-01   3.2546e+01   1.1014e+01   0.0000e+00   0.0000e+00   3.0961e+02
20260905_04:00:00   1.1476e-01   3.3016e+01   1.1089e+01   0.0000e+00   0.0000e+00   3.0915e+02
20260905_05:00:00   1.1367e-01   3.2699e+01   1.0840e+01   0.0000e+00   0.0000e+00   3.0876e+02
20260905_06:00:00   1.1038e-01   3.1834e+01   1.0317e+01   0.0000e+00   0.0000e+00   3.0942e+02
20260905_07:00:00   1.0817e-01   3.1241e+01   9.9428e+00   0.0000e+00   0.0000e+00   3.1106e+02
20260905_08:00:00   1.0788e-01   3.1138e+01   9.8377e+00   0.0000e+00   0.0000e+00   3.1168e+02
20260905_09:00:00   1.0741e-01   3.0996e+01   9.6988e+00   0.0000e+00   0.0000e+00   3.1137e+02
20260905_10:00:00   1.0473e-01   3.0305e+01   9.2525e+00   0.0000e+00   0.0000e+00   3.1025e+02
20260905_11:00:00   1.0231e-01   2.9665e+01   8.8721e+00   0.0000e+00   0.0000e+00   3.1012e+02
20260905_12:00:00   1.0057e-01   2.9200e+01   8.5867e+00   0.0000e+00   0.0000e+00   3.1049e+02
20260905_13:00:00   9.9893e-02   2.9006e+01   8.4318e+00   0.0000e+00   0.0000e+00   3.1107e+02
20260905_14:00:00   1.0026e-01   2.9091e+01   8.3986e+00   0.0000e+00   0.0000e+00   3.1125e+02
20260905_15:00:00   1.0120e-01   2.9361e+01   8.4533e+00   0.0000e+00   0.0000e+00   3.0804e+02
20260905_16:00:00   9.8850e-02   2.8807e+01   8.1533e+00   0.0000e+00   0.0000e+00   3.0657e+02
20260905_17:00:00   9.3851e-02   2.7563e+01   7.5550e+00   0.0000e+00   0.0000e+00   3.0617e+02
20260905_18:00:00   9.0550e-02   2.6747e+01   7.2622e+00   0.0000e+00   0.0000e+00   3.0395e+02
20260905_19:00:00   9.0861e-02   2.6831e+01   7.5106e+00   0.0000e+00   0.0000e+00   3.0278e+02
20260905_20:00:00   9.0520e-02   2.6755e+01   7.6071e+00   0.0000e+00   0.0000e+00   3.0015e+02
20260905_21:00:00   8.9165e-02   2.6411e+01   7.5485e+00   0.0000e+00   0.0000e+00   2.9790e+02
20260905_22:00:00   8.8477e-02   2.6253e+01   7.6007e+00   0.0000e+00   0.0000e+00   2.9641e+02
20260905_23:00:00   8.9919e-02   2.6639e+01   7.9181e+00   0.0000e+00   0.0000e+00   2.9614e+02
20260906_00:00:00   8.8442e-02   2.6242e+01   7.6731e+00   0.0000e+00   0.0000e+00   2.9619e+02
20260906_01:00:00   8.6989e-02   2.5862e+01   7.3572e+00   0.0000e+00   0.0000e+00   2.9701e+02
20260906_02:00:00   8.8619e-02   2.6283e+01   7.4917e+00   0.0000e+00   0.0000e+00   2.9754e+02
20260906_03:00:00   8.9073e-02   2.6369e+01   7.4409e+00   0.0000e+00   0.0000e+00   2.9636e+02
20260906_04:00:00   8.9394e-02   2.6442e+01   7.3499e+00   0.0000e+00   0.0000e+00   2.9605e+02
20260906_05:00:00   8.8859e-02   2.6303e+01   7.1491e+00   0.0000e+00   0.0000e+00   2.9567e+02
20260906_06:00:00   8.9052e-02   2.6341e+01   7.1068e+00   0.0000e+00   0.0000e+00   2.9461e+02
20260906_07:00:00   9.0098e-02   2.6595e+01   7.2341e+00   0.0000e+00   0.0000e+00   2.9352e+02
20260906_08:00:00   9.2033e-02   2.7069e+01   7.5239e+00   0.0000e+00   0.0000e+00   2.9127e+02
20260906_09:00:00   9.5993e-02   2.8028e+01   8.1779e+00   0.0000e+00   0.0000e+00   2.8936e+02
20260906_10:00:00   9.9540e-02   2.8884e+01   8.7376e+00   0.0000e+00   0.0000e+00   2.8999e+02
20260906_11:00:00   9.9707e-02   2.8916e+01   8.7359e+00   0.0000e+00   0.0000e+00   2.8976e+02
20260906_12:00:00   1.0045e-01   2.9086e+01   8.8526e+00   0.0000e+00   0.0000e+00   2.9038e+02
20260906_13:00:00   1.0582e-01   3.0375e+01   9.7397e+00   0.0000e+00   0.0000e+00   2.9136e+02
20260906_14:00:00   1.1652e-01   3.2956e+01   1.1425e+01   4.4940e-05   2.8018e-06   2.8937e+02
20260906_15:00:00   1.4713e-01   4.0211e+01   1.4645e+01   1.0079e-02   2.8826e-03   2.8802e+02
20260906_16:00:00   1.3657e-01   3.7894e+01   1.4280e+01   6.7319e-06   1.0698e-05   2.8793e+02
20260906_17:00:00   1.5336e-01   4.1882e+01   1.6039e+01   4.9480e-03   7.8162e-04   2.8989e+02
20260906_18:00:00   1.6904e-01   4.5531e+01   1.7260e+01   1.2229e-02   1.9468e-03   2.9116e+02
20260906_19:00:00   1.8374e-01   4.8907e+01   1.8452e+01   1.8263e-02   1.0730e-02   2.9110e+02
20260906_20:00:00   1.6631e-01   4.5187e+01   1.8256e+01   8.3100e-04   3.2642e-03   2.9169e+02
20260906_21:00:00   1.7925e-01   4.8188e+01   2.0177e+01   1.8516e-03   5.1233e-03   2.9354e+02
20260906_22:00:00   1.7077e-01   4.6507e+01   1.8788e+01   5.6680e-06   0.0000e+00   2.9625e+02
20260906_23:00:00   1.6839e-01   4.6101e+01   1.8066e+01   0.0000e+00   0.0000e+00   2.9794e+02
20260907_00:00:00   1.6967e-01   4.6368e+01   1.8256e+01   0.0000e+00   0.0000e+00   3.0025e+02
20260907_03:00:00   1.6537e-01   4.5495e+01   1.6080e+01   0.0000e+00   0.0000e+00   3.1266e+02
20260907_06:00:00   1.3781e-01   3.8717e+01   1.2384e+01   0.0000e+00   0.0000e+00   3.0663e+02
20260907_09:00:00   1.3138e-01   3.7046e+01   1.1440e+01   0.0000e+00   0.0000e+00   3.0876e+02
20260907_12:00:00   1.2451e-01   3.5279e+01   1.0749e+01   0.0000e+00   0.0000e+00   3.0921e+02
20260907_15:00:00   1.1939e-01   3.4013e+01   1.0292e+01   0.0000e+00   0.0000e+00   3.1443e+02
20260907_18:00:00   1.0310e-01   2.9997e+01   8.9785e+00   0.0000e+00   0.0000e+00   3.1056e+02
20260907_21:00:00   1.0621e-01   3.0883e+01   1.0000e+01   0.0000e+00   2.6698e-06   3.0532e+02
20260908_00:00:00   1.3064e-01   3.7108e+01   1.3560e+01   0.0000e+00   9.1200e-04   2.9397e+02
20260908_03:00:00   1.2796e-01   3.6377e+01   1.2785e+01   0.0000e+00   5.7176e-03   2.9119e+02
20260908_06:00:00   1.3228e-01   3.7405e+01   1.2950e+01   0.0000e+00   1.3348e-06   2.9145e+02
20260908_09:00:00   1.3110e-01   3.7063e+01   1.2810e+01   0.0000e+00   5.8380e-03   2.8821e+02
20260908_12:00:00   1.2931e-01   3.6584e+01   1.2498e+01   0.0000e+00   8.0760e-05   2.8973e+02
20260908_15:00:00   1.2993e-01   3.6739e+01   1.2482e+01   0.0000e+00   5.8538e-03   2.9591e+02
20260908_18:00:00   1.2687e-01   3.6157e+01   1.2385e+01   0.0000e+00   9.9267e-03   2.9321e+02
20260908_21:00:00   1.2372e-01   3.5427e+01   1.2693e+01   0.0000e+00   9.4950e-03   2.9370e+02
20260909_00:00:00   1.2973e-01   3.6787e+01   1.4335e+01   0.0000e+00   5.5057e-03   2.9456e+02
20260909_03:00:00   1.1913e-01   3.3960e+01   1.2768e+01   0.0000e+00   6.3998e-02   2.9404e+02
20260909_06:00:00   1.2891e-01   3.6101e+01   1.4441e+01   8.0980e-08   2.0617e-02   2.9705e+02
20260909_09:00:00   1.3609e-01   3.7905e+01   1.4906e+01   1.4578e-06   1.7004e-02   3.0024e+02
20260909_12:00:00   2.3857e-01   6.0480e+01   1.9610e+01   7.5164e-02   1.0884e-01   3.0018e+02
20260909_15:00:00   2.0546e-01   5.3952e+01   2.2779e+01   0.0000e+00   2.3428e-01   3.0021e+02
20260909_18:00:00   1.9908e-01   5.2668e+01   2.2210e+01   0.0000e+00   4.6310e-02   3.0750e+02
20260909_21:00:00   1.8835e-01   5.0559e+01   2.0414e+01   4.9080e-05   7.1177e-05   3.3335e+02
20260910_00:00:00   1.8680e-01   5.0251e+01   1.9710e+01   3.0744e-04   1.7852e-04   3.3396e+02
20260910_03:00:00   1.9401e-01   5.1439e+01   2.0097e+01   1.2908e-04   2.5358e-05   3.1944e+02
20260910_06:00:00   1.8537e-01   4.9353e+01   1.9489e+01   0.0000e+00   1.0878e-03   3.1811e+02
20260910_09:00:00   2.0396e-01   5.3248e+01   2.1634e+01   1.5542e-04   2.2449e-01   3.1833e+02
20260910_12:00:00   1.9642e-01   5.1611e+01   2.1179e+01   0.0000e+00   4.5886e-02   3.2500e+02
20260910_15:00:00   1.8146e-01   4.8324e+01   1.9441e+01   0.0000e+00   1.2815e-03   3.2718e+02
20260910_18:00:00   1.8362e-01   4.9079e+01   1.9218e+01   7.7260e-03   3.6257e-05   3.1452e+02
20260910_21:00:00   2.1404e-01   5.5996e+01   2.0849e+01   3.0696e-02   5.2891e-03   3.0888e+02
20260911_00:00:00   1.9031e-01   5.0832e+01   2.0529e+01   1.0100e-02   8.4653e-04   3.0375e+02
20260911_03:00:00   1.8378e-01   4.9478e+01   2.0697e+01   1.7848e-04   2.4061e-05   3.0369e+02
20260911_06:00:00   1.8801e-01   5.0374e+01   2.1123e+01   0.0000e+00   1.0112e-05   2.9889e+02
20260911_09:00:00   1.8220e-01   4.8994e+01   2.0566e+01   0.0000e+00   0.0000e+00   2.9598e+02
20260911_12:00:00   1.7294e-01   4.6768e+01   1.9562e+01   0.0000e+00   5.0560e-05   2.9507e+02
20260911_15:00:00   1.6494e-01   4.4980e+01   1.8262e+01   0.0000e+00   0.0000e+00   2.9365e+02
20260911_18:00:00   1.5853e-01   4.3650e+01   1.7684e+01   0.0000e+00   0.0000e+00   2.9162e+02
20260911_21:00:00   1.6171e-01   4.4565e+01   1.8400e+01   3.1017e-05   7.1500e-06   2.9240e+02
20260912_00:00:00   1.7767e-01   4.8440e+01   2.0412e+01   8.3060e-04   2.8655e-05   2.9347e+02
20260912_03:00:00   1.9099e-01   5.1386e+01   2.2455e+01   0.0000e+00   0.0000e+00   2.8966e+02
20260912_06:00:00   1.8419e-01   4.9724e+01   2.1160e+01   0.0000e+00   0.0000e+00   2.9002e+02
20260912_09:00:00   1.7095e-01   4.6617e+01   1.8931e+01   0.0000e+00   0.0000e+00   2.9196e+02
20260912_12:00:00   1.4683e-01   4.0800e+01   1.5418e+01   0.0000e+00   0.0000e+00   2.9368e+02
20260912_15:00:00   1.2844e-01   3.6315e+01   1.2771e+01   0.0000e+00   0.0000e+00   3.0374e+02
20260912_18:00:00   1.2448e-01   3.5440e+01   1.2947e+01   0.0000e+00   0.0000e+00   3.0018e+02
20260912_21:00:00   1.4009e-01   3.9311e+01   1.6142e+01   0.0000e+00   0.0000e+00   2.9642e+02
20260913_00:00:00   1.5504e-01   4.3033e+01   1.8377e+01   0.0000e+00   0.0000e+00   2.9494e+02
20260913_03:00:00   1.6208e-01   4.4711e+01   1.8982e+01   0.0000e+00   0.0000e+00   2.9349e+02
20260913_06:00:00   1.6212e-01   4.4623e+01   1.8883e+01   0.0000e+00   0.0000e+00   2.9211e+02
20260913_09:00:00   1.6415e-01   4.5075e+01   1.8857e+01   0.0000e+00   0.0000e+00   2.9098e+02
20260913_12:00:00   1.6335e-01   4.4813e+01   1.8692e+01   0.0000e+00   0.0000e+00   2.9163e+02
20260913_15:00:00   1.6588e-01   4.5393e+01   1.8891e+01   0.0000e+00   0.0000e+00   2.8796e+02
20260913_18:00:00   1.6171e-01   4.4555e+01   1.8692e+01   0.0000e+00   0.0000e+00   2.8913e+02
20260913_21:00:00   1.5534e-01   4.3121e+01   1.8342e+01   0.0000e+00   0.0000e+00   2.9192e+02
20260914_00:00:00   1.5941e-01   4.4091e+01   1.9087e+01   0.0000e+00   0.0000e+00   2.9334e+02
20260914_03:00:00   1.5577e-01   4.3134e+01   1.8323e+01   0.0000e+00   0.0000e+00   2.8891e+02
20260914_06:00:00   1.5370e-01   4.2672e+01   1.7457e+01   0.0000e+00   0.0000e+00   2.9035e+02
20260914_09:00:00   1.4530e-01   4.0651e+01   1.5781e+01   0.0000e+00   0.0000e+00   2.9110e+02
20260914_12:00:00   1.3755e-01   3.8770e+01   1.4255e+01   0.0000e+00   0.0000e+00   2.8915e+02
20260914_15:00:00   1.3073e-01   3.7108e+01   1.3197e+01   0.0000e+00   0.0000e+00   2.9142e+02
20260914_18:00:00   1.1825e-01   3.4106e+01   1.1817e+01   0.0000e+00   0.0000e+00   2.9250e+02
20260914_21:00:00   1.1401e-01   3.3092e+01   1.1667e+01   0.0000e+00   0.0000e+00   2.9215e+02
20260915_00:00:00   1.2623e-01   3.6151e+01   1.3808e+01   0.0000e+00   0.0000e+00   2.9363e+02
20260915_03:00:00   1.3773e-01   3.8978e+01   1.5284e+01   0.0000e+00   0.0000e+00   2.9054e+02
20260915_06:00:00   1.3808e-01   3.8982e+01   1.5155e+01   0.0000e+00   1.3700e-05   2.9059e+02
20260915_09:00:00   1.3159e-01   3.7315e+01   1.4117e+01   0.0000e+00   2.8860e-03   2.8778e+02
20260915_12:00:00   1.2764e-01   3.6290e+01   1.3396e+01   0.0000e+00   0.0000e+00   2.8849e+02
20260915_15:00:00   1.3274e-01   3.7549e+01   1.4068e+01   0.0000e+00   3.7281e-03   2.8825e+02
20260915_18:00:00   1.3655e-01   3.8611e+01   1.5032e+01   0.0000e+00   3.3502e-03   2.8701e+02
20260915_21:00:00   1.4219e-01   3.9972e+01   1.6481e+01   0.0000e+00   1.0061e-02   2.8793e+02
20260916_00:00:00   1.5590e-01   4.3258e+01   1.8810e+01   0.0000e+00   3.5269e-02   2.8721e+02
20260916_03:00:00   1.8079e-01   4.9389e+01   2.1453e+01   0.0000e+00   1.0303e-01   2.8844e+02
20260916_06:00:00   1.7707e-01   4.8518e+01   2.0430e+01   0.0000e+00   1.3848e-01   2.8668e+02
20260916_09:00:00   1.8124e-01   4.9325e+01   2.1188e+01   0.0000e+00   7.9160e-03   2.8728e+02
20260916_12:00:00   2.0034e-01   5.3573e+01   2.3749e+01   8.1800e-07   1.0012e-02   2.9004e+02
20260916_15:00:00   2.2626e-01   5.9264e+01   2.6936e+01   0.0000e+00   9.2094e-02   2.8992e+02
20260916_18:00:00   2.3140e-01   6.0729e+01   2.7649e+01   7.0181e-04   7.9565e-02   2.8971e+02
20260916_21:00:00   3.2857e-01   8.0716e+01   3.0565e+01   8.5450e-02   1.7487e-01   2.9024e+02
20260917_00:00:00   2.8209e-01   7.1557e+01   3.1841e+01   2.7680e-03   1.2194e-01   2.8930e+02
20260917_03:00:00   2.3897e-01   6.2678e+01   2.7074e+01   0.0000e+00   1.4802e-03   2.9249e+02
20260917_06:00:00   2.4337e-01   6.3611e+01   2.7084e+01   0.0000e+00   1.5572e-03   2.9204e+02
20260917_09:00:00   2.3522e-01   6.1765e+01   2.6273e+01   0.0000e+00   1.1459e-02   2.9173e+02
20260917_12:00:00   2.3899e-01   6.2452e+01   2.6700e+01   0.0000e+00   1.7114e-02   2.9379e+02
20260917_15:00:00   2.3178e-01   6.0835e+01   2.6034e+01   0.0000e+00   2.6767e-03   2.9379e+02
20260917_18:00:00   2.2174e-01   5.8815e+01   2.5283e+01   0.0000e+00   1.7052e-03   2.9303e+02
20260917_21:00:00   2.0958e-01   5.6197e+01   2.3988e+01   4.6294e-03   6.0445e-03   2.9215e+02
20260918_00:00:00   2.1960e-01   5.8402e+01   2.4762e+01   1.0382e-02   2.5439e-01   2.9039e+02
