#            date       tau255        Tb[K]      pwv[mm] lwp[kg*m^-2] iwp[kg*m^-2]       o3[DU]
20260828_18:00:00   2.5574e-01   6.5923e+01   3.0103e+01   3.8904e-03   9.1607e-02   2.9347e+02
20260828_19:00:00   2.4153e-01   6.2908e+01   2.8943e+01   1.5076e-03   2.0210e-02   2.9422e+02
20260828_20:00:00   3.2541e-01   7.9821e+01   2.8906e+01   1.0025e-01   1.7769e-01   2.9633e+02
20260828_21:00:00   2.4380e-01   6.3318e+01   2.8717e+01   1.1832e-02   1.3455e-01   3.0041e+02
20260828_22:00:00   2.3455e-01   6.1464e+01   2.8477e+01   2.9434e-03   6.0892e-03   3.0159e+02
20260828_23:00:00   2.4940e-01   6.4668e+01   2.8840e+01   1.6746e-02   1.1232e-01   3.0071e+02
20260829_00:00:00   2.5938e-01   6.6601e+01   2.9927e+01   1.6457e-02   1.3084e-01   3.0162e+02
20260829_01:00:00   2.5149e-01   6.5101e+01   2.9838e+01   2.9529e-03   8.2246e-02   3.0479e+02
20260829_02:00:00   2.4393e-01   6.3517e+01   2.8939e+01   0.0000e+00   1.1324e-02   3.0503e+02
20260829_03:00:00   2.4066e-01   6.2758e+01   2.8583e+01   0.0000e+00   6.0773e-03   3.0266e+02
20260829_04:00:00   2.4476e-01   6.3537e+01   2.9267e+01   0.0000e+00   1.4068e-01   2.9691e+02
20260829_05:00:00   2.4029e-01   6.2593e+01   2.8541e+01   0.0000e+00   1.1679e-02   2.9497e+02
20260829_06:00:00   2.3714e-01   6.1906e+01   2.7969e+01   0.0000e+00   8.2383e-03   2.9343e+02
20260829_07:00:00   2.3632e-01   6.1672e+01   2.7940e+01   0.0000e+00   1.0281e-02   2.9235e+02
20260829_08:00:00   2.3201e-01   6.0719e+01   2.7358e+01   0.0000e+00   2.4619e-02   2.9204e+02
20260829_09:00:00   2.3146e-01   6.0520e+01   2.7414e+01   0.0000e+00   4.4702e-02   2.9433e+02
20260829_10:00:00   2.3183e-01   6.0570e+01   2.7395e+01   0.0000e+00   1.7496e-02   2.9575e+02
20260829_11:00:00   2.3638e-01   6.1484e+01   2.7895e+01   0.0000e+00   2.2391e-02   2.9542e+02
20260829_12:00:00   2.3154e-01   6.0478e+01   2.6923e+01   4.6980e-06   2.9703e-03   2.9646e+02
20260829_13:00:00   2.2948e-01   6.0058e+01   2.6230e+01   0.0000e+00   0.0000e+00   2.9979e+02
20260829_14:00:00   2.2748e-01   5.9633e+01   2.5783e+01   0.0000e+00   0.0000e+00   3.0322e+02
20260829_15:00:00   2.2254e-01   5.8613e+01   2.5188e+01   0.0000e+00   3.5400e-03   3.0414e+02
20260829_16:00:00   2.1606e-01   5.7253e+01   2.4372e+01   0.0000e+00   2.5202e-03   3.0461e+02
20260829_17:00:00   2.1685e-01   5.7449e+01   2.4612e+01   4.1994e-05   0.0000e+00   3.0410e+02
20260829_18:00:00   2.2053e-01   5.8270e+01   2.4398e+01   6.9484e-03   1.0290e-04   3.0367e+02
20260829_19:00:00   2.1450e-01   5.6959e+01   2.4137e+01   5.3255e-03   2.4996e-04   3.0194e+02
20260829_20:00:00   2.0317e-01   5.4442e+01   2.2921e+01   7.0059e-03   1.1949e-03   3.0053e+02
20260829_21:00:00   2.1545e-01   5.6932e+01   2.2821e+01   2.5852e-02   5.0747e-03   2.9883e+02
20260829_22:00:00   1.9846e-01   5.3158e+01   2.2217e+01   1.3208e-02   9.9909e-03   2.9846e+02
20260829_23:00:00   1.8758e-01   5.0725e+01   2.1377e+01   9.4882e-03   4.9883e-03   2.9827e+02
20260830_00:00:00   1.7346e-01   4.7502e+01   2.0177e+01   2.4045e-03   4.1517e-03   3.0294e+02
20260830_01:00:00   1.6482e-01   4.5565e+01   1.8996e+01   3.4522e-06   4.8437e-03   3.0593e+02
20260830_02:00:00   1.6920e-01   4.6702e+01   1.9153e+01   2.8620e-05   0.0000e+00   3.0785e+02
20260830_03:00:00   1.7287e-01   4.7590e+01   1.9133e+01   9.3381e-05   0.0000e+00   3.0842e+02
20260830_04:00:00   1.7127e-01   4.7197e+01   1.8571e+01   6.7820e-06   0.0000e+00   3.1141e+02
20260830_05:00:00   1.6954e-01   4.6737e+01   1.8185e+01   0.0000e+00   0.0000e+00   3.1250e+02
20260830_06:00:00   1.6822e-01   4.6376e+01   1.7886e+01   0.0000e+00   0.0000e+00   3.1278e+02
20260830_07:00:00   1.6920e-01   4.6533e+01   1.7928e+01   0.0000e+00   0.0000e+00   3.1477e+02
20260830_08:00:00   1.6851e-01   4.6293e+01   1.7801e+01   0.0000e+00   0.0000e+00   3.1788e+02
20260830_09:00:00   1.6793e-01   4.6069e+01   1.7744e+01   0.0000e+00   0.0000e+00   3.1859e+02
20260830_10:00:00   1.6610e-01   4.5564e+01   1.7552e+01   0.0000e+00   0.0000e+00   3.1804e+02
20260830_11:00:00   1.6006e-01   4.4091e+01   1.6745e+01   0.0000e+00   0.0000e+00   3.1823e+02
20260830_12:00:00   1.5288e-01   4.2343e+01   1.5812e+01   0.0000e+00   0.0000e+00   3.1859e+02
20260830_13:00:00   1.4951e-01   4.1493e+01   1.5383e+01   0.0000e+00   0.0000e+00   3.1931e+02
20260830_14:00:00   1.5163e-01   4.1947e+01   1.5693e+01   0.0000e+00   0.0000e+00   3.1909e+02
20260830_15:00:00   1.5947e-01   4.3816e+01   1.6703e+01   0.0000e+00   0.0000e+00   3.1919e+02
20260830_16:00:00   1.6882e-01   4.6084e+01   1.7889e+01   0.0000e+00   0.0000e+00   3.1780e+02
20260830_17:00:00   1.7131e-01   4.6746e+01   1.8271e+01   0.0000e+00   0.0000e+00   3.1794e+02
20260830_18:00:00   1.6842e-01   4.6167e+01   1.8016e+01   0.0000e+00   0.0000e+00   3.1938e+02
20260830_19:00:00   1.6501e-01   4.5448e+01   1.7779e+01   0.0000e+00   0.0000e+00   3.2077e+02
20260830_20:00:00   1.6420e-01   4.5252e+01   1.8127e+01   0.0000e+00   0.0000e+00   3.2091e+02
20260830_21:00:00   1.6427e-01   4.5197e+01   1.8662e+01   5.1622e-05   4.4339e-05   3.2081e+02
20260830_22:00:00   1.6562e-01   4.5472e+01   1.9156e+01   2.2336e-04   2.2385e-03   3.2221e+02
20260830_23:00:00   1.7546e-01   4.7670e+01   1.9920e+01   6.1984e-03   9.4727e-03   3.2670e+02
20260831_00:00:00   1.8120e-01   4.8903e+01   2.0740e+01   6.4530e-03   4.4445e-02   3.2985e+02
20260831_01:00:00   2.0192e-01   5.3532e+01   2.1967e+01   1.9095e-02   8.6887e-02   3.3067e+02
20260831_02:00:00   1.8760e-01   5.0374e+01   2.1187e+01   8.2380e-03   4.6220e-02   3.3039e+02
20260831_03:00:00   1.7534e-01   4.7469e+01   1.8963e+01   1.1542e-02   3.1799e-02   3.3041e+02
20260831_04:00:00   1.6752e-01   4.5786e+01   1.8970e+01   2.0440e-06   2.0585e-03   3.3261e+02
20260831_05:00:00   1.7065e-01   4.6591e+01   1.8996e+01   0.0000e+00   2.3837e-04   3.3445e+02
20260831_06:00:00   1.7179e-01   4.6898e+01   1.8862e+01   0.0000e+00   5.8427e-05   3.3418e+02
20260831_07:00:00   1.7046e-01   4.6686e+01   1.8261e+01   0.0000e+00   0.0000e+00   3.3423e+02
20260831_08:00:00   1.6580e-01   4.5603e+01   1.7437e+01   0.0000e+00   0.0000e+00   3.3571e+02
20260831_09:00:00   1.6389e-01   4.5134e+01   1.7135e+01   0.0000e+00   0.0000e+00   3.3810e+02
20260831_10:00:00   1.6402e-01   4.5123e+01   1.7122e+01   0.0000e+00   0.0000e+00   3.3915e+02
20260831_11:00:00   1.6527e-01   4.5370e+01   1.7303e+01   0.0000e+00   0.0000e+00   3.3702e+02
20260831_12:00:00   1.6752e-01   4.5843e+01   1.7572e+01   0.0000e+00   0.0000e+00   3.3292e+02
20260831_13:00:00   1.6721e-01   4.5757e+01   1.7484e+01   0.0000e+00   0.0000e+00   3.3186e+02
20260831_14:00:00   1.6771e-01   4.5854e+01   1.7532e+01   0.0000e+00   0.0000e+00   3.3043e+02
20260831_15:00:00   1.6720e-01   4.5774e+01   1.7446e+01   0.0000e+00   0.0000e+00   3.2551e+02
20260831_16:00:00   1.6440e-01   4.5170e+01   1.7180e+01   0.0000e+00   0.0000e+00   3.1961e+02
20260831_17:00:00   1.5816e-01   4.3707e+01   1.6615e+01   0.0000e+00   1.6196e-07   3.1537e+02
20260831_18:00:00   1.5056e-01   4.1905e+01   1.5860e+01   0.0000e+00   0.0000e+00   3.1624e+02
20260831_19:00:00   1.4159e-01   3.9682e+01   1.5089e+01   0.0000e+00   2.4540e-06   3.1837e+02
20260831_20:00:00   1.3587e-01   3.8227e+01   1.4651e+01   0.0000e+00   0.0000e+00   3.1366e+02
20260831_21:00:00   1.3176e-01   3.7224e+01   1.4233e+01   0.0000e+00   0.0000e+00   3.1337e+02
20260831_22:00:00   1.2749e-01   3.6167e+01   1.3756e+01   0.0000e+00   0.0000e+00   3.1138e+02
20260831_23:00:00   1.1781e-01   3.3726e+01   1.2482e+01   0.0000e+00   0.0000e+00   3.0818e+02
20260901_00:00:00   1.1211e-01   3.2304e+01   1.1668e+01   0.0000e+00   4.0900e-06   3.0709e+02
20260901_01:00:00   1.0984e-01   3.1731e+01   1.1304e+01   0.0000e+00   5.5900e-05   3.0581e+02
20260901_02:00:00   1.0982e-01   3.1735e+01   1.1221e+01   0.0000e+00   4.4720e-04   3.0350e+02
20260901_03:00:00   1.1106e-01   3.2050e+01   1.1241e+01   0.0000e+00   1.2106e-03   3.0087e+02
20260901_04:00:00   1.1338e-01   3.2651e+01   1.1399e+01   0.0000e+00   5.5485e-03   2.9981e+02
20260901_05:00:00   1.1356e-01   3.2702e+01   1.1325e+01   0.0000e+00   4.2236e-03   3.0010e+02
20260901_06:00:00   1.1418e-01   3.2813e+01   1.1443e+01   0.0000e+00   5.6380e-03   3.0002e+02
20260901_07:00:00   1.1453e-01   3.2843e+01   1.1532e+01   0.0000e+00   1.7683e-03   2.9884e+02
20260901_08:00:00   1.1197e-01   3.2172e+01   1.1062e+01   0.0000e+00   7.8943e-05   2.9802e+02
20260901_09:00:00   1.0854e-01   3.1289e+01   1.0441e+01   0.0000e+00   8.1800e-06   2.9501e+02
20260901_10:00:00   1.0440e-01   3.0219e+01   9.6964e+00   0.0000e+00   0.0000e+00   2.9302e+02
20260901_11:00:00   1.0018e-01   2.9118e+01   8.9812e+00   0.0000e+00   0.0000e+00   2.9240e+02
20260901_12:00:00   9.7107e-02   2.8289e+01   8.4981e+00   0.0000e+00   9.2020e-06   2.9138e+02
20260901_13:00:00   9.4644e-02   2.7616e+01   8.1143e+00   0.0000e+00   0.0000e+00   2.9236e+02
20260901_14:00:00   9.3668e-02   2.7324e+01   7.9818e+00   0.0000e+00   8.4260e-06   2.9324e+02
20260901_15:00:00   9.2528e-02   2.7041e+01   7.8427e+00   0.0000e+00   0.0000e+00   2.9372e+02
20260901_16:00:00   8.9515e-02   2.6322e+01   7.3577e+00   0.0000e+00   0.0000e+00   2.9248e+02
20260901_17:00:00   8.6048e-02   2.5471e+01   6.8519e+00   0.0000e+00   0.0000e+00   2.9307e+02
20260901_18:00:00   8.5884e-02   2.5444e+01   6.9036e+00   0.0000e+00   0.0000e+00   2.9445e+02
20260901_19:00:00   8.4436e-02   2.5093e+01   6.7416e+00   0.0000e+00   0.0000e+00   2.9523e+02
20260901_20:00:00   8.1969e-02   2.4460e+01   6.4327e+00   0.0000e+00   0.0000e+00   2.9556e+02
20260901_21:00:00   7.8958e-02   2.3674e+01   6.0092e+00   0.0000e+00   0.0000e+00   2.9776e+02
20260901_22:00:00   7.6158e-02   2.2942e+01   5.5446e+00   0.0000e+00   0.0000e+00   2.9877e+02
20260901_23:00:00   7.6172e-02   2.2953e+01   5.5222e+00   0.0000e+00   0.0000e+00   2.9737e+02
20260902_00:00:00   7.6280e-02   2.2985e+01   5.4913e+00   0.0000e+00   0.0000e+00   2.9655e+02
20260902_01:00:00   7.6176e-02   2.2953e+01   5.4208e+00   0.0000e+00   0.0000e+00   2.9639e+02
20260902_02:00:00   7.7295e-02   2.3230e+01   5.5202e+00   0.0000e+00   0.0000e+00   2.9782e+02
20260902_03:00:00   7.9025e-02   2.3668e+01   5.7135e+00   0.0000e+00   0.0000e+00   3.0036e+02
20260902_04:00:00   8.2791e-02   2.4634e+01   6.2233e+00   0.0000e+00   0.0000e+00   3.0214e+02
20260902_05:00:00   8.6860e-02   2.5656e+01   6.7984e+00   0.0000e+00   0.0000e+00   3.0089e+02
20260902_06:00:00   8.9251e-02   2.6223e+01   7.2083e+00   0.0000e+00   0.0000e+00   3.0146e+02
20260902_07:00:00   8.9635e-02   2.6276e+01   7.3267e+00   0.0000e+00   0.0000e+00   3.0112e+02
20260902_08:00:00   8.8987e-02   2.6091e+01   7.2500e+00   0.0000e+00   0.0000e+00   3.0291e+02
20260902_09:00:00   8.7050e-02   2.5617e+01   6.8536e+00   0.0000e+00   0.0000e+00   3.0675e+02
20260902_10:00:00   8.5749e-02   2.5294e+01   6.5654e+00   0.0000e+00   0.0000e+00   3.0819e+02
20260902_11:00:00   8.6129e-02   2.5368e+01   6.6187e+00   0.0000e+00   0.0000e+00   3.0633e+02
20260902_12:00:00   8.7166e-02   2.5607e+01   6.8193e+00   0.0000e+00   0.0000e+00   3.0646e+02
20260902_13:00:00   8.8627e-02   2.5943e+01   7.1447e+00   0.0000e+00   0.0000e+00   3.0796e+02
20260902_14:00:00   8.8932e-02   2.6016e+01   7.2104e+00   0.0000e+00   0.0000e+00   3.1121e+02
20260902_15:00:00   8.8263e-02   2.5871e+01   7.1416e+00   0.0000e+00   0.0000e+00   3.1643e+02
20260902_16:00:00   8.7323e-02   2.5652e+01   7.0805e+00   0.0000e+00   0.0000e+00   3.1800e+02
20260902_17:00:00   8.7244e-02   2.5647e+01   7.2220e+00   0.0000e+00   0.0000e+00   3.1969e+02
20260902_18:00:00   8.6651e-02   2.5505e+01   7.2904e+00   0.0000e+00   0.0000e+00   3.2000e+02
20260902_21:00:00   8.2611e-02   2.4601e+01   6.8673e+00   0.0000e+00   0.0000e+00   3.1645e+02
20260903_00:00:00   8.2378e-02   2.4585e+01   6.9375e+00   0.0000e+00   0.0000e+00   3.1444e+02
20260903_03:00:00   8.6039e-02   2.5495e+01   7.4810e+00   0.0000e+00   0.0000e+00   3.1242e+02
20260903_06:00:00   8.8882e-02   2.6161e+01   7.9298e+00   0.0000e+00   0.0000e+00   3.0962e+02
20260903_09:00:00   8.9840e-02   2.6352e+01   8.0826e+00   0.0000e+00   6.1960e-04   3.0765e+02
20260903_12:00:00   9.1533e-02   2.6752e+01   8.3314e+00   0.0000e+00   8.5781e-03   3.0795e+02
20260903_15:00:00   9.4575e-02   2.7513e+01   8.8215e+00   0.0000e+00   1.4318e-02   3.0834e+02
20260903_18:00:00   9.3401e-02   2.7315e+01   8.7411e+00   0.0000e+00   1.9384e-02   3.0617e+02
20260903_21:00:00   9.5553e-02   2.7993e+01   9.2250e+00   0.0000e+00   2.4879e-03   3.0401e+02
20260904_00:00:00   9.8730e-02   2.8828e+01   9.6933e+00   0.0000e+00   3.5576e-04   3.0554e+02
20260904_03:00:00   1.0524e-01   3.0448e+01   1.0566e+01   0.0000e+00   4.2740e-04   3.0627e+02
20260904_06:00:00   1.0402e-01   3.0133e+01   1.0069e+01   0.0000e+00   1.3376e-04   3.0322e+02
20260904_09:00:00   9.9990e-02   2.9066e+01   9.3418e+00   0.0000e+00   2.2480e-03   3.0193e+02
20260904_12:00:00   9.9514e-02   2.8880e+01   9.1989e+00   0.0000e+00   7.2114e-03   3.0051e+02
20260904_15:00:00   9.7216e-02   2.8340e+01   8.6226e+00   0.0000e+00   0.0000e+00   3.0128e+02
20260904_18:00:00   9.5970e-02   2.8169e+01   8.4753e+00   0.0000e+00   0.0000e+00   3.0390e+02
20260904_21:00:00   9.8903e-02   2.8999e+01   9.2877e+00   0.0000e+00   0.0000e+00   2.9803e+02
20260905_00:00:00   9.6843e-02   2.8490e+01   9.1543e+00   0.0000e+00   4.0040e-06   2.9681e+02
20260905_03:00:00   9.9960e-02   2.9281e+01   9.4924e+00   0.0000e+00   2.6155e-03   2.9502e+02
20260905_06:00:00   9.7770e-02   2.8674e+01   8.9489e+00   0.0000e+00   1.3605e-02   2.9608e+02
20260905_09:00:00   1.0003e-01   2.9120e+01   9.3731e+00   0.0000e+00   4.5106e-02   2.9694e+02
20260905_12:00:00   1.0269e-01   2.9725e+01   9.7848e+00   0.0000e+00   2.8139e-02   2.9618e+02
20260905_15:00:00   1.0483e-01   3.0224e+01   1.0238e+01   0.0000e+00   3.0628e-03   2.9236e+02
20260905_18:00:00   1.0634e-01   3.0595e+01   1.1029e+01   0.0000e+00   8.3914e-05   2.8976e+02
20260905_21:00:00   1.1379e-01   3.2364e+01   1.2779e+01   0.0000e+00   8.0827e-03   2.8675e+02
20260906_00:00:00   1.4806e-01   4.0742e+01   1.7402e+01   1.7843e-03   2.7161e-01   2.8607e+02
20260906_03:00:00   1.3426e-01   3.7403e+01   1.5638e+01   3.2720e-06   4.0581e-02   2.8587e+02
20260906_06:00:00   1.5008e-01   4.0862e+01   1.6771e+01   7.4602e-03   4.4602e-02   2.8414e+02
20260906_09:00:00   1.7203e-01   4.6056e+01   2.0088e+01   3.4437e-03   1.0097e-02   2.8624e+02
20260906_12:00:00   1.4270e-01   3.9665e+01   1.4794e+01   0.0000e+00   0.0000e+00   2.9675e+02
20260906_15:00:00   1.1098e-01   3.1929e+01   1.0086e+01   0.0000e+00   0.0000e+00   2.9744e+02
20260906_18:00:00   9.3062e-02   2.7451e+01   7.9015e+00   0.0000e+00   0.0000e+00   3.0263e+02
20260906_21:00:00   8.4750e-02   2.5356e+01   6.9693e+00   0.0000e+00   0.0000e+00   3.0810e+02
20260907_00:00:00   7.5746e-02   2.3047e+01   5.5940e+00   0.0000e+00   0.0000e+00   3.1132e+02
20260907_03:00:00   7.8097e-02   2.3664e+01   5.8018e+00   0.0000e+00   0.0000e+00   3.0405e+02
20260907_06:00:00   7.6724e-02   2.3227e+01   5.4596e+00   0.0000e+00   0.0000e+00   3.0448e+02
20260907_09:00:00   7.3986e-02   2.2431e+01   4.9790e+00   0.0000e+00   0.0000e+00   3.0040e+02
20260907_12:00:00   7.2950e-02   2.2080e+01   4.9090e+00   0.0000e+00   0.0000e+00   3.0586e+02
20260907_15:00:00   7.3802e-02   2.2266e+01   5.1364e+00   0.0000e+00   0.0000e+00   3.0812e+02
20260907_18:00:00   7.8163e-02   2.3410e+01   6.3093e+00   0.0000e+00   0.0000e+00   3.0720e+02
20260907_21:00:00   8.0269e-02   2.3981e+01   6.9314e+00   0.0000e+00   0.0000e+00   3.0806e+02
20260908_00:00:00   7.9788e-02   2.3969e+01   6.8866e+00   0.0000e+00   0.0000e+00   3.0521e+02
20260908_03:00:00   8.1938e-02   2.4591e+01   7.0014e+00   0.0000e+00   0.0000e+00   2.9888e+02
20260908_06:00:00   8.0265e-02   2.4155e+01   6.4766e+00   0.0000e+00   0.0000e+00   2.9907e+02
20260908_09:00:00   7.8701e-02   2.3750e+01   6.0371e+00   0.0000e+00   0.0000e+00   3.0013e+02
20260908_12:00:00   7.9227e-02   2.3876e+01   6.0619e+00   0.0000e+00   0.0000e+00   3.0058e+02
20260908_15:00:00   8.3389e-02   2.4959e+01   6.6943e+00   0.0000e+00   0.0000e+00   3.0317e+02
20260908_18:00:00   9.2208e-02   2.7398e+01   8.2406e+00   0.0000e+00   0.0000e+00   3.0310e+02
20260908_21:00:00   9.9174e-02   2.9338e+01   9.6151e+00   0.0000e+00   0.0000e+00   3.0142e+02
20260909_00:00:00   9.4793e-02   2.8183e+01   9.1902e+00   0.0000e+00   0.0000e+00   3.0214e+02
20260909_03:00:00   9.5356e-02   2.8298e+01   9.0070e+00   0.0000e+00   0.0000e+00   2.9803e+02
20260909_06:00:00   1.0343e-01   3.0333e+01   1.0059e+01   0.0000e+00   0.0000e+00   2.9597e+02
20260909_09:00:00   1.1529e-01   3.3366e+01   1.1563e+01   0.0000e+00   0.0000e+00   2.9234e+02
20260909_12:00:00   1.1617e-01   3.3578e+01   1.1415e+01   0.0000e+00   0.0000e+00   2.9282e+02
20260909_15:00:00   1.2932e-01   3.6938e+01   1.2820e+01   0.0000e+00   0.0000e+00   2.9230e+02
20260909_18:00:00   1.4125e-01   4.0151e+01   1.4645e+01   0.0000e+00   0.0000e+00   2.9287e+02
20260909_21:00:00   1.4074e-01   4.0131e+01   1.5381e+01   0.0000e+00   0.0000e+00   2.9024e+02
20260910_00:00:00   1.4630e-01   4.1469e+01   1.6757e+01   0.0000e+00   0.0000e+00   2.8892e+02
20260910_03:00:00   1.6669e-01   4.6335e+01   1.8946e+01   0.0000e+00   0.0000e+00   2.8614e+02
20260910_06:00:00   1.7993e-01   4.9409e+01   2.0009e+01   0.0000e+00   0.0000e+00   2.8666e+02
20260910_09:00:00   1.8447e-01   5.0375e+01   2.0363e+01   0.0000e+00   0.0000e+00   2.8541e+02
20260910_12:00:00   1.7709e-01   4.8605e+01   1.9355e+01   0.0000e+00   0.0000e+00   2.8708e+02
20260910_15:00:00   1.7295e-01   4.7586e+01   1.8820e+01   0.0000e+00   0.0000e+00   2.8991e+02
20260910_18:00:00   1.8632e-01   5.0856e+01   2.1308e+01   1.3348e-06   0.0000e+00   2.8910e+02
20260910_21:00:00   2.4479e-01   6.4193e+01   2.8266e+01   9.6865e-03   1.4699e-03   2.8478e+02
20260911_00:00:00   2.9067e-01   7.3277e+01   2.9615e+01   5.7189e-02   7.9514e-02   2.8324e+02
20260911_03:00:00   2.7727e-01   7.0778e+01   3.2471e+01   9.9579e-03   7.4972e-02   2.8250e+02
20260911_06:00:00   2.7397e-01   6.9744e+01   3.1251e+01   1.6016e-02   4.2960e-02   2.8157e+02
20260911_09:00:00   6.9011e-01   1.3973e+02   3.3352e+01   4.6065e-01   8.6545e-02   2.8222e+02
20260911_12:00:00   6.9746e-01   1.4083e+02   3.5329e+01   4.3847e-01   1.2206e-01   2.8042e+02
20260911_15:00:00   3.5616e-01   8.6015e+01   3.6040e+01   3.4520e-02   1.8235e-01   2.8023e+02
20260911_18:00:00   2.8206e-01   7.0972e+01   3.0730e+01   2.4518e-02   2.3099e-02   2.7922e+02
20260911_21:00:00   4.9028e-01   1.0947e+02   3.4289e+01   2.1690e-01   1.7559e-01   2.8100e+02
20260912_00:00:00   5.9008e-01   1.2515e+02   3.6388e+01   2.9865e-01   7.8845e-01   2.8649e+02
20260912_03:00:00   3.5213e-01   8.4977e+01   3.5050e+01   4.0951e-02   2.2784e-01   2.8999e+02
20260912_06:00:00   2.9182e-01   7.3329e+01   3.1456e+01   5.0269e-04   2.4902e-05   2.9117e+02
20260912_09:00:00   2.9109e-01   7.3121e+01   3.0412e+01   4.0963e-03   6.1805e-05   2.9111e+02
20260912_12:00:00   3.1204e-01   7.7258e+01   2.9062e+01   3.6237e-02   2.2001e-04   2.9400e+02
20260912_15:00:00   3.3144e-01   8.0930e+01   2.8432e+01   6.3884e-02   4.3576e-04   2.9612e+02
20260912_18:00:00   2.6214e-01   6.7351e+01   2.7407e+01   7.5137e-04   1.1090e-05   2.9511e+02
20260912_21:00:00   2.7130e-01   6.9319e+01   2.8878e+01   1.4372e-02   3.4466e-05   2.9485e+02
20260913_00:00:00   3.6858e-01   8.8466e+01   2.9879e+01   1.1836e-01   2.1235e-05   2.9294e+02
20260913_03:00:00   4.6535e-01   1.0544e+02   3.1169e+01   2.0891e-01   1.4314e-03   2.9145e+02
20260913_06:00:00   2.8627e-01   7.2229e+01   3.1022e+01   2.6337e-03   9.1950e-06   2.9096e+02
20260913_09:00:00   2.7952e-01   7.0794e+01   2.9821e+01   1.8329e-03   8.3221e-05   2.9036e+02
20260913_12:00:00   2.7613e-01   7.0008e+01   2.9378e+01   2.1068e-03   1.1430e-03   2.9022e+02
20260913_15:00:00   2.7370e-01   6.9491e+01   2.8830e+01   4.0627e-03   4.5956e-05   2.9054e+02
20260913_18:00:00   2.3962e-01   6.2427e+01   2.5827e+01   1.1195e-03   6.4780e-08   2.9046e+02
