#            date       tau255        Tb[K]      pwv[mm] lwp[kg*m^-2] iwp[kg*m^-2]       o3[DU]
20260909_06:00:00   1.8354e-01   4.9696e+01   2.2336e+01   0.0000e+00   7.1922e-03   2.8582e+02
20260909_07:00:00   1.8573e-01   5.0163e+01   2.2623e+01   0.0000e+00   8.7546e-03   2.8494e+02
20260909_08:00:00   1.8579e-01   5.0168e+01   2.2605e+01   0.0000e+00   1.2605e-03   2.8172e+02
20260909_09:00:00   1.8781e-01   5.0610e+01   2.2833e+01   0.0000e+00   1.0618e-03   2.7811e+02
20260909_10:00:00   1.8976e-01   5.1039e+01   2.3013e+01   0.0000e+00   4.1757e-05   2.7742e+02
20260909_11:00:00   1.9233e-01   5.1611e+01   2.3255e+01   0.0000e+00   0.0000e+00   2.7975e+02
20260909_12:00:00   1.9223e-01   5.1555e+01   2.3132e+01   0.0000e+00   6.6740e-07   2.8277e+02
20260909_13:00:00   1.9016e-01   5.1052e+01   2.2871e+01   0.0000e+00   4.7138e-06   2.8233e+02
20260909_14:00:00   1.8844e-01   5.0642e+01   2.2650e+01   0.0000e+00   5.8240e-05   2.8142e+02
20260909_15:00:00   1.8791e-01   5.0525e+01   2.2616e+01   0.0000e+00   2.1943e-04   2.7993e+02
20260909_16:00:00   1.8687e-01   5.0276e+01   2.2630e+01   0.0000e+00   5.9330e-04   2.7775e+02
20260909_17:00:00   1.8737e-01   5.0427e+01   2.2821e+01   0.0000e+00   1.2373e-03   2.7719e+02
20260909_18:00:00   1.8904e-01   5.0894e+01   2.3183e+01   0.0000e+00   1.6538e-03   2.7851e+02
20260909_19:00:00   1.9309e-01   5.1961e+01   2.3845e+01   1.2952e-04   1.7405e-03   2.7758e+02
20260909_20:00:00   1.9772e-01   5.3116e+01   2.4384e+01   1.9055e-03   1.4327e-03   2.7816e+02
20260909_21:00:00   2.0154e-01   5.4004e+01   2.4867e+01   3.4622e-03   2.3277e-03   2.7846e+02
20260909_22:00:00   2.0289e-01   5.4355e+01   2.5405e+01   1.5113e-03   3.4666e-03   2.7862e+02
20260909_23:00:00   2.0798e-01   5.5544e+01   2.5835e+01   3.9144e-03   5.1300e-03   2.7842e+02
20260910_00:00:00   2.0940e-01   5.5899e+01   2.6138e+01   2.8097e-03   8.0494e-03   2.7818e+02
20260910_01:00:00   2.1124e-01   5.6347e+01   2.6162e+01   4.3745e-03   3.6982e-03   2.8014e+02
20260910_02:00:00   2.1117e-01   5.6422e+01   2.6378e+01   2.1520e-03   1.6731e-03   2.8080e+02
20260910_03:00:00   2.1073e-01   5.6379e+01   2.6431e+01   0.0000e+00   1.4386e-04   2.8162e+02
20260910_04:00:00   2.0683e-01   5.5436e+01   2.5864e+01   0.0000e+00   9.8778e-04   2.8347e+02
20260910_05:00:00   2.0003e-01   5.3785e+01   2.5023e+01   0.0000e+00   8.9350e-03   2.8448e+02
20260910_06:00:00   1.9551e-01   5.2680e+01   2.4487e+01   0.0000e+00   2.5118e-03   2.8499e+02
20260910_07:00:00   1.9339e-01   5.2153e+01   2.4150e+01   0.0000e+00   3.8700e-04   2.8499e+02
20260910_08:00:00   1.9410e-01   5.2277e+01   2.4112e+01   0.0000e+00   0.0000e+00   2.8500e+02
20260910_09:00:00   1.9564e-01   5.2587e+01   2.4207e+01   0.0000e+00   0.0000e+00   2.8477e+02
20260910_10:00:00   1.9469e-01   5.2295e+01   2.4039e+01   0.0000e+00   1.1096e-05   2.8493e+02
20260910_11:00:00   1.9411e-01   5.2111e+01   2.3933e+01   0.0000e+00   0.0000e+00   2.8460e+02
20260910_12:00:00   1.9385e-01   5.2026e+01   2.3840e+01   0.0000e+00   2.4780e-06   2.8464e+02
20260910_13:00:00   1.9571e-01   5.2436e+01   2.4033e+01   0.0000e+00   2.8420e-06   2.8499e+02
20260910_14:00:00   1.9970e-01   5.3343e+01   2.4503e+01   0.0000e+00   0.0000e+00   2.8544e+02
20260910_15:00:00   2.0200e-01   5.3908e+01   2.4740e+01   0.0000e+00   0.0000e+00   2.8589e+02
20260910_16:00:00   1.9924e-01   5.3345e+01   2.4441e+01   0.0000e+00   0.0000e+00   2.8626e+02
20260910_17:00:00   1.9569e-01   5.2586e+01   2.4135e+01   0.0000e+00   0.0000e+00   2.8590e+02
20260910_18:00:00   1.9801e-01   5.3221e+01   2.4543e+01   1.5544e-04   7.0620e-06   2.8583e+02
20260910_19:00:00   2.1224e-01   5.6516e+01   2.5546e+01   8.8648e-03   7.2035e-04   2.8536e+02
20260910_20:00:00   2.3996e-01   6.2536e+01   2.6600e+01   3.1712e-02   2.4144e-02   2.8378e+02
20260910_21:00:00   2.6593e-01   6.8045e+01   2.7109e+01   5.5733e-02   3.3518e-02   2.8235e+02
20260910_22:00:00   2.5698e-01   6.6285e+01   2.7709e+01   4.0464e-02   2.2337e-02   2.8199e+02
20260910_23:00:00   2.4542e-01   6.3964e+01   2.8032e+01   2.4419e-02   1.6976e-02   2.8302e+02
20260911_00:00:00   2.2551e-01   5.9802e+01   2.7836e+01   2.8019e-03   7.2168e-04   2.8286e+02
20260911_01:00:00   2.2552e-01   5.9827e+01   2.7849e+01   1.4616e-03   6.4760e-04   2.8260e+02
20260911_02:00:00   2.2272e-01   5.9221e+01   2.7418e+01   0.0000e+00   5.3601e-03   2.8252e+02
20260911_03:00:00   2.2196e-01   5.9018e+01   2.7062e+01   0.0000e+00   7.6840e-03   2.8204e+02
20260911_04:00:00   2.2060e-01   5.8663e+01   2.6563e+01   0.0000e+00   1.8732e-03   2.8156e+02
20260911_05:00:00   2.1734e-01   5.7875e+01   2.5891e+01   0.0000e+00   3.2720e-06   2.8162e+02
20260911_06:00:00   2.1072e-01   5.6330e+01   2.4949e+01   0.0000e+00   3.1580e-05   2.8228e+02
20260911_07:00:00   2.0402e-01   5.4804e+01   2.3985e+01   0.0000e+00   9.0798e-04   2.8314e+02
20260911_08:00:00   2.0052e-01   5.3971e+01   2.3541e+01   0.0000e+00   1.4820e-03   2.8488e+02
20260911_09:00:00   1.9709e-01   5.3178e+01   2.2911e+01   0.0000e+00   1.3806e-04   2.8584e+02
20260911_10:00:00   1.9531e-01   5.2747e+01   2.2567e+01   0.0000e+00   8.5960e-04   2.8473e+02
20260911_11:00:00   1.9384e-01   5.2397e+01   2.2250e+01   0.0000e+00   9.7863e-04   2.8428e+02
20260911_12:00:00   1.9272e-01   5.2149e+01   2.1975e+01   0.0000e+00   2.2797e-04   2.8257e+02
20260911_13:00:00   1.9205e-01   5.1988e+01   2.1769e+01   0.0000e+00   2.8285e-04   2.8271e+02
20260911_14:00:00   1.8998e-01   5.1534e+01   2.1291e+01   0.0000e+00   3.8160e-05   2.8283e+02
20260911_15:00:00   1.8759e-01   5.1054e+01   2.0922e+01   0.0000e+00   1.6196e-07   2.8310e+02
20260911_16:00:00   1.8054e-01   4.9486e+01   2.0092e+01   0.0000e+00   2.0440e-06   2.8373e+02
20260911_17:00:00   1.7203e-01   4.7554e+01   1.9066e+01   0.0000e+00   0.0000e+00   2.8430e+02
20260911_18:00:00   1.6723e-01   4.6418e+01   1.8696e+01   0.0000e+00   0.0000e+00   2.8575e+02
20260911_19:00:00   1.6495e-01   4.5865e+01   1.8721e+01   0.0000e+00   0.0000e+00   2.8540e+02
20260911_20:00:00   1.5933e-01   4.4534e+01   1.8201e+01   0.0000e+00   0.0000e+00   2.8482e+02
20260911_21:00:00   1.4986e-01   4.2241e+01   1.7190e+01   0.0000e+00   0.0000e+00   2.8427e+02
20260911_22:00:00   1.3796e-01   3.9290e+01   1.5735e+01   0.0000e+00   0.0000e+00   2.8525e+02
20260911_23:00:00   1.2402e-01   3.5759e+01   1.3804e+01   0.0000e+00   0.0000e+00   2.8550e+02
20260912_00:00:00   1.1443e-01   3.3343e+01   1.2256e+01   0.0000e+00   0.0000e+00   2.8630e+02
20260912_01:00:00   1.1100e-01   3.2492e+01   1.1579e+01   0.0000e+00   0.0000e+00   2.8652e+02
20260912_02:00:00   1.1323e-01   3.3058e+01   1.1769e+01   0.0000e+00   0.0000e+00   2.8631e+02
20260912_03:00:00   1.1848e-01   3.4335e+01   1.2431e+01   0.0000e+00   0.0000e+00   2.8678e+02
20260912_04:00:00   1.2425e-01   3.5755e+01   1.3129e+01   0.0000e+00   0.0000e+00   2.8746e+02
20260912_05:00:00   1.2625e-01   3.6210e+01   1.3315e+01   0.0000e+00   2.1260e-06   2.8658e+02
20260912_06:00:00   1.2004e-01   3.4616e+01   1.2355e+01   0.0000e+00   2.4159e-04   2.8472e+02
20260912_07:00:00   1.1229e-01   3.2612e+01   1.1129e+01   0.0000e+00   6.4537e-04   2.8457e+02
20260912_08:00:00   1.0792e-01   3.1461e+01   1.0408e+01   0.0000e+00   1.1456e-03   2.8442e+02
20260912_09:00:00   1.0487e-01   3.0651e+01   9.9071e+00   0.0000e+00   3.5626e-03   2.8416e+02
20260912_10:00:00   1.0175e-01   2.9837e+01   9.3650e+00   0.0000e+00   5.6380e-04   2.8490e+02
20260912_11:00:00   9.7856e-02   2.8812e+01   8.7212e+00   0.0000e+00   2.8560e-04   2.8566e+02
20260912_12:00:00   9.2859e-02   2.7493e+01   7.9078e+00   0.0000e+00   6.0522e-04   2.8590e+02
20260912_13:00:00   8.7925e-02   2.6189e+01   7.1007e+00   0.0000e+00   7.1590e-04   2.8582e+02
20260912_14:00:00   8.5671e-02   2.5581e+01   6.7316e+00   0.0000e+00   7.0322e-04   2.8594e+02
20260912_15:00:00   8.7009e-02   2.5941e+01   6.9589e+00   0.0000e+00   0.0000e+00   2.8564e+02
20260912_16:00:00   8.5820e-02   2.5663e+01   6.8625e+00   0.0000e+00   5.5020e-06   2.8563e+02
20260912_17:00:00   8.3372e-02   2.5052e+01   6.6242e+00   0.0000e+00   0.0000e+00   2.8601e+02
20260912_18:00:00   8.2766e-02   2.4915e+01   6.6872e+00   0.0000e+00   0.0000e+00   2.8406e+02
20260912_19:00:00   8.4429e-02   2.5354e+01   7.1837e+00   0.0000e+00   0.0000e+00   2.8288e+02
20260912_20:00:00   8.8057e-02   2.6282e+01   8.0424e+00   0.0000e+00   0.0000e+00   2.8213e+02
20260912_21:00:00   9.0517e-02   2.6955e+01   8.5595e+00   0.0000e+00   0.0000e+00   2.8079e+02
20260912_22:00:00   9.2065e-02   2.7402e+01   8.8657e+00   0.0000e+00   0.0000e+00   2.8061e+02
20260912_23:00:00   9.3041e-02   2.7681e+01   9.0195e+00   0.0000e+00   0.0000e+00   2.8093e+02
20260913_00:00:00   9.1519e-02   2.7298e+01   8.7279e+00   0.0000e+00   0.0000e+00   2.8064e+02
20260913_01:00:00   9.0822e-02   2.7131e+01   8.4573e+00   0.0000e+00   0.0000e+00   2.7958e+02
20260913_02:00:00   9.3633e-02   2.7817e+01   8.8094e+00   0.0000e+00   0.0000e+00   2.7874e+02
20260913_03:00:00   9.7421e-02   2.8712e+01   9.3444e+00   0.0000e+00   0.0000e+00   2.7775e+02
20260913_04:00:00   1.0091e-01   2.9524e+01   9.9241e+00   0.0000e+00   0.0000e+00   2.7728e+02
20260913_05:00:00   9.9713e-02   2.9173e+01   9.7242e+00   0.0000e+00   0.0000e+00   2.7709e+02
20260913_06:00:00   1.0165e-01   2.9584e+01   1.0194e+01   0.0000e+00   0.0000e+00   2.7776e+02
20260913_07:00:00   1.0097e-01   2.9406e+01   9.9897e+00   0.0000e+00   0.0000e+00   2.7962e+02
20260913_08:00:00   9.5751e-02   2.8107e+01   8.9007e+00   0.0000e+00   0.0000e+00   2.8102e+02
20260913_09:00:00   9.2770e-02   2.7325e+01   8.3033e+00   0.0000e+00   0.0000e+00   2.8316e+02
20260913_10:00:00   8.9241e-02   2.6408e+01   7.6396e+00   0.0000e+00   0.0000e+00   2.8490e+02
20260913_11:00:00   8.7180e-02   2.5853e+01   7.2931e+00   0.0000e+00   0.0000e+00   2.8623e+02
20260913_12:00:00   8.5186e-02   2.5327e+01   6.8761e+00   0.0000e+00   0.0000e+00   2.8797e+02
20260913_13:00:00   8.5005e-02   2.5264e+01   6.8242e+00   0.0000e+00   0.0000e+00   2.8878e+02
20260913_14:00:00   8.6716e-02   2.5676e+01   7.1144e+00   0.0000e+00   0.0000e+00   2.8947e+02
20260913_15:00:00   8.7859e-02   2.5990e+01   7.2064e+00   0.0000e+00   1.6826e-04   2.8955e+02
20260913_16:00:00   8.7946e-02   2.6054e+01   7.1657e+00   0.0000e+00   4.0040e-06   2.8909e+02
20260913_17:00:00   8.8683e-02   2.6273e+01   7.3172e+00   0.0000e+00   0.0000e+00   2.8901e+02
20260913_18:00:00   8.9657e-02   2.6548e+01   7.5625e+00   0.0000e+00   0.0000e+00   2.9027e+02
20260913_19:00:00   9.1688e-02   2.7101e+01   7.9988e+00   0.0000e+00   0.0000e+00   2.9013e+02
20260913_20:00:00   9.4737e-02   2.7925e+01   8.5817e+00   0.0000e+00   0.0000e+00   2.9003e+02
20260913_21:00:00   9.7416e-02   2.8657e+01   9.0887e+00   0.0000e+00   0.0000e+00   2.9184e+02
20260913_22:00:00   9.8375e-02   2.8941e+01   9.3056e+00   0.0000e+00   0.0000e+00   2.9340e+02
20260913_23:00:00   9.8382e-02   2.8964e+01   9.3499e+00   0.0000e+00   0.0000e+00   2.9301e+02
20260914_00:00:00   9.8300e-02   2.8945e+01   9.3566e+00   0.0000e+00   0.0000e+00   2.9458e+02
20260914_01:00:00   9.9083e-02   2.9128e+01   9.4984e+00   0.0000e+00   0.0000e+00   2.9436e+02
20260914_02:00:00   1.0050e-01   2.9450e+01   9.7022e+00   0.0000e+00   2.6580e-05   2.9425e+02
20260914_03:00:00   1.0146e-01   2.9661e+01   9.8098e+00   0.0000e+00   5.0560e-05   2.9336e+02
20260914_04:00:00   1.0380e-01   3.0233e+01   1.0032e+01   0.0000e+00   0.0000e+00   2.9347e+02
20260914_05:00:00   1.0485e-01   3.0471e+01   1.0091e+01   0.0000e+00   0.0000e+00   2.9347e+02
20260914_06:00:00   1.0409e-01   3.0224e+01   9.9105e+00   0.0000e+00   0.0000e+00   2.9311e+02
20260914_09:00:00   1.0226e-01   2.9638e+01   9.6427e+00   0.0000e+00   3.1496e-05   2.9435e+02
20260914_12:00:00   1.0150e-01   2.9371e+01   9.5494e+00   0.0000e+00   4.9556e-03   2.9476e+02
20260914_15:00:00   1.0224e-01   2.9520e+01   9.7335e+00   0.0000e+00   0.0000e+00   2.9459e+02
20260914_18:00:00   1.0173e-01   2.9495e+01   1.0017e+01   0.0000e+00   0.0000e+00   2.9150e+02
20260914_21:00:00   1.0391e-01   3.0131e+01   1.0828e+01   0.0000e+00   0.0000e+00   2.9029e+02
20260915_00:00:00   1.0286e-01   2.9967e+01   1.0640e+01   0.0000e+00   0.0000e+00   2.9202e+02
20260915_03:00:00   9.8650e-02   2.8887e+01   9.5666e+00   0.0000e+00   0.0000e+00   2.9037e+02
20260915_06:00:00   9.4172e-02   2.7704e+01   8.6889e+00   0.0000e+00   0.0000e+00   2.9097e+02
20260915_09:00:00   9.6304e-02   2.8221e+01   8.9175e+00   0.0000e+00   0.0000e+00   2.9048e+02
20260915_12:00:00   9.7474e-02   2.8472e+01   9.0653e+00   0.0000e+00   0.0000e+00   2.9190e+02
20260915_15:00:00   9.9405e-02   2.8950e+01   9.3061e+00   0.0000e+00   0.0000e+00   2.9387e+02
20260915_18:00:00   9.8088e-02   2.8730e+01   9.2869e+00   0.0000e+00   0.0000e+00   2.8956e+02
20260915_21:00:00   9.1822e-02   2.7195e+01   8.4259e+00   0.0000e+00   0.0000e+00   2.8853e+02
20260916_00:00:00   8.9594e-02   2.6601e+01   8.2001e+00   0.0000e+00   0.0000e+00   2.9136e+02
20260916_03:00:00   9.1972e-02   2.7181e+01   8.3740e+00   0.0000e+00   0.0000e+00   2.9220e+02
20260916_06:00:00   9.4059e-02   2.7647e+01   8.6112e+00   0.0000e+00   0.0000e+00   2.8983e+02
20260916_09:00:00   9.2959e-02   2.7333e+01   8.3759e+00   0.0000e+00   0.0000e+00   2.8664e+02
20260916_12:00:00   9.5249e-02   2.7810e+01   8.8647e+00   0.0000e+00   0.0000e+00   2.8450e+02
20260916_15:00:00   1.0306e-01   2.9687e+01   1.0236e+01   0.0000e+00   0.0000e+00   2.8539e+02
20260916_18:00:00   1.0653e-01   3.0696e+01   1.0895e+01   0.0000e+00   0.0000e+00   2.8727e+02
20260916_21:00:00   1.0945e-01   3.1535e+01   1.1517e+01   0.0000e+00   0.0000e+00   2.8700e+02
20260917_00:00:00   1.1267e-01   3.2351e+01   1.2254e+01   0.0000e+00   0.0000e+00   2.8497e+02
20260917_03:00:00   1.1306e-01   3.2460e+01   1.2038e+01   0.0000e+00   2.0440e-06   2.8475e+02
20260917_06:00:00   1.1414e-01   3.2658e+01   1.2073e+01   0.0000e+00   0.0000e+00   2.8336e+02
20260917_09:00:00   1.1791e-01   3.3545e+01   1.2645e+01   0.0000e+00   0.0000e+00   2.8151e+02
20260917_12:00:00   1.1748e-01   3.3422e+01   1.2390e+01   0.0000e+00   0.0000e+00   2.8320e+02
20260917_15:00:00   1.1306e-01   3.2377e+01   1.1506e+01   0.0000e+00   0.0000e+00   2.8327e+02
20260917_18:00:00   1.0962e-01   3.1625e+01   1.1237e+01   0.0000e+00   0.0000e+00   2.8118e+02
20260917_21:00:00   1.1730e-01   3.3587e+01   1.2792e+01   0.0000e+00   0.0000e+00   2.8004e+02
20260918_00:00:00   1.3384e-01   3.7679e+01   1.5420e+01   0.0000e+00   2.9574e-04   2.7841e+02
20260918_03:00:00   1.4660e-01   4.0836e+01   1.6767e+01   0.0000e+00   1.7006e-04   2.7686e+02
20260918_06:00:00   1.5773e-01   4.3422e+01   1.8362e+01   0.0000e+00   1.7587e-03   2.7904e+02
20260918_09:00:00   1.7094e-01   4.6395e+01   2.0269e+01   0.0000e+00   9.8715e-04   2.7999e+02
20260918_12:00:00   1.7240e-01   4.6720e+01   2.0186e+01   0.0000e+00   9.1640e-05   2.7794e+02
20260918_15:00:00   1.6628e-01   4.5345e+01   1.9055e+01   0.0000e+00   0.0000e+00   2.8061e+02
20260918_18:00:00   1.5967e-01   4.3993e+01   1.8424e+01   0.0000e+00   0.0000e+00   2.8018e+02
20260918_21:00:00   1.6185e-01   4.4607e+01   1.9082e+01   0.0000e+00   0.0000e+00   2.7824e+02
20260919_00:00:00   1.6304e-01   4.4973e+01   1.9406e+01   1.1042e-04   1.4126e-04   2.8025e+02
20260919_03:00:00   1.4754e-01   4.1289e+01   1.6552e+01   0.0000e+00   0.0000e+00   2.8282e+02
20260919_06:00:00   1.2576e-01   3.5823e+01   1.3239e+01   0.0000e+00   0.0000e+00   2.8190e+02
20260919_09:00:00   1.1333e-01   3.2625e+01   1.1287e+01   0.0000e+00   0.0000e+00   2.8376e+02
20260919_12:00:00   1.0566e-01   3.0648e+01   9.9388e+00   0.0000e+00   0.0000e+00   2.8574e+02
20260919_15:00:00   1.0232e-01   2.9824e+01   9.2182e+00   0.0000e+00   0.0000e+00   2.8811e+02
20260919_18:00:00   9.8942e-02   2.9111e+01   8.8778e+00   0.0000e+00   0.0000e+00   2.8872e+02
20260919_21:00:00   1.0654e-01   3.1140e+01   1.0534e+01   0.0000e+00   0.0000e+00   2.8563e+02
20260920_00:00:00   1.1289e-01   3.2768e+01   1.1727e+01   0.0000e+00   0.0000e+00   2.8135e+02
20260920_03:00:00   1.1200e-01   3.2498e+01   1.1270e+01   0.0000e+00   0.0000e+00   2.7802e+02
20260920_06:00:00   1.1228e-01   3.2538e+01   1.1079e+01   0.0000e+00   0.0000e+00   2.7481e+02
20260920_09:00:00   1.1466e-01   3.3057e+01   1.1441e+01   0.0000e+00   0.0000e+00   2.7481e+02
20260920_12:00:00   1.1451e-01   3.2932e+01   1.1433e+01   0.0000e+00   0.0000e+00   2.7302e+02
20260920_15:00:00   1.1415e-01   3.2809e+01   1.1315e+01   0.0000e+00   0.0000e+00   2.7412e+02
20260920_18:00:00   1.1137e-01   3.2216e+01   1.1243e+01   0.0000e+00   0.0000e+00   2.7336e+02
20260920_21:00:00   1.0480e-01   3.0582e+01   1.0813e+01   0.0000e+00   1.6196e-07   2.7155e+02
20260921_00:00:00   1.1183e-01   3.2381e+01   1.2123e+01   0.0000e+00   3.1660e-04   2.7072e+02
20260921_03:00:00   1.1488e-01   3.3169e+01   1.2249e+01   0.0000e+00   1.9522e-05   2.7201e+02
20260921_06:00:00   1.1808e-01   3.4049e+01   1.2358e+01   0.0000e+00   1.5667e-04   2.6808e+02
20260921_09:00:00   1.2557e-01   3.5962e+01   1.3268e+01   0.0000e+00   8.4338e-03   2.6490e+02
20260921_12:00:00   1.3490e-01   3.8210e+01   1.4473e+01   0.0000e+00   0.0000e+00   2.6381e+02
20260921_15:00:00   1.3671e-01   3.8628e+01   1.4640e+01   0.0000e+00   2.2980e-05   2.6190e+02
20260921_18:00:00   1.3640e-01   3.8785e+01   1.4731e+01   0.0000e+00   0.0000e+00   2.5967e+02
20260921_21:00:00   1.3282e-01   3.7985e+01   1.4789e+01   0.0000e+00   0.0000e+00   2.5588e+02
20260922_00:00:00   1.3702e-01   3.9045e+01   1.5715e+01   0.0000e+00   0.0000e+00   2.5476e+02
20260922_03:00:00   1.3727e-01   3.9058e+01   1.5498e+01   0.0000e+00   0.0000e+00   2.5395e+02
20260922_06:00:00   1.3502e-01   3.8486e+01   1.4972e+01   0.0000e+00   0.0000e+00   2.5318e+02
20260922_09:00:00   1.3371e-01   3.8102e+01   1.4543e+01   0.0000e+00   0.0000e+00   2.5657e+02
20260922_12:00:00   1.3302e-01   3.7842e+01   1.4327e+01   0.0000e+00   0.0000e+00   2.5982e+02
20260922_15:00:00   1.3034e-01   3.7148e+01   1.3849e+01   0.0000e+00   0.0000e+00   2.5955e+02
20260922_18:00:00   1.2360e-01   3.5608e+01   1.3133e+01   0.0000e+00   0.0000e+00   2.5800e+02
20260922_21:00:00   1.1932e-01   3.4634e+01   1.2908e+01   0.0000e+00   0.0000e+00   2.5835e+02
20260923_00:00:00   1.1710e-01   3.4036e+01   1.2854e+01   0.0000e+00   0.0000e+00   2.5703e+02
20260923_03:00:00   1.1579e-01   3.3645e+01   1.2503e+01   0.0000e+00   0.0000e+00   2.5552e+02
20260923_06:00:00   1.1885e-01   3.4338e+01   1.2950e+01   0.0000e+00   0.0000e+00   2.5527e+02
20260923_09:00:00   1.1978e-01   3.4505e+01   1.2980e+01   0.0000e+00   0.0000e+00   2.5792e+02
20260923_12:00:00   1.1919e-01   3.4331e+01   1.2592e+01   0.0000e+00   0.0000e+00   2.6137e+02
20260923_15:00:00   1.2221e-01   3.5073e+01   1.2832e+01   0.0000e+00   0.0000e+00   2.6252e+02
20260923_18:00:00   1.2061e-01   3.4835e+01   1.2699e+01   0.0000e+00   0.0000e+00   2.6487e+02
20260923_21:00:00   1.1410e-01   3.3219e+01   1.2078e+01   0.0000e+00   1.6360e-06   2.6473e+02
20260924_00:00:00   1.1796e-01   3.4105e+01   1.2902e+01   0.0000e+00   2.3083e-04   2.6774e+02
20260924_03:00:00   1.1926e-01   3.4362e+01   1.2948e+01   0.0000e+00   0.0000e+00   2.6722e+02
20260924_06:00:00   1.2254e-01   3.5214e+01   1.3062e+01   0.0000e+00   0.0000e+00   2.6857e+02
20260924_09:00:00   1.1823e-01   3.4143e+01   1.2172e+01   0.0000e+00   0.0000e+00   2.7099e+02
20260924_12:00:00   1.1909e-01   3.4309e+01   1.2152e+01   0.0000e+00   0.0000e+00   2.6973e+02
20260924_15:00:00   1.2088e-01   3.4713e+01   1.2341e+01   0.0000e+00   0.0000e+00   2.7169e+02
20260924_18:00:00   1.1649e-01   3.3690e+01   1.2028e+01   0.0000e+00   0.0000e+00   2.7246e+02
20260924_21:00:00   1.1424e-01   3.2951e+01   1.2360e+01   2.5680e-05   2.1184e-04   2.7498e+02
20260925_00:00:00   1.2283e-01   3.5035e+01   1.3937e+01   1.2118e-05   6.6899e-04   2.7503e+02
20260925_03:00:00   1.3251e-01   3.7433e+01   1.5199e+01   0.0000e+00   0.0000e+00   2.7507e+02
20260925_06:00:00   1.4171e-01   3.9777e+01   1.6099e+01   0.0000e+00   0.0000e+00   2.7477e+02
