#            date       tau255        Tb[K]      pwv[mm] lwp[kg*m^-2] iwp[kg*m^-2]       o3[DU]
20260801_06:00:00   8.2668e-02   2.5186e+01   7.0869e+00   0.0000e+00   0.0000e+00   2.9473e+02
20260801_07:00:00   8.3463e-02   2.5394e+01   7.1889e+00   0.0000e+00   0.0000e+00   2.9560e+02
20260801_08:00:00   8.4195e-02   2.5584e+01   7.2988e+00   0.0000e+00   0.0000e+00   2.9588e+02
20260801_09:00:00   8.3920e-02   2.5512e+01   7.2376e+00   0.0000e+00   0.0000e+00   2.9528e+02
20260801_10:00:00   8.4056e-02   2.5539e+01   7.2453e+00   0.0000e+00   0.0000e+00   2.9575e+02
20260801_11:00:00   8.4651e-02   2.5685e+01   7.3327e+00   0.0000e+00   0.0000e+00   2.9724e+02
20260801_12:00:00   8.4883e-02   2.5743e+01   7.3398e+00   0.0000e+00   0.0000e+00   2.9738e+02
20260801_13:00:00   8.4872e-02   2.5732e+01   7.2966e+00   0.0000e+00   0.0000e+00   2.9821e+02
20260801_14:00:00   8.4504e-02   2.5628e+01   7.1837e+00   0.0000e+00   0.0000e+00   3.0160e+02
20260801_15:00:00   8.4483e-02   2.5644e+01   7.1298e+00   0.0000e+00   0.0000e+00   3.0375e+02
20260801_16:00:00   8.3945e-02   2.5534e+01   7.0318e+00   0.0000e+00   0.0000e+00   3.0471e+02
20260801_17:00:00   8.4979e-02   2.5850e+01   7.2697e+00   0.0000e+00   0.0000e+00   3.0381e+02
20260801_18:00:00   8.5820e-02   2.6084e+01   7.5628e+00   0.0000e+00   0.0000e+00   3.0421e+02
20260801_19:00:00   8.7283e-02   2.6468e+01   8.0065e+00   0.0000e+00   2.0100e-05   3.0348e+02
20260801_20:00:00   9.0727e-02   2.7348e+01   8.8447e+00   0.0000e+00   2.2020e-04   3.0222e+02
20260801_21:00:00   9.6227e-02   2.8759e+01   9.9936e+00   0.0000e+00   9.4501e-04   3.0419e+02
20260801_22:00:00   1.0122e-01   3.0022e+01   1.1008e+01   0.0000e+00   8.9127e-03   3.0518e+02
20260801_23:00:00   1.0374e-01   3.0652e+01   1.1526e+01   0.0000e+00   2.2257e-02   3.0468e+02
20260802_00:00:00   1.0452e-01   3.0853e+01   1.1725e+01   0.0000e+00   2.1898e-03   3.0482e+02
20260802_01:00:00   1.0509e-01   3.0984e+01   1.1874e+01   0.0000e+00   1.6852e-05   3.0643e+02
20260802_02:00:00   1.0700e-01   3.1477e+01   1.2226e+01   0.0000e+00   0.0000e+00   3.0636e+02
20260802_03:00:00   1.1024e-01   3.2298e+01   1.2754e+01   0.0000e+00   0.0000e+00   3.0782e+02
20260802_04:00:00   1.1320e-01   3.3016e+01   1.3214e+01   0.0000e+00   0.0000e+00   3.0967e+02
20260802_05:00:00   1.1488e-01   3.3390e+01   1.3424e+01   0.0000e+00   0.0000e+00   3.1021e+02
20260802_06:00:00   1.1587e-01   3.3585e+01   1.3527e+01   0.0000e+00   0.0000e+00   3.0893e+02
20260802_07:00:00   1.1634e-01   3.3659e+01   1.3585e+01   0.0000e+00   0.0000e+00   3.0910e+02
20260802_08:00:00   1.1624e-01   3.3604e+01   1.3548e+01   0.0000e+00   0.0000e+00   3.0799e+02
20260802_09:00:00   1.1613e-01   3.3551e+01   1.3520e+01   0.0000e+00   0.0000e+00   3.0647e+02
20260802_10:00:00   1.1567e-01   3.3412e+01   1.3442e+01   0.0000e+00   0.0000e+00   3.0692e+02
20260802_11:00:00   1.1473e-01   3.3159e+01   1.3260e+01   0.0000e+00   0.0000e+00   3.0708e+02
20260802_12:00:00   1.1390e-01   3.2932e+01   1.3079e+01   0.0000e+00   0.0000e+00   3.0755e+02
20260802_13:00:00   1.1321e-01   3.2742e+01   1.2908e+01   0.0000e+00   0.0000e+00   3.0789e+02
20260802_14:00:00   1.1324e-01   3.2746e+01   1.2859e+01   0.0000e+00   0.0000e+00   3.0763e+02
20260802_15:00:00   1.1296e-01   3.2704e+01   1.2792e+01   0.0000e+00   0.0000e+00   3.0727e+02
20260802_16:00:00   1.1204e-01   3.2504e+01   1.2635e+01   0.0000e+00   0.0000e+00   3.0657e+02
20260802_17:00:00   1.1104e-01   3.2304e+01   1.2469e+01   0.0000e+00   0.0000e+00   3.0498e+02
20260802_18:00:00   1.0983e-01   3.2059e+01   1.2296e+01   0.0000e+00   0.0000e+00   3.0447e+02
20260802_19:00:00   1.0884e-01   3.1864e+01   1.2175e+01   0.0000e+00   0.0000e+00   3.0432e+02
20260802_20:00:00   1.0822e-01   3.1749e+01   1.2169e+01   0.0000e+00   0.0000e+00   3.0588e+02
20260802_21:00:00   1.0694e-01   3.1452e+01   1.2060e+01   0.0000e+00   0.0000e+00   3.0851e+02
20260802_22:00:00   1.0567e-01   3.1130e+01   1.1943e+01   0.0000e+00   3.3700e-05   3.0832e+02
20260802_23:00:00   1.0398e-01   3.0695e+01   1.1693e+01   0.0000e+00   0.0000e+00   3.0776e+02
20260803_00:00:00   1.0191e-01   3.0178e+01   1.1318e+01   0.0000e+00   0.0000e+00   3.0714e+02
20260803_01:00:00   9.9292e-02   2.9532e+01   1.0799e+01   0.0000e+00   0.0000e+00   3.0815e+02
20260803_02:00:00   9.8498e-02   2.9336e+01   1.0605e+01   0.0000e+00   0.0000e+00   3.1057e+02
20260803_03:00:00   9.8597e-02   2.9346e+01   1.0491e+01   0.0000e+00   0.0000e+00   3.1059e+02
20260803_04:00:00   9.9128e-02   2.9440e+01   1.0450e+01   0.0000e+00   0.0000e+00   3.0939e+02
20260803_05:00:00   1.0070e-01   2.9803e+01   1.0648e+01   0.0000e+00   0.0000e+00   3.0908e+02
20260803_06:00:00   1.0143e-01   2.9979e+01   1.0713e+01   0.0000e+00   0.0000e+00   3.0875e+02
20260803_07:00:00   1.0168e-01   3.0024e+01   1.0705e+01   0.0000e+00   0.0000e+00   3.0747e+02
20260803_08:00:00   1.0169e-01   3.0001e+01   1.0689e+01   0.0000e+00   0.0000e+00   3.0702e+02
20260803_09:00:00   1.0060e-01   2.9704e+01   1.0484e+01   0.0000e+00   0.0000e+00   3.0814e+02
20260803_10:00:00   9.9412e-02   2.9374e+01   1.0273e+01   0.0000e+00   0.0000e+00   3.0912e+02
20260803_11:00:00   9.8352e-02   2.9078e+01   1.0080e+01   0.0000e+00   0.0000e+00   3.0885e+02
20260803_12:00:00   9.7054e-02   2.8716e+01   9.8259e+00   0.0000e+00   0.0000e+00   3.0996e+02
20260803_13:00:00   9.6503e-02   2.8543e+01   9.7211e+00   0.0000e+00   0.0000e+00   3.1026e+02
20260803_14:00:00   9.7668e-02   2.8832e+01   9.8990e+00   0.0000e+00   0.0000e+00   3.1140e+02
20260803_15:00:00   9.8346e-02   2.9031e+01   9.9981e+00   0.0000e+00   0.0000e+00   3.1163e+02
20260803_16:00:00   9.8400e-02   2.9086e+01   1.0012e+01   0.0000e+00   0.0000e+00   3.1137e+02
20260803_17:00:00   9.8455e-02   2.9140e+01   1.0061e+01   0.0000e+00   0.0000e+00   3.0847e+02
20260803_18:00:00   9.8834e-02   2.9276e+01   1.0187e+01   0.0000e+00   0.0000e+00   3.0723e+02
20260803_19:00:00   9.9186e-02   2.9407e+01   1.0327e+01   0.0000e+00   0.0000e+00   3.0682e+02
20260803_20:00:00   1.0047e-01   2.9795e+01   1.0611e+01   0.0000e+00   0.0000e+00   3.0639e+02
20260803_21:00:00   1.0218e-01   3.0276e+01   1.0984e+01   0.0000e+00   0.0000e+00   3.0576e+02
20260803_22:00:00   1.0466e-01   3.0937e+01   1.1493e+01   0.0000e+00   0.0000e+00   3.0440e+02
20260803_23:00:00   1.0570e-01   3.1222e+01   1.1731e+01   0.0000e+00   0.0000e+00   3.0278e+02
20260804_00:00:00   1.0709e-01   3.1583e+01   1.2001e+01   0.0000e+00   0.0000e+00   3.0131e+02
20260804_01:00:00   1.0735e-01   3.1660e+01   1.2050e+01   0.0000e+00   0.0000e+00   3.0065e+02
20260804_02:00:00   1.0736e-01   3.1701e+01   1.2015e+01   0.0000e+00   0.0000e+00   3.0072e+02
20260804_03:00:00   1.0998e-01   3.2382e+01   1.2367e+01   0.0000e+00   0.0000e+00   3.0047e+02
20260804_04:00:00   1.1273e-01   3.3058e+01   1.2629e+01   0.0000e+00   0.0000e+00   2.9941e+02
20260804_05:00:00   1.1216e-01   3.2873e+01   1.2415e+01   0.0000e+00   0.0000e+00   2.9821e+02
20260804_06:00:00   1.1039e-01   3.2390e+01   1.2069e+01   0.0000e+00   0.0000e+00   2.9835e+02
20260804_07:00:00   1.0843e-01   3.1861e+01   1.1715e+01   0.0000e+00   0.0000e+00   2.9877e+02
20260804_08:00:00   1.0670e-01   3.1383e+01   1.1412e+01   0.0000e+00   0.0000e+00   2.9822e+02
20260804_09:00:00   1.0618e-01   3.1203e+01   1.1322e+01   0.0000e+00   0.0000e+00   2.9771e+02
20260804_10:00:00   1.0607e-01   3.1140e+01   1.1293e+01   0.0000e+00   0.0000e+00   2.9811e+02
20260804_11:00:00   1.0585e-01   3.1059e+01   1.1253e+01   0.0000e+00   0.0000e+00   2.9810e+02
20260804_12:00:00   1.0566e-01   3.0987e+01   1.1210e+01   0.0000e+00   0.0000e+00   2.9927e+02
20260804_13:00:00   1.0590e-01   3.1030e+01   1.1225e+01   0.0000e+00   0.0000e+00   2.9995e+02
20260804_14:00:00   1.0649e-01   3.1181e+01   1.1290e+01   0.0000e+00   0.0000e+00   3.0059e+02
20260804_15:00:00   1.0666e-01   3.1259e+01   1.1305e+01   0.0000e+00   0.0000e+00   2.9919e+02
20260804_16:00:00   1.0568e-01   3.1042e+01   1.1173e+01   0.0000e+00   0.0000e+00   2.9914e+02
20260804_17:00:00   1.0443e-01   3.0763e+01   1.1033e+01   0.0000e+00   0.0000e+00   2.9913e+02
20260804_18:00:00   1.0417e-01   3.0722e+01   1.1079e+01   0.0000e+00   0.0000e+00   2.9974e+02
20260804_19:00:00   1.0695e-01   3.1470e+01   1.1639e+01   0.0000e+00   0.0000e+00   2.9921e+02
20260804_20:00:00   1.1169e-01   3.2712e+01   1.2546e+01   0.0000e+00   0.0000e+00   2.9984e+02
20260804_21:00:00   1.1478e-01   3.3543e+01   1.3173e+01   0.0000e+00   0.0000e+00   2.9965e+02
20260804_22:00:00   1.1772e-01   3.4285e+01   1.3763e+01   0.0000e+00   0.0000e+00   2.9935e+02
20260804_23:00:00   1.1965e-01   3.4783e+01   1.4151e+01   0.0000e+00   0.0000e+00   2.9954e+02
20260805_00:00:00   1.2047e-01   3.4998e+01   1.4331e+01   0.0000e+00   0.0000e+00   2.9978e+02
20260805_01:00:00   1.2179e-01   3.5338e+01   1.4574e+01   0.0000e+00   0.0000e+00   2.9947e+02
20260805_02:00:00   1.2319e-01   3.5708e+01   1.4771e+01   0.0000e+00   0.0000e+00   2.9979e+02
20260805_03:00:00   1.2673e-01   3.6591e+01   1.5216e+01   0.0000e+00   0.0000e+00   3.0030e+02
20260805_04:00:00   1.2863e-01   3.7030e+01   1.5340e+01   0.0000e+00   0.0000e+00   3.0061e+02
20260805_05:00:00   1.2800e-01   3.6845e+01   1.5092e+01   0.0000e+00   0.0000e+00   3.0114e+02
20260805_06:00:00   1.2646e-01   3.6428e+01   1.4748e+01   0.0000e+00   0.0000e+00   3.0161e+02
20260805_07:00:00   1.2459e-01   3.5926e+01   1.4401e+01   0.0000e+00   0.0000e+00   3.0133e+02
20260805_08:00:00   1.2403e-01   3.5755e+01   1.4306e+01   0.0000e+00   0.0000e+00   3.0188e+02
20260805_09:00:00   1.2432e-01   3.5785e+01   1.4350e+01   0.0000e+00   0.0000e+00   3.0396e+02
20260805_10:00:00   1.2403e-01   3.5689e+01   1.4290e+01   0.0000e+00   0.0000e+00   3.0375e+02
20260805_11:00:00   1.2375e-01   3.5603e+01   1.4244e+01   0.0000e+00   0.0000e+00   3.0356e+02
20260805_12:00:00   1.2281e-01   3.5351e+01   1.4093e+01   0.0000e+00   0.0000e+00   3.0223e+02
20260805_13:00:00   1.2199e-01   3.5123e+01   1.3947e+01   0.0000e+00   0.0000e+00   3.0250e+02
20260805_14:00:00   1.2145e-01   3.4978e+01   1.3844e+01   0.0000e+00   0.0000e+00   3.0283e+02
20260805_15:00:00   1.2015e-01   3.4681e+01   1.3656e+01   0.0000e+00   0.0000e+00   3.0232e+02
20260805_16:00:00   1.1849e-01   3.4282e+01   1.3436e+01   0.0000e+00   0.0000e+00   3.0333e+02
20260805_17:00:00   1.1774e-01   3.4116e+01   1.3390e+01   0.0000e+00   0.0000e+00   3.0431e+02
20260805_18:00:00   1.1653e-01   3.3830e+01   1.3294e+01   0.0000e+00   0.0000e+00   3.0349e+02
20260805_19:00:00   1.1709e-01   3.3984e+01   1.3484e+01   0.0000e+00   0.0000e+00   3.0227e+02
20260805_20:00:00   1.2163e-01   3.5188e+01   1.4305e+01   0.0000e+00   0.0000e+00   3.0071e+02
20260805_21:00:00   1.2531e-01   3.6157e+01   1.5021e+01   0.0000e+00   0.0000e+00   2.9982e+02
20260805_22:00:00   1.3031e-01   3.7403e+01   1.5946e+01   0.0000e+00   1.2699e-05   2.9930e+02
20260805_23:00:00   1.3293e-01   3.8052e+01   1.6454e+01   3.8380e-05   1.5177e-04   2.9833e+02
20260806_00:00:00   1.3456e-01   3.8444e+01   1.6792e+01   0.0000e+00   3.5654e-04   2.9877e+02
20260806_01:00:00   1.3486e-01   3.8524e+01   1.6832e+01   0.0000e+00   1.5842e-04   2.9815e+02
20260806_02:00:00   1.3616e-01   3.8840e+01   1.6965e+01   0.0000e+00   7.3478e-04   2.9724e+02
20260806_03:00:00   1.3446e-01   3.8407e+01   1.6474e+01   0.0000e+00   0.0000e+00   2.9840e+02
20260806_04:00:00   1.3273e-01   3.7940e+01   1.6028e+01   0.0000e+00   0.0000e+00   2.9988e+02
20260806_05:00:00   1.3070e-01   3.7437e+01   1.5577e+01   0.0000e+00   0.0000e+00   2.9889e+02
20260806_06:00:00   1.2901e-01   3.7000e+01   1.5243e+01   0.0000e+00   0.0000e+00   2.9810e+02
20260806_09:00:00   1.2422e-01   3.5748e+01   1.4310e+01   0.0000e+00   0.0000e+00   2.9728e+02
20260806_12:00:00   1.2582e-01   3.6084e+01   1.4466e+01   0.0000e+00   0.0000e+00   2.9941e+02
20260806_15:00:00   1.2624e-01   3.6220e+01   1.4506e+01   0.0000e+00   0.0000e+00   3.0190e+02
20260806_18:00:00   1.2656e-01   3.6445e+01   1.4769e+01   0.0000e+00   0.0000e+00   3.0339e+02
20260806_21:00:00   1.3079e-01   3.7569e+01   1.5833e+01   2.2819e-05   5.4883e-04   3.0192e+02
20260807_00:00:00   1.3977e-01   3.9775e+01   1.7528e+01   1.4762e-04   6.9171e-03   3.0373e+02
20260807_03:00:00   1.4293e-01   4.0532e+01   1.7927e+01   0.0000e+00   9.4448e-03   3.0048e+02
20260807_06:00:00   1.3735e-01   3.9118e+01   1.6529e+01   0.0000e+00   0.0000e+00   3.0140e+02
20260807_09:00:00   1.3754e-01   3.9078e+01   1.6437e+01   0.0000e+00   0.0000e+00   2.9763e+02
20260807_12:00:00   1.3580e-01   3.8597e+01   1.6048e+01   0.0000e+00   0.0000e+00   2.9819e+02
20260807_15:00:00   1.3391e-01   3.8190e+01   1.5676e+01   0.0000e+00   0.0000e+00   2.9895e+02
20260807_18:00:00   1.3068e-01   3.7500e+01   1.5390e+01   0.0000e+00   0.0000e+00   2.9874e+02
20260807_21:00:00   1.2921e-01   3.7247e+01   1.5486e+01   1.3496e-04   1.0887e-03   2.9867e+02
20260808_00:00:00   1.3513e-01   3.8718e+01   1.6535e+01   0.0000e+00   2.1002e-03   3.0289e+02
20260808_03:00:00   1.5793e-01   4.4352e+01   1.9777e+01   0.0000e+00   5.9620e-03   3.0275e+02
20260808_06:00:00   1.5080e-01   4.2601e+01   1.8348e+01   0.0000e+00   0.0000e+00   3.0163e+02
20260808_09:00:00   1.4511e-01   4.1133e+01   1.7373e+01   0.0000e+00   0.0000e+00   3.0014e+02
20260808_12:00:00   1.4448e-01   4.0884e+01   1.7234e+01   0.0000e+00   0.0000e+00   3.0387e+02
20260808_15:00:00   1.3976e-01   3.9755e+01   1.6457e+01   0.0000e+00   0.0000e+00   3.0294e+02
20260808_18:00:00   1.3854e-01   3.9528e+01   1.6608e+01   0.0000e+00   8.1800e-07   3.0122e+02
20260808_21:00:00   1.3872e-01   3.9588e+01   1.6866e+01   1.2166e-03   9.7893e-03   3.0162e+02
20260809_00:00:00   1.5385e-01   4.3423e+01   1.9353e+01   0.0000e+00   1.0162e-03   3.0253e+02
20260809_03:00:00   1.6283e-01   4.5462e+01   2.0647e+01   5.7260e-05   1.1307e-02   3.0195e+02
20260809_06:00:00   1.5523e-01   4.3547e+01   1.9101e+01   0.0000e+00   0.0000e+00   3.0105e+02
20260809_09:00:00   1.4685e-01   4.1453e+01   1.7760e+01   0.0000e+00   0.0000e+00   3.0135e+02
20260809_12:00:00   1.4565e-01   4.1048e+01   1.7473e+01   0.0000e+00   0.0000e+00   3.0220e+02
20260809_15:00:00   1.4616e-01   4.1150e+01   1.7485e+01   0.0000e+00   0.0000e+00   3.0017e+02
20260809_18:00:00   1.4885e-01   4.1974e+01   1.8148e+01   3.2400e-07   1.0390e-05   3.0392e+02
20260809_21:00:00   1.4869e-01   4.2013e+01   1.8433e+01   7.2852e-04   4.6621e-03   3.0721e+02
20260810_00:00:00   1.5507e-01   4.3552e+01   1.9734e+01   2.0837e-05   6.0538e-04   3.0736e+02
20260810_03:00:00   1.7977e-01   4.9340e+01   2.2861e+01   2.7837e-04   7.8237e-02   3.0877e+02
20260810_06:00:00   1.6676e-01   4.6347e+01   2.0718e+01   0.0000e+00   0.0000e+00   3.0951e+02
20260810_09:00:00   1.6654e-01   4.6063e+01   2.0865e+01   0.0000e+00   0.0000e+00   3.1032e+02
20260810_12:00:00   1.6506e-01   4.5665e+01   2.0492e+01   0.0000e+00   5.1001e-04   3.1038e+02
20260810_15:00:00   1.7066e-01   4.6961e+01   2.1235e+01   0.0000e+00   5.0015e-04   3.0913e+02
20260810_18:00:00   1.6149e-01   4.4988e+01   2.0165e+01   0.0000e+00   7.2634e-04   3.0884e+02
20260810_21:00:00   1.5558e-01   4.3376e+01   1.9646e+01   1.6746e-03   7.8010e-02   3.0651e+02
20260811_00:00:00   1.9895e-01   5.3859e+01   2.5294e+01   0.0000e+00   4.6381e-02   3.0635e+02
20260811_03:00:00   1.9208e-01   5.2224e+01   2.4067e+01   0.0000e+00   4.7090e-05   3.0527e+02
20260811_06:00:00   1.9075e-01   5.1717e+01   2.4119e+01   0.0000e+00   2.1068e-01   3.0700e+02
20260811_09:00:00   1.9138e-01   5.1767e+01   2.4077e+01   0.0000e+00   3.6276e-02   3.0694e+02
20260811_12:00:00   1.9727e-01   5.3046e+01   2.4743e+01   0.0000e+00   4.3850e-02   3.0851e+02
20260811_15:00:00   1.9477e-01   5.2606e+01   2.4052e+01   0.0000e+00   3.9977e-04   3.1002e+02
20260811_18:00:00   1.9597e-01   5.3086e+01   2.4331e+01   1.6356e-03   3.2983e-03   3.0821e+02
20260811_21:00:00   2.2354e-01   5.9244e+01   2.6236e+01   2.1630e-02   7.0074e-02   3.0913e+02
20260812_00:00:00   2.7084e-01   6.9598e+01   3.2712e+01   8.1780e-06   5.6686e-01   3.0442e+02
20260812_03:00:00   2.5444e-01   6.6142e+01   3.1090e+01   0.0000e+00   1.3017e-02   3.0303e+02
20260812_06:00:00   2.1977e-01   5.8687e+01   2.6840e+01   0.0000e+00   2.7718e-04   3.0375e+02
20260812_09:00:00   2.1308e-01   5.7140e+01   2.5789e+01   0.0000e+00   0.0000e+00   3.0322e+02
20260812_12:00:00   2.0613e-01   5.5474e+01   2.4971e+01   0.0000e+00   0.0000e+00   3.0548e+02
20260812_15:00:00   1.9958e-01   5.4015e+01   2.4099e+01   0.0000e+00   0.0000e+00   3.0504e+02
20260812_18:00:00   1.8984e-01   5.1966e+01   2.3258e+01   1.7014e-04   1.1508e-05   3.0176e+02
20260812_21:00:00   1.8108e-01   4.9926e+01   2.2687e+01   4.7470e-04   1.5121e-03   3.0204e+02
20260813_00:00:00   2.3702e-01   6.2166e+01   2.6012e+01   3.9779e-02   1.0595e-01   3.0013e+02
20260813_03:00:00   2.5597e-01   6.6567e+01   3.1238e+01   1.8254e-03   1.3237e-01   3.0011e+02
20260813_06:00:00   2.0741e-01   5.5929e+01   2.5592e+01   0.0000e+00   4.3902e-05   2.9928e+02
20260813_09:00:00   1.8931e-01   5.1700e+01   2.3147e+01   0.0000e+00   0.0000e+00   3.0078e+02
20260813_12:00:00   1.8337e-01   5.0209e+01   2.2254e+01   0.0000e+00   8.5420e-06   3.0236e+02
20260813_15:00:00   1.7565e-01   4.8394e+01   2.1095e+01   0.0000e+00   2.5180e-06   2.9969e+02
20260813_18:00:00   1.6692e-01   4.6399e+01   2.0244e+01   3.0579e-04   6.5296e-04   2.9885e+02
20260813_21:00:00   1.9052e-01   5.1919e+01   2.3221e+01   7.5492e-03   3.3931e-02   2.9744e+02
20260814_00:00:00   1.9666e-01   5.3521e+01   2.5016e+01   8.5771e-04   2.0543e-02   2.9775e+02
20260814_03:00:00   1.7778e-01   4.9118e+01   2.2324e+01   0.0000e+00   0.0000e+00   2.9769e+02
20260814_06:00:00   1.6397e-01   4.5612e+01   2.0177e+01   0.0000e+00   5.3400e-07   2.9938e+02
20260814_09:00:00   1.5988e-01   4.4462e+01   1.9305e+01   0.0000e+00   0.0000e+00   2.9755e+02
20260814_12:00:00   1.5325e-01   4.2752e+01   1.8234e+01   0.0000e+00   1.1050e-05   2.9714e+02
20260814_15:00:00   1.4787e-01   4.1497e+01   1.7337e+01   0.0000e+00   0.0000e+00   2.9873e+02
20260814_18:00:00   1.4208e-01   4.0308e+01   1.6613e+01   0.0000e+00   0.0000e+00   2.9885e+02
20260814_21:00:00   1.4511e-01   4.1102e+01   1.7677e+01   0.0000e+00   1.1049e-05   2.9825e+02
20260815_00:00:00   1.5305e-01   4.2883e+01   1.8895e+01   2.3766e-03   1.7899e-02   2.9885e+02
20260815_03:00:00   1.5239e-01   4.2892e+01   1.8385e+01   0.0000e+00   0.0000e+00   2.9685e+02
20260815_06:00:00   1.4189e-01   4.0302e+01   1.6277e+01   0.0000e+00   1.4968e-06   2.9763e+02
20260815_09:00:00   1.4620e-01   4.1252e+01   1.6803e+01   0.0000e+00   1.0728e-03   2.9832e+02
20260815_12:00:00   1.4874e-01   4.1772e+01   1.7081e+01   0.0000e+00   2.2917e-03   3.0191e+02
20260815_15:00:00   1.4181e-01   4.0168e+01   1.5825e+01   0.0000e+00   0.0000e+00   3.0364e+02
20260815_18:00:00   1.4116e-01   4.0140e+01   1.6105e+01   0.0000e+00   1.1519e-04   3.0175e+02
20260815_21:00:00   1.5355e-01   4.3099e+01   1.8700e+01   0.0000e+00   3.2691e-03   3.0234e+02
20260816_00:00:00   1.5617e-01   4.3730e+01   1.9262e+01   0.0000e+00   5.5533e-03   3.0323e+02
20260816_03:00:00   1.5192e-01   4.2704e+01   1.8190e+01   0.0000e+00   9.0274e-03   3.0517e+02
20260816_06:00:00   1.5253e-01   4.2735e+01   1.8022e+01   0.0000e+00   5.3518e-03   3.0608e+02
20260816_09:00:00   1.6626e-01   4.5856e+01   2.0046e+01   0.0000e+00   2.3615e-03   3.0537e+02
20260816_12:00:00   1.6592e-01   4.5645e+01   1.9822e+01   0.0000e+00   1.0689e-02   3.0356e+02
20260816_15:00:00   1.6144e-01   4.4603e+01   1.8998e+01   0.0000e+00   8.8196e-04   3.0622e+02
20260816_18:00:00   1.5683e-01   4.3682e+01   1.8517e+01   0.0000e+00   0.0000e+00   3.0514e+02
20260816_21:00:00   1.5899e-01   4.4203e+01   1.9324e+01   4.8020e-05   3.3405e-05   3.0463e+02
20260817_00:00:00   1.5411e-01   4.2990e+01   1.8816e+01   3.3700e-05   2.2744e-03   3.0378e+02
20260817_03:00:00   1.4960e-01   4.1950e+01   1.7812e+01   0.0000e+00   0.0000e+00   3.0440e+02
20260817_06:00:00   1.5567e-01   4.3144e+01   1.8619e+01   0.0000e+00   9.2018e-04   3.0534e+02
