#            date       tau255        Tb[K]      pwv[mm] lwp[kg*m^-2] iwp[kg*m^-2]       o3[DU]
20260921_12:00:00   1.2062e-01   3.3867e+01   1.2046e+01   0.0000e+00   8.0100e-06   2.8383e+02
20260921_13:00:00   1.2714e-01   3.5423e+01   1.2871e+01   0.0000e+00   6.8140e-06   2.8649e+02
20260921_14:00:00   1.3056e-01   3.6203e+01   1.3405e+01   0.0000e+00   1.4312e-03   2.8939e+02
20260921_15:00:00   1.3526e-01   3.7280e+01   1.4135e+01   0.0000e+00   2.9831e-03   2.9131e+02
20260921_16:00:00   1.4117e-01   3.8617e+01   1.5151e+01   0.0000e+00   1.9485e-02   2.9373e+02
20260921_17:00:00   1.4432e-01   3.9408e+01   1.5511e+01   0.0000e+00   2.5896e-02   2.9530e+02
20260921_18:00:00   1.4939e-01   4.0744e+01   1.6096e+01   1.6642e-05   4.0685e-03   2.9423e+02
20260921_19:00:00   1.4612e-01   4.0134e+01   1.5500e+01   1.5388e-06   7.9096e-04   2.9121e+02
20260921_20:00:00   1.4493e-01   3.9917e+01   1.5226e+01   8.7478e-04   3.8494e-03   2.8953e+02
20260921_21:00:00   1.5154e-01   4.1403e+01   1.5676e+01   5.8935e-03   4.5684e-02   2.8480e+02
20260921_22:00:00   1.7616e-01   4.6928e+01   1.6445e+01   2.7250e-02   1.6934e-01   2.8343e+02
20260921_23:00:00   1.7704e-01   4.7403e+01   1.8876e+01   4.0768e-03   1.9874e-01   2.8439e+02
20260922_00:00:00   2.2213e-01   5.7001e+01   2.0568e+01   3.4321e-02   2.7890e-01   2.8457e+02
20260922_01:00:00   2.0697e-01   5.3657e+01   2.1574e+01   4.0792e-03   7.6450e-01   2.8607e+02
20260922_02:00:00   1.8405e-01   4.8727e+01   1.9538e+01   1.3348e-06   7.2992e-02   2.8737e+02
20260922_03:00:00   1.7937e-01   4.7674e+01   1.9189e+01   0.0000e+00   1.5045e-02   2.8918e+02
20260922_04:00:00   1.7558e-01   4.6823e+01   1.8613e+01   0.0000e+00   6.6400e-03   2.8712e+02
20260922_05:00:00   1.7181e-01   4.6038e+01   1.7857e+01   0.0000e+00   1.0306e-02   2.8613e+02
20260922_06:00:00   1.7441e-01   4.6627e+01   1.8229e+01   0.0000e+00   1.3134e-02   2.8762e+02
20260922_07:00:00   1.7240e-01   4.6158e+01   1.8115e+01   0.0000e+00   4.1034e-03   2.8518e+02
20260922_08:00:00   1.7657e-01   4.7077e+01   1.8595e+01   0.0000e+00   1.9773e-02   2.8662e+02
20260922_09:00:00   1.8074e-01   4.8009e+01   1.9026e+01   0.0000e+00   1.1557e-02   2.8509e+02
20260922_10:00:00   1.7949e-01   4.7731e+01   1.8906e+01   0.0000e+00   6.2511e-03   2.8541e+02
20260922_11:00:00   1.7646e-01   4.7016e+01   1.8668e+01   0.0000e+00   1.5931e-03   2.8663e+02
20260922_12:00:00   1.7737e-01   4.7205e+01   1.8829e+01   0.0000e+00   7.6938e-04   2.8643e+02
20260922_13:00:00   1.7975e-01   4.7744e+01   1.9109e+01   0.0000e+00   4.8712e-04   2.8651e+02
20260922_14:00:00   1.7837e-01   4.7432e+01   1.9050e+01   0.0000e+00   1.7450e-03   2.8764e+02
20260922_15:00:00   1.7602e-01   4.6959e+01   1.8862e+01   0.0000e+00   0.0000e+00   2.8996e+02
20260922_16:00:00   1.7447e-01   4.6694e+01   1.8676e+01   0.0000e+00   6.7420e-06   2.9019e+02
20260922_17:00:00   1.6904e-01   4.5546e+01   1.8059e+01   0.0000e+00   0.0000e+00   2.8952e+02
20260922_18:00:00   1.6466e-01   4.4595e+01   1.7664e+01   3.0700e-05   0.0000e+00   2.8990e+02
20260922_19:00:00   1.6000e-01   4.3542e+01   1.7206e+01   1.5884e-04   8.2592e-05   2.8893e+02
20260922_20:00:00   1.6087e-01   4.3748e+01   1.6824e+01   5.7592e-03   1.9846e-03   2.8890e+02
20260922_21:00:00   1.5519e-01   4.2484e+01   1.6801e+01   5.8942e-04   4.2815e-03   2.8925e+02
20260922_22:00:00   1.5517e-01   4.2549e+01   1.6828e+01   9.7420e-04   5.8948e-03   2.8940e+02
20260922_23:00:00   1.5364e-01   4.2254e+01   1.6748e+01   6.7711e-05   4.5324e-03   2.8879e+02
20260923_00:00:00   1.5110e-01   4.1707e+01   1.6419e+01   1.0852e-05   1.2788e-03   2.8961e+02
20260923_01:00:00   1.4853e-01   4.1155e+01   1.5994e+01   0.0000e+00   1.4254e-05   2.8903e+02
20260923_02:00:00   1.4840e-01   4.1117e+01   1.5906e+01   1.0224e-05   2.5184e-06   2.8948e+02
20260923_03:00:00   1.4843e-01   4.1096e+01   1.5873e+01   0.0000e+00   0.0000e+00   2.8900e+02
20260923_04:00:00   1.5139e-01   4.1793e+01   1.6203e+01   0.0000e+00   0.0000e+00   2.8941e+02
20260923_05:00:00   1.5481e-01   4.2594e+01   1.6579e+01   0.0000e+00   0.0000e+00   2.8804e+02
20260923_06:00:00   1.5693e-01   4.3067e+01   1.6805e+01   0.0000e+00   0.0000e+00   2.8781e+02
20260923_07:00:00   1.5726e-01   4.3122e+01   1.6817e+01   0.0000e+00   0.0000e+00   2.8741e+02
20260923_08:00:00   1.5458e-01   4.2488e+01   1.6452e+01   0.0000e+00   0.0000e+00   2.8799e+02
20260923_09:00:00   1.5212e-01   4.1914e+01   1.6072e+01   0.0000e+00   0.0000e+00   2.8868e+02
20260923_10:00:00   1.5197e-01   4.1874e+01   1.5998e+01   0.0000e+00   0.0000e+00   2.9042e+02
20260923_11:00:00   1.5211e-01   4.1895e+01   1.5991e+01   0.0000e+00   0.0000e+00   2.9119e+02
20260923_12:00:00   1.5124e-01   4.1685e+01   1.5828e+01   0.0000e+00   0.0000e+00   2.8942e+02
20260923_13:00:00   1.5085e-01   4.1594e+01   1.5700e+01   0.0000e+00   0.0000e+00   2.8772e+02
20260923_14:00:00   1.4970e-01   4.1318e+01   1.5476e+01   0.0000e+00   0.0000e+00   2.8813e+02
20260923_15:00:00   1.4933e-01   4.1253e+01   1.5333e+01   0.0000e+00   0.0000e+00   2.8820e+02
20260923_16:00:00   1.4809e-01   4.1011e+01   1.5198e+01   0.0000e+00   0.0000e+00   2.8886e+02
20260923_17:00:00   1.4787e-01   4.1013e+01   1.5235e+01   0.0000e+00   0.0000e+00   2.9031e+02
20260923_18:00:00   1.4467e-01   4.0290e+01   1.4951e+01   0.0000e+00   0.0000e+00   2.9082e+02
20260923_19:00:00   1.4047e-01   3.9298e+01   1.4531e+01   0.0000e+00   0.0000e+00   2.9184e+02
20260923_20:00:00   1.3655e-01   3.8383e+01   1.4145e+01   0.0000e+00   0.0000e+00   2.9238e+02
20260923_21:00:00   1.3536e-01   3.8113e+01   1.4120e+01   0.0000e+00   6.4780e-08   2.9098e+02
20260923_22:00:00   1.3253e-01   3.7456e+01   1.3816e+01   5.7260e-05   5.8400e-06   2.9044e+02
20260923_23:00:00   1.3143e-01   3.7201e+01   1.3679e+01   3.3120e-04   5.6384e-05   2.9065e+02
20260924_00:00:00   1.3190e-01   3.7306e+01   1.3770e+01   2.5416e-04   4.2213e-04   2.9021e+02
20260924_01:00:00   1.3543e-01   3.8132e+01   1.4272e+01   9.0041e-05   3.8385e-04   2.8941e+02
20260924_02:00:00   1.3880e-01   3.8903e+01   1.4698e+01   0.0000e+00   1.6360e-06   2.9000e+02
20260924_03:00:00   1.4025e-01   3.9230e+01   1.4821e+01   0.0000e+00   0.0000e+00   2.9013e+02
20260924_04:00:00   1.3992e-01   3.9160e+01   1.4658e+01   0.0000e+00   0.0000e+00   2.8902e+02
20260924_05:00:00   1.3858e-01   3.8820e+01   1.4311e+01   0.0000e+00   0.0000e+00   2.8799e+02
20260924_06:00:00   1.3658e-01   3.8306e+01   1.3905e+01   0.0000e+00   0.0000e+00   2.8760e+02
20260924_07:00:00   1.3312e-01   3.7465e+01   1.3340e+01   0.0000e+00   0.0000e+00   2.8625e+02
20260924_08:00:00   1.3105e-01   3.6952e+01   1.3003e+01   0.0000e+00   0.0000e+00   2.8609e+02
20260924_09:00:00   1.3089e-01   3.6885e+01   1.2975e+01   0.0000e+00   0.0000e+00   2.8646e+02
20260924_10:00:00   1.3038e-01   3.6745e+01   1.2883e+01   0.0000e+00   0.0000e+00   2.8810e+02
20260924_11:00:00   1.2849e-01   3.6271e+01   1.2597e+01   0.0000e+00   0.0000e+00   2.8827e+02
20260924_12:00:00   1.2838e-01   3.6234e+01   1.2564e+01   0.0000e+00   0.0000e+00   2.8806e+02
20260924_13:00:00   1.2895e-01   3.6353e+01   1.2618e+01   0.0000e+00   0.0000e+00   2.8867e+02
20260924_14:00:00   1.2894e-01   3.6321e+01   1.2595e+01   0.0000e+00   0.0000e+00   2.8896e+02
20260924_15:00:00   1.2913e-01   3.6368e+01   1.2612e+01   0.0000e+00   0.0000e+00   2.8962e+02
20260924_16:00:00   1.2721e-01   3.5927e+01   1.2429e+01   0.0000e+00   0.0000e+00   2.9005e+02
20260924_17:00:00   1.2449e-01   3.5289e+01   1.2143e+01   0.0000e+00   0.0000e+00   2.9077e+02
20260924_18:00:00   1.2117e-01   3.4485e+01   1.1800e+01   0.0000e+00   0.0000e+00   2.9008e+02
20260924_19:00:00   1.1919e-01   3.4001e+01   1.1668e+01   1.2270e-05   9.8800e-06   2.9013e+02
20260924_20:00:00   1.2130e-01   3.4518e+01   1.2104e+01   3.5684e-04   9.6835e-05   2.8990e+02
20260924_21:00:00   1.2967e-01   3.6524e+01   1.3359e+01   1.5162e-03   3.7606e-03   2.8963e+02
20260924_22:00:00   1.3715e-01   3.8354e+01   1.4660e+01   5.2658e-04   1.1368e-02   2.9017e+02
20260924_23:00:00   1.5219e-01   4.1942e+01   1.6431e+01   3.8534e-03   2.8078e-02   2.8977e+02
20260925_00:00:00   1.6742e-01   4.5536e+01   1.8164e+01   6.2002e-03   5.5177e-02   2.8982e+02
20260925_01:00:00   1.7394e-01   4.7159e+01   1.9229e+01   3.2433e-03   1.4004e-02   2.9086e+02
20260925_02:00:00   1.7227e-01   4.6832e+01   1.9199e+01   2.9160e-06   1.5195e-03   2.9242e+02
20260925_03:00:00   1.7047e-01   4.6370e+01   1.8857e+01   6.4780e-07   8.2837e-04   2.9191e+02
20260925_04:00:00   1.6562e-01   4.5224e+01   1.8124e+01   0.0000e+00   5.9596e-05   2.9180e+02
20260925_05:00:00   1.6142e-01   4.4201e+01   1.7512e+01   0.0000e+00   3.7480e-04   2.9119e+02
20260925_06:00:00   1.5727e-01   4.3188e+01   1.6937e+01   0.0000e+00   9.2180e-04   2.9138e+02
20260925_07:00:00   1.5561e-01   4.2737e+01   1.6675e+01   0.0000e+00   5.0560e-04   2.9110e+02
20260925_08:00:00   1.5112e-01   4.1643e+01   1.6041e+01   0.0000e+00   5.6046e-03   2.9565e+02
20260925_09:00:00   1.4413e-01   3.9952e+01   1.5072e+01   0.0000e+00   6.1426e-03   2.9685e+02
20260925_10:00:00   1.3606e-01   3.8008e+01   1.3878e+01   0.0000e+00   2.7657e-03   2.9422e+02
20260925_11:00:00   1.3097e-01   3.6731e+01   1.3228e+01   0.0000e+00   2.4404e-03   2.9366e+02
20260925_12:00:00   1.2747e-01   3.5840e+01   1.2763e+01   0.0000e+00   1.1182e-04   2.9259e+02
20260925_13:00:00   1.2620e-01   3.5502e+01   1.2641e+01   0.0000e+00   0.0000e+00   2.9237e+02
20260925_14:00:00   1.3078e-01   3.6528e+01   1.3511e+01   0.0000e+00   0.0000e+00   2.9260e+02
20260925_15:00:00   1.3014e-01   3.6427e+01   1.3348e+01   0.0000e+00   0.0000e+00   2.9630e+02
20260925_16:00:00   1.2705e-01   3.5755e+01   1.2922e+01   0.0000e+00   0.0000e+00   2.9916e+02
20260925_17:00:00   1.2499e-01   3.5313e+01   1.2707e+01   0.0000e+00   0.0000e+00   2.9859e+02
20260925_18:00:00   1.2383e-01   3.5068e+01   1.2630e+01   0.0000e+00   0.0000e+00   2.9667e+02
20260925_19:00:00   1.2462e-01   3.5288e+01   1.2874e+01   0.0000e+00   0.0000e+00   2.9587e+02
20260925_20:00:00   1.2725e-01   3.5949e+01   1.3433e+01   0.0000e+00   0.0000e+00   2.9567e+02
20260925_21:00:00   1.2864e-01   3.6295e+01   1.3811e+01   0.0000e+00   0.0000e+00   2.9474e+02
20260925_22:00:00   1.2854e-01   3.6258e+01   1.3950e+01   0.0000e+00   0.0000e+00   2.9408e+02
20260925_23:00:00   1.2766e-01   3.6045e+01   1.3911e+01   0.0000e+00   0.0000e+00   2.9397e+02
20260926_00:00:00   1.2744e-01   3.5974e+01   1.3979e+01   0.0000e+00   0.0000e+00   2.9467e+02
20260926_01:00:00   1.2770e-01   3.6030e+01   1.4070e+01   0.0000e+00   0.0000e+00   2.9515e+02
20260926_02:00:00   1.2877e-01   3.6302e+01   1.4138e+01   0.0000e+00   0.0000e+00   2.9598e+02
20260926_03:00:00   1.2903e-01   3.6374e+01   1.4003e+01   0.0000e+00   3.4980e-05   2.9563e+02
20260926_04:00:00   1.2954e-01   3.6498e+01   1.3948e+01   0.0000e+00   4.1720e-05   2.9435e+02
20260926_05:00:00   1.2845e-01   3.6217e+01   1.3680e+01   0.0000e+00   2.9120e-05   2.9309e+02
20260926_06:00:00   1.2672e-01   3.5789e+01   1.3375e+01   0.0000e+00   1.5196e-04   2.9316e+02
20260926_07:00:00   1.2541e-01   3.5462e+01   1.3107e+01   0.0000e+00   0.0000e+00   2.9297e+02
20260926_08:00:00   1.2350e-01   3.4982e+01   1.2759e+01   0.0000e+00   0.0000e+00   2.9202e+02
20260926_09:00:00   1.2130e-01   3.4432e+01   1.2381e+01   0.0000e+00   0.0000e+00   2.9141e+02
20260926_10:00:00   1.1970e-01   3.4033e+01   1.2078e+01   0.0000e+00   0.0000e+00   2.9093e+02
20260926_11:00:00   1.1783e-01   3.3574e+01   1.1712e+01   0.0000e+00   5.4240e-06   2.8895e+02
20260926_12:00:00   1.1653e-01   3.3242e+01   1.1449e+01   0.0000e+00   0.0000e+00   2.8845e+02
20260926_15:00:00   1.1430e-01   3.2666e+01   1.0997e+01   0.0000e+00   2.6835e-04   2.8835e+02
20260926_18:00:00   1.1219e-01   3.2259e+01   1.0912e+01   0.0000e+00   3.7519e-03   2.9046e+02
20260926_21:00:00   1.1472e-01   3.2846e+01   1.1986e+01   0.0000e+00   6.1027e-04   2.8786e+02
20260927_00:00:00   1.1554e-01   3.2995e+01   1.2303e+01   0.0000e+00   1.0682e-02   2.8682e+02
20260927_03:00:00   1.1577e-01   3.3031e+01   1.2079e+01   0.0000e+00   2.0040e-02   2.8972e+02
20260927_06:00:00   1.2103e-01   3.4389e+01   1.2410e+01   0.0000e+00   6.1060e-05   2.8857e+02
20260927_09:00:00   1.1315e-01   3.2355e+01   1.1054e+01   0.0000e+00   7.7740e-04   2.8987e+02
20260927_12:00:00   9.9401e-02   2.8854e+01   8.7240e+00   0.0000e+00   0.0000e+00   2.8472e+02
20260927_15:00:00   9.6133e-02   2.7984e+01   8.1768e+00   0.0000e+00   0.0000e+00   2.8142e+02
20260927_18:00:00   9.2325e-02   2.7043e+01   7.9425e+00   0.0000e+00   0.0000e+00   2.8107e+02
20260927_21:00:00   9.3657e-02   2.7403e+01   8.5291e+00   0.0000e+00   0.0000e+00   2.8307e+02
20260928_00:00:00   9.2444e-02   2.7121e+01   8.2670e+00   0.0000e+00   0.0000e+00   2.8265e+02
20260928_03:00:00   9.8099e-02   2.8561e+01   8.6410e+00   0.0000e+00   0.0000e+00   2.8545e+02
20260928_06:00:00   9.1859e-02   2.6907e+01   7.3563e+00   0.0000e+00   0.0000e+00   2.8846e+02
20260928_09:00:00   8.3189e-02   2.4548e+01   6.1420e+00   0.0000e+00   0.0000e+00   2.9069e+02
20260928_12:00:00   7.6971e-02   2.2910e+01   5.0839e+00   0.0000e+00   0.0000e+00   2.9407e+02
20260928_15:00:00   8.0312e-02   2.3777e+01   5.6439e+00   0.0000e+00   0.0000e+00   2.8871e+02
20260928_18:00:00   7.9432e-02   2.3608e+01   5.9285e+00   0.0000e+00   0.0000e+00   2.8836e+02
20260928_21:00:00   8.0505e-02   2.3934e+01   6.4371e+00   0.0000e+00   0.0000e+00   2.8451e+02
20260929_00:00:00   8.4157e-02   2.4996e+01   7.0534e+00   0.0000e+00   0.0000e+00   2.8326e+02
20260929_03:00:00   9.1264e-02   2.6747e+01   8.1987e+00   0.0000e+00   0.0000e+00   2.8360e+02
20260929_06:00:00   8.5865e-02   2.5397e+01   7.0628e+00   0.0000e+00   0.0000e+00   2.7968e+02
20260929_09:00:00   8.4933e-02   2.5165e+01   6.8555e+00   0.0000e+00   0.0000e+00   2.7869e+02
20260929_12:00:00   8.4172e-02   2.4977e+01   6.6067e+00   0.0000e+00   0.0000e+00   2.8037e+02
20260929_15:00:00   8.1618e-02   2.4338e+01   6.0413e+00   0.0000e+00   0.0000e+00   2.8144e+02
20260929_18:00:00   8.1137e-02   2.4309e+01   6.1345e+00   0.0000e+00   0.0000e+00   2.7956e+02
20260929_21:00:00   8.4902e-02   2.5344e+01   7.1469e+00   0.0000e+00   0.0000e+00   2.7869e+02
20260930_00:00:00   8.8562e-02   2.6302e+01   7.9340e+00   0.0000e+00   0.0000e+00   2.8132e+02
20260930_03:00:00   9.0941e-02   2.6856e+01   8.1862e+00   0.0000e+00   0.0000e+00   2.8451e+02
20260930_06:00:00   9.1304e-02   2.6903e+01   8.1101e+00   0.0000e+00   0.0000e+00   2.8374e+02
20260930_09:00:00   8.9659e-02   2.6446e+01   7.8247e+00   0.0000e+00   0.0000e+00   2.8373e+02
20260930_12:00:00   8.9088e-02   2.6255e+01   7.6631e+00   0.0000e+00   0.0000e+00   2.8136e+02
20260930_15:00:00   9.0280e-02   2.6501e+01   7.8475e+00   0.0000e+00   0.0000e+00   2.8186e+02
20260930_18:00:00   9.2797e-02   2.7235e+01   8.3707e+00   0.0000e+00   0.0000e+00   2.7850e+02
20260930_21:00:00   9.4478e-02   2.7776e+01   8.8915e+00   0.0000e+00   0.0000e+00   2.7461e+02
20261001_00:00:00   9.5564e-02   2.8123e+01   9.1124e+00   0.0000e+00   0.0000e+00   2.7758e+02
20261001_03:00:00   9.5614e-02   2.8090e+01   8.8894e+00   0.0000e+00   0.0000e+00   2.7693e+02
20261001_06:00:00   9.3312e-02   2.7473e+01   8.3960e+00   0.0000e+00   0.0000e+00   2.7596e+02
20261001_09:00:00   9.2246e-02   2.7172e+01   8.1710e+00   0.0000e+00   0.0000e+00   2.7130e+02
20261001_12:00:00   9.1339e-02   2.6908e+01   7.9714e+00   0.0000e+00   0.0000e+00   2.7187e+02
20261001_15:00:00   9.0440e-02   2.6666e+01   7.7686e+00   0.0000e+00   0.0000e+00   2.7030e+02
20261001_18:00:00   8.7791e-02   2.6090e+01   7.4851e+00   0.0000e+00   0.0000e+00   2.7013e+02
20261001_21:00:00   8.8313e-02   2.6310e+01   7.8050e+00   0.0000e+00   0.0000e+00   2.7220e+02
20261002_00:00:00   9.1628e-02   2.7122e+01   8.5604e+00   0.0000e+00   0.0000e+00   2.7130e+02
20261002_03:00:00   9.0005e-02   2.6670e+01   8.0688e+00   0.0000e+00   0.0000e+00   2.6994e+02
20261002_06:00:00   8.9344e-02   2.6486e+01   7.7807e+00   0.0000e+00   0.0000e+00   2.6860e+02
20261002_09:00:00   8.6566e-02   2.5776e+01   7.1410e+00   0.0000e+00   0.0000e+00   2.6876e+02
20261002_12:00:00   7.6991e-02   2.3268e+01   5.3619e+00   0.0000e+00   0.0000e+00   2.6653e+02
20261002_15:00:00   7.6875e-02   2.3209e+01   5.2961e+00   0.0000e+00   0.0000e+00   2.6674e+02
20261002_18:00:00   8.2991e-02   2.4864e+01   6.5351e+00   0.0000e+00   0.0000e+00   2.6631e+02
20261002_21:00:00   1.0681e-01   3.0902e+01   1.1160e+01   0.0000e+00   1.6327e-02   2.6756e+02
20261003_00:00:00   1.1217e-01   3.2330e+01   1.2120e+01   0.0000e+00   1.7581e-02   2.6781e+02
20261003_03:00:00   1.1699e-01   3.3555e+01   1.2500e+01   0.0000e+00   1.6674e-02   2.6737e+02
20261003_06:00:00   1.2058e-01   3.4566e+01   1.2331e+01   0.0000e+00   1.8758e-03   2.6830e+02
20261003_09:00:00   1.4448e-01   4.0481e+01   1.4998e+01   8.6760e-06   7.3984e-03   2.7103e+02
20261003_12:00:00   1.3958e-01   3.9422e+01   1.3322e+01   0.0000e+00   0.0000e+00   2.8354e+02
20261003_15:00:00   1.1373e-01   3.2880e+01   1.0069e+01   0.0000e+00   0.0000e+00   2.9180e+02
20261003_18:00:00   9.4634e-02   2.8073e+01   7.9909e+00   0.0000e+00   0.0000e+00   2.9045e+02
20261003_21:00:00   9.0645e-02   2.6982e+01   8.0703e+00   0.0000e+00   0.0000e+00   2.8415e+02
20261004_00:00:00   1.0049e-01   2.9463e+01   9.7979e+00   0.0000e+00   0.0000e+00   2.8067e+02
20261004_03:00:00   9.4854e-02   2.7702e+01   8.1940e+00   0.0000e+00   0.0000e+00   2.7972e+02
20261004_06:00:00   8.7882e-02   2.5705e+01   6.7582e+00   0.0000e+00   0.0000e+00   2.8220e+02
20261004_09:00:00   7.7115e-02   2.2932e+01   4.6379e+00   0.0000e+00   0.0000e+00   2.8489e+02
20261004_12:00:00   7.9789e-02   2.3573e+01   5.1824e+00   0.0000e+00   0.0000e+00   2.8613e+02
20261004_15:00:00   8.8571e-02   2.5753e+01   6.4658e+00   0.0000e+00   0.0000e+00   2.9029e+02
20261004_18:00:00   1.0380e-01   2.9701e+01   8.8909e+00   0.0000e+00   0.0000e+00   2.9037e+02
20261004_21:00:00   1.0677e-01   3.0656e+01   9.6865e+00   0.0000e+00   0.0000e+00   2.8854e+02
20261005_00:00:00   1.0846e-01   3.1068e+01   1.0155e+01   0.0000e+00   0.0000e+00   2.8450e+02
20261005_03:00:00   1.2015e-01   3.3866e+01   1.1572e+01   0.0000e+00   0.0000e+00   2.8388e+02
20261005_06:00:00   1.2758e-01   3.5610e+01   1.2251e+01   0.0000e+00   0.0000e+00   2.8129e+02
20261005_09:00:00   1.3448e-01   3.7207e+01   1.3175e+01   0.0000e+00   0.0000e+00   2.8239e+02
20261005_12:00:00   1.3295e-01   3.6863e+01   1.2990e+01   0.0000e+00   0.0000e+00   2.8399e+02
20261005_15:00:00   1.3398e-01   3.7136e+01   1.3062e+01   0.0000e+00   0.0000e+00   2.8547e+02
20261005_18:00:00   1.3181e-01   3.6788e+01   1.3038e+01   0.0000e+00   0.0000e+00   2.8195e+02
20261005_21:00:00   1.3659e-01   3.8048e+01   1.4404e+01   0.0000e+00   0.0000e+00   2.7529e+02
20261006_00:00:00   1.3576e-01   3.7974e+01   1.4286e+01   0.0000e+00   0.0000e+00   2.7818e+02
20261006_03:00:00   1.4424e-01   3.9915e+01   1.5077e+01   0.0000e+00   0.0000e+00   2.7370e+02
20261006_06:00:00   1.4132e-01   3.9184e+01   1.4303e+01   0.0000e+00   0.0000e+00   2.7564e+02
20261006_09:00:00   1.3402e-01   3.7429e+01   1.3196e+01   0.0000e+00   0.0000e+00   2.7860e+02
20261006_12:00:00   1.2824e-01   3.6032e+01   1.2214e+01   0.0000e+00   0.0000e+00   2.7920e+02
20261006_15:00:00   1.2724e-01   3.5812e+01   1.2091e+01   0.0000e+00   0.0000e+00   2.7754e+02
20261006_18:00:00   1.1638e-01   3.3337e+01   1.1199e+01   0.0000e+00   0.0000e+00   2.7412e+02
20261006_21:00:00   1.0646e-01   3.0996e+01   1.0146e+01   0.0000e+00   0.0000e+00   2.7314e+02
20261007_00:00:00   1.0138e-01   2.9781e+01   9.5404e+00   0.0000e+00   0.0000e+00   2.7088e+02
20261007_03:00:00   1.0346e-01   3.0261e+01   9.7916e+00   0.0000e+00   0.0000e+00   2.6866e+02
20261007_06:00:00   1.0195e-01   2.9810e+01   9.4556e+00   0.0000e+00   0.0000e+00   2.6678e+02
20261007_09:00:00   9.8785e-02   2.8916e+01   8.8830e+00   0.0000e+00   0.0000e+00   2.6841e+02
20261007_12:00:00   9.4915e-02   2.7829e+01   8.3028e+00   0.0000e+00   2.2591e-02   2.7124e+02
