#            date       tau255        Tb[K]      pwv[mm] lwp[kg*m^-2] iwp[kg*m^-2]       o3[DU]
20260908_18:00:00   1.0594e-01   3.0745e+01   9.9945e+00   0.0000e+00   9.3900e-06   2.8683e+02
20260908_19:00:00   1.1560e-01   3.3208e+01   1.1633e+01   0.0000e+00   2.0440e-06   2.9054e+02
20260908_20:00:00   1.2448e-01   3.5479e+01   1.3123e+01   0.0000e+00   0.0000e+00   2.9186e+02
20260908_21:00:00   1.3692e-01   3.8532e+01   1.5153e+01   3.7037e-04   1.1305e-04   2.9230e+02
20260908_22:00:00   1.4977e-01   4.1600e+01   1.6981e+01   1.5189e-03   9.1177e-03   2.9235e+02
20260908_23:00:00   1.5857e-01   4.3735e+01   1.8303e+01   1.5142e-03   1.4973e-02   2.9077e+02
20260909_00:00:00   1.6746e-01   4.5888e+01   1.9617e+01   1.2722e-03   4.1032e-02   2.8802e+02
20260909_01:00:00   1.7393e-01   4.7425e+01   2.0865e+01   4.1736e-04   3.3778e-02   2.8493e+02
20260909_02:00:00   1.7899e-01   4.8583e+01   2.1762e+01   4.1722e-05   2.9606e-02   2.8109e+02
20260909_03:00:00   1.8147e-01   4.9167e+01   2.2123e+01   0.0000e+00   2.8212e-02   2.7988e+02
20260909_04:00:00   1.8129e-01   4.9163e+01   2.2048e+01   0.0000e+00   1.3365e-02   2.8037e+02
20260909_05:00:00   1.7896e-01   4.8641e+01   2.1633e+01   0.0000e+00   5.4993e-03   2.8060e+02
20260909_06:00:00   1.7668e-01   4.8103e+01   2.1310e+01   0.0000e+00   8.1923e-03   2.8062e+02
20260909_07:00:00   1.7947e-01   4.8701e+01   2.1754e+01   0.0000e+00   1.2506e-02   2.8139e+02
20260909_08:00:00   1.8428e-01   4.9761e+01   2.2462e+01   0.0000e+00   3.7164e-02   2.8039e+02
20260909_09:00:00   1.8867e-01   5.0735e+01   2.3019e+01   0.0000e+00   3.7599e-02   2.7694e+02
20260909_10:00:00   1.9133e-01   5.1328e+01   2.3387e+01   0.0000e+00   9.9134e-03   2.7730e+02
20260909_11:00:00   1.9527e-01   5.2164e+01   2.3826e+01   0.0000e+00   3.3851e-03   2.7715e+02
20260909_12:00:00   1.9834e-01   5.2799e+01   2.4175e+01   0.0000e+00   5.6611e-03   2.7630e+02
20260909_13:00:00   1.9858e-01   5.2760e+01   2.4194e+01   0.0000e+00   2.6538e-03   2.7650e+02
20260909_14:00:00   1.9497e-01   5.1905e+01   2.3729e+01   0.0000e+00   3.3636e-03   2.7714e+02
20260909_15:00:00   1.9159e-01   5.1152e+01   2.3317e+01   0.0000e+00   1.8390e-03   2.7903e+02
20260909_16:00:00   1.8908e-01   5.0620e+01   2.3079e+01   0.0000e+00   2.1806e-03   2.7795e+02
20260909_17:00:00   1.8919e-01   5.0721e+01   2.3184e+01   0.0000e+00   1.7480e-03   2.7686e+02
20260909_18:00:00   1.9209e-01   5.1511e+01   2.3679e+01   0.0000e+00   1.7672e-03   2.7554e+02
20260909_19:00:00   1.9909e-01   5.3307e+01   2.4625e+01   7.7162e-04   8.7089e-04   2.7527e+02
20260909_20:00:00   2.1191e-01   5.6240e+01   2.5355e+01   1.0242e-02   3.0325e-03   2.7621e+02
20260909_21:00:00   2.1330e-01   5.6601e+01   2.6113e+01   6.4599e-03   1.0010e-02   2.7604e+02
20260909_22:00:00   2.1664e-01   5.7394e+01   2.6774e+01   5.0068e-03   1.8196e-02   2.7606e+02
20260909_23:00:00   2.2928e-01   6.0191e+01   2.7317e+01   1.4707e-02   2.9286e-02   2.7756e+02
20260910_00:00:00   2.2270e-01   5.8870e+01   2.7573e+01   5.2443e-03   2.3336e-02   2.7902e+02
20260910_01:00:00   2.2091e-01   5.8580e+01   2.7561e+01   3.1253e-03   2.8967e-03   2.7930e+02
20260910_02:00:00   2.3947e-01   6.2629e+01   2.7868e+01   2.0347e-02   6.2860e-04   2.7998e+02
20260910_03:00:00   2.5934e-01   6.6836e+01   2.8040e+01   3.9641e-02   2.7295e-04   2.8249e+02
20260910_04:00:00   2.2188e-01   5.8908e+01   2.7643e+01   0.0000e+00   2.7298e-06   2.8424e+02
20260910_05:00:00   2.1906e-01   5.8250e+01   2.7273e+01   0.0000e+00   7.1290e-05   2.8481e+02
20260910_06:00:00   2.1456e-01   5.7172e+01   2.6762e+01   0.0000e+00   6.4658e-04   2.8422e+02
20260910_07:00:00   2.1212e-01   5.6567e+01   2.6437e+01   0.0000e+00   2.8025e-03   2.8349e+02
20260910_08:00:00   2.1193e-01   5.6466e+01   2.6328e+01   0.0000e+00   5.4442e-03   2.8322e+02
20260910_09:00:00   2.0987e-01   5.5921e+01   2.6024e+01   0.0000e+00   2.7785e-03   2.8268e+02
20260910_10:00:00   2.0898e-01   5.5626e+01   2.5925e+01   0.0000e+00   4.7973e-03   2.8316e+02
20260910_11:00:00   2.0802e-01   5.5333e+01   2.5774e+01   0.0000e+00   2.9046e-03   2.8352e+02
20260910_12:00:00   2.0706e-01   5.5080e+01   2.5629e+01   0.0000e+00   2.1645e-03   2.8392e+02
20260910_13:00:00   2.0703e-01   5.5042e+01   2.5595e+01   3.4020e-06   6.4281e-03   2.8411e+02
20260910_14:00:00   2.0848e-01   5.5350e+01   2.5747e+01   0.0000e+00   3.6364e-03   2.8458e+02
20260910_15:00:00   2.1195e-01   5.6144e+01   2.6185e+01   0.0000e+00   2.2556e-03   2.8568e+02
20260910_16:00:00   2.1339e-01   5.6512e+01   2.6420e+01   0.0000e+00   3.2214e-03   2.8585e+02
20260910_17:00:00   2.1329e-01   5.6575e+01   2.6483e+01   4.0900e-06   2.1346e-03   2.8582e+02
20260910_18:00:00   2.1450e-01   5.6986e+01   2.6628e+01   9.3980e-04   3.5480e-04   2.8624e+02
20260910_19:00:00   2.2543e-01   5.9500e+01   2.6844e+01   1.2199e-02   9.8975e-04   2.8570e+02
20260910_20:00:00   2.3764e-01   6.2194e+01   2.7422e+01   2.1462e-02   1.0212e-02   2.8366e+02
20260910_21:00:00   2.7105e-01   6.9233e+01   2.7735e+01   5.6091e-02   2.1068e-02   2.8278e+02
20260910_22:00:00   2.6164e-01   6.7357e+01   2.7849e+01   4.4198e-02   2.4999e-02   2.8335e+02
20260910_23:00:00   2.4419e-01   6.3781e+01   2.8133e+01   2.1605e-02   1.1714e-02   2.8342e+02
20260911_00:00:00   2.4232e-01   6.3362e+01   2.7778e+01   2.2653e-02   1.4222e-03   2.8389e+02
20260911_01:00:00   2.3467e-01   6.1681e+01   2.7085e+01   2.0273e-02   1.2489e-03   2.8336e+02
20260911_02:00:00   2.1467e-01   5.7358e+01   2.6714e+01   0.0000e+00   4.0980e-05   2.8275e+02
20260911_03:00:00   2.1478e-01   5.7360e+01   2.6449e+01   0.0000e+00   1.0224e-06   2.8199e+02
20260911_04:00:00   2.1506e-01   5.7386e+01   2.6155e+01   0.0000e+00   2.1577e-05   2.8193e+02
20260911_05:00:00   2.1328e-01   5.6944e+01   2.5638e+01   0.0000e+00   2.8519e-05   2.8143e+02
20260911_06:00:00   2.0823e-01   5.5773e+01   2.4855e+01   0.0000e+00   2.0440e-06   2.8106e+02
20260911_07:00:00   2.0565e-01   5.5127e+01   2.4467e+01   0.0000e+00   2.0701e-04   2.8052e+02
20260911_08:00:00   2.0340e-01   5.4605e+01   2.4035e+01   0.0000e+00   2.2456e-06   2.8049e+02
20260911_09:00:00   2.0424e-01   5.4780e+01   2.4116e+01   0.0000e+00   3.9633e-05   2.8069e+02
20260911_10:00:00   2.0536e-01   5.5027e+01   2.4102e+01   0.0000e+00   7.1843e-04   2.8166e+02
20260911_11:00:00   2.0547e-01   5.5050e+01   2.3941e+01   0.0000e+00   1.1927e-03   2.8062e+02
20260911_12:00:00   2.0324e-01   5.4544e+01   2.3563e+01   0.0000e+00   1.0817e-03   2.8081e+02
20260911_13:00:00   2.0011e-01   5.3823e+01   2.3126e+01   0.0000e+00   8.9505e-04   2.8051e+02
20260911_14:00:00   1.9726e-01   5.3176e+01   2.2634e+01   0.0000e+00   1.3026e-03   2.8122e+02
20260911_15:00:00   1.9450e-01   5.2618e+01   2.2132e+01   0.0000e+00   6.9900e-04   2.8192e+02
20260911_16:00:00   1.8728e-01   5.1069e+01   2.1093e+01   0.0000e+00   4.8459e-04   2.8308e+02
20260911_17:00:00   1.7946e-01   4.9349e+01   2.0101e+01   0.0000e+00   3.6960e-04   2.8346e+02
20260911_18:00:00   1.7533e-01   4.8411e+01   1.9738e+01   0.0000e+00   0.0000e+00   2.8368e+02
20260911_19:00:00   1.7423e-01   4.8116e+01   1.9971e+01   0.0000e+00   0.0000e+00   2.8471e+02
20260911_20:00:00   1.6838e-01   4.6723e+01   1.9564e+01   0.0000e+00   0.0000e+00   2.8564e+02
20260911_21:00:00   1.5679e-01   4.3920e+01   1.8330e+01   0.0000e+00   0.0000e+00   2.8635e+02
20260911_22:00:00   1.4085e-01   3.9983e+01   1.6292e+01   0.0000e+00   0.0000e+00   2.8719e+02
20260911_23:00:00   1.3200e-01   3.7808e+01   1.4935e+01   0.0000e+00   0.0000e+00   2.8719e+02
20260912_00:00:00   1.2566e-01   3.6260e+01   1.3855e+01   0.0000e+00   0.0000e+00   2.8731e+02
20260912_01:00:00   1.2263e-01   3.5500e+01   1.3256e+01   0.0000e+00   0.0000e+00   2.8796e+02
20260912_02:00:00   1.2132e-01   3.5178e+01   1.2824e+01   0.0000e+00   0.0000e+00   2.8931e+02
20260912_03:00:00   1.1995e-01   3.4807e+01   1.2325e+01   0.0000e+00   0.0000e+00   2.8930e+02
20260912_04:00:00   1.1790e-01   3.4273e+01   1.1714e+01   0.0000e+00   0.0000e+00   2.8947e+02
20260912_05:00:00   1.1373e-01   3.3178e+01   1.0848e+01   0.0000e+00   0.0000e+00   2.8856e+02
20260912_06:00:00   1.0651e-01   3.1258e+01   9.7501e+00   0.0000e+00   2.6660e-05   2.8621e+02
20260912_07:00:00   9.7955e-02   2.8992e+01   8.4796e+00   0.0000e+00   1.9324e-03   2.8594e+02
20260912_08:00:00   9.4321e-02   2.7999e+01   7.9352e+00   0.0000e+00   2.7963e-03   2.8602e+02
20260912_09:00:00   9.4159e-02   2.7923e+01   7.8714e+00   0.0000e+00   2.9301e-03   2.8556e+02
20260912_10:00:00   9.5101e-02   2.8145e+01   7.9589e+00   0.0000e+00   2.4678e-03   2.8544e+02
20260912_11:00:00   9.5783e-02   2.8304e+01   8.0078e+00   0.0000e+00   2.8174e-04   2.8542e+02
20260912_12:00:00   9.6116e-02   2.8370e+01   8.0329e+00   0.0000e+00   3.7700e-04   2.8394e+02
20260912_13:00:00   9.5850e-02   2.8281e+01   7.9772e+00   0.0000e+00   3.0880e-04   2.8406e+02
20260912_14:00:00   9.4895e-02   2.8013e+01   7.8325e+00   0.0000e+00   8.4260e-06   2.8557e+02
20260912_15:00:00   9.4001e-02   2.7806e+01   7.7520e+00   0.0000e+00   1.0224e-06   2.8730e+02
20260912_16:00:00   9.0635e-02   2.6972e+01   7.4034e+00   0.0000e+00   0.0000e+00   2.8690e+02
20260912_17:00:00   8.8344e-02   2.6415e+01   7.1866e+00   0.0000e+00   0.0000e+00   2.8647e+02
20260912_18:00:00   8.9745e-02   2.6812e+01   7.5613e+00   0.0000e+00   0.0000e+00   2.8641e+02
20260912_19:00:00   9.3800e-02   2.7880e+01   8.3701e+00   0.0000e+00   0.0000e+00   2.8799e+02
20260912_20:00:00   9.7630e-02   2.8908e+01   9.1140e+00   0.0000e+00   0.0000e+00   2.8850e+02
20260912_21:00:00   9.7179e-02   2.8828e+01   9.1797e+00   0.0000e+00   0.0000e+00   2.8769e+02
20260912_22:00:00   9.4989e-02   2.8258e+01   8.8538e+00   0.0000e+00   0.0000e+00   2.8810e+02
20260912_23:00:00   9.2795e-02   2.7656e+01   8.4793e+00   0.0000e+00   0.0000e+00   2.8862e+02
20260913_00:00:00   9.0798e-02   2.7111e+01   8.0523e+00   0.0000e+00   0.0000e+00   2.9034e+02
20260913_01:00:00   8.8692e-02   2.6537e+01   7.6174e+00   0.0000e+00   1.2198e-04   2.9119e+02
20260913_02:00:00   8.9157e-02   2.6620e+01   7.5686e+00   0.0000e+00   0.0000e+00   2.9242e+02
20260913_03:00:00   9.1871e-02   2.7264e+01   7.8706e+00   0.0000e+00   0.0000e+00   2.9351e+02
20260913_04:00:00   9.5040e-02   2.8019e+01   8.3261e+00   0.0000e+00   0.0000e+00   2.9597e+02
20260913_05:00:00   9.5052e-02   2.7989e+01   8.2537e+00   0.0000e+00   0.0000e+00   2.9888e+02
20260913_06:00:00   9.4325e-02   2.7779e+01   8.0122e+00   0.0000e+00   0.0000e+00   3.0087e+02
20260913_07:00:00   9.3421e-02   2.7519e+01   7.7809e+00   0.0000e+00   0.0000e+00   3.0195e+02
20260913_08:00:00   9.2006e-02   2.7121e+01   7.5049e+00   0.0000e+00   0.0000e+00   3.0247e+02
20260913_09:00:00   9.0336e-02   2.6663e+01   7.2057e+00   0.0000e+00   0.0000e+00   3.0385e+02
20260913_10:00:00   8.8025e-02   2.6042e+01   6.8304e+00   0.0000e+00   0.0000e+00   3.0382e+02
20260913_11:00:00   8.5957e-02   2.5469e+01   6.5783e+00   0.0000e+00   0.0000e+00   3.0534e+02
20260913_12:00:00   8.3761e-02   2.4884e+01   6.2393e+00   0.0000e+00   0.0000e+00   3.0578e+02
20260913_13:00:00   8.3121e-02   2.4687e+01   6.1859e+00   0.0000e+00   0.0000e+00   3.0622e+02
20260913_14:00:00   8.5427e-02   2.5209e+01   6.6912e+00   0.0000e+00   0.0000e+00   3.0641e+02
20260913_15:00:00   8.8522e-02   2.5983e+01   7.2125e+00   0.0000e+00   0.0000e+00   3.0508e+02
20260913_16:00:00   8.7475e-02   2.5767e+01   6.9249e+00   0.0000e+00   0.0000e+00   3.0408e+02
20260913_17:00:00   8.6094e-02   2.5478e+01   6.5919e+00   0.0000e+00   0.0000e+00   3.0446e+02
20260913_18:00:00   8.4939e-02   2.5215e+01   6.4694e+00   0.0000e+00   0.0000e+00   3.0345e+02
20260913_21:00:00   9.2544e-02   2.7243e+01   8.0377e+00   0.0000e+00   0.0000e+00   3.0193e+02
20260914_00:00:00   9.7918e-02   2.8630e+01   9.1289e+00   0.0000e+00   0.0000e+00   3.0152e+02
20260914_03:00:00   9.9918e-02   2.9078e+01   9.3569e+00   0.0000e+00   0.0000e+00   2.9692e+02
20260914_06:00:00   9.7722e-02   2.8460e+01   8.8425e+00   0.0000e+00   0.0000e+00   2.9806e+02
20260914_09:00:00   9.6377e-02   2.8049e+01   8.4827e+00   0.0000e+00   0.0000e+00   2.9980e+02
20260914_12:00:00   9.4228e-02   2.7462e+01   8.0877e+00   0.0000e+00   0.0000e+00   3.0521e+02
20260914_15:00:00   9.2123e-02   2.6948e+01   7.6720e+00   0.0000e+00   0.0000e+00   3.0333e+02
20260914_18:00:00   8.8786e-02   2.6248e+01   7.3875e+00   0.0000e+00   0.0000e+00   2.9683e+02
20260914_21:00:00   9.5542e-02   2.8116e+01   8.7602e+00   0.0000e+00   0.0000e+00   2.9523e+02
20260915_00:00:00   1.0199e-01   2.9823e+01   9.9357e+00   0.0000e+00   0.0000e+00   2.9729e+02
20260915_03:00:00   9.3488e-02   2.7559e+01   8.4054e+00   0.0000e+00   0.0000e+00   2.9848e+02
20260915_06:00:00   8.8272e-02   2.6139e+01   7.4466e+00   0.0000e+00   0.0000e+00   3.0053e+02
20260915_09:00:00   8.4199e-02   2.5004e+01   6.8175e+00   0.0000e+00   0.0000e+00   2.9875e+02
20260915_12:00:00   7.9833e-02   2.3814e+01   6.0853e+00   0.0000e+00   0.0000e+00   2.9479e+02
20260915_15:00:00   7.7521e-02   2.3205e+01   5.6038e+00   0.0000e+00   0.0000e+00   2.9767e+02
20260915_18:00:00   7.9729e-02   2.3874e+01   6.1034e+00   0.0000e+00   0.0000e+00   2.9470e+02
20260915_21:00:00   8.5904e-02   2.5544e+01   7.4195e+00   0.0000e+00   0.0000e+00   2.9058e+02
20260916_00:00:00   8.6821e-02   2.5758e+01   7.8339e+00   0.0000e+00   0.0000e+00   2.9042e+02
20260916_03:00:00   9.3141e-02   2.7332e+01   8.6787e+00   0.0000e+00   0.0000e+00   2.9537e+02
20260916_06:00:00   9.2642e-02   2.7104e+01   8.4595e+00   0.0000e+00   0.0000e+00   2.9536e+02
20260916_09:00:00   9.0052e-02   2.6355e+01   7.9374e+00   0.0000e+00   0.0000e+00   2.9457e+02
20260916_12:00:00   9.0176e-02   2.6290e+01   7.9713e+00   0.0000e+00   0.0000e+00   2.9738e+02
20260916_15:00:00   8.8286e-02   2.5871e+01   7.4036e+00   0.0000e+00   0.0000e+00   3.0090e+02
20260916_18:00:00   8.6846e-02   2.5628e+01   7.2240e+00   0.0000e+00   0.0000e+00   3.0231e+02
20260916_21:00:00   9.0165e-02   2.6538e+01   8.0921e+00   0.0000e+00   0.0000e+00   3.0154e+02
20260917_00:00:00   9.1843e-02   2.6985e+01   8.5402e+00   0.0000e+00   0.0000e+00   3.0163e+02
20260917_03:00:00   9.6276e-02   2.8146e+01   8.8940e+00   0.0000e+00   0.0000e+00   3.0449e+02
20260917_06:00:00   9.2328e-02   2.7110e+01   7.9045e+00   0.0000e+00   0.0000e+00   3.0244e+02
20260917_09:00:00   8.3034e-02   2.4680e+01   6.2646e+00   0.0000e+00   0.0000e+00   2.9941e+02
20260917_12:00:00   7.6850e-02   2.3033e+01   5.1229e+00   0.0000e+00   0.0000e+00   3.0055e+02
20260917_15:00:00   7.4260e-02   2.2340e+01   4.6754e+00   0.0000e+00   0.0000e+00   3.0050e+02
20260917_18:00:00   7.7147e-02   2.3076e+01   5.6320e+00   0.0000e+00   0.0000e+00   3.0036e+02
20260917_21:00:00   8.3592e-02   2.4772e+01   7.0869e+00   0.0000e+00   2.4280e-03   2.9918e+02
20260918_00:00:00   8.4823e-02   2.5028e+01   7.4204e+00   0.0000e+00   3.5261e-03   2.9938e+02
20260918_03:00:00   9.1783e-02   2.6754e+01   8.3085e+00   0.0000e+00   1.9905e-03   2.9875e+02
20260918_06:00:00   9.1749e-02   2.6650e+01   8.1545e+00   0.0000e+00   2.6185e-03   2.9756e+02
20260918_09:00:00   8.6800e-02   2.5279e+01   7.3372e+00   0.0000e+00   1.7636e-03   2.9685e+02
20260918_12:00:00   8.3702e-02   2.4353e+01   6.8237e+00   0.0000e+00   3.1053e-04   2.9643e+02
20260918_15:00:00   8.4871e-02   2.4568e+01   7.0221e+00   0.0000e+00   0.0000e+00   3.0347e+02
20260918_18:00:00   8.3899e-02   2.4360e+01   6.8600e+00   0.0000e+00   6.3682e-04   3.1086e+02
20260918_21:00:00   9.2478e-02   2.6748e+01   8.1498e+00   1.7006e-05   4.8165e-04   3.1766e+02
20260919_00:00:00   8.3380e-02   2.4690e+01   6.3824e+00   0.0000e+00   0.0000e+00   3.1812e+02
20260919_03:00:00   7.4689e-02   2.2364e+01   4.7224e+00   0.0000e+00   0.0000e+00   3.1617e+02
20260919_06:00:00   7.5523e-02   2.2504e+01   4.6455e+00   0.0000e+00   0.0000e+00   3.1390e+02
20260919_09:00:00   7.4817e-02   2.2245e+01   4.4451e+00   0.0000e+00   0.0000e+00   3.1766e+02
20260919_12:00:00   7.3923e-02   2.1973e+01   4.2208e+00   0.0000e+00   0.0000e+00   3.1860e+02
20260919_15:00:00   7.4363e-02   2.2045e+01   4.4445e+00   0.0000e+00   0.0000e+00   3.1140e+02
20260919_18:00:00   7.2568e-02   2.1658e+01   4.3984e+00   0.0000e+00   0.0000e+00   3.0667e+02
20260919_21:00:00   7.1566e-02   2.1471e+01   4.5364e+00   0.0000e+00   0.0000e+00   3.0694e+02
20260920_00:00:00   7.3422e-02   2.1972e+01   4.9771e+00   0.0000e+00   0.0000e+00   3.0444e+02
20260920_03:00:00   8.0471e-02   2.3751e+01   5.8959e+00   0.0000e+00   0.0000e+00   3.0569e+02
20260920_06:00:00   7.9583e-02   2.3461e+01   5.4812e+00   0.0000e+00   0.0000e+00   3.0511e+02
20260920_09:00:00   7.7179e-02   2.2799e+01   5.0093e+00   0.0000e+00   0.0000e+00   3.0409e+02
20260920_12:00:00   7.4959e-02   2.2189e+01   4.5828e+00   0.0000e+00   0.0000e+00   2.9944e+02
20260920_15:00:00   7.6387e-02   2.2537e+01   4.7649e+00   0.0000e+00   0.0000e+00   3.0114e+02
20260920_18:00:00   7.9032e-02   2.3310e+01   5.3777e+00   0.0000e+00   0.0000e+00   3.0135e+02
20260920_21:00:00   8.1598e-02   2.4070e+01   6.1235e+00   0.0000e+00   0.0000e+00   3.0010e+02
20260921_00:00:00   8.4706e-02   2.4905e+01   6.7013e+00   0.0000e+00   0.0000e+00   2.9829e+02
20260921_03:00:00   8.4753e-02   2.4885e+01   6.5677e+00   0.0000e+00   0.0000e+00   2.9635e+02
20260921_06:00:00   8.5448e-02   2.5053e+01   6.5331e+00   0.0000e+00   0.0000e+00   2.9522e+02
20260921_09:00:00   8.9484e-02   2.6049e+01   7.1213e+00   0.0000e+00   0.0000e+00   2.9369e+02
20260921_12:00:00   8.9982e-02   2.6156e+01   7.1212e+00   0.0000e+00   0.0000e+00   2.9524e+02
20260921_15:00:00   8.9274e-02   2.5972e+01   6.9725e+00   0.0000e+00   0.0000e+00   2.9445e+02
20260921_18:00:00   8.9308e-02   2.6113e+01   7.1253e+00   0.0000e+00   0.0000e+00   2.9459e+02
20260921_21:00:00   9.0696e-02   2.6570e+01   7.5963e+00   0.0000e+00   0.0000e+00   2.9220e+02
20260922_00:00:00   8.9757e-02   2.6360e+01   7.5560e+00   0.0000e+00   0.0000e+00   2.9434e+02
20260922_03:00:00   8.7765e-02   2.5833e+01   6.9890e+00   0.0000e+00   0.0000e+00   2.9469e+02
20260922_06:00:00   8.4300e-02   2.4904e+01   6.3000e+00   0.0000e+00   4.5880e-05   2.9562e+02
20260922_09:00:00   8.6050e-02   2.5275e+01   6.7008e+00   0.0000e+00   2.7225e-04   2.9528e+02
20260922_12:00:00   8.7313e-02   2.5571e+01   6.8654e+00   0.0000e+00   3.6727e-06   2.9715e+02
20260922_15:00:00   8.3951e-02   2.4704e+01   6.2441e+00   0.0000e+00   1.3504e-03   2.9818e+02
20260922_18:00:00   9.1525e-02   2.6758e+01   7.5843e+00   0.0000e+00   2.2170e-03   2.9733e+02
20260922_21:00:00   1.1333e-01   3.2387e+01   1.1228e+01   0.0000e+00   6.9111e-03   2.9803e+02
20260923_00:00:00   1.4743e-01   4.0631e+01   1.6462e+01   0.0000e+00   4.0342e-02   2.9930e+02
20260923_03:00:00   1.4767e-01   4.0622e+01   1.6094e+01   0.0000e+00   5.7614e-03   2.9910e+02
20260923_06:00:00   1.4122e-01   3.8975e+01   1.5028e+01   0.0000e+00   0.0000e+00   3.0205e+02
20260923_09:00:00   1.3137e-01   3.6531e+01   1.3520e+01   0.0000e+00   1.4396e-05   3.0232e+02
20260923_12:00:00   1.2708e-01   3.5429e+01   1.2786e+01   0.0000e+00   0.0000e+00   3.0182e+02
20260923_15:00:00   1.1733e-01   3.3137e+01   1.1028e+01   0.0000e+00   0.0000e+00   2.9923e+02
20260923_18:00:00   1.1000e-01   3.1541e+01   1.0036e+01   0.0000e+00   0.0000e+00   2.9993e+02
20260923_21:00:00   1.0761e-01   3.1145e+01   9.9753e+00   0.0000e+00   0.0000e+00   2.9578e+02
20260924_00:00:00   1.1131e-01   3.1986e+01   1.1058e+01   0.0000e+00   8.8280e-07   2.9057e+02
20260924_03:00:00   1.1309e-01   3.2428e+01   1.1219e+01   0.0000e+00   0.0000e+00   2.8710e+02
20260924_06:00:00   1.0927e-01   3.1392e+01   1.0548e+01   0.0000e+00   0.0000e+00   2.8542e+02
20260924_09:00:00   1.0920e-01   3.1229e+01   1.0739e+01   0.0000e+00   0.0000e+00   2.8425e+02
20260924_12:00:00   1.1225e-01   3.1888e+01   1.1332e+01   0.0000e+00   8.6480e-04   2.8442e+02
20260924_15:00:00   1.1212e-01   3.1861e+01   1.1196e+01   0.0000e+00   0.0000e+00   2.8999e+02
20260924_18:00:00   1.0732e-01   3.0892e+01   1.0539e+01   0.0000e+00   0.0000e+00   2.9082e+02
