#            date       tau255        Tb[K]      pwv[mm] lwp[kg*m^-2] iwp[kg*m^-2]       o3[DU]
20260815_06:00:00   1.5163e-01   4.2051e+01   1.6363e+01   0.0000e+00   0.0000e+00   3.1892e+02
20260815_07:00:00   1.4851e-01   4.1292e+01   1.5778e+01   0.0000e+00   0.0000e+00   3.1998e+02
20260815_08:00:00   1.3890e-01   3.8931e+01   1.4344e+01   0.0000e+00   0.0000e+00   3.1938e+02
20260815_09:00:00   1.2831e-01   3.6321e+01   1.2739e+01   0.0000e+00   0.0000e+00   3.1948e+02
20260815_10:00:00   1.2538e-01   3.5596e+01   1.2175e+01   0.0000e+00   0.0000e+00   3.1935e+02
20260815_11:00:00   1.2434e-01   3.5329e+01   1.1852e+01   0.0000e+00   0.0000e+00   3.1993e+02
20260815_12:00:00   1.2508e-01   3.5496e+01   1.1827e+01   0.0000e+00   0.0000e+00   3.2075e+02
20260815_13:00:00   1.2606e-01   3.5726e+01   1.1848e+01   0.0000e+00   0.0000e+00   3.2016e+02
20260815_14:00:00   1.2908e-01   3.6487e+01   1.2094e+01   0.0000e+00   0.0000e+00   3.1977e+02
20260815_15:00:00   1.3230e-01   3.7328e+01   1.2509e+01   0.0000e+00   0.0000e+00   3.1962e+02
20260815_16:00:00   1.2794e-01   3.6263e+01   1.2149e+01   0.0000e+00   0.0000e+00   3.2138e+02
20260815_17:00:00   1.2383e-01   3.5242e+01   1.1849e+01   0.0000e+00   0.0000e+00   3.2083e+02
20260815_18:00:00   1.1921e-01   3.4127e+01   1.1432e+01   0.0000e+00   0.0000e+00   3.1962e+02
20260815_19:00:00   1.1954e-01   3.4214e+01   1.1755e+01   0.0000e+00   0.0000e+00   3.1799e+02
20260815_20:00:00   1.2279e-01   3.5030e+01   1.2531e+01   0.0000e+00   0.0000e+00   3.1891e+02
20260815_21:00:00   1.2905e-01   3.6584e+01   1.3719e+01   0.0000e+00   0.0000e+00   3.1754e+02
20260815_22:00:00   1.3721e-01   3.8569e+01   1.5100e+01   0.0000e+00   2.1442e-05   3.1796e+02
20260815_23:00:00   1.4668e-01   4.0857e+01   1.6545e+01   1.9464e-04   1.8586e-03   3.1509e+02
20260816_00:00:00   1.5828e-01   4.3607e+01   1.7997e+01   1.7068e-03   1.2792e-02   3.1302e+02
20260816_01:00:00   1.6313e-01   4.4829e+01   1.8710e+01   5.8544e-04   5.5812e-03   3.1163e+02
20260816_02:00:00   1.6430e-01   4.5149e+01   1.8794e+01   3.1658e-05   1.2017e-03   3.1504e+02
20260816_03:00:00   1.6347e-01   4.4947e+01   1.8622e+01   0.0000e+00   4.3192e-04   3.1518e+02
20260816_04:00:00   1.6084e-01   4.4351e+01   1.8150e+01   0.0000e+00   0.0000e+00   3.1364e+02
20260816_05:00:00   1.5959e-01   4.4072e+01   1.7859e+01   0.0000e+00   0.0000e+00   3.1311e+02
20260816_06:00:00   1.5786e-01   4.3679e+01   1.7458e+01   0.0000e+00   0.0000e+00   3.1246e+02
20260816_07:00:00   1.5710e-01   4.3509e+01   1.7244e+01   0.0000e+00   0.0000e+00   3.1307e+02
20260816_08:00:00   1.5944e-01   4.4054e+01   1.7470e+01   0.0000e+00   0.0000e+00   3.1270e+02
20260816_09:00:00   1.5680e-01   4.3430e+01   1.7027e+01   0.0000e+00   0.0000e+00   3.1182e+02
20260816_10:00:00   1.5422e-01   4.2799e+01   1.6595e+01   0.0000e+00   0.0000e+00   3.1027e+02
20260816_11:00:00   1.5001e-01   4.1789e+01   1.5930e+01   0.0000e+00   0.0000e+00   3.0986e+02
20260816_12:00:00   1.4764e-01   4.1202e+01   1.5565e+01   0.0000e+00   4.0900e-06   3.1125e+02
20260816_13:00:00   1.4835e-01   4.1349e+01   1.5636e+01   0.0000e+00   0.0000e+00   3.1207e+02
20260816_14:00:00   1.5061e-01   4.1878e+01   1.5904e+01   0.0000e+00   0.0000e+00   3.1260e+02
20260816_15:00:00   1.5207e-01   4.2252e+01   1.6153e+01   0.0000e+00   1.6180e-04   3.1304e+02
20260816_16:00:00   1.5431e-01   4.2809e+01   1.6616e+01   0.0000e+00   1.1524e-03   3.1346e+02
20260816_17:00:00   1.5517e-01   4.3055e+01   1.6890e+01   0.0000e+00   3.1504e-04   3.1227e+02
20260816_18:00:00   1.5398e-01   4.2814e+01   1.6903e+01   0.0000e+00   2.3016e-04   3.1166e+02
20260816_19:00:00   1.5683e-01   4.3531e+01   1.7487e+01   0.0000e+00   4.3698e-05   3.1324e+02
20260816_20:00:00   1.6306e-01   4.5071e+01   1.8535e+01   6.3940e-06   6.4656e-05   3.1367e+02
20260816_21:00:00   1.7311e-01   4.7487e+01   2.0066e+01   1.2763e-04   4.1628e-04   3.1293e+02
20260816_22:00:00   1.8492e-01   5.0294e+01   2.1563e+01   2.1370e-03   4.4577e-03   3.1219e+02
20260816_23:00:00   2.0170e-01   5.4098e+01   2.2884e+01   1.0766e-02   9.6979e-03   3.0967e+02
20260817_00:00:00   2.2993e-01   6.0269e+01   2.3689e+01   3.5307e-02   1.3174e-02   3.0719e+02
20260817_01:00:00   2.1192e-01   5.6486e+01   2.4236e+01   9.6472e-03   4.0815e-03   3.0537e+02
20260817_02:00:00   2.0601e-01   5.5217e+01   2.4162e+01   3.1354e-03   6.9111e-03   3.0446e+02
20260817_03:00:00   2.0178e-01   5.4316e+01   2.3802e+01   1.9529e-04   3.8320e-05   3.0494e+02
20260817_04:00:00   1.9709e-01   5.3310e+01   2.3003e+01   0.0000e+00   0.0000e+00   3.0529e+02
20260817_05:00:00   1.9170e-01   5.2064e+01   2.2059e+01   0.0000e+00   0.0000e+00   3.0520e+02
20260817_06:00:00   1.8845e-01   5.1305e+01   2.1557e+01   0.0000e+00   0.0000e+00   3.0117e+02
20260817_07:00:00   1.8796e-01   5.1168e+01   2.1468e+01   0.0000e+00   5.5720e-05   3.0017e+02
20260817_08:00:00   1.8633e-01   5.0772e+01   2.1203e+01   0.0000e+00   8.3760e-05   2.9813e+02
20260817_09:00:00   1.8463e-01   5.0357e+01   2.0936e+01   0.0000e+00   5.2880e-04   2.9675e+02
20260817_10:00:00   1.8509e-01   5.0438e+01   2.0892e+01   0.0000e+00   8.0040e-04   2.9387e+02
20260817_11:00:00   1.8404e-01   5.0195e+01   2.0610e+01   0.0000e+00   2.9231e-03   2.9289e+02
20260817_12:00:00   1.8314e-01   4.9983e+01   2.0395e+01   0.0000e+00   6.5434e-03   2.9338e+02
20260817_13:00:00   1.8567e-01   5.0530e+01   2.0710e+01   0.0000e+00   3.2473e-03   2.9362e+02
20260817_14:00:00   1.8562e-01   5.0498e+01   2.0732e+01   0.0000e+00   7.2984e-03   2.9389e+02
20260817_15:00:00   1.8432e-01   5.0226e+01   2.0538e+01   0.0000e+00   1.3639e-03   2.9324e+02
20260817_16:00:00   1.8922e-01   5.1361e+01   2.1360e+01   0.0000e+00   9.5966e-03   2.9386e+02
20260817_17:00:00   1.8805e-01   5.1150e+01   2.1310e+01   0.0000e+00   2.4403e-03   2.9519e+02
20260817_18:00:00   1.8252e-01   4.9920e+01   2.0846e+01   0.0000e+00   8.2600e-07   2.9711e+02
20260817_19:00:00   1.8111e-01   4.9563e+01   2.1085e+01   0.0000e+00   3.3785e-04   2.9528e+02
20260817_20:00:00   1.8309e-01   5.0027e+01   2.1725e+01   1.3348e-06   7.1251e-03   2.9353e+02
20260817_21:00:00   1.9136e-01   5.1871e+01   2.2649e+01   4.3601e-03   7.0525e-03   2.9284e+02
20260817_22:00:00   1.9463e-01   5.2632e+01   2.3393e+01   3.7645e-03   9.6556e-03   2.9154e+02
20260817_23:00:00   2.0928e-01   5.5938e+01   2.4502e+01   1.2016e-02   1.9752e-02   2.9344e+02
20260818_00:00:00   2.0033e-01   5.4067e+01   2.4416e+01   2.2676e-03   2.6053e-02   2.9480e+02
20260818_01:00:00   2.0407e-01   5.4923e+01   2.4547e+01   4.8940e-03   1.2304e-02   2.9664e+02
20260818_02:00:00   1.9990e-01   5.4039e+01   2.4406e+01   2.9960e-04   5.8498e-04   2.9597e+02
20260818_03:00:00   1.9691e-01   5.3362e+01   2.3907e+01   5.7260e-05   8.0608e-05   2.9377e+02
20260818_04:00:00   1.9348e-01   5.2561e+01   2.3389e+01   0.0000e+00   2.3337e-03   2.9343e+02
20260818_05:00:00   1.9063e-01   5.1896e+01   2.2857e+01   0.0000e+00   1.3892e-04   2.9215e+02
20260818_06:00:00   1.8864e-01   5.1393e+01   2.2588e+01   0.0000e+00   6.6820e-06   2.9141e+02
20260818_07:00:00   1.8847e-01   5.1326e+01   2.2575e+01   0.0000e+00   3.2984e-03   2.9110e+02
20260818_08:00:00   1.9049e-01   5.1757e+01   2.2735e+01   0.0000e+00   7.3320e-04   2.9194e+02
20260818_09:00:00   1.8783e-01   5.1118e+01   2.2252e+01   0.0000e+00   0.0000e+00   2.9229e+02
20260818_10:00:00   1.8702e-01   5.0862e+01   2.2210e+01   0.0000e+00   0.0000e+00   2.9239e+02
20260818_11:00:00   1.8453e-01   5.0250e+01   2.1889e+01   0.0000e+00   1.0224e-06   2.9096e+02
20260818_12:00:00   1.8174e-01   4.9578e+01   2.1453e+01   0.0000e+00   0.0000e+00   2.8911e+02
20260818_13:00:00   1.7456e-01   4.7894e+01   2.0435e+01   0.0000e+00   1.3100e-05   2.8978e+02
20260818_14:00:00   1.6951e-01   4.6700e+01   1.9717e+01   0.0000e+00   0.0000e+00   2.9008e+02
20260818_15:00:00   1.6657e-01   4.6038e+01   1.9350e+01   0.0000e+00   0.0000e+00   2.9105e+02
20260818_16:00:00   1.6470e-01   4.5635e+01   1.9196e+01   0.0000e+00   0.0000e+00   2.9240e+02
20260818_17:00:00   1.6413e-01   4.5521e+01   1.9351e+01   0.0000e+00   0.0000e+00   2.9087e+02
20260818_18:00:00   1.6348e-01   4.5337e+01   1.9619e+01   0.0000e+00   2.3680e-06   2.8878e+02
20260818_19:00:00   1.6318e-01   4.5250e+01   1.9927e+01   0.0000e+00   5.9405e-03   2.8791e+02
20260818_20:00:00   1.6638e-01   4.5986e+01   2.0672e+01   0.0000e+00   3.0608e-02   2.8794e+02
20260818_21:00:00   1.6872e-01   4.6502e+01   2.1255e+01   0.0000e+00   2.3705e-02   2.8734e+02
20260818_22:00:00   1.7155e-01   4.7189e+01   2.1779e+01   0.0000e+00   7.0160e-03   2.8683e+02
20260818_23:00:00   1.7426e-01   4.7879e+01   2.2161e+01   0.0000e+00   6.8855e-03   2.8695e+02
20260819_00:00:00   1.8024e-01   4.9355e+01   2.3027e+01   0.0000e+00   3.1298e-03   2.8747e+02
20260819_01:00:00   1.8734e-01   5.1094e+01   2.3928e+01   0.0000e+00   6.3289e-03   2.8826e+02
20260819_02:00:00   1.9243e-01   5.2342e+01   2.4476e+01   0.0000e+00   1.3912e-03   2.8769e+02
20260819_03:00:00   1.9247e-01   5.2358e+01   2.4363e+01   0.0000e+00   1.5652e-03   2.8661e+02
20260819_04:00:00   1.9303e-01   5.2463e+01   2.4380e+01   0.0000e+00   4.3239e-03   2.8655e+02
20260819_05:00:00   1.9357e-01   5.2549e+01   2.4405e+01   0.0000e+00   2.8840e-03   2.8717e+02
20260819_06:00:00   1.9387e-01   5.2577e+01   2.4306e+01   0.0000e+00   0.0000e+00   2.8666e+02
20260819_07:00:00   1.9233e-01   5.2186e+01   2.4057e+01   0.0000e+00   0.0000e+00   2.8658e+02
20260819_08:00:00   1.9156e-01   5.1957e+01   2.3907e+01   0.0000e+00   7.4838e-07   2.8550e+02
20260819_09:00:00   1.8931e-01   5.1401e+01   2.3582e+01   0.0000e+00   3.8340e-05   2.8433e+02
20260819_10:00:00   1.8679e-01   5.0794e+01   2.3229e+01   0.0000e+00   0.0000e+00   2.8519e+02
20260819_11:00:00   1.8429e-01   5.0186e+01   2.2909e+01   0.0000e+00   0.0000e+00   2.8549e+02
20260819_12:00:00   1.8371e-01   5.0002e+01   2.2868e+01   0.0000e+00   0.0000e+00   2.8520e+02
20260819_13:00:00   1.8384e-01   5.0001e+01   2.2862e+01   0.0000e+00   0.0000e+00   2.8449e+02
20260819_14:00:00   1.8455e-01   5.0139e+01   2.2947e+01   0.0000e+00   0.0000e+00   2.8528e+02
20260819_15:00:00   1.8568e-01   5.0418e+01   2.3133e+01   0.0000e+00   5.2600e-05   2.8581e+02
20260819_16:00:00   1.8550e-01   5.0399e+01   2.3181e+01   0.0000e+00   2.2280e-05   2.8721e+02
20260819_17:00:00   1.8417e-01   5.0157e+01   2.3067e+01   0.0000e+00   1.3686e-04   2.8683e+02
20260819_18:00:00   1.8166e-01   4.9673e+01   2.2762e+01   0.0000e+00   2.4600e-04   2.8802e+02
20260819_19:00:00   1.7833e-01   4.8979e+01   2.2419e+01   0.0000e+00   1.9048e-03   2.8765e+02
20260819_20:00:00   1.7552e-01   4.8361e+01   2.2181e+01   0.0000e+00   1.8462e-03   2.8649e+02
20260819_21:00:00   1.7780e-01   4.8921e+01   2.2646e+01   0.0000e+00   1.1801e-02   2.8632e+02
20260819_22:00:00   1.7975e-01   4.9396e+01   2.3009e+01   0.0000e+00   1.6651e-02   2.8640e+02
20260819_23:00:00   1.8070e-01   4.9642e+01   2.3149e+01   0.0000e+00   2.9516e-02   2.8619e+02
20260820_00:00:00   1.7805e-01   4.9022e+01   2.2748e+01   0.0000e+00   3.2762e-02   2.8540e+02
20260820_01:00:00   1.7367e-01   4.8009e+01   2.2015e+01   0.0000e+00   1.0076e-02   2.8480e+02
20260820_02:00:00   1.6897e-01   4.6923e+01   2.1210e+01   0.0000e+00   2.8920e-04   2.8517e+02
20260820_03:00:00   1.6449e-01   4.5895e+01   2.0303e+01   0.0000e+00   0.0000e+00   2.8599e+02
20260820_04:00:00   1.6082e-01   4.5052e+01   1.9464e+01   0.0000e+00   0.0000e+00   2.8646e+02
20260820_05:00:00   1.5726e-01   4.4180e+01   1.8710e+01   0.0000e+00   0.0000e+00   2.8658e+02
20260820_06:00:00   1.5470e-01   4.3542e+01   1.8185e+01   0.0000e+00   0.0000e+00   2.8591e+02
20260820_09:00:00   1.5589e-01   4.3749e+01   1.8138e+01   0.0000e+00   0.0000e+00   2.8573e+02
20260820_12:00:00   1.5254e-01   4.2889e+01   1.7498e+01   0.0000e+00   0.0000e+00   2.8410e+02
20260820_15:00:00   1.4809e-01   4.1812e+01   1.6740e+01   0.0000e+00   0.0000e+00   2.8642e+02
20260820_18:00:00   1.4063e-01   4.0149e+01   1.5891e+01   0.0000e+00   0.0000e+00   2.8692e+02
20260820_21:00:00   1.3426e-01   3.8552e+01   1.5627e+01   0.0000e+00   0.0000e+00   2.8447e+02
20260821_00:00:00   1.4076e-01   4.0093e+01   1.6969e+01   2.0440e-06   8.6980e-06   2.8681e+02
20260821_03:00:00   1.3894e-01   3.9669e+01   1.6534e+01   0.0000e+00   2.7842e-04   2.8777e+02
20260821_06:00:00   1.3860e-01   3.9474e+01   1.6201e+01   0.0000e+00   2.1943e-03   2.8762e+02
20260821_09:00:00   1.4352e-01   4.0503e+01   1.7319e+01   0.0000e+00   3.4600e-04   2.8637e+02
20260821_12:00:00   1.3992e-01   3.9603e+01   1.6547e+01   0.0000e+00   0.0000e+00   2.8748e+02
20260821_15:00:00   1.4120e-01   3.9913e+01   1.6598e+01   0.0000e+00   0.0000e+00   2.8704e+02
20260821_18:00:00   1.4552e-01   4.0977e+01   1.7756e+01   0.0000e+00   8.4432e-04   2.8729e+02
20260821_21:00:00   1.7150e-01   4.7396e+01   2.1914e+01   4.7156e-05   1.2069e-02   2.8531e+02
20260822_00:00:00   1.8201e-01   4.9834e+01   2.3763e+01   3.3524e-04   2.2379e-02   2.8610e+02
20260822_03:00:00   1.6402e-01   4.5575e+01   2.0885e+01   0.0000e+00   0.0000e+00   2.8729e+02
20260822_06:00:00   1.7214e-01   4.7382e+01   2.1819e+01   0.0000e+00   1.1518e-03   2.8926e+02
20260822_09:00:00   1.6351e-01   4.5298e+01   2.0358e+01   0.0000e+00   3.7020e-05   2.8879e+02
20260822_12:00:00   1.6626e-01   4.5843e+01   2.0627e+01   0.0000e+00   7.7081e-04   2.9082e+02
20260822_15:00:00   1.7044e-01   4.6918e+01   2.0949e+01   0.0000e+00   1.5826e-05   2.9446e+02
20260822_18:00:00   1.7217e-01   4.7547e+01   2.1393e+01   0.0000e+00   0.0000e+00   2.9299e+02
20260822_21:00:00   1.8728e-01   5.1206e+01   2.4062e+01   4.7040e-04   2.5226e-02   2.9199e+02
20260823_00:00:00   2.0703e-01   5.5629e+01   2.7151e+01   4.7538e-04   1.3126e-01   2.8896e+02
20260823_03:00:00   1.9611e-01   5.3198e+01   2.5380e+01   0.0000e+00   7.4057e-02   2.8648e+02
20260823_06:00:00   1.9493e-01   5.2727e+01   2.5121e+01   0.0000e+00   2.2379e-02   2.8913e+02
20260823_09:00:00   1.9315e-01   5.2242e+01   2.4622e+01   0.0000e+00   1.9022e-03   2.9076e+02
20260823_12:00:00   1.9645e-01   5.2925e+01   2.4927e+01   0.0000e+00   2.1405e-04   2.9140e+02
20260823_15:00:00   2.0584e-01   5.5095e+01   2.5986e+01   0.0000e+00   0.0000e+00   2.9252e+02
20260823_18:00:00   2.0677e-01   5.5708e+01   2.5910e+01   1.5768e-04   2.6548e-04   2.9156e+02
20260823_21:00:00   2.4631e-01   6.4448e+01   3.0156e+01   1.5270e-02   8.3985e-02   2.9215e+02
20260824_00:00:00   2.5602e-01   6.6806e+01   3.1739e+01   3.2318e-03   2.8086e-02   2.9038e+02
20260824_03:00:00   2.4042e-01   6.3434e+01   3.0502e+01   2.5823e-04   7.2325e-03   2.9016e+02
20260824_06:00:00   2.2822e-01   6.0758e+01   2.8333e+01   1.3088e-04   2.7489e-05   2.9086e+02
20260824_09:00:00   2.2327e-01   5.9494e+01   2.7644e+01   0.0000e+00   6.3924e-03   2.8930e+02
20260824_12:00:00   2.0488e-01   5.5401e+01   2.4682e+01   0.0000e+00   1.5497e-03   2.9277e+02
20260824_15:00:00   2.1006e-01   5.6600e+01   2.5229e+01   0.0000e+00   0.0000e+00   2.9333e+02
20260824_18:00:00   1.9273e-01   5.2923e+01   2.3006e+01   4.2940e-05   5.9840e-06   2.9373e+02
20260824_21:00:00   2.1567e-01   5.7487e+01   2.3296e+01   3.2663e-02   2.8263e-02   2.8844e+02
20260825_00:00:00   1.9275e-01   5.2837e+01   2.4053e+01   1.1317e-04   6.6773e-04   2.9043e+02
20260825_03:00:00   1.9104e-01   5.2513e+01   2.3252e+01   1.0224e-06   8.1800e-07   2.8870e+02
20260825_06:00:00   1.9940e-01   5.4361e+01   2.4006e+01   0.0000e+00   0.0000e+00   2.8884e+02
20260825_09:00:00   1.9390e-01   5.3049e+01   2.2941e+01   0.0000e+00   0.0000e+00   2.9045e+02
20260825_12:00:00   1.9563e-01   5.3293e+01   2.3229e+01   0.0000e+00   0.0000e+00   2.9001e+02
20260825_15:00:00   1.9275e-01   5.2601e+01   2.2806e+01   0.0000e+00   0.0000e+00   2.9056e+02
20260825_18:00:00   1.9576e-01   5.3383e+01   2.3783e+01   2.3202e-04   5.7529e-05   2.8815e+02
20260825_21:00:00   2.2089e-01   5.8948e+01   2.6644e+01   1.2684e-02   1.9066e-02   2.8818e+02
20260826_00:00:00   2.4303e-01   6.4122e+01   3.0081e+01   4.2290e-03   2.6620e-02   2.8726e+02
20260826_03:00:00   2.5729e-01   6.7116e+01   3.1834e+01   0.0000e+00   2.5354e-02   2.8805e+02
20260826_06:00:00   2.3961e-01   6.3210e+01   2.9411e+01   0.0000e+00   1.0524e-03   2.9014e+02
20260826_09:00:00   2.2876e-01   6.0752e+01   2.7905e+01   0.0000e+00   3.3242e-03   2.8817e+02
20260826_12:00:00   2.2948e-01   6.0795e+01   2.8066e+01   0.0000e+00   2.6700e-05   2.8665e+02
20260826_15:00:00   2.5278e-01   6.5718e+01   2.9156e+01   1.5546e-02   2.4139e-04   2.9155e+02
20260826_18:00:00   2.2797e-01   6.0755e+01   2.7931e+01   4.4274e-04   4.9080e-06   2.8535e+02
20260826_21:00:00   3.2080e-01   7.9553e+01   2.8592e+01   1.0877e-01   5.9840e-02   2.8522e+02
20260827_00:00:00   4.1125e-01   9.6392e+01   3.5190e+01   1.4257e-01   4.9894e-01   2.8001e+02
20260827_03:00:00   2.5839e-01   6.7465e+01   3.1559e+01   1.9222e-04   7.6614e-05   2.7933e+02
20260827_06:00:00   2.4882e-01   6.5224e+01   3.0342e+01   0.0000e+00   4.8600e-07   2.7860e+02
20260827_09:00:00   2.5295e-01   6.5918e+01   3.0713e+01   7.0800e-05   4.0814e-05   2.7769e+02
20260827_12:00:00   2.4978e-01   6.5216e+01   2.9939e+01   8.7661e-04   1.2982e-05   2.7800e+02
20260827_15:00:00   2.4513e-01   6.4140e+01   2.9841e+01   0.0000e+00   1.2347e-02   2.7486e+02
20260827_18:00:00   2.4209e-01   6.3567e+01   3.0321e+01   6.3680e-04   3.3301e-03   2.7347e+02
20260827_21:00:00   2.5169e-01   6.5578e+01   3.1310e+01   1.0054e-02   7.7797e-03   2.7083e+02
20260828_00:00:00   2.9027e-01   7.3364e+01   3.0910e+01   5.9841e-02   1.7743e-02   2.7017e+02
20260828_03:00:00   2.2692e-01   6.0320e+01   2.9431e+01   0.0000e+00   3.5160e-04   2.6910e+02
20260828_06:00:00   2.1371e-01   5.7294e+01   2.6965e+01   0.0000e+00   0.0000e+00   2.7009e+02
20260828_09:00:00   2.0669e-01   5.5761e+01   2.5074e+01   0.0000e+00   0.0000e+00   2.6894e+02
20260828_12:00:00   2.0889e-01   5.6104e+01   2.5422e+01   0.0000e+00   4.0900e-06   2.7181e+02
20260828_15:00:00   2.0179e-01   5.4458e+01   2.4743e+01   0.0000e+00   0.0000e+00   2.7089e+02
20260828_18:00:00   1.9585e-01   5.3323e+01   2.4343e+01   0.0000e+00   0.0000e+00   2.7029e+02
20260828_21:00:00   2.0173e-01   5.4772e+01   2.5835e+01   5.2859e-04   1.3286e-05   2.7253e+02
20260829_00:00:00   2.0604e-01   5.5782e+01   2.6636e+01   1.3452e-03   3.8744e-04   2.7322e+02
20260829_03:00:00   2.1065e-01   5.6896e+01   2.7390e+01   0.0000e+00   0.0000e+00   2.7299e+02
20260829_06:00:00   1.9838e-01   5.3851e+01   2.5434e+01   0.0000e+00   0.0000e+00   2.7366e+02
20260829_09:00:00   1.9646e-01   5.3303e+01   2.4854e+01   0.0000e+00   0.0000e+00   2.7426e+02
20260829_12:00:00   1.8798e-01   5.1298e+01   2.3408e+01   0.0000e+00   0.0000e+00   2.7651e+02
20260829_15:00:00   1.8066e-01   4.9613e+01   2.2222e+01   0.0000e+00   0.0000e+00   2.7461e+02
20260829_18:00:00   1.7028e-01   4.7335e+01   2.1056e+01   0.0000e+00   0.0000e+00   2.7376e+02
20260829_21:00:00   1.7288e-01   4.8109e+01   2.1961e+01   0.0000e+00   0.0000e+00   2.7586e+02
20260830_00:00:00   1.7192e-01   4.7876e+01   2.2244e+01   0.0000e+00   4.2860e-04   2.7739e+02
20260830_03:00:00   1.6583e-01   4.6296e+01   2.1129e+01   0.0000e+00   1.0230e-03   2.7874e+02
20260830_06:00:00   1.5292e-01   4.3089e+01   1.8885e+01   0.0000e+00   5.6700e-05   2.7819e+02
20260830_09:00:00   1.4784e-01   4.1826e+01   1.7854e+01   0.0000e+00   0.0000e+00   2.7588e+02
20260830_12:00:00   1.4095e-01   4.0114e+01   1.6558e+01   0.0000e+00   0.0000e+00   2.7882e+02
20260830_15:00:00   1.3457e-01   3.8578e+01   1.5266e+01   0.0000e+00   0.0000e+00   2.7929e+02
20260830_18:00:00   1.2550e-01   3.6422e+01   1.4136e+01   0.0000e+00   0.0000e+00   2.7830e+02
20260830_21:00:00   1.2588e-01   3.6446e+01   1.4931e+01   0.0000e+00   0.0000e+00   2.7848e+02
20260831_00:00:00   1.2771e-01   3.6877e+01   1.5430e+01   0.0000e+00   0.0000e+00   2.7718e+02
20260831_03:00:00   1.3352e-01   3.8338e+01   1.6073e+01   0.0000e+00   0.0000e+00   2.7672e+02
20260831_06:00:00   1.3451e-01   3.8526e+01   1.5954e+01   0.0000e+00   0.0000e+00   2.7805e+02
