#            date       tau255        Tb[K]      pwv[mm] lwp[kg*m^-2] iwp[kg*m^-2]       o3[DU]
20260901_18:00:00   9.3350e-02   2.7434e+01   7.6873e+00   0.0000e+00   0.0000e+00   3.1356e+02
20260901_19:00:00   9.1471e-02   2.6948e+01   7.5896e+00   0.0000e+00   0.0000e+00   3.1453e+02
20260901_20:00:00   9.1033e-02   2.6832e+01   7.6941e+00   0.0000e+00   0.0000e+00   3.1318e+02
20260901_21:00:00   8.8864e-02   2.6282e+01   7.4923e+00   0.0000e+00   0.0000e+00   3.1091e+02
20260901_22:00:00   8.5894e-02   2.5512e+01   7.1147e+00   0.0000e+00   0.0000e+00   3.1056e+02
20260901_23:00:00   8.2399e-02   2.4598e+01   6.6000e+00   0.0000e+00   0.0000e+00   3.1313e+02
20260902_00:00:00   7.9692e-02   2.3875e+01   6.1696e+00   0.0000e+00   0.0000e+00   3.1247e+02
20260902_01:00:00   7.8158e-02   2.3464e+01   5.8691e+00   0.0000e+00   0.0000e+00   3.1236e+02
20260902_02:00:00   7.9977e-02   2.3913e+01   6.0952e+00   0.0000e+00   0.0000e+00   3.1275e+02
20260902_03:00:00   8.3118e-02   2.4678e+01   6.5472e+00   0.0000e+00   0.0000e+00   3.1471e+02
20260902_04:00:00   8.7073e-02   2.5634e+01   7.1307e+00   0.0000e+00   0.0000e+00   3.1463e+02
20260902_05:00:00   8.8477e-02   2.5957e+01   7.3036e+00   0.0000e+00   0.0000e+00   3.1742e+02
20260902_06:00:00   8.8505e-02   2.5947e+01   7.2569e+00   0.0000e+00   0.0000e+00   3.2137e+02
20260902_07:00:00   8.6541e-02   2.5456e+01   6.8214e+00   0.0000e+00   0.0000e+00   3.2085e+02
20260902_08:00:00   8.6267e-02   2.5345e+01   6.7861e+00   0.0000e+00   3.2400e-07   3.2165e+02
20260902_09:00:00   8.8367e-02   2.5816e+01   7.1875e+00   0.0000e+00   0.0000e+00   3.2418e+02
20260902_10:00:00   8.8965e-02   2.5919e+01   7.3497e+00   0.0000e+00   0.0000e+00   3.2706e+02
20260902_11:00:00   8.8515e-02   2.5781e+01   7.2479e+00   0.0000e+00   0.0000e+00   3.2874e+02
20260902_12:00:00   8.9168e-02   2.5914e+01   7.4018e+00   0.0000e+00   0.0000e+00   3.2714e+02
20260902_13:00:00   9.1334e-02   2.6432e+01   7.7498e+00   0.0000e+00   0.0000e+00   3.2603e+02
20260902_14:00:00   9.4027e-02   2.7075e+01   8.2200e+00   0.0000e+00   0.0000e+00   3.2586e+02
20260902_15:00:00   9.5448e-02   2.7443e+01   8.5677e+00   0.0000e+00   1.6557e-04   3.2808e+02
20260902_16:00:00   9.8015e-02   2.8057e+01   9.1898e+00   0.0000e+00   1.8403e-03   3.3006e+02
20260902_17:00:00   1.0085e-01   2.8755e+01   9.7539e+00   0.0000e+00   1.1600e-03   3.2907e+02
20260902_18:00:00   1.0179e-01   2.9038e+01   9.9787e+00   0.0000e+00   8.4260e-05   3.2826e+02
20260902_19:00:00   1.0234e-01   2.9254e+01   1.0111e+01   0.0000e+00   0.0000e+00   3.2494e+02
20260902_20:00:00   1.0449e-01   2.9866e+01   1.0544e+01   0.0000e+00   0.0000e+00   3.2242e+02
20260902_21:00:00   1.0618e-01   3.0368e+01   1.0905e+01   0.0000e+00   1.1698e-04   3.2249e+02
20260902_22:00:00   1.0840e-01   3.0968e+01   1.1365e+01   0.0000e+00   8.7082e-05   3.2199e+02
20260902_23:00:00   1.1028e-01   3.1480e+01   1.1729e+01   0.0000e+00   2.1660e-04   3.1845e+02
20260903_00:00:00   1.1257e-01   3.2083e+01   1.2111e+01   0.0000e+00   0.0000e+00   3.1598e+02
20260903_01:00:00   1.1399e-01   3.2465e+01   1.2298e+01   0.0000e+00   1.5584e-05   3.1473e+02
20260903_02:00:00   1.1665e-01   3.3136e+01   1.2672e+01   0.0000e+00   1.2498e-04   3.1261e+02
20260903_03:00:00   1.1927e-01   3.3799e+01   1.2887e+01   0.0000e+00   6.4620e-04   3.1124e+02
20260903_04:00:00   1.2082e-01   3.4173e+01   1.2984e+01   0.0000e+00   6.8902e-04   3.1024e+02
20260903_05:00:00   1.1998e-01   3.3951e+01   1.2785e+01   0.0000e+00   1.7836e-04   3.0990e+02
20260903_06:00:00   1.2105e-01   3.4190e+01   1.2988e+01   0.0000e+00   0.0000e+00   3.0834e+02
20260903_07:00:00   1.2182e-01   3.4380e+01   1.3082e+01   0.0000e+00   0.0000e+00   3.0801e+02
20260903_08:00:00   1.2298e-01   3.4653e+01   1.3212e+01   0.0000e+00   0.0000e+00   3.0758e+02
20260903_09:00:00   1.2355e-01   3.4787e+01   1.3208e+01   0.0000e+00   0.0000e+00   3.0789e+02
20260903_10:00:00   1.2323e-01   3.4713e+01   1.3074e+01   0.0000e+00   0.0000e+00   3.0722e+02
20260903_11:00:00   1.2623e-01   3.5389e+01   1.3608e+01   0.0000e+00   0.0000e+00   3.0679e+02
20260903_12:00:00   1.2444e-01   3.4969e+01   1.3216e+01   0.0000e+00   1.3348e-06   3.0599e+02
20260903_13:00:00   1.2380e-01   3.4801e+01   1.3127e+01   0.0000e+00   0.0000e+00   3.0528e+02
20260903_14:00:00   1.2443e-01   3.4945e+01   1.3190e+01   0.0000e+00   0.0000e+00   3.0370e+02
20260903_15:00:00   1.2357e-01   3.4790e+01   1.2859e+01   0.0000e+00   0.0000e+00   3.0320e+02
20260903_16:00:00   1.2398e-01   3.4932e+01   1.2897e+01   0.0000e+00   0.0000e+00   3.0414e+02
20260903_17:00:00   1.2447e-01   3.5104e+01   1.2975e+01   0.0000e+00   0.0000e+00   3.0370e+02
20260903_18:00:00   1.2583e-01   3.5508e+01   1.3202e+01   0.0000e+00   0.0000e+00   3.0534e+02
20260903_19:00:00   1.2511e-01   3.5427e+01   1.3055e+01   0.0000e+00   0.0000e+00   3.0851e+02
20260903_20:00:00   1.2612e-01   3.5724e+01   1.3292e+01   0.0000e+00   0.0000e+00   3.1075e+02
20260903_21:00:00   1.2790e-01   3.6220e+01   1.3679e+01   0.0000e+00   0.0000e+00   3.1092e+02
20260903_22:00:00   1.3112e-01   3.7035e+01   1.4330e+01   0.0000e+00   0.0000e+00   3.0647e+02
20260903_23:00:00   1.3253e-01   3.7409e+01   1.4599e+01   0.0000e+00   0.0000e+00   3.0430e+02
20260904_00:00:00   1.3158e-01   3.7213e+01   1.4408e+01   0.0000e+00   0.0000e+00   3.0386e+02
20260904_01:00:00   1.3148e-01   3.7194e+01   1.4213e+01   0.0000e+00   0.0000e+00   3.0395e+02
20260904_02:00:00   1.3259e-01   3.7468e+01   1.4122e+01   0.0000e+00   0.0000e+00   3.0430e+02
20260904_03:00:00   1.3249e-01   3.7426e+01   1.3750e+01   0.0000e+00   0.0000e+00   3.0412e+02
20260904_04:00:00   1.3155e-01   3.7176e+01   1.3296e+01   0.0000e+00   0.0000e+00   3.0431e+02
20260904_05:00:00   1.3035e-01   3.6851e+01   1.2907e+01   0.0000e+00   0.0000e+00   3.0541e+02
20260904_06:00:00   1.2806e-01   3.6252e+01   1.2467e+01   0.0000e+00   0.0000e+00   3.0539e+02
20260904_07:00:00   1.2507e-01   3.5486e+01   1.1951e+01   0.0000e+00   0.0000e+00   3.0608e+02
20260904_08:00:00   1.2306e-01   3.4963e+01   1.1585e+01   0.0000e+00   0.0000e+00   3.0640e+02
20260904_09:00:00   1.2274e-01   3.4835e+01   1.1477e+01   0.0000e+00   0.0000e+00   3.0653e+02
20260904_10:00:00   1.2337e-01   3.4953e+01   1.1513e+01   0.0000e+00   0.0000e+00   3.0796e+02
20260904_11:00:00   1.2308e-01   3.4855e+01   1.1426e+01   0.0000e+00   0.0000e+00   3.0744e+02
20260904_12:00:00   1.2314e-01   3.4845e+01   1.1394e+01   0.0000e+00   0.0000e+00   3.0658e+02
20260904_13:00:00   1.2264e-01   3.4704e+01   1.1294e+01   0.0000e+00   0.0000e+00   3.0715e+02
20260904_14:00:00   1.2237e-01   3.4628e+01   1.1243e+01   0.0000e+00   0.0000e+00   3.0775e+02
20260904_15:00:00   1.2177e-01   3.4505e+01   1.1219e+01   0.0000e+00   0.0000e+00   3.0771e+02
20260904_16:00:00   1.2115e-01   3.4393e+01   1.1242e+01   0.0000e+00   0.0000e+00   3.0502e+02
20260904_17:00:00   1.2068e-01   3.4334e+01   1.1327e+01   0.0000e+00   0.0000e+00   3.0319e+02
20260904_18:00:00   1.1939e-01   3.4056e+01   1.1386e+01   0.0000e+00   0.0000e+00   3.0388e+02
20260904_19:00:00   1.1949e-01   3.4119e+01   1.1636e+01   0.0000e+00   0.0000e+00   3.0390e+02
20260904_20:00:00   1.2135e-01   3.4613e+01   1.2055e+01   0.0000e+00   0.0000e+00   3.0347e+02
20260904_21:00:00   1.2223e-01   3.4863e+01   1.2343e+01   0.0000e+00   0.0000e+00   3.0441e+02
20260904_22:00:00   1.2201e-01   3.4822e+01   1.2444e+01   0.0000e+00   0.0000e+00   3.0568e+02
20260904_23:00:00   1.2192e-01   3.4817e+01   1.2525e+01   0.0000e+00   0.0000e+00   3.0627e+02
20260905_00:00:00   1.2457e-01   3.5494e+01   1.2926e+01   0.0000e+00   0.0000e+00   3.0654e+02
20260905_01:00:00   1.2679e-01   3.6064e+01   1.3192e+01   0.0000e+00   0.0000e+00   3.0746e+02
20260905_02:00:00   1.2655e-01   3.6013e+01   1.3035e+01   0.0000e+00   0.0000e+00   3.0683e+02
20260905_03:00:00   1.2493e-01   3.5617e+01   1.2639e+01   0.0000e+00   0.0000e+00   3.0630e+02
20260905_04:00:00   1.2288e-01   3.5120e+01   1.2195e+01   0.0000e+00   0.0000e+00   3.0646e+02
20260905_05:00:00   1.2014e-01   3.4426e+01   1.1671e+01   0.0000e+00   0.0000e+00   3.0610e+02
20260905_06:00:00   1.1869e-01   3.4038e+01   1.1350e+01   0.0000e+00   0.0000e+00   3.0577e+02
20260905_07:00:00   1.1761e-01   3.3734e+01   1.1070e+01   0.0000e+00   0.0000e+00   3.0780e+02
20260905_08:00:00   1.1508e-01   3.3076e+01   1.0564e+01   0.0000e+00   0.0000e+00   3.0892e+02
20260905_09:00:00   1.1243e-01   3.2372e+01   1.0094e+01   0.0000e+00   0.0000e+00   3.0852e+02
20260905_10:00:00   1.0787e-01   3.1187e+01   9.4566e+00   0.0000e+00   0.0000e+00   3.0774e+02
20260905_11:00:00   1.0304e-01   2.9930e+01   8.7801e+00   0.0000e+00   0.0000e+00   3.0829e+02
20260905_12:00:00   9.8669e-02   2.8789e+01   8.1365e+00   0.0000e+00   0.0000e+00   3.0952e+02
20260905_13:00:00   9.5534e-02   2.7965e+01   7.6408e+00   0.0000e+00   0.0000e+00   3.0871e+02
20260905_14:00:00   9.3932e-02   2.7537e+01   7.3722e+00   0.0000e+00   0.0000e+00   3.0676e+02
20260905_15:00:00   9.3876e-02   2.7552e+01   7.3563e+00   0.0000e+00   0.0000e+00   3.0595e+02
20260905_16:00:00   9.2119e-02   2.7132e+01   7.1810e+00   0.0000e+00   0.0000e+00   3.0563e+02
20260905_17:00:00   8.8396e-02   2.6197e+01   6.7821e+00   0.0000e+00   0.0000e+00   3.0389e+02
20260905_18:00:00   8.7596e-02   2.6007e+01   6.8279e+00   0.0000e+00   0.0000e+00   3.0062e+02
20260905_19:00:00   8.8326e-02   2.6209e+01   7.0997e+00   0.0000e+00   0.0000e+00   2.9765e+02
20260905_20:00:00   8.8473e-02   2.6267e+01   7.2804e+00   0.0000e+00   0.0000e+00   2.9578e+02
20260905_21:00:00   8.9675e-02   2.6598e+01   7.6096e+00   0.0000e+00   0.0000e+00   2.9584e+02
20260905_22:00:00   8.9904e-02   2.6698e+01   7.7698e+00   0.0000e+00   0.0000e+00   2.9591e+02
20260905_23:00:00   8.9936e-02   2.6733e+01   7.8252e+00   0.0000e+00   0.0000e+00   2.9600e+02
20260906_00:00:00   9.0018e-02   2.6770e+01   7.8109e+00   0.0000e+00   0.0000e+00   2.9659e+02
20260906_01:00:00   9.0978e-02   2.7011e+01   7.9412e+00   0.0000e+00   0.0000e+00   2.9656e+02
20260906_02:00:00   9.3418e-02   2.7602e+01   8.2999e+00   0.0000e+00   0.0000e+00   2.9657e+02
20260906_03:00:00   9.5182e-02   2.7996e+01   8.4941e+00   0.0000e+00   0.0000e+00   2.9640e+02
20260906_04:00:00   1.0073e-01   2.9403e+01   9.1760e+00   0.0000e+00   0.0000e+00   2.9644e+02
20260906_05:00:00   1.0249e-01   2.9843e+01   9.2642e+00   0.0000e+00   0.0000e+00   2.9613e+02
20260906_06:00:00   1.0513e-01   3.0506e+01   9.5205e+00   0.0000e+00   0.0000e+00   2.9589e+02
20260906_07:00:00   1.0574e-01   3.0660e+01   9.5116e+00   0.0000e+00   0.0000e+00   2.9489e+02
20260906_08:00:00   1.0652e-01   3.0842e+01   9.5669e+00   0.0000e+00   0.0000e+00   2.9465e+02
20260906_09:00:00   1.0613e-01   3.0719e+01   9.4889e+00   0.0000e+00   0.0000e+00   2.9445e+02
20260906_10:00:00   1.0687e-01   3.0880e+01   9.6199e+00   0.0000e+00   0.0000e+00   2.9187e+02
20260906_11:00:00   1.0859e-01   3.1284e+01   9.8907e+00   0.0000e+00   0.0000e+00   2.8970e+02
20260906_12:00:00   1.0983e-01   3.1573e+01   1.0077e+01   0.0000e+00   0.0000e+00   2.8823e+02
20260906_13:00:00   1.1029e-01   3.1670e+01   1.0125e+01   0.0000e+00   0.0000e+00   2.8737e+02
20260906_14:00:00   1.0997e-01   3.1577e+01   1.0044e+01   0.0000e+00   0.0000e+00   2.8609e+02
20260906_15:00:00   1.1040e-01   3.1707e+01   1.0086e+01   0.0000e+00   0.0000e+00   2.8518e+02
20260906_16:00:00   1.0992e-01   3.1633e+01   1.0091e+01   0.0000e+00   0.0000e+00   2.8513e+02
20260906_17:00:00   1.0709e-01   3.0967e+01   9.8420e+00   0.0000e+00   0.0000e+00   2.8542e+02
20260906_18:00:00   1.0518e-01   3.0509e+01   9.7769e+00   0.0000e+00   0.0000e+00   2.8533e+02
20260906_21:00:00   1.0915e-01   3.1597e+01   1.0909e+01   0.0000e+00   0.0000e+00   2.8372e+02
20260907_00:00:00   1.3152e-01   3.7390e+01   1.4259e+01   0.0000e+00   0.0000e+00   2.8640e+02
20260907_03:00:00   1.6532e-01   4.5754e+01   1.7294e+01   0.0000e+00   0.0000e+00   2.8756e+02
20260907_06:00:00   1.6429e-01   4.5356e+01   1.6687e+01   0.0000e+00   0.0000e+00   2.8951e+02
20260907_09:00:00   1.7937e-01   4.8923e+01   1.7915e+01   0.0000e+00   0.0000e+00   2.8753e+02
20260907_12:00:00   1.8890e-01   5.1061e+01   1.9009e+01   3.6240e-04   1.2958e-07   2.8535e+02
20260907_15:00:00   2.2253e-01   5.8655e+01   2.2928e+01   1.6082e-03   0.0000e+00   2.8680e+02
20260907_18:00:00   2.1593e-01   5.7508e+01   2.2730e+01   1.4972e-03   0.0000e+00   2.8415e+02
20260907_21:00:00   1.3537e-01   3.8414e+01   1.4502e+01   0.0000e+00   0.0000e+00   2.8347e+02
20260908_00:00:00   9.9874e-02   2.9438e+01   9.3565e+00   0.0000e+00   0.0000e+00   2.8468e+02
20260908_03:00:00   1.0203e-01   2.9887e+01   9.4177e+00   0.0000e+00   5.9379e-05   2.8366e+02
20260908_06:00:00   1.0310e-01   3.0021e+01   9.4357e+00   0.0000e+00   3.8864e-04   2.8637e+02
20260908_09:00:00   1.0223e-01   2.9744e+01   9.1724e+00   0.0000e+00   4.8498e-05   2.8628e+02
20260908_12:00:00   1.0717e-01   3.0898e+01   9.7533e+00   0.0000e+00   4.2936e-02   2.8671e+02
20260908_15:00:00   1.0924e-01   3.1384e+01   1.0030e+01   0.0000e+00   3.1565e-02   2.8867e+02
20260908_18:00:00   1.1285e-01   3.2300e+01   1.0930e+01   0.0000e+00   2.5899e-01   2.9137e+02
20260908_21:00:00   1.1698e-01   3.3305e+01   1.2168e+01   0.0000e+00   3.6407e-01   2.8875e+02
20260909_00:00:00   1.4002e-01   3.8763e+01   1.6662e+01   5.1070e-05   5.7465e-02   2.8638e+02
20260909_03:00:00   1.6670e-01   4.5180e+01   2.0245e+01   8.1800e-06   2.2176e-03   2.8647e+02
20260909_06:00:00   1.8175e-01   4.8909e+01   2.1314e+01   0.0000e+00   2.0794e-03   2.8342e+02
20260909_09:00:00   2.0864e-01   5.5031e+01   2.4508e+01   3.1862e-04   1.5802e-05   2.8402e+02
20260909_12:00:00   2.0270e-01   5.3702e+01   2.3700e+01   1.9954e-04   0.0000e+00   2.8349e+02
20260909_15:00:00   2.1323e-01   5.6122e+01   2.4876e+01   6.8455e-05   2.6482e-06   2.8320e+02
20260909_18:00:00   2.3104e-01   6.0437e+01   2.6393e+01   7.4217e-03   1.2391e-04   2.8378e+02
20260909_21:00:00   2.7665e-01   7.0545e+01   2.8262e+01   4.4342e-02   6.5858e-05   2.8182e+02
20260910_00:00:00   3.0321e-01   7.5959e+01   2.9140e+01   7.2777e-02   4.6255e-04   2.8149e+02
20260910_03:00:00   2.4629e-01   6.4147e+01   2.9099e+01   1.0127e-04   1.1451e-04   2.8117e+02
20260910_06:00:00   2.4512e-01   6.3794e+01   2.9066e+01   0.0000e+00   1.3742e-04   2.8451e+02
20260910_09:00:00   2.3915e-01   6.2186e+01   2.8391e+01   0.0000e+00   4.8100e-04   2.8075e+02
20260910_12:00:00   2.3857e-01   6.1710e+01   2.8306e+01   4.1920e-05   5.6308e-04   2.7968e+02
20260910_15:00:00   2.2131e-01   5.8077e+01   2.5481e+01   1.6360e-04   8.1800e-07   2.7893e+02
20260910_18:00:00   2.0736e-01   5.5202e+01   2.4291e+01   0.0000e+00   5.4362e-06   2.7881e+02
20260910_21:00:00   2.0506e-01   5.4898e+01   2.4010e+01   3.7040e-03   1.8380e-04   2.7762e+02
20260911_00:00:00   2.6160e-01   6.6581e+01   2.3283e+01   7.7671e-02   2.9937e-02   2.7773e+02
20260911_03:00:00   2.0944e-01   5.5743e+01   2.3786e+01   2.0518e-03   6.2061e-05   2.8061e+02
20260911_06:00:00   2.3155e-01   6.0496e+01   2.5218e+01   1.4830e-03   4.7180e-05   2.8137e+02
20260911_09:00:00   2.1521e-01   5.6793e+01   2.2727e+01   0.0000e+00   0.0000e+00   2.8432e+02
20260911_12:00:00   2.1254e-01   5.5936e+01   2.2557e+01   6.1700e-05   2.4762e-04   2.8803e+02
20260911_15:00:00   2.1425e-01   5.6047e+01   2.2733e+01   4.2300e-03   7.2379e-02   2.9602e+02
20260911_18:00:00   1.8665e-01   5.0233e+01   1.9753e+01   2.0440e-06   3.3861e-05   3.0321e+02
20260911_21:00:00   3.9323e-01   9.1299e+01   2.4171e+01   2.0276e-01   6.2195e-01   3.1071e+02
20260912_00:00:00   2.2028e-01   5.7548e+01   2.4173e+01   2.2556e-03   1.2510e-02   3.1252e+02
20260912_03:00:00   2.0899e-01   5.5200e+01   2.3185e+01   5.5220e-05   6.2979e-05   3.0955e+02
20260912_06:00:00   1.9842e-01   5.2934e+01   2.1760e+01   0.0000e+00   0.0000e+00   3.0610e+02
20260912_09:00:00   1.9552e-01   5.2239e+01   2.1403e+01   0.0000e+00   0.0000e+00   2.9769e+02
20260912_12:00:00   1.9149e-01   5.1334e+01   2.0753e+01   0.0000e+00   0.0000e+00   2.9618e+02
20260912_15:00:00   1.8732e-01   5.0445e+01   2.0095e+01   0.0000e+00   0.0000e+00   2.9408e+02
20260912_18:00:00   1.7783e-01   4.8479e+01   1.9365e+01   0.0000e+00   0.0000e+00   2.9452e+02
20260912_21:00:00   1.7397e-01   4.7646e+01   1.9497e+01   8.3739e-04   5.8837e-05   2.9294e+02
20260913_00:00:00   1.8427e-01   5.0106e+01   2.1188e+01   1.3680e-03   4.3882e-04   2.9293e+02
20260913_03:00:00   1.7946e-01   4.9048e+01   2.0462e+01   0.0000e+00   0.0000e+00   2.9056e+02
20260913_06:00:00   1.6625e-01   4.5777e+01   1.8457e+01   0.0000e+00   0.0000e+00   2.8911e+02
20260913_09:00:00   1.5625e-01   4.3304e+01   1.7134e+01   0.0000e+00   0.0000e+00   2.8369e+02
20260913_12:00:00   1.5214e-01   4.2281e+01   1.6557e+01   0.0000e+00   0.0000e+00   2.8247e+02
20260913_15:00:00   1.5029e-01   4.1830e+01   1.6241e+01   0.0000e+00   0.0000e+00   2.8506e+02
20260913_18:00:00   1.4390e-01   4.0422e+01   1.5642e+01   0.0000e+00   0.0000e+00   2.8497e+02
20260913_21:00:00   1.4286e-01   4.0281e+01   1.5845e+01   0.0000e+00   1.6360e-06   2.8455e+02
20260914_00:00:00   1.4682e-01   4.1256e+01   1.6760e+01   7.5660e-05   3.5320e-06   2.8377e+02
20260914_03:00:00   1.4431e-01   4.0590e+01   1.6301e+01   0.0000e+00   0.0000e+00   2.8521e+02
20260914_06:00:00   1.4178e-01   3.9970e+01   1.5598e+01   0.0000e+00   0.0000e+00   2.8565e+02
20260914_09:00:00   1.5295e-01   4.2654e+01   1.7017e+01   0.0000e+00   0.0000e+00   2.8488e+02
20260914_12:00:00   1.6306e-01   4.5052e+01   1.8167e+01   0.0000e+00   0.0000e+00   2.8277e+02
20260914_15:00:00   1.7423e-01   4.7754e+01   1.9362e+01   0.0000e+00   0.0000e+00   2.8527e+02
20260914_18:00:00   1.9023e-01   5.1774e+01   2.1541e+01   0.0000e+00   0.0000e+00   2.8853e+02
20260914_21:00:00   1.9099e-01   5.2064e+01   2.2142e+01   1.0970e-04   7.2800e-06   2.8685e+02
20260915_00:00:00   1.9522e-01   5.3011e+01   2.2151e+01   7.9399e-03   1.5469e-04   2.8651e+02
20260915_03:00:00   1.9315e-01   5.2578e+01   2.2629e+01   1.1338e-06   0.0000e+00   2.8483e+02
20260915_06:00:00   2.0582e-01   5.5466e+01   2.3490e+01   0.0000e+00   0.0000e+00   2.8512e+02
20260915_09:00:00   2.1478e-01   5.7426e+01   2.4491e+01   0.0000e+00   0.0000e+00   2.8522e+02
20260915_12:00:00   2.1742e-01   5.7924e+01   2.4823e+01   0.0000e+00   7.4832e-04   2.8854e+02
20260915_15:00:00   2.2023e-01   5.8552e+01   2.5016e+01   0.0000e+00   4.0800e-03   2.8966e+02
20260915_18:00:00   2.0119e-01   5.4336e+01   2.3205e+01   0.0000e+00   4.9387e-03   2.9081e+02
20260915_21:00:00   1.9559e-01   5.2999e+01   2.2679e+01   4.5033e-03   2.5799e-03   2.8767e+02
20260916_00:00:00   2.2444e-01   5.9635e+01   2.6016e+01   6.9286e-03   1.5003e-02   2.8731e+02
20260916_03:00:00   2.3381e-01   6.1724e+01   2.7602e+01   0.0000e+00   3.3510e-02   2.8853e+02
20260916_06:00:00   2.4862e-01   6.4669e+01   2.9972e+01   0.0000e+00   7.5941e-02   2.8858e+02
20260916_09:00:00   2.6627e-01   6.8325e+01   3.1985e+01   1.9561e-04   4.4593e-02   2.8890e+02
20260916_12:00:00   3.3419e-01   8.2058e+01   3.2699e+01   6.1521e-02   4.9375e-03   2.8934e+02
20260916_15:00:00   2.6773e-01   6.8797e+01   3.0908e+01   2.6415e-05   0.0000e+00   2.9073e+02
20260916_18:00:00   2.5186e-01   6.5817e+01   2.8612e+01   1.2254e-04   0.0000e+00   2.8830e+02
20260916_21:00:00   2.3128e-01   6.1351e+01   2.6881e+01   2.9442e-03   3.7856e-05   2.8792e+02
20260917_00:00:00   2.2783e-01   6.0503e+01   2.6376e+01   6.7581e-03   2.4884e-04   2.8696e+02
20260917_03:00:00   2.1278e-01   5.7059e+01   2.4921e+01   1.1108e-04   0.0000e+00   2.8879e+02
20260917_06:00:00   1.8204e-01   4.9769e+01   2.0815e+01   0.0000e+00   0.0000e+00   2.8661e+02
20260917_09:00:00   1.6654e-01   4.6048e+01   1.8592e+01   0.0000e+00   0.0000e+00   2.8696e+02
20260917_12:00:00   1.6155e-01   4.4764e+01   1.7931e+01   0.0000e+00   0.0000e+00   2.8614e+02
20260917_15:00:00   1.5878e-01   4.4077e+01   1.7420e+01   0.0000e+00   0.0000e+00   2.8692e+02
20260917_18:00:00   1.4997e-01   4.2111e+01   1.6587e+01   0.0000e+00   0.0000e+00   2.8646e+02
