#            date       tau255        Tb[K]      pwv[mm] lwp[kg*m^-2] iwp[kg*m^-2]       o3[DU]
20260917_18:00:00   8.5617e-02   2.5221e+01   6.7356e+00   0.0000e+00   0.0000e+00   3.1636e+02
20260917_19:00:00   8.8546e-02   2.6009e+01   7.3095e+00   0.0000e+00   0.0000e+00   3.1234e+02
20260917_20:00:00   9.2850e-02   2.7150e+01   8.0768e+00   0.0000e+00   0.0000e+00   3.0924e+02
20260917_21:00:00   9.8335e-02   2.8572e+01   9.0231e+00   0.0000e+00   0.0000e+00   3.0745e+02
20260917_22:00:00   1.0529e-01   3.0369e+01   1.0163e+01   0.0000e+00   0.0000e+00   3.0637e+02
20260917_23:00:00   1.1091e-01   3.1829e+01   1.1053e+01   0.0000e+00   0.0000e+00   3.0584e+02
20260918_00:00:00   1.1191e-01   3.2107e+01   1.1191e+01   0.0000e+00   0.0000e+00   3.0726e+02
20260918_01:00:00   1.1152e-01   3.2031e+01   1.1078e+01   0.0000e+00   0.0000e+00   3.0886e+02
20260918_02:00:00   1.1236e-01   3.2221e+01   1.1033e+01   0.0000e+00   0.0000e+00   3.1175e+02
20260918_03:00:00   1.1388e-01   3.2573e+01   1.1054e+01   0.0000e+00   0.0000e+00   3.1250e+02
20260918_04:00:00   1.1194e-01   3.2076e+01   1.0587e+01   0.0000e+00   0.0000e+00   3.1216e+02
20260918_05:00:00   1.0697e-01   3.0789e+01   9.8078e+00   0.0000e+00   0.0000e+00   3.1156e+02
20260918_06:00:00   1.0209e-01   2.9537e+01   9.0418e+00   0.0000e+00   0.0000e+00   3.1190e+02
20260918_07:00:00   9.8641e-02   2.8639e+01   8.4838e+00   0.0000e+00   0.0000e+00   3.1103e+02
20260918_08:00:00   9.6968e-02   2.8164e+01   8.2336e+00   0.0000e+00   0.0000e+00   3.1032e+02
20260918_09:00:00   9.8510e-02   2.8482e+01   8.4498e+00   0.0000e+00   0.0000e+00   3.0939e+02
20260918_10:00:00   1.0241e-01   2.9411e+01   8.9094e+00   0.0000e+00   0.0000e+00   3.0877e+02
20260918_11:00:00   1.0396e-01   2.9778e+01   9.0577e+00   0.0000e+00   0.0000e+00   3.0866e+02
20260918_12:00:00   1.0294e-01   2.9522e+01   8.7651e+00   0.0000e+00   0.0000e+00   3.0867e+02
20260918_13:00:00   9.9225e-02   2.8615e+01   8.0360e+00   0.0000e+00   0.0000e+00   3.1016e+02
20260918_14:00:00   9.7295e-02   2.8130e+01   7.6975e+00   0.0000e+00   0.0000e+00   3.1015e+02
20260918_15:00:00   9.7227e-02   2.8132e+01   7.6835e+00   0.0000e+00   0.0000e+00   3.1093e+02
20260918_16:00:00   9.7232e-02   2.8186e+01   7.7735e+00   0.0000e+00   0.0000e+00   3.1000e+02
20260918_17:00:00   9.7489e-02   2.8300e+01   7.9218e+00   0.0000e+00   0.0000e+00   3.0867e+02
20260918_18:00:00   9.4232e-02   2.7496e+01   7.6119e+00   0.0000e+00   0.0000e+00   3.0623e+02
20260918_19:00:00   9.0667e-02   2.6605e+01   7.2665e+00   0.0000e+00   0.0000e+00   3.0519e+02
20260918_20:00:00   8.9590e-02   2.6343e+01   7.2549e+00   0.0000e+00   0.0000e+00   3.0579e+02
20260918_21:00:00   8.9627e-02   2.6369e+01   7.3820e+00   0.0000e+00   0.0000e+00   3.0611e+02
20260918_22:00:00   8.9902e-02   2.6452e+01   7.5077e+00   0.0000e+00   0.0000e+00   3.0199e+02
20260918_23:00:00   8.9736e-02   2.6420e+01   7.5347e+00   0.0000e+00   0.0000e+00   2.9933e+02
20260919_00:00:00   8.9926e-02   2.6478e+01   7.5873e+00   0.0000e+00   0.0000e+00   2.9865e+02
20260919_01:00:00   9.0176e-02   2.6563e+01   7.5981e+00   0.0000e+00   0.0000e+00   2.9724e+02
20260919_02:00:00   9.2208e-02   2.7106e+01   7.8537e+00   0.0000e+00   0.0000e+00   2.9514e+02
20260919_03:00:00   9.5040e-02   2.7841e+01   8.1599e+00   0.0000e+00   0.0000e+00   2.9390e+02
20260919_04:00:00   9.7327e-02   2.8432e+01   8.3616e+00   0.0000e+00   0.0000e+00   2.9430e+02
20260919_05:00:00   9.9548e-02   2.8984e+01   8.5495e+00   0.0000e+00   0.0000e+00   2.9424e+02
20260919_06:00:00   1.0155e-01   2.9475e+01   8.7017e+00   0.0000e+00   0.0000e+00   2.9340e+02
20260919_07:00:00   1.0312e-01   2.9854e+01   8.8354e+00   0.0000e+00   0.0000e+00   2.9343e+02
20260919_08:00:00   1.0519e-01   3.0367e+01   9.0257e+00   0.0000e+00   0.0000e+00   2.9217e+02
20260919_09:00:00   1.0761e-01   3.0971e+01   9.2590e+00   0.0000e+00   0.0000e+00   2.8846e+02
20260919_10:00:00   1.1045e-01   3.1671e+01   9.5705e+00   0.0000e+00   0.0000e+00   2.8660e+02
20260919_11:00:00   1.1269e-01   3.2218e+01   9.8159e+00   0.0000e+00   0.0000e+00   2.8623e+02
20260919_12:00:00   1.1370e-01   3.2462e+01   9.9144e+00   0.0000e+00   0.0000e+00   2.8525e+02
20260919_13:00:00   1.1326e-01   3.2349e+01   9.8352e+00   0.0000e+00   0.0000e+00   2.8510e+02
20260919_14:00:00   1.1251e-01   3.2157e+01   9.7130e+00   0.0000e+00   0.0000e+00   2.8537e+02
20260919_15:00:00   1.1214e-01   3.2092e+01   9.6956e+00   0.0000e+00   0.0000e+00   2.8567e+02
20260919_16:00:00   1.1093e-01   3.1845e+01   9.6295e+00   0.0000e+00   0.0000e+00   2.8741e+02
20260919_17:00:00   1.0850e-01   3.1290e+01   9.4309e+00   0.0000e+00   0.0000e+00   2.8832e+02
20260919_18:00:00   1.0464e-01   3.0362e+01   9.0647e+00   0.0000e+00   0.0000e+00   2.8805e+02
20260919_19:00:00   1.0233e-01   2.9813e+01   8.9198e+00   0.0000e+00   0.0000e+00   2.8697e+02
20260919_20:00:00   1.0093e-01   2.9486e+01   8.9208e+00   0.0000e+00   0.0000e+00   2.8591e+02
20260919_21:00:00   1.0184e-01   2.9730e+01   9.2738e+00   0.0000e+00   0.0000e+00   2.8398e+02
20260919_22:00:00   1.0392e-01   3.0265e+01   9.7733e+00   0.0000e+00   0.0000e+00   2.8312e+02
20260919_23:00:00   1.0628e-01   3.0861e+01   1.0282e+01   0.0000e+00   0.0000e+00   2.8143e+02
20260920_00:00:00   1.0867e-01   3.1461e+01   1.0698e+01   0.0000e+00   0.0000e+00   2.8120e+02
20260920_01:00:00   1.1025e-01   3.1853e+01   1.0907e+01   0.0000e+00   0.0000e+00   2.8086e+02
20260920_02:00:00   1.1125e-01   3.2055e+01   1.0966e+01   0.0000e+00   0.0000e+00   2.8005e+02
20260920_03:00:00   1.1113e-01   3.1999e+01   1.0901e+01   0.0000e+00   0.0000e+00   2.7764e+02
20260920_04:00:00   1.1032e-01   3.1778e+01   1.0726e+01   0.0000e+00   0.0000e+00   2.7706e+02
20260920_05:00:00   1.0918e-01   3.1466e+01   1.0512e+01   0.0000e+00   2.3680e-06   2.7864e+02
20260920_06:00:00   1.0847e-01   3.1273e+01   1.0390e+01   0.0000e+00   3.0400e-05   2.7855e+02
20260920_07:00:00   1.0788e-01   3.1106e+01   1.0284e+01   0.0000e+00   2.5442e-05   2.7863e+02
20260920_08:00:00   1.0721e-01   3.0920e+01   1.0170e+01   0.0000e+00   5.3809e-05   2.7987e+02
20260920_09:00:00   1.0694e-01   3.0830e+01   1.0098e+01   0.0000e+00   3.1882e-04   2.8167e+02
20260920_10:00:00   1.0569e-01   3.0510e+01   9.8533e+00   0.0000e+00   1.9085e-03   2.8380e+02
20260920_11:00:00   1.0488e-01   3.0281e+01   9.7189e+00   0.0000e+00   2.2163e-03   2.8381e+02
20260920_12:00:00   1.0421e-01   3.0090e+01   9.6146e+00   0.0000e+00   5.0377e-03   2.8553e+02
20260920_13:00:00   1.0303e-01   2.9786e+01   9.3605e+00   0.0000e+00   1.0306e-02   2.8730e+02
20260920_14:00:00   1.0298e-01   2.9739e+01   9.3432e+00   0.0000e+00   4.0652e-02   2.8656e+02
20260920_15:00:00   1.0305e-01   2.9741e+01   9.3619e+00   0.0000e+00   8.8160e-03   2.8629e+02
20260920_16:00:00   1.0239e-01   2.9591e+01   9.2965e+00   0.0000e+00   5.8702e-03   2.8665e+02
20260920_17:00:00   1.0213e-01   2.9521e+01   9.3932e+00   0.0000e+00   7.3531e-03   2.8686e+02
20260920_18:00:00   1.0291e-01   2.9676e+01   9.7661e+00   0.0000e+00   2.6803e-02   2.8421e+02
20260920_19:00:00   1.0245e-01   2.9467e+01   9.9079e+00   0.0000e+00   1.2772e-01   2.8304e+02
20260920_20:00:00   1.0197e-01   2.9281e+01   9.9689e+00   0.0000e+00   1.5065e-01   2.8560e+02
20260920_21:00:00   1.0590e-01   3.0195e+01   1.0726e+01   0.0000e+00   1.7654e-01   2.8532e+02
20260920_22:00:00   1.1164e-01   3.1584e+01   1.1627e+01   0.0000e+00   3.0054e-01   2.8674e+02
20260920_23:00:00   1.2200e-01   3.4074e+01   1.3158e+01   0.0000e+00   2.8359e-01   2.9083e+02
20260921_00:00:00   1.2501e-01   3.4822e+01   1.3437e+01   0.0000e+00   2.5227e-01   2.9452e+02
20260921_01:00:00   1.2355e-01   3.4473e+01   1.3199e+01   0.0000e+00   1.9534e-01   2.9460e+02
20260921_02:00:00   1.1941e-01   3.3529e+01   1.2493e+01   0.0000e+00   3.8609e-02   2.9642e+02
20260921_03:00:00   1.1763e-01   3.3146e+01   1.2034e+01   0.0000e+00   6.7420e-06   2.9704e+02
20260921_04:00:00   1.1832e-01   3.3310e+01   1.2028e+01   0.0000e+00   3.2400e-07   2.9729e+02
20260921_05:00:00   1.1808e-01   3.3244e+01   1.1960e+01   0.0000e+00   0.0000e+00   2.9666e+02
20260921_06:00:00   1.1644e-01   3.2841e+01   1.1690e+01   0.0000e+00   0.0000e+00   2.9729e+02
20260921_07:00:00   1.1608e-01   3.2734e+01   1.1614e+01   0.0000e+00   0.0000e+00   2.9844e+02
20260921_08:00:00   1.1646e-01   3.2802e+01   1.1673e+01   0.0000e+00   0.0000e+00   2.9918e+02
20260921_09:00:00   1.1452e-01   3.2314e+01   1.1385e+01   0.0000e+00   3.3959e-05   3.0038e+02
20260921_10:00:00   1.1130e-01   3.1528e+01   1.0889e+01   0.0000e+00   2.4439e-04   3.0003e+02
20260921_11:00:00   1.1092e-01   3.1415e+01   1.0795e+01   0.0000e+00   2.5875e-04   3.0241e+02
20260921_12:00:00   1.1304e-01   3.1905e+01   1.1066e+01   0.0000e+00   6.4302e-04   3.0233e+02
20260921_13:00:00   1.1562e-01   3.2517e+01   1.1392e+01   0.0000e+00   2.3956e-04   2.9957e+02
20260921_14:00:00   1.1718e-01   3.2887e+01   1.1577e+01   0.0000e+00   1.2288e-04   2.9938e+02
20260921_15:00:00   1.1876e-01   3.3287e+01   1.1771e+01   0.0000e+00   1.2922e-04   2.9747e+02
20260921_16:00:00   1.2021e-01   3.3671e+01   1.1983e+01   0.0000e+00   7.1580e-06   2.9618e+02
20260921_17:00:00   1.2316e-01   3.4391e+01   1.2440e+01   0.0000e+00   1.6852e-04   2.9538e+02
20260921_18:00:00   1.2353e-01   3.4526e+01   1.2587e+01   0.0000e+00   8.5995e-04   2.9507e+02
20260921_19:00:00   1.2375e-01   3.4640e+01   1.2706e+01   4.0694e-06   2.5430e-04   2.9668e+02
20260921_20:00:00   1.2379e-01   3.4706e+01   1.2797e+01   7.5680e-05   4.2473e-04   2.9908e+02
20260921_21:00:00   1.2349e-01   3.4681e+01   1.2824e+01   3.2580e-05   8.7750e-04   2.9954e+02
20260921_22:00:00   1.2433e-01   3.4904e+01   1.3000e+01   6.8661e-05   2.0508e-03   2.9742e+02
20260921_23:00:00   1.2474e-01   3.5008e+01   1.3088e+01   2.4559e-05   6.7676e-03   2.9668e+02
20260922_00:00:00   1.2483e-01   3.5032e+01   1.3125e+01   3.7260e-06   6.4575e-03   2.9381e+02
20260922_01:00:00   1.3021e-01   3.6278e+01   1.3946e+01   0.0000e+00   1.4809e-02   2.8991e+02
20260922_02:00:00   1.3591e-01   3.7620e+01   1.4761e+01   0.0000e+00   2.4149e-02   2.8857e+02
20260922_03:00:00   1.4526e-01   3.9894e+01   1.5955e+01   2.0440e-06   1.7307e-02   2.8794e+02
20260922_04:00:00   1.4746e-01   4.0516e+01   1.6087e+01   0.0000e+00   9.6473e-04   2.8953e+02
20260922_05:00:00   1.4818e-01   4.0716e+01   1.6041e+01   0.0000e+00   1.2796e-04   2.9024e+02
20260922_06:00:00   1.4968e-01   4.1047e+01   1.6177e+01   0.0000e+00   0.0000e+00   2.8974e+02
20260922_07:00:00   1.4661e-01   4.0323e+01   1.5727e+01   0.0000e+00   0.0000e+00   2.8829e+02
20260922_08:00:00   1.4413e-01   3.9723e+01   1.5418e+01   0.0000e+00   0.0000e+00   2.8767e+02
20260922_09:00:00   1.4210e-01   3.9240e+01   1.5089e+01   0.0000e+00   0.0000e+00   2.8855e+02
20260922_10:00:00   1.3928e-01   3.8559e+01   1.4640e+01   0.0000e+00   0.0000e+00   2.8921e+02
20260922_11:00:00   1.3617e-01   3.7792e+01   1.4168e+01   0.0000e+00   0.0000e+00   2.8930e+02
20260922_12:00:00   1.3373e-01   3.7196e+01   1.3795e+01   0.0000e+00   0.0000e+00   2.9011e+02
20260922_13:00:00   1.3274e-01   3.6947e+01   1.3626e+01   0.0000e+00   0.0000e+00   2.9127e+02
20260922_14:00:00   1.3192e-01   3.6746e+01   1.3457e+01   0.0000e+00   0.0000e+00   2.9056e+02
20260922_15:00:00   1.3180e-01   3.6747e+01   1.3392e+01   0.0000e+00   0.0000e+00   2.8872e+02
20260922_16:00:00   1.2974e-01   3.6320e+01   1.3136e+01   0.0000e+00   0.0000e+00   2.8960e+02
20260922_17:00:00   1.2663e-01   3.5627e+01   1.2753e+01   0.0000e+00   0.0000e+00   2.8898e+02
20260922_18:00:00   1.2420e-01   3.5074e+01   1.2491e+01   0.0000e+00   0.0000e+00   2.8779e+02
20260922_21:00:00   1.1747e-01   3.3479e+01   1.1876e+01   0.0000e+00   6.4780e-08   2.8673e+02
20260923_00:00:00   1.1179e-01   3.2134e+01   1.1257e+01   0.0000e+00   0.0000e+00   2.8668e+02
20260923_03:00:00   1.1464e-01   3.2808e+01   1.1654e+01   0.0000e+00   0.0000e+00   2.8459e+02
20260923_06:00:00   1.1553e-01   3.3029e+01   1.1536e+01   0.0000e+00   0.0000e+00   2.8301e+02
20260923_09:00:00   1.1356e-01   3.2535e+01   1.1148e+01   0.0000e+00   0.0000e+00   2.8035e+02
20260923_12:00:00   1.1508e-01   3.2860e+01   1.1292e+01   0.0000e+00   0.0000e+00   2.8111e+02
20260923_15:00:00   1.1744e-01   3.3436e+01   1.1557e+01   0.0000e+00   1.5006e-05   2.8197e+02
20260923_18:00:00   1.1990e-01   3.4234e+01   1.2021e+01   0.0000e+00   0.0000e+00   2.8269e+02
20260923_21:00:00   1.1780e-01   3.3808e+01   1.2062e+01   0.0000e+00   0.0000e+00   2.8167e+02
20260924_00:00:00   1.1313e-01   3.2613e+01   1.1557e+01   0.0000e+00   0.0000e+00   2.8170e+02
20260924_03:00:00   1.1243e-01   3.2345e+01   1.1275e+01   0.0000e+00   0.0000e+00   2.8056e+02
20260924_06:00:00   1.1392e-01   3.2707e+01   1.1193e+01   0.0000e+00   0.0000e+00   2.8192e+02
20260924_09:00:00   1.1711e-01   3.3502e+01   1.1497e+01   0.0000e+00   0.0000e+00   2.8192e+02
20260924_12:00:00   1.2032e-01   3.4243e+01   1.1955e+01   0.0000e+00   0.0000e+00   2.8041e+02
20260924_15:00:00   1.2222e-01   3.4699e+01   1.2097e+01   0.0000e+00   0.0000e+00   2.8129e+02
20260924_18:00:00   1.2595e-01   3.5751e+01   1.2814e+01   0.0000e+00   0.0000e+00   2.8206e+02
20260924_21:00:00   1.2250e-01   3.4919e+01   1.2701e+01   1.1239e-04   5.3650e-04   2.8008e+02
20260925_00:00:00   1.3833e-01   3.8651e+01   1.4935e+01   2.2538e-03   1.5532e-02   2.7905e+02
20260925_03:00:00   1.3295e-01   3.7235e+01   1.4420e+01   0.0000e+00   6.0660e-05   2.8112e+02
20260925_06:00:00   1.3495e-01   3.7799e+01   1.4356e+01   0.0000e+00   1.9222e-05   2.8143e+02
20260925_09:00:00   1.4109e-01   3.9156e+01   1.5096e+01   0.0000e+00   3.4595e-03   2.8147e+02
20260925_12:00:00   1.5690e-01   4.2849e+01   1.6956e+01   8.0980e-07   2.1865e-04   2.8298e+02
20260925_15:00:00   1.5175e-01   4.1758e+01   1.5868e+01   0.0000e+00   2.1801e-04   2.8433e+02
20260925_18:00:00   1.6533e-01   4.5302e+01   1.7868e+01   0.0000e+00   3.9641e-03   2.8439e+02
20260925_21:00:00   1.8033e-01   4.8590e+01   2.0366e+01   4.1338e-03   4.9958e-02   2.8069e+02
20260926_00:00:00   1.8483e-01   4.9714e+01   2.0937e+01   3.2123e-03   3.1484e-02   2.8101e+02
20260926_03:00:00   1.7674e-01   4.7763e+01   1.9876e+01   1.1860e-04   1.3043e-02   2.8425e+02
20260926_06:00:00   1.6497e-01   4.5028e+01   1.7914e+01   0.0000e+00   0.0000e+00   2.8826e+02
20260926_09:00:00   1.5136e-01   4.1828e+01   1.5733e+01   0.0000e+00   0.0000e+00   2.8270e+02
20260926_12:00:00   1.3358e-01   3.7511e+01   1.3177e+01   0.0000e+00   0.0000e+00   2.8152e+02
20260926_15:00:00   1.3451e-01   3.7716e+01   1.3237e+01   0.0000e+00   0.0000e+00   2.7879e+02
20260926_18:00:00   1.1624e-01   3.3294e+01   1.1219e+01   0.0000e+00   0.0000e+00   2.8158e+02
20260926_21:00:00   1.0785e-01   3.1083e+01   1.0838e+01   0.0000e+00   0.0000e+00   2.8246e+02
20260927_00:00:00   9.9683e-02   2.8968e+01   9.7756e+00   0.0000e+00   2.5300e-06   2.8394e+02
20260927_03:00:00   9.2155e-02   2.6999e+01   8.2125e+00   0.0000e+00   0.0000e+00   2.8233e+02
20260927_06:00:00   9.0272e-02   2.6567e+01   7.6175e+00   0.0000e+00   2.0940e-05   2.8561e+02
20260927_09:00:00   8.8760e-02   2.6129e+01   7.3872e+00   0.0000e+00   0.0000e+00   2.8878e+02
20260927_12:00:00   8.3459e-02   2.4751e+01   6.3502e+00   0.0000e+00   0.0000e+00   2.8955e+02
20260927_15:00:00   8.0254e-02   2.3924e+01   5.6786e+00   0.0000e+00   0.0000e+00   2.8741e+02
20260927_18:00:00   8.1728e-02   2.4397e+01   6.1355e+00   0.0000e+00   0.0000e+00   2.8735e+02
20260927_21:00:00   7.9483e-02   2.3884e+01   6.0933e+00   0.0000e+00   0.0000e+00   2.8578e+02
20260928_00:00:00   8.1637e-02   2.4472e+01   6.4869e+00   0.0000e+00   0.0000e+00   2.8409e+02
20260928_03:00:00   8.5669e-02   2.5499e+01   6.8637e+00   0.0000e+00   0.0000e+00   2.8280e+02
20260928_06:00:00   8.0750e-02   2.4164e+01   5.9851e+00   0.0000e+00   0.0000e+00   2.8024e+02
20260928_09:00:00   7.8369e-02   2.3451e+01   5.6898e+00   0.0000e+00   0.0000e+00   2.7874e+02
20260928_12:00:00   7.2966e-02   2.2005e+01   4.7213e+00   0.0000e+00   0.0000e+00   2.8033e+02
20260928_15:00:00   7.2012e-02   2.1701e+01   4.6414e+00   0.0000e+00   0.0000e+00   2.8020e+02
20260928_18:00:00   7.1801e-02   2.1717e+01   4.7418e+00   0.0000e+00   0.0000e+00   2.7840e+02
20260928_21:00:00   7.7257e-02   2.3222e+01   5.9220e+00   0.0000e+00   0.0000e+00   2.7499e+02
20260929_00:00:00   9.2201e-02   2.6973e+01   8.9404e+00   0.0000e+00   3.5666e-03   2.7146e+02
20260929_03:00:00   1.1539e-01   3.2623e+01   1.2554e+01   0.0000e+00   2.3212e-04   2.6848e+02
20260929_06:00:00   1.4050e-01   3.8714e+01   1.6227e+01   0.0000e+00   1.0995e-02   2.6788e+02
20260929_09:00:00   1.4371e-01   3.9673e+01   1.6345e+01   0.0000e+00   0.0000e+00   2.6720e+02
20260929_12:00:00   1.5661e-01   4.2716e+01   1.8324e+01   0.0000e+00   8.8010e-03   2.7063e+02
20260929_15:00:00   1.6537e-01   4.4901e+01   1.9108e+01   0.0000e+00   7.1198e-04   2.6888e+02
20260929_18:00:00   1.8226e-01   4.9070e+01   2.0962e+01   3.9834e-03   8.4748e-04   2.6576e+02
20260929_21:00:00   2.1331e-01   5.6210e+01   2.4804e+01   7.9906e-03   1.5672e-01   2.6811e+02
20260930_00:00:00   2.1796e-01   5.7331e+01   2.5794e+01   1.8839e-03   9.6271e-02   2.6691e+02
20260930_03:00:00   2.2771e-01   5.9339e+01   2.6787e+01   2.4178e-03   1.2617e-01   2.6762e+02
20260930_06:00:00   2.4407e-01   6.2839e+01   2.8178e+01   1.1612e-03   1.3154e-01   2.6940e+02
20260930_09:00:00   2.4722e-01   6.3561e+01   2.7599e+01   6.6646e-03   4.1522e-02   2.6895e+02
20260930_12:00:00   2.9723e-01   7.3877e+01   2.8071e+01   5.8582e-02   3.3582e-02   2.6664e+02
20260930_15:00:00   2.3256e-01   6.0417e+01   2.6502e+01   3.6649e-05   1.1916e-02   2.6796e+02
20260930_18:00:00   2.1423e-01   5.6534e+01   2.4877e+01   1.0541e-03   1.4465e-03   2.6976e+02
20260930_21:00:00   2.2321e-01   5.8377e+01   2.3642e+01   2.5017e-02   1.9831e-02   2.7127e+02
20261001_00:00:00   2.1708e-01   5.7269e+01   2.3649e+01   9.3869e-03   1.1095e-02   2.7152e+02
20261001_03:00:00   1.9544e-01   5.2492e+01   2.1160e+01   4.9263e-04   2.5141e-03   2.7271e+02
20261001_06:00:00   1.9372e-01   5.2170e+01   2.0046e+01   1.4276e-04   1.3747e-03   2.7419e+02
20261001_09:00:00   1.7174e-01   4.7015e+01   1.7173e+01   3.1780e-06   0.0000e+00   2.7444e+02
20261001_12:00:00   1.4711e-01   4.1056e+01   1.3962e+01   4.6160e-06   0.0000e+00   2.7457e+02
20261001_15:00:00   1.3216e-01   3.7363e+01   1.1907e+01   9.8480e-05   0.0000e+00   2.7886e+02
20261001_18:00:00   1.0634e-01   3.0927e+01   9.6884e+00   0.0000e+00   0.0000e+00   2.7739e+02
20261001_21:00:00   7.6736e-02   2.3201e+01   5.7615e+00   0.0000e+00   0.0000e+00   2.7854e+02
20261002_00:00:00   7.3387e-02   2.2269e+01   5.1221e+00   0.0000e+00   0.0000e+00   2.8092e+02
20261002_03:00:00   8.2060e-02   2.4498e+01   5.7053e+00   0.0000e+00   0.0000e+00   2.8448e+02
20261002_06:00:00   9.1205e-02   2.6749e+01   6.6014e+00   0.0000e+00   0.0000e+00   2.8222e+02
20261002_09:00:00   9.1384e-02   2.6715e+01   6.6194e+00   0.0000e+00   0.0000e+00   2.7688e+02
20261002_12:00:00   8.5859e-02   2.5267e+01   5.8346e+00   0.0000e+00   0.0000e+00   2.7766e+02
20261002_15:00:00   8.3016e-02   2.4517e+01   5.3787e+00   0.0000e+00   0.0000e+00   2.7866e+02
20261002_18:00:00   7.7060e-02   2.3112e+01   4.8629e+00   0.0000e+00   0.0000e+00   2.7819e+02
20261002_21:00:00   7.6363e-02   2.3030e+01   5.2161e+00   0.0000e+00   0.0000e+00   2.7939e+02
20261003_00:00:00   8.1091e-02   2.4289e+01   6.1963e+00   0.0000e+00   0.0000e+00   2.8075e+02
20261003_03:00:00   8.3860e-02   2.4931e+01   6.4480e+00   0.0000e+00   0.0000e+00   2.7834e+02
20261003_06:00:00   8.3458e-02   2.4800e+01   6.3043e+00   0.0000e+00   0.0000e+00   2.7534e+02
20261003_09:00:00   8.4284e-02   2.5000e+01   6.2688e+00   0.0000e+00   0.0000e+00   2.7604e+02
20261003_12:00:00   8.3395e-02   2.4748e+01   5.9723e+00   0.0000e+00   0.0000e+00   2.7471e+02
20261003_15:00:00   8.1329e-02   2.4206e+01   5.5857e+00   0.0000e+00   0.0000e+00   2.7455e+02
20261003_18:00:00   7.9227e-02   2.3770e+01   5.4467e+00   0.0000e+00   3.4160e-04   2.7433e+02
