#            date       tau255        Tb[K]      pwv[mm] lwp[kg*m^-2] iwp[kg*m^-2]       o3[DU]
20260825_06:00:00   1.3139e-01   3.7610e+01   1.4309e+01   0.0000e+00   0.0000e+00   3.0181e+02
20260825_07:00:00   1.2797e-01   3.6732e+01   1.3702e+01   0.0000e+00   0.0000e+00   3.0120e+02
20260825_08:00:00   1.2069e-01   3.4881e+01   1.2621e+01   0.0000e+00   0.0000e+00   2.9946e+02
20260825_09:00:00   1.1789e-01   3.4132e+01   1.2356e+01   0.0000e+00   0.0000e+00   2.9859e+02
20260825_10:00:00   1.2066e-01   3.4786e+01   1.2902e+01   0.0000e+00   0.0000e+00   2.9623e+02
20260825_11:00:00   1.2480e-01   3.5781e+01   1.3634e+01   0.0000e+00   0.0000e+00   2.9503e+02
20260825_12:00:00   1.2504e-01   3.5817e+01   1.3769e+01   0.0000e+00   0.0000e+00   2.9508e+02
20260825_13:00:00   1.2506e-01   3.5812e+01   1.3736e+01   0.0000e+00   0.0000e+00   2.9730e+02
20260825_14:00:00   1.2840e-01   3.6631e+01   1.4291e+01   0.0000e+00   0.0000e+00   2.9665e+02
20260825_15:00:00   1.2865e-01   3.6699e+01   1.4314e+01   0.0000e+00   0.0000e+00   2.9760e+02
20260825_16:00:00   1.2267e-01   3.5269e+01   1.3327e+01   0.0000e+00   0.0000e+00   2.9439e+02
20260825_17:00:00   1.1974e-01   3.4531e+01   1.3117e+01   0.0000e+00   0.0000e+00   2.9580e+02
20260825_18:00:00   1.2204e-01   3.5108e+01   1.3614e+01   0.0000e+00   0.0000e+00   2.9518e+02
20260825_19:00:00   1.2631e-01   3.6175e+01   1.4327e+01   0.0000e+00   0.0000e+00   2.9334e+02
20260825_20:00:00   1.3139e-01   3.7459e+01   1.5092e+01   0.0000e+00   0.0000e+00   2.9176e+02
20260825_21:00:00   1.3267e-01   3.7812e+01   1.5294e+01   0.0000e+00   0.0000e+00   2.9165e+02
20260825_22:00:00   1.3360e-01   3.8064e+01   1.5420e+01   0.0000e+00   0.0000e+00   2.9245e+02
20260825_23:00:00   1.3865e-01   3.9308e+01   1.6122e+01   0.0000e+00   0.0000e+00   2.9054e+02
20260826_00:00:00   1.4202e-01   4.0155e+01   1.6571e+01   0.0000e+00   0.0000e+00   2.9200e+02
20260826_01:00:00   1.4670e-01   4.1350e+01   1.7111e+01   0.0000e+00   0.0000e+00   2.9369e+02
20260826_02:00:00   1.5306e-01   4.2954e+01   1.7827e+01   0.0000e+00   0.0000e+00   2.9372e+02
20260826_03:00:00   1.5852e-01   4.4290e+01   1.8450e+01   0.0000e+00   0.0000e+00   2.9521e+02
20260826_04:00:00   1.5758e-01   4.4059e+01   1.8254e+01   0.0000e+00   0.0000e+00   2.9339e+02
20260826_05:00:00   1.5846e-01   4.4225e+01   1.8430e+01   0.0000e+00   0.0000e+00   2.9362e+02
20260826_06:00:00   1.6443e-01   4.5621e+01   1.9174e+01   0.0000e+00   0.0000e+00   2.9320e+02
20260826_07:00:00   1.6468e-01   4.5667e+01   1.9164e+01   0.0000e+00   0.0000e+00   2.9330e+02
20260826_08:00:00   1.6540e-01   4.5811e+01   1.9227e+01   0.0000e+00   0.0000e+00   2.9132e+02
20260826_09:00:00   1.6809e-01   4.6409e+01   1.9695e+01   0.0000e+00   0.0000e+00   2.8850e+02
20260826_10:00:00   1.7184e-01   4.7245e+01   2.0324e+01   0.0000e+00   0.0000e+00   2.8773e+02
20260826_11:00:00   1.7499e-01   4.7937e+01   2.0827e+01   0.0000e+00   0.0000e+00   2.8894e+02
20260826_12:00:00   1.7696e-01   4.8339e+01   2.1126e+01   0.0000e+00   0.0000e+00   2.8960e+02
20260826_13:00:00   1.7749e-01   4.8465e+01   2.1068e+01   0.0000e+00   0.0000e+00   2.9191e+02
20260826_14:00:00   1.7951e-01   4.8930e+01   2.1388e+01   0.0000e+00   0.0000e+00   2.9317e+02
20260826_15:00:00   1.8360e-01   4.9840e+01   2.2079e+01   0.0000e+00   0.0000e+00   2.8874e+02
20260826_16:00:00   1.8990e-01   5.1325e+01   2.2908e+01   0.0000e+00   2.5720e-04   2.8780e+02
20260826_17:00:00   1.9453e-01   5.2446e+01   2.3450e+01   0.0000e+00   4.9232e-04   2.8638e+02
20260826_18:00:00   1.9933e-01   5.3591e+01   2.4026e+01   0.0000e+00   3.7760e-05   2.8713e+02
20260826_19:00:00   2.0607e-01   5.5143e+01   2.4895e+01   3.2060e-04   4.5400e-05   2.8759e+02
20260826_20:00:00   2.8136e-01   7.1076e+01   2.5474e+01   8.0620e-02   2.6880e-04   2.8684e+02
20260826_21:00:00   2.6516e-01   6.7810e+01   2.5753e+01   6.0213e-02   6.3014e-04   2.8919e+02
20260826_22:00:00   2.8238e-01   7.1342e+01   2.5918e+01   7.8743e-02   1.3192e-03   2.8769e+02
20260826_23:00:00   2.1533e-01   5.7365e+01   2.5681e+01   4.1080e-03   3.5480e-05   2.8693e+02
20260827_00:00:00   2.0833e-01   5.5894e+01   2.5075e+01   2.1940e-05   5.8500e-06   2.8741e+02
20260827_01:00:00   2.0453e-01   5.5067e+01   2.4459e+01   0.0000e+00   0.0000e+00   2.8906e+02
20260827_02:00:00   1.9915e-01   5.3902e+01   2.3601e+01   0.0000e+00   0.0000e+00   2.8725e+02
20260827_03:00:00   1.9379e-01   5.2676e+01   2.2886e+01   0.0000e+00   0.0000e+00   2.8761e+02
20260827_04:00:00   1.9605e-01   5.3107e+01   2.3379e+01   0.0000e+00   0.0000e+00   2.8685e+02
20260827_05:00:00   1.9934e-01   5.3778e+01   2.3954e+01   0.0000e+00   0.0000e+00   2.8596e+02
20260827_06:00:00   2.0377e-01   5.4710e+01   2.4579e+01   0.0000e+00   0.0000e+00   2.8688e+02
20260827_07:00:00   2.1542e-01   5.7295e+01   2.5708e+01   0.0000e+00   0.0000e+00   2.8697e+02
20260827_08:00:00   2.2597e-01   5.9478e+01   2.7206e+01   0.0000e+00   4.5381e-03   2.8621e+02
20260827_09:00:00   2.2363e-01   5.8831e+01   2.7136e+01   0.0000e+00   5.6799e-02   2.8616e+02
20260827_10:00:00   2.2128e-01   5.8285e+01   2.6881e+01   1.7166e-05   1.1419e-01   2.8566e+02
20260827_11:00:00   2.5334e-01   6.5033e+01   2.7733e+01   2.8753e-02   8.6933e-02   2.8568e+02
20260827_12:00:00   2.9248e-01   7.3096e+01   2.8921e+01   6.3905e-02   2.2022e-02   2.8449e+02
20260827_13:00:00   2.2997e-01   6.0058e+01   2.8210e+01   4.6740e-04   5.7829e-03   2.8281e+02
20260827_14:00:00   2.2738e-01   5.9516e+01   2.7690e+01   0.0000e+00   5.6202e-04   2.8436e+02
20260827_15:00:00   2.2994e-01   6.0123e+01   2.7681e+01   1.0662e-03   1.1631e-04   2.8539e+02
20260827_16:00:00   2.3563e-01   6.1437e+01   2.8245e+01   2.1640e-03   3.0425e-04   2.8463e+02
20260827_17:00:00   2.5597e-01   6.5840e+01   2.9030e+01   1.6482e-02   1.2510e-03   2.8441e+02
20260827_18:00:00   2.4216e-01   6.3078e+01   2.8996e+01   8.5820e-06   4.3395e-04   2.8324e+02
20260827_19:00:00   2.4413e-01   6.3593e+01   2.9122e+01   4.8058e-04   7.3748e-04   2.8236e+02
20260827_20:00:00   2.4044e-01   6.2857e+01   2.8776e+01   0.0000e+00   3.4340e-06   2.8313e+02
20260827_21:00:00   2.3486e-01   6.1661e+01   2.8163e+01   2.9500e-04   5.8360e-05   2.8383e+02
20260827_22:00:00   2.3741e-01   6.2222e+01   2.7587e+01   8.7100e-03   0.0000e+00   2.8165e+02
20260827_23:00:00   2.2082e-01   5.8607e+01   2.6513e+01   0.0000e+00   7.3120e-06   2.7929e+02
20260828_00:00:00   2.1236e-01   5.6718e+01   2.5484e+01   0.0000e+00   0.0000e+00   2.7926e+02
20260828_01:00:00   2.1233e-01   5.6679e+01   2.5439e+01   0.0000e+00   0.0000e+00   2.8052e+02
20260828_02:00:00   2.2376e-01   5.9200e+01   2.6586e+01   0.0000e+00   0.0000e+00   2.7883e+02
20260828_03:00:00   2.2270e-01   5.8975e+01   2.6278e+01   0.0000e+00   0.0000e+00   2.7786e+02
20260828_04:00:00   2.2580e-01   5.9673e+01   2.6465e+01   0.0000e+00   0.0000e+00   2.7702e+02
20260828_05:00:00   2.3074e-01   6.0768e+01   2.6943e+01   0.0000e+00   0.0000e+00   2.7693e+02
20260828_06:00:00   2.3142e-01   6.0919e+01   2.6998e+01   0.0000e+00   0.0000e+00   2.7596e+02
20260828_07:00:00   2.2633e-01   5.9761e+01   2.6428e+01   0.0000e+00   0.0000e+00   2.7839e+02
20260828_08:00:00   2.3192e-01   6.0894e+01   2.7200e+01   0.0000e+00   5.1600e-04   2.8023e+02
20260828_09:00:00   2.3466e-01   6.1456e+01   2.7578e+01   0.0000e+00   1.3710e-04   2.8079e+02
20260828_10:00:00   2.3659e-01   6.1851e+01   2.7822e+01   0.0000e+00   2.9180e-04   2.7939e+02
20260828_11:00:00   2.3836e-01   6.2199e+01   2.8076e+01   0.0000e+00   3.2240e-04   2.8109e+02
20260828_12:00:00   2.4246e-01   6.3034e+01   2.8603e+01   0.0000e+00   0.0000e+00   2.7976e+02
20260828_13:00:00   2.4108e-01   6.2707e+01   2.8642e+01   0.0000e+00   0.0000e+00   2.7658e+02
20260828_14:00:00   2.4055e-01   6.2606e+01   2.8598e+01   0.0000e+00   0.0000e+00   2.7536e+02
20260828_15:00:00   2.3473e-01   6.1410e+01   2.7785e+01   0.0000e+00   0.0000e+00   2.7847e+02
20260828_16:00:00   2.2919e-01   6.0295e+01   2.6954e+01   0.0000e+00   0.0000e+00   2.7852e+02
20260828_17:00:00   2.2710e-01   5.9912e+01   2.6631e+01   0.0000e+00   0.0000e+00   2.7891e+02
20260828_18:00:00   2.2619e-01   5.9769e+01   2.6475e+01   0.0000e+00   0.0000e+00   2.7915e+02
20260828_19:00:00   2.2426e-01   5.9373e+01   2.6197e+01   9.9560e-04   0.0000e+00   2.7759e+02
20260828_20:00:00   2.1897e-01   5.8219e+01   2.5849e+01   4.2920e-05   0.0000e+00   2.7705e+02
20260828_21:00:00   2.1615e-01   5.7572e+01   2.5590e+01   1.5063e-03   0.0000e+00   2.7663e+02
20260828_22:00:00   2.2799e-01   6.0131e+01   2.5771e+01   1.4342e-02   3.6000e-05   2.7657e+02
20260828_23:00:00   2.6038e-01   6.7153e+01   2.6065e+01   4.7401e-02   3.9240e-05   2.7791e+02
20260829_00:00:00   2.2986e-01   6.0754e+01   2.5815e+01   1.2008e-02   0.0000e+00   2.7813e+02
20260829_01:00:00   2.1480e-01   5.7427e+01   2.4751e+01   2.6560e-03   0.0000e+00   2.7773e+02
20260829_02:00:00   2.0215e-01   5.4562e+01   2.3190e+01   0.0000e+00   0.0000e+00   2.7756e+02
20260829_03:00:00   1.9366e-01   5.2597e+01   2.2079e+01   0.0000e+00   0.0000e+00   2.7889e+02
20260829_04:00:00   1.8934e-01   5.1591e+01   2.1539e+01   0.0000e+00   0.0000e+00   2.7937e+02
20260829_05:00:00   1.8904e-01   5.1485e+01   2.1578e+01   0.0000e+00   0.0000e+00   2.7870e+02
20260829_06:00:00   1.8418e-01   5.0314e+01   2.1038e+01   0.0000e+00   0.0000e+00   2.7887e+02
20260829_07:00:00   1.7896e-01   4.9101e+01   2.0294e+01   0.0000e+00   0.0000e+00   2.7788e+02
20260829_08:00:00   1.8137e-01   4.9677e+01   2.0392e+01   0.0000e+00   0.0000e+00   2.7846e+02
20260829_09:00:00   1.8293e-01   5.0037e+01   2.0425e+01   0.0000e+00   0.0000e+00   2.7852e+02
20260829_10:00:00   1.8295e-01   5.0006e+01   2.0557e+01   0.0000e+00   0.0000e+00   2.7864e+02
20260829_11:00:00   1.8246e-01   4.9859e+01   2.0499e+01   0.0000e+00   0.0000e+00   2.7897e+02
20260829_12:00:00   1.7829e-01   4.8874e+01   1.9987e+01   0.0000e+00   0.0000e+00   2.7969e+02
20260829_13:00:00   1.7715e-01   4.8585e+01   1.9781e+01   0.0000e+00   0.0000e+00   2.8001e+02
20260829_14:00:00   1.7812e-01   4.8819e+01   1.9844e+01   0.0000e+00   0.0000e+00   2.7865e+02
20260829_15:00:00   1.7831e-01   4.8892e+01   1.9846e+01   0.0000e+00   0.0000e+00   2.7839e+02
20260829_16:00:00   1.7716e-01   4.8664e+01   1.9717e+01   0.0000e+00   0.0000e+00   2.7990e+02
20260829_17:00:00   1.7733e-01   4.8701e+01   1.9874e+01   0.0000e+00   0.0000e+00   2.8067e+02
20260829_18:00:00   1.7582e-01   4.8311e+01   1.9960e+01   0.0000e+00   0.0000e+00   2.8087e+02
20260829_19:00:00   1.8054e-01   4.9357e+01   2.0913e+01   0.0000e+00   0.0000e+00   2.8111e+02
20260829_20:00:00   1.7825e-01   4.8825e+01   2.0836e+01   0.0000e+00   0.0000e+00   2.8043e+02
20260829_21:00:00   1.7344e-01   4.7726e+01   2.0341e+01   0.0000e+00   0.0000e+00   2.7899e+02
20260829_22:00:00   1.7152e-01   4.7289e+01   2.0132e+01   0.0000e+00   0.0000e+00   2.7898e+02
20260829_23:00:00   1.7160e-01   4.7316e+01   2.0135e+01   0.0000e+00   0.0000e+00   2.7928e+02
20260830_00:00:00   1.7070e-01   4.7119e+01   2.0006e+01   0.0000e+00   0.0000e+00   2.7917e+02
20260830_01:00:00   1.6509e-01   4.5822e+01   1.9214e+01   0.0000e+00   0.0000e+00   2.7832e+02
20260830_02:00:00   1.6007e-01   4.4639e+01   1.8419e+01   0.0000e+00   0.0000e+00   2.7903e+02
20260830_03:00:00   1.5752e-01   4.4018e+01   1.7945e+01   0.0000e+00   0.0000e+00   2.7864e+02
20260830_04:00:00   1.5807e-01   4.4169e+01   1.7868e+01   0.0000e+00   0.0000e+00   2.7771e+02
20260830_05:00:00   1.6460e-01   4.5775e+01   1.8512e+01   0.0000e+00   0.0000e+00   2.7777e+02
20260830_06:00:00   1.6927e-01   4.6893e+01   1.9090e+01   0.0000e+00   0.0000e+00   2.7795e+02
20260830_09:00:00   1.8140e-01   4.9668e+01   2.0568e+01   0.0000e+00   0.0000e+00   2.8058e+02
20260830_12:00:00   1.6763e-01   4.6408e+01   1.8900e+01   0.0000e+00   0.0000e+00   2.8246e+02
20260830_15:00:00   1.7506e-01   4.8173e+01   1.9745e+01   0.0000e+00   0.0000e+00   2.7991e+02
20260830_18:00:00   1.8729e-01   5.1055e+01   2.1600e+01   0.0000e+00   0.0000e+00   2.7861e+02
20260830_21:00:00   1.9344e-01   5.2369e+01   2.2709e+01   5.0040e-03   7.9860e-05   2.8114e+02
20260831_00:00:00   3.6299e-01   8.7232e+01   2.3974e+01   1.8628e-01   2.0900e-04   2.7721e+02
20260831_03:00:00   1.7749e-01   4.8610e+01   2.0914e+01   0.0000e+00   0.0000e+00   2.7763e+02
20260831_06:00:00   1.8299e-01   5.0007e+01   2.1298e+01   0.0000e+00   0.0000e+00   2.7762e+02
20260831_09:00:00   1.9281e-01   5.2144e+01   2.2642e+01   0.0000e+00   0.0000e+00   2.7682e+02
20260831_12:00:00   1.9359e-01   5.2245e+01   2.2809e+01   0.0000e+00   0.0000e+00   2.7592e+02
20260831_15:00:00   1.9691e-01   5.2962e+01   2.3328e+01   0.0000e+00   0.0000e+00   2.7922e+02
20260831_18:00:00   2.0079e-01   5.3969e+01   2.4012e+01   4.2920e-06   0.0000e+00   2.8076e+02
20260831_21:00:00   2.1267e-01   5.6452e+01   2.3512e+01   2.4080e-02   2.0240e-04   2.7774e+02
20260901_00:00:00   1.9888e-01   5.3473e+01   2.2844e+01   1.3016e-02   1.7166e-05   2.7880e+02
20260901_03:00:00   1.8679e-01   5.0818e+01   2.2399e+01   0.0000e+00   7.0980e-05   2.8058e+02
20260901_06:00:00   2.1038e-01   5.6093e+01   2.5141e+01   1.4624e-05   2.9526e-03   2.8237e+02
20260901_09:00:00   2.0998e-01   5.5884e+01   2.5219e+01   1.4590e-04   2.8534e-03   2.8095e+02
20260901_12:00:00   2.2094e-01   5.8124e+01   2.5468e+01   1.0580e-02   1.2012e-03   2.8281e+02
20260901_15:00:00   2.0477e-01   5.4731e+01   2.4246e+01   0.0000e+00   0.0000e+00   2.8148e+02
20260901_18:00:00   2.0127e-01   5.4032e+01   2.4184e+01   0.0000e+00   0.0000e+00   2.8206e+02
20260901_21:00:00   2.0227e-01   5.4075e+01   2.4418e+01   6.4120e-03   1.0564e-04   2.8187e+02
20260902_00:00:00   2.0287e-01   5.4404e+01   2.5014e+01   2.1940e-05   0.0000e+00   2.7988e+02
20260902_03:00:00   2.0517e-01   5.5053e+01   2.4322e+01   0.0000e+00   0.0000e+00   2.8075e+02
20260902_06:00:00   2.0188e-01   5.4176e+01   2.3480e+01   0.0000e+00   0.0000e+00   2.8325e+02
20260902_09:00:00   1.9662e-01   5.2942e+01   2.2289e+01   0.0000e+00   0.0000e+00   2.8038e+02
20260902_12:00:00   1.9518e-01   5.2618e+01   2.1471e+01   0.0000e+00   0.0000e+00   2.8121e+02
20260902_15:00:00   1.8802e-01   5.0977e+01   2.0622e+01   0.0000e+00   0.0000e+00   2.8149e+02
20260902_18:00:00   1.7910e-01   4.9038e+01   1.9540e+01   0.0000e+00   0.0000e+00   2.8443e+02
20260902_21:00:00   1.7330e-01   4.7679e+01   1.9630e+01   0.0000e+00   0.0000e+00   2.8228e+02
20260903_00:00:00   1.7787e-01   4.8796e+01   2.0329e+01   0.0000e+00   3.1724e-04   2.8263e+02
20260903_03:00:00   1.8022e-01   4.9467e+01   2.0007e+01   0.0000e+00   9.3800e-05   2.8185e+02
20260903_06:00:00   1.8003e-01   4.9373e+01   1.9979e+01   0.0000e+00   5.1280e-05   2.8059e+02
20260903_09:00:00   1.8841e-01   5.1259e+01   2.0850e+01   0.0000e+00   0.0000e+00   2.8074e+02
20260903_12:00:00   1.7967e-01   4.9159e+01   1.9927e+01   0.0000e+00   0.0000e+00   2.8193e+02
20260903_15:00:00   1.7614e-01   4.8340e+01   1.9672e+01   0.0000e+00   0.0000e+00   2.8023e+02
20260903_18:00:00   1.8454e-01   5.0368e+01   2.1171e+01   0.0000e+00   0.0000e+00   2.8182e+02
20260903_21:00:00   2.1686e-01   5.7518e+01   2.2841e+01   2.9566e-02   2.0200e-04   2.8184e+02
20260904_00:00:00   4.1634e-01   9.6796e+01   2.3277e+01   2.5201e-01   2.8420e-04   2.8292e+02
20260904_03:00:00   1.7731e-01   4.8744e+01   2.0726e+01   0.0000e+00   0.0000e+00   2.8180e+02
20260904_06:00:00   1.9063e-01   5.1958e+01   2.1744e+01   0.0000e+00   0.0000e+00   2.8076e+02
20260904_09:00:00   1.9626e-01   5.3244e+01   2.2155e+01   0.0000e+00   0.0000e+00   2.7938e+02
20260904_12:00:00   2.0603e-01   5.5418e+01   2.3159e+01   0.0000e+00   0.0000e+00   2.8231e+02
20260904_15:00:00   2.1174e-01   5.6722e+01   2.3777e+01   1.4248e-03   6.8660e-06   2.8101e+02
20260904_18:00:00   2.1799e-01   5.8288e+01   2.4817e+01   1.9322e-04   0.0000e+00   2.7847e+02
20260904_21:00:00   6.0228e-01   1.2653e+02   2.9646e+01   4.0839e-01   4.4510e-01   2.7701e+02
20260905_00:00:00   4.2119e-01   9.7091e+01   2.8298e+01   2.1194e-01   1.7212e-01   2.7609e+02
20260905_03:00:00   2.0670e-01   5.5457e+01   2.4596e+01   0.0000e+00   1.0472e-03   2.7999e+02
20260905_06:00:00   2.2298e-01   5.9337e+01   2.5591e+01   0.0000e+00   0.0000e+00   2.8062e+02
20260905_09:00:00   2.1963e-01   5.8483e+01   2.5057e+01   0.0000e+00   0.0000e+00   2.7878e+02
20260905_12:00:00   2.2120e-01   5.8767e+01   2.4711e+01   0.0000e+00   0.0000e+00   2.7971e+02
20260905_15:00:00   2.3445e-01   6.1756e+01   2.5839e+01   0.0000e+00   0.0000e+00   2.8185e+02
20260905_18:00:00   2.3485e-01   6.2063e+01   2.6312e+01   0.0000e+00   0.0000e+00   2.8236e+02
20260905_21:00:00   7.2485e-01   1.4324e+02   3.0637e+01   5.3814e-01   3.0031e-01   2.8164e+02
20260906_00:00:00   3.6453e-01   8.7378e+01   3.3397e+01   1.0174e-01   5.1446e-01   2.8256e+02
20260906_03:00:00   2.6904e-01   6.9103e+01   3.0520e+01   7.8951e-03   4.3773e-02   2.8217e+02
20260906_06:00:00   4.2038e-01   9.7898e+01   3.1822e+01   1.7080e-01   1.1861e-02   2.7995e+02
20260906_09:00:00   2.8586e-01   7.2275e+01   3.3240e+01   8.6525e-05   2.6245e-02   2.8029e+02
20260906_12:00:00   2.6721e-01   6.8314e+01   3.1295e+01   0.0000e+00   9.4870e-04   2.7639e+02
20260906_15:00:00   3.0402e-01   7.5873e+01   3.3224e+01   2.0883e-02   2.3351e-03   2.7463e+02
20260906_18:00:00   3.7709e-01   9.0045e+01   3.5676e+01   7.7386e-02   2.4489e-03   2.7700e+02
20260906_21:00:00   6.9279e-01   1.3990e+02   3.5632e+01   4.4324e-01   5.0992e-02   2.7728e+02
20260907_00:00:00   3.0809e-01   7.7233e+01   3.6391e+01   1.0728e-04   8.1580e-06   2.7539e+02
20260907_03:00:00   3.0624e-01   7.6804e+01   3.5704e+01   7.2822e-03   1.8867e-04   2.7849e+02
20260907_06:00:00   5.1351e-01   1.1366e+02   3.7039e+01   2.3191e-01   4.4667e-01   2.7580e+02
20260907_09:00:00   3.2578e-01   8.0286e+01   3.4619e+01   3.7531e-02   1.9206e-02   2.7741e+02
20260907_12:00:00   2.9115e-01   7.3427e+01   3.4187e+01   9.5960e-04   1.6639e-02   2.7904e+02
20260907_15:00:00   2.9364e-01   7.3941e+01   3.4338e+01   1.3308e-03   3.4493e-02   2.8029e+02
20260907_18:00:00   3.1251e-01   7.7968e+01   3.6124e+01   3.6224e-03   7.4300e-04   2.8173e+02
20260907_21:00:00   9.5257e-01   1.7404e+02   3.6901e+01   7.4660e-01   2.6163e-03   2.7976e+02
20260908_00:00:00   4.6411e-01   1.0641e+02   3.5444e+01   1.9001e-01   1.4062e-04   2.8072e+02
20260908_03:00:00   4.7758e-01   1.0820e+02   3.6373e+01   1.9120e-01   8.1948e-02   2.8148e+02
20260908_06:00:00   3.2035e-01   7.8921e+01   3.4969e+01   2.5396e-02   2.8128e-01   2.8251e+02
20260908_09:00:00   2.7810e-01   7.0240e+01   3.3206e+01   2.6299e-03   3.0597e-01   2.8018e+02
20260908_12:00:00   2.7256e-01   6.8994e+01   3.2744e+01   0.0000e+00   5.3203e-01   2.7896e+02
20260908_15:00:00   2.7445e-01   6.9468e+01   3.2432e+01   5.1040e-03   7.1637e-02   2.7953e+02
20260908_18:00:00   2.7367e-01   6.9681e+01   3.2482e+01   8.5820e-06   7.8665e-04   2.7943e+02
20260908_21:00:00   3.1403e-01   7.8040e+01   3.3750e+01   3.4200e-02   4.2689e-02   2.7825e+02
20260909_00:00:00   8.4406e-01   1.6143e+02   3.7101e+01   6.1809e-01   3.2206e-03   2.7691e+02
20260909_03:00:00   5.0926e-01   1.1297e+02   3.8225e+01   2.0616e-01   4.7668e-02   2.7755e+02
20260909_06:00:00   4.8396e-01   1.0858e+02   3.8024e+01   1.7444e-01   5.1679e-01   2.8021e+02
20260909_09:00:00   3.3079e-01   8.0979e+01   3.5862e+01   2.3900e-02   1.6428e-01   2.7650e+02
20260909_12:00:00   3.0447e-01   7.5812e+01   3.5128e+01   0.0000e+00   3.8586e-02   2.8093e+02
20260909_15:00:00   4.8869e-01   1.0924e+02   3.5025e+01   2.0536e-01   4.4829e-03   2.8141e+02
20260909_18:00:00   3.9834e-01   9.3685e+01   3.4397e+01   1.0679e-01   2.4045e-02   2.8265e+02
20260909_21:00:00   3.7951e-01   9.0543e+01   3.4101e+01   9.0685e-02   6.8016e-04   2.8294e+02
20260910_00:00:00   3.3398e-01   8.2163e+01   2.9324e+01   7.9382e-02   4.1400e-06   2.8221e+02
20260910_03:00:00   5.1087e-01   1.1310e+02   2.9220e+01   2.8779e-01   1.3554e-03   2.8331e+02
20260910_06:00:00   2.2192e-01   5.8587e+01   2.4654e+01   2.9019e-03   0.0000e+00   2.8488e+02
