#            date       tau255        Tb[K]      pwv[mm] lwp[kg*m^-2] iwp[kg*m^-2]       o3[DU]
20261001_00:00:00   3.1535e-01   7.7560e+01   2.1629e+01   1.3375e-01   6.8487e-05   2.6812e+02
20261001_01:00:00   2.6451e-01   6.7259e+01   2.2054e+01   7.0436e-02   2.7163e-05   2.6841e+02
20261001_02:00:00   2.0393e-01   5.4230e+01   2.1778e+01   3.1601e-03   3.3099e-05   2.6841e+02
20261001_03:00:00   2.6432e-01   6.7135e+01   2.1324e+01   7.5626e-02   3.0900e-05   2.6837e+02
20261001_04:00:00   2.3667e-01   6.1190e+01   2.0335e+01   5.4515e-02   2.6380e-05   2.6940e+02
20261001_05:00:00   1.8269e-01   4.9177e+01   1.9284e+01   2.6920e-03   1.6932e-05   2.7085e+02
20261001_06:00:00   1.7165e-01   4.6608e+01   1.8216e+01   0.0000e+00   0.0000e+00   2.7080e+02
20261001_07:00:00   1.7182e-01   4.6585e+01   1.8200e+01   2.1860e-05   0.0000e+00   2.7278e+02
20261001_08:00:00   1.6930e-01   4.5973e+01   1.7941e+01   0.0000e+00   0.0000e+00   2.7485e+02
20261001_09:00:00   1.7035e-01   4.6175e+01   1.8098e+01   0.0000e+00   0.0000e+00   2.7651e+02
20261001_10:00:00   1.6684e-01   4.5337e+01   1.7736e+01   0.0000e+00   0.0000e+00   2.7720e+02
20261001_11:00:00   1.5871e-01   4.3434e+01   1.6835e+01   0.0000e+00   0.0000e+00   2.7689e+02
20261001_12:00:00   1.5448e-01   4.2409e+01   1.6400e+01   0.0000e+00   0.0000e+00   2.7518e+02
20261001_13:00:00   1.5107e-01   4.1573e+01   1.5981e+01   0.0000e+00   0.0000e+00   2.7534e+02
20261001_14:00:00   1.4581e-01   4.0308e+01   1.5352e+01   0.0000e+00   0.0000e+00   2.7577e+02
20261001_15:00:00   1.4595e-01   4.0335e+01   1.5281e+01   0.0000e+00   0.0000e+00   2.7590e+02
20261001_16:00:00   1.4957e-01   4.1188e+01   1.5641e+01   0.0000e+00   0.0000e+00   2.7506e+02
20261001_17:00:00   1.5473e-01   4.2420e+01   1.6302e+01   0.0000e+00   0.0000e+00   2.7441e+02
20261001_18:00:00   1.6102e-01   4.3930e+01   1.7156e+01   0.0000e+00   0.0000e+00   2.7512e+02
20261001_19:00:00   1.6874e-01   4.5763e+01   1.8092e+01   7.9120e-05   0.0000e+00   2.7596e+02
20261001_20:00:00   1.7611e-01   4.7515e+01   1.8778e+01   6.6517e-04   0.0000e+00   2.7772e+02
20261001_21:00:00   1.8292e-01   4.9108e+01   1.9131e+01   3.5505e-03   0.0000e+00   2.7868e+02
20261001_22:00:00   1.8455e-01   4.9491e+01   1.9277e+01   2.5913e-03   0.0000e+00   2.7886e+02
20261001_23:00:00   1.8603e-01   4.9806e+01   1.9173e+01   4.7720e-03   0.0000e+00   2.7713e+02
20261002_00:00:00   1.7540e-01   4.7306e+01   1.8449e+01   4.2920e-06   0.0000e+00   2.7631e+02
20261002_01:00:00   1.6613e-01   4.5071e+01   1.7500e+01   0.0000e+00   0.0000e+00   2.7631e+02
20261002_02:00:00   1.6273e-01   4.4240e+01   1.7169e+01   0.0000e+00   0.0000e+00   2.7657e+02
20261002_03:00:00   1.6240e-01   4.4157e+01   1.7073e+01   0.0000e+00   0.0000e+00   2.7593e+02
20261002_04:00:00   1.6355e-01   4.4427e+01   1.7014e+01   0.0000e+00   0.0000e+00   2.7564e+02
20261002_05:00:00   1.6620e-01   4.5035e+01   1.7084e+01   0.0000e+00   0.0000e+00   2.7405e+02
20261002_06:00:00   1.6801e-01   4.5449e+01   1.7004e+01   0.0000e+00   0.0000e+00   2.7260e+02
20261002_07:00:00   1.7512e-01   4.7122e+01   1.6791e+01   7.3360e-03   0.0000e+00   2.7128e+02
20261002_08:00:00   1.8334e-01   4.9014e+01   1.6872e+01   1.4198e-02   0.0000e+00   2.6972e+02
20261002_09:00:00   2.6469e-01   6.7068e+01   1.7688e+01   9.9992e-02   0.0000e+00   2.6837e+02
20261002_10:00:00   3.4301e-01   8.3072e+01   1.8017e+01   1.8819e-01   0.0000e+00   2.6584e+02
20261002_11:00:00   4.4558e-01   1.0229e+02   1.7905e+01   3.1006e-01   0.0000e+00   2.6399e+02
20261002_12:00:00   4.3153e-01   9.9882e+01   1.7948e+01   2.9354e-01   0.0000e+00   2.6392e+02
20261002_13:00:00   5.1950e-01   1.1529e+02   1.8374e+01   3.9509e-01   0.0000e+00   2.6345e+02
20261002_14:00:00   6.1391e-01   1.3026e+02   1.8662e+01   5.0365e-01   0.0000e+00   2.6286e+02
20261002_15:00:00   7.2592e-01   1.4629e+02   1.8976e+01   6.3235e-01   0.0000e+00   2.6419e+02
20261002_16:00:00   9.8627e-01   1.7711e+02   1.9361e+01   9.3427e-01   0.0000e+00   2.6513e+02
20261002_17:00:00   9.4368e-01   1.7252e+02   1.9519e+01   8.8078e-01   3.4340e-06   2.6656e+02
20261002_18:00:00   7.5641e-01   1.5035e+02   1.9348e+01   6.6357e-01   0.0000e+00   2.6677e+02
20261002_19:00:00   6.3245e-01   1.3310e+02   1.9177e+01   5.1916e-01   0.0000e+00   2.6508e+02
20261002_20:00:00   4.3110e-01   1.0002e+02   1.9095e+01   2.8041e-01   0.0000e+00   2.6552e+02
20261002_21:00:00   3.5963e-01   8.6485e+01   1.8978e+01   1.9510e-01   0.0000e+00   2.6700e+02
20261002_22:00:00   3.2879e-01   8.0287e+01   1.8976e+01   1.5748e-01   0.0000e+00   2.6686e+02
20261002_23:00:00   2.8584e-01   7.1469e+01   1.8816e+01   1.0779e-01   0.0000e+00   2.6647e+02
20261003_00:00:00   2.6972e-01   6.8100e+01   1.8621e+01   9.1732e-02   0.0000e+00   2.6664e+02
20261003_01:00:00   3.0290e-01   7.5074e+01   1.8641e+01   1.3153e-01   0.0000e+00   2.6725e+02
20261003_02:00:00   3.0691e-01   7.5854e+01   1.8707e+01   1.3511e-01   0.0000e+00   2.6916e+02
20261003_03:00:00   3.3483e-01   8.1469e+01   1.8810e+01   1.6687e-01   1.7166e-06   2.7075e+02
20261003_04:00:00   3.8153e-01   9.0649e+01   1.8670e+01   2.2457e-01   3.4340e-06   2.7123e+02
20261003_05:00:00   4.0126e-01   9.4197e+01   1.8649e+01   2.4651e-01   1.7166e-06   2.7125e+02
20261003_06:00:00   3.9607e-01   9.3245e+01   1.8697e+01   2.4042e-01   5.1500e-06   2.7091e+02
20261003_07:00:00   3.7781e-01   8.9630e+01   1.8444e+01   2.1985e-01   0.0000e+00   2.6980e+02
20261003_08:00:00   3.1988e-01   7.8472e+01   1.8192e+01   1.5587e-01   0.0000e+00   2.6868e+02
20261003_09:00:00   2.7600e-01   6.9721e+01   1.7692e+01   1.1229e-01   0.0000e+00   2.6754e+02
20261003_10:00:00   2.2762e-01   5.9147e+01   1.7234e+01   5.8952e-02   0.0000e+00   2.6643e+02
20261003_11:00:00   1.8957e-01   5.0514e+01   1.6859e+01   1.7136e-02   0.0000e+00   2.6562e+02
20261003_12:00:00   2.1007e-01   5.5261e+01   1.6639e+01   4.4370e-02   0.0000e+00   2.6541e+02
20261003_13:00:00   2.5355e-01   6.4980e+01   1.6626e+01   9.7900e-02   0.0000e+00   2.6509e+02
20261003_14:00:00   2.6199e-01   6.6755e+01   1.7308e+01   1.0198e-01   0.0000e+00   2.6447e+02
20261003_15:00:00   2.4909e-01   6.3891e+01   1.8308e+01   7.6800e-02   0.0000e+00   2.6372e+02
20261003_16:00:00   2.5900e-01   6.6053e+01   1.9704e+01   7.6641e-02   0.0000e+00   2.6239e+02
20261003_17:00:00   2.7445e-01   6.9353e+01   2.1203e+01   8.1547e-02   0.0000e+00   2.6187e+02
20261003_18:00:00   2.8504e-01   7.1371e+01   2.2728e+01   7.7392e-02   1.0844e-04   2.6190e+02
20261003_19:00:00   3.1206e-01   7.6550e+01   2.3911e+01   9.5442e-02   3.0046e-03   2.6050e+02
20261003_20:00:00   4.2961e-01   9.8553e+01   2.5964e+01   2.1292e-01   4.3176e-02   2.5931e+02
20261003_21:00:00   4.8841e-01   1.0844e+02   2.7554e+01   2.6669e-01   1.1375e-01   2.5954e+02
20261003_22:00:00   4.5719e-01   1.0322e+02   2.7873e+01   2.2748e-01   1.1759e-01   2.5997e+02
20261003_23:00:00   6.4193e-01   1.3198e+02   2.8093e+01   4.3174e-01   1.0494e-01   2.6025e+02
20261004_00:00:00   8.3606e-01   1.5705e+02   2.7916e+01   6.5055e-01   9.3019e-02   2.6035e+02
20261004_01:00:00   7.3340e-01   1.4453e+02   2.6811e+01   5.4320e-01   3.4859e-02   2.6199e+02
20261004_02:00:00   4.9319e-01   1.0929e+02   2.5238e+01   2.8475e-01   6.8397e-03   2.6460e+02
20261004_03:00:00   3.3861e-01   8.1776e+01   2.4369e+01   1.1890e-01   1.5853e-03   2.6678e+02
20261004_04:00:00   3.4357e-01   8.2613e+01   2.4781e+01   1.2139e-01   1.8895e-02   2.6895e+02
20261004_05:00:00   4.2254e-01   9.7010e+01   2.5952e+01   2.0041e-01   4.8080e-02   2.6906e+02
20261004_06:00:00   8.5940e-01   1.5938e+02   2.7012e+01   6.8225e-01   1.4426e-01   2.6874e+02
20261004_07:00:00   9.1396e-01   1.6566e+02   2.6984e+01   7.4429e-01   1.7135e-01   2.6965e+02
20261004_08:00:00   5.2741e-01   1.1467e+02   2.5720e+01   3.1779e-01   8.3600e-02   2.6985e+02
20261004_09:00:00   2.6039e-01   6.6205e+01   2.4210e+01   3.0111e-02   5.8436e-03   2.6911e+02
20261004_10:00:00   2.7695e-01   6.9949e+01   2.3473e+01   5.6527e-02   0.0000e+00   2.6852e+02
20261004_11:00:00   3.4925e-01   8.4880e+01   2.3046e+01   1.4767e-01   0.0000e+00   2.6853e+02
20261004_12:00:00   3.3158e-01   8.1224e+01   2.3579e+01   1.2150e-01   7.3440e-04   2.6746e+02
20261004_13:00:00   3.5598e-01   8.6069e+01   2.4620e+01   1.4281e-01   5.6943e-03   2.6611e+02
20261004_14:00:00   2.8248e-01   7.0974e+01   2.5738e+01   4.1642e-02   8.0120e-03   2.6576e+02
20261004_15:00:00   3.2223e-01   7.9199e+01   2.6419e+01   8.1910e-02   1.2688e-02   2.6628e+02
20261004_16:00:00   4.2607e-01   9.9601e+01   2.5927e+01   2.1307e-01   4.9260e-04   2.6647e+02
20261004_17:00:00   7.2796e-01   1.4762e+02   2.5644e+01   5.8041e-01   2.6540e-05   2.6658e+02
20261004_18:00:00   9.6347e-01   1.7613e+02   2.6206e+01   8.5944e-01   7.6435e-05   2.6569e+02
20261004_19:00:00   9.0497e-01   1.6976e+02   2.7035e+01   7.8697e-01   1.3766e-03   2.6510e+02
20261004_20:00:00   7.3002e-01   1.4806e+02   2.7926e+01   5.7183e-01   1.5175e-02   2.6606e+02
20261004_21:00:00   3.7887e-01   9.0719e+01   2.7735e+01   1.4385e-01   8.6841e-03   2.6662e+02
20261004_22:00:00   3.2487e-01   8.0035e+01   2.7541e+01   7.8861e-02   3.4184e-03   2.6610e+02
20261004_23:00:00   3.5048e-01   8.5187e+01   2.7727e+01   1.0608e-01   6.3800e-03   2.6497e+02
20261005_00:00:00   5.0512e-01   1.1351e+02   2.7525e+01   2.9390e-01   1.2416e-02   2.6525e+02
20261005_01:00:00   5.1111e-01   1.1451e+02   2.6908e+01   3.0686e-01   7.8846e-03   2.6527e+02
20261005_02:00:00   3.1063e-01   7.7043e+01   2.6264e+01   7.0507e-02   2.6739e-03   2.6597e+02
20261005_03:00:00   2.9331e-01   7.3397e+01   2.5991e+01   5.2906e-02   1.8980e-04   2.6652e+02
20261005_04:00:00   3.3827e-01   8.2523e+01   2.5817e+01   1.0626e-01   5.7960e-06   2.6678e+02
20261005_05:00:00   2.9013e-01   7.2749e+01   2.5612e+01   5.0149e-02   2.4840e-06   2.6733e+02
20261005_06:00:00   2.6951e-01   6.8425e+01   2.4999e+01   3.2220e-02   2.9240e-06   2.6698e+02
20261005_07:00:00   2.6803e-01   6.8079e+01   2.5007e+01   2.9636e-02   5.8500e-06   2.6667e+02
20261005_08:00:00   2.7062e-01   6.8598e+01   2.4916e+01   3.3320e-02   0.0000e+00   2.6690e+02
20261005_09:00:00   2.7317e-01   6.9120e+01   2.4532e+01   4.0520e-02   0.0000e+00   2.6657e+02
20261005_10:00:00   2.8710e-01   7.2036e+01   2.4024e+01   6.2576e-02   0.0000e+00   2.6578e+02
20261005_11:00:00   2.8883e-01   7.2386e+01   2.3553e+01   7.0060e-02   0.0000e+00   2.6488e+02
20261005_12:00:00   2.9166e-01   7.2965e+01   2.3230e+01   7.6360e-02   0.0000e+00   2.6515e+02
20261005_13:00:00   3.0609e-01   7.5937e+01   2.2910e+01   9.6220e-02   0.0000e+00   2.6582e+02
20261005_14:00:00   2.9665e-01   7.3993e+01   2.2626e+01   8.7783e-02   0.0000e+00   2.6694e+02
20261005_15:00:00   2.7709e-01   6.9910e+01   2.2375e+01   6.7280e-02   0.0000e+00   2.6802e+02
20261005_16:00:00   2.5792e-01   6.5824e+01   2.2363e+01   4.5436e-02   0.0000e+00   2.6794e+02
20261005_17:00:00   2.4749e-01   6.3622e+01   2.2683e+01   3.0720e-02   0.0000e+00   2.6809e+02
20261005_18:00:00   2.5069e-01   6.4384e+01   2.2988e+01   3.3232e-02   0.0000e+00   2.6991e+02
20261005_19:00:00   2.6153e-01   6.6792e+01   2.3211e+01   4.5415e-02   0.0000e+00   2.6886e+02
20261005_20:00:00   2.4319e-01   6.2825e+01   2.3003e+01   2.6738e-02   0.0000e+00   2.6849e+02
20261005_21:00:00   2.4725e-01   6.3677e+01   2.2835e+01   3.3543e-02   0.0000e+00   2.6771e+02
20261005_22:00:00   2.2389e-01   5.8535e+01   2.2337e+01   1.2437e-02   0.0000e+00   2.6681e+02
20261005_23:00:00   2.1315e-01   5.6115e+01   2.1745e+01   8.1725e-03   0.0000e+00   2.6687e+02
20261006_00:00:00   2.0157e-01   5.3482e+01   2.0959e+01   4.8900e-03   0.0000e+00   2.6725e+02
20261006_03:00:00   1.9041e-01   5.0818e+01   2.0420e+01   0.0000e+00   0.0000e+00   2.6880e+02
20261006_06:00:00   1.9638e-01   5.2106e+01   2.1173e+01   0.0000e+00   0.0000e+00   2.7012e+02
20261006_09:00:00   2.0467e-01   5.3916e+01   2.2184e+01   0.0000e+00   0.0000e+00   2.6844e+02
20261006_12:00:00   1.9585e-01   5.1989e+01   2.0956e+01   0.0000e+00   0.0000e+00   2.6752e+02
20261006_15:00:00   1.9124e-01   5.1043e+01   2.0043e+01   0.0000e+00   0.0000e+00   2.6874e+02
20261006_18:00:00   1.9279e-01   5.1601e+01   2.0169e+01   9.5060e-05   0.0000e+00   2.6719e+02
20261006_21:00:00   2.5656e-01   6.5703e+01   2.1005e+01   7.0800e-02   0.0000e+00   2.7148e+02
20261007_00:00:00   2.1382e-01   5.6427e+01   2.0803e+01   2.0400e-02   0.0000e+00   2.7308e+02
20261007_03:00:00   1.9080e-01   5.1214e+01   1.9795e+01   0.0000e+00   0.0000e+00   2.7744e+02
20261007_06:00:00   1.9331e-01   5.1746e+01   2.0043e+01   0.0000e+00   0.0000e+00   2.8001e+02
20261007_09:00:00   1.7877e-01   4.8378e+01   1.8613e+01   0.0000e+00   0.0000e+00   2.7953e+02
20261007_12:00:00   1.8253e-01   4.9089e+01   1.9431e+01   0.0000e+00   0.0000e+00   2.8031e+02
20261007_15:00:00   1.9458e-01   5.1720e+01   2.0944e+01   0.0000e+00   0.0000e+00   2.8431e+02
20261007_18:00:00   1.8887e-01   5.0321e+01   2.0754e+01   0.0000e+00   6.7380e-05   2.9190e+02
20261007_21:00:00   1.6963e-01   4.5788e+01   1.8670e+01   0.0000e+00   0.0000e+00   2.8886e+02
20261008_00:00:00   1.5511e-01   4.2452e+01   1.6204e+01   0.0000e+00   0.0000e+00   2.8889e+02
20261008_03:00:00   1.5687e-01   4.2777e+01   1.6154e+01   2.4300e-06   3.7679e-03   2.9082e+02
20261008_06:00:00   1.4523e-01   3.9982e+01   1.4500e+01   0.0000e+00   5.4123e-03   2.9240e+02
20261008_09:00:00   1.2974e-01   3.6293e+01   1.1948e+01   0.0000e+00   2.3060e-04   2.9297e+02
20261008_12:00:00   1.2157e-01   3.4242e+01   1.0856e+01   0.0000e+00   0.0000e+00   2.9119e+02
20261008_15:00:00   1.1021e-01   3.1417e+01   9.4211e+00   0.0000e+00   0.0000e+00   2.9656e+02
20261008_18:00:00   1.0169e-01   2.9314e+01   8.6234e+00   0.0000e+00   0.0000e+00   2.9528e+02
20261008_21:00:00   9.6685e-02   2.8083e+01   8.2256e+00   0.0000e+00   0.0000e+00   2.9286e+02
20261009_00:00:00   9.1218e-02   2.6662e+01   7.5218e+00   0.0000e+00   0.0000e+00   2.9214e+02
20261009_03:00:00   8.8457e-02   2.5915e+01   7.1399e+00   0.0000e+00   0.0000e+00   2.9204e+02
20261009_06:00:00   1.0056e-01   2.8977e+01   8.6449e+00   0.0000e+00   0.0000e+00   2.8812e+02
20261009_09:00:00   1.1948e-01   3.3668e+01   1.0733e+01   0.0000e+00   7.2880e-06   2.8888e+02
20261009_12:00:00   1.7049e-01   4.5546e+01   1.8013e+01   6.7138e-03   1.3544e-03   2.8909e+02
20261009_15:00:00   1.7610e-01   4.6959e+01   1.9356e+01   0.0000e+00   0.0000e+00   2.8937e+02
20261009_18:00:00   2.0332e-01   5.3380e+01   2.2157e+01   0.0000e+00   0.0000e+00   2.8959e+02
20261009_21:00:00   2.1317e-01   5.5733e+01   2.2484e+01   9.4040e-03   0.0000e+00   2.8815e+02
20261010_00:00:00   2.6030e-01   6.6131e+01   2.2348e+01   6.4116e-02   0.0000e+00   2.8902e+02
20261010_03:00:00   2.1421e-01   5.6066e+01   2.2998e+01   9.8620e-04   0.0000e+00   2.8976e+02
20261010_06:00:00   2.1776e-01   5.6828e+01   2.3650e+01   0.0000e+00   1.4586e-04   2.8864e+02
20261010_09:00:00   2.1109e-01   5.5299e+01   2.3536e+01   0.0000e+00   0.0000e+00   2.8492e+02
20261010_12:00:00   2.0714e-01   5.4451e+01   2.3260e+01   0.0000e+00   0.0000e+00   2.8227e+02
20261010_15:00:00   2.5253e-01   6.4210e+01   2.4597e+01   3.9359e-02   1.2974e-04   2.8162e+02
20261010_18:00:00   3.2246e-01   7.8416e+01   2.6769e+01   9.5578e-02   1.2656e-03   2.7991e+02
20261010_21:00:00   4.3768e-01   9.9775e+01   2.8981e+01   2.0928e-01   2.5117e-02   2.7974e+02
20261011_00:00:00   3.7798e-01   8.9312e+01   3.0258e+01   1.3274e-01   4.9953e-02   2.7627e+02
20261011_03:00:00   4.1098e-01   9.5015e+01   2.9870e+01   1.7483e-01   4.7771e-02   2.7969e+02
20261011_06:00:00   2.9295e-01   7.2661e+01   3.1209e+01   2.8423e-02   1.5517e-01   2.7670e+02
20261011_09:00:00   5.0241e-01   1.1088e+02   3.1239e+01   2.6581e-01   1.4938e-01   2.7445e+02
20261011_12:00:00   1.0607e+00   1.8251e+02   3.3048e+01   8.8323e-01   7.3788e-02   2.7255e+02
20261011_15:00:00   8.8379e-01   1.6429e+02   3.3584e+01   6.7416e-01   2.5148e-01   2.6804e+02
20261011_18:00:00   1.3133e+00   2.0412e+02   3.3266e+01   1.1771e+00   6.8134e-02   2.6693e+02
20261011_21:00:00   1.3638e+00   2.0691e+02   3.3188e+01   1.2256e+00   1.7340e-01   2.6674e+02
20261012_00:00:00   1.1594e+00   1.9101e+02   3.3770e+01   9.8436e-01   2.4584e-01   2.6469e+02
20261012_03:00:00   1.2133e+00   1.9554e+02   3.3616e+01   1.0432e+00   1.6419e-01   2.6677e+02
20261012_06:00:00   1.5019e+00   2.1631e+02   3.3608e+01   1.3752e+00   2.2208e-01   2.6994e+02
20261012_09:00:00   1.7304e+00   2.2930e+02   3.2920e+01   1.6490e+00   1.3233e-01   2.7285e+02
20261012_12:00:00   1.3897e+00   2.0943e+02   3.1783e+01   1.2699e+00   1.0327e-01   2.7078e+02
20261012_15:00:00   1.1323e+00   1.9004e+02   3.1404e+01   9.8322e-01   7.4478e-02   2.6843e+02
20261012_18:00:00   1.8438e+00   2.3683e+02   3.0906e+01   1.8331e+00   3.4481e-02   2.6642e+02
20261012_21:00:00   1.3131e+00   2.0509e+02   3.0878e+01   1.2030e+00   1.1718e-01   2.6276e+02
20261013_00:00:00   1.1325e+00   1.9011e+02   2.9448e+01   1.0025e+00   4.5219e-02   2.5962e+02
20261013_03:00:00   9.8107e-01   1.7432e+02   2.8187e+01   8.2214e-01   2.7695e-02   2.5666e+02
20261013_06:00:00   7.6401e-01   1.4848e+02   2.7491e+01   5.7083e-01   7.0239e-02   2.5221e+02
20261013_09:00:00   6.6662e-01   1.3576e+02   2.5547e+01   4.8133e-01   2.5071e-02   2.5254e+02
20261013_12:00:00   3.6431e-01   8.6938e+01   2.4021e+01   1.5079e-01   5.6943e-05   2.5136e+02
20261013_15:00:00   3.1000e-01   7.6321e+01   2.3320e+01   9.0726e-02   6.2040e-06   2.5044e+02
20261013_18:00:00   4.4298e-01   1.0183e+02   2.3984e+01   2.3977e-01   2.8660e-05   2.5012e+02
20261013_21:00:00   3.1880e-01   7.8514e+01   2.2090e+01   1.1370e-01   0.0000e+00   2.5084e+02
20261014_00:00:00   2.2766e-01   5.9407e+01   2.0437e+01   2.3171e-02   0.0000e+00   2.5564e+02
20261014_03:00:00   2.7796e-01   7.0445e+01   1.9057e+01   1.0164e-01   0.0000e+00   2.5785e+02
20261014_06:00:00   1.7906e-01   4.8335e+01   1.7662e+01   6.5340e-04   0.0000e+00   2.6093e+02
20261014_09:00:00   1.7431e-01   4.7195e+01   1.7755e+01   0.0000e+00   0.0000e+00   2.6246e+02
20261014_12:00:00   1.6991e-01   4.6102e+01   1.7770e+01   0.0000e+00   3.1040e-06   2.6480e+02
20261014_15:00:00   1.9748e-01   5.2441e+01   2.1745e+01   0.0000e+00   0.0000e+00   2.6977e+02
20261014_18:00:00   2.4850e-01   6.3867e+01   2.7790e+01   0.0000e+00   6.8112e-04   2.6976e+02
20261014_21:00:00   2.8509e-01   7.1899e+01   2.8046e+01   3.4760e-02   0.0000e+00   2.6945e+02
20261015_00:00:00   2.4780e-01   6.4091e+01   2.6435e+01   4.2563e-03   0.0000e+00   2.7304e+02
20261015_03:00:00   2.0469e-01   5.4667e+01   2.1245e+01   0.0000e+00   0.0000e+00   2.7572e+02
20261015_06:00:00   1.7808e-01   4.8573e+01   1.7425e+01   0.0000e+00   0.0000e+00   2.7424e+02
20261015_09:00:00   1.4472e-01   4.0502e+01   1.3601e+01   0.0000e+00   0.0000e+00   2.7351e+02
20261015_12:00:00   1.4096e-01   3.9412e+01   1.4315e+01   0.0000e+00   0.0000e+00   2.7039e+02
20261015_15:00:00   1.5888e-01   4.3737e+01   1.6790e+01   0.0000e+00   0.0000e+00   2.6934e+02
20261015_18:00:00   1.7885e-01   4.8447e+01   1.9351e+01   0.0000e+00   0.0000e+00   2.6761e+02
20261015_21:00:00   1.4034e-01   3.9185e+01   1.4968e+01   0.0000e+00   0.0000e+00   2.6805e+02
20261016_00:00:00   1.2707e-01   3.5907e+01   1.3117e+01   0.0000e+00   0.0000e+00   2.6494e+02
20261016_03:00:00   1.6600e-01   4.5194e+01   1.6184e+01   9.3700e-03   0.0000e+00   2.6571e+02
20261016_06:00:00   1.7969e-01   4.8217e+01   1.5989e+01   2.0564e-02   0.0000e+00   2.6439e+02
20261016_09:00:00   2.2532e-01   5.8510e+01   1.5798e+01   7.6050e-02   0.0000e+00   2.6437e+02
20261016_12:00:00   1.5924e-01   4.3148e+01   1.4598e+01   9.3901e-03   0.0000e+00   2.6564e+02
20261016_15:00:00   1.3592e-01   3.7509e+01   1.3038e+01   0.0000e+00   0.0000e+00   2.6636e+02
20261016_18:00:00   1.4034e-01   3.8596e+01   1.3745e+01   0.0000e+00   0.0000e+00   2.6721e+02
20261016_21:00:00   1.3885e-01   3.8277e+01   1.3791e+01   0.0000e+00   0.0000e+00   2.6555e+02
20261017_00:00:00   1.2985e-01   3.6076e+01   1.3009e+01   0.0000e+00   0.0000e+00   2.6641e+02
