#            date       tau255        Tb[K]      pwv[mm] lwp[kg*m^-2] iwp[kg*m^-2]       o3[DU]
20261003_12:00:00   2.0318e-01   5.3634e+01   1.7814e+01   2.5570e-02   0.0000e+00   2.6668e+02
20261003_13:00:00   2.2077e-01   5.7630e+01   1.7980e+01   4.6340e-02   2.9240e-06   2.6760e+02
20261003_14:00:00   2.4147e-01   6.2225e+01   1.8249e+01   7.0250e-02   8.0680e-05   2.6827e+02
20261003_15:00:00   2.2780e-01   5.9199e+01   1.8080e+01   5.5029e-02   4.6800e-05   2.6692e+02
20261003_16:00:00   2.1982e-01   5.7436e+01   1.8169e+01   4.4150e-02   2.4840e-05   2.6618e+02
20261003_17:00:00   2.0062e-01   5.3132e+01   1.8412e+01   1.9627e-02   0.0000e+00   2.6506e+02
20261003_18:00:00   2.0360e-01   5.3856e+01   1.9078e+01   1.6618e-02   6.2100e-06   2.6239e+02
20261003_19:00:00   2.3589e-01   6.1066e+01   1.9885e+01   4.6937e-02   2.4838e-06   2.6190e+02
20261003_20:00:00   3.1289e-01   7.7282e+01   2.0655e+01   1.3022e-01   0.0000e+00   2.6420e+02
20261003_21:00:00   4.0526e-01   9.4977e+01   2.1264e+01   2.2987e-01   0.0000e+00   2.6494e+02
20261003_22:00:00   2.7883e-01   7.0195e+01   2.0749e+01   8.5482e-02   0.0000e+00   2.6574e+02
20261003_23:00:00   2.3722e-01   6.1404e+01   2.0063e+01   4.3197e-02   1.6558e-06   2.6594e+02
20261004_00:00:00   2.0376e-01   5.4036e+01   1.9399e+01   9.9935e-03   2.4840e-06   2.6590e+02
20261004_01:00:00   2.0358e-01   5.3983e+01   1.9258e+01   1.1265e-02   0.0000e+00   2.6494e+02
20261004_02:00:00   1.9401e-01   5.1797e+01   1.8677e+01   7.2480e-03   0.0000e+00   2.6408e+02
20261004_03:00:00   1.8983e-01   5.0810e+01   1.8527e+01   2.5240e-03   0.0000e+00   2.6419e+02
20261004_04:00:00   1.9039e-01   5.0897e+01   1.8693e+01   8.5020e-06   0.0000e+00   2.6503e+02
20261004_05:00:00   1.9385e-01   5.1666e+01   1.8771e+01   1.9304e-03   0.0000e+00   2.6646e+02
20261004_06:00:00   1.9846e-01   5.2705e+01   1.8698e+01   7.6780e-03   0.0000e+00   2.6717e+02
20261004_07:00:00   1.9955e-01   5.2933e+01   1.8654e+01   8.9120e-03   0.0000e+00   2.6777e+02
20261004_08:00:00   2.1081e-01   5.5489e+01   1.8488e+01   2.3560e-02   0.0000e+00   2.6648e+02
20261004_09:00:00   2.0673e-01   5.4551e+01   1.8311e+01   2.0582e-02   0.0000e+00   2.6473e+02
20261004_10:00:00   1.9953e-01   5.2894e+01   1.8134e+01   1.4018e-02   0.0000e+00   2.6522e+02
20261004_11:00:00   1.9902e-01   5.2752e+01   1.8337e+01   1.1176e-02   0.0000e+00   2.6694e+02
20261004_12:00:00   1.9799e-01   5.2516e+01   1.8267e+01   1.0519e-02   0.0000e+00   2.6868e+02
20261004_13:00:00   1.9242e-01   5.1248e+01   1.8102e+01   6.0979e-03   0.0000e+00   2.7030e+02
20261004_14:00:00   1.8964e-01   5.0623e+01   1.8370e+01   7.1580e-04   0.0000e+00   2.6953e+02
20261004_15:00:00   1.9565e-01   5.2006e+01   1.8779e+01   3.6900e-03   0.0000e+00   2.6677e+02
20261004_16:00:00   2.2774e-01   5.9279e+01   1.9292e+01   3.6859e-02   0.0000e+00   2.6591e+02
20261004_17:00:00   2.5771e-01   6.5887e+01   1.9904e+01   6.6780e-02   0.0000e+00   2.6799e+02
20261004_18:00:00   2.6619e-01   6.7749e+01   2.0561e+01   6.9699e-02   0.0000e+00   2.6896e+02
20261004_19:00:00   2.6889e-01   6.8355e+01   2.0985e+01   6.8038e-02   0.0000e+00   2.6912e+02
20261004_20:00:00   2.4718e-01   6.3676e+01   2.0416e+01   4.7695e-02   0.0000e+00   2.6881e+02
20261004_21:00:00   2.4594e-01   6.3469e+01   2.0008e+01   5.1120e-02   0.0000e+00   2.6763e+02
20261004_22:00:00   2.6696e-01   6.7933e+01   1.9844e+01   7.6679e-02   0.0000e+00   2.6624e+02
20261004_23:00:00   2.3516e-01   6.1020e+01   1.9420e+01   4.3133e-02   0.0000e+00   2.6495e+02
20261005_00:00:00   2.6464e-01   6.7367e+01   1.9391e+01   7.8722e-02   0.0000e+00   2.6392e+02
20261005_01:00:00   2.9649e-01   7.4022e+01   1.9540e+01   1.1524e-01   0.0000e+00   2.6445e+02
20261005_02:00:00   3.5099e-01   8.4942e+01   1.9605e+01   1.7874e-01   0.0000e+00   2.6616e+02
20261005_03:00:00   3.9297e-01   9.2938e+01   1.9994e+01   2.2299e-01   0.0000e+00   2.6705e+02
20261005_04:00:00   3.5308e-01   8.5290e+01   2.0559e+01   1.6966e-01   0.0000e+00   2.6613e+02
20261005_05:00:00   3.5351e-01   8.5214e+01   2.1101e+01   1.6230e-01   0.0000e+00   2.6658e+02
20261005_06:00:00   2.8361e-01   7.1187e+01   2.0969e+01   8.1326e-02   0.0000e+00   2.6678e+02
20261005_07:00:00   2.7884e-01   7.0151e+01   2.0606e+01   8.0036e-02   0.0000e+00   2.6649e+02
20261005_08:00:00   2.4095e-01   6.2126e+01   2.0638e+01   3.6239e-02   0.0000e+00   2.6543e+02
20261005_09:00:00   2.1548e-01   5.6557e+01   2.0779e+01   5.2079e-03   0.0000e+00   2.6384e+02
20261005_10:00:00   2.1715e-01   5.6914e+01   2.0720e+01   7.6715e-03   0.0000e+00   2.6284e+02
20261005_11:00:00   2.1470e-01   5.6380e+01   2.0660e+01   4.9746e-03   0.0000e+00   2.6310e+02
20261005_12:00:00   2.2172e-01   5.7928e+01   2.1235e+01   6.8882e-03   2.9240e-06   2.6365e+02
20261005_13:00:00   2.3625e-01   6.1191e+01   2.1531e+01   2.1109e-02   2.9240e-06   2.6432e+02
20261005_14:00:00   2.3115e-01   6.0060e+01   2.1544e+01   1.4395e-02   0.0000e+00   2.6415e+02
20261005_15:00:00   2.3779e-01   6.1574e+01   2.1466e+01   2.3045e-02   2.9240e-06   2.6459e+02
20261005_16:00:00   2.4578e-01   6.3358e+01   2.1621e+01   3.1252e-02   2.9240e-06   2.6497e+02
20261005_17:00:00   2.3754e-01   6.1650e+01   2.1808e+01   2.0109e-02   0.0000e+00   2.6691e+02
20261005_18:00:00   2.6522e-01   6.7783e+01   2.1763e+01   5.6121e-02   0.0000e+00   2.6656e+02
20261005_19:00:00   2.9137e-01   7.3402e+01   2.2533e+01   8.4374e-02   5.7542e-05   2.6636e+02
20261005_20:00:00   2.6919e-01   6.8640e+01   2.3557e+01   5.0566e-02   3.7880e-04   2.6602e+02
20261005_21:00:00   3.8928e-01   9.2557e+01   2.4653e+01   1.8355e-01   6.2660e-02   2.6755e+02
20261005_22:00:00   5.2973e-01   1.1732e+02   2.5727e+01   3.4142e-01   2.9882e-02   2.6677e+02
20261005_23:00:00   3.4097e-01   8.3142e+01   2.6034e+01   1.1352e-01   3.5110e-02   2.6515e+02
20261006_00:00:00   3.0469e-01   7.5744e+01   2.6789e+01   6.3331e-02   2.1536e-02   2.6459e+02
20261006_01:00:00   2.9184e-01   7.3028e+01   2.7477e+01   4.3175e-02   6.2030e-02   2.6443e+02
20261006_02:00:00   2.6945e-01   6.8300e+01   2.7461e+01   1.7134e-02   1.5317e-01   2.6514e+02
20261006_03:00:00   2.6080e-01   6.6388e+01   2.8261e+01   1.4182e-03   1.9231e-01   2.6574e+02
20261006_04:00:00   2.7794e-01   6.9867e+01   2.8733e+01   2.0236e-02   7.8014e-02   2.6585e+02
20261006_05:00:00   2.6515e-01   6.7203e+01   2.8416e+01   1.0878e-02   2.7116e-01   2.6628e+02
20261006_06:00:00   2.5750e-01   6.5576e+01   2.8613e+01   1.4500e-03   2.1127e-01   2.6644e+02
20261006_07:00:00   2.6178e-01   6.6450e+01   2.8976e+01   3.7760e-03   1.3179e-01   2.6642e+02
20261006_08:00:00   2.5656e-01   6.5342e+01   2.8741e+01   1.4914e-03   3.5352e-02   2.6640e+02
20261006_09:00:00   2.7167e-01   6.8511e+01   2.8376e+01   2.1300e-02   2.4731e-02   2.6613e+02
20261006_10:00:00   2.8119e-01   7.0482e+01   2.8157e+01   3.4140e-02   7.8685e-03   2.6545e+02
20261006_11:00:00   2.7130e-01   6.8449e+01   2.7927e+01   2.4020e-02   8.9338e-04   2.6554e+02
20261006_12:00:00   2.4671e-01   6.3350e+01   2.6947e+01   3.3440e-03   1.7054e-05   2.6502e+02
20261006_13:00:00   2.4741e-01   6.3523e+01   2.6513e+01   6.7060e-03   0.0000e+00   2.6477e+02
20261006_14:00:00   2.5227e-01   6.4569e+01   2.6248e+01   1.2808e-02   0.0000e+00   2.6456e+02
20261006_15:00:00   2.3997e-01   6.2014e+01   2.5908e+01   4.4240e-04   0.0000e+00   2.6481e+02
20261006_16:00:00   2.4503e-01   6.3163e+01   2.6164e+01   2.4857e-03   0.0000e+00   2.6504e+02
20261006_17:00:00   2.5695e-01   6.5790e+01   2.6856e+01   8.4548e-03   0.0000e+00   2.6527e+02
20261006_18:00:00   2.7988e-01   7.0730e+01   2.7374e+01   3.1467e-02   0.0000e+00   2.6559e+02
20261006_19:00:00   4.0849e-01   9.6112e+01   2.7878e+01   1.7890e-01   0.0000e+00   2.6587e+02
20261006_20:00:00   6.3677e-01   1.3336e+02   2.8678e+01   4.3452e-01   0.0000e+00   2.6556e+02
20261006_21:00:00   5.6534e-01   1.2251e+02   2.8953e+01   3.4803e-01   0.0000e+00   2.6543e+02
20261006_22:00:00   3.8613e-01   9.1793e+01   2.8772e+01   1.4186e-01   0.0000e+00   2.6625e+02
20261006_23:00:00   2.7863e-01   7.0513e+01   2.8343e+01   2.0702e-02   0.0000e+00   2.6622e+02
20261007_00:00:00   2.5613e-01   6.5804e+01   2.7770e+01   2.0700e-06   0.0000e+00   2.6652e+02
20261007_01:00:00   2.5527e-01   6.5616e+01   2.7672e+01   0.0000e+00   0.0000e+00   2.6756e+02
20261007_02:00:00   2.5254e-01   6.5019e+01   2.7367e+01   0.0000e+00   0.0000e+00   2.6909e+02
20261007_03:00:00   2.5016e-01   6.4514e+01   2.7047e+01   0.0000e+00   0.0000e+00   2.7174e+02
20261007_04:00:00   2.5068e-01   6.4606e+01   2.6999e+01   0.0000e+00   0.0000e+00   2.7479e+02
20261007_05:00:00   2.5327e-01   6.5116e+01   2.7252e+01   0.0000e+00   0.0000e+00   2.7717e+02
20261007_06:00:00   2.5571e-01   6.5581e+01   2.7654e+01   0.0000e+00   1.5902e-04   2.7930e+02
20261007_07:00:00   2.5577e-01   6.5568e+01   2.7703e+01   0.0000e+00   5.4920e-05   2.7906e+02
20261007_08:00:00   2.6529e-01   6.7511e+01   2.7805e+01   1.0334e-02   0.0000e+00   2.7989e+02
20261007_09:00:00   3.3871e-01   8.2220e+01   2.7832e+01   9.3879e-02   0.0000e+00   2.8131e+02
20261007_10:00:00   4.1976e-01   9.7330e+01   2.7720e+01   1.8786e-01   0.0000e+00   2.8102e+02
20261007_11:00:00   5.5325e-01   1.1966e+02   2.7711e+01   3.3866e-01   8.3240e-06   2.8128e+02
20261007_12:00:00   4.8924e-01   1.0932e+02   2.7847e+01   2.6427e-01   2.9416e-05   2.8116e+02
20261007_13:00:00   3.4416e-01   8.3257e+01   2.7384e+01   1.0340e-01   1.9438e-05   2.8048e+02
20261007_14:00:00   3.2866e-01   8.0236e+01   2.6870e+01   8.9597e-02   1.1028e-05   2.8054e+02
20261007_15:00:00   2.8155e-01   7.0784e+01   2.6575e+01   3.9114e-02   1.0178e-05   2.8118e+02
20261007_16:00:00   2.5984e-01   6.6298e+01   2.6739e+01   1.3080e-02   1.1418e-04   2.8203e+02
20261007_17:00:00   2.6029e-01   6.6370e+01   2.7226e+01   1.2490e-02   5.7680e-04   2.8062e+02
20261007_18:00:00   2.6473e-01   6.7305e+01   2.8062e+01   1.2110e-02   1.4789e-03   2.7892e+02
20261007_19:00:00   2.6479e-01   6.7219e+01   2.9401e+01   2.7135e-03   2.4139e-03   2.7887e+02
20261007_20:00:00   2.8854e-01   7.2169e+01   3.0441e+01   2.2160e-02   4.2595e-02   2.7933e+02
20261007_21:00:00   3.2031e-01   7.8608e+01   3.1015e+01   5.3997e-02   8.0898e-02   2.7935e+02
20261007_22:00:00   4.3257e-01   9.9666e+01   3.1059e+01   1.8233e-01   1.5028e-01   2.7990e+02
20261007_23:00:00   6.5513e-01   1.3456e+02   3.1062e+01   4.3080e-01   1.4728e-01   2.8207e+02
20261008_00:00:00   4.9853e-01   1.1048e+02   3.0803e+01   2.5126e-01   5.5498e-02   2.8481e+02
20261008_01:00:00   3.3813e-01   8.1830e+01   3.0006e+01   7.4256e-02   9.4854e-03   2.8820e+02
20261008_02:00:00   2.9078e-01   7.2402e+01   2.8936e+01   2.9802e-02   1.2368e-03   2.8894e+02
20261008_03:00:00   3.2815e-01   7.9864e+01   2.7947e+01   8.2791e-02   1.1348e-03   2.8982e+02
20261008_04:00:00   3.3356e-01   8.0741e+01   2.7125e+01   9.8385e-02   2.9842e-02   2.9080e+02
20261008_05:00:00   2.5119e-01   6.4044e+01   2.6797e+01   7.3534e-03   9.1056e-03   2.9229e+02
20261008_06:00:00   2.4433e-01   6.2539e+01   2.6245e+01   4.9859e-03   3.3991e-03   2.9270e+02
20261008_07:00:00   2.3620e-01   6.0755e+01   2.5793e+01   5.1375e-04   2.1538e-02   2.9338e+02
20261008_08:00:00   2.3957e-01   6.1409e+01   2.6266e+01   2.8520e-04   1.1503e-02   2.9269e+02
20261008_09:00:00   2.4025e-01   6.1495e+01   2.6061e+01   3.8891e-03   5.6246e-03   2.9250e+02
20261008_10:00:00   2.3677e-01   6.0734e+01   2.5849e+01   1.9694e-03   2.2203e-02   2.9089e+02
20261008_11:00:00   2.7384e-01   6.8563e+01   2.6391e+01   3.6506e-02   2.6072e-02   2.9261e+02
20261008_12:00:00   3.9757e-01   9.2694e+01   2.6478e+01   1.7641e-01   4.3240e-02   2.9427e+02
20261008_15:00:00   3.1727e-01   7.6973e+01   2.4605e+01   1.0650e-01   1.6485e-02   3.0576e+02
20261008_18:00:00   2.8819e-01   7.1261e+01   2.6901e+01   4.8602e-02   2.1350e-02   3.0867e+02
20261008_21:00:00   3.9220e-01   9.1249e+01   2.7141e+01   1.6556e-01   2.7608e-02   2.9747e+02
20261009_00:00:00   3.2338e-01   7.8112e+01   2.6324e+01   9.7588e-02   2.0086e-02   2.9309e+02
20261009_03:00:00   2.1834e-01   5.6395e+01   2.3539e+01   7.8760e-03   1.4668e-02   2.9529e+02
20261009_06:00:00   1.8870e-01   4.9808e+01   2.0731e+01   0.0000e+00   1.6219e-03   2.9498e+02
20261009_09:00:00   1.7939e-01   4.7614e+01   1.9639e+01   0.0000e+00   2.5235e-03   2.9330e+02
20261009_12:00:00   1.7186e-01   4.5955e+01   1.8195e+01   0.0000e+00   1.6558e-06   2.9688e+02
20261009_15:00:00   1.7609e-01   4.7040e+01   1.8158e+01   0.0000e+00   0.0000e+00   2.9586e+02
20261009_18:00:00   2.1610e-01   5.6224e+01   1.9815e+01   2.8375e-02   0.0000e+00   2.9374e+02
20261009_21:00:00   2.7741e-01   6.9559e+01   2.0139e+01   9.2126e-02   0.0000e+00   2.9080e+02
20261010_00:00:00   1.8847e-01   5.0224e+01   1.8820e+01   1.1036e-03   0.0000e+00   2.9012e+02
20261010_03:00:00   1.9187e-01   5.0999e+01   1.8526e+01   7.2820e-03   0.0000e+00   2.8855e+02
20261010_06:00:00   1.8977e-01   5.0522e+01   1.8206e+01   8.0320e-03   0.0000e+00   2.8884e+02
20261010_09:00:00   1.8025e-01   4.8347e+01   1.7843e+01   1.5978e-04   0.0000e+00   2.8291e+02
20261010_12:00:00   1.7743e-01   4.7708e+01   1.7418e+01   0.0000e+00   0.0000e+00   2.7777e+02
20261010_15:00:00   1.7739e-01   4.7737e+01   1.7478e+01   0.0000e+00   0.0000e+00   2.7945e+02
20261010_18:00:00   2.0370e-01   5.3920e+01   1.8503e+01   2.0260e-02   0.0000e+00   2.7997e+02
20261010_21:00:00   4.2538e-01   9.8604e+01   1.8842e+01   2.7577e-01   0.0000e+00   2.7760e+02
20261011_00:00:00   2.0680e-01   5.4744e+01   1.6999e+01   4.1174e-02   1.2038e-03   2.7409e+02
20261011_03:00:00   1.5644e-01   4.3151e+01   1.5165e+01   2.4840e-05   0.0000e+00   2.7357e+02
20261011_06:00:00   1.3820e-01   3.8726e+01   1.2996e+01   0.0000e+00   1.5856e-03   2.7381e+02
20261011_09:00:00   1.5335e-01   4.2353e+01   1.5240e+01   0.0000e+00   1.1105e-03   2.7074e+02
20261011_12:00:00   1.6515e-01   4.5142e+01   1.6884e+01   0.0000e+00   0.0000e+00   2.6856e+02
20261011_15:00:00   1.6395e-01   4.4906e+01   1.7171e+01   0.0000e+00   0.0000e+00   2.7052e+02
20261011_18:00:00   1.6931e-01   4.6364e+01   1.7687e+01   0.0000e+00   0.0000e+00   2.6787e+02
20261011_21:00:00   1.7733e-01   4.8361e+01   1.8648e+01   0.0000e+00   0.0000e+00   2.6809e+02
20261012_00:00:00   1.7393e-01   4.7592e+01   1.8243e+01   0.0000e+00   0.0000e+00   2.6742e+02
20261012_03:00:00   1.9819e-01   5.3211e+01   2.1096e+01   0.0000e+00   0.0000e+00   2.6685e+02
20261012_06:00:00   1.9426e-01   5.2254e+01   2.0864e+01   0.0000e+00   0.0000e+00   2.6561e+02
20261012_09:00:00   2.4305e-01   6.3050e+01   2.1739e+01   4.2440e-02   0.0000e+00   2.6417e+02
20261012_12:00:00   1.8969e-01   5.1082e+01   2.0025e+01   0.0000e+00   0.0000e+00   2.6370e+02
20261012_15:00:00   1.5766e-01   4.3529e+01   1.6280e+01   0.0000e+00   0.0000e+00   2.6554e+02
20261012_18:00:00   1.4217e-01   3.9905e+01   1.4318e+01   0.0000e+00   0.0000e+00   2.6663e+02
20261012_21:00:00   1.3444e-01   3.7935e+01   1.3850e+01   0.0000e+00   0.0000e+00   2.6452e+02
20261013_00:00:00   1.4546e-01   4.0564e+01   1.5270e+01   0.0000e+00   0.0000e+00   2.6310e+02
20261013_03:00:00   1.5089e-01   4.1852e+01   1.5796e+01   0.0000e+00   0.0000e+00   2.6523e+02
20261013_06:00:00   1.5687e-01   4.3234e+01   1.6432e+01   0.0000e+00   0.0000e+00   2.6390e+02
20261013_09:00:00   1.7401e-01   4.7204e+01   1.8211e+01   0.0000e+00   0.0000e+00   2.6233e+02
20261013_12:00:00   1.6754e-01   4.5719e+01   1.7240e+01   0.0000e+00   0.0000e+00   2.6718e+02
20261013_15:00:00   1.6500e-01   4.5151e+01   1.6652e+01   0.0000e+00   0.0000e+00   2.6570e+02
20261013_18:00:00   1.6181e-01   4.4526e+01   1.6417e+01   0.0000e+00   0.0000e+00   2.6557e+02
20261013_21:00:00   1.4473e-01   4.0498e+01   1.4729e+01   0.0000e+00   0.0000e+00   2.6768e+02
20261014_00:00:00   1.4296e-01   4.0121e+01   1.4246e+01   0.0000e+00   0.0000e+00   2.6759e+02
20261014_03:00:00   1.4738e-01   4.1202e+01   1.4294e+01   0.0000e+00   0.0000e+00   2.6837e+02
20261014_06:00:00   1.3540e-01   3.8291e+01   1.2770e+01   0.0000e+00   0.0000e+00   2.6814e+02
20261014_09:00:00   1.4131e-01   3.9676e+01   1.3353e+01   0.0000e+00   0.0000e+00   2.6646e+02
20261014_12:00:00   1.1618e-01   3.3348e+01   1.0607e+01   0.0000e+00   0.0000e+00   2.6949e+02
20261014_15:00:00   1.0283e-01   2.9960e+01   8.8715e+00   0.0000e+00   0.0000e+00   2.6983e+02
20261014_18:00:00   1.1676e-01   3.3443e+01   1.0739e+01   0.0000e+00   0.0000e+00   2.7076e+02
20261014_21:00:00   1.1172e-01   3.2113e+01   1.0320e+01   0.0000e+00   0.0000e+00   2.6928e+02
20261015_00:00:00   1.1224e-01   3.2233e+01   1.0527e+01   0.0000e+00   0.0000e+00   2.6907e+02
20261015_03:00:00   1.1624e-01   3.3175e+01   1.1129e+01   0.0000e+00   0.0000e+00   2.7201e+02
20261015_06:00:00   1.2245e-01   3.4681e+01   1.1815e+01   0.0000e+00   0.0000e+00   2.7068e+02
20261015_09:00:00   1.2571e-01   3.5434e+01   1.2099e+01   0.0000e+00   0.0000e+00   2.7267e+02
20261015_12:00:00   1.3062e-01   3.6582e+01   1.2514e+01   0.0000e+00   0.0000e+00   2.7417e+02
20261015_15:00:00   1.2681e-01   3.5676e+01   1.1916e+01   0.0000e+00   0.0000e+00   2.7316e+02
20261015_18:00:00   1.2080e-01   3.4275e+01   1.1129e+01   0.0000e+00   0.0000e+00   2.7347e+02
20261015_21:00:00   1.1692e-01   3.3368e+01   1.0638e+01   0.0000e+00   0.0000e+00   2.7465e+02
20261016_00:00:00   1.1946e-01   3.4047e+01   1.0726e+01   0.0000e+00   0.0000e+00   2.7530e+02
20261016_03:00:00   1.3766e-01   3.8547e+01   1.2762e+01   0.0000e+00   0.0000e+00   2.7463e+02
20261016_06:00:00   1.7210e-01   4.6771e+01   1.7028e+01   0.0000e+00   0.0000e+00   2.7280e+02
20261016_09:00:00   2.0455e-01   5.4207e+01   2.1069e+01   0.0000e+00   0.0000e+00   2.7118e+02
20261016_12:00:00   2.2391e-01   5.8482e+01   2.3523e+01   0.0000e+00   0.0000e+00   2.7002e+02
20261016_15:00:00   2.3078e-01   6.0007e+01   2.4286e+01   0.0000e+00   0.0000e+00   2.6930e+02
20261016_18:00:00   2.3077e-01   6.0217e+01   2.3834e+01   2.9740e-03   0.0000e+00   2.7032e+02
20261016_21:00:00   4.4652e-01   1.0336e+02   2.3015e+01   2.6489e-01   0.0000e+00   2.7116e+02
20261017_00:00:00   2.9031e-01   7.3305e+01   2.1680e+01   8.7920e-02   0.0000e+00   2.7138e+02
20261017_03:00:00   2.0095e-01   5.3754e+01   1.9853e+01   0.0000e+00   0.0000e+00   2.7300e+02
20261017_06:00:00   1.9998e-01   5.3449e+01   1.9712e+01   0.0000e+00   0.0000e+00   2.6999e+02
20261017_09:00:00   2.1283e-01   5.6284e+01   2.1028e+01   0.0000e+00   0.0000e+00   2.6767e+02
20261017_12:00:00   2.1755e-01   5.7256e+01   2.1562e+01   0.0000e+00   0.0000e+00   2.6536e+02
20261017_15:00:00   2.3295e-01   6.0630e+01   2.2786e+01   4.0810e-03   0.0000e+00   2.6399e+02
20261017_18:00:00   2.7184e-01   6.9214e+01   2.4520e+01   3.4846e-02   0.0000e+00   2.6315e+02
20261017_21:00:00   3.4508e-01   8.4456e+01   2.3712e+01   1.3654e-01   0.0000e+00   2.6297e+02
20261018_00:00:00   2.9595e-01   7.4129e+01   2.4330e+01   6.8740e-02   0.0000e+00   2.6210e+02
20261018_03:00:00   2.3565e-01   6.1142e+01   2.3507e+01   6.6101e-03   0.0000e+00   2.5997e+02
20261018_06:00:00   2.3825e-01   6.1514e+01   2.4679e+01   0.0000e+00   0.0000e+00   2.5839e+02
20261018_09:00:00   2.3447e-01   6.0612e+01   2.4489e+01   0.0000e+00   0.0000e+00   2.5821e+02
20261018_12:00:00   2.3536e-01   6.0774e+01   2.4585e+01   0.0000e+00   0.0000e+00   2.5547e+02
20261018_15:00:00   2.3848e-01   6.1456e+01   2.5189e+01   0.0000e+00   0.0000e+00   2.5592e+02
20261018_18:00:00   2.8492e-01   7.1644e+01   2.6441e+01   4.4174e-02   0.0000e+00   2.5528e+02
20261018_21:00:00   6.4143e-01   1.3448e+02   2.5826e+01   4.7249e-01   0.0000e+00   2.5461e+02
20261019_00:00:00   2.8948e-01   7.2592e+01   2.1374e+01   8.8385e-02   0.0000e+00   2.5472e+02
20261019_03:00:00   1.7209e-01   4.6769e+01   1.6743e+01   0.0000e+00   0.0000e+00   2.5495e+02
20261019_06:00:00   1.4318e-01   3.9792e+01   1.3541e+01   0.0000e+00   0.0000e+00   2.5388e+02
20261019_09:00:00   1.2572e-01   3.5505e+01   1.1616e+01   0.0000e+00   0.0000e+00   2.5156e+02
20261019_12:00:00   1.2519e-01   3.5327e+01   1.1741e+01   0.0000e+00   0.0000e+00   2.5335e+02
