#            date       tau255        Tb[K]      pwv[mm] lwp[kg*m^-2] iwp[kg*m^-2]       o3[DU]
20261004_06:00:00   1.8529e-01   4.9718e+01   1.7413e+01   4.7560e-03   0.0000e+00   2.7306e+02
20261004_07:00:00   1.8278e-01   4.9107e+01   1.7582e+01   0.0000e+00   0.0000e+00   2.7491e+02
20261004_08:00:00   1.8206e-01   4.8941e+01   1.7456e+01   0.0000e+00   0.0000e+00   2.7471e+02
20261004_09:00:00   1.8208e-01   4.8927e+01   1.7421e+01   0.0000e+00   0.0000e+00   2.7232e+02
20261004_10:00:00   1.8189e-01   4.8872e+01   1.7432e+01   0.0000e+00   0.0000e+00   2.6980e+02
20261004_11:00:00   1.8125e-01   4.8715e+01   1.7458e+01   0.0000e+00   0.0000e+00   2.6802e+02
20261004_12:00:00   1.8235e-01   4.8946e+01   1.7698e+01   0.0000e+00   0.0000e+00   2.6601e+02
20261004_13:00:00   1.8592e-01   4.9741e+01   1.8140e+01   0.0000e+00   0.0000e+00   2.6488e+02
20261004_14:00:00   1.9407e-01   5.1592e+01   1.9043e+01   0.0000e+00   0.0000e+00   2.6546e+02
20261004_15:00:00   2.0343e-01   5.3706e+01   1.9794e+01   3.3002e-03   0.0000e+00   2.6622e+02
20261004_16:00:00   2.2797e-01   5.9219e+01   2.0248e+01   2.8344e-02   0.0000e+00   2.6504e+02
20261004_17:00:00   3.1002e-01   7.6785e+01   2.0712e+01   1.2251e-01   0.0000e+00   2.6437e+02
20261004_18:00:00   3.5746e-01   8.6307e+01   2.1024e+01   1.7722e-01   0.0000e+00   2.6416e+02
20261004_19:00:00   2.8084e-01   7.0759e+01   2.1091e+01   8.4871e-02   0.0000e+00   2.6389e+02
20261004_20:00:00   2.4715e-01   6.3593e+01   2.0991e+01   4.6282e-02   0.0000e+00   2.6597e+02
20261004_21:00:00   2.5073e-01   6.4449e+01   2.1061e+01   5.0942e-02   0.0000e+00   2.6583e+02
20261004_22:00:00   2.5716e-01   6.5890e+01   2.1130e+01   5.8762e-02   0.0000e+00   2.6374e+02
20261004_23:00:00   2.6090e-01   6.6641e+01   2.1326e+01   6.0082e-02   0.0000e+00   2.6317e+02
20261005_00:00:00   3.3231e-01   8.1283e+01   2.1605e+01   1.3920e-01   0.0000e+00   2.6381e+02
20261005_01:00:00   2.9051e-01   7.2765e+01   2.1675e+01   8.7950e-02   0.0000e+00   2.6497e+02
20261005_02:00:00   2.6068e-01   6.6432e+01   2.1464e+01   5.4784e-02   0.0000e+00   2.6836e+02
20261005_03:00:00   2.4214e-01   6.2460e+01   2.1360e+01   3.4168e-02   0.0000e+00   2.7015e+02
20261005_04:00:00   2.5310e-01   6.4781e+01   2.1634e+01   4.3678e-02   0.0000e+00   2.7062e+02
20261005_05:00:00   3.1310e-01   7.7282e+01   2.1921e+01   1.1052e-01   0.0000e+00   2.7018e+02
20261005_06:00:00   3.2212e-01   7.9072e+01   2.2031e+01   1.1948e-01   8.2780e-07   2.6924e+02
20261005_07:00:00   3.4386e-01   8.3438e+01   2.1751e+01   1.4801e-01   9.7180e-07   2.6675e+02
20261005_08:00:00   3.1137e-01   7.6988e+01   2.1468e+01   1.1129e-01   0.0000e+00   2.6432e+02
20261005_09:00:00   2.9143e-01   7.2820e+01   2.1509e+01   8.6011e-02   0.0000e+00   2.6388e+02
20261005_10:00:00   4.0293e-01   9.4394e+01   2.1828e+01   2.1161e-01   0.0000e+00   2.6206e+02
20261005_11:00:00   5.0449e-01   1.1204e+02   2.1982e+01   3.2792e-01   0.0000e+00   2.6137e+02
20261005_12:00:00   3.9491e-01   9.2820e+01   2.2136e+01   1.9966e-01   0.0000e+00   2.6229e+02
20261005_13:00:00   3.7214e-01   8.8591e+01   2.2329e+01   1.7148e-01   0.0000e+00   2.6405e+02
20261005_14:00:00   3.8123e-01   9.0136e+01   2.3072e+01   1.7234e-01   3.9160e-05   2.6528e+02
20261005_15:00:00   5.2291e-01   1.1469e+02   2.3497e+01   3.2885e-01   5.0360e-05   2.6380e+02
20261005_16:00:00   3.9835e-01   9.3480e+01   2.3735e+01   1.8425e-01   3.2160e-05   2.6265e+02
20261005_17:00:00   4.4860e-01   1.0248e+02   2.4205e+01   2.3682e-01   2.8560e-05   2.6252e+02
20261005_18:00:00   4.6432e-01   1.0505e+02   2.4616e+01   2.5012e-01   3.2220e-05   2.6263e+02
20261005_19:00:00   3.2064e-01   7.8728e+01   2.4599e+01   8.8623e-02   2.4602e-05   2.6310e+02
20261005_20:00:00   3.4606e-01   8.4085e+01   2.5242e+01   1.1601e-01   3.8020e-05   2.6324e+02
20261005_21:00:00   4.4452e-01   1.0279e+02   2.6019e+01   2.2672e-01   3.8020e-05   2.6375e+02
20261005_22:00:00   5.1081e-01   1.1428e+02   2.6655e+01   2.9969e-01   6.8219e-06   2.6426e+02
20261005_23:00:00   4.2112e-01   9.8414e+01   2.7128e+01   1.8817e-01   4.3258e-05   2.6380e+02
20261006_00:00:00   2.9864e-01   7.4616e+01   2.7083e+01   4.3743e-02   1.7440e-05   2.6336e+02
20261006_01:00:00   2.7306e-01   6.9275e+01   2.6896e+01   1.6010e-02   5.6240e-05   2.6314e+02
20261006_02:00:00   2.8078e-01   7.0736e+01   2.7214e+01   2.3534e-02   1.3227e-04   2.6522e+02
20261006_03:00:00   2.9107e-01   7.2689e+01   2.7425e+01   3.7015e-02   3.9610e-04   2.6617e+02
20261006_04:00:00   2.9736e-01   7.3877e+01   2.6792e+01   5.1701e-02   2.2421e-04   2.6722e+02
20261006_05:00:00   2.6527e-01   6.7332e+01   2.6236e+01   2.0559e-02   1.2456e-04   2.6976e+02
20261006_06:00:00   2.5016e-01   6.4166e+01   2.6143e+01   4.6563e-03   3.8170e-04   2.7090e+02
20261006_07:00:00   2.4755e-01   6.3626e+01   2.5603e+01   6.4780e-03   0.0000e+00   2.7064e+02
20261006_08:00:00   2.4834e-01   6.3746e+01   2.5931e+01   7.5380e-03   9.4254e-04   2.6817e+02
20261006_09:00:00   2.8454e-01   7.1255e+01   2.6355e+01   4.8360e-02   1.6013e-03   2.6625e+02
20261006_10:00:00   3.8579e-01   9.0958e+01   2.6521e+01   1.6328e-01   4.5600e-04   2.6594e+02
20261006_11:00:00   4.5578e-01   1.0345e+02   2.6807e+01   2.4056e-01   3.5230e-03   2.6536e+02
20261006_12:00:00   5.1597e-01   1.1350e+02   2.7146e+01   3.0653e-01   7.8134e-02   2.6484e+02
20261006_13:00:00   4.3119e-01   9.9144e+01   2.7856e+01   2.0560e-01   2.1081e-02   2.6485e+02
20261006_14:00:00   3.3446e-01   8.1152e+01   2.8092e+01   9.4601e-02   5.2194e-02   2.6548e+02
20261006_15:00:00   2.5177e-01   6.4409e+01   2.8114e+01   3.8700e-04   1.4524e-01   2.6641e+02
20261006_16:00:00   2.5694e-01   6.5594e+01   2.8567e+01   0.0000e+00   3.6785e-03   2.6691e+02
20261006_17:00:00   2.5166e-01   6.4626e+01   2.7753e+01   1.9516e-04   3.0020e-05   2.6710e+02
20261006_18:00:00   2.5462e-01   6.5384e+01   2.7584e+01   4.0726e-03   2.4840e-06   2.6807e+02
20261006_19:00:00   2.6945e-01   6.8549e+01   2.8612e+01   1.2528e-02   0.0000e+00   2.6954e+02
20261006_20:00:00   2.9517e-01   7.3981e+01   2.9209e+01   3.7679e-02   0.0000e+00   2.6894e+02
20261006_21:00:00   3.1209e-01   7.7428e+01   2.8835e+01   5.9940e-02   0.0000e+00   2.6871e+02
20261006_22:00:00   2.7589e-01   7.0035e+01   2.7556e+01   2.8579e-02   0.0000e+00   2.6861e+02
20261006_23:00:00   4.3936e-01   1.0172e+02   2.6929e+01   2.2347e-01   0.0000e+00   2.6936e+02
20261007_00:00:00   4.6515e-01   1.0596e+02   2.7983e+01   2.4073e-01   0.0000e+00   2.7154e+02
20261007_01:00:00   3.8244e-01   9.1048e+01   2.6691e+01   1.5611e-01   1.1214e-03   2.7456e+02
20261007_02:00:00   2.5331e-01   6.5265e+01   2.5741e+01   1.5928e-02   9.4530e-03   2.7664e+02
20261007_03:00:00   2.4422e-01   6.3307e+01   2.5684e+01   5.5792e-03   3.7202e-02   2.7785e+02
20261007_04:00:00   2.3710e-01   6.1734e+01   2.5240e+01   2.1777e-03   1.3603e-01   2.7877e+02
20261007_05:00:00   2.3431e-01   6.1103e+01   2.4745e+01   2.1381e-03   1.7682e-01   2.7970e+02
20261007_06:00:00   2.4252e-01   6.2807e+01   2.5448e+01   5.6410e-03   1.1893e-01   2.7857e+02
20261007_07:00:00   2.3978e-01   6.2188e+01   2.5209e+01   6.4420e-03   1.2268e-01   2.7781e+02
20261007_08:00:00   2.5079e-01   6.4496e+01   2.6090e+01   1.2170e-02   1.7136e-01   2.7758e+02
20261007_09:00:00   2.5092e-01   6.4522e+01   2.5720e+01   1.5701e-02   7.4914e-02   2.7724e+02
20261007_10:00:00   2.4967e-01   6.4212e+01   2.5559e+01   1.5661e-02   3.9184e-02   2.7706e+02
20261007_11:00:00   2.5318e-01   6.4918e+01   2.5662e+01   2.0648e-02   2.0178e-02   2.7580e+02
20261007_12:00:00   2.3866e-01   6.1796e+01   2.5436e+01   6.6160e-03   7.5884e-03   2.7531e+02
20261007_13:00:00   2.4136e-01   6.2379e+01   2.5075e+01   1.2594e-02   6.4425e-03   2.7590e+02
20261007_14:00:00   2.4178e-01   6.2471e+01   2.5092e+01   1.0578e-02   7.6481e-03   2.7658e+02
20261007_15:00:00   2.3496e-01   6.1032e+01   2.4882e+01   3.7318e-03   1.5683e-03   2.7761e+02
20261007_16:00:00   2.2999e-01   5.9972e+01   2.4611e+01   3.5120e-04   1.0348e-06   2.7873e+02
20261007_17:00:00   2.3923e-01   6.2016e+01   2.4837e+01   8.2920e-03   0.0000e+00   2.7888e+02
20261007_18:00:00   2.8661e-01   7.2088e+01   2.5599e+01   5.7960e-02   0.0000e+00   2.7895e+02
20261007_19:00:00   4.1095e-01   9.6240e+01   2.6908e+01   1.9237e-01   2.3160e-05   2.7786e+02
20261007_20:00:00   4.2228e-01   9.8171e+01   2.7268e+01   2.0170e-01   5.1058e-04   2.7698e+02
20261007_21:00:00   3.9759e-01   9.3534e+01   2.6697e+01   1.7772e-01   4.5680e-05   2.7620e+02
20261007_22:00:00   4.2638e-01   9.8786e+01   2.6307e+01   2.1464e-01   9.7820e-06   2.7610e+02
20261007_23:00:00   3.6428e-01   8.7307e+01   2.6806e+01   1.3752e-01   1.6178e-05   2.7626e+02
20261008_00:00:00   3.4912e-01   8.4444e+01   2.6828e+01   1.1981e-01   8.6140e-05   2.7806e+02
20261008_01:00:00   2.6620e-01   6.7620e+01   2.6259e+01   2.8481e-02   1.8808e-05   2.8108e+02
20261008_02:00:00   2.3925e-01   6.1820e+01   2.5541e+01   4.5337e-03   3.2060e-05   2.8475e+02
20261008_03:00:00   2.2752e-01   5.9235e+01   2.4295e+01   2.0717e-03   0.0000e+00   2.8649e+02
20261008_04:00:00   2.2338e-01   5.8268e+01   2.3405e+01   5.3060e-03   0.0000e+00   2.8849e+02
20261008_05:00:00   2.3282e-01   6.0274e+01   2.3497e+01   1.4216e-02   0.0000e+00   2.8767e+02
20261008_06:00:00   2.2876e-01   5.9356e+01   2.3864e+01   6.0120e-03   2.7319e-03   2.8640e+02
20261008_07:00:00   2.2821e-01   5.9152e+01   2.3986e+01   7.4421e-03   1.6728e-02   2.8478e+02
20261008_08:00:00   2.4424e-01   6.2520e+01   2.4027e+01   2.6601e-02   7.1475e-03   2.8709e+02
20261008_09:00:00   2.9587e-01   7.3139e+01   2.4332e+01   8.4250e-02   5.1580e-02   2.8878e+02
20261008_10:00:00   2.8180e-01   7.0161e+01   2.4781e+01   6.4299e-02   1.0788e-01   2.8996e+02
20261008_11:00:00   2.8270e-01   7.0361e+01   2.5013e+01   6.2927e-02   1.5156e-01   2.9200e+02
20261008_12:00:00   3.2581e-01   7.8901e+01   2.5630e+01   1.0624e-01   7.5471e-02   2.9386e+02
20261008_13:00:00   2.8686e-01   7.1054e+01   2.5754e+01   6.2076e-02   2.4350e-01   2.9478e+02
20261008_14:00:00   3.3189e-01   7.9927e+01   2.6029e+01   1.1122e-01   1.6901e-01   2.9412e+02
20261008_15:00:00   3.5648e-01   8.4573e+01   2.5965e+01   1.3902e-01   6.0230e-02   2.9464e+02
20261008_16:00:00   3.4424e-01   8.2231e+01   2.6471e+01   1.1901e-01   1.1360e-01   2.9553e+02
20261008_17:00:00   2.5514e-01   6.4432e+01   2.6309e+01   2.0340e-02   1.1498e-01   2.9574e+02
20261008_18:00:00   2.3396e-01   6.0036e+01   2.5480e+01   6.0400e-03   7.1588e-02   2.9633e+02
20261008_19:00:00   2.4235e-01   6.1893e+01   2.5060e+01   1.7852e-02   3.3232e-03   2.9696e+02
20261008_20:00:00   2.5595e-01   6.4850e+01   2.4886e+01   3.5264e-02   4.1400e-06   2.9705e+02
20261008_21:00:00   2.8594e-01   7.1198e+01   2.4563e+01   7.3986e-02   0.0000e+00   2.9704e+02
20261008_22:00:00   2.9933e-01   7.3885e+01   2.4333e+01   9.3014e-02   5.1760e-04   2.9701e+02
20261008_23:00:00   2.8834e-01   7.1497e+01   2.3867e+01   8.5493e-02   5.6160e-04   2.9650e+02
20261009_00:00:00   2.1009e-01   5.4718e+01   2.2984e+01   4.9780e-03   2.1912e-03   2.9513e+02
20261009_01:00:00   1.8572e-01   4.9198e+01   2.0774e+01   0.0000e+00   3.3714e-03   2.9410e+02
20261009_02:00:00   1.7298e-01   4.6208e+01   1.9378e+01   0.0000e+00   3.0922e-03   2.9488e+02
20261009_03:00:00   1.7087e-01   4.5677e+01   1.9257e+01   0.0000e+00   5.3851e-03   2.9563e+02
20261009_04:00:00   1.7459e-01   4.6539e+01   1.9695e+01   0.0000e+00   2.9368e-02   2.9650e+02
20261009_05:00:00   1.9173e-01   5.0527e+01   2.1037e+01   2.5399e-03   3.7746e-03   2.9567e+02
20261009_06:00:00   2.5913e-01   6.5078e+01   2.2641e+01   6.2362e-02   1.0179e-02   2.9377e+02
20261009_09:00:00   5.1757e-01   1.1222e+02   2.5811e+01   3.1996e-01   1.2603e-01   2.9200e+02
20261009_12:00:00   4.8422e-01   1.0719e+02   2.7089e+01   2.6952e-01   6.0715e-02   2.9120e+02
20261009_15:00:00   6.3761e-01   1.3258e+02   2.8135e+01   4.4328e-01   6.1500e-02   2.9160e+02
20261009_18:00:00   1.1977e+00   1.9408e+02   2.9521e+01   1.0670e+00   5.2789e-01   2.8983e+02
20261009_21:00:00   1.4784e+00   2.1473e+02   2.9458e+01   1.3956e+00   1.8142e-01   2.8629e+02
20261010_00:00:00   7.4758e-01   1.4788e+02   2.8927e+01   5.6864e-01   4.8029e-01   2.8607e+02
20261010_03:00:00   9.6530e-01   1.7418e+02   2.8185e+01   8.3637e-01   1.3128e-01   2.9155e+02
20261010_06:00:00   1.3085e+00   2.0538e+02   2.7474e+01   1.2474e+00   7.6899e-04   2.8833e+02
20261010_09:00:00   1.0957e+00   1.8596e+02   2.6184e+01   9.8795e-01   3.5376e-03   2.8827e+02
20261010_12:00:00   5.2228e-01   1.1487e+02   2.4626e+01   3.3883e-01   1.7562e-03   2.8440e+02
20261010_15:00:00   4.5490e-01   1.0403e+02   2.2662e+01   2.7894e-01   0.0000e+00   2.8437e+02
20261010_18:00:00   3.4472e-01   8.3456e+01   2.1984e+01   1.5355e-01   0.0000e+00   2.8068e+02
20261010_21:00:00   2.4041e-01   6.1873e+01   2.1168e+01   3.8280e-02   0.0000e+00   2.7822e+02
20261011_00:00:00   2.0019e-01   5.3024e+01   1.9837e+01   3.9036e-03   0.0000e+00   2.7603e+02
20261011_03:00:00   1.8635e-01   4.9887e+01   1.8391e+01   0.0000e+00   0.0000e+00   2.7754e+02
20261011_06:00:00   1.6809e-01   4.5715e+01   1.6538e+01   0.0000e+00   0.0000e+00   2.7779e+02
20261011_09:00:00   1.4589e-01   4.0495e+01   1.4047e+01   0.0000e+00   0.0000e+00   2.7329e+02
20261011_12:00:00   1.5082e-01   4.1681e+01   1.4773e+01   0.0000e+00   0.0000e+00   2.7160e+02
20261011_15:00:00   1.5967e-01   4.3880e+01   1.6198e+01   0.0000e+00   0.0000e+00   2.7289e+02
20261011_18:00:00   1.9068e-01   5.1201e+01   2.0390e+01   0.0000e+00   0.0000e+00   2.6999e+02
20261011_21:00:00   1.8777e-01   5.0707e+01   1.9820e+01   1.4794e-03   0.0000e+00   2.6712e+02
20261012_00:00:00   1.9127e-01   5.1650e+01   2.0041e+01   0.0000e+00   0.0000e+00   2.6584e+02
20261012_03:00:00   2.3074e-01   6.0462e+01   2.0919e+01   3.8600e-02   0.0000e+00   2.6763e+02
20261012_06:00:00   1.8504e-01   5.0190e+01   1.9875e+01   0.0000e+00   0.0000e+00   2.6624e+02
20261012_09:00:00   1.8903e-01   5.1043e+01   2.0221e+01   0.0000e+00   0.0000e+00   2.6301e+02
20261012_12:00:00   1.8147e-01   4.9269e+01   1.9556e+01   0.0000e+00   0.0000e+00   2.6102e+02
20261012_15:00:00   1.6940e-01   4.6488e+01   1.8250e+01   0.0000e+00   0.0000e+00   2.6014e+02
20261012_18:00:00   1.8091e-01   4.9209e+01   2.0451e+01   0.0000e+00   0.0000e+00   2.6130e+02
20261012_21:00:00   2.3447e-01   6.1188e+01   2.8124e+01   0.0000e+00   8.6540e-05   2.5999e+02
20261013_00:00:00   2.5040e-01   6.4613e+01   3.0108e+01   3.4520e-04   2.1850e-04   2.5766e+02
20261013_03:00:00   2.4973e-01   6.4429e+01   3.0170e+01   0.0000e+00   4.5840e-05   2.5875e+02
20261013_06:00:00   2.4852e-01   6.4133e+01   3.0097e+01   0.0000e+00   0.0000e+00   2.6063e+02
20261013_09:00:00   2.4452e-01   6.3190e+01   2.9825e+01   0.0000e+00   0.0000e+00   2.5719e+02
20261013_12:00:00   2.5036e-01   6.4319e+01   3.0608e+01   2.9560e-04   1.9781e-04   2.5579e+02
20261013_15:00:00   2.9939e-01   7.4337e+01   3.1506e+01   4.5776e-02   1.7356e-01   2.5617e+02
20261013_18:00:00   3.0024e-01   7.4568e+01   3.1657e+01   4.3821e-02   2.7662e-02   2.5714e+02
20261013_21:00:00   2.6095e-01   6.6725e+01   3.1530e+01   1.0310e-03   3.8620e-03   2.5770e+02
20261014_00:00:00   2.8956e-01   7.2780e+01   3.3041e+01   1.4712e-02   4.1462e-02   2.5931e+02
20261014_03:00:00   4.2254e-01   9.7824e+01   3.3275e+01   1.6252e-01   2.7423e-01   2.6197e+02
20261014_06:00:00   2.6364e-01   6.7389e+01   3.1242e+01   5.2720e-04   3.4038e-03   2.6094e+02
20261014_09:00:00   2.8761e-01   7.2486e+01   3.3267e+01   2.3720e-03   3.7079e-03   2.5957e+02
20261014_12:00:00   2.8298e-01   7.1532e+01   3.3115e+01   0.0000e+00   2.4382e-04   2.6232e+02
20261014_15:00:00   3.0810e-01   7.6609e+01   3.4348e+01   1.5232e-02   1.8867e-04   2.6307e+02
20261014_18:00:00   5.5730e-01   1.2022e+02   3.6297e+01   2.7588e-01   3.3995e-02   2.6186e+02
20261014_21:00:00   4.3517e-01   1.0046e+02   3.7847e+01   1.1956e-01   3.0069e-01   2.6255e+02
20261015_00:00:00   3.2097e-01   7.9377e+01   3.6338e+01   4.3130e-03   1.8172e-02   2.6143e+02
20261015_03:00:00   3.5581e-01   8.6015e+01   3.8175e+01   2.4783e-02   1.5334e-01   2.6521e+02
20261015_06:00:00   3.3999e-01   8.2907e+01   3.6990e+01   2.2086e-02   1.7857e-01   2.6391e+02
20261015_09:00:00   4.1008e-01   9.5765e+01   3.6779e+01   1.0217e-01   9.9238e-01   2.6558e+02
20261015_12:00:00   3.2640e-01   7.9736e+01   3.4221e+01   3.9157e-02   4.6350e-01   2.6651e+02
20261015_15:00:00   2.6271e-01   6.7058e+01   2.9232e+01   3.5120e-03   1.6648e-01   2.6816e+02
20261015_18:00:00   2.5325e-01   6.5475e+01   2.7794e+01   0.0000e+00   0.0000e+00   2.6787e+02
20261015_21:00:00   2.5876e-01   6.6815e+01   2.7267e+01   1.0234e-02   2.9240e-05   2.6940e+02
20261016_00:00:00   4.4893e-01   1.0322e+02   2.8604e+01   2.1696e-01   5.4540e-05   2.7054e+02
20261016_03:00:00   4.3902e-01   1.0045e+02   2.8372e+01   2.1201e-01   2.1315e-02   2.7164e+02
20261016_06:00:00   2.2523e-01   5.9028e+01   2.5385e+01   0.0000e+00   1.9694e-03   2.7251e+02
20261016_09:00:00   2.2681e-01   5.9248e+01   2.5587e+01   0.0000e+00   5.9635e-04   2.7317e+02
20261016_12:00:00   2.4371e-01   6.2613e+01   2.7116e+01   2.1924e-03   5.9678e-02   2.7268e+02
20261016_15:00:00   6.5493e-01   1.3738e+02   2.8444e+01   4.8597e-01   1.3232e-02   2.7673e+02
20261016_18:00:00   1.0463e+00   1.8336e+02   2.6757e+01   9.4891e-01   9.8240e-04   2.8096e+02
20261016_21:00:00   7.3797e-01   1.4699e+02   2.0460e+01   6.3699e-01   0.0000e+00   2.7630e+02
20261017_00:00:00   3.8797e-01   9.1378e+01   1.6961e+01   2.5138e-01   0.0000e+00   2.7313e+02
20261017_03:00:00   2.0839e-01   5.4254e+01   1.5914e+01   4.8740e-02   0.0000e+00   2.7624e+02
20261017_06:00:00   1.4305e-01   3.9115e+01   1.2893e+01   0.0000e+00   0.0000e+00   2.7756e+02
20261017_09:00:00   1.3615e-01   3.7441e+01   1.1957e+01   0.0000e+00   0.0000e+00   2.7780e+02
20261017_12:00:00   1.2453e-01   3.4691e+01   1.0697e+01   0.0000e+00   0.0000e+00   2.8307e+02
20261017_15:00:00   1.2011e-01   3.3619e+01   1.0202e+01   0.0000e+00   0.0000e+00   2.9002e+02
20261017_18:00:00   1.2242e-01   3.4279e+01   1.0531e+01   0.0000e+00   0.0000e+00   2.9229e+02
20261017_21:00:00   1.4766e-01   4.0407e+01   1.1931e+01   1.6442e-02   0.0000e+00   2.9203e+02
20261018_00:00:00   1.3411e-01   3.7139e+01   1.1824e+01   1.9140e-03   0.0000e+00   2.9184e+02
20261018_03:00:00   1.2020e-01   3.3615e+01   1.0426e+01   0.0000e+00   0.0000e+00   2.9595e+02
20261018_06:00:00   1.1936e-01   3.3216e+01   1.0360e+01   0.0000e+00   0.0000e+00   2.9689e+02
20261018_09:00:00   1.2654e-01   3.4892e+01   1.1269e+01   2.4862e-04   0.0000e+00   2.9693e+02
20261018_12:00:00   3.6334e-01   8.5716e+01   1.2418e+01   2.6080e-01   0.0000e+00   2.9541e+02
20261018_15:00:00   2.2647e-01   5.7721e+01   1.2182e+01   1.0524e-01   0.0000e+00   2.9496e+02
20261018_18:00:00   1.3433e-01   3.6821e+01   1.1929e+01   3.3400e-04   0.0000e+00   2.9297e+02
20261018_21:00:00   1.4290e-01   3.9031e+01   1.2249e+01   7.0300e-03   0.0000e+00   2.9010e+02
20261019_00:00:00   1.2693e-01   3.5190e+01   1.0763e+01   1.5664e-03   0.0000e+00   2.9005e+02
20261019_03:00:00   1.1433e-01   3.2101e+01   9.4464e+00   0.0000e+00   0.0000e+00   2.8832e+02
20261019_06:00:00   1.1140e-01   3.1393e+01   9.0088e+00   0.0000e+00   0.0000e+00   2.8787e+02
20261019_09:00:00   1.0434e-01   2.9692e+01   8.0926e+00   0.0000e+00   0.0000e+00   2.8544e+02
20261019_12:00:00   1.0030e-01   2.8717e+01   7.6092e+00   0.0000e+00   0.0000e+00   2.8579e+02
20261019_15:00:00   1.0182e-01   2.9167e+01   7.8208e+00   0.0000e+00   0.0000e+00   2.8571e+02
20261019_18:00:00   1.0653e-01   3.0463e+01   8.4389e+00   0.0000e+00   0.0000e+00   2.8598e+02
20261019_21:00:00   1.1089e-01   3.1665e+01   9.1766e+00   0.0000e+00   0.0000e+00   2.8605e+02
20261020_00:00:00   1.0979e-01   3.1398e+01   9.0557e+00   0.0000e+00   0.0000e+00   2.8305e+02
20261020_03:00:00   1.0239e-01   2.9472e+01   8.2547e+00   0.0000e+00   0.0000e+00   2.8276e+02
20261020_06:00:00   9.8288e-02   2.8402e+01   8.1220e+00   0.0000e+00   0.0000e+00   2.8234e+02
