#            date       tau255        Tb[K]      pwv[mm] lwp[kg*m^-2] iwp[kg*m^-2]       o3[DU]
20260804_18:00:00   1.3796e-01   3.9265e+01   1.4930e+01   0.0000e+00   0.0000e+00   2.9596e+02
20260804_19:00:00   1.3626e-01   3.8818e+01   1.4947e+01   0.0000e+00   0.0000e+00   2.9594e+02
20260804_20:00:00   1.2946e-01   3.7112e+01   1.4232e+01   0.0000e+00   0.0000e+00   2.9852e+02
20260804_21:00:00   1.2622e-01   3.6235e+01   1.4106e+01   0.0000e+00   0.0000e+00   3.0148e+02
20260804_22:00:00   1.2389e-01   3.5620e+01   1.3901e+01   0.0000e+00   0.0000e+00   3.0279e+02
20260804_23:00:00   1.2109e-01   3.4920e+01   1.3528e+01   0.0000e+00   0.0000e+00   3.0254e+02
20260805_00:00:00   1.1914e-01   3.4460e+01   1.3181e+01   0.0000e+00   0.0000e+00   3.0292e+02
20260805_01:00:00   1.2122e-01   3.5031e+01   1.3318e+01   0.0000e+00   0.0000e+00   3.0242e+02
20260805_02:00:00   1.2814e-01   3.6885e+01   1.3973e+01   0.0000e+00   0.0000e+00   3.0159e+02
20260805_03:00:00   1.3847e-01   3.9590e+01   1.4637e+01   0.0000e+00   0.0000e+00   3.0096e+02
20260805_04:00:00   1.5916e-01   4.4765e+01   1.6318e+01   0.0000e+00   0.0000e+00   2.9930e+02
20260805_05:00:00   1.6339e-01   4.5763e+01   1.6483e+01   0.0000e+00   0.0000e+00   2.9913e+02
20260805_06:00:00   1.6610e-01   4.6335e+01   1.6868e+01   0.0000e+00   0.0000e+00   2.9895e+02
20260805_07:00:00   1.6866e-01   4.6873e+01   1.7361e+01   0.0000e+00   0.0000e+00   3.0103e+02
20260805_08:00:00   1.8172e-01   4.9961e+01   1.8948e+01   0.0000e+00   0.0000e+00   2.9925e+02
20260805_09:00:00   1.8250e-01   5.0149e+01   1.9173e+01   0.0000e+00   0.0000e+00   3.0091e+02
20260805_10:00:00   1.8173e-01   4.9947e+01   1.9145e+01   0.0000e+00   0.0000e+00   3.0196e+02
20260805_11:00:00   1.7867e-01   4.9215e+01   1.8810e+01   0.0000e+00   0.0000e+00   3.0274e+02
20260805_12:00:00   1.7925e-01   4.9348e+01   1.8811e+01   0.0000e+00   0.0000e+00   3.0390e+02
20260805_13:00:00   1.8184e-01   4.9950e+01   1.8981e+01   0.0000e+00   0.0000e+00   3.0338e+02
20260805_14:00:00   1.7940e-01   4.9395e+01   1.8575e+01   0.0000e+00   8.5820e-06   3.0175e+02
20260805_15:00:00   1.7665e-01   4.8788e+01   1.8244e+01   0.0000e+00   1.8858e-04   3.0084e+02
20260805_16:00:00   1.8040e-01   4.9730e+01   1.8712e+01   0.0000e+00   1.0628e-04   3.0067e+02
20260805_17:00:00   1.8829e-01   5.1577e+01   2.0135e+01   0.0000e+00   2.8978e-05   3.0173e+02
20260805_18:00:00   1.8964e-01   5.1848e+01   2.0968e+01   0.0000e+00   0.0000e+00   2.9924e+02
20260805_19:00:00   1.9494e-01   5.3017e+01   2.2333e+01   0.0000e+00   0.0000e+00   2.9586e+02
20260805_20:00:00   1.9581e-01   5.3206e+01   2.2779e+01   0.0000e+00   0.0000e+00   2.9370e+02
20260805_21:00:00   1.9338e-01   5.2665e+01   2.2771e+01   0.0000e+00   0.0000e+00   2.9592e+02
20260805_22:00:00   1.9487e-01   5.2995e+01   2.3218e+01   3.1100e-04   1.6658e-05   2.9674e+02
20260805_23:00:00   1.9603e-01   5.3270e+01   2.3516e+01   3.9440e-04   2.9240e-06   2.9991e+02
20260806_00:00:00   1.9965e-01   5.4120e+01   2.3884e+01   8.2376e-04   2.9240e-06   2.9977e+02
20260806_01:00:00   2.0784e-01   5.6050e+01   2.4535e+01   1.4588e-03   0.0000e+00   2.9959e+02
20260806_02:00:00   2.0826e-01   5.6218e+01   2.4513e+01   0.0000e+00   0.0000e+00   3.0010e+02
20260806_03:00:00   2.1473e-01   5.7733e+01   2.4816e+01   0.0000e+00   0.0000e+00   2.9773e+02
20260806_04:00:00   2.2399e-01   5.9885e+01   2.5357e+01   0.0000e+00   0.0000e+00   2.9939e+02
20260806_05:00:00   2.2698e-01   6.0418e+01   2.5951e+01   0.0000e+00   0.0000e+00   3.0095e+02
20260806_06:00:00   2.3471e-01   6.1953e+01   2.7386e+01   0.0000e+00   0.0000e+00   3.0250e+02
20260806_07:00:00   2.4371e-01   6.3909e+01   2.8194e+01   0.0000e+00   0.0000e+00   3.0152e+02
20260806_08:00:00   2.4458e-01   6.4152e+01   2.8225e+01   0.0000e+00   0.0000e+00   3.0020e+02
20260806_09:00:00   2.4914e-01   6.5125e+01   2.8537e+01   0.0000e+00   3.5320e-05   2.9931e+02
20260806_10:00:00   2.4576e-01   6.4324e+01   2.8314e+01   0.0000e+00   0.0000e+00   2.9721e+02
20260806_11:00:00   2.4242e-01   6.3551e+01   2.7946e+01   0.0000e+00   0.0000e+00   2.9837e+02
20260806_12:00:00   2.4407e-01   6.3860e+01   2.8171e+01   0.0000e+00   7.2460e-04   2.9898e+02
20260806_13:00:00   2.4288e-01   6.3596e+01   2.7935e+01   0.0000e+00   2.5060e-04   3.0073e+02
20260806_14:00:00   2.4316e-01   6.3671e+01   2.7794e+01   0.0000e+00   2.0180e-04   3.0088e+02
20260806_15:00:00   2.4168e-01   6.3416e+01   2.7475e+01   0.0000e+00   8.5820e-06   2.9942e+02
20260806_16:00:00   2.3953e-01   6.3027e+01   2.7147e+01   0.0000e+00   5.4619e-05   3.0027e+02
20260806_17:00:00   2.3345e-01   6.1777e+01   2.6535e+01   0.0000e+00   3.6400e-05   2.9790e+02
20260806_18:00:00   2.3749e-01   6.2725e+01   2.7084e+01   1.2418e-05   7.2020e-04   2.9902e+02
20260806_19:00:00   2.5754e-01   6.7035e+01   2.8281e+01   1.5280e-02   4.7360e-04   2.9952e+02
20260806_20:00:00   2.9202e-01   7.4169e+01   2.8714e+01   5.5377e-02   5.4784e-04   2.9834e+02
20260806_21:00:00   3.2780e-01   8.1264e+01   2.9324e+01   9.2987e-02   1.5929e-03   2.9886e+02
20260806_22:00:00   5.2677e-01   1.1674e+02   3.0410e+01   3.1120e-01   2.2090e-03   2.9784e+02
20260806_23:00:00   3.2147e-01   8.0134e+01   2.9084e+01   8.5960e-02   3.3924e-04   2.9742e+02
20260807_00:00:00   2.7140e-01   7.0012e+01   2.8399e+01   3.3959e-02   1.8134e-04   2.9997e+02
20260807_01:00:00   2.3291e-01   6.1842e+01   2.7259e+01   3.1800e-04   4.3880e-05   3.0095e+02
20260807_02:00:00   2.2515e-01   6.0061e+01   2.6021e+01   0.0000e+00   3.0580e-04   2.9814e+02
20260807_03:00:00   2.4307e-01   6.3843e+01   2.8015e+01   0.0000e+00   4.7321e-04   2.9679e+02
20260807_04:00:00   2.3246e-01   6.1453e+01   2.6824e+01   0.0000e+00   2.1084e-04   2.9759e+02
20260807_05:00:00   2.2478e-01   5.9652e+01   2.6208e+01   0.0000e+00   6.2204e-03   2.9819e+02
20260807_06:00:00   2.3302e-01   6.1419e+01   2.7188e+01   0.0000e+00   9.6078e-03   2.9881e+02
20260807_07:00:00   2.3351e-01   6.1496e+01   2.6941e+01   0.0000e+00   5.5788e-03   2.9725e+02
20260807_08:00:00   2.4000e-01   6.2848e+01   2.7552e+01   0.0000e+00   1.1085e-02   2.9654e+02
20260807_09:00:00   2.4008e-01   6.2817e+01   2.7647e+01   0.0000e+00   3.9604e-03   2.9270e+02
20260807_10:00:00   2.3867e-01   6.2499e+01   2.7347e+01   2.0700e-06   6.0801e-04   2.9447e+02
20260807_11:00:00   2.4231e-01   6.3278e+01   2.7450e+01   5.0300e-04   3.4894e-03   2.9522e+02
20260807_12:00:00   2.3800e-01   6.2351e+01   2.6807e+01   7.3268e-04   4.4759e-03   2.9484e+02
20260807_13:00:00   2.3880e-01   6.2556e+01   2.6270e+01   6.0240e-03   4.6023e-03   2.9569e+02
20260807_14:00:00   2.5769e-01   6.6641e+01   2.6787e+01   2.1398e-02   6.4811e-04   2.9385e+02
20260807_15:00:00   2.4549e-01   6.4048e+01   2.6475e+01   9.3839e-03   9.3820e-06   2.9145e+02
20260807_16:00:00   2.4373e-01   6.3716e+01   2.6289e+01   9.3030e-03   0.0000e+00   2.8903e+02
20260807_17:00:00   2.3720e-01   6.2345e+01   2.6062e+01   4.9174e-03   3.6440e-05   2.9013e+02
20260807_18:00:00   2.2865e-01   6.0520e+01   2.5761e+01   8.7100e-05   1.3500e-04   2.8980e+02
20260807_19:00:00   2.2342e-01   5.9421e+01   2.5292e+01   2.5760e-03   0.0000e+00   2.9140e+02
20260807_20:00:00   2.2779e-01   6.0345e+01   2.6245e+01   2.1781e-03   4.5140e-05   2.9073e+02
20260807_21:00:00   2.3051e-01   6.0956e+01   2.6424e+01   5.5605e-03   1.8282e-04   2.9014e+02
20260807_22:00:00   2.8492e-01   7.2557e+01   2.8268e+01   4.9932e-02   2.7340e-05   2.9084e+02
20260807_23:00:00   3.5033e-01   8.5568e+01   2.8983e+01   1.1578e-01   8.1580e-05   2.8966e+02
20260808_00:00:00   2.4356e-01   6.3850e+01   2.7279e+01   9.3187e-03   0.0000e+00   2.8970e+02
20260808_01:00:00   2.2821e-01   6.0487e+01   2.6195e+01   0.0000e+00   0.0000e+00   2.8958e+02
20260808_02:00:00   2.3304e-01   6.1492e+01   2.6514e+01   0.0000e+00   0.0000e+00   2.8875e+02
20260808_03:00:00   2.2775e-01   6.0255e+01   2.5782e+01   0.0000e+00   0.0000e+00   2.8829e+02
20260808_04:00:00   2.2393e-01   5.9344e+01   2.5294e+01   0.0000e+00   0.0000e+00   2.9007e+02
20260808_05:00:00   2.1811e-01   5.7981e+01   2.4639e+01   0.0000e+00   0.0000e+00   2.8749e+02
20260808_06:00:00   2.2154e-01   5.8668e+01   2.4994e+01   0.0000e+00   0.0000e+00   2.8903e+02
20260808_07:00:00   2.1931e-01   5.8093e+01   2.4754e+01   0.0000e+00   0.0000e+00   2.9023e+02
20260808_08:00:00   2.1692e-01   5.7507e+01   2.4357e+01   0.0000e+00   0.0000e+00   2.9182e+02
20260808_09:00:00   2.1821e-01   5.7761e+01   2.4400e+01   0.0000e+00   0.0000e+00   2.8947e+02
20260808_10:00:00   2.1587e-01   5.7226e+01   2.4015e+01   0.0000e+00   0.0000e+00   2.9253e+02
20260808_11:00:00   2.1239e-01   5.6421e+01   2.3682e+01   0.0000e+00   0.0000e+00   2.9244e+02
20260808_12:00:00   1.9915e-01   5.3427e+01   2.2175e+01   0.0000e+00   0.0000e+00   2.8997e+02
20260808_13:00:00   1.8915e-01   5.1151e+01   2.0811e+01   0.0000e+00   0.0000e+00   2.9353e+02
20260808_14:00:00   1.9023e-01   5.1410e+01   2.0770e+01   0.0000e+00   0.0000e+00   2.9512e+02
20260808_15:00:00   1.9676e-01   5.2930e+01   2.1472e+01   0.0000e+00   0.0000e+00   2.9444e+02
20260808_16:00:00   1.9918e-01   5.3492e+01   2.1853e+01   0.0000e+00   0.0000e+00   2.9450e+02
20260808_17:00:00   2.0221e-01   5.4167e+01   2.2446e+01   0.0000e+00   0.0000e+00   2.9305e+02
20260808_18:00:00   2.1860e-01   5.7780e+01   2.3014e+01   1.6422e-02   0.0000e+00   2.9509e+02
20260808_19:00:00   2.3673e-01   6.1740e+01   2.2851e+01   4.1300e-02   7.5060e-06   2.9507e+02
20260808_20:00:00   2.4100e-01   6.2601e+01   2.2810e+01   4.9278e-02   6.9075e-05   2.9474e+02
20260808_21:00:00   3.0927e-01   7.6495e+01   2.3487e+01   1.2207e-01   1.2843e-04   2.9402e+02
20260808_22:00:00   2.9225e-01   7.3140e+01   2.3600e+01   1.0199e-01   2.2680e-04   2.9631e+02
20260808_23:00:00   3.1498e-01   7.7717e+01   2.3598e+01   1.2764e-01   2.5040e-04   2.9951e+02
20260809_00:00:00   2.6478e-01   6.7589e+01   2.3108e+01   7.5240e-02   6.7340e-05   2.9854e+02
20260809_01:00:00   2.3363e-01   6.1094e+01   2.2399e+01   4.4545e-02   1.3732e-05   2.9741e+02
20260809_02:00:00   2.1506e-01   5.7063e+01   2.2163e+01   2.1840e-02   0.0000e+00   2.9788e+02
20260809_03:00:00   1.8407e-01   5.0083e+01   2.0381e+01   0.0000e+00   0.0000e+00   2.9647e+02
20260809_04:00:00   1.8973e-01   5.1425e+01   2.0979e+01   0.0000e+00   0.0000e+00   2.9505e+02
20260809_05:00:00   1.9444e-01   5.2487e+01   2.1587e+01   0.0000e+00   0.0000e+00   2.9570e+02
20260809_06:00:00   2.0357e-01   5.4514e+01   2.2698e+01   0.0000e+00   0.0000e+00   2.9769e+02
20260809_07:00:00   2.0727e-01   5.5326e+01   2.3070e+01   0.0000e+00   0.0000e+00   2.9766e+02
20260809_08:00:00   2.1432e-01   5.6857e+01   2.3912e+01   0.0000e+00   0.0000e+00   2.9880e+02
20260809_09:00:00   2.1838e-01   5.7746e+01   2.4274e+01   0.0000e+00   0.0000e+00   2.9750e+02
20260809_10:00:00   2.2042e-01   5.8176e+01   2.4340e+01   0.0000e+00   0.0000e+00   2.9610e+02
20260809_11:00:00   2.1444e-01   5.6830e+01   2.3674e+01   0.0000e+00   0.0000e+00   2.9630e+02
20260809_12:00:00   2.0748e-01   5.5269e+01   2.2831e+01   0.0000e+00   0.0000e+00   2.9517e+02
20260809_13:00:00   2.0197e-01   5.4014e+01   2.2208e+01   0.0000e+00   0.0000e+00   2.9601e+02
20260809_14:00:00   1.9953e-01   5.3489e+01   2.1912e+01   0.0000e+00   0.0000e+00   2.9692e+02
20260809_15:00:00   1.9517e-01   5.2549e+01   2.1454e+01   0.0000e+00   0.0000e+00   2.9818e+02
20260809_16:00:00   1.9499e-01   5.2562e+01   2.1422e+01   0.0000e+00   0.0000e+00   2.9910e+02
20260809_17:00:00   1.9592e-01   5.2802e+01   2.1574e+01   0.0000e+00   0.0000e+00   2.9885e+02
20260809_18:00:00   1.9361e-01   5.2311e+01   2.1535e+01   0.0000e+00   0.0000e+00   2.9966e+02
20260809_21:00:00   1.9421e-01   5.2418e+01   2.2634e+01   1.0610e-04   0.0000e+00   3.0060e+02
20260810_00:00:00   3.2619e-01   7.9834e+01   2.3393e+01   1.4432e-01   4.0760e-04   2.9967e+02
20260810_03:00:00   1.8796e-01   5.1078e+01   2.1148e+01   9.3120e-04   0.0000e+00   3.0100e+02
20260810_06:00:00   1.9900e-01   5.3690e+01   2.1732e+01   0.0000e+00   0.0000e+00   3.0518e+02
20260810_09:00:00   1.9229e-01   5.2089e+01   2.1014e+01   0.0000e+00   0.0000e+00   2.9937e+02
20260810_12:00:00   1.7750e-01   4.8651e+01   1.9132e+01   0.0000e+00   0.0000e+00   3.0280e+02
20260810_15:00:00   1.8596e-01   5.0679e+01   2.0097e+01   0.0000e+00   0.0000e+00   3.0468e+02
20260810_18:00:00   1.9413e-01   5.2502e+01   2.2024e+01   7.2880e-06   0.0000e+00   3.0464e+02
20260810_21:00:00   4.0485e-01   9.4332e+01   2.3997e+01   2.2864e-01   1.9932e-02   3.0304e+02
20260811_00:00:00   5.6199e-01   1.2052e+02   2.5474e+01   3.9192e-01   3.4197e-02   3.0151e+02
20260811_03:00:00   2.1489e-01   5.7468e+01   2.4268e+01   5.4640e-04   9.1060e-06   3.0542e+02
20260811_06:00:00   2.1701e-01   5.7838e+01   2.4479e+01   1.2824e-03   0.0000e+00   3.0475e+02
20260811_09:00:00   2.0941e-01   5.6111e+01   2.3375e+01   0.0000e+00   0.0000e+00   3.0393e+02
20260811_12:00:00   2.1592e-01   5.7495e+01   2.4042e+01   6.8020e-05   0.0000e+00   3.0442e+02
20260811_15:00:00   2.0749e-01   5.5634e+01   2.3423e+01   2.4300e-04   0.0000e+00   3.0758e+02
20260811_18:00:00   5.2926e-01   1.1650e+02   2.6618e+01   3.3899e-01   6.5560e-04   3.0496e+02
20260811_21:00:00   5.2982e-01   1.1559e+02   3.0449e+01   3.1093e-01   7.7892e-01   2.9929e+02
20260812_00:00:00   2.4486e-01   6.3722e+01   2.7266e+01   1.8526e-02   3.7688e-03   2.9997e+02
20260812_03:00:00   2.7059e-01   6.9113e+01   2.5805e+01   5.6820e-02   1.5846e-04   2.9963e+02
20260812_06:00:00   2.1154e-01   5.6550e+01   2.4461e+01   0.0000e+00   0.0000e+00   3.0061e+02
20260812_09:00:00   2.1329e-01   5.6767e+01   2.4714e+01   0.0000e+00   4.1440e-04   2.9842e+02
20260812_12:00:00   2.1904e-01   5.8075e+01   2.5493e+01   0.0000e+00   3.6920e-04   2.9864e+02
20260812_15:00:00   2.2576e-01   5.9641e+01   2.6272e+01   4.6800e-04   8.9172e-04   2.9923e+02
20260812_18:00:00   2.7604e-01   7.0563e+01   2.8057e+01   4.0399e-02   5.3570e-05   2.9821e+02
20260812_21:00:00   6.9607e-01   1.4001e+02   3.3423e+01   4.7202e-01   1.0034e+00   2.9503e+02
20260813_00:00:00   2.2553e-01   5.9322e+01   2.8076e+01   1.0968e-04   2.8438e-01   2.9957e+02
20260813_03:00:00   2.0926e-01   5.6010e+01   2.5142e+01   0.0000e+00   1.4624e-05   2.9850e+02
20260813_06:00:00   2.0244e-01   5.4561e+01   2.3708e+01   0.0000e+00   0.0000e+00   2.9867e+02
20260813_09:00:00   2.1984e-01   5.8321e+01   2.5610e+01   0.0000e+00   0.0000e+00   2.9663e+02
20260813_12:00:00   2.2572e-01   5.9511e+01   2.6292e+01   0.0000e+00   9.7180e-07   2.9740e+02
20260813_15:00:00   2.1038e-01   5.6194e+01   2.4780e+01   0.0000e+00   0.0000e+00   2.9953e+02
20260813_18:00:00   2.1688e-01   5.7858e+01   2.5447e+01   0.0000e+00   0.0000e+00   2.9760e+02
20260813_21:00:00   2.1227e-01   5.6686e+01   2.4860e+01   5.9400e-03   9.2500e-06   2.9569e+02
20260814_00:00:00   2.0066e-01   5.4069e+01   2.3333e+01   8.9980e-03   5.7661e-04   2.9464e+02
20260814_03:00:00   2.3395e-01   6.1465e+01   2.4098e+01   3.3600e-02   4.4640e-05   2.9463e+02
20260814_06:00:00   2.0861e-01   5.5829e+01   2.4168e+01   3.0820e-03   1.7386e-05   2.9438e+02
20260814_09:00:00   2.3749e-01   6.1848e+01   2.4274e+01   3.6482e-02   1.7886e-04   2.9626e+02
20260814_12:00:00   2.0603e-01   5.5129e+01   2.4015e+01   0.0000e+00   0.0000e+00   2.9690e+02
20260814_15:00:00   2.0959e-01   5.6019e+01   2.4091e+01   0.0000e+00   0.0000e+00   2.9848e+02
20260814_18:00:00   2.0211e-01   5.4546e+01   2.3327e+01   0.0000e+00   0.0000e+00   2.9715e+02
20260814_21:00:00   1.9559e-01   5.2924e+01   2.3382e+01   0.0000e+00   0.0000e+00   2.9440e+02
20260815_00:00:00   2.1235e-01   5.6761e+01   2.3016e+01   1.8966e-02   5.4940e-05   2.9479e+02
20260815_03:00:00   1.7644e-01   4.8557e+01   2.0089e+01   0.0000e+00   0.0000e+00   3.0211e+02
20260815_06:00:00   1.8489e-01   5.0473e+01   2.0888e+01   0.0000e+00   0.0000e+00   2.9969e+02
20260815_09:00:00   1.9134e-01   5.1757e+01   2.1766e+01   0.0000e+00   1.0680e-04   3.0137e+02
20260815_12:00:00   1.8008e-01   4.9130e+01   2.0293e+01   0.0000e+00   1.3185e-02   2.9955e+02
20260815_15:00:00   1.8506e-01   5.0280e+01   2.1045e+01   0.0000e+00   1.9267e-02   2.9673e+02
20260815_18:00:00   1.8898e-01   5.1246e+01   2.2268e+01   0.0000e+00   6.9194e-04   2.9605e+02
20260815_21:00:00   2.0316e-01   5.4522e+01   2.4868e+01   0.0000e+00   4.5800e-04   2.9241e+02
20260816_00:00:00   2.3862e-01   6.2590e+01   2.9095e+01   0.0000e+00   9.8857e-04   2.9034e+02
20260816_03:00:00   2.3569e-01   6.2020e+01   2.8135e+01   0.0000e+00   1.0724e-03   2.9016e+02
20260816_06:00:00   2.2891e-01   6.0531e+01   2.6285e+01   0.0000e+00   1.7734e-03   2.9357e+02
20260816_09:00:00   2.1368e-01   5.7120e+01   2.3712e+01   0.0000e+00   1.6294e-05   2.9227e+02
20260816_12:00:00   1.8371e-01   5.0168e+01   2.0073e+01   0.0000e+00   0.0000e+00   2.9454e+02
20260816_15:00:00   1.6537e-01   4.5803e+01   1.7958e+01   0.0000e+00   0.0000e+00   2.9622e+02
20260816_18:00:00   1.7317e-01   4.7611e+01   1.9853e+01   0.0000e+00   4.2550e-04   2.9379e+02
20260816_21:00:00   1.7618e-01   4.8281e+01   2.1174e+01   0.0000e+00   1.1512e-03   2.9024e+02
20260817_00:00:00   1.8228e-01   4.9747e+01   2.1798e+01   0.0000e+00   3.8441e-04   2.9048e+02
20260817_03:00:00   1.7605e-01   4.8409e+01   2.0272e+01   0.0000e+00   1.1066e-03   2.9455e+02
20260817_06:00:00   1.7796e-01   4.8770e+01   2.0200e+01   0.0000e+00   0.0000e+00   2.9266e+02
20260817_09:00:00   1.7121e-01   4.6960e+01   1.9528e+01   0.0000e+00   0.0000e+00   2.8976e+02
20260817_12:00:00   1.6163e-01   4.4646e+01   1.8219e+01   0.0000e+00   0.0000e+00   2.9005e+02
20260817_15:00:00   1.6786e-01   4.6164e+01   1.8971e+01   0.0000e+00   0.0000e+00   2.9258e+02
20260817_18:00:00   1.7754e-01   4.8587e+01   2.0548e+01   0.0000e+00   0.0000e+00   2.9535e+02
20260817_21:00:00   1.7321e-01   4.7629e+01   2.0502e+01   0.0000e+00   0.0000e+00   2.9227e+02
20260818_00:00:00   1.7026e-01   4.6940e+01   2.0140e+01   0.0000e+00   9.8260e-06   2.8934e+02
20260818_03:00:00   1.7972e-01   4.9379e+01   2.0472e+01   0.0000e+00   0.0000e+00   2.8842e+02
20260818_06:00:00   1.7821e-01   4.8969e+01   1.9889e+01   0.0000e+00   0.0000e+00   2.9002e+02
20260818_09:00:00   1.5555e-01   4.3463e+01   1.6992e+01   0.0000e+00   0.0000e+00   2.9185e+02
20260818_12:00:00   1.4318e-01   4.0307e+01   1.5863e+01   0.0000e+00   0.0000e+00   2.9001e+02
20260818_15:00:00   1.4634e-01   4.1093e+01   1.6249e+01   0.0000e+00   0.0000e+00   2.9097e+02
20260818_18:00:00   1.5759e-01   4.3934e+01   1.8106e+01   0.0000e+00   0.0000e+00   2.8857e+02
20260818_21:00:00   1.7266e-01   4.7473e+01   2.0772e+01   0.0000e+00   0.0000e+00   2.8712e+02
20260819_00:00:00   1.7076e-01   4.7103e+01   2.0596e+01   0.0000e+00   3.2185e-05   2.8938e+02
20260819_03:00:00   1.6876e-01   4.6751e+01   1.9689e+01   0.0000e+00   0.0000e+00   2.8939e+02
20260819_06:00:00   1.6574e-01   4.5999e+01   1.8996e+01   0.0000e+00   0.0000e+00   2.9204e+02
20260819_09:00:00   1.6907e-01   4.6710e+01   1.9213e+01   0.0000e+00   0.0000e+00   2.8870e+02
20260819_12:00:00   1.4908e-01   4.1806e+01   1.6608e+01   0.0000e+00   0.0000e+00   2.9107e+02
20260819_15:00:00   1.3595e-01   3.8544e+01   1.5024e+01   0.0000e+00   0.0000e+00   2.9580e+02
20260819_18:00:00   1.3039e-01   3.7221e+01   1.4545e+01   0.0000e+00   3.4280e-05   2.9650e+02
20260819_21:00:00   1.3314e-01   3.7983e+01   1.5024e+01   0.0000e+00   1.8114e-03   2.9590e+02
20260820_00:00:00   1.5065e-01   4.2254e+01   1.7540e+01   0.0000e+00   5.2320e-06   2.9413e+02
20260820_03:00:00   1.5409e-01   4.3217e+01   1.7497e+01   0.0000e+00   0.0000e+00   2.9321e+02
20260820_06:00:00   1.5550e-01   4.3474e+01   1.7828e+01   0.0000e+00   0.0000e+00   2.9425e+02
20260820_09:00:00   1.7501e-01   4.7981e+01   2.0542e+01   0.0000e+00   7.9360e-06   2.9306e+02
20260820_12:00:00   1.8670e-01   5.0599e+01   2.2294e+01   0.0000e+00   7.1900e-05   2.9656e+02
20260820_15:00:00   1.9853e-01   5.3325e+01   2.3641e+01   0.0000e+00   1.3074e-04   2.9739e+02
20260820_18:00:00   1.9993e-01   5.3851e+01   2.3725e+01   0.0000e+00   8.7040e-04   2.9732e+02
