#            date       tau255        Tb[K]      pwv[mm] lwp[kg*m^-2] iwp[kg*m^-2]       o3[DU]
20260912_18:00:00   2.0641e-01   5.5292e+01   2.3602e+01   1.1332e-02   2.4780e-04   2.8290e+02
20260912_19:00:00   3.8313e-01   9.0690e+01   2.5391e+01   1.9727e-01   3.1995e-03   2.8142e+02
20260912_20:00:00   8.2532e-01   1.5590e+02   2.7588e+01   6.7676e-01   9.6238e-02   2.8131e+02
20260912_21:00:00   8.2502e-01   1.5569e+02   2.9422e+01   6.5849e-01   1.7740e-01   2.7990e+02
20260912_22:00:00   7.0471e-01   1.4063e+02   2.9935e+01   5.2102e-01   4.0232e-01   2.7921e+02
20260912_23:00:00   4.4249e-01   1.0107e+02   3.0381e+01   2.2203e-01   4.0214e-01   2.8086e+02
20260913_00:00:00   3.7217e-01   8.8348e+01   2.9662e+01   1.5311e-01   2.8621e-01   2.8167e+02
20260913_01:00:00   2.9567e-01   7.3621e+01   2.8092e+01   8.5060e-02   2.0905e-01   2.8127e+02
20260913_02:00:00   2.0774e-01   5.5361e+01   2.6220e+01   2.4260e-03   4.7458e-02   2.8087e+02
20260913_03:00:00   2.0138e-01   5.4057e+01   2.5323e+01   0.0000e+00   6.5519e-05   2.8255e+02
20260913_04:00:00   1.9514e-01   5.2653e+01   2.4358e+01   0.0000e+00   8.1398e-06   2.8198e+02
20260913_05:00:00   1.9457e-01   5.2599e+01   2.3929e+01   0.0000e+00   0.0000e+00   2.8339e+02
20260913_06:00:00   1.9704e-01   5.3203e+01   2.3898e+01   0.0000e+00   6.0364e-05   2.8487e+02
20260913_07:00:00   2.0450e-01   5.4908e+01   2.4542e+01   0.0000e+00   0.0000e+00   2.8603e+02
20260913_08:00:00   2.1884e-01   5.8075e+01   2.5658e+01   4.2640e-03   3.3092e-04   2.8668e+02
20260913_09:00:00   2.2692e-01   5.9831e+01   2.6125e+01   8.9080e-03   1.1064e-04   2.8941e+02
20260913_10:00:00   2.2253e-01   5.8917e+01   2.6257e+01   1.4242e-03   2.3520e-05   2.8897e+02
20260913_11:00:00   2.1483e-01   5.7246e+01   2.5324e+01   0.0000e+00   0.0000e+00   2.9144e+02
20260913_12:00:00   2.1745e-01   5.7823e+01   2.5487e+01   0.0000e+00   9.7180e-07   2.8965e+02
20260913_13:00:00   2.1912e-01   5.8160e+01   2.5608e+01   0.0000e+00   0.0000e+00   2.8995e+02
20260913_14:00:00   2.2226e-01   5.8847e+01   2.5852e+01   6.0080e-05   7.8380e-06   2.9003e+02
20260913_15:00:00   2.1905e-01   5.8165e+01   2.5416e+01   0.0000e+00   0.0000e+00   2.8859e+02
20260913_16:00:00   2.1488e-01   5.7331e+01   2.4777e+01   0.0000e+00   0.0000e+00   2.8809e+02
20260913_17:00:00   2.1588e-01   5.7621e+01   2.4827e+01   0.0000e+00   0.0000e+00   2.8826e+02
20260913_18:00:00   2.1628e-01   5.7742e+01   2.4842e+01   0.0000e+00   0.0000e+00   2.8605e+02
20260913_19:00:00   2.1259e-01   5.6936e+01   2.4492e+01   0.0000e+00   0.0000e+00   2.8480e+02
20260913_20:00:00   2.0574e-01   5.5370e+01   2.3868e+01   0.0000e+00   0.0000e+00   2.8322e+02
20260913_21:00:00   1.9563e-01   5.3071e+01   2.2744e+01   0.0000e+00   0.0000e+00   2.8294e+02
20260913_22:00:00   1.8559e-01   5.0758e+01   2.1463e+01   0.0000e+00   0.0000e+00   2.8321e+02
20260913_23:00:00   1.7506e-01   4.8286e+01   2.0083e+01   0.0000e+00   0.0000e+00   2.8412e+02
20260914_00:00:00   1.8726e-01   5.1106e+01   2.1474e+01   0.0000e+00   0.0000e+00   2.8605e+02
20260914_01:00:00   1.9069e-01   5.1949e+01   2.1506e+01   1.5844e-03   8.7740e-05   2.8633e+02
20260914_02:00:00   2.2164e-01   5.9126e+01   2.4406e+01   1.2511e-03   1.4624e-05   2.8512e+02
20260914_03:00:00   2.1590e-01   5.7841e+01   2.3759e+01   0.0000e+00   0.0000e+00   2.8393e+02
20260914_04:00:00   2.0384e-01   5.4998e+01   2.2699e+01   0.0000e+00   0.0000e+00   2.8318e+02
20260914_05:00:00   2.0276e-01   5.4684e+01   2.2560e+01   0.0000e+00   0.0000e+00   2.8370e+02
20260914_06:00:00   2.0571e-01   5.5324e+01   2.2686e+01   0.0000e+00   0.0000e+00   2.8442e+02
20260914_07:00:00   2.0536e-01   5.5173e+01   2.2660e+01   0.0000e+00   0.0000e+00   2.8347e+02
20260914_08:00:00   2.0513e-01   5.5075e+01   2.2707e+01   0.0000e+00   0.0000e+00   2.8231e+02
20260914_09:00:00   2.0451e-01   5.4878e+01   2.2792e+01   0.0000e+00   0.0000e+00   2.8214e+02
20260914_10:00:00   2.0320e-01   5.4571e+01   2.2681e+01   0.0000e+00   0.0000e+00   2.8063e+02
20260914_11:00:00   2.0775e-01   5.5581e+01   2.3043e+01   0.0000e+00   0.0000e+00   2.7996e+02
20260914_12:00:00   2.0947e-01   5.5959e+01   2.3164e+01   0.0000e+00   0.0000e+00   2.7975e+02
20260914_13:00:00   2.0890e-01   5.5825e+01   2.3030e+01   0.0000e+00   0.0000e+00   2.8064e+02
20260914_14:00:00   2.0612e-01   5.5225e+01   2.2706e+01   0.0000e+00   0.0000e+00   2.8102e+02
20260914_15:00:00   2.0755e-01   5.5581e+01   2.2792e+01   0.0000e+00   0.0000e+00   2.8139e+02
20260914_16:00:00   2.1078e-01   5.6353e+01   2.3162e+01   0.0000e+00   0.0000e+00   2.8408e+02
20260914_17:00:00   2.1348e-01   5.7035e+01   2.3505e+01   0.0000e+00   0.0000e+00   2.8408e+02
20260914_18:00:00   2.1827e-01   5.8167e+01   2.4168e+01   0.0000e+00   0.0000e+00   2.8414e+02
20260914_19:00:00   2.2268e-01   5.9142e+01   2.4854e+01   8.3260e-04   0.0000e+00   2.8392e+02
20260914_20:00:00   2.4455e-01   6.3847e+01   2.5647e+01   2.0918e-02   0.0000e+00   2.8473e+02
20260914_21:00:00   3.2502e-01   8.0244e+01   2.5727e+01   1.1555e-01   3.7760e-05   2.8472e+02
20260914_22:00:00   3.5488e-01   8.5810e+01   2.5655e+01   1.5175e-01   4.7038e-04   2.8181e+02
20260914_23:00:00   3.1397e-01   7.7869e+01   2.5674e+01   1.0540e-01   8.1800e-04   2.8253e+02
20260915_00:00:00   3.4471e-01   8.4031e+01   2.5581e+01   1.4122e-01   6.7285e-04   2.8136e+02
20260915_01:00:00   2.8256e-01   7.1858e+01   2.4919e+01   7.5735e-02   0.0000e+00   2.8236e+02
20260915_02:00:00   2.7854e-01   7.0982e+01   2.4868e+01   7.1123e-02   3.0900e-05   2.7819e+02
20260915_03:00:00   2.2502e-01   5.9544e+01   2.4242e+01   1.5150e-02   6.8660e-06   2.7959e+02
20260915_04:00:00   2.1160e-01   5.6575e+01   2.4139e+01   8.5820e-05   0.0000e+00   2.7949e+02
20260915_05:00:00   2.1550e-01   5.7407e+01   2.4576e+01   2.2320e-04   0.0000e+00   2.7666e+02
20260915_06:00:00   2.2632e-01   5.9780e+01   2.5553e+01   1.4334e-03   0.0000e+00   2.7723e+02
20260915_07:00:00   2.2420e-01   5.9357e+01   2.5340e+01   0.0000e+00   0.0000e+00   2.7922e+02
20260915_08:00:00   2.2670e-01   5.9882e+01   2.5732e+01   0.0000e+00   0.0000e+00   2.7967e+02
20260915_09:00:00   2.2608e-01   5.9725e+01   2.5682e+01   0.0000e+00   0.0000e+00   2.8388e+02
20260915_10:00:00   2.2830e-01   6.0184e+01   2.5928e+01   2.5740e-05   0.0000e+00   2.8586e+02
20260915_11:00:00   2.6026e-01   6.7018e+01   2.6790e+01   2.6960e-02   0.0000e+00   2.8557e+02
20260915_12:00:00   4.0105e-01   9.4636e+01   2.7711e+01   1.7780e-01   2.7460e-05   2.8558e+02
20260915_13:00:00   4.0613e-01   9.5444e+01   2.8131e+01   1.7862e-01   5.3919e-05   2.8959e+02
20260915_14:00:00   2.6668e-01   6.8358e+01   2.6978e+01   3.1520e-02   8.2780e-07   2.9075e+02
20260915_15:00:00   2.6515e-01   6.8021e+01   2.6714e+01   3.4402e-02   2.9240e-06   2.8839e+02
20260915_16:00:00   2.8448e-01   7.2007e+01   2.6774e+01   5.8257e-02   9.7820e-06   2.8757e+02
20260915_17:00:00   2.5310e-01   6.5482e+01   2.7037e+01   2.0137e-02   1.7166e-05   2.8707e+02
20260915_18:00:00   2.4236e-01   6.3291e+01   2.7005e+01   8.0600e-03   0.0000e+00   2.8561e+02
20260915_19:00:00   2.6002e-01   6.7040e+01   2.7057e+01   2.9700e-02   0.0000e+00   2.8490e+02
20260915_20:00:00   3.5572e-01   8.5931e+01   2.7348e+01   1.3949e-01   2.6300e-04   2.8333e+02
20260915_21:00:00   4.5191e-01   1.0299e+02   2.6799e+01   2.5557e-01   3.9700e-03   2.8289e+02
20260915_22:00:00   3.3077e-01   8.0652e+01   2.5802e+01   1.2907e-01   2.7849e-02   2.8427e+02
20260915_23:00:00   5.1685e-01   1.1416e+02   2.8517e+01   3.1173e-01   7.4133e-02   2.8460e+02
20260916_00:00:00   6.1083e-01   1.2822e+02   3.0452e+01   4.0411e-01   1.1462e-01   2.8345e+02
20260916_01:00:00   3.3803e-01   8.2234e+01   2.9471e+01   1.0643e-01   4.8010e-02   2.8267e+02
20260916_02:00:00   4.2398e-01   9.8099e+01   3.0672e+01   1.9014e-01   4.8231e-02   2.8273e+02
20260916_03:00:00   4.9955e-01   1.1037e+02   3.3216e+01   2.4500e-01   1.9740e-01   2.8206e+02
20260916_04:00:00   3.0022e-01   7.4867e+01   3.1995e+01   3.4436e-02   3.5222e-01   2.8212e+02
20260916_05:00:00   2.4857e-01   6.4279e+01   2.9732e+01   7.2100e-04   5.5284e-02   2.8219e+02
20260916_06:00:00   2.3812e-01   6.2053e+01   2.8230e+01   0.0000e+00   5.6921e-03   2.8243e+02
20260916_07:00:00   2.2909e-01   6.0088e+01   2.6958e+01   0.0000e+00   1.2496e-02   2.8416e+02
20260916_08:00:00   2.2814e-01   5.9830e+01   2.6689e+01   0.0000e+00   7.5009e-03   2.8520e+02
20260916_09:00:00   2.2319e-01   5.8661e+01   2.6189e+01   0.0000e+00   4.5078e-03   2.8433e+02
20260916_10:00:00   2.2145e-01   5.8225e+01   2.5958e+01   0.0000e+00   4.4065e-04   2.8281e+02
20260916_11:00:00   2.2818e-01   5.9715e+01   2.6541e+01   0.0000e+00   0.0000e+00   2.8248e+02
20260916_12:00:00   2.3552e-01   6.1327e+01   2.7150e+01   0.0000e+00   0.0000e+00   2.8278e+02
20260916_13:00:00   2.3596e-01   6.1460e+01   2.7017e+01   0.0000e+00   2.1940e-05   2.8427e+02
20260916_14:00:00   2.3292e-01   6.0807e+01   2.6596e+01   0.0000e+00   0.0000e+00   2.8231e+02
20260916_15:00:00   2.1830e-01   5.7600e+01   2.4955e+01   0.0000e+00   0.0000e+00   2.8305e+02
20260916_16:00:00   2.0685e-01   5.5042e+01   2.3734e+01   0.0000e+00   0.0000e+00   2.8675e+02
20260916_17:00:00   2.0171e-01   5.3916e+01   2.3214e+01   0.0000e+00   0.0000e+00   2.8839e+02
20260916_18:00:00   1.9958e-01   5.3479e+01   2.2988e+01   0.0000e+00   0.0000e+00   2.8707e+02
20260916_19:00:00   1.9651e-01   5.2817e+01   2.2711e+01   0.0000e+00   0.0000e+00   2.8689e+02
20260916_20:00:00   1.9555e-01   5.2583e+01   2.2756e+01   0.0000e+00   0.0000e+00   2.8538e+02
20260916_21:00:00   1.9396e-01   5.2177e+01   2.2793e+01   0.0000e+00   0.0000e+00   2.8503e+02
20260916_22:00:00   1.9047e-01   5.1358e+01   2.2496e+01   0.0000e+00   0.0000e+00   2.8659e+02
20260916_23:00:00   1.8818e-01   5.0845e+01   2.2210e+01   0.0000e+00   0.0000e+00   2.8849e+02
20260917_00:00:00   1.8745e-01   5.0673e+01   2.2111e+01   0.0000e+00   0.0000e+00   2.8924e+02
20260917_01:00:00   1.8626e-01   5.0372e+01   2.1968e+01   0.0000e+00   0.0000e+00   2.8905e+02
20260917_02:00:00   1.9896e-01   5.3300e+01   2.3407e+01   0.0000e+00   0.0000e+00   2.8743e+02
20260917_03:00:00   2.0001e-01   5.3585e+01   2.3433e+01   0.0000e+00   0.0000e+00   2.8675e+02
20260917_04:00:00   2.0463e-01   5.4646e+01   2.3798e+01   0.0000e+00   0.0000e+00   2.8660e+02
20260917_05:00:00   2.0604e-01   5.4941e+01   2.3979e+01   0.0000e+00   0.0000e+00   2.8539e+02
20260917_06:00:00   2.0798e-01   5.5336e+01   2.4152e+01   0.0000e+00   8.7278e-04   2.8380e+02
20260917_07:00:00   2.0786e-01   5.5270e+01   2.4240e+01   0.0000e+00   1.9484e-03   2.8317e+02
20260917_08:00:00   2.1148e-01   5.6054e+01   2.4599e+01   0.0000e+00   1.4697e-03   2.8228e+02
20260917_09:00:00   2.1251e-01   5.6280e+01   2.4669e+01   0.0000e+00   1.4282e-03   2.8304e+02
20260917_10:00:00   2.0958e-01   5.5585e+01   2.4362e+01   0.0000e+00   2.6862e-04   2.8110e+02
20260917_11:00:00   2.0498e-01   5.4514e+01   2.3826e+01   0.0000e+00   0.0000e+00   2.8094e+02
20260917_12:00:00   1.9944e-01   5.3235e+01   2.3159e+01   0.0000e+00   5.7960e-05   2.8043e+02
20260917_13:00:00   1.9830e-01   5.2943e+01   2.3053e+01   0.0000e+00   2.6900e-05   2.7989e+02
20260917_14:00:00   1.9966e-01   5.3226e+01   2.3263e+01   0.0000e+00   0.0000e+00   2.7996e+02
20260917_15:00:00   2.0003e-01   5.3311e+01   2.3427e+01   0.0000e+00   0.0000e+00   2.8030e+02
20260917_16:00:00   2.0110e-01   5.3588e+01   2.3632e+01   0.0000e+00   4.4980e-06   2.8233e+02
20260917_17:00:00   2.0380e-01   5.4258e+01   2.4048e+01   0.0000e+00   9.4172e-05   2.8213e+02
20260917_18:00:00   2.0536e-01   5.4640e+01   2.4369e+01   0.0000e+00   4.2120e-05   2.7845e+02
20260917_21:00:00   2.0926e-01   5.5580e+01   2.5398e+01   0.0000e+00   1.8268e-05   2.8092e+02
20260918_00:00:00   2.1759e-01   5.7491e+01   2.5489e+01   8.4980e-03   3.6560e-06   2.8008e+02
20260918_03:00:00   2.1087e-01   5.6095e+01   2.4945e+01   0.0000e+00   0.0000e+00   2.8234e+02
20260918_06:00:00   2.1234e-01   5.6410e+01   2.4633e+01   0.0000e+00   0.0000e+00   2.8348e+02
20260918_09:00:00   2.0840e-01   5.5386e+01   2.4320e+01   0.0000e+00   0.0000e+00   2.8327e+02
20260918_12:00:00   2.0662e-01   5.4909e+01   2.4058e+01   0.0000e+00   2.3080e-05   2.8211e+02
20260918_15:00:00   2.0951e-01   5.5550e+01   2.4188e+01   0.0000e+00   1.1523e-04   2.8096e+02
20260918_18:00:00   2.1979e-01   5.7954e+01   2.5581e+01   0.0000e+00   2.0926e-04   2.7918e+02
20260918_21:00:00   2.7164e-01   6.9093e+01   2.7854e+01   4.3320e-02   3.4340e-06   2.7850e+02
20260919_00:00:00   2.5054e-01   6.5037e+01   2.8246e+01   8.0460e-03   0.0000e+00   2.7651e+02
20260919_03:00:00   2.3335e-01   6.1169e+01   2.6337e+01   0.0000e+00   0.0000e+00   2.7356e+02
20260919_06:00:00   2.3938e-01   6.2304e+01   2.7335e+01   0.0000e+00   1.8662e-03   2.7629e+02
20260919_09:00:00   2.5872e-01   6.6389e+01   2.9434e+01   0.0000e+00   2.8262e-03   2.7581e+02
20260919_12:00:00   2.6682e-01   6.8078e+01   2.9934e+01   0.0000e+00   1.5846e-03   2.7484e+02
20260919_15:00:00   2.6835e-01   6.8411e+01   3.0211e+01   0.0000e+00   2.7219e-03   2.7639e+02
20260919_18:00:00   2.9085e-01   7.3107e+01   3.2952e+01   2.0421e-03   4.0264e-03   2.7596e+02
20260919_21:00:00   3.9311e-01   9.3479e+01   3.2859e+01   1.2644e-01   1.7442e-02   2.7310e+02
20260920_00:00:00   3.0067e-01   7.5259e+01   3.1078e+01   3.4355e-02   5.5464e-04   2.7148e+02
20260920_03:00:00   2.8485e-01   7.1864e+01   3.1599e+01   1.6318e-02   8.7664e-02   2.6808e+02
20260920_06:00:00   2.9771e-01   7.4187e+01   3.3642e+01   9.2437e-03   5.4861e-01   2.6854e+02
20260920_09:00:00   3.9876e-01   9.4516e+01   3.4844e+01   1.1759e-01   3.8768e-01   2.6794e+02
20260920_12:00:00   4.0061e-01   9.4306e+01   3.4463e+01   1.1578e-01   1.1664e-01   2.6987e+02
20260920_15:00:00   4.1031e-01   9.5804e+01   3.5591e+01   1.0708e-01   8.6037e-02   2.7157e+02
20260920_18:00:00   4.0008e-01   9.4027e+01   3.5251e+01   1.0001e-01   7.7332e-02   2.6902e+02
20260920_21:00:00   4.7240e-01   1.0731e+02   3.5578e+01   1.8694e-01   2.0752e-03   2.6502e+02
20260921_00:00:00   7.9374e-01   1.5420e+02   3.4730e+01   5.6876e-01   1.4692e-02   2.6415e+02
20260921_03:00:00   3.0207e-01   7.5271e+01   2.9508e+01   3.6241e-02   0.0000e+00   2.6610e+02
20260921_06:00:00   4.0079e-01   9.4147e+01   2.5268e+01   1.8381e-01   0.0000e+00   2.6498e+02
20260921_09:00:00   2.8679e-01   7.2013e+01   2.3425e+01   7.2226e-02   0.0000e+00   2.6350e+02
20260921_12:00:00   1.9758e-01   5.2905e+01   2.0263e+01   1.4488e-05   0.0000e+00   2.6445e+02
20260921_15:00:00   1.8151e-01   4.9270e+01   1.8216e+01   0.0000e+00   0.0000e+00   2.6945e+02
20260921_18:00:00   1.6249e-01   4.4967e+01   1.6447e+01   0.0000e+00   0.0000e+00   2.7571e+02
20260921_21:00:00   1.6688e-01   4.5853e+01   1.8330e+01   0.0000e+00   0.0000e+00   2.7550e+02
20260922_00:00:00   1.9825e-01   5.2977e+01   1.8720e+01   3.3603e-02   1.4624e-05   2.8111e+02
20260922_03:00:00   1.7475e-01   4.7733e+01   1.9126e+01   0.0000e+00   0.0000e+00   2.8320e+02
20260922_06:00:00   1.6872e-01   4.6335e+01   1.8284e+01   0.0000e+00   0.0000e+00   2.8081e+02
20260922_09:00:00   1.8708e-01   5.0452e+01   2.1000e+01   0.0000e+00   0.0000e+00   2.7866e+02
20260922_12:00:00   2.1208e-01   5.5983e+01   2.4335e+01   0.0000e+00   0.0000e+00   2.7897e+02
20260922_15:00:00   2.2032e-01   5.7909e+01   2.4865e+01   0.0000e+00   9.3580e-06   2.7772e+02
20260922_18:00:00   2.8705e-01   7.2438e+01   2.6322e+01   5.7173e-02   0.0000e+00   2.7606e+02
20260922_21:00:00   3.5240e-01   8.4796e+01   2.6436e+01   1.3438e-01   1.1474e-01   2.7563e+02
20260923_00:00:00   2.2542e-01   5.9355e+01   2.4554e+01   5.1618e-03   2.8660e-02   2.7596e+02
20260923_03:00:00   2.0931e-01   5.5719e+01   2.2443e+01   0.0000e+00   0.0000e+00   2.7439e+02
20260923_06:00:00   1.9440e-01   5.2207e+01   2.0733e+01   0.0000e+00   0.0000e+00   2.7359e+02
20260923_09:00:00   1.8801e-01   5.0639e+01   2.0068e+01   0.0000e+00   0.0000e+00   2.7196e+02
20260923_12:00:00   1.8193e-01   4.9225e+01   1.9436e+01   0.0000e+00   0.0000e+00   2.7203e+02
20260923_15:00:00   1.7095e-01   4.6688e+01   1.8151e+01   0.0000e+00   4.1898e-04   2.7391e+02
20260923_18:00:00   1.8338e-01   4.9729e+01   1.9681e+01   0.0000e+00   1.2558e-04   2.7485e+02
20260923_21:00:00   2.1133e-01   5.6051e+01   2.1843e+01   1.7336e-02   3.1503e-03   2.7263e+02
20260924_00:00:00   3.9343e-01   9.2849e+01   2.3476e+01   2.1098e-01   3.0685e-03   2.7300e+02
20260924_03:00:00   2.1305e-01   5.6542e+01   2.2558e+01   6.1643e-03   6.6790e-03   2.7298e+02
20260924_06:00:00   1.9213e-01   5.1635e+01   2.0998e+01   0.0000e+00   5.7299e-02   2.7525e+02
20260924_09:00:00   1.8520e-01   4.9983e+01   1.9961e+01   0.0000e+00   1.4050e-03   2.7310e+02
20260924_12:00:00   1.7677e-01   4.7976e+01   1.9172e+01   0.0000e+00   4.7705e-03   2.7392e+02
20260924_15:00:00   1.7692e-01   4.8021e+01   1.9081e+01   0.0000e+00   6.4248e-03   2.7648e+02
20260924_18:00:00   1.8894e-01   5.0837e+01   2.0758e+01   0.0000e+00   2.8713e-02   2.7568e+02
20260924_21:00:00   1.9821e-01   5.2923e+01   2.2183e+01   5.0980e-03   5.9103e-03   2.7518e+02
20260925_00:00:00   2.1121e-01   5.5744e+01   2.2700e+01   1.9719e-02   3.3561e-03   2.7364e+02
20260925_03:00:00   2.0164e-01   5.3616e+01   2.3118e+01   0.0000e+00   1.3442e-04   2.7511e+02
20260925_06:00:00   1.9823e-01   5.2617e+01   2.3230e+01   0.0000e+00   1.0082e-02   2.7627e+02
20260925_09:00:00   2.0355e-01   5.3795e+01   2.3998e+01   0.0000e+00   8.3850e-02   2.7317e+02
20260925_12:00:00   2.1478e-01   5.6248e+01   2.5339e+01   0.0000e+00   2.8559e-02   2.7107e+02
20260925_15:00:00   2.2680e-01   5.8854e+01   2.6862e+01   0.0000e+00   2.8803e-02   2.6992e+02
20260925_18:00:00   2.3934e-01   6.1720e+01   2.8348e+01   2.4040e-04   5.8292e-03   2.7008e+02
20260925_21:00:00   4.7258e-01   1.0686e+02   3.0101e+01   2.5096e-01   8.8269e-03   2.6899e+02
20260926_00:00:00   2.8355e-01   7.1318e+01   2.9446e+01   3.7359e-02   1.7108e-04   2.6924e+02
20260926_03:00:00   2.4314e-01   6.2547e+01   2.8367e+01   0.0000e+00   1.0180e-03   2.7097e+02
20260926_06:00:00   2.3897e-01   6.1541e+01   2.7520e+01   1.7166e-04   2.2791e-03   2.7159e+02
20260926_09:00:00   2.4161e-01   6.2000e+01   2.7897e+01   2.5060e-03   6.8787e-03   2.7402e+02
20260926_12:00:00   2.9535e-01   7.2969e+01   2.9446e+01   4.8707e-02   1.5937e-01   2.7806e+02
20260926_15:00:00   2.3577e-01   6.0634e+01   2.7477e+01   0.0000e+00   6.0363e-02   2.8003e+02
20260926_18:00:00   2.2796e-01   5.9105e+01   2.6639e+01   0.0000e+00   4.3520e-02   2.7990e+02
20260926_21:00:00   2.5447e-01   6.5108e+01   2.5218e+01   4.0680e-02   1.1402e-04   2.7800e+02
20260927_00:00:00   3.5333e-01   8.5110e+01   2.4667e+01   1.5847e-01   0.0000e+00   2.7900e+02
20260927_03:00:00   1.9958e-01   5.3021e+01   2.2361e+01   0.0000e+00   0.0000e+00   2.8021e+02
20260927_06:00:00   1.9885e-01   5.2868e+01   2.1856e+01   0.0000e+00   0.0000e+00   2.7910e+02
20260927_09:00:00   1.9568e-01   5.2149e+01   2.1343e+01   0.0000e+00   0.0000e+00   2.7668e+02
20260927_12:00:00   1.9068e-01   5.1006e+01   2.0640e+01   0.0000e+00   0.0000e+00   2.7570e+02
20260927_15:00:00   1.9758e-01   5.2567e+01   2.1543e+01   0.0000e+00   0.0000e+00   2.7827e+02
20260927_18:00:00   2.3005e-01   5.9921e+01   2.2598e+01   2.8280e-02   0.0000e+00   2.7811e+02
20260927_21:00:00   6.6840e-01   1.3649e+02   2.4995e+01   5.0748e-01   2.7396e-04   2.7731e+02
20260928_00:00:00   4.1297e-01   9.5865e+01   2.3644e+01   2.2962e-01   1.3252e-04   2.7823e+02
20260928_03:00:00   2.3211e-01   6.0232e+01   2.2697e+01   3.5368e-02   7.7182e-04   2.8058e+02
20260928_06:00:00   2.1149e-01   5.5515e+01   2.4116e+01   4.2200e-03   1.1202e-02   2.8021e+02
20260928_09:00:00   2.1388e-01   5.6045e+01   2.4164e+01   2.9100e-03   1.2769e-03   2.8357e+02
20260928_12:00:00   2.0385e-01   5.3874e+01   2.2816e+01   0.0000e+00   1.3610e-03   2.8902e+02
20260928_15:00:00   2.0838e-01   5.4905e+01   2.2935e+01   2.0680e-03   0.0000e+00   2.8787e+02
20260928_18:00:00   3.1707e-01   7.7765e+01   2.3513e+01   1.1744e-01   1.2428e-04   2.8869e+02
