#            date       tau255        Tb[K]      pwv[mm] lwp[kg*m^-2] iwp[kg*m^-2]       o3[DU]
20260729_06:00:00   1.8467e-01   5.0925e+01   2.1605e+01   0.0000e+00   0.0000e+00   3.0335e+02
20260729_07:00:00   1.9540e-01   5.3344e+01   2.3125e+01   0.0000e+00   0.0000e+00   3.0292e+02
20260729_08:00:00   2.0447e-01   5.5353e+01   2.4267e+01   0.0000e+00   0.0000e+00   3.0215e+02
20260729_09:00:00   2.0345e-01   5.5087e+01   2.4067e+01   0.0000e+00   0.0000e+00   3.0402e+02
20260729_10:00:00   2.0078e-01   5.4477e+01   2.3629e+01   0.0000e+00   0.0000e+00   3.0555e+02
20260729_11:00:00   1.9976e-01   5.4216e+01   2.3431e+01   0.0000e+00   0.0000e+00   3.0639e+02
20260729_12:00:00   1.9995e-01   5.4257e+01   2.3307e+01   0.0000e+00   0.0000e+00   3.0689e+02
20260729_13:00:00   1.9937e-01   5.4119e+01   2.3046e+01   0.0000e+00   0.0000e+00   3.0657e+02
20260729_14:00:00   1.9306e-01   5.2702e+01   2.2219e+01   0.0000e+00   0.0000e+00   3.0473e+02
20260729_15:00:00   1.9275e-01   5.2670e+01   2.2118e+01   0.0000e+00   0.0000e+00   3.0379e+02
20260729_16:00:00   1.8851e-01   5.1744e+01   2.1544e+01   0.0000e+00   0.0000e+00   3.0439e+02
20260729_17:00:00   1.8411e-01   5.0773e+01   2.0975e+01   0.0000e+00   0.0000e+00   3.0562e+02
20260729_18:00:00   1.8697e-01   5.1460e+01   2.1521e+01   0.0000e+00   0.0000e+00   3.0602e+02
20260729_19:00:00   1.8813e-01   5.1706e+01   2.1956e+01   0.0000e+00   0.0000e+00   3.0691e+02
20260729_20:00:00   1.8593e-01   5.1127e+01   2.2045e+01   0.0000e+00   0.0000e+00   3.0776e+02
20260729_21:00:00   1.7977e-01   4.9599e+01   2.1648e+01   0.0000e+00   0.0000e+00   3.0797e+02
20260729_22:00:00   1.7587e-01   4.8623e+01   2.1472e+01   0.0000e+00   0.0000e+00   3.0801e+02
20260729_23:00:00   1.7977e-01   4.9501e+01   2.2054e+01   0.0000e+00   0.0000e+00   3.0528e+02
20260730_00:00:00   1.8129e-01   4.9897e+01   2.2124e+01   0.0000e+00   0.0000e+00   3.0025e+02
20260730_01:00:00   1.8518e-01   5.0893e+01   2.2298e+01   0.0000e+00   0.0000e+00   3.0108e+02
20260730_02:00:00   1.8522e-01   5.0904e+01   2.2026e+01   0.0000e+00   0.0000e+00   3.0229e+02
20260730_03:00:00   1.8928e-01   5.1867e+01   2.2182e+01   0.0000e+00   0.0000e+00   2.9957e+02
20260730_04:00:00   1.8836e-01   5.1663e+01   2.1846e+01   0.0000e+00   0.0000e+00   3.0069e+02
20260730_05:00:00   1.8595e-01   5.1061e+01   2.1327e+01   0.0000e+00   0.0000e+00   3.0132e+02
20260730_06:00:00   1.7918e-01   4.9426e+01   2.0404e+01   0.0000e+00   0.0000e+00   3.0247e+02
20260730_07:00:00   1.8432e-01   5.0547e+01   2.1366e+01   0.0000e+00   0.0000e+00   3.0412e+02
20260730_08:00:00   1.9327e-01   5.2518e+01   2.2790e+01   0.0000e+00   0.0000e+00   3.0286e+02
20260730_09:00:00   1.9102e-01   5.1989e+01   2.2525e+01   0.0000e+00   0.0000e+00   3.0281e+02
20260730_10:00:00   1.7762e-01   4.8862e+01   2.0776e+01   0.0000e+00   0.0000e+00   3.0583e+02
20260730_11:00:00   1.7196e-01   4.7453e+01   2.0158e+01   0.0000e+00   0.0000e+00   3.0846e+02
20260730_12:00:00   1.6959e-01   4.6848e+01   1.9879e+01   0.0000e+00   0.0000e+00   3.0743e+02
20260730_13:00:00   1.6374e-01   4.5460e+01   1.9031e+01   0.0000e+00   0.0000e+00   3.0438e+02
20260730_14:00:00   1.6288e-01   4.5275e+01   1.8779e+01   0.0000e+00   6.3580e-06   3.0440e+02
20260730_15:00:00   1.6284e-01   4.5309e+01   1.8708e+01   0.0000e+00   4.2920e-06   3.0521e+02
20260730_16:00:00   1.6061e-01   4.4795e+01   1.8648e+01   0.0000e+00   0.0000e+00   3.0338e+02
20260730_17:00:00   1.6617e-01   4.6136e+01   1.9752e+01   0.0000e+00   0.0000e+00   3.0155e+02
20260730_18:00:00   1.7369e-01   4.7922e+01   2.1096e+01   0.0000e+00   0.0000e+00   3.0143e+02
20260730_19:00:00   1.8144e-01   4.9736e+01   2.2453e+01   0.0000e+00   0.0000e+00   3.0216e+02
20260730_20:00:00   1.8232e-01   4.9945e+01   2.2826e+01   0.0000e+00   0.0000e+00   3.0104e+02
20260730_21:00:00   1.8759e-01   5.1161e+01   2.3734e+01   0.0000e+00   2.5440e-05   2.9895e+02
20260730_22:00:00   1.9151e-01   5.2065e+01   2.4390e+01   0.0000e+00   2.1760e-04   2.9762e+02
20260730_23:00:00   1.9244e-01   5.2325e+01   2.4526e+01   0.0000e+00   2.1301e-04   2.9860e+02
20260731_00:00:00   1.9319e-01   5.2573e+01   2.4477e+01   0.0000e+00   2.1581e-04   3.0053e+02
20260731_01:00:00   1.9428e-01   5.2967e+01   2.4245e+01   0.0000e+00   1.9322e-04   3.0141e+02
20260731_02:00:00   2.0040e-01   5.4407e+01   2.4687e+01   0.0000e+00   3.4020e-04   3.0059e+02
20260731_03:00:00   1.9949e-01   5.4186e+01   2.4453e+01   0.0000e+00   1.7134e-04   3.0006e+02
20260731_04:00:00   1.9518e-01   5.3077e+01   2.3916e+01   0.0000e+00   1.4317e-04   2.9786e+02
20260731_05:00:00   1.9076e-01   5.1978e+01   2.3445e+01   0.0000e+00   2.4295e-05   2.9798e+02
20260731_06:00:00   1.9248e-01   5.2344e+01   2.3736e+01   0.0000e+00   8.1580e-06   2.9734e+02
20260731_07:00:00   1.9759e-01   5.3461e+01   2.4465e+01   0.0000e+00   1.2021e-05   2.9439e+02
20260731_08:00:00   2.0310e-01   5.4674e+01   2.5214e+01   0.0000e+00   2.6626e-05   2.9606e+02
20260731_09:00:00   2.0493e-01   5.5053e+01   2.5610e+01   0.0000e+00   2.0180e-05   2.9610e+02
20260731_10:00:00   2.0565e-01   5.5201e+01   2.5708e+01   0.0000e+00   4.7620e-05   2.9448e+02
20260731_11:00:00   2.0408e-01   5.4821e+01   2.5584e+01   0.0000e+00   1.1332e-04   2.9614e+02
20260731_12:00:00   2.0149e-01   5.4242e+01   2.5141e+01   0.0000e+00   8.5940e-05   2.9802e+02
20260731_13:00:00   1.9528e-01   5.2861e+01   2.4110e+01   0.0000e+00   2.2460e-05   2.9935e+02
20260731_14:00:00   1.9166e-01   5.2050e+01   2.3541e+01   0.0000e+00   0.0000e+00   2.9998e+02
20260731_15:00:00   1.9209e-01   5.2164e+01   2.3598e+01   0.0000e+00   0.0000e+00   3.0148e+02
20260731_16:00:00   1.9600e-01   5.3069e+01   2.4268e+01   0.0000e+00   1.4624e-05   3.0037e+02
20260731_17:00:00   2.0385e-01   5.4854e+01   2.5436e+01   0.0000e+00   3.6560e-06   3.0155e+02
20260731_18:00:00   2.0569e-01   5.5273e+01   2.5866e+01   0.0000e+00   1.1960e-04   3.0164e+02
20260731_19:00:00   2.0549e-01   5.5228e+01   2.5977e+01   0.0000e+00   2.7500e-05   2.9921e+02
20260731_20:00:00   2.0067e-01   5.4157e+01   2.5475e+01   0.0000e+00   0.0000e+00   2.9942e+02
20260731_21:00:00   1.9472e-01   5.2812e+01   2.4796e+01   0.0000e+00   4.7240e-06   2.9872e+02
20260731_22:00:00   1.9010e-01   5.1767e+01   2.4267e+01   0.0000e+00   8.4780e-06   2.9613e+02
20260731_23:00:00   1.8772e-01   5.1265e+01   2.3880e+01   0.0000e+00   0.0000e+00   2.9469e+02
20260801_00:00:00   1.8646e-01   5.1051e+01   2.3557e+01   0.0000e+00   0.0000e+00   2.9580e+02
20260801_01:00:00   1.8807e-01   5.1454e+01   2.3603e+01   0.0000e+00   0.0000e+00   2.9727e+02
20260801_02:00:00   1.8395e-01   5.0451e+01   2.2960e+01   0.0000e+00   0.0000e+00   2.9630e+02
20260801_03:00:00   1.8142e-01   4.9773e+01   2.2697e+01   0.0000e+00   0.0000e+00   2.9620e+02
20260801_04:00:00   1.8690e-01   5.0991e+01   2.3471e+01   0.0000e+00   0.0000e+00   2.9620e+02
20260801_05:00:00   1.9664e-01   5.3159e+01   2.4679e+01   0.0000e+00   0.0000e+00   2.9628e+02
20260801_06:00:00   2.0414e-01   5.4828e+01   2.5550e+01   0.0000e+00   0.0000e+00   2.9561e+02
20260801_07:00:00   2.1067e-01   5.6257e+01   2.6213e+01   0.0000e+00   2.0040e-05   2.9421e+02
20260801_08:00:00   2.0838e-01   5.5704e+01   2.5625e+01   0.0000e+00   1.0936e-04   2.9516e+02
20260801_09:00:00   2.0528e-01   5.5028e+01   2.5104e+01   0.0000e+00   0.0000e+00   2.9671e+02
20260801_10:00:00   1.9789e-01   5.3380e+01   2.3978e+01   0.0000e+00   7.7140e-03   2.9618e+02
20260801_11:00:00   1.9786e-01   5.3303e+01   2.4280e+01   0.0000e+00   9.4706e-03   2.9466e+02
20260801_12:00:00   2.0192e-01   5.4135e+01   2.5015e+01   0.0000e+00   2.2688e-03   2.9395e+02
20260801_13:00:00   2.0881e-01   5.5636e+01   2.5927e+01   0.0000e+00   4.4481e-05   2.9412e+02
20260801_14:00:00   2.1948e-01   5.8010e+01   2.7298e+01   0.0000e+00   3.0900e-05   2.9164e+02
20260801_15:00:00   2.3039e-01   6.0439e+01   2.8444e+01   0.0000e+00   0.0000e+00   2.9060e+02
20260801_16:00:00   2.3674e-01   6.1866e+01   2.9114e+01   0.0000e+00   4.4980e-06   2.8890e+02
20260801_17:00:00   2.4181e-01   6.3030e+01   2.9746e+01   4.8580e-05   5.1469e-04   2.8696e+02
20260801_18:00:00   2.6800e-01   6.8558e+01   3.0722e+01   1.9294e-02   6.8240e-03   2.8595e+02
20260801_19:00:00   2.6693e-01   6.8453e+01   3.0748e+01   1.5734e-02   6.4140e-03   2.8656e+02
20260801_20:00:00   2.5352e-01   6.5827e+01   3.0608e+01   0.0000e+00   1.9074e-04   2.8681e+02
20260801_21:00:00   2.5615e-01   6.6492e+01   3.0759e+01   1.0280e-04   3.2180e-05   2.8688e+02
20260801_22:00:00   2.6266e-01   6.7977e+01   3.0859e+01   4.5328e-03   2.9240e-06   2.8580e+02
20260801_23:00:00   2.6845e-01   6.9303e+01   3.0995e+01   7.0294e-03   0.0000e+00   2.8371e+02
20260802_00:00:00   2.9879e-01   7.5703e+01   3.0950e+01   3.9120e-02   1.7662e-05   2.8620e+02
20260802_01:00:00   2.6158e-01   6.7992e+01   3.0230e+01   0.0000e+00   0.0000e+00   2.8823e+02
20260802_02:00:00   2.5883e-01   6.7355e+01   2.9785e+01   0.0000e+00   2.9160e-05   2.8702e+02
20260802_03:00:00   2.5493e-01   6.6358e+01   2.9532e+01   0.0000e+00   0.0000e+00   2.9011e+02
20260802_04:00:00   2.5257e-01   6.5577e+01   3.0298e+01   0.0000e+00   3.2143e-02   2.8961e+02
20260802_05:00:00   2.7132e-01   6.9288e+01   3.2827e+01   0.0000e+00   1.6128e-01   2.9007e+02
20260802_06:00:00   2.7067e-01   6.9176e+01   3.2693e+01   0.0000e+00   9.5838e-02   2.9037e+02
20260802_07:00:00   2.9503e-01   7.4245e+01   3.4746e+01   7.6940e-04   2.3083e-02   2.8989e+02
20260802_08:00:00   3.1879e-01   7.9137e+01   3.5953e+01   1.0201e-02   1.2296e-01   2.8913e+02
20260802_09:00:00   3.1854e-01   7.9017e+01   3.6014e+01   8.1392e-03   9.5113e-02   2.8948e+02
20260802_10:00:00   3.4811e-01   8.4494e+01   3.6381e+01   3.9085e-02   4.2358e-01   2.8968e+02
20260802_11:00:00   5.6511e-01   1.2157e+02   3.5461e+01   2.9695e-01   2.4194e-01   2.8994e+02
20260802_12:00:00   4.2386e-01   9.7973e+01   3.3341e+01   1.6310e-01   1.0717e-01   2.9090e+02
20260802_13:00:00   3.5883e-01   8.6199e+01   3.1934e+01   1.0110e-01   8.6166e-02   2.9364e+02
20260802_14:00:00   2.5620e-01   6.5839e+01   2.9719e+01   5.0454e-04   1.6187e-02   2.9522e+02
20260802_15:00:00   2.5401e-01   6.5458e+01   2.8306e+01   4.1445e-03   5.1278e-03   2.9474e+02
20260802_16:00:00   2.5139e-01   6.5001e+01   2.7497e+01   5.3265e-03   4.9343e-03   2.9343e+02
20260802_17:00:00   2.4056e-01   6.2824e+01   2.6646e+01   2.4860e-04   1.7491e-03   2.9368e+02
20260802_18:00:00   2.3702e-01   6.2201e+01   2.6193e+01   0.0000e+00   6.0560e-05   2.9262e+02
20260802_19:00:00   2.3317e-01   6.1460e+01   2.5778e+01   0.0000e+00   0.0000e+00   2.9384e+02
20260802_20:00:00   2.2863e-01   6.0480e+01   2.5319e+01   0.0000e+00   0.0000e+00   2.9524e+02
20260802_21:00:00   2.1835e-01   5.8148e+01   2.4351e+01   8.7740e-05   0.0000e+00   2.9633e+02
20260802_22:00:00   2.0354e-01   5.4798e+01   2.2829e+01   0.0000e+00   0.0000e+00   2.9668e+02
20260802_23:00:00   1.9505e-01   5.2891e+01   2.1876e+01   0.0000e+00   0.0000e+00   2.9649e+02
20260803_00:00:00   1.9274e-01   5.2391e+01   2.1482e+01   0.0000e+00   0.0000e+00   2.9559e+02
20260803_01:00:00   1.9004e-01   5.1776e+01   2.0989e+01   0.0000e+00   0.0000e+00   2.9593e+02
20260803_02:00:00   1.8067e-01   4.9528e+01   1.9821e+01   0.0000e+00   0.0000e+00   2.9621e+02
20260803_03:00:00   1.6729e-01   4.6288e+01   1.8227e+01   0.0000e+00   0.0000e+00   2.9947e+02
20260803_04:00:00   1.5685e-01   4.3716e+01   1.7043e+01   0.0000e+00   0.0000e+00   3.0114e+02
20260803_05:00:00   1.4836e-01   4.1606e+01   1.6019e+01   0.0000e+00   0.0000e+00   3.0040e+02
20260803_06:00:00   1.4441e-01   4.0609e+01   1.5479e+01   0.0000e+00   0.0000e+00   2.9892e+02
20260803_09:00:00   1.3245e-01   3.7671e+01   1.3720e+01   0.0000e+00   0.0000e+00   2.9622e+02
20260803_12:00:00   1.3099e-01   3.7236e+01   1.3454e+01   0.0000e+00   0.0000e+00   2.9604e+02
20260803_15:00:00   1.2146e-01   3.4915e+01   1.2218e+01   0.0000e+00   0.0000e+00   2.9730e+02
20260803_18:00:00   1.2262e-01   3.5172e+01   1.2876e+01   0.0000e+00   0.0000e+00   2.9517e+02
20260803_21:00:00   1.3402e-01   3.8087e+01   1.4726e+01   0.0000e+00   0.0000e+00   2.9474e+02
20260804_00:00:00   1.2720e-01   3.6483e+01   1.3823e+01   0.0000e+00   0.0000e+00   2.9354e+02
20260804_03:00:00   1.1577e-01   3.3671e+01   1.1776e+01   0.0000e+00   0.0000e+00   2.9406e+02
20260804_06:00:00   1.1354e-01   3.3071e+01   1.1186e+01   0.0000e+00   0.0000e+00   2.9614e+02
20260804_09:00:00   1.2186e-01   3.5116e+01   1.2312e+01   0.0000e+00   0.0000e+00   2.9667e+02
20260804_12:00:00   1.3257e-01   3.7719e+01   1.4147e+01   0.0000e+00   2.7260e-05   2.9285e+02
20260804_15:00:00   1.4836e-01   4.1643e+01   1.6186e+01   0.0000e+00   0.0000e+00   2.9446e+02
20260804_18:00:00   1.5904e-01   4.4273e+01   1.7830e+01   0.0000e+00   0.0000e+00   2.9524e+02
20260804_21:00:00   1.4775e-01   4.1522e+01   1.7118e+01   0.0000e+00   0.0000e+00   2.9622e+02
20260805_00:00:00   1.4162e-01   4.0028e+01   1.6704e+01   0.0000e+00   0.0000e+00   2.9646e+02
20260805_03:00:00   1.6478e-01   4.5679e+01   1.9447e+01   0.0000e+00   4.0886e-04   2.9640e+02
20260805_06:00:00   1.8693e-01   5.0915e+01   2.1602e+01   0.0000e+00   5.6720e-04   2.9506e+02
20260805_09:00:00   2.0640e-01   5.5213e+01   2.3784e+01   0.0000e+00   5.3459e-04   2.9482e+02
20260805_12:00:00   2.0141e-01   5.3985e+01   2.3096e+01   0.0000e+00   0.0000e+00   2.9718e+02
20260805_15:00:00   1.8874e-01   5.1170e+01   2.1206e+01   0.0000e+00   0.0000e+00   2.9723e+02
20260805_18:00:00   2.2393e-01   5.9174e+01   2.3146e+01   2.0640e-02   0.0000e+00   2.9709e+02
20260805_21:00:00   3.7385e-01   8.9194e+01   2.3368e+01   1.9616e-01   1.2982e-04   2.9576e+02
20260806_00:00:00   2.2108e-01   5.8258e+01   2.2183e+01   3.5225e-02   5.3760e-06   2.9586e+02
20260806_03:00:00   2.1705e-01   5.7813e+01   2.4069e+01   0.0000e+00   0.0000e+00   2.9860e+02
20260806_06:00:00   2.0320e-01   5.4429e+01   2.2517e+01   0.0000e+00   0.0000e+00   2.9923e+02
20260806_09:00:00   1.9835e-01   5.3265e+01   2.1827e+01   6.1800e-04   0.0000e+00   2.9965e+02
20260806_12:00:00   1.9642e-01   5.2839e+01   2.0924e+01   3.7740e-03   0.0000e+00   3.0039e+02
20260806_15:00:00   2.0705e-01   5.5329e+01   2.2211e+01   0.0000e+00   0.0000e+00   2.9656e+02
20260806_18:00:00   3.1953e-01   7.8917e+01   2.3501e+01   1.2386e-01   3.2740e-05   2.9483e+02
20260806_21:00:00   2.2260e-01   5.8507e+01   2.2788e+01   3.0319e-02   1.7562e-04   2.9637e+02
20260807_00:00:00   3.4171e-01   8.2723e+01   2.3794e+01   1.5604e-01   1.6210e-03   2.9658e+02
20260807_03:00:00   2.0597e-01   5.5075e+01   2.3178e+01   1.1458e-03   0.0000e+00   2.9762e+02
20260807_06:00:00   2.9770e-01   7.4246e+01   2.4981e+01   8.8857e-02   1.4152e-04   2.9540e+02
20260807_09:00:00   3.2454e-01   7.9482e+01   2.5888e+01   1.1026e-01   6.1587e-03   2.9778e+02
20260807_12:00:00   7.6206e-01   1.4798e+02   2.7551e+01   5.8963e-01   8.2701e-02   3.0155e+02
20260807_15:00:00   2.4569e-01   6.3232e+01   2.5176e+01   3.1868e-02   1.6426e-03   3.0180e+02
20260807_18:00:00   4.3318e-01   9.9615e+01   2.6978e+01   2.3132e-01   2.2406e-03   3.0133e+02
20260807_21:00:00   8.0183e-01   1.5359e+02   2.9933e+01   6.2168e-01   1.3086e-01   2.9833e+02
20260808_00:00:00   4.1550e-01   9.6370e+01   2.8281e+01   2.0247e-01   2.6882e-02   3.0423e+02
20260808_03:00:00   3.0267e-01   7.5449e+01   3.0067e+01   4.7374e-02   1.0681e-02   3.0767e+02
20260808_06:00:00   2.5836e-01   6.6397e+01   2.9731e+01   7.5300e-04   2.3336e-02   3.0887e+02
20260808_09:00:00   3.6590e-01   8.7630e+01   3.0136e+01   1.2030e-01   2.2958e-01   3.1024e+02
20260808_12:00:00   2.8224e-01   7.1159e+01   3.0144e+01   2.3617e-02   1.9349e-01   3.1130e+02
20260808_15:00:00   4.4300e-01   1.0137e+02   3.1389e+01   1.9486e-01   3.6650e-01   3.0771e+02
20260808_18:00:00   3.6950e-01   8.8282e+01   3.1576e+01   1.0384e-01   4.9120e-01   3.0910e+02
20260808_21:00:00   3.6336e-01   8.6911e+01   3.0417e+01   1.1441e-01   2.8425e-01   3.1002e+02
20260809_00:00:00   3.1405e-01   7.7893e+01   3.1862e+01   4.5957e-02   5.2767e-03   3.0579e+02
20260809_03:00:00   2.6377e-01   6.7450e+01   3.0507e+01   0.0000e+00   2.1688e-01   3.0447e+02
20260809_06:00:00   2.5733e-01   6.6067e+01   3.0218e+01   0.0000e+00   3.6375e-03   3.0497e+02
20260809_09:00:00   2.5373e-01   6.5102e+01   3.0050e+01   0.0000e+00   7.3048e-03   3.0465e+02
20260809_12:00:00   2.6535e-01   6.7550e+01   3.1104e+01   2.7920e-04   6.7935e-03   3.0253e+02
20260809_15:00:00   2.7831e-01   7.0339e+01   3.2170e+01   1.1188e-03   3.3505e-02   3.0009e+02
20260809_18:00:00   2.8179e-01   7.1112e+01   3.2597e+01   4.8102e-03   5.2380e-03   2.9727e+02
20260809_21:00:00   3.4834e-01   8.4800e+01   3.2363e+01   8.9864e-02   2.1318e-03   2.9772e+02
20260810_00:00:00   2.7426e-01   6.9979e+01   3.2299e+01   2.7860e-03   5.8501e-04   2.9459e+02
20260810_03:00:00   3.1403e-01   7.8151e+01   3.2104e+01   4.5748e-02   1.1550e-03   2.9899e+02
20260810_06:00:00   2.7633e-01   7.0396e+01   3.1105e+01   1.0084e-02   3.6732e-04   2.9684e+02
20260810_09:00:00   2.6980e-01   6.9012e+01   3.0824e+01   0.0000e+00   3.6837e-03   2.9768e+02
20260810_12:00:00   2.6346e-01   6.7556e+01   3.0469e+01   0.0000e+00   4.2583e-04   2.9916e+02
20260810_15:00:00   2.6533e-01   6.8054e+01   3.0075e+01   0.0000e+00   0.0000e+00   3.0083e+02
20260810_18:00:00   2.8809e-01   7.3072e+01   3.1017e+01   1.5318e-02   0.0000e+00   2.9556e+02
20260810_21:00:00   4.8293e-01   1.0958e+02   3.1389e+01   2.4446e-01   1.4122e-05   2.9537e+02
20260811_00:00:00   4.2577e-01   9.9664e+01   3.1393e+01   1.8348e-01   8.7081e-02   2.9909e+02
20260811_03:00:00   2.7286e-01   6.9790e+01   3.1144e+01   6.8757e-03   9.6355e-05   3.0078e+02
20260811_06:00:00   2.3812e-01   6.2088e+01   2.8331e+01   7.3920e-04   1.1930e-03   2.9637e+02
20260811_09:00:00   2.6532e-01   6.7849e+01   3.0280e+01   6.9800e-03   7.2920e-05   2.9551e+02
20260811_12:00:00   2.8316e-01   7.1464e+01   3.2883e+01   3.4183e-03   1.3499e-01   2.9970e+02
20260811_15:00:00   5.4614e-01   1.1877e+02   3.2630e+01   3.0854e-01   2.8049e-01   3.0222e+02
20260811_18:00:00   3.1667e-01   7.8189e+01   3.2205e+01   5.1719e-02   1.5830e-01   3.0298e+02
20260811_21:00:00   4.2131e-01   9.8040e+01   3.3228e+01   1.6634e-01   1.9347e-01   2.9978e+02
20260812_00:00:00   2.3092e-01   6.0227e+01   2.8639e+01   0.0000e+00   4.8105e-02   2.9809e+02
20260812_03:00:00   2.6913e-01   6.8861e+01   3.1908e+01   6.9520e-04   2.3376e-03   2.9744e+02
20260812_06:00:00   2.5196e-01   6.5211e+01   3.0233e+01   0.0000e+00   1.9617e-02   2.9687e+02
20260812_09:00:00   3.0869e-01   7.6471e+01   3.3128e+01   2.9515e-02   2.4293e-01   2.9414e+02
20260812_12:00:00   2.4406e-01   6.3276e+01   2.9073e+01   0.0000e+00   4.5040e-02   2.9525e+02
20260812_15:00:00   2.3648e-01   6.1686e+01   2.7909e+01   0.0000e+00   6.8213e-02   2.9220e+02
20260812_18:00:00   2.3909e-01   6.2457e+01   2.8311e+01   0.0000e+00   2.7125e-02   2.9405e+02
20260812_21:00:00   2.4757e-01   6.4464e+01   2.7725e+01   1.5118e-02   1.0851e-02   2.9194e+02
20260813_00:00:00   2.7779e-01   7.0965e+01   2.7725e+01   4.7792e-02   6.7510e-05   2.9092e+02
20260813_03:00:00   2.1825e-01   5.8243e+01   2.4879e+01   0.0000e+00   6.7440e-04   2.8996e+02
20260813_06:00:00   1.8497e-01   5.0523e+01   2.0985e+01   0.0000e+00   1.5255e-03   2.9123e+02
20260813_09:00:00   1.8725e-01   5.0940e+01   2.1270e+01   0.0000e+00   5.6987e-03   2.9132e+02
20260813_12:00:00   1.9268e-01   5.2112e+01   2.1685e+01   0.0000e+00   5.7546e-03   2.9253e+02
20260813_15:00:00   1.7491e-01   4.8017e+01   1.9712e+01   0.0000e+00   1.0254e-02   2.9451e+02
20260813_18:00:00   1.8444e-01   5.0398e+01   2.1040e+01   0.0000e+00   7.3430e-03   2.9434e+02
20260813_21:00:00   1.9070e-01   5.1832e+01   2.2678e+01   0.0000e+00   8.4628e-03   2.9408e+02
20260814_00:00:00   2.2495e-01   5.9478e+01   2.4296e+01   2.5879e-02   1.3231e-02   2.9332e+02
20260814_03:00:00   2.1772e-01   5.7940e+01   2.4527e+01   1.2112e-02   3.2640e-03   2.9296e+02
20260814_06:00:00   1.9191e-01   5.2139e+01   2.2286e+01   0.0000e+00   3.6225e-03   2.9273e+02
