#            date       tau255        Tb[K]      pwv[mm] lwp[kg*m^-2] iwp[kg*m^-2]       o3[DU]
20260911_18:00:00   2.2729e-01   6.0281e+01   2.6266e+01   0.0000e+00   0.0000e+00   2.8424e+02
20260911_19:00:00   2.3085e-01   6.1065e+01   2.6848e+01   0.0000e+00   0.0000e+00   2.8241e+02
20260911_20:00:00   2.6187e-01   6.7593e+01   2.7431e+01   3.3076e-02   6.0740e-05   2.8054e+02
20260911_21:00:00   5.5849e-01   1.2082e+02   2.7964e+01   3.6793e-01   7.6920e-04   2.8092e+02
20260911_22:00:00   5.3099e-01   1.1583e+02   2.8682e+01   3.3057e-01   6.4981e-02   2.8102e+02
20260911_23:00:00   4.3126e-01   9.9787e+01   2.8307e+01   2.2415e-01   9.8094e-02   2.7952e+02
20260912_00:00:00   5.1725e-01   1.1412e+02   2.7621e+01   3.2601e-01   1.3134e-02   2.7908e+02
20260912_01:00:00   2.7214e-01   6.9493e+01   2.5988e+01   6.0981e-02   3.0629e-03   2.7945e+02
20260912_02:00:00   2.9712e-01   7.4542e+01   2.5390e+01   9.5830e-02   6.8116e-04   2.7980e+02
20260912_03:00:00   3.0916e-01   7.7026e+01   2.6094e+01   1.0278e-01   1.7548e-04   2.7958e+02
20260912_04:00:00   3.2706e-01   8.0523e+01   2.6147e+01   1.2242e-01   3.0900e-04   2.7963e+02
20260912_05:00:00   3.1897e-01   7.8908e+01   2.6396e+01   1.0968e-01   6.2222e-04   2.8119e+02
20260912_06:00:00   2.5940e-01   6.6875e+01   2.5958e+01   4.5340e-02   1.3704e-04   2.8217e+02
20260912_07:00:00   2.1482e-01   5.7344e+01   2.5476e+01   6.3620e-04   2.0480e-05   2.8356e+02
20260912_08:00:00   2.0851e-01   5.5917e+01   2.4755e+01   0.0000e+00   0.0000e+00   2.8572e+02
20260912_09:00:00   2.0307e-01   5.4686e+01   2.4027e+01   0.0000e+00   0.0000e+00   2.8477e+02
20260912_10:00:00   1.9783e-01   5.3478e+01   2.3370e+01   0.0000e+00   0.0000e+00   2.8494e+02
20260912_11:00:00   1.9713e-01   5.3330e+01   2.3013e+01   0.0000e+00   0.0000e+00   2.8468e+02
20260912_12:00:00   1.9679e-01   5.3216e+01   2.3040e+01   0.0000e+00   0.0000e+00   2.8444e+02
20260912_13:00:00   1.9819e-01   5.3543e+01   2.3255e+01   0.0000e+00   0.0000e+00   2.8467e+02
20260912_14:00:00   1.9696e-01   5.3280e+01   2.3175e+01   0.0000e+00   0.0000e+00   2.8406e+02
20260912_15:00:00   1.9361e-01   5.2533e+01   2.2868e+01   0.0000e+00   0.0000e+00   2.8345e+02
20260912_16:00:00   2.0208e-01   5.4519e+01   2.3861e+01   0.0000e+00   0.0000e+00   2.8289e+02
20260912_17:00:00   2.1438e-01   5.7392e+01   2.5267e+01   0.0000e+00   0.0000e+00   2.8113e+02
20260912_18:00:00   2.2395e-01   5.9542e+01   2.6290e+01   1.5050e-03   8.0440e-06   2.8038e+02
20260912_19:00:00   4.1115e-01   9.6498e+01   2.7563e+01   2.0529e-01   8.5436e-04   2.8110e+02
20260912_20:00:00   9.5678e-01   1.7150e+02   3.0287e+01   8.0101e-01   1.8441e-02   2.8015e+02
20260912_21:00:00   1.1202e+00   1.8585e+02   3.3194e+01   9.5564e-01   3.7710e-01   2.7944e+02
20260912_22:00:00   9.7467e-01   1.7215e+02   3.3309e+01   7.8765e-01   9.6423e-01   2.8020e+02
20260912_23:00:00   6.0665e-01   1.2712e+02   3.1995e+01   3.8667e-01   4.3768e-01   2.7839e+02
20260913_00:00:00   4.6225e-01   1.0461e+02   3.0387e+01   2.4251e-01   2.3876e-01   2.7874e+02
20260913_01:00:00   2.4601e-01   6.3840e+01   2.7801e+01   2.4784e-02   3.5075e-02   2.8005e+02
20260913_02:00:00   2.1132e-01   5.6414e+01   2.6092e+01   4.9170e-04   3.9727e-03   2.8118e+02
20260913_03:00:00   2.0589e-01   5.5271e+01   2.5125e+01   4.0580e-04   1.3797e-03   2.8194e+02
20260913_04:00:00   2.0743e-01   5.5678e+01   2.4977e+01   0.0000e+00   5.6800e-04   2.8228e+02
20260913_05:00:00   2.2877e-01   6.0298e+01   2.5884e+01   1.4544e-02   9.3206e-04   2.8106e+02
20260913_06:00:00   2.6004e-01   6.6835e+01   2.7496e+01   3.4380e-02   6.1200e-03   2.8409e+02
20260913_07:00:00   3.1231e-01   7.7472e+01   2.8562e+01   8.3123e-02   4.3970e-03   2.8569e+02
20260913_08:00:00   3.4595e-01   8.4027e+01   2.8674e+01   1.1898e-01   7.7998e-04   2.8789e+02
20260913_09:00:00   2.5237e-01   6.5343e+01   2.7893e+01   2.0100e-02   2.9370e-04   2.8890e+02
20260913_10:00:00   2.2539e-01   5.9615e+01   2.6494e+01   0.0000e+00   0.0000e+00   2.9041e+02
20260913_11:00:00   2.2570e-01   5.9664e+01   2.6429e+01   0.0000e+00   5.9180e-06   2.8941e+02
20260913_12:00:00   2.2904e-01   6.0371e+01   2.6383e+01   2.7060e-03   3.1744e-05   2.8816e+02
20260913_13:00:00   2.2330e-01   5.9116e+01   2.5620e+01   2.0320e-03   2.9280e-05   2.8861e+02
20260913_14:00:00   2.1423e-01   5.7142e+01   2.4490e+01   3.4340e-05   3.4340e-06   2.8590e+02
20260913_15:00:00   2.0814e-01   5.5791e+01   2.3652e+01   0.0000e+00   0.0000e+00   2.8319e+02
20260913_16:00:00   2.0194e-01   5.4439e+01   2.2784e+01   0.0000e+00   0.0000e+00   2.8232e+02
20260913_17:00:00   1.9760e-01   5.3499e+01   2.2261e+01   0.0000e+00   0.0000e+00   2.8107e+02
20260913_18:00:00   1.9171e-01   5.2154e+01   2.1693e+01   0.0000e+00   0.0000e+00   2.8047e+02
20260913_19:00:00   1.8031e-01   4.9451e+01   2.0548e+01   0.0000e+00   0.0000e+00   2.7928e+02
20260913_20:00:00   1.6605e-01   4.6056e+01   1.8827e+01   0.0000e+00   0.0000e+00   2.7782e+02
20260913_21:00:00   1.5947e-01   4.4515e+01   1.7962e+01   0.0000e+00   0.0000e+00   2.7815e+02
20260913_22:00:00   1.6186e-01   4.5100e+01   1.8236e+01   0.0000e+00   0.0000e+00   2.7834e+02
20260913_23:00:00   1.7103e-01   4.7336e+01   1.9170e+01   0.0000e+00   0.0000e+00   2.7740e+02
20260914_00:00:00   1.7599e-01   4.8582e+01   1.9594e+01   0.0000e+00   0.0000e+00   2.7714e+02
20260914_01:00:00   1.7907e-01   4.9335e+01   1.9739e+01   0.0000e+00   0.0000e+00   2.7624e+02
20260914_02:00:00   1.9792e-01   5.3800e+01   2.1521e+01   0.0000e+00   0.0000e+00   2.7831e+02
20260914_03:00:00   2.0222e-01   5.4757e+01   2.1748e+01   0.0000e+00   0.0000e+00   2.7940e+02
20260914_04:00:00   2.0304e-01   5.4901e+01   2.1956e+01   0.0000e+00   0.0000e+00   2.7654e+02
20260914_05:00:00   2.1145e-01   5.6715e+01   2.2936e+01   0.0000e+00   0.0000e+00   2.7414e+02
20260914_06:00:00   2.0626e-01   5.5477e+01   2.2285e+01   0.0000e+00   0.0000e+00   2.7656e+02
20260914_07:00:00   2.0130e-01   5.4281e+01   2.1928e+01   0.0000e+00   0.0000e+00   2.7722e+02
20260914_08:00:00   2.0225e-01   5.4429e+01   2.2187e+01   0.0000e+00   0.0000e+00   2.7766e+02
20260914_09:00:00   1.9877e-01   5.3617e+01   2.1821e+01   0.0000e+00   0.0000e+00   2.7904e+02
20260914_10:00:00   1.9861e-01   5.3576e+01   2.1776e+01   0.0000e+00   0.0000e+00   2.8074e+02
20260914_11:00:00   2.0187e-01   5.4283e+01   2.2101e+01   0.0000e+00   0.0000e+00   2.8260e+02
20260914_12:00:00   2.0501e-01   5.4976e+01   2.2400e+01   0.0000e+00   0.0000e+00   2.8261e+02
20260914_13:00:00   2.0415e-01   5.4770e+01   2.2382e+01   0.0000e+00   0.0000e+00   2.8059e+02
20260914_14:00:00   2.0929e-01   5.5935e+01   2.2919e+01   0.0000e+00   0.0000e+00   2.7959e+02
20260914_15:00:00   2.1296e-01   5.6769e+01   2.3302e+01   0.0000e+00   0.0000e+00   2.8055e+02
20260914_16:00:00   2.1168e-01   5.6544e+01   2.3192e+01   0.0000e+00   0.0000e+00   2.8110e+02
20260914_17:00:00   2.1334e-01   5.6998e+01   2.3314e+01   0.0000e+00   0.0000e+00   2.8081e+02
20260914_18:00:00   2.1837e-01   5.8188e+01   2.3918e+01   0.0000e+00   0.0000e+00   2.8106e+02
20260914_19:00:00   2.2101e-01   5.8800e+01   2.4445e+01   2.6676e-04   0.0000e+00   2.8277e+02
20260914_20:00:00   2.5092e-01   6.5200e+01   2.5258e+01   3.1080e-02   0.0000e+00   2.8585e+02
20260914_21:00:00   3.2927e-01   8.1042e+01   2.4978e+01   1.2729e-01   1.7166e-05   2.8405e+02
20260914_22:00:00   3.5222e-01   8.5196e+01   2.4897e+01   1.5611e-01   6.1800e-04   2.8300e+02
20260914_23:00:00   3.3397e-01   8.1663e+01   2.5184e+01   1.3354e-01   8.5430e-03   2.8313e+02
20260915_00:00:00   2.8227e-01   7.1501e+01   2.4977e+01   7.7257e-02   3.9136e-04   2.8281e+02
20260915_01:00:00   2.7722e-01   7.0579e+01   2.4760e+01   7.2220e-02   4.8580e-06   2.8322e+02
20260915_02:00:00   2.8426e-01   7.1957e+01   2.5240e+01   7.3780e-02   1.5094e-05   2.8250e+02
20260915_03:00:00   2.2987e-01   6.0603e+01   2.4701e+01   1.5590e-02   0.0000e+00   2.8521e+02
20260915_04:00:00   2.1461e-01   5.7269e+01   2.4456e+01   0.0000e+00   0.0000e+00   2.8420e+02
20260915_05:00:00   2.1415e-01   5.7132e+01   2.4410e+01   0.0000e+00   2.6320e-05   2.8380e+02
20260915_06:00:00   2.2262e-01   5.9027e+01   2.5084e+01   0.0000e+00   0.0000e+00   2.8441e+02
20260915_07:00:00   2.2171e-01   5.8855e+01   2.4974e+01   0.0000e+00   0.0000e+00   2.8393e+02
20260915_08:00:00   2.1967e-01   5.8354e+01   2.4920e+01   0.0000e+00   0.0000e+00   2.8199e+02
20260915_09:00:00   2.2009e-01   5.8400e+01   2.5056e+01   3.0760e-04   0.0000e+00   2.8082e+02
20260915_10:00:00   2.1566e-01   5.7401e+01   2.4532e+01   0.0000e+00   0.0000e+00   2.8131e+02
20260915_11:00:00   2.1973e-01   5.8299e+01   2.4885e+01   0.0000e+00   0.0000e+00   2.8406e+02
20260915_12:00:00   2.2482e-01   5.9411e+01   2.5420e+01   0.0000e+00   0.0000e+00   2.8577e+02
20260915_13:00:00   2.2986e-01   6.0491e+01   2.5879e+01   8.5580e-04   0.0000e+00   2.8638e+02
20260915_14:00:00   2.3744e-01   6.2163e+01   2.6509e+01   1.7006e-03   0.0000e+00   2.8765e+02
20260915_15:00:00   2.5242e-01   6.5413e+01   2.6977e+01   1.3396e-02   0.0000e+00   2.8858e+02
20260915_16:00:00   2.5425e-01   6.5852e+01   2.7119e+01   1.4905e-02   0.0000e+00   2.8834e+02
20260915_17:00:00   2.4507e-01   6.3977e+01   2.7452e+01   2.0080e-03   0.0000e+00   2.8869e+02
20260915_18:00:00   2.6406e-01   6.8017e+01   2.7490e+01   2.5881e-02   3.4340e-06   2.8835e+02
20260915_19:00:00   2.7176e-01   6.9574e+01   2.7698e+01   3.4887e-02   6.8660e-05   2.8846e+02
20260915_20:00:00   3.4643e-01   8.4155e+01   2.7269e+01   1.2916e-01   3.5240e-04   2.8524e+02
20260915_21:00:00   2.9822e-01   7.4613e+01   2.6058e+01   8.8899e-02   5.8845e-04   2.8232e+02
20260915_22:00:00   4.2415e-01   9.8222e+01   2.7067e+01   2.2379e-01   1.9355e-02   2.8344e+02
20260915_23:00:00   7.6025e-01   1.4917e+02   3.0547e+01   5.6799e-01   1.2763e-01   2.8600e+02
20260916_00:00:00   6.3534e-01   1.3164e+02   3.1692e+01   4.1581e-01   3.9081e-01   2.8593e+02
20260916_01:00:00   4.3822e-01   1.0077e+02   3.1724e+01   1.9420e-01   3.4374e-01   2.8552e+02
20260916_02:00:00   6.2514e-01   1.2999e+02   3.3865e+01   3.7994e-01   4.1145e-01   2.8457e+02
20260916_03:00:00   5.4680e-01   1.1793e+02   3.3697e+01   2.9241e-01   8.1656e-01   2.8377e+02
20260916_04:00:00   2.5735e-01   6.5895e+01   3.0199e+01   3.2842e-03   4.5229e-01   2.8347e+02
20260916_05:00:00   2.1353e-01   5.6214e+01   2.6375e+01   0.0000e+00   2.3810e-01   2.8300e+02
20260916_06:00:00   2.1635e-01   5.6943e+01   2.6656e+01   9.9110e-05   6.6831e-02   2.8038e+02
20260916_07:00:00   2.4421e-01   6.3111e+01   2.9082e+01   2.5140e-03   3.2979e-02   2.8222e+02
20260916_08:00:00   2.5392e-01   6.5226e+01   3.0008e+01   7.2400e-04   2.9977e-03   2.8114e+02
20260916_09:00:00   2.5222e-01   6.4866e+01   2.9968e+01   0.0000e+00   7.2679e-03   2.8018e+02
20260916_10:00:00   2.4719e-01   6.3761e+01   2.9569e+01   0.0000e+00   5.0683e-03   2.8077e+02
20260916_11:00:00   2.4747e-01   6.3769e+01   2.9458e+01   9.2500e-04   1.0325e-03   2.8266e+02
20260916_12:00:00   2.5021e-01   6.4355e+01   2.9674e+01   0.0000e+00   1.4162e-04   2.8449e+02
20260916_13:00:00   2.5135e-01   6.4604e+01   2.9790e+01   0.0000e+00   7.8707e-04   2.8625e+02
20260916_14:00:00   2.4871e-01   6.4034e+01   2.9557e+01   8.7740e-05   4.1065e-03   2.8612e+02
20260916_15:00:00   2.4652e-01   6.3589e+01   2.9349e+01   0.0000e+00   2.8352e-03   2.8572e+02
20260916_16:00:00   2.4779e-01   6.3937e+01   2.9459e+01   0.0000e+00   7.9774e-03   2.8562e+02
20260916_17:00:00   2.4925e-01   6.4312e+01   2.9560e+01   0.0000e+00   4.8105e-03   2.8592e+02
20260916_18:00:00   2.4779e-01   6.4041e+01   2.9467e+01   0.0000e+00   9.2220e-04   2.8489e+02
20260916_21:00:00   2.6249e-01   6.7240e+01   2.8857e+01   2.6220e-02   0.0000e+00   2.7952e+02
20260917_00:00:00   2.2054e-01   5.8225e+01   2.6616e+01   0.0000e+00   0.0000e+00   2.8093e+02
20260917_03:00:00   2.0489e-01   5.4691e+01   2.4459e+01   0.0000e+00   0.0000e+00   2.8311e+02
20260917_06:00:00   2.0992e-01   5.5847e+01   2.4694e+01   0.0000e+00   0.0000e+00   2.8258e+02
20260917_09:00:00   2.0565e-01   5.4798e+01   2.4222e+01   0.0000e+00   2.0820e-03   2.8135e+02
20260917_12:00:00   2.1206e-01   5.6146e+01   2.4893e+01   0.0000e+00   0.0000e+00   2.8199e+02
20260917_15:00:00   1.9626e-01   5.2557e+01   2.3097e+01   0.0000e+00   2.7400e-05   2.8345e+02
20260917_18:00:00   2.0474e-01   5.4669e+01   2.4089e+01   0.0000e+00   1.1428e-05   2.8194e+02
20260917_21:00:00   2.1280e-01   5.6543e+01   2.5307e+01   0.0000e+00   1.4673e-03   2.8080e+02
20260918_00:00:00   2.2553e-01   5.9497e+01   2.6207e+01   5.3220e-04   2.2064e-03   2.8190e+02
20260918_03:00:00   1.9634e-01   5.2791e+01   2.2591e+01   0.0000e+00   0.0000e+00   2.8353e+02
20260918_06:00:00   2.2724e-01   5.9761e+01   2.5891e+01   0.0000e+00   8.5820e-06   2.8472e+02
20260918_09:00:00   2.2168e-01   5.8458e+01   2.5291e+01   0.0000e+00   1.5043e-03   2.8442e+02
20260918_12:00:00   2.2558e-01   5.9235e+01   2.5886e+01   0.0000e+00   1.0983e-03   2.8422e+02
20260918_15:00:00   2.2737e-01   5.9598e+01   2.6190e+01   0.0000e+00   4.5333e-03   2.8142e+02
20260918_18:00:00   2.3816e-01   6.2041e+01   2.7657e+01   2.9180e-04   1.1881e-02   2.7994e+02
20260918_21:00:00   2.3926e-01   6.2323e+01   2.8082e+01   2.2541e-03   7.7638e-03   2.7882e+02
20260919_00:00:00   2.3740e-01   6.1966e+01   2.8158e+01   1.1852e-04   2.7199e-02   2.7610e+02
20260919_03:00:00   2.3352e-01   6.1141e+01   2.7330e+01   0.0000e+00   2.9240e-06   2.7642e+02
20260919_06:00:00   2.2812e-01   5.9892e+01   2.6510e+01   0.0000e+00   0.0000e+00   2.7986e+02
20260919_09:00:00   2.2048e-01   5.8153e+01   2.5386e+01   0.0000e+00   0.0000e+00   2.7605e+02
20260919_12:00:00   1.9445e-01   5.2299e+01   2.2131e+01   0.0000e+00   0.0000e+00   2.7728e+02
20260919_15:00:00   1.8732e-01   5.0639e+01   2.1195e+01   0.0000e+00   0.0000e+00   2.7717e+02
20260919_18:00:00   1.9341e-01   5.2145e+01   2.1991e+01   0.0000e+00   0.0000e+00   2.7669e+02
20260919_21:00:00   2.0229e-01   5.4274e+01   2.3483e+01   0.0000e+00   0.0000e+00   2.7435e+02
20260920_00:00:00   2.1267e-01   5.6657e+01   2.4534e+01   4.3101e-03   0.0000e+00   2.7245e+02
20260920_03:00:00   2.3172e-01   6.0852e+01   2.7262e+01   0.0000e+00   0.0000e+00   2.6978e+02
20260920_06:00:00   2.5131e-01   6.4891e+01   2.9565e+01   0.0000e+00   2.1940e-05   2.6874e+02
20260920_09:00:00   2.5311e-01   6.5133e+01   2.9724e+01   8.1800e-04   3.0098e-05   2.6604e+02
20260920_12:00:00   2.5169e-01   6.4783e+01   2.9482e+01   0.0000e+00   0.0000e+00   2.6431e+02
20260920_15:00:00   2.4407e-01   6.3171e+01   2.8730e+01   0.0000e+00   0.0000e+00   2.6408e+02
20260920_18:00:00   2.5273e-01   6.5232e+01   2.9690e+01   0.0000e+00   0.0000e+00   2.6117e+02
20260920_21:00:00   7.1788e-01   1.4404e+02   3.1726e+01   5.1597e-01   7.0950e-04   2.6094e+02
20260921_00:00:00   4.9788e-01   1.1102e+02   3.2083e+01   2.5436e-01   2.4154e-01   2.6080e+02
20260921_03:00:00   2.3023e-01   6.0502e+01   2.6745e+01   8.6280e-04   2.9240e-06   2.6077e+02
20260921_06:00:00   2.1603e-01   5.7315e+01   2.4718e+01   0.0000e+00   0.0000e+00   2.6144e+02
20260921_09:00:00   2.1063e-01   5.6093e+01   2.3939e+01   0.0000e+00   0.0000e+00   2.5853e+02
20260921_12:00:00   2.1105e-01   5.6144e+01   2.3357e+01   3.5280e-03   0.0000e+00   2.5881e+02
20260921_15:00:00   2.0053e-01   5.3845e+01   2.2347e+01   0.0000e+00   0.0000e+00   2.6003e+02
20260921_18:00:00   2.3663e-01   6.1901e+01   2.4056e+01   2.5320e-02   0.0000e+00   2.5911e+02
20260921_21:00:00   6.0327e-01   1.2771e+02   2.5812e+01   4.2920e-01   1.0930e-04   2.5744e+02
20260922_00:00:00   5.3353e-01   1.1687e+02   2.6671e+01   3.3963e-01   2.7200e-04   2.5788e+02
20260922_03:00:00   2.1721e-01   5.7848e+01   2.4297e+01   8.4860e-05   0.0000e+00   2.5936e+02
20260922_06:00:00   2.1328e-01   5.6977e+01   2.3172e+01   0.0000e+00   0.0000e+00   2.6000e+02
20260922_09:00:00   2.0209e-01   5.4317e+01   2.2112e+01   0.0000e+00   0.0000e+00   2.6089e+02
20260922_12:00:00   1.9295e-01   5.2141e+01   2.1154e+01   0.0000e+00   0.0000e+00   2.6317e+02
20260922_15:00:00   1.8998e-01   5.1491e+01   2.0638e+01   0.0000e+00   0.0000e+00   2.6231e+02
20260922_18:00:00   1.8916e-01   5.1330e+01   2.0701e+01   0.0000e+00   0.0000e+00   2.6157e+02
20260922_21:00:00   1.8947e-01   5.1335e+01   2.1408e+01   1.0214e-03   3.8960e-06   2.6192e+02
20260923_00:00:00   2.3251e-01   6.0981e+01   2.2524e+01   3.9020e-02   0.0000e+00   2.6199e+02
20260923_03:00:00   1.9845e-01   5.3414e+01   2.2153e+01   0.0000e+00   0.0000e+00   2.6407e+02
20260923_06:00:00   1.9889e-01   5.3478e+01   2.2189e+01   0.0000e+00   0.0000e+00   2.6432e+02
20260923_09:00:00   2.0915e-01   5.5747e+01   2.3083e+01   0.0000e+00   0.0000e+00   2.6477e+02
20260923_12:00:00   2.0475e-01   5.4686e+01   2.2853e+01   0.0000e+00   0.0000e+00   2.6489e+02
20260923_15:00:00   2.0769e-01   5.5374e+01   2.3305e+01   0.0000e+00   0.0000e+00   2.6556e+02
20260923_18:00:00   2.2307e-01   5.8969e+01   2.5307e+01   0.0000e+00   0.0000e+00   2.6609e+02
20260923_21:00:00   4.4984e-01   1.0313e+02   2.6384e+01   2.5051e-01   2.7804e-04   2.6629e+02
20260924_00:00:00   7.3341e-01   1.4606e+02   2.7902e+01   5.6210e-01   3.1739e-03   2.6504e+02
20260924_03:00:00   3.6030e-01   8.6595e+01   2.3694e+01   1.7852e-01   4.2100e-05   2.6504e+02
20260924_06:00:00   2.1385e-01   5.6715e+01   2.4692e+01   0.0000e+00   0.0000e+00   2.6586e+02
20260924_09:00:00   2.3879e-01   6.2070e+01   2.4600e+01   2.7000e-02   4.5540e-05   2.6662e+02
20260924_12:00:00   2.0965e-01   5.5715e+01   2.3954e+01   0.0000e+00   0.0000e+00   2.6726e+02
20260924_15:00:00   2.0800e-01   5.5355e+01   2.3792e+01   0.0000e+00   0.0000e+00   2.6721e+02
20260924_18:00:00   2.0410e-01   5.4630e+01   2.3354e+01   0.0000e+00   0.0000e+00   2.6804e+02
20260924_21:00:00   2.0039e-01   5.3802e+01   2.2569e+01   5.9820e-03   0.0000e+00   2.6675e+02
20260925_00:00:00   1.8825e-01   5.0878e+01   1.9882e+01   1.7746e-02   0.0000e+00   2.6587e+02
20260925_03:00:00   1.7950e-01   4.8994e+01   2.0335e+01   0.0000e+00   0.0000e+00   2.6531e+02
20260925_06:00:00   1.8780e-01   5.0908e+01   2.1100e+01   0.0000e+00   0.0000e+00   2.6703e+02
20260925_09:00:00   1.8802e-01   5.0934e+01   2.0856e+01   0.0000e+00   0.0000e+00   2.6591e+02
20260925_12:00:00   1.7912e-01   4.8839e+01   1.9745e+01   0.0000e+00   0.0000e+00   2.6673e+02
20260925_15:00:00   1.7912e-01   4.8803e+01   1.9838e+01   0.0000e+00   0.0000e+00   2.6824e+02
20260925_18:00:00   1.8703e-01   5.0775e+01   2.0656e+01   8.5820e-06   0.0000e+00   2.6883e+02
20260925_21:00:00   2.0527e-01   5.4987e+01   2.1782e+01   1.5940e-02   2.7460e-05   2.6947e+02
20260926_00:00:00   5.0070e-01   1.1136e+02   2.4022e+01   3.3384e-01   3.3900e-04   2.6703e+02
20260926_03:00:00   2.9344e-01   7.3479e+01   2.3527e+01   1.0262e-01   3.8940e-05   2.6741e+02
20260926_06:00:00   1.8978e-01   5.1378e+01   2.1672e+01   8.7460e-05   2.6580e-04   2.6828e+02
20260926_09:00:00   2.1470e-01   5.6774e+01   2.2205e+01   2.0537e-02   1.6499e-03   2.6881e+02
20260926_12:00:00   2.0781e-01   5.5254e+01   2.2862e+01   5.5840e-03   7.1241e-03   2.7035e+02
20260926_15:00:00   2.1150e-01   5.5926e+01   2.5099e+01   1.5836e-04   2.9242e-03   2.7158e+02
20260926_18:00:00   3.0373e-01   7.5246e+01   2.8932e+01   7.2620e-02   1.0272e-02   2.7190e+02
20260926_21:00:00   4.0812e-01   9.5184e+01   3.0020e+01   1.7388e-01   9.3816e-03   2.7206e+02
20260927_00:00:00   2.5761e-01   6.6189e+01   2.9177e+01   5.3205e-03   3.2340e-05   2.6934e+02
20260927_03:00:00   2.4771e-01   6.3875e+01   2.8896e+01   1.2300e-03   2.2978e-03   2.7393e+02
20260927_06:00:00   4.0392e-01   9.4054e+01   3.2267e+01   1.4056e-01   7.9568e-01   2.7798e+02
20260927_09:00:00   7.0962e-01   1.4134e+02   2.9762e+01   5.1294e-01   5.4308e-02   2.8009e+02
20260927_12:00:00   2.2158e-01   5.7955e+01   2.4747e+01   1.8825e-03   1.4214e-04   2.7915e+02
20260927_15:00:00   2.0160e-01   5.3666e+01   2.1635e+01   0.0000e+00   8.1360e-04   2.8144e+02
20260927_18:00:00   2.0374e-01   5.4393e+01   2.1695e+01   0.0000e+00   0.0000e+00   2.8386e+02
