#            date       tau255        Tb[K]      pwv[mm] lwp[kg*m^-2] iwp[kg*m^-2]       o3[DU]
20260829_18:00:00   1.7638e-01   4.8437e+01   1.9680e+01   0.0000e+00   0.0000e+00   2.8464e+02
20260829_19:00:00   1.7943e-01   4.9102e+01   2.0323e+01   0.0000e+00   0.0000e+00   2.8303e+02
20260829_20:00:00   1.8432e-01   5.0211e+01   2.1118e+01   0.0000e+00   0.0000e+00   2.8347e+02
20260829_21:00:00   1.9216e-01   5.1973e+01   2.1826e+01   4.5660e-03   4.3880e-05   2.8287e+02
20260829_22:00:00   2.1087e-01   5.6086e+01   2.2330e+01   2.2541e-02   1.5082e-04   2.8039e+02
20260829_23:00:00   2.1877e-01   5.7814e+01   2.2389e+01   3.1197e-02   9.3600e-05   2.7978e+02
20260830_00:00:00   2.0226e-01   5.4359e+01   2.2213e+01   1.2764e-02   8.7740e-06   2.8044e+02
20260830_01:00:00   1.9894e-01   5.3765e+01   2.2792e+01   0.0000e+00   0.0000e+00   2.8129e+02
20260830_02:00:00   1.9713e-01   5.3344e+01   2.2331e+01   0.0000e+00   0.0000e+00   2.8313e+02
20260830_03:00:00   2.0389e-01   5.5062e+01   2.2403e+01   0.0000e+00   0.0000e+00   2.8075e+02
20260830_04:00:00   2.0192e-01   5.4629e+01   2.1878e+01   0.0000e+00   0.0000e+00   2.8079e+02
20260830_05:00:00   1.9373e-01   5.2730e+01   2.0938e+01   0.0000e+00   0.0000e+00   2.8100e+02
20260830_06:00:00   1.8966e-01   5.1768e+01   2.0264e+01   0.0000e+00   0.0000e+00   2.8267e+02
20260830_07:00:00   1.9053e-01   5.1955e+01   2.0193e+01   0.0000e+00   0.0000e+00   2.8010e+02
20260830_08:00:00   1.8953e-01   5.1675e+01   2.0169e+01   0.0000e+00   0.0000e+00   2.8094e+02
20260830_09:00:00   1.8728e-01   5.1115e+01   1.9961e+01   0.0000e+00   0.0000e+00   2.8272e+02
20260830_10:00:00   1.8892e-01   5.1453e+01   2.0131e+01   0.0000e+00   0.0000e+00   2.8123e+02
20260830_11:00:00   1.9030e-01   5.1733e+01   2.0281e+01   0.0000e+00   0.0000e+00   2.8090e+02
20260830_12:00:00   1.8683e-01   5.0917e+01   1.9823e+01   0.0000e+00   0.0000e+00   2.8182e+02
20260830_13:00:00   1.8712e-01   5.0969e+01   1.9822e+01   0.0000e+00   0.0000e+00   2.8347e+02
20260830_14:00:00   1.8528e-01   5.0561e+01   1.9636e+01   0.0000e+00   0.0000e+00   2.8520e+02
20260830_15:00:00   1.9342e-01   5.2471e+01   2.0505e+01   0.0000e+00   0.0000e+00   2.8428e+02
20260830_16:00:00   1.9790e-01   5.3571e+01   2.1031e+01   0.0000e+00   0.0000e+00   2.8539e+02
20260830_17:00:00   2.0149e-01   5.4461e+01   2.1481e+01   0.0000e+00   0.0000e+00   2.8524e+02
20260830_18:00:00   2.0301e-01   5.4786e+01   2.2106e+01   0.0000e+00   0.0000e+00   2.7984e+02
20260830_19:00:00   2.0350e-01   5.4852e+01   2.2467e+01   1.4852e-03   0.0000e+00   2.8038e+02
20260830_20:00:00   2.0833e-01   5.5912e+01   2.2429e+01   1.1184e-02   0.0000e+00   2.7966e+02
20260830_21:00:00   2.4001e-01   6.2764e+01   2.2470e+01   4.9907e-02   3.3820e-05   2.7976e+02
20260830_22:00:00   2.1025e-01   5.6275e+01   2.2689e+01   1.5842e-02   2.3020e-05   2.8102e+02
20260830_23:00:00   2.0058e-01   5.4162e+01   2.2952e+01   3.2400e-03   1.2716e-05   2.8224e+02
20260831_00:00:00   2.3759e-01   6.2254e+01   2.3012e+01   4.4379e-02   8.8760e-05   2.8121e+02
20260831_01:00:00   2.0431e-01   5.5040e+01   2.2075e+01   1.2402e-02   0.0000e+00   2.8028e+02
20260831_02:00:00   2.0519e-01   5.5236e+01   2.1946e+01   1.2416e-02   0.0000e+00   2.7840e+02
20260831_03:00:00   1.9377e-01   5.2625e+01   2.1477e+01   1.7806e-03   0.0000e+00   2.8110e+02
20260831_04:00:00   1.9257e-01   5.2448e+01   2.0875e+01   0.0000e+00   0.0000e+00   2.8027e+02
20260831_05:00:00   1.9305e-01   5.2557e+01   2.0718e+01   0.0000e+00   0.0000e+00   2.7807e+02
20260831_06:00:00   1.9165e-01   5.2188e+01   2.0763e+01   0.0000e+00   0.0000e+00   2.7811e+02
20260831_07:00:00   1.9812e-01   5.3639e+01   2.1424e+01   0.0000e+00   0.0000e+00   2.7829e+02
20260831_08:00:00   1.8996e-01   5.1757e+01   2.0262e+01   0.0000e+00   0.0000e+00   2.7837e+02
20260831_09:00:00   1.9035e-01   5.1816e+01   2.0343e+01   0.0000e+00   0.0000e+00   2.8051e+02
20260831_10:00:00   1.9288e-01   5.2358e+01   2.0540e+01   0.0000e+00   0.0000e+00   2.8170e+02
20260831_11:00:00   1.9015e-01   5.1704e+01   2.0127e+01   0.0000e+00   0.0000e+00   2.7850e+02
20260831_12:00:00   1.8923e-01   5.1474e+01   2.0069e+01   0.0000e+00   0.0000e+00   2.7982e+02
20260831_13:00:00   1.9128e-01   5.1933e+01   2.0369e+01   0.0000e+00   0.0000e+00   2.8072e+02
20260831_14:00:00   1.9597e-01   5.3014e+01   2.0930e+01   0.0000e+00   0.0000e+00   2.8207e+02
20260831_15:00:00   1.9874e-01   5.3686e+01   2.1189e+01   0.0000e+00   0.0000e+00   2.8181e+02
20260831_16:00:00   2.0167e-01   5.4407e+01   2.1564e+01   0.0000e+00   0.0000e+00   2.8140e+02
20260831_17:00:00   2.0993e-01   5.6327e+01   2.2610e+01   0.0000e+00   0.0000e+00   2.8171e+02
20260831_18:00:00   2.1309e-01   5.7060e+01   2.3166e+01   5.1780e-04   0.0000e+00   2.8244e+02
20260831_19:00:00   2.1974e-01   5.8457e+01   2.3729e+01   8.4900e-03   0.0000e+00   2.8382e+02
20260831_20:00:00   2.8731e-01   7.2590e+01   2.4557e+01   8.4437e-02   6.8660e-05   2.8355e+02
20260831_21:00:00   3.7400e-01   8.9313e+01   2.5334e+01   1.8012e-01   4.5060e-04   2.8308e+02
20260831_22:00:00   4.9843e-01   1.1094e+02   2.5900e+01   3.1931e-01   1.1045e-03   2.8363e+02
20260831_23:00:00   4.4611e-01   1.0211e+02   2.6450e+01   2.5485e-01   2.4535e-03   2.8349e+02
20260901_00:00:00   5.3112e-01   1.1620e+02   2.6646e+01   3.4882e-01   2.1104e-03   2.8175e+02
20260901_01:00:00   5.5807e-01   1.2049e+02   2.6922e+01   3.7623e-01   1.4950e-03   2.7974e+02
20260901_02:00:00   4.2333e-01   9.8230e+01   2.6524e+01   2.2699e-01   4.8580e-04   2.7932e+02
20260901_03:00:00   2.4740e-01   6.4350e+01   2.6695e+01   2.2104e-02   3.1924e-04   2.7762e+02
20260901_04:00:00   2.2970e-01   6.0631e+01   2.6526e+01   0.0000e+00   0.0000e+00   2.7750e+02
20260901_05:00:00   2.2936e-01   6.0578e+01   2.6264e+01   0.0000e+00   0.0000e+00   2.7627e+02
20260901_06:00:00   2.2569e-01   5.9689e+01   2.5993e+01   0.0000e+00   0.0000e+00   2.7502e+02
20260901_07:00:00   2.2766e-01   6.0100e+01   2.6195e+01   0.0000e+00   0.0000e+00   2.7644e+02
20260901_08:00:00   2.4753e-01   6.4359e+01   2.6624e+01   1.7591e-02   6.3580e-06   2.7718e+02
20260901_09:00:00   2.8578e-01   7.2218e+01   2.6720e+01   5.7084e-02   8.4820e-05   2.7805e+02
20260901_10:00:00   2.7016e-01   6.9068e+01   2.6571e+01   4.1267e-02   4.2100e-05   2.7736e+02
20260901_11:00:00   3.1540e-01   7.8273e+01   2.7565e+01   8.0418e-02   5.4240e-05   2.7648e+02
20260901_12:00:00   3.1696e-01   7.8403e+01   2.6867e+01   8.9560e-02   6.5180e-05   2.7743e+02
20260901_13:00:00   2.4623e-01   6.3915e+01   2.5662e+01   2.2146e-02   3.8020e-05   2.7851e+02
20260901_14:00:00   2.3896e-01   6.2463e+01   2.5575e+01   1.4698e-02   0.0000e+00   2.7771e+02
20260901_15:00:00   2.5800e-01   6.6570e+01   2.6156e+01   2.9800e-02   9.7180e-07   2.7958e+02
20260901_16:00:00   2.4239e-01   6.3334e+01   2.6235e+01   1.1506e-02   0.0000e+00   2.8209e+02
20260901_17:00:00   2.3540e-01   6.1902e+01   2.6275e+01   4.0740e-03   9.7180e-07   2.8204e+02
20260901_18:00:00   2.6458e-01   6.8121e+01   2.7050e+01   3.2562e-02   0.0000e+00   2.8179e+02
20260901_19:00:00   6.2617e-01   1.3141e+02   2.8234e+01   4.3736e-01   4.5422e-04   2.8071e+02
20260901_20:00:00   1.1412e+00   1.8909e+02   3.2074e+01   9.8668e-01   4.9610e-02   2.7958e+02
20260901_21:00:00   1.2327e+00   1.9523e+02   3.5179e+01   1.0652e+00   9.0810e-01   2.7807e+02
20260901_22:00:00   6.7702e-01   1.3761e+02   3.3994e+01   4.3738e-01   1.0816e+00   2.7864e+02
20260901_23:00:00   4.6929e-01   1.0597e+02   3.1672e+01   2.3068e-01   3.9493e-01   2.7992e+02
20260902_00:00:00   3.2009e-01   7.8728e+01   2.8260e+01   1.0149e-01   9.5013e-02   2.8101e+02
20260902_01:00:00   3.8625e-01   9.0834e+01   2.6884e+01   1.8762e-01   2.9554e-02   2.8165e+02
20260902_02:00:00   2.3603e-01   6.1664e+01   2.6895e+01   1.4274e-02   5.1163e-03   2.8210e+02
20260902_03:00:00   2.7181e-01   6.9323e+01   2.7742e+01   4.0968e-02   2.7144e-04   2.8239e+02
20260902_04:00:00   2.4039e-01   6.2919e+01   2.7955e+01   2.1940e-05   2.5722e-04   2.8226e+02
20260902_05:00:00   2.4362e-01   6.3662e+01   2.8129e+01   0.0000e+00   3.5880e-05   2.7975e+02
20260902_06:00:00   2.4537e-01   6.3996e+01   2.8318e+01   0.0000e+00   0.0000e+00   2.8024e+02
20260902_07:00:00   2.4762e-01   6.4467e+01   2.8425e+01   0.0000e+00   0.0000e+00   2.8043e+02
20260902_08:00:00   2.5139e-01   6.5257e+01   2.8805e+01   0.0000e+00   0.0000e+00   2.8042e+02
20260902_09:00:00   2.4505e-01   6.3866e+01   2.8126e+01   0.0000e+00   0.0000e+00   2.7921e+02
20260902_10:00:00   2.4002e-01   6.2770e+01   2.7473e+01   0.0000e+00   0.0000e+00   2.7812e+02
20260902_11:00:00   2.3838e-01   6.2399e+01   2.7156e+01   0.0000e+00   0.0000e+00   2.7709e+02
20260902_12:00:00   2.4106e-01   6.2956e+01   2.7342e+01   0.0000e+00   0.0000e+00   2.7588e+02
20260902_13:00:00   2.4723e-01   6.4266e+01   2.7969e+01   0.0000e+00   0.0000e+00   2.7593e+02
20260902_14:00:00   2.4774e-01   6.4398e+01   2.8151e+01   0.0000e+00   0.0000e+00   2.7680e+02
20260902_15:00:00   2.4463e-01   6.3760e+01   2.7928e+01   0.0000e+00   0.0000e+00   2.7588e+02
20260902_16:00:00   2.4265e-01   6.3412e+01   2.7682e+01   0.0000e+00   0.0000e+00   2.7762e+02
20260902_17:00:00   2.4346e-01   6.3657e+01   2.7781e+01   0.0000e+00   0.0000e+00   2.7976e+02
20260902_18:00:00   2.8098e-01   7.1656e+01   2.8499e+01   3.7005e-02   0.0000e+00   2.8030e+02
20260902_19:00:00   5.1821e-01   1.1524e+02   2.9137e+01   3.0725e-01   3.4340e-05   2.7875e+02
20260902_20:00:00   8.2098e-01   1.5724e+02   3.0045e+01   6.4460e-01   2.8193e-04   2.7808e+02
20260902_21:00:00   9.4716e-01   1.7050e+02   3.1169e+01   7.7348e-01   3.6291e-02   2.7804e+02
20260902_22:00:00   7.2728e-01   1.4437e+02   3.1607e+01   5.2326e-01   3.8252e-01   2.7769e+02
20260902_23:00:00   5.1110e-01   1.1318e+02   3.0737e+01   2.8716e-01   2.4780e-01   2.7846e+02
20260903_00:00:00   3.3072e-01   8.1152e+01   2.9162e+01   9.9228e-02   9.2772e-02   2.7940e+02
20260903_01:00:00   2.7675e-01   7.0512e+01   2.8092e+01   4.5704e-02   2.5070e-03   2.7974e+02
20260903_02:00:00   2.8308e-01   7.1828e+01   2.7787e+01   5.1312e-02   8.5440e-05   2.7814e+02
20260903_03:00:00   2.4024e-01   6.2962e+01   2.7210e+01   3.5380e-03   1.2528e-05   2.7827e+02
20260903_04:00:00   2.3864e-01   6.2634e+01   2.6969e+01   1.4060e-03   2.0040e-05   2.7644e+02
20260903_05:00:00   2.2862e-01   6.0485e+01   2.5780e+01   1.9730e-05   0.0000e+00   2.7620e+02
20260903_06:00:00   2.2054e-01   5.8678e+01   2.4844e+01   0.0000e+00   0.0000e+00   2.7694e+02
20260903_07:00:00   2.2018e-01   5.8565e+01   2.4599e+01   0.0000e+00   0.0000e+00   2.7803e+02
20260903_08:00:00   2.2187e-01   5.8919e+01   2.4542e+01   0.0000e+00   0.0000e+00   2.7875e+02
20260903_09:00:00   2.2303e-01   5.9155e+01   2.4609e+01   0.0000e+00   0.0000e+00   2.7902e+02
20260903_10:00:00   2.1992e-01   5.8462e+01   2.4141e+01   0.0000e+00   0.0000e+00   2.7934e+02
20260903_11:00:00   2.2074e-01   5.8634e+01   2.4127e+01   0.0000e+00   0.0000e+00   2.8050e+02
20260903_12:00:00   2.2500e-01   5.9568e+01   2.4511e+01   0.0000e+00   0.0000e+00   2.7979e+02
20260903_13:00:00   2.2541e-01   5.9633e+01   2.4547e+01   0.0000e+00   0.0000e+00   2.8002e+02
20260903_14:00:00   2.2601e-01   5.9766e+01   2.4572e+01   0.0000e+00   0.0000e+00   2.8022e+02
20260903_15:00:00   2.2297e-01   5.9145e+01   2.4170e+01   0.0000e+00   0.0000e+00   2.7967e+02
20260903_16:00:00   2.2180e-01   5.8947e+01   2.4067e+01   0.0000e+00   0.0000e+00   2.8031e+02
20260903_17:00:00   2.2514e-01   5.9746e+01   2.4449e+01   0.0000e+00   0.0000e+00   2.8124e+02
20260903_18:00:00   2.4932e-01   6.4954e+01   2.5131e+01   2.3937e-02   0.0000e+00   2.8150e+02
20260903_21:00:00   6.2481e-01   1.3113e+02   2.6745e+01   4.4512e-01   1.6518e-04   2.8001e+02
20260904_00:00:00   3.5514e-01   8.6164e+01   2.6502e+01   1.3786e-01   8.4382e-05   2.7991e+02
20260904_03:00:00   2.2656e-01   6.0118e+01   2.4977e+01   9.0680e-04   0.0000e+00   2.7666e+02
20260904_06:00:00   2.1570e-01   5.7590e+01   2.3668e+01   0.0000e+00   0.0000e+00   2.7804e+02
20260904_09:00:00   2.1183e-01   5.6655e+01   2.2790e+01   0.0000e+00   0.0000e+00   2.7443e+02
20260904_12:00:00   2.0736e-01   5.5475e+01   2.3079e+01   0.0000e+00   0.0000e+00   2.7652e+02
20260904_15:00:00   2.0968e-01   5.6033e+01   2.3081e+01   0.0000e+00   0.0000e+00   2.7728e+02
20260904_18:00:00   2.4596e-01   6.4074e+01   2.4291e+01   3.0797e-02   0.0000e+00   2.7784e+02
20260904_21:00:00   2.9458e-01   7.4099e+01   2.5149e+01   8.5850e-02   1.1408e-04   2.7804e+02
20260905_00:00:00   4.0003e-01   9.4237e+01   2.6546e+01   1.9579e-01   1.8667e-03   2.7774e+02
20260905_03:00:00   2.4900e-01   6.4968e+01   2.5990e+01   1.5924e-02   0.0000e+00   2.7763e+02
20260905_06:00:00   2.3795e-01   6.2498e+01   2.6328e+01   7.8240e-04   0.0000e+00   2.7455e+02
20260905_09:00:00   2.3393e-01   6.1482e+01   2.5430e+01   7.1823e-03   4.1200e-05   2.7491e+02
20260905_12:00:00   2.4711e-01   6.4323e+01   2.6979e+01   6.9000e-03   0.0000e+00   2.7498e+02
20260905_15:00:00   2.3162e-01   6.0994e+01   2.6195e+01   0.0000e+00   0.0000e+00   2.7976e+02
20260905_18:00:00   2.3513e-01   6.1837e+01   2.6529e+01   3.2539e-03   0.0000e+00   2.7854e+02
20260905_21:00:00   3.1936e-01   7.9292e+01   2.7728e+01   9.4819e-02   4.2620e-06   2.7820e+02
20260906_00:00:00   3.7079e-01   8.9417e+01   2.8557e+01   1.4528e-01   1.0698e-05   2.7851e+02
20260906_03:00:00   3.0944e-01   7.7435e+01   2.7772e+01   8.1476e-02   2.9240e-06   2.7797e+02
20260906_06:00:00   2.2310e-01   5.9154e+01   2.5927e+01   0.0000e+00   0.0000e+00   2.7887e+02
20260906_09:00:00   2.1563e-01   5.7384e+01   2.5086e+01   0.0000e+00   0.0000e+00   2.8026e+02
20260906_12:00:00   2.1080e-01   5.6216e+01   2.4504e+01   0.0000e+00   0.0000e+00   2.8266e+02
20260906_15:00:00   2.1238e-01   5.6585e+01   2.4766e+01   0.0000e+00   0.0000e+00   2.8608e+02
20260906_18:00:00   2.1141e-01   5.6335e+01   2.5106e+01   0.0000e+00   0.0000e+00   2.8308e+02
20260906_21:00:00   2.5792e-01   6.6188e+01   2.5188e+01   5.5959e-02   2.7140e-04   2.8255e+02
20260907_00:00:00   2.4772e-01   6.4276e+01   2.6178e+01   3.5625e-02   8.2760e-05   2.8487e+02
20260907_03:00:00   2.7140e-01   6.9313e+01   3.0028e+01   2.5821e-02   7.2134e-02   2.8105e+02
20260907_06:00:00   2.5629e-01   6.6072e+01   3.0183e+01   8.5922e-03   1.0442e-03   2.8063e+02
20260907_09:00:00   2.4752e-01   6.4208e+01   2.9728e+01   0.0000e+00   0.0000e+00   2.7957e+02
20260907_12:00:00   2.3579e-01   6.1702e+01   2.7791e+01   0.0000e+00   0.0000e+00   2.8389e+02
20260907_15:00:00   2.3810e-01   6.2296e+01   2.7224e+01   0.0000e+00   0.0000e+00   2.8677e+02
20260907_18:00:00   2.3353e-01   6.1554e+01   2.6344e+01   0.0000e+00   0.0000e+00   2.8509e+02
20260907_21:00:00   2.2004e-01   5.8692e+01   2.4672e+01   1.4624e-05   0.0000e+00   2.8406e+02
20260908_00:00:00   2.1578e-01   5.7674e+01   2.4209e+01   1.3348e-03   0.0000e+00   2.8228e+02
20260908_03:00:00   2.0094e-01   5.4306e+01   2.2585e+01   0.0000e+00   0.0000e+00   2.8259e+02
20260908_06:00:00   1.9701e-01   5.3408e+01   2.1981e+01   0.0000e+00   0.0000e+00   2.8082e+02
20260908_09:00:00   2.0893e-01   5.6004e+01   2.3822e+01   0.0000e+00   0.0000e+00   2.7879e+02
20260908_12:00:00   2.2195e-01   5.8790e+01   2.5202e+01   2.9740e-03   0.0000e+00   2.7814e+02
20260908_15:00:00   2.1969e-01   5.8322e+01   2.5242e+01   0.0000e+00   0.0000e+00   2.8134e+02
20260908_18:00:00   2.1948e-01   5.8407e+01   2.5501e+01   0.0000e+00   5.2240e-05   2.8549e+02
20260908_21:00:00   2.1313e-01   5.6926e+01   2.5422e+01   0.0000e+00   0.0000e+00   2.9048e+02
20260909_00:00:00   2.1400e-01   5.7077e+01   2.5661e+01   1.4624e-04   3.9080e-05   2.9325e+02
20260909_03:00:00   2.0748e-01   5.5486e+01   2.4976e+01   0.0000e+00   3.0095e-02   2.9692e+02
20260909_06:00:00   2.1400e-01   5.6565e+01   2.6029e+01   0.0000e+00   4.3126e-01   2.9899e+02
20260909_09:00:00   2.2516e-01   5.8966e+01   2.7566e+01   0.0000e+00   9.3565e-02   2.9745e+02
20260909_12:00:00   2.1443e-01   5.6679e+01   2.5845e+01   0.0000e+00   9.4268e-03   2.9951e+02
20260909_15:00:00   1.9624e-01   5.2792e+01   2.2415e+01   0.0000e+00   0.0000e+00   2.9966e+02
20260909_18:00:00   2.0274e-01   5.4494e+01   2.2812e+01   0.0000e+00   0.0000e+00   2.9863e+02
20260909_21:00:00   2.0846e-01   5.5527e+01   2.4680e+01   9.7420e-06   0.0000e+00   2.9967e+02
20260910_00:00:00   2.4747e-01   6.4007e+01   2.3838e+01   4.8460e-02   9.6020e-05   3.0120e+02
20260910_03:00:00   2.4847e-01   6.4205e+01   2.8726e+01   0.0000e+00   5.2983e-02   3.0091e+02
20260910_06:00:00   2.0175e-01   5.4119e+01   2.2945e+01   0.0000e+00   1.5739e-03   2.9958e+02
20260910_09:00:00   1.9515e-01   5.2518e+01   2.1925e+01   0.0000e+00   8.8767e-05   3.0047e+02
20260910_12:00:00   1.9170e-01   5.1638e+01   2.1751e+01   0.0000e+00   0.0000e+00   3.0394e+02
20260910_15:00:00   1.9372e-01   5.2112e+01   2.2118e+01   0.0000e+00   0.0000e+00   3.0012e+02
20260910_18:00:00   2.0606e-01   5.4980e+01   2.3463e+01   2.7180e-04   0.0000e+00   2.9571e+02
20260910_21:00:00   2.7110e-01   6.8821e+01   2.3662e+01   7.6367e-02   8.3125e-05   2.9361e+02
20260911_00:00:00   2.4765e-01   6.4137e+01   2.4313e+01   4.1545e-02   5.2220e-05   2.9015e+02
20260911_03:00:00   2.0666e-01   5.5318e+01   2.3572e+01   0.0000e+00   0.0000e+00   2.8803e+02
20260911_06:00:00   1.9238e-01   5.2051e+01   2.1871e+01   0.0000e+00   1.8874e-03   2.8708e+02
20260911_09:00:00   1.7600e-01   4.8123e+01   2.0195e+01   0.0000e+00   9.3570e-05   2.8498e+02
20260911_12:00:00   1.8630e-01   5.0469e+01   2.1389e+01   0.0000e+00   9.7320e-05   2.8412e+02
20260911_15:00:00   1.8374e-01   5.0013e+01   2.0504e+01   0.0000e+00   0.0000e+00   2.8510e+02
20260911_18:00:00   1.8881e-01   5.1237e+01   2.1501e+01   0.0000e+00   6.2680e-05   2.8426e+02
20260911_21:00:00   1.8450e-01   5.0064e+01   2.2174e+01   0.0000e+00   2.9336e-03   2.8488e+02
20260912_00:00:00   1.7216e-01   4.7162e+01   2.0830e+01   0.0000e+00   5.2021e-04   2.8508e+02
20260912_03:00:00   1.7718e-01   4.8335e+01   2.1176e+01   0.0000e+00   0.0000e+00   2.8808e+02
20260912_06:00:00   1.6765e-01   4.5955e+01   1.9895e+01   0.0000e+00   0.0000e+00   2.9076e+02
20260912_09:00:00   1.7086e-01   4.6656e+01   2.0464e+01   0.0000e+00   0.0000e+00   2.9211e+02
20260912_12:00:00   1.7152e-01   4.6721e+01   2.0567e+01   0.0000e+00   0.0000e+00   2.9187e+02
20260912_15:00:00   1.8333e-01   4.9461e+01   2.1922e+01   0.0000e+00   0.0000e+00   2.9159e+02
20260912_18:00:00   1.9159e-01   5.1435e+01   2.3121e+01   0.0000e+00   0.0000e+00   2.9328e+02
20260912_21:00:00   1.9928e-01   5.3278e+01   2.4167e+01   1.1072e-03   2.8384e-02   2.9325e+02
20260913_00:00:00   1.8655e-01   5.0450e+01   2.2780e+01   0.0000e+00   6.8992e-03   2.9171e+02
20260913_03:00:00   1.9131e-01   5.1663e+01   2.2753e+01   0.0000e+00   9.3326e-03   2.8991e+02
20260913_06:00:00   1.9021e-01   5.1308e+01   2.2660e+01   0.0000e+00   2.0700e-02   2.9205e+02
20260913_09:00:00   2.1025e-01   5.5709e+01   2.5218e+01   1.3738e-03   2.7064e-03   2.8959e+02
20260913_12:00:00   2.4838e-01   6.3801e+01   2.5049e+01   4.4321e-02   9.3883e-03   2.9131e+02
20260913_15:00:00   2.2264e-01   5.8058e+01   2.6618e+01   4.8321e-03   4.3393e-01   2.9147e+02
20260913_18:00:00   2.2150e-01   5.8137e+01   2.5605e+01   1.3049e-02   1.5119e-03   2.9005e+02
20260913_21:00:00   1.9747e-01   5.2814e+01   2.4336e+01   0.0000e+00   2.9951e-02   2.9086e+02
20260914_00:00:00   2.0345e-01   5.4397e+01   2.4856e+01   0.0000e+00   1.1590e-05   2.9060e+02
20260914_03:00:00   2.1092e-01   5.6292e+01   2.4579e+01   0.0000e+00   0.0000e+00   2.9162e+02
20260914_06:00:00   2.0218e-01   5.4159e+01   2.3263e+01   0.0000e+00   2.6819e-03   2.9188e+02
20260914_09:00:00   2.2059e-01   5.8032e+01   2.5846e+01   0.0000e+00   1.4903e-04   2.8772e+02
20260914_12:00:00   2.2098e-01   5.8162e+01   2.5450e+01   0.0000e+00   3.3255e-05   2.8591e+02
20260914_15:00:00   2.5056e-01   6.4662e+01   2.8295e+01   0.0000e+00   2.0700e-06   2.8433e+02
20260914_18:00:00   2.7394e-01   6.9673e+01   3.0827e+01   2.8720e-03   1.4099e-03   2.8245e+02
