#            date       tau255        Tb[K]      pwv[mm] lwp[kg*m^-2] iwp[kg*m^-2]       o3[DU]
20260910_06:00:00   2.4310e-01   6.3531e+01   2.6876e+01   7.4420e-03   0.0000e+00   2.8640e+02
20260910_07:00:00   2.2897e-01   6.0447e+01   2.5872e+01   0.0000e+00   0.0000e+00   2.8592e+02
20260910_08:00:00   2.2823e-01   6.0243e+01   2.5878e+01   0.0000e+00   0.0000e+00   2.8731e+02
20260910_09:00:00   2.3754e-01   6.2190e+01   2.6840e+01   1.5406e-03   1.2874e-05   2.8623e+02
20260910_10:00:00   2.6156e-01   6.7262e+01   2.6978e+01   2.7420e-02   1.1260e-04   2.8311e+02
20260910_11:00:00   2.7231e-01   6.9480e+01   2.6765e+01   4.2940e-02   9.8480e-05   2.8321e+02
20260910_12:00:00   2.6481e-01   6.7873e+01   2.6587e+01   3.6560e-02   0.0000e+00   2.8370e+02
20260910_13:00:00   2.3963e-01   6.2544e+01   2.6110e+01   1.1816e-02   2.9240e-06   2.8511e+02
20260910_14:00:00   2.2716e-01   5.9890e+01   2.5721e+01   0.0000e+00   0.0000e+00   2.8620e+02
20260910_15:00:00   2.2350e-01   5.9151e+01   2.5262e+01   0.0000e+00   0.0000e+00   2.8624e+02
20260910_16:00:00   2.2783e-01   6.0159e+01   2.5740e+01   0.0000e+00   0.0000e+00   2.8671e+02
20260910_17:00:00   2.3535e-01   6.1880e+01   2.6556e+01   7.2960e-05   0.0000e+00   2.8808e+02
20260910_18:00:00   3.7208e-01   8.9685e+01   2.7705e+01   1.4904e-01   0.0000e+00   2.8838e+02
20260910_19:00:00   4.8408e-01   1.0959e+02   2.8485e+01   2.7255e-01   2.0780e-05   2.8777e+02
20260910_20:00:00   4.3466e-01   1.0074e+02   2.9026e+01   2.1160e-01   1.6550e-04   2.8770e+02
20260910_21:00:00   3.8912e-01   9.2162e+01   2.8499e+01   1.6720e-01   3.7230e-03   2.8842e+02
20260910_22:00:00   3.7008e-01   8.8662e+01   2.8749e+01   1.4659e-01   2.4471e-02   2.8782e+02
20260910_23:00:00   5.0869e-01   1.1265e+02   3.0355e+01   2.9066e-01   4.9160e-02   2.8807e+02
20260911_00:00:00   5.0089e-01   1.1165e+02   3.2062e+01   2.6666e-01   1.1640e-01   2.8558e+02
20260911_01:00:00   4.2092e-01   9.8058e+01   3.1149e+01   1.8527e-01   1.0640e-01   2.8328e+02
20260911_02:00:00   2.2702e-01   5.9943e+01   2.7568e+01   0.0000e+00   3.5332e-02   2.8409e+02
20260911_03:00:00   2.1941e-01   5.8293e+01   2.6394e+01   0.0000e+00   2.9838e-04   2.8432e+02
20260911_04:00:00   2.2620e-01   5.9776e+01   2.6834e+01   4.2640e-05   6.1400e-06   2.8236e+02
20260911_05:00:00   2.8087e-01   7.1276e+01   2.7723e+01   5.2249e-02   1.7388e-05   2.8165e+02
20260911_06:00:00   2.3324e-01   6.1294e+01   2.7480e+01   0.0000e+00   0.0000e+00   2.8110e+02
20260911_07:00:00   2.3875e-01   6.2440e+01   2.8120e+01   5.6670e-04   1.8882e-04   2.7951e+02
20260911_08:00:00   2.4030e-01   6.2695e+01   2.8584e+01   0.0000e+00   0.0000e+00   2.8152e+02
20260911_09:00:00   2.3867e-01   6.2311e+01   2.8448e+01   0.0000e+00   0.0000e+00   2.8170e+02
20260911_10:00:00   2.3616e-01   6.1759e+01   2.8105e+01   0.0000e+00   0.0000e+00   2.8166e+02
20260911_11:00:00   2.3011e-01   6.0421e+01   2.7512e+01   0.0000e+00   1.8300e-05   2.7878e+02
20260911_12:00:00   2.2849e-01   6.0071e+01   2.7326e+01   0.0000e+00   0.0000e+00   2.8054e+02
20260911_13:00:00   2.2735e-01   5.9867e+01   2.7007e+01   0.0000e+00   0.0000e+00   2.8363e+02
20260911_14:00:00   2.2465e-01   5.9356e+01   2.6519e+01   0.0000e+00   0.0000e+00   2.8467e+02
20260911_15:00:00   2.2617e-01   5.9765e+01   2.6580e+01   0.0000e+00   0.0000e+00   2.8544e+02
20260911_16:00:00   2.3269e-01   6.1296e+01   2.7251e+01   0.0000e+00   0.0000e+00   2.8516e+02
20260911_17:00:00   2.3610e-01   6.2131e+01   2.7653e+01   0.0000e+00   0.0000e+00   2.8216e+02
20260911_18:00:00   2.4720e-01   6.4537e+01   2.8269e+01   7.4880e-03   0.0000e+00   2.8074e+02
20260911_19:00:00   4.0105e-01   9.4821e+01   2.8804e+01   1.8028e-01   1.2016e-04   2.8161e+02
20260911_20:00:00   8.2831e-01   1.5755e+02   2.9955e+01   6.5577e-01   1.5328e-03   2.8232e+02
20260911_21:00:00   9.2887e-01   1.6830e+02   3.1586e+01   7.5363e-01   1.1868e-01   2.8203e+02
20260911_22:00:00   9.2528e-01   1.6846e+02   3.1827e+01   7.4919e-01   3.1867e-01   2.8134e+02
20260911_23:00:00   7.7558e-01   1.5025e+02   3.0885e+01   5.8219e-01   7.4697e-02   2.7919e+02
20260912_00:00:00   4.9918e-01   1.1071e+02   2.9630e+01   2.8752e-01   1.1960e-01   2.7700e+02
20260912_01:00:00   3.3450e-01   8.1796e+01   3.1380e+01   8.5842e-02   2.7855e-01   2.7541e+02
20260912_02:00:00   3.7941e-01   9.0224e+01   2.9648e+01   1.5767e-01   2.6300e-01   2.7426e+02
20260912_03:00:00   4.8018e-01   1.0817e+02   2.9879e+01   2.6886e-01   3.6905e-02   2.7417e+02
20260912_04:00:00   4.7690e-01   1.0766e+02   2.9067e+01   2.6799e-01   6.3949e-04   2.7382e+02
20260912_05:00:00   3.3786e-01   8.2309e+01   2.8175e+01   1.1611e-01   1.4766e-03   2.7535e+02
20260912_06:00:00   3.4202e-01   8.3032e+01   2.8162e+01   1.2126e-01   1.0724e-02   2.7684e+02
20260912_07:00:00   3.1358e-01   7.7679e+01   2.8514e+01   8.4300e-02   1.4236e-02   2.7628e+02
20260912_08:00:00   3.2285e-01   7.9437e+01   2.7838e+01   1.0107e-01   2.5682e-02   2.7639e+02
20260912_09:00:00   2.4119e-01   6.2906e+01   2.6376e+01   2.2268e-02   8.4540e-03   2.7639e+02
20260912_10:00:00   2.0950e-01   5.6105e+01   2.4815e+01   0.0000e+00   6.7280e-05   2.7728e+02
20260912_11:00:00   2.0057e-01   5.4098e+01   2.3636e+01   0.0000e+00   0.0000e+00   2.7677e+02
20260912_12:00:00   1.9100e-01   5.1904e+01   2.2488e+01   0.0000e+00   0.0000e+00   2.7744e+02
20260912_13:00:00   1.9677e-01   5.3219e+01   2.3070e+01   0.0000e+00   0.0000e+00   2.7697e+02
20260912_14:00:00   2.0165e-01   5.4336e+01   2.3688e+01   0.0000e+00   0.0000e+00   2.7706e+02
20260912_15:00:00   2.0743e-01   5.5661e+01   2.4351e+01   0.0000e+00   0.0000e+00   2.7743e+02
20260912_16:00:00   2.1119e-01   5.6544e+01   2.4869e+01   0.0000e+00   0.0000e+00   2.7861e+02
20260912_17:00:00   2.1617e-01   5.7729e+01   2.5549e+01   0.0000e+00   0.0000e+00   2.7920e+02
20260912_18:00:00   2.2467e-01   5.9564e+01   2.6258e+01   4.0880e-03   1.1756e-05   2.8012e+02
20260912_19:00:00   3.2244e-01   7.9569e+01   2.7031e+01   1.1087e-01   6.6818e-04   2.8160e+02
20260912_20:00:00   7.6332e-01   1.4881e+02   2.8826e+01   5.9633e-01   2.8859e-02   2.8068e+02
20260912_21:00:00   7.5380e-01   1.4727e+02   3.0941e+01   5.6508e-01   2.1810e-01   2.7900e+02
20260912_22:00:00   8.4331e-01   1.5840e+02   3.1227e+01   6.6303e-01   2.8503e-01   2.7949e+02
20260912_23:00:00   8.1979e-01   1.5537e+02   3.1387e+01   6.3390e-01   2.9454e-01   2.7912e+02
20260913_00:00:00   4.1407e-01   9.6392e+01   3.0575e+01   1.8627e-01   1.6712e-01   2.7953e+02
20260913_01:00:00   4.2974e-01   9.8931e+01   2.8597e+01   2.2159e-01   6.5887e-02   2.8017e+02
20260913_02:00:00   2.2956e-01   6.0491e+01   2.7127e+01   5.8741e-03   1.1948e-04   2.7547e+02
20260913_03:00:00   2.3071e-01   6.0853e+01   2.7646e+01   0.0000e+00   2.4040e-05   2.7318e+02
20260913_04:00:00   2.3960e-01   6.2702e+01   2.7653e+01   1.0165e-02   2.5440e-04   2.7374e+02
20260913_05:00:00   2.6369e-01   6.7665e+01   2.6989e+01   4.2484e-02   1.7015e-03   2.7608e+02
20260913_06:00:00   2.1554e-01   5.7492e+01   2.5411e+01   0.0000e+00   2.9240e-06   2.7774e+02
20260913_07:00:00   2.1481e-01   5.7309e+01   2.5109e+01   0.0000e+00   0.0000e+00   2.7914e+02
20260913_08:00:00   2.1467e-01   5.7286e+01   2.4897e+01   0.0000e+00   0.0000e+00   2.7958e+02
20260913_09:00:00   2.1668e-01   5.7721e+01   2.4969e+01   0.0000e+00   0.0000e+00   2.7853e+02
20260913_10:00:00   2.2464e-01   5.9497e+01   2.5728e+01   0.0000e+00   0.0000e+00   2.8098e+02
20260913_11:00:00   2.2671e-01   5.9909e+01   2.5794e+01   2.0260e-03   4.8520e-05   2.8193e+02
20260913_12:00:00   2.6503e-01   6.7960e+01   2.6314e+01   3.9860e-02   2.4640e-04   2.8287e+02
20260913_13:00:00   2.5302e-01   6.5483e+01   2.6006e+01   2.6960e-02   1.0074e-04   2.8634e+02
20260913_14:00:00   2.2490e-01   5.9570e+01   2.5191e+01   5.7920e-04   4.4040e-06   2.8609e+02
20260913_15:00:00   2.2492e-01   5.9600e+01   2.5153e+01   0.0000e+00   0.0000e+00   2.8646e+02
20260913_16:00:00   2.2268e-01   5.9151e+01   2.4906e+01   0.0000e+00   0.0000e+00   2.8702e+02
20260913_17:00:00   2.1999e-01   5.8641e+01   2.4519e+01   0.0000e+00   0.0000e+00   2.8645e+02
20260913_18:00:00   2.2070e-01   5.8873e+01   2.4511e+01   0.0000e+00   0.0000e+00   2.8662e+02
20260913_19:00:00   2.2336e-01   5.9485e+01   2.4874e+01   6.1838e-04   0.0000e+00   2.8551e+02
20260913_20:00:00   2.2829e-01   6.0535e+01   2.4954e+01   1.0192e-02   0.0000e+00   2.8331e+02
20260913_21:00:00   2.2518e-01   5.9784e+01   2.4763e+01   1.2812e-02   0.0000e+00   2.8147e+02
20260913_22:00:00   3.1736e-01   7.8934e+01   2.5307e+01   1.1517e-01   5.1500e-05   2.8180e+02
20260913_23:00:00   5.4481e-01   1.1926e+02   2.6296e+01   3.6580e-01   6.4220e-05   2.8173e+02
20260914_00:00:00   4.9490e-01   1.1121e+02   2.5932e+01   3.1203e-01   1.9582e-05   2.8188e+02
20260914_01:00:00   3.8818e-01   9.2536e+01   2.4738e+01   2.0024e-01   1.1700e-05   2.8237e+02
20260914_02:00:00   3.1553e-01   7.8743e+01   2.4957e+01   1.0786e-01   0.0000e+00   2.8364e+02
20260914_03:00:00   2.2361e-01   5.9511e+01   2.4713e+01   0.0000e+00   0.0000e+00   2.8487e+02
20260914_04:00:00   2.0296e-01   5.4826e+01   2.2295e+01   0.0000e+00   0.0000e+00   2.8384e+02
20260914_05:00:00   2.0040e-01   5.4156e+01   2.2125e+01   0.0000e+00   0.0000e+00   2.8218e+02
20260914_06:00:00   2.0436e-01   5.5005e+01   2.2378e+01   0.0000e+00   0.0000e+00   2.8080e+02
20260914_07:00:00   2.0170e-01   5.4350e+01   2.2291e+01   0.0000e+00   0.0000e+00   2.8130e+02
20260914_08:00:00   2.0398e-01   5.4847e+01   2.2486e+01   0.0000e+00   0.0000e+00   2.8252e+02
20260914_09:00:00   2.0809e-01   5.5751e+01   2.2982e+01   0.0000e+00   0.0000e+00   2.8314e+02
20260914_10:00:00   2.0961e-01   5.6089e+01   2.3118e+01   0.0000e+00   0.0000e+00   2.8367e+02
20260914_11:00:00   2.1032e-01   5.6232e+01   2.3103e+01   0.0000e+00   0.0000e+00   2.8516e+02
20260914_12:00:00   2.1670e-01   5.7634e+01   2.3701e+01   0.0000e+00   0.0000e+00   2.8727e+02
20260914_13:00:00   2.2128e-01   5.8636e+01   2.4078e+01   0.0000e+00   0.0000e+00   2.8792e+02
20260914_14:00:00   2.1859e-01   5.8051e+01   2.3793e+01   0.0000e+00   0.0000e+00   2.8761e+02
20260914_15:00:00   2.1556e-01   5.7410e+01   2.3594e+01   0.0000e+00   0.0000e+00   2.8618e+02
20260914_16:00:00   2.1451e-01   5.7217e+01   2.3691e+01   0.0000e+00   0.0000e+00   2.8585e+02
20260914_17:00:00   2.2278e-01   5.9104e+01   2.4809e+01   0.0000e+00   0.0000e+00   2.8707e+02
20260914_18:00:00   2.2853e-01   6.0399e+01   2.5662e+01   5.1502e-04   0.0000e+00   2.8783e+02
20260914_19:00:00   3.0837e-01   7.7151e+01   2.6666e+01   8.5547e-02   0.0000e+00   2.8648e+02
20260914_20:00:00   4.1655e-01   9.7445e+01   2.7309e+01   2.0614e-01   8.5820e-05   2.8463e+02
20260914_21:00:00   4.0165e-01   9.4359e+01   2.7568e+01   1.8907e-01   8.6580e-04   2.8249e+02
20260914_22:00:00   3.5524e-01   8.5754e+01   2.7113e+01   1.4364e-01   5.4090e-03   2.8369e+02
20260914_23:00:00   5.6017e-01   1.2099e+02   2.7875e+01   3.7144e-01   6.5073e-03   2.8464e+02
20260915_00:00:00   9.2392e-01   1.6754e+02   2.9301e+01   7.6604e-01   1.3392e-01   2.8406e+02
20260915_01:00:00   5.3788e-01   1.1716e+02   2.8914e+01   3.3317e-01   1.6080e-01   2.8393e+02
20260915_02:00:00   2.5367e-01   6.5437e+01   2.7137e+01   2.9511e-02   2.7033e-02   2.8513e+02
20260915_03:00:00   2.2801e-01   6.0071e+01   2.6822e+01   1.6972e-03   3.2626e-03   2.8383e+02
20260915_04:00:00   2.4308e-01   6.3435e+01   2.8073e+01   2.6144e-03   7.2714e-04   2.8441e+02
20260915_05:00:00   2.7208e-01   6.9442e+01   2.8121e+01   3.4776e-02   6.6923e-03   2.8393e+02
20260915_06:00:00   3.4290e-01   8.3437e+01   2.8575e+01   1.0828e-01   1.1842e-02   2.8350e+02
20260915_09:00:00   3.4591e-01   8.3768e+01   2.7659e+01   1.2030e-01   7.6562e-04   2.8090e+02
20260915_12:00:00   2.4483e-01   6.3620e+01   2.7668e+01   4.3640e-03   2.6403e-04   2.8293e+02
20260915_15:00:00   2.4201e-01   6.3009e+01   2.7837e+01   0.0000e+00   9.3580e-06   2.7841e+02
20260915_18:00:00   2.7824e-01   7.0759e+01   2.9219e+01   3.0780e-02   0.0000e+00   2.8330e+02
20260915_21:00:00   8.4832e-01   1.5953e+02   3.0656e+01   6.6940e-01   2.6659e-01   2.8252e+02
20260916_00:00:00   1.0243e+00   1.7704e+02   3.4971e+01   8.1895e-01   6.8805e-01   2.8113e+02
20260916_03:00:00   2.6510e-01   6.7808e+01   3.1234e+01   0.0000e+00   6.1410e-02   2.8595e+02
20260916_06:00:00   2.3723e-01   6.1698e+01   2.8220e+01   0.0000e+00   1.2146e-06   2.8535e+02
20260916_09:00:00   2.3688e-01   6.1616e+01   2.7716e+01   0.0000e+00   2.0700e-06   2.8195e+02
20260916_12:00:00   2.1583e-01   5.7002e+01   2.4837e+01   0.0000e+00   0.0000e+00   2.7992e+02
20260916_15:00:00   2.1013e-01   5.5789e+01   2.4034e+01   0.0000e+00   0.0000e+00   2.7864e+02
20260916_18:00:00   2.2397e-01   5.9038e+01   2.5702e+01   0.0000e+00   0.0000e+00   2.8035e+02
20260916_21:00:00   2.6106e-01   6.7039e+01   2.6471e+01   3.9180e-02   0.0000e+00   2.7831e+02
20260917_00:00:00   2.2070e-01   5.8364e+01   2.4699e+01   1.0822e-02   0.0000e+00   2.7619e+02
20260917_03:00:00   2.0927e-01   5.5878e+01   2.4005e+01   0.0000e+00   9.6860e-04   2.8119e+02
20260917_06:00:00   2.0651e-01   5.5181e+01   2.3719e+01   0.0000e+00   2.0440e-04   2.8032e+02
20260917_09:00:00   1.9929e-01   5.3481e+01   2.2538e+01   0.0000e+00   5.0360e-04   2.7851e+02
20260917_12:00:00   1.9711e-01   5.2937e+01   2.2120e+01   0.0000e+00   7.2080e-04   2.7935e+02
20260917_15:00:00   1.9950e-01   5.3474e+01   2.2359e+01   0.0000e+00   0.0000e+00   2.8161e+02
20260917_18:00:00   1.9876e-01   5.3344e+01   2.2737e+01   0.0000e+00   0.0000e+00   2.7971e+02
20260917_21:00:00   2.5312e-01   6.5271e+01   2.5491e+01   3.7840e-02   2.9240e-06   2.7828e+02
20260918_00:00:00   3.9251e-01   9.3145e+01   2.7476e+01   1.7330e-01   0.0000e+00   2.7668e+02
20260918_03:00:00   2.3374e-01   6.1264e+01   2.5503e+01   7.2180e-03   0.0000e+00   2.7653e+02
20260918_06:00:00   2.5096e-01   6.4865e+01   2.7178e+01   0.0000e+00   5.6360e-04   2.7861e+02
20260918_09:00:00   2.8986e-01   7.3005e+01   2.9814e+01   2.7500e-02   1.3490e-03   2.7989e+02
20260918_12:00:00   6.5270e-01   1.3785e+02   3.1383e+01   4.6056e-01   1.9167e-04   2.8158e+02
20260918_15:00:00   5.3527e-01   1.1915e+02   3.1001e+01   3.1727e-01   1.2970e-05   2.8432e+02
20260918_18:00:00   4.6406e-01   1.0697e+02   3.0962e+01   2.2911e-01   0.0000e+00   2.8850e+02
20260918_21:00:00   2.9936e-01   7.5016e+01   2.9113e+01   4.1037e-02   5.9420e-05   2.8425e+02
20260919_00:00:00   2.5685e-01   6.5970e+01   2.7594e+01   5.4951e-03   3.4197e-04   2.8155e+02
20260919_03:00:00   2.3359e-01   6.0904e+01   2.5364e+01   0.0000e+00   4.9740e-03   2.8389e+02
20260919_06:00:00   2.2655e-01   5.9335e+01   2.4486e+01   0.0000e+00   3.7600e-03   2.8689e+02
20260919_09:00:00   2.1761e-01   5.7324e+01   2.3009e+01   0.0000e+00   1.2566e-03   2.8446e+02
20260919_12:00:00   2.1071e-01   5.5726e+01   2.1817e+01   0.0000e+00   0.0000e+00   2.8356e+02
20260919_15:00:00   1.9333e-01   5.1901e+01   1.8988e+01   0.0000e+00   0.0000e+00   2.8627e+02
20260919_18:00:00   1.8223e-01   4.9510e+01   1.7723e+01   0.0000e+00   0.0000e+00   2.8617e+02
20260919_21:00:00   1.6425e-01   4.5227e+01   1.7242e+01   0.0000e+00   0.0000e+00   2.8359e+02
20260920_00:00:00   1.7620e-01   4.7978e+01   1.8062e+01   1.0060e-02   8.6608e-04   2.8225e+02
20260920_03:00:00   1.8649e-01   5.0525e+01   1.9416e+01   0.0000e+00   3.1573e-04   2.8009e+02
20260920_06:00:00   1.6608e-01   4.5554e+01   1.7461e+01   0.0000e+00   2.3160e-05   2.8362e+02
20260920_09:00:00   1.6066e-01   4.4175e+01   1.7213e+01   0.0000e+00   2.4277e-03   2.8337e+02
20260920_12:00:00   1.5896e-01   4.3755e+01   1.7297e+01   0.0000e+00   9.9200e-04   2.8272e+02
20260920_15:00:00   1.7131e-01   4.6685e+01   1.8930e+01   0.0000e+00   0.0000e+00   2.8108e+02
20260920_18:00:00   1.9165e-01   5.1501e+01   2.1832e+01   0.0000e+00   8.2422e-03   2.7809e+02
20260920_21:00:00   2.6660e-01   6.7702e+01   2.4577e+01   7.1020e-02   1.7801e-03   2.7613e+02
20260921_00:00:00   3.2691e-01   7.9940e+01   2.5853e+01   1.3036e-01   9.3770e-04   2.7522e+02
20260921_03:00:00   2.0412e-01   5.4215e+01   2.4772e+01   0.0000e+00   0.0000e+00   2.7461e+02
20260921_06:00:00   2.2164e-01   5.8070e+01   2.6478e+01   0.0000e+00   0.0000e+00   2.7503e+02
20260921_09:00:00   2.1975e-01   5.7709e+01   2.6182e+01   0.0000e+00   0.0000e+00   2.7559e+02
20260921_12:00:00   2.1767e-01   5.7187e+01   2.5883e+01   0.0000e+00   0.0000e+00   2.7438e+02
20260921_15:00:00   2.2337e-01   5.8503e+01   2.6241e+01   1.0488e-04   0.0000e+00   2.7347e+02
20260921_18:00:00   2.9222e-01   7.3193e+01   2.7356e+01   6.7420e-02   8.2780e-07   2.7388e+02
20260921_21:00:00   3.6288e-01   8.7273e+01   2.7489e+01   1.4838e-01   0.0000e+00   2.7180e+02
20260922_00:00:00   2.3183e-01   6.0797e+01   2.6704e+01   5.1207e-03   0.0000e+00   2.7195e+02
20260922_03:00:00   2.1137e-01   5.6094e+01   2.4897e+01   0.0000e+00   0.0000e+00   2.7084e+02
20260922_06:00:00   1.9946e-01   5.3299e+01   2.3304e+01   0.0000e+00   0.0000e+00   2.7359e+02
20260922_09:00:00   2.1095e-01   5.5872e+01   2.4400e+01   0.0000e+00   0.0000e+00   2.7330e+02
20260922_12:00:00   2.0653e-01   5.4878e+01   2.3609e+01   0.0000e+00   0.0000e+00   2.7421e+02
20260922_15:00:00   1.6212e-01   4.4588e+01   1.8266e+01   0.0000e+00   0.0000e+00   2.7520e+02
20260922_18:00:00   1.3722e-01   3.8539e+01   1.5386e+01   0.0000e+00   0.0000e+00   2.7304e+02
20260922_21:00:00   1.2822e-01   3.6311e+01   1.4270e+01   0.0000e+00   0.0000e+00   2.7161e+02
20260923_00:00:00   1.2907e-01   3.6607e+01   1.4107e+01   0.0000e+00   0.0000e+00   2.7096e+02
20260923_03:00:00   1.2317e-01   3.5123e+01   1.2847e+01   0.0000e+00   1.0482e-03   2.7315e+02
20260923_06:00:00   1.3029e-01   3.6853e+01   1.3515e+01   0.0000e+00   3.8360e-03   2.7356e+02
20260923_09:00:00   1.3346e-01   3.7519e+01   1.3954e+01   0.0000e+00   4.8597e-03   2.7196e+02
20260923_12:00:00   1.0972e-01   3.1509e+01   1.1029e+01   0.0000e+00   5.5172e-03   2.7466e+02
20260923_15:00:00   1.2238e-01   3.4651e+01   1.2943e+01   0.0000e+00   1.2176e-03   2.7346e+02
20260923_18:00:00   1.3120e-01   3.6901e+01   1.4055e+01   0.0000e+00   2.6083e-02   2.7123e+02
20260923_21:00:00   1.2552e-01   3.5625e+01   1.3195e+01   0.0000e+00   2.4885e-02   2.7152e+02
20260924_00:00:00   1.3125e-01   3.7096e+01   1.3553e+01   0.0000e+00   1.9098e-02   2.6996e+02
20260924_03:00:00   1.3417e-01   3.7783e+01   1.3623e+01   0.0000e+00   2.1860e-03   2.7032e+02
20260924_06:00:00   1.4407e-01   4.0173e+01   1.4584e+01   0.0000e+00   1.6000e-04   2.7061e+02
20260924_09:00:00   1.2992e-01   3.6670e+01   1.2990e+01   0.0000e+00   0.0000e+00   2.7053e+02
20260924_12:00:00   1.2362e-01   3.5055e+01   1.2228e+01   0.0000e+00   0.0000e+00   2.7152e+02
20260924_15:00:00   1.2661e-01   3.5816e+01   1.2366e+01   0.0000e+00   0.0000e+00   2.7238e+02
20260924_18:00:00   1.3177e-01   3.7194e+01   1.3310e+01   0.0000e+00   0.0000e+00   2.7410e+02
20260924_21:00:00   1.3172e-01   3.7200e+01   1.4078e+01   0.0000e+00   0.0000e+00   2.7308e+02
20260925_00:00:00   1.3057e-01   3.6919e+01   1.4068e+01   0.0000e+00   0.0000e+00   2.7466e+02
20260925_03:00:00   1.3991e-01   3.9154e+01   1.5358e+01   0.0000e+00   0.0000e+00   2.7761e+02
20260925_06:00:00   1.4837e-01   4.1180e+01   1.6441e+01   0.0000e+00   4.2920e-06   2.7670e+02
20260925_09:00:00   1.4907e-01   4.1317e+01   1.6681e+01   0.0000e+00   0.0000e+00   2.7529e+02
20260925_12:00:00   1.5743e-01   4.3236e+01   1.7744e+01   0.0000e+00   0.0000e+00   2.7540e+02
20260925_15:00:00   1.5621e-01   4.3022e+01   1.7472e+01   0.0000e+00   0.0000e+00   2.7528e+02
20260925_18:00:00   1.6114e-01   4.4331e+01   1.8092e+01   0.0000e+00   0.0000e+00   2.7415e+02
20260925_21:00:00   2.1713e-01   5.6844e+01   1.9775e+01   4.9041e-02   1.4156e-03   2.7376e+02
20260926_00:00:00   3.7872e-01   8.9077e+01   2.0479e+01   2.2356e-01   3.4937e-03   2.7295e+02
20260926_03:00:00   1.6775e-01   4.5958e+01   1.8548e+01   0.0000e+00   0.0000e+00   2.7405e+02
20260926_06:00:00   1.7908e-01   4.8605e+01   1.9934e+01   0.0000e+00   0.0000e+00   2.7547e+02
