#            date       tau255        Tb[K]      pwv[mm] lwp[kg*m^-2] iwp[kg*m^-2]       o3[DU]
20260917_18:00:00   1.9379e-01   5.1347e+01   2.1209e+01   1.0087e-02   2.5380e-04   2.7833e+02
20260917_19:00:00   2.0822e-01   5.4671e+01   2.1389e+01   2.9319e-02   3.3976e-05   2.8320e+02
20260917_20:00:00   2.1842e-01   5.6791e+01   2.1867e+01   4.0592e-02   1.2714e-04   2.8697e+02
20260917_21:00:00   2.3811e-01   6.1053e+01   2.1960e+01   6.5686e-02   5.1349e-04   2.8862e+02
20260917_22:00:00   1.9481e-01   5.1511e+01   2.2111e+01   1.5186e-02   1.0426e-03   2.8615e+02
20260917_23:00:00   2.1017e-01   5.4961e+01   2.2274e+01   3.1300e-02   2.7300e-03   2.8523e+02
20260918_00:00:00   1.9481e-01   5.1599e+01   2.1729e+01   1.6820e-02   1.0460e-04   2.8450e+02
20260918_01:00:00   1.8607e-01   4.9630e+01   2.1026e+01   1.1648e-02   0.0000e+00   2.8296e+02
20260918_02:00:00   1.7632e-01   4.7378e+01   2.0590e+01   4.0700e-03   0.0000e+00   2.8277e+02
20260918_03:00:00   1.7092e-01   4.6120e+01   2.0387e+01   0.0000e+00   0.0000e+00   2.8334e+02
20260918_04:00:00   1.7118e-01   4.6098e+01   2.0605e+01   0.0000e+00   9.5046e-04   2.8095e+02
20260918_05:00:00   1.6831e-01   4.5417e+01   2.0334e+01   0.0000e+00   4.3406e-03   2.8140e+02
20260918_06:00:00   1.6872e-01   4.5433e+01   2.0512e+01   0.0000e+00   6.2535e-02   2.8042e+02
20260918_07:00:00   1.7639e-01   4.7108e+01   2.1591e+01   0.0000e+00   9.6829e-02   2.7884e+02
20260918_08:00:00   1.7843e-01   4.7487e+01   2.1865e+01   0.0000e+00   2.3539e-01   2.7716e+02
20260918_09:00:00   1.8506e-01   4.8945e+01   2.2536e+01   3.5700e-05   9.9089e-02   2.7941e+02
20260918_10:00:00   1.8856e-01   4.9728e+01   2.2806e+01   0.0000e+00   1.8860e-02   2.7905e+02
20260918_11:00:00   1.8770e-01   4.9551e+01   2.2701e+01   0.0000e+00   2.0280e-02   2.7546e+02
20260918_12:00:00   1.8461e-01   4.8867e+01   2.2245e+01   0.0000e+00   1.8674e-03   2.7279e+02
20260918_13:00:00   1.8484e-01   4.8914e+01   2.2135e+01   0.0000e+00   3.4038e-03   2.7322e+02
20260918_14:00:00   1.8183e-01   4.8251e+01   2.1679e+01   0.0000e+00   1.6431e-03   2.7460e+02
20260918_15:00:00   1.7529e-01   4.6796e+01   2.0903e+01   0.0000e+00   7.2822e-04   2.7608e+02
20260918_16:00:00   1.7084e-01   4.5760e+01   2.0508e+01   0.0000e+00   3.2939e-03   2.7609e+02
20260918_17:00:00   1.7813e-01   4.7441e+01   2.1377e+01   0.0000e+00   1.8980e-02   2.7503e+02
20260918_18:00:00   1.7876e-01   4.7556e+01   2.1706e+01   1.5286e-04   9.8266e-02   2.7524e+02
20260918_19:00:00   1.8080e-01   4.7993e+01   2.1951e+01   8.5208e-04   6.2804e-02   2.7502e+02
20260918_20:00:00   4.0230e-01   9.2852e+01   2.2356e+01   2.4742e-01   8.4091e-02   2.7567e+02
20260918_21:00:00   6.3183e-01   1.2963e+02   2.1300e+01   5.1039e-01   1.2109e-02   2.7511e+02
20260918_22:00:00   8.2701e-01   1.5421e+02   2.2485e+01   7.1896e-01   2.2411e-01   2.7301e+02
20260918_23:00:00   3.9911e-01   9.1722e+01   2.2438e+01   2.3963e-01   3.9081e-01   2.7181e+02
20260919_00:00:00   5.3903e-01   1.1546e+02   2.1011e+01   4.0617e-01   1.3479e-01   2.6959e+02
20260919_01:00:00   3.0463e-01   7.4140e+01   1.9917e+01   1.4614e-01   1.2615e-01   2.6854e+02
20260919_02:00:00   1.6826e-01   4.5292e+01   1.8987e+01   1.7515e-03   5.8473e-03   2.6900e+02
20260919_03:00:00   1.6479e-01   4.4494e+01   1.8699e+01   2.3434e-03   2.7814e-03   2.7047e+02
20260919_04:00:00   1.5649e-01   4.2638e+01   1.7295e+01   3.1561e-03   3.0873e-05   2.7145e+02
20260919_05:00:00   1.4537e-01   4.0086e+01   1.5746e+01   8.3420e-04   1.7414e-06   2.7176e+02
20260919_06:00:00   1.3856e-01   3.8505e+01   1.4761e+01   0.0000e+00   0.0000e+00   2.7154e+02
20260919_07:00:00   1.3526e-01   3.7703e+01   1.4365e+01   0.0000e+00   0.0000e+00   2.7179e+02
20260919_08:00:00   1.2878e-01   3.6123e+01   1.3556e+01   0.0000e+00   0.0000e+00   2.7417e+02
20260919_09:00:00   1.2072e-01   3.4119e+01   1.2613e+01   0.0000e+00   0.0000e+00   2.7469e+02
20260919_10:00:00   1.2113e-01   3.4186e+01   1.2721e+01   0.0000e+00   0.0000e+00   2.7618e+02
20260919_11:00:00   1.2798e-01   3.5795e+01   1.3787e+01   0.0000e+00   0.0000e+00   2.7757e+02
20260919_12:00:00   1.3378e-01   3.7129e+01   1.4820e+01   0.0000e+00   4.1480e-04   2.7861e+02
20260919_13:00:00   1.3475e-01   3.7404e+01   1.4685e+01   0.0000e+00   1.6254e-05   2.7981e+02
20260919_14:00:00   1.3296e-01   3.6966e+01   1.4482e+01   0.0000e+00   3.7960e-04   2.8024e+02
20260919_15:00:00   1.3397e-01   3.7273e+01   1.4280e+01   0.0000e+00   1.2868e-05   2.8235e+02
20260919_16:00:00   1.3473e-01   3.7511e+01   1.4206e+01   0.0000e+00   0.0000e+00   2.8261e+02
20260919_17:00:00   1.3278e-01   3.7065e+01   1.4057e+01   0.0000e+00   0.0000e+00   2.8229e+02
20260919_18:00:00   1.3572e-01   3.7723e+01   1.4693e+01   0.0000e+00   0.0000e+00   2.8215e+02
20260919_19:00:00   1.4296e-01   3.9354e+01   1.5606e+01   3.4220e-03   5.6020e-04   2.8203e+02
20260919_20:00:00   1.7876e-01   4.7352e+01   1.5769e+01   4.5895e-02   2.1763e-02   2.8235e+02
20260919_21:00:00   2.6577e-01   6.5826e+01   1.5899e+01   1.4415e-01   1.2652e-01   2.7947e+02
20260919_22:00:00   2.2550e-01   5.7609e+01   1.6546e+01   9.0926e-02   5.8218e-02   2.7524e+02
20260919_23:00:00   2.8136e-01   6.9339e+01   1.7457e+01   1.4531e-01   1.2073e-01   2.7226e+02
20260920_00:00:00   2.0815e-01   5.3940e+01   1.6781e+01   6.9273e-02   8.6318e-02   2.7080e+02
20260920_01:00:00   1.6964e-01   4.5287e+01   1.4991e+01   4.1017e-02   9.0173e-02   2.7081e+02
20260920_02:00:00   1.4142e-01   3.8821e+01   1.3048e+01   2.4040e-02   3.3884e-02   2.7028e+02
20260920_03:00:00   1.1322e-01   3.2202e+01   1.1915e+01   2.7640e-04   1.0258e-04   2.6970e+02
20260920_04:00:00   1.0750e-01   3.0823e+01   1.0988e+01   0.0000e+00   0.0000e+00   2.7221e+02
20260920_05:00:00   1.0361e-01   2.9850e+01   1.0394e+01   0.0000e+00   0.0000e+00   2.7367e+02
20260920_06:00:00   9.9669e-02   2.8841e+01   9.8277e+00   0.0000e+00   0.0000e+00   2.7289e+02
20260920_07:00:00   9.4986e-02   2.7637e+01   9.1740e+00   0.0000e+00   0.0000e+00   2.7196e+02
20260920_08:00:00   9.0328e-02   2.6442e+01   8.4871e+00   0.0000e+00   0.0000e+00   2.7115e+02
20260920_09:00:00   8.6747e-02   2.5519e+01   7.9544e+00   0.0000e+00   0.0000e+00   2.7045e+02
20260920_10:00:00   8.4737e-02   2.4993e+01   7.6632e+00   0.0000e+00   0.0000e+00   2.7163e+02
20260920_11:00:00   8.5884e-02   2.5263e+01   7.8494e+00   0.0000e+00   0.0000e+00   2.7278e+02
20260920_12:00:00   8.7086e-02   2.5560e+01   8.0073e+00   0.0000e+00   0.0000e+00   2.7139e+02
20260920_13:00:00   8.6838e-02   2.5491e+01   7.9314e+00   0.0000e+00   0.0000e+00   2.6986e+02
20260920_14:00:00   8.4150e-02   2.4816e+01   7.5074e+00   0.0000e+00   0.0000e+00   2.6949e+02
20260920_15:00:00   8.1895e-02   2.4239e+01   7.1870e+00   0.0000e+00   7.9360e-06   2.6943e+02
20260920_16:00:00   8.0622e-02   2.3918e+01   7.0588e+00   0.0000e+00   2.5900e-04   2.6724e+02
20260920_17:00:00   7.9803e-02   2.3704e+01   7.0091e+00   0.0000e+00   0.0000e+00   2.6573e+02
20260920_18:00:00   7.7428e-02   2.3092e+01   6.7929e+00   0.0000e+00   0.0000e+00   2.6577e+02
20260920_19:00:00   7.9315e-02   2.3548e+01   7.2433e+00   0.0000e+00   1.9626e-04   2.6621e+02
20260920_20:00:00   8.1442e-02   2.4085e+01   7.7040e+00   0.0000e+00   2.3896e-03   2.6431e+02
20260920_21:00:00   8.7018e-02   2.5515e+01   8.6595e+00   0.0000e+00   5.6037e-03   2.6159e+02
20260920_22:00:00   9.3464e-02   2.7139e+01   9.6872e+00   0.0000e+00   2.7102e-03   2.6146e+02
20260920_23:00:00   9.6899e-02   2.7998e+01   1.0183e+01   0.0000e+00   1.7738e-03   2.6189e+02
20260921_00:00:00   9.8357e-02   2.8353e+01   1.0382e+01   0.0000e+00   4.7696e-04   2.6028e+02
20260921_01:00:00   9.8468e-02   2.8362e+01   1.0454e+01   0.0000e+00   3.8642e-05   2.5963e+02
20260921_02:00:00   9.7729e-02   2.8158e+01   1.0324e+01   0.0000e+00   5.5772e-03   2.6007e+02
20260921_03:00:00   9.1680e-02   2.6669e+01   9.4017e+00   0.0000e+00   8.8173e-03   2.6065e+02
20260921_04:00:00   9.0057e-02   2.6255e+01   9.1132e+00   0.0000e+00   7.3497e-03   2.6070e+02
20260921_05:00:00   9.0859e-02   2.6434e+01   9.1966e+00   0.0000e+00   1.2588e-02   2.6063e+02
20260921_06:00:00   9.0906e-02   2.6435e+01   9.1960e+00   0.0000e+00   1.2166e-02   2.6078e+02
20260921_07:00:00   8.9781e-02   2.6166e+01   8.9698e+00   0.0000e+00   7.7800e-03   2.5992e+02
20260921_08:00:00   9.0362e-02   2.6287e+01   9.1117e+00   0.0000e+00   7.0321e-03   2.6057e+02
20260921_09:00:00   9.0894e-02   2.6383e+01   9.2632e+00   0.0000e+00   9.2689e-03   2.6194e+02
20260921_10:00:00   9.1185e-02   2.6449e+01   9.3029e+00   0.0000e+00   8.0138e-03   2.6164e+02
20260921_11:00:00   9.2603e-02   2.6787e+01   9.5350e+00   0.0000e+00   8.9416e-03   2.6075e+02
20260921_12:00:00   9.2789e-02   2.6830e+01   9.5377e+00   0.0000e+00   9.1079e-03   2.6209e+02
20260921_13:00:00   9.3600e-02   2.7026e+01   9.6483e+00   0.0000e+00   9.6443e-03   2.6378e+02
20260921_14:00:00   9.3494e-02   2.6984e+01   9.6513e+00   0.0000e+00   3.9747e-02   2.6447e+02
20260921_15:00:00   9.4456e-02   2.7221e+01   9.8215e+00   0.0000e+00   1.9173e-02   2.6376e+02
20260921_16:00:00   9.6410e-02   2.7721e+01   1.0118e+01   0.0000e+00   2.0317e-02   2.6284e+02
20260921_17:00:00   9.9951e-02   2.8625e+01   1.0608e+01   0.0000e+00   2.6484e-02   2.6186e+02
20260921_18:00:00   1.0467e-01   2.9805e+01   1.1301e+01   0.0000e+00   4.5131e-02   2.6314e+02
20260921_19:00:00   1.0773e-01   3.0569e+01   1.1856e+01   0.0000e+00   3.1423e-02   2.6293e+02
20260921_20:00:00   1.1307e-01   3.1874e+01   1.2795e+01   0.0000e+00   3.7110e-02   2.6110e+02
20260921_21:00:00   1.1995e-01   3.3540e+01   1.3887e+01   0.0000e+00   2.7703e-02   2.6150e+02
20260921_22:00:00   1.2293e-01   3.4277e+01   1.4377e+01   0.0000e+00   3.7341e-02   2.6249e+02
20260921_23:00:00   1.2434e-01   3.4632e+01   1.4571e+01   1.4008e-04   3.7112e-02   2.6359e+02
20260922_00:00:00   1.3151e-01   3.6312e+01   1.5126e+01   4.3080e-03   5.9152e-02   2.6432e+02
20260922_01:00:00   1.5031e-01   4.0646e+01   1.5118e+01   2.5620e-02   1.1361e-01   2.6429e+02
20260922_02:00:00   1.3145e-01   3.6272e+01   1.4984e+01   5.7680e-03   5.5842e-02   2.6362e+02
20260922_03:00:00   1.2801e-01   3.5478e+01   1.4730e+01   3.3320e-03   1.8624e-02   2.6389e+02
20260922_04:00:00   1.2490e-01   3.4758e+01   1.4308e+01   1.7226e-03   1.5795e-02   2.6483e+02
20260922_05:00:00   1.2098e-01   3.3817e+01   1.3847e+01   1.7062e-04   1.2371e-02   2.6600e+02
20260922_06:00:00   1.1569e-01   3.2539e+01   1.3059e+01   0.0000e+00   6.4877e-03   2.6701e+02
20260922_07:00:00   1.1395e-01   3.2138e+01   1.2635e+01   0.0000e+00   5.2780e-03   2.6784e+02
20260922_08:00:00   1.1602e-01   3.2659e+01   1.2748e+01   0.0000e+00   6.4849e-03   2.6804e+02
20260922_09:00:00   1.1492e-01   3.2406e+01   1.2510e+01   0.0000e+00   2.0280e-03   2.6864e+02
20260922_10:00:00   1.1393e-01   3.2181e+01   1.2307e+01   0.0000e+00   3.8700e-06   2.6940e+02
20260922_11:00:00   1.2283e-01   3.4330e+01   1.3535e+01   0.0000e+00   0.0000e+00   2.6920e+02
20260922_12:00:00   1.2742e-01   3.5437e+01   1.4053e+01   2.5480e-05   0.0000e+00   2.7132e+02
20260922_13:00:00   1.3180e-01   3.6480e+01   1.4524e+01   5.3500e-04   1.0192e-05   2.7155e+02
20260922_14:00:00   1.8811e-01   4.9225e+01   1.5773e+01   5.4400e-02   5.4627e-04   2.7161e+02
20260922_15:00:00   2.2262e-01   5.6716e+01   1.6375e+01   8.7232e-02   9.1254e-04   2.7149e+02
20260922_16:00:00   2.6491e-01   6.5659e+01   1.6874e+01   1.2910e-01   3.5320e-02   2.7005e+02
20260922_17:00:00   1.5055e-01   4.0956e+01   1.5960e+01   6.5776e-03   2.1169e-03   2.7017e+02
20260922_18:00:00   3.1074e-01   7.5046e+01   1.6861e+01   1.8022e-01   4.3962e-03   2.6923e+02
20260922_21:00:00   4.4536e-01   9.9842e+01   2.0617e+01   3.0358e-01   1.7040e-01   2.6483e+02
20260923_00:00:00   3.2385e-01   7.7818e+01   1.9849e+01   1.7141e-01   6.7656e-02   2.6440e+02
20260923_03:00:00   1.8476e-01   4.8718e+01   1.9655e+01   1.7822e-02   8.9437e-02   2.6418e+02
20260923_06:00:00   2.4862e-01   6.2522e+01   2.0217e+01   7.9500e-02   3.9082e-03   2.6780e+02
20260923_09:00:00   1.9316e-01   5.0667e+01   1.9141e+01   2.2325e-02   6.3879e-03   2.6848e+02
20260923_12:00:00   1.7730e-01   4.7123e+01   1.8696e+01   7.8840e-03   2.6707e-03   2.6884e+02
20260923_15:00:00   1.6785e-01   4.5047e+01   1.7438e+01   6.2860e-03   5.4547e-03   2.6969e+02
20260923_18:00:00   1.7035e-01   4.5641e+01   1.9239e+01   0.0000e+00   6.2307e-03   2.6792e+02
20260923_21:00:00   1.8578e-01   4.9113e+01   2.1806e+01   8.0739e-04   4.7544e-02   2.7010e+02
20260924_00:00:00   1.8658e-01   4.9272e+01   2.2148e+01   1.9840e-06   1.3145e-01   2.7009e+02
20260924_03:00:00   1.8006e-01   4.7739e+01   2.1527e+01   9.3420e-05   1.2138e-01   2.6910e+02
20260924_06:00:00   1.8518e-01   4.8810e+01   2.2189e+01   3.3972e-05   1.5695e-01   2.7022e+02
20260924_09:00:00   2.1433e-01   5.5130e+01   2.2936e+01   2.5044e-02   3.2443e-01   2.6964e+02
20260924_12:00:00   2.6549e-01   6.6062e+01   2.3899e+01   7.1823e-02   4.4094e-01   2.6861e+02
20260924_15:00:00   5.1906e-01   1.1247e+02   2.4277e+01   3.5259e-01   7.0056e-01   2.6749e+02
20260924_18:00:00   7.0138e-01   1.3907e+02   2.4721e+01   5.5245e-01   9.2214e-01   2.6798e+02
20260924_21:00:00   4.0081e-01   9.2290e+01   2.3996e+01   2.2070e-01   3.1967e-01   2.6677e+02
20260925_00:00:00   6.1233e-01   1.2705e+02   2.1883e+01   4.7401e-01   2.4133e-02   2.6974e+02
20260925_03:00:00   1.8750e-01   4.9589e+01   1.9642e+01   1.2635e-02   0.0000e+00   2.7235e+02
20260925_06:00:00   1.9195e-01   5.0693e+01   1.9359e+01   2.0978e-02   2.0720e-04   2.7084e+02
20260925_09:00:00   1.8029e-01   4.8013e+01   1.9282e+01   5.0487e-03   0.0000e+00   2.7407e+02
20260925_12:00:00   1.7506e-01   4.6791e+01   1.8753e+01   2.0932e-03   3.1712e-03   2.7523e+02
20260925_15:00:00   1.7262e-01   4.6259e+01   1.7974e+01   4.2159e-03   1.6266e-03   2.7441e+02
20260925_18:00:00   1.6428e-01   4.4486e+01   1.6782e+01   6.0860e-03   0.0000e+00   2.7746e+02
20260925_21:00:00   3.4753e-01   8.3290e+01   1.7359e+01   2.1339e-01   0.0000e+00   2.7356e+02
20260926_00:00:00   3.3890e-01   8.1123e+01   1.7997e+01   2.0117e-01   2.4401e-03   2.7008e+02
20260926_03:00:00   2.2733e-01   5.8513e+01   1.7659e+01   7.3230e-02   2.2869e-04   2.6996e+02
20260926_06:00:00   1.5431e-01   4.2217e+01   1.6296e+01   1.7680e-03   7.1420e-06   2.7068e+02
20260926_09:00:00   1.4791e-01   4.0647e+01   1.5511e+01   5.8520e-04   1.5872e-06   2.7154e+02
20260926_12:00:00   1.3994e-01   3.8700e+01   1.4542e+01   5.7540e-05   7.9360e-07   2.7059e+02
20260926_15:00:00   1.3517e-01   3.7529e+01   1.3924e+01   0.0000e+00   0.0000e+00   2.7413e+02
20260926_18:00:00   1.2343e-01   3.4765e+01   1.2703e+01   0.0000e+00   0.0000e+00   2.7279e+02
20260926_21:00:00   1.2963e-01   3.6207e+01   1.4160e+01   5.0320e-04   3.8380e-05   2.7376e+02
20260927_00:00:00   1.6539e-01   4.4460e+01   1.5515e+01   3.3998e-02   1.8480e-02   2.7571e+02
20260927_03:00:00   1.6417e-01   4.4277e+01   1.6095e+01   2.3480e-02   5.3860e-03   2.7535e+02
20260927_06:00:00   2.2465e-01   5.7608e+01   1.6276e+01   8.8098e-02   5.2701e-04   2.7725e+02
20260927_09:00:00   1.7408e-01   4.6469e+01   1.5170e+01   4.0292e-02   2.0354e-04   2.7753e+02
20260927_12:00:00   1.3445e-01   3.7359e+01   1.4404e+01   5.6520e-04   2.2279e-05   2.7507e+02
20260927_15:00:00   1.3386e-01   3.7217e+01   1.3838e+01   3.2022e-03   1.0462e-05   2.7270e+02
20260927_18:00:00   1.2753e-01   3.5759e+01   1.3472e+01   1.1308e-04   1.8164e-05   2.7501e+02
20260927_21:00:00   1.3584e-01   3.7734e+01   1.4300e+01   7.3520e-03   1.4238e-04   2.7212e+02
20260928_00:00:00   1.3997e-01   3.8692e+01   1.4330e+01   1.3135e-02   5.7840e-04   2.7042e+02
20260928_03:00:00   1.8656e-01   4.9281e+01   1.5936e+01   5.2034e-02   1.2801e-02   2.6802e+02
20260928_06:00:00   2.5212e-01   6.3395e+01   1.5922e+01   1.2374e-01   3.8680e-03   2.6754e+02
20260928_09:00:00   2.9719e-01   7.2509e+01   1.6003e+01   1.7236e-01   2.0097e-03   2.6621e+02
20260928_12:00:00   2.0045e-01   5.2299e+01   1.5603e+01   6.5804e-02   2.2279e-03   2.6596e+02
20260928_15:00:00   1.3028e-01   3.6341e+01   1.3795e+01   3.4060e-03   5.6520e-05   2.6682e+02
20260928_18:00:00   1.4926e-01   4.0786e+01   1.5356e+01   1.4350e-02   1.8522e-04   2.6607e+02
20260928_21:00:00   1.3630e-01   3.7839e+01   1.5578e+01   1.2656e-03   9.8560e-04   2.6390e+02
20260929_00:00:00   1.8798e-01   4.9664e+01   1.6450e+01   5.3636e-02   1.1770e-02   2.6267e+02
20260929_03:00:00   1.6093e-01   4.3625e+01   1.6309e+01   2.1820e-02   1.5616e-03   2.6307e+02
20260929_06:00:00   1.3769e-01   3.8222e+01   1.5194e+01   4.1060e-03   7.6080e-05   2.6534e+02
20260929_09:00:00   1.2456e-01   3.5063e+01   1.3752e+01   0.0000e+00   0.0000e+00   2.6296e+02
20260929_12:00:00   1.1880e-01   3.3553e+01   1.3106e+01   0.0000e+00   0.0000e+00   2.6151e+02
20260929_15:00:00   1.1505e-01   3.2609e+01   1.2651e+01   0.0000e+00   0.0000e+00   2.6291e+02
20260929_18:00:00   1.1757e-01   3.3302e+01   1.3137e+01   0.0000e+00   0.0000e+00   2.6277e+02
20260929_21:00:00   1.2346e-01   3.4718e+01   1.4363e+01   0.0000e+00   3.3581e-03   2.6244e+02
20260930_00:00:00   1.4436e-01   3.9641e+01   1.5398e+01   1.6488e-02   3.2148e-02   2.6083e+02
20260930_03:00:00   1.3348e-01   3.7192e+01   1.5683e+01   0.0000e+00   3.2560e-03   2.6266e+02
20260930_06:00:00   1.4099e-01   3.8947e+01   1.6797e+01   0.0000e+00   2.3025e-03   2.6208e+02
20260930_09:00:00   1.4533e-01   3.9916e+01   1.7524e+01   0.0000e+00   2.5526e-03   2.6126e+02
20260930_12:00:00   1.4343e-01   3.9444e+01   1.7156e+01   0.0000e+00   1.2786e-03   2.5981e+02
20260930_15:00:00   1.4859e-01   4.0653e+01   1.7737e+01   0.0000e+00   1.3437e-03   2.6072e+02
20260930_18:00:00   1.5408e-01   4.1970e+01   1.8210e+01   3.1260e-03   1.6006e-04   2.6142e+02
20260930_21:00:00   1.8500e-01   4.8870e+01   1.8323e+01   3.9661e-02   3.7376e-02   2.6212e+02
20261001_00:00:00   2.1063e-01   5.4735e+01   2.0299e+01   4.9287e-02   1.1624e-02   2.6164e+02
20261001_03:00:00   2.2008e-01   5.6695e+01   2.0106e+01   6.0356e-02   3.8303e-04   2.6187e+02
20261001_06:00:00   2.4922e-01   6.2799e+01   1.9611e+01   9.6611e-02   4.6160e-04   2.6246e+02
20261001_09:00:00   1.5406e-01   4.1854e+01   1.8161e+01   2.4780e-03   1.2706e-04   2.6078e+02
20261001_12:00:00   1.3877e-01   3.8213e+01   1.6519e+01   8.7060e-06   1.6642e-06   2.6185e+02
20261001_15:00:00   1.2670e-01   3.5307e+01   1.4844e+01   0.0000e+00   0.0000e+00   2.6111e+02
20261001_18:00:00   1.2057e-01   3.3900e+01   1.4008e+01   0.0000e+00   0.0000e+00   2.6138e+02
20261001_21:00:00   1.2639e-01   3.5340e+01   1.4876e+01   0.0000e+00   4.9860e-05   2.6200e+02
20261002_00:00:00   2.0702e-01   5.3722e+01   1.6519e+01   7.6380e-02   2.6698e-03   2.6235e+02
20261002_03:00:00   1.3728e-01   3.8022e+01   1.5950e+01   7.9360e-06   6.3480e-06   2.6455e+02
20261002_06:00:00   1.2784e-01   3.5703e+01   1.4840e+01   0.0000e+00   0.0000e+00   2.6572e+02
20261002_09:00:00   1.3520e-01   3.7447e+01   1.5574e+01   0.0000e+00   0.0000e+00   2.6471e+02
20261002_12:00:00   1.4268e-01   3.9136e+01   1.6747e+01   0.0000e+00   1.3568e-02   2.6484e+02
20261002_15:00:00   1.5307e-01   4.1484e+01   1.8476e+01   0.0000e+00   7.3917e-02   2.6700e+02
20261002_18:00:00   1.6841e-01   4.5103e+01   2.0557e+01   0.0000e+00   4.2376e-02   2.6643e+02
20261002_21:00:00   1.7418e-01   4.6493e+01   2.0801e+01   4.3262e-03   1.0669e-01   2.6761e+02
20261003_00:00:00   1.7387e-01   4.6579e+01   2.0510e+01   1.9108e-03   1.5536e-04   2.6891e+02
20261003_03:00:00   2.5494e-01   6.4094e+01   2.0437e+01   8.9458e-02   2.8220e-03   2.7000e+02
20261003_06:00:00   1.6993e-01   4.5621e+01   1.9735e+01   0.0000e+00   1.9840e-06   2.6936e+02
20261003_09:00:00   1.6515e-01   4.4462e+01   1.9161e+01   0.0000e+00   7.5703e-04   2.6962e+02
20261003_12:00:00   1.6563e-01   4.4576e+01   1.8821e+01   0.0000e+00   3.3980e-06   2.6836e+02
20261003_15:00:00   1.6493e-01   4.4423e+01   1.8607e+01   0.0000e+00   7.6440e-06   2.6641e+02
20261003_18:00:00   2.1658e-01   5.6154e+01   1.7769e+01   6.4380e-02   3.6680e-05   2.6364e+02
