#            date       tau255        Tb[K]      pwv[mm] lwp[kg*m^-2] iwp[kg*m^-2]       o3[DU]
20260912_12:00:00   1.6475e-01   4.4436e+01   2.0580e+01   0.0000e+00   3.8031e-03   2.7953e+02
20260912_13:00:00   1.6819e-01   4.5267e+01   2.0836e+01   0.0000e+00   5.7562e-04   2.7930e+02
20260912_14:00:00   1.7145e-01   4.6058e+01   2.1044e+01   0.0000e+00   6.6399e-04   2.7984e+02
20260912_15:00:00   1.7755e-01   4.7496e+01   2.1544e+01   0.0000e+00   3.5899e-04   2.8011e+02
20260912_16:00:00   1.8087e-01   4.8331e+01   2.1890e+01   0.0000e+00   0.0000e+00   2.7919e+02
20260912_17:00:00   1.8359e-01   4.9041e+01   2.2157e+01   0.0000e+00   7.7400e-06   2.7769e+02
20260912_18:00:00   1.8399e-01   4.9212e+01   2.2226e+01   0.0000e+00   0.0000e+00   2.7768e+02
20260912_19:00:00   1.8272e-01   4.8954e+01   2.2195e+01   0.0000e+00   0.0000e+00   2.7952e+02
20260912_20:00:00   1.8129e-01   4.8654e+01   2.2150e+01   1.2842e-04   0.0000e+00   2.7753e+02
20260912_21:00:00   1.9737e-01   5.2238e+01   2.1716e+01   2.3380e-02   1.2946e-04   2.7598e+02
20260912_22:00:00   1.9602e-01   5.1935e+01   2.1192e+01   2.7260e-02   1.5742e-04   2.7614e+02
20260912_23:00:00   1.8976e-01   5.0481e+01   2.1641e+01   1.7552e-02   2.7433e-03   2.7690e+02
20260913_00:00:00   1.8046e-01   4.8439e+01   2.1318e+01   1.1088e-02   6.2813e-02   2.7836e+02
20260913_01:00:00   1.9600e-01   5.1955e+01   2.1546e+01   2.6900e-02   4.7186e-02   2.7821e+02
20260913_02:00:00   3.8223e-01   8.9301e+01   2.3536e+01   2.1779e-01   5.2446e-03   2.7669e+02
20260913_03:00:00   3.4790e-01   8.2854e+01   2.4053e+01   1.7402e-01   2.3902e-02   2.7659e+02
20260913_04:00:00   2.6819e-01   6.7220e+01   2.3794e+01   8.6880e-02   6.8460e-03   2.7654e+02
20260913_05:00:00   2.2598e-01   5.8383e+01   2.3068e+01   4.5559e-02   2.3202e-03   2.7504e+02
20260913_06:00:00   1.8421e-01   4.9163e+01   2.2560e+01   3.5577e-03   3.0572e-04   2.7389e+02
20260913_07:00:00   1.7638e-01   4.7352e+01   2.1993e+01   4.2000e-04   1.8940e-05   2.7506e+02
20260913_08:00:00   1.7503e-01   4.7033e+01   2.1896e+01   0.0000e+00   4.2736e-04   2.7523e+02
20260913_09:00:00   1.7528e-01   4.7092e+01   2.1933e+01   0.0000e+00   3.0072e-04   2.7392e+02
20260913_10:00:00   1.7554e-01   4.7143e+01   2.1960e+01   0.0000e+00   0.0000e+00   2.7470e+02
20260913_11:00:00   1.7496e-01   4.7004e+01   2.1855e+01   0.0000e+00   0.0000e+00   2.7488e+02
20260913_12:00:00   1.7522e-01   4.7063e+01   2.1793e+01   0.0000e+00   0.0000e+00   2.7499e+02
20260913_13:00:00   1.7172e-01   4.6274e+01   2.1303e+01   0.0000e+00   0.0000e+00   2.7615e+02
20260913_14:00:00   1.6991e-01   4.5860e+01   2.1036e+01   0.0000e+00   0.0000e+00   2.7592e+02
20260913_15:00:00   1.6660e-01   4.5109e+01   2.0548e+01   0.0000e+00   0.0000e+00   2.7454e+02
20260913_16:00:00   1.6424e-01   4.4613e+01   2.0224e+01   0.0000e+00   0.0000e+00   2.7458e+02
20260913_17:00:00   1.5869e-01   4.3351e+01   1.9586e+01   0.0000e+00   0.0000e+00   2.7548e+02
20260913_18:00:00   1.5716e-01   4.2967e+01   1.9446e+01   6.5300e-06   0.0000e+00   2.7707e+02
20260913_19:00:00   1.5968e-01   4.3563e+01   1.9829e+01   1.0390e-04   2.2915e-05   2.7643e+02
20260913_20:00:00   1.6987e-01   4.5880e+01   2.0172e+01   9.9710e-03   6.6477e-04   2.7463e+02
20260913_21:00:00   3.1834e-01   7.7031e+01   2.0482e+01   1.7468e-01   1.8182e-02   2.7408e+02
20260913_22:00:00   6.6004e-01   1.3345e+02   2.2032e+01   5.4459e-01   9.9029e-02   2.7484e+02
20260913_23:00:00   2.5506e-01   6.4374e+01   2.1903e+01   8.9539e-02   8.2432e-02   2.7466e+02
20260914_00:00:00   1.8875e-01   5.0253e+01   2.0221e+01   2.9651e-02   3.3064e-02   2.7484e+02
20260914_01:00:00   2.4419e-01   6.2372e+01   2.0883e+01   8.5358e-02   7.2921e-03   2.7497e+02
20260914_02:00:00   2.0541e-01   5.4136e+01   2.1909e+01   2.8939e-02   5.8106e-03   2.7421e+02
20260914_03:00:00   1.8306e-01   4.9224e+01   2.1791e+01   3.4200e-03   1.4795e-03   2.7406e+02
20260914_04:00:00   1.8198e-01   4.8948e+01   2.1999e+01   5.3240e-04   6.4510e-04   2.7665e+02
20260914_05:00:00   1.7907e-01   4.8234e+01   2.1772e+01   0.0000e+00   8.3867e-04   2.7618e+02
20260914_06:00:00   1.7839e-01   4.8046e+01   2.1718e+01   0.0000e+00   3.3918e-03   2.7806e+02
20260914_07:00:00   1.8376e-01   4.9181e+01   2.2544e+01   0.0000e+00   1.1881e-02   2.7918e+02
20260914_08:00:00   1.8859e-01   5.0195e+01   2.3459e+01   0.0000e+00   1.7238e-02   2.8075e+02
20260914_09:00:00   1.9738e-01   5.2098e+01   2.4657e+01   0.0000e+00   2.5348e-02   2.8052e+02
20260914_10:00:00   1.9589e-01   5.1758e+01   2.4473e+01   0.0000e+00   1.6933e-02   2.8014e+02
20260914_11:00:00   1.9412e-01   5.1338e+01   2.4170e+01   0.0000e+00   1.4279e-02   2.7944e+02
20260914_12:00:00   1.9635e-01   5.1846e+01   2.4261e+01   1.9840e-06   2.6693e-02   2.7960e+02
20260914_13:00:00   1.9574e-01   5.1697e+01   2.4157e+01   0.0000e+00   4.2975e-02   2.7923e+02
20260914_14:00:00   1.9452e-01   5.1407e+01   2.4057e+01   0.0000e+00   7.9640e-02   2.7899e+02
20260914_15:00:00   1.9350e-01   5.1150e+01   2.4012e+01   0.0000e+00   9.7276e-02   2.7785e+02
20260914_16:00:00   1.9695e-01   5.1922e+01   2.4499e+01   0.0000e+00   6.9983e-02   2.7792e+02
20260914_17:00:00   2.0398e-01   5.3532e+01   2.5284e+01   0.0000e+00   1.9661e-02   2.7800e+02
20260914_18:00:00   2.1709e-01   5.6490e+01   2.5878e+01   9.2677e-03   2.2859e-02   2.7625e+02
20260914_19:00:00   3.1186e-01   7.6440e+01   2.6375e+01   1.1457e-01   2.5956e-02   2.7589e+02
20260914_20:00:00   5.0355e-01   1.1063e+02   2.6192e+01   3.3355e-01   6.3081e-02   2.7458e+02
20260914_21:00:00   8.9691e-01   1.6364e+02   2.7660e+01   7.5905e-01   3.9845e-01   2.7517e+02
20260914_22:00:00   8.9233e-01   1.6302e+02   2.8458e+01   7.4259e-01   2.9449e-01   2.7591e+02
20260914_23:00:00   4.3345e-01   9.8453e+01   2.7747e+01   2.2934e-01   3.3421e-01   2.7867e+02
20260915_00:00:00   3.9355e-01   9.1426e+01   2.6820e+01   1.9530e-01   5.8827e-02   2.7895e+02
20260915_01:00:00   2.2223e-01   5.7486e+01   2.5072e+01   2.1159e-02   3.3428e-03   2.7730e+02
20260915_02:00:00   1.9444e-01   5.1363e+01   2.4217e+01   0.0000e+00   1.6247e-03   2.7884e+02
20260915_03:00:00   1.9273e-01   5.0949e+01   2.4024e+01   0.0000e+00   1.6324e-02   2.7933e+02
20260915_04:00:00   2.0425e-01   5.3397e+01   2.5309e+01   4.1906e-04   9.2415e-02   2.7954e+02
20260915_05:00:00   2.0555e-01   5.3707e+01   2.5076e+01   5.0923e-03   8.6533e-02   2.8014e+02
20260915_06:00:00   2.4313e-01   6.1820e+01   2.5767e+01   3.8423e-02   8.4469e-02   2.7999e+02
20260915_07:00:00   3.6597e-01   8.6309e+01   2.6147e+01   1.7132e-01   1.7176e-01   2.7987e+02
20260915_08:00:00   3.4548e-01   8.2418e+01   2.6851e+01   1.3863e-01   4.5271e-01   2.8068e+02
20260915_09:00:00   2.7208e-01   6.7863e+01   2.6262e+01   6.2348e-02   6.9865e-01   2.8219e+02
20260915_10:00:00   3.3331e-01   8.0012e+01   2.5909e+01   1.3492e-01   9.2894e-01   2.8101e+02
20260915_11:00:00   2.0444e-01   5.3193e+01   2.5025e+01   2.7320e-04   7.3379e-01   2.8227e+02
20260915_12:00:00   2.0151e-01   5.2605e+01   2.4888e+01   0.0000e+00   4.0531e-01   2.8371e+02
20260915_13:00:00   2.0648e-01   5.3737e+01   2.5110e+01   2.7520e-03   2.3150e-01   2.8390e+02
20260915_14:00:00   3.1909e-01   7.7396e+01   2.5549e+01   1.2666e-01   1.2831e-01   2.8362e+02
20260915_15:00:00   2.6656e-01   6.6727e+01   2.5821e+01   6.2700e-02   1.7242e-01   2.8296e+02
20260915_16:00:00   2.2262e-01   5.7360e+01   2.6102e+01   9.2627e-03   1.8843e-01   2.8245e+02
20260915_17:00:00   2.3133e-01   5.9250e+01   2.5913e+01   2.2168e-02   1.8629e-01   2.8252e+02
20260915_18:00:00   2.8076e-01   6.9580e+01   2.5997e+01   7.6913e-02   3.0610e-01   2.8119e+02
20260915_19:00:00   2.4094e-01   6.1349e+01   2.5732e+01   3.4822e-02   2.2970e-01   2.7915e+02
20260915_20:00:00   2.2003e-01   5.6930e+01   2.5457e+01   1.3620e-02   7.2636e-02   2.7970e+02
20260915_21:00:00   2.4988e-01   6.3406e+01   2.4804e+01   5.4618e-02   1.5964e-02   2.7899e+02
20260915_22:00:00   3.6874e-01   8.6989e+01   2.5291e+01   1.8663e-01   1.4042e-01   2.7881e+02
20260915_23:00:00   7.9597e-01   1.5226e+02   2.6792e+01   6.5120e-01   1.8616e-01   2.7949e+02
20260916_00:00:00   6.5540e-01   1.3336e+02   2.6477e+01   4.9398e-01   2.1296e-01   2.7952e+02
20260916_01:00:00   5.4358e-01   1.1696e+02   2.5660e+01   3.7606e-01   4.1903e-02   2.7871e+02
20260916_02:00:00   4.3603e-01   9.8919e+01   2.6195e+01   2.4989e-01   3.1540e-01   2.7896e+02
20260916_03:00:00   2.2414e-01   5.7692e+01   2.5643e+01   1.5337e-02   5.6298e-01   2.7920e+02
20260916_04:00:00   2.3006e-01   5.8898e+01   2.4636e+01   3.4366e-02   8.6624e-02   2.7854e+02
20260916_05:00:00   2.0078e-01   5.2635e+01   2.4729e+01   1.6980e-03   4.0883e-02   2.7940e+02
20260916_06:00:00   1.9705e-01   5.1791e+01   2.4503e+01   0.0000e+00   8.4836e-02   2.7979e+02
20260916_07:00:00   1.9988e-01   5.2413e+01   2.4638e+01   6.0963e-04   8.3818e-02   2.8168e+02
20260916_08:00:00   2.0301e-01   5.3127e+01   2.4798e+01   1.4319e-03   4.5312e-02   2.8067e+02
20260916_09:00:00   2.1349e-01   5.5432e+01   2.4812e+01   1.1240e-02   5.7542e-02   2.7899e+02
20260916_10:00:00   2.5838e-01   6.4948e+01   2.4836e+01   5.9901e-02   9.0720e-02   2.7886e+02
20260916_11:00:00   2.5893e-01   6.5116e+01   2.5131e+01   5.6579e-02   1.3682e-01   2.8097e+02
20260916_12:00:00   2.3918e-01   6.0941e+01   2.5466e+01   3.1617e-02   1.1276e-01   2.8032e+02
20260916_13:00:00   2.2082e-01   5.7041e+01   2.5484e+01   1.0506e-02   2.7238e-01   2.8050e+02
20260916_14:00:00   2.1282e-01   5.5262e+01   2.5631e+01   2.0900e-04   3.1058e-01   2.8108e+02
20260916_15:00:00   2.0947e-01   5.4504e+01   2.5395e+01   0.0000e+00   1.9453e-01   2.8117e+02
20260916_16:00:00   2.0778e-01   5.4128e+01   2.5113e+01   1.5172e-03   8.2692e-02   2.8037e+02
20260916_17:00:00   2.8345e-01   7.0270e+01   2.5491e+01   8.4083e-02   1.9943e-01   2.7956e+02
20260916_18:00:00   2.1898e-01   5.6638e+01   2.5288e+01   1.2885e-02   3.4253e-02   2.7904e+02
20260916_19:00:00   2.1681e-01   5.6188e+01   2.5747e+01   6.2630e-03   4.4116e-03   2.7849e+02
20260916_20:00:00   5.0258e-01   1.1066e+02   2.6847e+01   3.2138e-01   4.6241e-02   2.7889e+02
20260916_21:00:00   8.0395e-01   1.5338e+02   2.7315e+01   6.5890e-01   3.4422e-02   2.7989e+02
20260916_22:00:00   1.3623e+00   2.0497e+02   2.7860e+01   1.2829e+00   1.5870e-01   2.7853e+02
20260916_23:00:00   6.0088e-01   1.2523e+02   2.6882e+01   4.2639e-01   1.5909e-01   2.7670e+02
20260917_00:00:00   3.9116e-01   9.0865e+01   2.6014e+01   1.9858e-01   3.0547e-02   2.7588e+02
20260917_01:00:00   4.1010e-01   9.4321e+01   2.5394e+01   2.2588e-01   1.8797e-02   2.7652e+02
20260917_02:00:00   4.2897e-01   9.7610e+01   2.3990e+01   2.6099e-01   5.7486e-04   2.7718e+02
20260917_03:00:00   3.2674e-01   7.8627e+01   2.3286e+01   1.5464e-01   4.4493e-04   2.7675e+02
20260917_04:00:00   2.1523e-01   5.5701e+01   2.2307e+01   3.7600e-02   2.6162e-04   2.7515e+02
20260917_05:00:00   2.3002e-01   5.8847e+01   2.2354e+01   5.3000e-02   2.4894e-03   2.7531e+02
20260917_06:00:00   2.5637e-01   6.4387e+01   2.2316e+01   8.2288e-02   1.4481e-02   2.7581e+02
20260917_07:00:00   2.0043e-01   5.2401e+01   2.2201e+01   2.1480e-02   7.9259e-03   2.7568e+02
20260917_08:00:00   2.6475e-01   6.6046e+01   2.2990e+01   8.6828e-02   3.4697e-02   2.7579e+02
20260917_09:00:00   2.7906e-01   6.8904e+01   2.3260e+01   1.0096e-01   1.8098e-01   2.7468e+02
20260917_10:00:00   2.0893e-01   5.4182e+01   2.3434e+01   2.0780e-02   6.6968e-02   2.7529e+02
20260917_11:00:00   1.9711e-01   5.1617e+01   2.3782e+01   2.8740e-03   4.5848e-02   2.7570e+02
20260917_12:00:00   1.9300e-01   5.0693e+01   2.3568e+01   5.9600e-04   8.1098e-02   2.7691e+02
20260917_15:00:00   2.4108e-01   6.1192e+01   2.4664e+01   4.1454e-02   4.1238e-02   2.7509e+02
20260917_18:00:00   2.9638e-01   7.2706e+01   2.5260e+01   1.0021e-01   2.6774e-02   2.7703e+02
20260917_21:00:00   7.1194e-01   1.4102e+02   2.6904e+01   5.5452e-01   1.2354e-01   2.7211e+02
20260918_00:00:00   9.5983e-01   1.7115e+02   2.7616e+01   8.3042e-01   6.2587e-02   2.7393e+02
20260918_03:00:00   4.1007e-01   9.4333e+01   2.7069e+01   2.0537e-01   7.4098e-01   2.7879e+02
20260918_06:00:00   5.2803e-01   1.1448e+02   2.6281e+01   3.4906e-01   6.5715e-01   2.7777e+02
20260918_09:00:00   7.4678e-01   1.4532e+02   2.6196e+01   5.9350e-01   7.2208e-01   2.7907e+02
20260918_12:00:00   3.1200e-01   7.5326e+01   2.3466e+01   1.3006e-01   1.1332e-01   2.7918e+02
20260918_15:00:00   1.8029e-01   4.7695e+01   2.1339e+01   1.7310e-03   7.7035e-02   2.8047e+02
20260918_18:00:00   1.6909e-01   4.5294e+01   2.0062e+01   0.0000e+00   8.2823e-02   2.7946e+02
20260918_21:00:00   2.0003e-01   5.2426e+01   1.9990e+01   3.2744e-02   2.8979e-01   2.8059e+02
20260919_00:00:00   2.6851e-01   6.6908e+01   1.9053e+01   1.2108e-01   1.0326e-01   2.7849e+02
20260919_03:00:00   1.4461e-01   3.9747e+01   1.6447e+01   3.3360e-03   6.8433e-03   2.7788e+02
20260919_06:00:00   1.4286e-01   3.9394e+01   1.5772e+01   0.0000e+00   1.0530e-03   2.7899e+02
20260919_09:00:00   1.2353e-01   3.4686e+01   1.3408e+01   0.0000e+00   3.2700e-04   2.7836e+02
20260919_12:00:00   1.2268e-01   3.4435e+01   1.3237e+01   2.1760e-06   3.3980e-05   2.7865e+02
20260919_15:00:00   1.3769e-01   3.8103e+01   1.4427e+01   0.0000e+00   1.5930e-04   2.7706e+02
20260919_18:00:00   1.4858e-01   4.0823e+01   1.5422e+01   5.4960e-04   8.9180e-05   2.7383e+02
20260919_21:00:00   2.4444e-01   6.2268e+01   1.7663e+01   9.4195e-02   8.2927e-03   2.7160e+02
20260920_00:00:00   1.5569e-01   4.2428e+01   1.7062e+01   4.2514e-04   2.8655e-03   2.7398e+02
20260920_03:00:00   1.4521e-01   3.9985e+01   1.5183e+01   0.0000e+00   0.0000e+00   2.7531e+02
20260920_06:00:00   1.3820e-01   3.8223e+01   1.4171e+01   0.0000e+00   0.0000e+00   2.7550e+02
20260920_09:00:00   1.2997e-01   3.6166e+01   1.3114e+01   1.2958e-04   1.0954e-05   2.7372e+02
20260920_12:00:00   1.1440e-01   3.2363e+01   1.1273e+01   0.0000e+00   0.0000e+00   2.7183e+02
20260920_15:00:00   1.1592e-01   3.2697e+01   1.1551e+01   0.0000e+00   0.0000e+00   2.7052e+02
20260920_18:00:00   1.1949e-01   3.3662e+01   1.1952e+01   0.0000e+00   0.0000e+00   2.6961e+02
20260920_21:00:00   1.2196e-01   3.4317e+01   1.2627e+01   1.0670e-05   0.0000e+00   2.6689e+02
20260921_00:00:00   1.2648e-01   3.5352e+01   1.3485e+01   1.9246e-03   1.2410e-04   2.6505e+02
20260921_03:00:00   1.1219e-01   3.1967e+01   1.1609e+01   0.0000e+00   0.0000e+00   2.6479e+02
20260921_06:00:00   1.2003e-01   3.3848e+01   1.2592e+01   0.0000e+00   0.0000e+00   2.6555e+02
20260921_09:00:00   1.0445e-01   3.0057e+01   1.0491e+01   0.0000e+00   0.0000e+00   2.6506e+02
20260921_12:00:00   1.0482e-01   3.0079e+01   1.0633e+01   0.0000e+00   0.0000e+00   2.6370e+02
20260921_15:00:00   9.7537e-02   2.8237e+01   9.6758e+00   0.0000e+00   0.0000e+00   2.6365e+02
20260921_18:00:00   9.8289e-02   2.8456e+01   1.0078e+01   0.0000e+00   0.0000e+00   2.6378e+02
20260921_21:00:00   1.0107e-01   2.9125e+01   1.0991e+01   0.0000e+00   2.1760e-06   2.6372e+02
20260922_00:00:00   1.0565e-01   3.0262e+01   1.1836e+01   0.0000e+00   1.6064e-05   2.6472e+02
20260922_03:00:00   1.0009e-01   2.8920e+01   1.0945e+01   0.0000e+00   8.6610e-05   2.6617e+02
20260922_06:00:00   9.8512e-02   2.8500e+01   1.0630e+01   0.0000e+00   1.9603e-03   2.6766e+02
20260922_09:00:00   9.7226e-02   2.8141e+01   1.0403e+01   0.0000e+00   1.4424e-03   2.6744e+02
20260922_12:00:00   1.0028e-01   2.8907e+01   1.0619e+01   0.0000e+00   4.9460e-05   2.6663e+02
20260922_15:00:00   1.0724e-01   3.0669e+01   1.1398e+01   0.0000e+00   1.7028e-05   2.6743e+02
20260922_18:00:00   1.0929e-01   3.1226e+01   1.1823e+01   0.0000e+00   0.0000e+00   2.6544e+02
20260922_21:00:00   1.0681e-01   3.0532e+01   1.1966e+01   0.0000e+00   0.0000e+00   2.6497e+02
20260923_00:00:00   1.2442e-01   3.4901e+01   1.3967e+01   2.6858e-03   4.7540e-03   2.6559e+02
20260923_03:00:00   1.2545e-01   3.5095e+01   1.4097e+01   8.9280e-04   7.0382e-03   2.6736e+02
20260923_06:00:00   1.2668e-01   3.5320e+01   1.4643e+01   0.0000e+00   1.3740e-03   2.6531e+02
20260923_09:00:00   1.1889e-01   3.3281e+01   1.3805e+01   0.0000e+00   5.0750e-03   2.6352e+02
20260923_12:00:00   1.1413e-01   3.2067e+01   1.3237e+01   0.0000e+00   2.1126e-02   2.6488e+02
20260923_15:00:00   1.1434e-01   3.2146e+01   1.3147e+01   0.0000e+00   7.1916e-03   2.6417e+02
20260923_18:00:00   1.0795e-01   3.0680e+01   1.2187e+01   0.0000e+00   1.8829e-03   2.6291e+02
20260923_21:00:00   1.0275e-01   2.9365e+01   1.1648e+01   0.0000e+00   6.9887e-05   2.6245e+02
20260924_00:00:00   1.0295e-01   2.9500e+01   1.1481e+01   7.6440e-04   6.7940e-06   2.6481e+02
20260924_03:00:00   1.3264e-01   3.6830e+01   1.5441e+01   4.4160e-04   4.1449e-03   2.6669e+02
20260924_06:00:00   1.3755e-01   3.7808e+01   1.6404e+01   5.3180e-04   2.1074e-02   2.6952e+02
20260924_09:00:00   1.4369e-01   3.9045e+01   1.5539e+01   1.5406e-02   7.5541e-03   2.6795e+02
20260924_12:00:00   1.1062e-01   3.1156e+01   1.2904e+01   0.0000e+00   3.8553e-03   2.6749e+02
20260924_15:00:00   1.1306e-01   3.1717e+01   1.3246e+01   0.0000e+00   2.8459e-03   2.6481e+02
20260924_18:00:00   1.2074e-01   3.3613e+01   1.4439e+01   0.0000e+00   1.2948e-03   2.6814e+02
20260924_21:00:00   1.3814e-01   3.7857e+01   1.6711e+01   3.7160e-04   9.1079e-04   2.7034e+02
20260925_00:00:00   1.5997e-01   4.3081e+01   1.7975e+01   9.0726e-03   1.3976e-02   2.7045e+02
20260925_03:00:00   1.5725e-01   4.2496e+01   1.7413e+01   7.7715e-03   6.3036e-03   2.7030e+02
20260925_06:00:00   1.4573e-01   3.9847e+01   1.6675e+01   0.0000e+00   6.3476e-06   2.7189e+02
20260925_09:00:00   1.4264e-01   3.9129e+01   1.6031e+01   0.0000e+00   4.2460e-05   2.7409e+02
20260925_12:00:00   1.4056e-01   3.8684e+01   1.5324e+01   0.0000e+00   0.0000e+00   2.7450e+02
20260925_15:00:00   1.3665e-01   3.7842e+01   1.4135e+01   0.0000e+00   0.0000e+00   2.7565e+02
20260925_18:00:00   1.4900e-01   4.0867e+01   1.4550e+01   1.0912e-02   1.8452e-05   2.7367e+02
20260925_21:00:00   5.7082e-01   1.1972e+02   1.6416e+01   4.7986e-01   1.0728e-01   2.7428e+02
20260926_00:00:00   1.3542e-01   3.7649e+01   1.4687e+01   3.8720e-03   1.7260e-03   2.7573e+02
20260926_03:00:00   1.7338e-01   4.6326e+01   1.6276e+01   3.0752e-02   2.1606e-02   2.7856e+02
20260926_06:00:00   1.5571e-01   4.2223e+01   1.4038e+01   2.8160e-02   2.0216e-04   2.7829e+02
20260926_09:00:00   1.3687e-01   3.7866e+01   1.3835e+01   5.9419e-03   5.4739e-05   2.7650e+02
20260926_12:00:00   1.1971e-01   3.3747e+01   1.2158e+01   0.0000e+00   0.0000e+00   2.7561e+02
20260926_15:00:00   1.2012e-01   3.3912e+01   1.1997e+01   0.0000e+00   0.0000e+00   2.8033e+02
20260926_18:00:00   1.3656e-01   3.7851e+01   1.4782e+01   1.8180e-04   4.9456e-05   2.8011e+02
20260926_21:00:00   2.1553e-01   5.5421e+01   1.5962e+01   8.7257e-02   4.6524e-02   2.7641e+02
20260927_00:00:00   1.9785e-01   5.1666e+01   1.6533e+01   6.0673e-02   2.8918e-02   2.7598e+02
20260927_03:00:00   2.2126e-01   5.6851e+01   1.7585e+01   7.4383e-02   8.1343e-03   2.8118e+02
20260927_06:00:00   2.1266e-01   5.4994e+01   1.7155e+01   6.8435e-02   3.8480e-03   2.7911e+02
20260927_09:00:00   1.5216e-01   4.1509e+01   1.6555e+01   5.2118e-03   4.6317e-05   2.7969e+02
20260927_12:00:00   1.5996e-01   4.3140e+01   1.7872e+01   9.0460e-03   2.3769e-04   2.8447e+02
20260927_15:00:00   1.4413e-01   3.9533e+01   1.6582e+01   0.0000e+00   3.1100e-05   2.8738e+02
20260927_18:00:00   1.4180e-01   3.9098e+01   1.6198e+01   0.0000e+00   0.0000e+00   2.8611e+02
20260927_21:00:00   3.6625e-01   8.5196e+01   1.8929e+01   2.3506e-01   3.7761e-01   2.8626e+02
20260928_00:00:00   1.6017e-01   4.3245e+01   1.7001e+01   1.4855e-02   4.3952e-02   2.8952e+02
20260928_03:00:00   1.5269e-01   4.1515e+01   1.7817e+01   0.0000e+00   2.1050e-02   2.8910e+02
20260928_06:00:00   1.5186e-01   4.1357e+01   1.7659e+01   0.0000e+00   8.5460e-04   2.8387e+02
20260928_09:00:00   1.4703e-01   4.0215e+01   1.6896e+01   0.0000e+00   1.0884e-06   2.8018e+02
20260928_12:00:00   1.3966e-01   3.8442e+01   1.5984e+01   0.0000e+00   4.1866e-04   2.7979e+02
