#            date       tau255        Tb[K]      pwv[mm] lwp[kg*m^-2] iwp[kg*m^-2]       o3[DU]
20260831_18:00:00   1.8389e-01   4.9042e+01   2.1645e+01   0.0000e+00   2.5375e-02   2.8498e+02
20260831_19:00:00   1.9686e-01   5.2020e+01   2.2954e+01   3.6279e-03   4.2199e-02   2.8531e+02
20260831_20:00:00   6.2196e-01   1.2726e+02   2.5170e+01   4.6569e-01   7.8211e-01   2.8547e+02
20260831_21:00:00   5.5034e-01   1.1685e+02   2.3315e+01   4.0157e-01   5.5632e-01   2.8639e+02
20260831_22:00:00   3.3751e-01   8.0750e+01   2.3231e+01   1.5758e-01   5.3029e-01   2.8852e+02
20260831_23:00:00   2.2040e-01   5.6964e+01   2.1156e+01   3.9203e-02   5.6495e-02   2.9169e+02
20260901_00:00:00   4.6366e-01   1.0389e+02   2.5277e+01   2.7918e-01   1.3057e-01   2.9156e+02
20260901_01:00:00   1.8924e-01   5.0279e+01   2.1059e+01   6.7682e-03   9.0314e-03   2.9311e+02
20260901_02:00:00   1.7037e-01   4.5967e+01   1.9393e+01   5.4420e-03   2.5777e-02   2.9188e+02
20260901_03:00:00   1.5294e-01   4.1900e+01   1.8292e+01   0.0000e+00   8.0459e-03   2.9105e+02
20260901_04:00:00   1.6272e-01   4.4098e+01   1.9491e+01   4.3640e-04   4.4501e-03   2.8801e+02
20260901_05:00:00   1.7266e-01   4.6290e+01   2.0650e+01   1.6526e-03   2.7804e-02   2.8902e+02
20260901_06:00:00   1.7201e-01   4.6117e+01   2.0906e+01   0.0000e+00   4.0113e-02   2.8874e+02
20260901_07:00:00   1.7873e-01   4.7622e+01   2.1789e+01   0.0000e+00   3.8972e-02   2.8995e+02
20260901_08:00:00   1.8645e-01   4.9372e+01   2.2562e+01   0.0000e+00   4.4679e-02   2.8906e+02
20260901_09:00:00   1.8657e-01   4.9385e+01   2.2464e+01   3.8440e-04   3.7332e-02   2.8577e+02
20260901_10:00:00   1.8195e-01   4.8331e+01   2.1992e+01   2.3780e-05   2.6782e-02   2.8439e+02
20260901_11:00:00   1.7812e-01   4.7473e+01   2.1435e+01   0.0000e+00   3.4224e-02   2.8443e+02
20260901_12:00:00   1.6946e-01   4.5550e+01   2.0235e+01   0.0000e+00   4.7433e-03   2.8604e+02
20260901_13:00:00   1.6100e-01   4.3633e+01   1.9106e+01   0.0000e+00   7.4446e-04   2.8594e+02
20260901_14:00:00   1.6342e-01   4.4222e+01   1.9198e+01   0.0000e+00   6.2846e-05   2.8450e+02
20260901_15:00:00   1.7014e-01   4.5784e+01   1.9891e+01   0.0000e+00   0.0000e+00   2.8211e+02
20260901_16:00:00   1.6959e-01   4.5687e+01   1.9823e+01   0.0000e+00   0.0000e+00   2.7962e+02
20260901_17:00:00   1.7172e-01   4.6236e+01   2.0080e+01   0.0000e+00   0.0000e+00   2.7884e+02
20260901_18:00:00   1.7824e-01   4.7776e+01   2.0065e+01   7.3160e-03   0.0000e+00   2.7842e+02
20260901_19:00:00   2.1432e-01   5.5844e+01   2.0201e+01   4.8883e-02   8.8320e-05   2.7884e+02
20260901_20:00:00   3.9147e-01   9.0914e+01   2.0216e+01   2.5018e-01   4.3886e-03   2.7740e+02
20260901_21:00:00   5.5599e-01   1.1819e+02   2.0237e+01   4.3551e-01   3.9436e-02   2.7704e+02
20260901_22:00:00   3.4579e-01   8.2393e+01   1.9280e+01   2.0747e-01   2.5557e-03   2.7697e+02
20260901_23:00:00   2.8826e-01   7.1120e+01   1.8671e+01   1.4692e-01   8.3781e-03   2.7607e+02
20260902_00:00:00   3.0397e-01   7.4371e+01   1.8454e+01   1.6542e-01   9.9845e-03   2.7416e+02
20260902_01:00:00   1.7074e-01   4.6102e+01   1.7967e+01   1.8291e-02   2.1465e-04   2.7351e+02
20260902_02:00:00   2.1133e-01   5.5081e+01   1.8054e+01   6.3149e-02   1.0176e-02   2.7399e+02
20260902_03:00:00   1.7790e-01   4.7695e+01   1.7688e+01   2.7641e-02   1.3364e-03   2.7441e+02
20260902_04:00:00   1.9982e-01   5.2533e+01   1.7799e+01   5.1506e-02   1.0997e-02   2.7361e+02
20260902_05:00:00   3.1881e-01   7.7275e+01   1.8294e+01   1.8118e-01   1.6470e-02   2.7266e+02
20260902_06:00:00   2.1237e-01   5.5306e+01   1.7596e+01   6.5539e-02   3.5760e-04   2.7227e+02
20260902_07:00:00   1.5501e-01   4.2464e+01   1.7528e+01   1.2994e-03   8.7660e-05   2.7099e+02
20260902_08:00:00   1.6106e-01   4.3858e+01   1.8019e+01   2.8840e-03   2.2060e-05   2.6964e+02
20260902_09:00:00   1.6811e-01   4.5449e+01   1.8119e+01   9.1800e-03   1.2780e-04   2.6814e+02
20260902_10:00:00   1.7417e-01   4.6806e+01   1.8105e+01   1.5744e-02   7.5680e-04   2.6787e+02
20260902_11:00:00   2.6082e-01   6.5516e+01   1.8635e+01   1.0836e-01   5.1905e-03   2.6810e+02
20260902_12:00:00   4.4657e-01   1.0057e+02   1.9422e+01   3.1081e-01   7.2420e-03   2.6749e+02
20260902_13:00:00   4.9737e-01   1.0911e+02   2.0046e+01   3.6149e-01   2.0048e-02   2.6781e+02
20260902_14:00:00   2.7056e-01   6.7496e+01   1.8666e+01   1.1858e-01   1.1256e-02   2.6853e+02
20260902_15:00:00   1.7071e-01   4.5999e+01   1.8614e+01   6.3918e-03   8.3580e-04   2.6891e+02
20260902_16:00:00   1.7502e-01   4.7030e+01   1.9179e+01   6.0940e-03   1.3058e-04   2.6963e+02
20260902_17:00:00   1.6797e-01   4.5505e+01   1.8833e+01   8.3347e-04   1.6026e-05   2.7121e+02
20260902_18:00:00   1.6564e-01   4.5041e+01   1.8715e+01   3.2520e-04   0.0000e+00   2.7074e+02
20260902_19:00:00   2.5478e-01   6.4798e+01   2.0100e+01   9.2440e-02   1.8880e-05   2.7116e+02
20260902_20:00:00   4.5979e-01   1.0332e+02   2.0784e+01   3.1850e-01   6.0200e-04   2.7157e+02
20260902_21:00:00   8.2414e-01   1.5515e+02   2.1933e+01   7.2121e-01   5.9725e-02   2.7228e+02
20260902_22:00:00   6.6534e-01   1.3499e+02   2.2972e+01   5.2939e-01   6.4361e-02   2.7353e+02
20260902_23:00:00   2.2481e-01   5.8347e+01   2.1505e+01   4.5364e-02   5.4471e-03   2.7389e+02
20260903_00:00:00   2.9143e-01   7.2158e+01   2.1731e+01   1.1901e-01   7.9540e-04   2.7381e+02
20260903_01:00:00   2.3253e-01   6.0005e+01   2.0889e+01   5.9262e-02   4.7860e-04   2.7420e+02
20260903_02:00:00   2.8134e-01   7.0075e+01   2.1074e+01   1.1224e-01   1.2827e-03   2.7466e+02
20260903_03:00:00   5.9058e-01   1.2401e+02   2.2391e+01   4.4861e-01   1.5060e-02   2.7553e+02
20260903_04:00:00   3.4682e-01   8.3073e+01   2.1558e+01   1.8054e-01   4.8659e-04   2.7483e+02
20260903_05:00:00   3.3801e-01   8.1250e+01   2.1278e+01   1.7394e-01   6.4740e-04   2.7412e+02
20260903_06:00:00   2.3627e-01   6.0589e+01   2.0737e+01   6.3606e-02   3.2664e-04   2.7314e+02
20260903_07:00:00   2.0793e-01   5.4432e+01   2.0406e+01   3.5104e-02   1.0056e-04   2.7177e+02
20260903_08:00:00   2.0304e-01   5.3328e+01   2.0594e+01   2.7858e-02   1.4021e-04   2.7121e+02
20260903_09:00:00   1.8295e-01   4.8867e+01   2.0255e+01   5.5620e-03   7.9142e-04   2.7108e+02
20260903_10:00:00   1.7979e-01   4.8155e+01   2.0132e+01   1.7794e-03   1.6556e-03   2.7227e+02
20260903_11:00:00   1.7995e-01   4.8179e+01   2.0268e+01   4.3540e-04   5.2308e-04   2.7365e+02
20260903_12:00:00   1.8748e-01   4.9843e+01   2.0423e+01   7.6535e-03   1.2549e-03   2.7400e+02
20260903_13:00:00   1.9275e-01   5.1003e+01   2.0034e+01   1.7300e-02   2.1445e-03   2.7459e+02
20260903_14:00:00   1.7744e-01   4.7591e+01   1.9327e+01   5.5266e-03   1.4121e-03   2.7468e+02
20260903_15:00:00   1.7334e-01   4.6688e+01   1.9439e+01   8.4920e-05   4.9800e-04   2.7415e+02
20260903_16:00:00   1.7702e-01   4.7560e+01   2.0000e+01   5.7760e-04   3.4450e-03   2.7562e+02
20260903_17:00:00   1.9579e-01   5.1817e+01   2.1084e+01   1.3328e-02   4.2829e-03   2.7589e+02
20260903_18:00:00   2.8927e-01   7.1731e+01   2.2607e+01   1.0908e-01   8.1408e-03   2.7546e+02
20260903_19:00:00   7.6347e-01   1.4798e+02   2.4381e+01   6.3472e-01   2.2585e-02   2.7613e+02
20260903_20:00:00   5.5985e-01   1.1945e+02   2.4576e+01   4.0517e-01   4.7188e-02   2.7616e+02
20260903_21:00:00   6.1525e-01   1.2791e+02   2.4306e+01   4.6875e-01   3.5491e-02   2.7537e+02
20260903_22:00:00   7.4637e-01   1.4582e+02   2.4198e+01   6.1435e-01   3.7616e-02   2.7471e+02
20260903_23:00:00   3.1398e-01   7.6471e+01   2.2645e+01   1.4030e-01   8.4134e-02   2.7499e+02
20260904_00:00:00   2.9999e-01   7.3794e+01   2.3647e+01   1.1495e-01   2.8658e-02   2.7547e+02
20260904_01:00:00   2.6602e-01   6.6758e+01   2.3665e+01   7.7805e-02   1.7800e-01   2.7573e+02
20260904_02:00:00   2.1903e-01   5.6840e+01   2.3607e+01   2.7771e-02   1.9086e-01   2.7684e+02
20260904_03:00:00   2.2556e-01   5.8271e+01   2.4800e+01   2.6473e-02   1.2060e-01   2.7567e+02
20260904_04:00:00   3.0661e-01   7.5112e+01   2.5629e+01   1.0838e-01   1.9765e-02   2.7593e+02
20260904_05:00:00   3.2670e-01   7.9003e+01   2.5734e+01   1.2803e-01   4.1730e-03   2.7582e+02
20260904_06:00:00   3.1453e-01   7.6510e+01   2.5669e+01   1.1588e-01   6.0661e-03   2.7490e+02
20260904_07:00:00   3.5317e-01   8.3903e+01   2.5566e+01   1.6200e-01   1.6045e-02   2.7366e+02
20260904_08:00:00   5.0761e-01   1.1101e+02   2.5667e+01   3.3558e-01   9.9469e-03   2.7447e+02
20260904_09:00:00   3.9137e-01   9.0998e+01   2.5364e+01   2.0693e-01   2.1456e-02   2.7498e+02
20260904_10:00:00   2.7742e-01   6.8987e+01   2.5407e+01   7.7283e-02   1.4123e-02   2.7439e+02
20260904_11:00:00   2.2036e-01   5.6980e+01   2.5114e+01   1.5508e-02   1.7957e-02   2.7365e+02
20260904_12:00:00   2.0505e-01   5.3639e+01   2.4775e+01   3.9400e-04   4.6375e-02   2.7460e+02
20260904_13:00:00   2.0191e-01   5.2961e+01   2.4336e+01   0.0000e+00   3.3434e-02   2.7630e+02
20260904_14:00:00   2.0200e-01   5.2970e+01   2.4412e+01   0.0000e+00   2.7477e-02   2.7814e+02
20260904_15:00:00   2.0278e-01   5.3152e+01   2.4664e+01   0.0000e+00   2.1615e-02   2.7887e+02
20260904_16:00:00   2.0523e-01   5.3741e+01   2.5045e+01   0.0000e+00   2.6542e-02   2.7856e+02
20260904_17:00:00   2.0688e-01   5.4147e+01   2.5352e+01   0.0000e+00   2.1749e-02   2.7812e+02
20260904_18:00:00   2.1684e-01   5.6362e+01   2.6553e+01   6.6522e-05   2.2741e-02   2.7814e+02
20260904_19:00:00   4.0394e-01   9.3738e+01   2.7701e+01   2.0295e-01   2.6051e-01   2.7924e+02
20260904_20:00:00   6.5269e-01   1.3334e+02   2.8755e+01   4.7075e-01   6.1015e-01   2.7957e+02
20260904_21:00:00   2.4239e-01   6.1893e+01   2.6700e+01   2.9025e-02   1.1854e-01   2.7831e+02
20260904_22:00:00   2.6131e-01   6.6203e+01   2.6624e+01   5.0037e-02   1.5920e-02   2.7876e+02
20260904_23:00:00   7.5109e-01   1.4728e+02   2.7455e+01   5.9794e-01   4.1788e-03   2.7766e+02
20260905_00:00:00   8.1720e-01   1.5519e+02   2.8077e+01   6.6417e-01   1.4966e-02   2.7606e+02
20260905_01:00:00   3.8489e-01   9.0421e+01   2.7412e+01   1.7713e-01   3.6865e-03   2.7530e+02
20260905_02:00:00   2.2786e-01   5.9002e+01   2.6692e+01   3.8140e-03   1.1409e-03   2.7606e+02
20260905_03:00:00   2.2561e-01   5.8465e+01   2.6613e+01   8.1099e-04   3.0040e-04   2.7675e+02
20260905_04:00:00   2.2454e-01   5.8205e+01   2.6318e+01   1.3504e-03   6.7940e-06   2.7684e+02
20260905_05:00:00   2.3016e-01   5.9398e+01   2.5459e+01   1.4640e-02   2.3532e-04   2.7781e+02
20260905_06:00:00   2.1719e-01   5.6594e+01   2.4720e+01   4.6477e-03   1.5469e-03   2.7706e+02
20260905_07:00:00   2.1620e-01   5.6343e+01   2.4602e+01   4.5686e-03   4.4688e-04   2.7628e+02
20260905_08:00:00   2.2075e-01   5.7280e+01   2.4329e+01   1.3818e-02   2.3013e-04   2.7611e+02
20260905_09:00:00   2.1174e-01   5.5282e+01   2.4145e+01   5.7460e-03   2.1114e-03   2.7619e+02
20260905_10:00:00   2.0471e-01   5.3717e+01   2.3978e+01   4.9960e-04   3.3894e-04   2.7537e+02
20260905_11:00:00   2.0381e-01   5.3501e+01   2.3979e+01   8.4920e-06   3.3980e-06   2.7458e+02
20260905_12:00:00   2.0357e-01   5.3449e+01   2.3845e+01   0.0000e+00   0.0000e+00   2.7543e+02
20260905_13:00:00   2.0060e-01   5.2780e+01   2.3502e+01   0.0000e+00   0.0000e+00   2.7441e+02
20260905_14:00:00   1.9896e-01   5.2407e+01   2.3401e+01   0.0000e+00   4.5242e-05   2.7483e+02
20260905_15:00:00   1.9814e-01   5.2242e+01   2.3351e+01   0.0000e+00   2.5329e-03   2.7463e+02
20260905_16:00:00   2.0115e-01   5.2909e+01   2.4014e+01   0.0000e+00   1.1289e-02   2.7441e+02
20260905_17:00:00   2.0830e-01   5.4520e+01   2.5112e+01   0.0000e+00   9.2193e-03   2.7397e+02
20260905_18:00:00   2.1414e-01   5.5841e+01   2.5950e+01   1.4936e-03   8.6557e-03   2.7256e+02
20260905_21:00:00   3.7580e-01   8.8977e+01   2.7324e+01   1.8278e-01   3.3229e-02   2.7231e+02
20260906_00:00:00   4.3615e-01   9.9489e+01   2.7820e+01   2.4280e-01   2.8628e-02   2.7349e+02
20260906_03:00:00   3.6252e-01   8.6044e+01   2.8188e+01   1.5070e-01   1.6857e-02   2.7320e+02
20260906_06:00:00   2.3480e-01   6.0442e+01   2.7868e+01   8.4476e-03   2.1787e-03   2.7394e+02
20260906_09:00:00   2.1443e-01   5.6051e+01   2.5988e+01   0.0000e+00   3.2345e-03   2.7281e+02
20260906_12:00:00   2.1076e-01   5.5211e+01   2.5642e+01   0.0000e+00   2.6100e-04   2.7291e+02
20260906_15:00:00   2.0887e-01   5.4786e+01   2.5426e+01   1.1400e-03   1.7686e-03   2.7253e+02
20260906_18:00:00   2.0645e-01   5.4415e+01   2.5458e+01   0.0000e+00   1.6443e-04   2.7331e+02
20260906_21:00:00   6.8643e-01   1.3877e+02   2.6055e+01   5.4122e-01   2.0777e-03   2.7068e+02
20260907_00:00:00   6.4058e-01   1.3237e+02   2.5971e+01   4.8339e-01   5.8473e-02   2.7088e+02
20260907_03:00:00   6.7093e-01   1.3617e+02   2.7634e+01   4.9660e-01   1.0696e-02   2.7072e+02
20260907_06:00:00   3.9332e-01   9.1708e+01   2.5956e+01   1.9801e-01   5.0817e-02   2.7163e+02
20260907_09:00:00   2.1103e-01   5.5629e+01   2.4394e+01   1.0956e-03   3.8900e-06   2.7154e+02
20260907_12:00:00   3.0741e-01   7.5318e+01   2.2647e+01   1.2876e-01   1.4420e-03   2.7117e+02
20260907_15:00:00   1.6935e-01   4.6073e+01   1.9633e+01   0.0000e+00   0.0000e+00   2.7336e+02
20260907_18:00:00   1.7225e-01   4.6841e+01   2.0089e+01   2.5480e-05   0.0000e+00   2.7441e+02
20260907_21:00:00   2.7369e-01   6.8773e+01   2.0795e+01   1.1496e-01   2.8020e-04   2.7376e+02
20260908_00:00:00   1.7523e-01   4.7585e+01   2.0955e+01   1.5734e-03   5.5560e-06   2.7314e+02
20260908_03:00:00   1.7894e-01   4.8399e+01   2.1370e+01   0.0000e+00   0.0000e+00   2.7216e+02
20260908_06:00:00   1.8680e-01   5.0019e+01   2.1658e+01   6.3680e-03   9.6407e-05   2.7235e+02
20260908_09:00:00   1.8353e-01   4.9107e+01   2.1248e+01   5.7702e-03   4.4657e-04   2.7383e+02
20260908_12:00:00   1.8137e-01   4.8609e+01   1.9504e+01   1.4476e-02   3.7640e-04   2.7121e+02
20260908_15:00:00   2.1018e-01   5.4995e+01   1.8643e+01   5.4320e-02   8.8320e-05   2.7665e+02
20260908_18:00:00   1.8332e-01   4.9155e+01   2.0119e+01   1.2942e-02   3.8860e-05   2.7749e+02
20260908_21:00:00   2.2068e-01   5.7359e+01   1.9817e+01   6.3040e-02   2.0520e-04   2.8098e+02
20260909_00:00:00   1.4961e-01   4.1434e+01   1.7915e+01   1.1380e-03   1.0192e-05   2.7905e+02
20260909_03:00:00   1.3346e-01   3.7582e+01   1.5792e+01   0.0000e+00   0.0000e+00   2.8068e+02
20260909_06:00:00   1.5094e-01   4.1699e+01   1.7770e+01   1.0306e-03   1.4213e-04   2.8172e+02
20260909_09:00:00   1.6132e-01   4.4069e+01   1.9122e+01   3.4820e-05   8.7060e-07   2.7980e+02
20260909_12:00:00   2.6801e-01   6.7260e+01   1.9819e+01   1.1400e-01   6.3120e-04   2.7889e+02
20260909_15:00:00   2.1783e-01   5.6703e+01   2.0289e+01   5.3060e-02   1.6998e-03   2.7891e+02
20260909_18:00:00   1.7155e-01   4.6625e+01   2.0550e+01   0.0000e+00   5.7460e-05   2.7984e+02
20260909_21:00:00   2.4064e-01   6.1559e+01   2.1419e+01   7.8520e-02   6.7080e-03   2.8212e+02
20260910_00:00:00   3.4295e-01   8.2212e+01   2.1954e+01   1.9016e-01   2.0259e-03   2.8097e+02
20260910_03:00:00   1.9236e-01   5.1367e+01   2.1986e+01   1.5336e-02   3.5093e-04   2.8184e+02
20260910_06:00:00   1.8462e-01   4.9619e+01   2.2289e+01   0.0000e+00   0.0000e+00   2.8273e+02
20260910_09:00:00   1.8706e-01   5.0105e+01   2.2624e+01   2.1760e-06   2.2174e-05   2.8057e+02
20260910_12:00:00   1.7951e-01   4.8403e+01   2.1445e+01   7.5960e-04   2.3242e-03   2.8012e+02
20260910_15:00:00   1.6518e-01   4.5096e+01   1.9854e+01   0.0000e+00   7.6980e-03   2.7960e+02
20260910_18:00:00   1.7009e-01   4.6197e+01   2.1367e+01   0.0000e+00   1.2987e-03   2.8002e+02
20260910_21:00:00   1.7719e-01   4.7740e+01   2.2754e+01   2.2778e-03   1.4915e-03   2.7923e+02
20260911_00:00:00   4.3581e-01   9.9602e+01   2.5881e+01   2.5501e-01   9.0596e-03   2.7941e+02
20260911_03:00:00   1.9960e-01   5.2970e+01   2.3763e+01   4.1640e-03   3.6621e-03   2.7682e+02
20260911_06:00:00   2.0427e-01   5.3948e+01   2.4441e+01   0.0000e+00   1.1662e-03   2.7707e+02
20260911_09:00:00   1.8784e-01   5.0178e+01   2.2530e+01   0.0000e+00   2.3651e-02   2.7677e+02
20260911_12:00:00   1.8511e-01   4.9502e+01   2.2040e+01   0.0000e+00   2.7270e-03   2.7932e+02
20260911_15:00:00   1.7528e-01   4.7236e+01   2.0635e+01   0.0000e+00   1.2864e-02   2.7828e+02
20260911_18:00:00   1.7498e-01   4.7342e+01   2.0737e+01   0.0000e+00   6.1591e-03   2.7842e+02
20260911_21:00:00   3.4298e-01   8.2734e+01   2.3101e+01   1.7363e-01   2.2088e-02   2.7829e+02
20260912_00:00:00   3.6439e-01   8.6830e+01   2.5323e+01   1.7343e-01   2.7867e-03   2.7768e+02
20260912_03:00:00   2.0646e-01   5.4472e+01   2.4906e+01   0.0000e+00   3.9907e-03   2.7520e+02
20260912_06:00:00   2.0128e-01   5.3220e+01   2.4155e+01   0.0000e+00   1.8980e-03   2.7761e+02
20260912_09:00:00   1.9014e-01   5.0636e+01   2.2638e+01   0.0000e+00   1.5884e-03   2.7942e+02
20260912_12:00:00   1.8659e-01   4.9778e+01   2.1964e+01   0.0000e+00   9.4001e-04   2.7743e+02
20260912_15:00:00   1.8238e-01   4.8807e+01   2.1609e+01   0.0000e+00   7.3355e-04   2.7648e+02
20260912_18:00:00   1.7601e-01   4.7506e+01   2.1124e+01   0.0000e+00   5.9779e-04   2.7639e+02
20260912_21:00:00   1.8512e-01   4.9630e+01   2.0144e+01   2.1300e-02   3.5166e-04   2.7250e+02
20260913_00:00:00   1.9071e-01   5.0827e+01   1.9757e+01   3.3680e-02   1.6138e-04   2.7441e+02
20260913_03:00:00   1.8057e-01   4.8646e+01   2.0629e+01   7.3200e-03   3.0960e-06   2.7627e+02
20260913_06:00:00   1.4888e-01   4.1178e+01   1.7419e+01   0.0000e+00   1.2426e-05   2.7916e+02
20260913_09:00:00   1.2839e-01   3.6147e+01   1.4496e+01   0.0000e+00   2.4580e-06   2.8010e+02
20260913_12:00:00   1.1654e-01   3.3165e+01   1.2949e+01   0.0000e+00   1.0458e-04   2.7948e+02
20260913_15:00:00   1.0756e-01   3.0893e+01   1.1822e+01   0.0000e+00   0.0000e+00   2.8278e+02
20260913_18:00:00   1.0795e-01   3.0999e+01   1.2107e+01   0.0000e+00   0.0000e+00   2.8332e+02
20260913_21:00:00   1.0663e-01   3.0633e+01   1.2279e+01   0.0000e+00   1.3062e-04   2.8583e+02
20260914_00:00:00   1.1566e-01   3.2924e+01   1.3356e+01   0.0000e+00   0.0000e+00   2.8495e+02
20260914_03:00:00   1.0975e-01   3.1443e+01   1.1993e+01   0.0000e+00   0.0000e+00   2.8841e+02
20260914_06:00:00   9.6278e-02   2.7987e+01   1.0070e+01   0.0000e+00   0.0000e+00   2.8811e+02
20260914_09:00:00   1.0067e-01   2.9068e+01   1.0512e+01   0.0000e+00   0.0000e+00   2.8659e+02
20260914_12:00:00   1.0015e-01   2.8902e+01   1.0285e+01   0.0000e+00   0.0000e+00   2.8721e+02
20260914_15:00:00   1.0061e-01   2.9003e+01   1.0399e+01   0.0000e+00   0.0000e+00   2.8692e+02
20260914_18:00:00   1.0509e-01   3.0178e+01   1.1286e+01   0.0000e+00   1.9840e-06   2.8580e+02
20260914_21:00:00   1.0896e-01   3.1145e+01   1.2382e+01   0.0000e+00   0.0000e+00   2.8396e+02
20260915_00:00:00   1.1463e-01   3.2524e+01   1.3419e+01   8.4920e-06   3.1721e-05   2.8187e+02
20260915_03:00:00   1.1493e-01   3.2613e+01   1.2852e+01   0.0000e+00   0.0000e+00   2.8343e+02
20260915_06:00:00   1.1509e-01   3.2588e+01   1.2799e+01   0.0000e+00   0.0000e+00   2.7868e+02
20260915_09:00:00   1.1237e-01   3.1858e+01   1.2419e+01   0.0000e+00   0.0000e+00   2.7621e+02
20260915_12:00:00   1.1239e-01   3.1818e+01   1.2464e+01   0.0000e+00   0.0000e+00   2.7829e+02
20260915_15:00:00   1.1863e-01   3.3326e+01   1.3322e+01   0.0000e+00   0.0000e+00   2.7944e+02
20260915_18:00:00   1.2637e-01   3.5276e+01   1.4604e+01   0.0000e+00   4.0203e-03   2.7836e+02
20260915_21:00:00   1.3900e-01   3.8275e+01   1.6562e+01   2.7759e-03   5.9547e-03   2.7704e+02
20260916_00:00:00   1.4701e-01   4.0298e+01   1.7876e+01   1.8976e-04   7.6720e-03   2.7958e+02
20260916_03:00:00   1.5785e-01   4.2898e+01   1.8234e+01   4.1720e-03   3.4700e-04   2.7841e+02
20260916_06:00:00   2.2513e-01   5.7768e+01   1.8345e+01   7.5680e-02   1.5656e-03   2.8314e+02
20260916_09:00:00   2.7488e-01   6.8158e+01   1.9202e+01   1.2247e-01   1.9008e-03   2.8168e+02
20260916_12:00:00   1.6836e-01   4.5265e+01   1.8913e+01   4.3320e-03   1.0397e-03   2.8146e+02
20260916_15:00:00   1.6325e-01   4.4138e+01   1.8610e+01   0.0000e+00   1.6838e-04   2.8223e+02
20260916_18:00:00   1.8846e-01   5.0025e+01   1.9135e+01   2.5840e-02   1.9369e-05   2.8271e+02
