#            date       tau255        Tb[K]      pwv[mm] lwp[kg*m^-2] iwp[kg*m^-2]       o3[DU]
20260825_00:00:00   1.6835e-01   4.5563e+01   2.0487e+01   4.6001e-03   1.3408e-01   2.9239e+02
20260825_01:00:00   1.5994e-01   4.3669e+01   1.9359e+01   4.4280e-03   1.8439e-02   2.9292e+02
20260825_02:00:00   1.4913e-01   4.1220e+01   1.8228e+01   1.0992e-04   5.9926e-03   2.9342e+02
20260825_03:00:00   1.4729e-01   4.0793e+01   1.7840e+01   0.0000e+00   6.2618e-04   2.9313e+02
20260825_04:00:00   1.4529e-01   4.0290e+01   1.7618e+01   0.0000e+00   3.0400e-05   2.9345e+02
20260825_05:00:00   1.4187e-01   3.9455e+01   1.7172e+01   0.0000e+00   0.0000e+00   2.9280e+02
20260825_06:00:00   1.3969e-01   3.8919e+01   1.6870e+01   0.0000e+00   2.2800e-05   2.9061e+02
20260825_07:00:00   1.3760e-01   3.8417e+01   1.6505e+01   0.0000e+00   0.0000e+00   2.8782e+02
20260825_08:00:00   1.3903e-01   3.8753e+01   1.6549e+01   0.0000e+00   0.0000e+00   2.8939e+02
20260825_09:00:00   1.3734e-01   3.8351e+01   1.6231e+01   0.0000e+00   0.0000e+00   2.9081e+02
20260825_10:00:00   1.3639e-01   3.8106e+01   1.6087e+01   0.0000e+00   0.0000e+00   2.9236e+02
20260825_11:00:00   1.3619e-01   3.8043e+01   1.6051e+01   1.6108e-04   2.9600e-05   2.9119e+02
20260825_12:00:00   1.3736e-01   3.8315e+01   1.6173e+01   0.0000e+00   1.1802e-05   2.9090e+02
20260825_13:00:00   1.3789e-01   3.8448e+01   1.6174e+01   0.0000e+00   7.9360e-07   2.9161e+02
20260825_14:00:00   1.3514e-01   3.7808e+01   1.5758e+01   0.0000e+00   0.0000e+00   2.9125e+02
20260825_15:00:00   1.3514e-01   3.7828e+01   1.5719e+01   0.0000e+00   0.0000e+00   2.9144e+02
20260825_16:00:00   1.3427e-01   3.7650e+01   1.5643e+01   0.0000e+00   0.0000e+00   2.9218e+02
20260825_17:00:00   1.3242e-01   3.7243e+01   1.5466e+01   0.0000e+00   0.0000e+00   2.9296e+02
20260825_18:00:00   1.3022e-01   3.6675e+01   1.5295e+01   0.0000e+00   0.0000e+00   2.9259e+02
20260825_19:00:00   1.3209e-01   3.7042e+01   1.5896e+01   7.7400e-06   9.9960e-05   2.9313e+02
20260825_20:00:00   1.3703e-01   3.8136e+01   1.6475e+01   3.7803e-03   9.9619e-03   2.9392e+02
20260825_21:00:00   1.6091e-01   4.3575e+01   1.7095e+01   2.6740e-02   5.0677e-02   2.9202e+02
20260825_22:00:00   1.3834e-01   3.8474e+01   1.7166e+01   2.0996e-03   9.5745e-03   2.9126e+02
20260825_23:00:00   1.6792e-01   4.5196e+01   1.8527e+01   2.5954e-02   7.3725e-02   2.9124e+02
20260826_00:00:00   1.7515e-01   4.6891e+01   2.0357e+01   1.9070e-02   1.7565e-01   2.9093e+02
20260826_01:00:00   1.5793e-01   4.3029e+01   2.0095e+01   2.1900e-03   6.6807e-02   2.9200e+02
20260826_02:00:00   1.4791e-01   4.0738e+01   1.8830e+01   0.0000e+00   4.3552e-02   2.9241e+02
20260826_03:00:00   1.4090e-01   3.9133e+01   1.7669e+01   0.0000e+00   4.6071e-03   2.9154e+02
20260826_04:00:00   1.3832e-01   3.8534e+01   1.7227e+01   0.0000e+00   5.5688e-05   2.9011e+02
20260826_05:00:00   1.3810e-01   3.8474e+01   1.7177e+01   0.0000e+00   4.4160e-05   2.8969e+02
20260826_06:00:00   1.3933e-01   3.8747e+01   1.7326e+01   8.4920e-06   1.4801e-03   2.8855e+02
20260826_07:00:00   1.4077e-01   3.9087e+01   1.7324e+01   6.3700e-04   2.2292e-03   2.8903e+02
20260826_08:00:00   1.6133e-01   4.3758e+01   1.7348e+01   2.2660e-02   4.6161e-03   2.8906e+02
20260826_09:00:00   1.4511e-01   4.0075e+01   1.7072e+01   6.3180e-03   2.6298e-03   2.8702e+02
20260826_10:00:00   1.5591e-01   4.2515e+01   1.7272e+01   1.6780e-02   9.5100e-03   2.8660e+02
20260826_11:00:00   1.4396e-01   3.9782e+01   1.7339e+01   2.5540e-03   5.3329e-03   2.8934e+02
20260826_12:00:00   1.4577e-01   4.0206e+01   1.7661e+01   1.7512e-03   5.4297e-03   2.8999e+02
20260826_13:00:00   1.4898e-01   4.0939e+01   1.7851e+01   3.3300e-03   2.9257e-03   2.8892e+02
20260826_14:00:00   1.4533e-01   4.0105e+01   1.7747e+01   8.4920e-05   9.9290e-04   2.8925e+02
20260826_15:00:00   1.4222e-01   3.9405e+01   1.7347e+01   0.0000e+00   3.5945e-05   2.9100e+02
20260826_16:00:00   1.3889e-01   3.8658e+01   1.6905e+01   0.0000e+00   0.0000e+00   2.9112e+02
20260826_17:00:00   1.3852e-01   3.8607e+01   1.6888e+01   0.0000e+00   0.0000e+00   2.8923e+02
20260826_18:00:00   1.3908e-01   3.8709e+01   1.7084e+01   3.4820e-05   7.9141e-05   2.8756e+02
20260826_19:00:00   1.4145e-01   3.9219e+01   1.7082e+01   4.5060e-03   3.0758e-03   2.8672e+02
20260826_20:00:00   1.5279e-01   4.1707e+01   1.7470e+01   1.6002e-02   5.3234e-02   2.8698e+02
20260826_21:00:00   1.5681e-01   4.2675e+01   1.7573e+01   2.0182e-02   5.6575e-02   2.8867e+02
20260826_22:00:00   1.6381e-01   4.4227e+01   1.7736e+01   2.8040e-02   7.7791e-02   2.8736e+02
20260826_23:00:00   1.9635e-01   5.1647e+01   2.0391e+01   4.0277e-02   1.7677e-01   2.8559e+02
20260827_00:00:00   1.5997e-01   4.3586e+01   2.0401e+01   7.2696e-04   1.2363e-01   2.8670e+02
20260827_01:00:00   1.7463e-01   4.6847e+01   2.0092e+01   2.0278e-02   3.1038e-02   2.8615e+02
20260827_02:00:00   1.7560e-01   4.7040e+01   2.0204e+01   1.9496e-02   4.0544e-03   2.8564e+02
20260827_03:00:00   2.1383e-01   5.5352e+01   2.1126e+01   5.3060e-02   1.1105e-01   2.8366e+02
20260827_04:00:00   1.5893e-01   4.3260e+01   2.0309e+01   0.0000e+00   1.1646e-01   2.8357e+02
20260827_05:00:00   1.5664e-01   4.2688e+01   2.0048e+01   0.0000e+00   1.8248e-01   2.8481e+02
20260827_06:00:00   1.5575e-01   4.2484e+01   1.9890e+01   1.6854e-04   3.3989e-02   2.8584e+02
20260827_07:00:00   1.5617e-01   4.2593e+01   1.9812e+01   3.3980e-04   8.6257e-03   2.8513e+02
20260827_08:00:00   1.5811e-01   4.3048e+01   1.9831e+01   1.0022e-03   4.5295e-04   2.8550e+02
20260827_09:00:00   1.5491e-01   4.2337e+01   1.9247e+01   5.0200e-04   1.0739e-03   2.8575e+02
20260827_10:00:00   1.5057e-01   4.1328e+01   1.8701e+01   0.0000e+00   6.0513e-04   2.8513e+02
20260827_11:00:00   1.5061e-01   4.1322e+01   1.8663e+01   7.6440e-05   4.4281e-04   2.8353e+02
20260827_12:00:00   1.6174e-01   4.3807e+01   1.9110e+01   9.1200e-03   6.8260e-03   2.8338e+02
20260827_13:00:00   1.5426e-01   4.2097e+01   1.9072e+01   1.4482e-03   6.6874e-03   2.8450e+02
20260827_14:00:00   1.5099e-01   4.1342e+01   1.8844e+01   0.0000e+00   2.3754e-03   2.8721e+02
20260827_15:00:00   1.5204e-01   4.1589e+01   1.9056e+01   0.0000e+00   4.1026e-03   2.8707e+02
20260827_16:00:00   1.5167e-01   4.1535e+01   1.9105e+01   0.0000e+00   2.1874e-03   2.8421e+02
20260827_17:00:00   1.5162e-01   4.1561e+01   1.9178e+01   0.0000e+00   3.7871e-03   2.8357e+02
20260827_18:00:00   1.5299e-01   4.1881e+01   1.9421e+01   0.0000e+00   2.3691e-03   2.8537e+02
20260827_19:00:00   2.2183e-01   5.6956e+01   1.9747e+01   7.5540e-02   4.4202e-03   2.8635e+02
20260827_20:00:00   1.5857e-01   4.3187e+01   1.9968e+01   2.9900e-03   5.8844e-02   2.8614e+02
20260827_21:00:00   1.6826e-01   4.5420e+01   2.0147e+01   1.2994e-02   2.4905e-02   2.8482e+02
20260827_22:00:00   1.6030e-01   4.3690e+01   1.9964e+01   5.7971e-03   1.4178e-02   2.8359e+02
20260827_23:00:00   1.5848e-01   4.3302e+01   1.9795e+01   5.8160e-03   1.4335e-03   2.8219e+02
20260828_00:00:00   1.5481e-01   4.2506e+01   1.9575e+01   3.3759e-03   4.2875e-03   2.7942e+02
20260828_01:00:00   2.2413e-01   5.7694e+01   1.9994e+01   7.7355e-02   6.7110e-02   2.7951e+02
20260828_02:00:00   2.3607e-01   6.0294e+01   2.1393e+01   7.8455e-02   1.4416e-01   2.7882e+02
20260828_03:00:00   2.1642e-01   5.6061e+01   2.1389e+01   5.5444e-02   6.8553e-02   2.7767e+02
20260828_04:00:00   3.2701e-01   7.8722e+01   2.2697e+01   1.6627e-01   1.6723e-01   2.8142e+02
20260828_05:00:00   2.0910e-01   5.4633e+01   2.2935e+01   3.1610e-02   4.7838e-02   2.8106e+02
20260828_06:00:00   2.0662e-01   5.4119e+01   2.3046e+01   2.4778e-02   5.8535e-02   2.8082e+02
20260828_07:00:00   1.9143e-01   5.0734e+01   2.2414e+01   1.3191e-02   6.8105e-03   2.8402e+02
20260828_08:00:00   1.7408e-01   4.6875e+01   2.1520e+01   1.6816e-03   2.8397e-03   2.8182e+02
20260828_09:00:00   1.7132e-01   4.6220e+01   2.1379e+01   0.0000e+00   5.2243e-06   2.8169e+02
20260828_10:00:00   1.6636e-01   4.5058e+01   2.0867e+01   0.0000e+00   2.9283e-05   2.8308e+02
20260828_11:00:00   1.6418e-01   4.4523e+01   2.0695e+01   0.0000e+00   4.4010e-05   2.8198e+02
20260828_12:00:00   1.6300e-01   4.4214e+01   2.0589e+01   0.0000e+00   2.9961e-04   2.7915e+02
20260828_13:00:00   1.5985e-01   4.3466e+01   2.0229e+01   0.0000e+00   4.1480e-04   2.7901e+02
20260828_14:00:00   1.5508e-01   4.2392e+01   1.9542e+01   0.0000e+00   8.4920e-04   2.7881e+02
20260828_15:00:00   1.5551e-01   4.2525e+01   1.9520e+01   0.0000e+00   9.1904e-04   2.7692e+02
20260828_16:00:00   1.5547e-01   4.2559e+01   1.9502e+01   0.0000e+00   1.2945e-03   2.7697e+02
20260828_17:00:00   1.5623e-01   4.2779e+01   1.9639e+01   0.0000e+00   2.9531e-03   2.7838e+02
20260828_18:00:00   1.5472e-01   4.2457e+01   1.9520e+01   0.0000e+00   2.3920e-03   2.7920e+02
20260828_19:00:00   1.5539e-01   4.2620e+01   1.9721e+01   0.0000e+00   9.2980e-04   2.8083e+02
20260828_20:00:00   1.7773e-01   4.7637e+01   2.0243e+01   2.1623e-02   1.0161e-03   2.8085e+02
20260828_21:00:00   2.3283e-01   5.9578e+01   2.0395e+01   8.3175e-02   4.4263e-02   2.7977e+02
20260828_22:00:00   1.6531e-01   4.4931e+01   2.0004e+01   1.0211e-02   2.1622e-02   2.7818e+02
20260828_23:00:00   1.6148e-01   4.4061e+01   2.0423e+01   3.5907e-03   1.1398e-02   2.7979e+02
20260829_00:00:00   2.1737e-01   5.6460e+01   2.1617e+01   5.4279e-02   7.7610e-02   2.8061e+02
20260829_01:00:00   2.9304e-01   7.2296e+01   2.4238e+01   1.1112e-01   1.3038e-01   2.8241e+02
20260829_02:00:00   3.6081e-01   8.5410e+01   2.5675e+01   1.7333e-01   1.0319e-01   2.7992e+02
20260829_03:00:00   2.4103e-01   6.1560e+01   2.5799e+01   3.6621e-02   3.2828e-01   2.8110e+02
20260829_04:00:00   1.9152e-01   5.0837e+01   2.4207e+01   7.8140e-04   3.1620e-01   2.8148e+02
20260829_05:00:00   1.8007e-01   4.8208e+01   2.3266e+01   0.0000e+00   1.8478e-01   2.8042e+02
20260829_06:00:00   1.9358e-01   5.1186e+01   2.3615e+01   1.0939e-02   9.4320e-02   2.8165e+02
20260829_07:00:00   1.9392e-01   5.1284e+01   2.4151e+01   5.0901e-03   7.3609e-02   2.7977e+02
20260829_08:00:00   2.1398e-01   5.5707e+01   2.4214e+01   2.7022e-02   6.6096e-02   2.7936e+02
20260829_09:00:00   1.9369e-01   5.1230e+01   2.3963e+01   6.5820e-03   8.1060e-02   2.8050e+02
20260829_10:00:00   1.8775e-01   4.9885e+01   2.3838e+01   6.3138e-04   3.7885e-02   2.8109e+02
20260829_11:00:00   1.8812e-01   4.9966e+01   2.3595e+01   2.9139e-03   3.6768e-03   2.8118e+02
20260829_12:00:00   1.9533e-01   5.1555e+01   2.3496e+01   1.1601e-02   8.7807e-03   2.8103e+02
20260829_13:00:00   1.9288e-01   5.0997e+01   2.3356e+01   9.0060e-03   2.6004e-03   2.8252e+02
20260829_14:00:00   1.9622e-01   5.1729e+01   2.3241e+01   1.2758e-02   3.1329e-04   2.8345e+02
20260829_15:00:00   1.8726e-01   4.9767e+01   2.3201e+01   2.9600e-03   3.1837e-04   2.8250e+02
20260829_16:00:00   1.8345e-01   4.8965e+01   2.3127e+01   0.0000e+00   7.1766e-04   2.8085e+02
20260829_17:00:00   1.8551e-01   4.9507e+01   2.3303e+01   0.0000e+00   4.4812e-03   2.7898e+02
20260829_18:00:00   1.8898e-01   5.0372e+01   2.3667e+01   0.0000e+00   5.0762e-03   2.7948e+02
20260829_19:00:00   2.6637e-01   6.7067e+01   2.3962e+01   8.4933e-02   2.3100e-04   2.8045e+02
20260829_20:00:00   3.1493e-01   7.6945e+01   2.3844e+01   1.4090e-01   7.7440e-04   2.7948e+02
20260829_21:00:00   2.6364e-01   6.6546e+01   2.3313e+01   8.7240e-02   3.7406e-03   2.7763e+02
20260829_22:00:00   3.5382e-01   8.4486e+01   2.4899e+01   1.7595e-01   2.1342e-01   2.7884e+02
20260829_23:00:00   2.3581e-01   6.0615e+01   2.5438e+01   3.9808e-02   1.9510e-01   2.7950e+02
20260830_00:00:00   2.9624e-01   7.3001e+01   2.6046e+01   9.8617e-02   3.1358e-02   2.7918e+02
20260830_03:00:00   2.0272e-01   5.3601e+01   2.3587e+01   6.2420e-03   2.9095e-04   2.7831e+02
20260830_06:00:00   2.1765e-01   5.6595e+01   2.4716e+01   1.8672e-02   7.1303e-02   2.7980e+02
20260830_09:00:00   2.5430e-01   6.4479e+01   2.4720e+01   6.0316e-02   2.5278e-03   2.8200e+02
20260830_12:00:00   1.9923e-01   5.2540e+01   2.4458e+01   0.0000e+00   1.6883e-02   2.8055e+02
20260830_15:00:00   1.9090e-01   5.0736e+01   2.3293e+01   0.0000e+00   3.7996e-02   2.8118e+02
20260830_18:00:00   1.7776e-01   4.7883e+01   2.1784e+01   0.0000e+00   2.4450e-03   2.7912e+02
20260830_21:00:00   1.6168e-01   4.4256e+01   1.9934e+01   5.2240e-05   1.6183e-04   2.7896e+02
20260831_00:00:00   6.1953e-01   1.2820e+02   2.3973e+01   4.7971e-01   1.0584e-01   2.7841e+02
20260831_03:00:00   5.0685e-01   1.1120e+02   2.5552e+01   3.3083e-01   4.1611e-02   2.8061e+02
20260831_06:00:00   1.9766e-01   5.2313e+01   2.3930e+01   0.0000e+00   1.4775e-02   2.7848e+02
20260831_09:00:00   1.8526e-01   4.9434e+01   2.2430e+01   0.0000e+00   1.1275e-02   2.7817e+02
20260831_12:00:00   1.7052e-01   4.6005e+01   2.0714e+01   0.0000e+00   6.7599e-03   2.7931e+02
20260831_15:00:00   1.6836e-01   4.5519e+01   2.0379e+01   0.0000e+00   1.6985e-05   2.7627e+02
20260831_18:00:00   1.7038e-01   4.6143e+01   2.0665e+01   0.0000e+00   0.0000e+00   2.7505e+02
20260831_21:00:00   1.9382e-01   5.1556e+01   2.0456e+01   2.9400e-02   7.7240e-05   2.7424e+02
20260901_00:00:00   2.9249e-01   7.2497e+01   2.2082e+01   1.2499e-01   4.9552e-02   2.7425e+02
20260901_03:00:00   1.7991e-01   4.8418e+01   2.0957e+01   1.1674e-02   9.6931e-03   2.7402e+02
20260901_06:00:00   1.6336e-01   4.4661e+01   1.9688e+01   0.0000e+00   0.0000e+00   2.7088e+02
20260901_09:00:00   1.6422e-01   4.4862e+01   1.9345e+01   8.7060e-06   8.7060e-07   2.7068e+02
20260901_12:00:00   1.5593e-01   4.2969e+01   1.7763e+01   0.0000e+00   0.0000e+00   2.7044e+02
20260901_15:00:00   1.5356e-01   4.2419e+01   1.7508e+01   0.0000e+00   0.0000e+00   2.7200e+02
20260901_18:00:00   1.6152e-01   4.4383e+01   1.8807e+01   0.0000e+00   0.0000e+00   2.6940e+02
20260901_21:00:00   4.6203e-01   1.0352e+02   2.1798e+01   3.2245e-01   9.0760e-03   2.7141e+02
20260902_00:00:00   2.8272e-01   7.0419e+01   2.2051e+01   1.1769e-01   2.2584e-02   2.7046e+02
20260902_03:00:00   1.8687e-01   5.0164e+01   2.2383e+01   3.7942e-03   1.2689e-02   2.7238e+02
20260902_06:00:00   1.6914e-01   4.6124e+01   2.0519e+01   0.0000e+00   4.1768e-05   2.7366e+02
20260902_09:00:00   1.5706e-01   4.3270e+01   1.8668e+01   0.0000e+00   0.0000e+00   2.7194e+02
20260902_12:00:00   1.5715e-01   4.3204e+01   1.8667e+01   0.0000e+00   0.0000e+00   2.7309e+02
20260902_15:00:00   1.5195e-01   4.1950e+01   1.8072e+01   0.0000e+00   0.0000e+00   2.7516e+02
20260902_18:00:00   1.6377e-01   4.4776e+01   2.0036e+01   0.0000e+00   0.0000e+00   2.7395e+02
20260902_21:00:00   5.5903e-01   1.1911e+02   2.1961e+01   4.3304e-01   6.7818e-02   2.7222e+02
20260903_00:00:00   2.1251e-01   5.5611e+01   2.2305e+01   3.9324e-02   4.7458e-02   2.7301e+02
20260903_03:00:00   1.7505e-01   4.7392e+01   2.1980e+01   1.8130e-04   2.2746e-03   2.7280e+02
20260903_06:00:00   5.0138e-01   1.0995e+02   2.1832e+01   3.6661e-01   1.9744e-02   2.7304e+02
20260903_09:00:00   2.4316e-01   6.2198e+01   2.0601e+01   8.3380e-02   1.1158e-03   2.6958e+02
20260903_12:00:00   1.5970e-01   4.3776e+01   1.9350e+01   0.0000e+00   0.0000e+00   2.7227e+02
20260903_15:00:00   1.5020e-01   4.1531e+01   1.7791e+01   0.0000e+00   0.0000e+00   2.7513e+02
20260903_18:00:00   1.3914e-01   3.8967e+01   1.6523e+01   0.0000e+00   0.0000e+00   2.7372e+02
20260903_21:00:00   1.6427e-01   4.4662e+01   1.7421e+01   2.5760e-02   4.2423e-03   2.7383e+02
20260904_00:00:00   1.6383e-01   4.4622e+01   2.0130e+01   5.4768e-03   9.9117e-02   2.7429e+02
20260904_03:00:00   1.7586e-01   4.7477e+01   2.0382e+01   1.2624e-02   5.2436e-03   2.7401e+02
20260904_06:00:00   1.5331e-01   4.2263e+01   1.8234e+01   3.3877e-03   2.9124e-04   2.7691e+02
20260904_09:00:00   1.4283e-01   3.9739e+01   1.7343e+01   0.0000e+00   1.6642e-06   2.7895e+02
20260904_12:00:00   1.4523e-01   4.0173e+01   1.7897e+01   0.0000e+00   0.0000e+00   2.7779e+02
20260904_15:00:00   1.3750e-01   3.8349e+01   1.6587e+01   0.0000e+00   0.0000e+00   2.7760e+02
20260904_18:00:00   1.4426e-01   4.0044e+01   1.7678e+01   0.0000e+00   0.0000e+00   2.7737e+02
20260904_21:00:00   1.5152e-01   4.1727e+01   1.8884e+01   2.6120e-03   1.3619e-02   2.7582e+02
20260905_00:00:00   1.8674e-01   4.9676e+01   2.3582e+01   2.3132e-03   8.0914e-02   2.7631e+02
20260905_03:00:00   1.8935e-01   5.0189e+01   2.2511e+01   1.1058e-02   6.5160e-02   2.7640e+02
20260905_06:00:00   1.8193e-01   4.8621e+01   2.2534e+01   5.2660e-04   6.5227e-03   2.7638e+02
20260905_09:00:00   1.8102e-01   4.8314e+01   2.2667e+01   0.0000e+00   1.6875e-02   2.7689e+02
20260905_12:00:00   1.7253e-01   4.6396e+01   2.1064e+01   0.0000e+00   2.7982e-03   2.7616e+02
20260905_15:00:00   1.6934e-01   4.5630e+01   2.0791e+01   0.0000e+00   1.1126e-02   2.7758e+02
20260905_18:00:00   2.1198e-01   5.5166e+01   2.4601e+01   1.6284e-02   4.0066e-02   2.7819e+02
20260905_21:00:00   9.2276e-01   1.6635e+02   2.7288e+01   7.9455e-01   3.0196e-01   2.7648e+02
20260906_00:00:00   3.6550e-01   8.6406e+01   2.7290e+01   1.6531e-01   1.1926e-01   2.7928e+02
20260906_03:00:00   3.3848e-01   8.1255e+01   2.7976e+01   1.2214e-01   4.2597e-01   2.8055e+02
20260906_06:00:00   2.6265e-01   6.5817e+01   2.7523e+01   3.8784e-02   3.2963e-01   2.8127e+02
20260906_09:00:00   4.7846e-01   1.0611e+02   2.7175e+01   2.8534e-01   1.9603e-01   2.8035e+02
20260906_12:00:00   2.8386e-01   7.0116e+01   2.5926e+01   7.6283e-02   1.8383e-03   2.8012e+02
20260906_15:00:00   3.1671e-01   7.6674e+01   2.5933e+01   1.1511e-01   5.0320e-02   2.8118e+02
20260906_18:00:00   2.9791e-01   7.3136e+01   2.6270e+01   9.0446e-02   3.4365e-01   2.8104e+02
20260906_21:00:00   2.4094e-01   6.1340e+01   2.5949e+01   3.2413e-02   8.7023e-02   2.8028e+02
20260907_00:00:00   3.8186e-01   8.9544e+01   2.7020e+01   1.8026e-01   3.9484e-01   2.8084e+02
20260907_03:00:00   2.0289e-01   5.3161e+01   2.4795e+01   0.0000e+00   1.5848e-01   2.8105e+02
20260907_06:00:00   2.0012e-01   5.2475e+01   2.4450e+01   1.8502e-05   2.2828e-01   2.8226e+02
20260907_09:00:00   2.2896e-01   5.8639e+01   2.3869e+01   3.9103e-02   1.0812e-01   2.8346e+02
20260907_12:00:00   2.0190e-01   5.2714e+01   2.4076e+01   3.5949e-03   1.9010e-01   2.8434e+02
20260907_15:00:00   3.0308e-01   7.3850e+01   2.3917e+01   1.2071e-01   1.1045e-01   2.8576e+02
20260907_18:00:00   5.1467e-01   1.1201e+02   2.3721e+01   3.5847e-01   1.4840e-01   2.8606e+02
20260907_21:00:00   2.6174e-01   6.5840e+01   2.0104e+01   9.8500e-02   7.2699e-03   2.8788e+02
20260908_00:00:00   1.5773e-01   4.3155e+01   1.8134e+01   4.1660e-05   4.2900e-05   2.8962e+02
20260908_03:00:00   1.1464e-01   3.2590e+01   1.2907e+01   0.0000e+00   0.0000e+00   2.9120e+02
20260908_06:00:00   9.5561e-02   2.7818e+01   1.0021e+01   0.0000e+00   0.0000e+00   2.9261e+02
20260908_09:00:00   1.0476e-01   3.0223e+01   1.0525e+01   0.0000e+00   0.0000e+00   2.9690e+02
20260908_12:00:00   1.0663e-01   3.0671e+01   1.0455e+01   0.0000e+00   0.0000e+00   2.9601e+02
20260908_15:00:00   1.0392e-01   3.0006e+01   9.9108e+00   0.0000e+00   0.0000e+00   2.9700e+02
20260908_18:00:00   1.0094e-01   2.9278e+01   1.0012e+01   0.0000e+00   0.0000e+00   2.9938e+02
20260908_21:00:00   9.2073e-02   2.6983e+01   9.5493e+00   0.0000e+00   0.0000e+00   2.9940e+02
20260909_00:00:00   8.6625e-02   2.5531e+01   9.0872e+00   0.0000e+00   0.0000e+00   2.9950e+02
20260909_03:00:00   7.3890e-02   2.2213e+01   6.9865e+00   0.0000e+00   0.0000e+00   2.9707e+02
20260909_06:00:00   1.0253e-01   2.9707e+01   1.0498e+01   0.0000e+00   0.0000e+00   2.9478e+02
20260909_09:00:00   1.1111e-01   3.1806e+01   1.1175e+01   0.0000e+00   0.0000e+00   2.9385e+02
20260909_12:00:00   1.0730e-01   3.0805e+01   1.0578e+01   0.0000e+00   0.0000e+00   2.9549e+02
20260909_15:00:00   1.1083e-01   3.1700e+01   1.0680e+01   0.0000e+00   0.0000e+00   2.9463e+02
20260909_18:00:00   1.1706e-01   3.3304e+01   1.2094e+01   0.0000e+00   0.0000e+00   2.9572e+02
20260909_21:00:00   1.2671e-01   3.5575e+01   1.4074e+01   9.3120e-04   1.7424e-04   2.9676e+02
20260910_00:00:00   1.1535e-01   3.2717e+01   1.2310e+01   5.2320e-03   2.4100e-03   2.9623e+02
