#            date       tau255        Tb[K]      pwv[mm] lwp[kg*m^-2] iwp[kg*m^-2]       o3[DU]
20260924_00:00:00   2.8102e-01   6.8707e+01   1.9711e+01   1.2496e-01   7.3991e-02   2.7992e+02
20260924_01:00:00   1.6786e-01   4.4630e+01   1.9129e+01   3.7619e-03   4.8285e-04   2.8030e+02
20260924_02:00:00   1.6556e-01   4.4109e+01   1.9194e+01   8.6784e-05   1.1691e-04   2.7994e+02
20260924_03:00:00   1.6295e-01   4.3524e+01   1.8859e+01   9.9200e-07   1.5584e-03   2.8041e+02
20260924_04:00:00   1.5871e-01   4.2538e+01   1.8342e+01   0.0000e+00   1.5494e-03   2.7941e+02
20260924_05:00:00   1.5219e-01   4.1021e+01   1.7640e+01   0.0000e+00   3.1573e-03   2.7859e+02
20260924_06:00:00   1.5485e-01   4.1617e+01   1.7892e+01   0.0000e+00   3.4718e-03   2.7923e+02
20260924_07:00:00   1.5242e-01   4.1040e+01   1.7635e+01   0.0000e+00   6.4497e-02   2.7776e+02
20260924_08:00:00   1.5072e-01   4.0611e+01   1.7618e+01   0.0000e+00   6.2486e-02   2.7703e+02
20260924_09:00:00   1.4800e-01   3.9960e+01   1.7280e+01   0.0000e+00   7.0195e-02   2.7887e+02
20260924_10:00:00   1.4011e-01   3.8155e+01   1.6096e+01   0.0000e+00   2.6508e-02   2.7929e+02
20260924_11:00:00   1.3248e-01   3.6400e+01   1.4820e+01   0.0000e+00   6.5446e-03   2.8049e+02
20260924_12:00:00   1.2442e-01   3.4543e+01   1.3462e+01   0.0000e+00   8.4920e-06   2.7985e+02
20260924_13:00:00   1.2441e-01   3.4540e+01   1.3488e+01   0.0000e+00   0.0000e+00   2.7951e+02
20260924_14:00:00   1.2739e-01   3.5221e+01   1.3946e+01   0.0000e+00   0.0000e+00   2.7933e+02
20260924_15:00:00   1.2977e-01   3.5762e+01   1.4450e+01   0.0000e+00   0.0000e+00   2.7844e+02
20260924_16:00:00   1.3067e-01   3.5983e+01   1.4676e+01   0.0000e+00   0.0000e+00   2.7998e+02
20260924_17:00:00   1.3204e-01   3.6348e+01   1.4908e+01   0.0000e+00   0.0000e+00   2.7949e+02
20260924_18:00:00   1.3174e-01   3.6328e+01   1.4906e+01   0.0000e+00   0.0000e+00   2.7915e+02
20260924_19:00:00   1.3639e-01   3.7495e+01   1.5484e+01   0.0000e+00   0.0000e+00   2.7739e+02
20260924_20:00:00   1.4465e-01   3.9480e+01   1.6371e+01   1.6256e-03   2.1680e-05   2.7629e+02
20260924_21:00:00   1.6774e-01   4.4819e+01   1.6810e+01   2.3835e-02   2.1677e-04   2.7738e+02
20260924_22:00:00   1.7801e-01   4.7161e+01   1.7177e+01   3.1879e-02   4.1127e-03   2.7736e+02
20260924_23:00:00   1.6540e-01   4.4394e+01   1.7143e+01   1.7142e-02   1.0066e-03   2.7581e+02
20260925_00:00:00   1.7719e-01   4.7007e+01   1.7423e+01   2.9246e-02   6.2672e-02   2.7481e+02
20260925_01:00:00   4.1390e-01   9.4059e+01   1.9803e+01   2.7180e-01   3.2026e-01   2.7392e+02
20260925_02:00:00   2.6815e-01   6.6494e+01   1.8177e+01   1.2096e-01   3.0111e-02   2.7576e+02
20260925_03:00:00   1.5155e-01   4.1115e+01   1.7298e+01   0.0000e+00   4.6584e-04   2.7551e+02
20260925_04:00:00   1.4938e-01   4.0636e+01   1.7067e+01   0.0000e+00   2.2181e-03   2.7566e+02
20260925_05:00:00   1.5716e-01   4.2302e+01   1.8434e+01   0.0000e+00   6.8104e-02   2.7536e+02
20260925_06:00:00   1.6559e-01   4.4143e+01   1.9358e+01   4.1146e-04   2.3517e-01   2.7251e+02
20260925_07:00:00   1.6739e-01   4.4547e+01   1.9631e+01   2.1240e-05   1.6674e-01   2.7334e+02
20260925_08:00:00   1.6777e-01   4.4623e+01   1.9718e+01   0.0000e+00   2.5431e-01   2.7416e+02
20260925_09:00:00   1.7726e-01   4.6720e+01   2.0411e+01   3.8895e-03   1.5168e-01   2.7313e+02
20260925_10:00:00   1.7765e-01   4.6928e+01   1.9684e+01   7.8081e-03   1.3664e-02   2.7420e+02
20260925_11:00:00   1.6322e-01   4.3718e+01   1.8418e+01   5.0600e-04   5.1731e-03   2.7557e+02
20260925_12:00:00   1.5919e-01   4.2833e+01   1.7726e+01   0.0000e+00   2.2412e-04   2.7679e+02
20260925_13:00:00   1.5242e-01   4.1326e+01   1.6714e+01   0.0000e+00   0.0000e+00   2.7994e+02
20260925_14:00:00   1.4405e-01   3.9413e+01   1.5381e+01   0.0000e+00   0.0000e+00   2.8032e+02
20260925_15:00:00   1.3661e-01   3.7648e+01   1.4579e+01   0.0000e+00   0.0000e+00   2.7951e+02
20260925_16:00:00   1.3412e-01   3.7002e+01   1.4696e+01   0.0000e+00   0.0000e+00   2.7935e+02
20260925_17:00:00   1.3858e-01   3.8014e+01   1.5577e+01   0.0000e+00   0.0000e+00   2.8000e+02
20260925_18:00:00   1.4054e-01   3.8478e+01   1.5913e+01   3.5920e-05   1.7414e-06   2.8088e+02
20260925_19:00:00   1.4101e-01   3.8637e+01   1.5948e+01   5.4420e-05   1.6002e-05   2.8142e+02
20260925_20:00:00   1.4652e-01   3.9913e+01   1.5980e+01   6.9460e-03   1.9695e-04   2.8125e+02
20260925_21:00:00   1.8546e-01   4.8702e+01   1.6014e+01   5.1673e-02   9.5707e-03   2.8104e+02
20260925_22:00:00   1.7596e-01   4.6740e+01   1.6686e+01   3.5979e-02   1.2694e-02   2.8216e+02
20260925_23:00:00   4.1294e-01   9.4263e+01   1.8514e+01   2.8604e-01   1.1084e-01   2.8263e+02
20260926_00:00:00   3.7704e-01   8.7663e+01   1.9979e+01   2.3033e-01   2.0754e-01   2.8064e+02
20260926_01:00:00   2.0640e-01   5.3498e+01   1.7884e+01   5.4749e-02   6.6184e-02   2.7997e+02
20260926_02:00:00   1.7566e-01   4.6669e+01   1.6416e+01   3.2739e-02   9.3037e-03   2.7916e+02
20260926_03:00:00   4.3692e-01   9.8363e+01   1.6626e+01   3.2339e-01   3.9560e-02   2.7773e+02
20260926_04:00:00   4.2497e-01   9.6586e+01   1.6463e+01   3.0982e-01   5.4342e-03   2.7727e+02
20260926_05:00:00   2.3415e-01   5.9502e+01   1.5712e+01   1.0042e-01   5.5640e-04   2.7897e+02
20260926_06:00:00   2.0048e-01   5.2227e+01   1.5109e+01   6.7130e-02   4.6893e-04   2.7987e+02
20260926_07:00:00   1.6862e-01   4.5126e+01   1.4075e+01   4.0422e-02   1.5876e-04   2.7909e+02
20260926_08:00:00   1.3828e-01   3.8142e+01   1.3406e+01   1.1505e-02   3.3340e-05   2.7908e+02
20260926_09:00:00   1.2709e-01   3.5496e+01   1.3064e+01   1.3610e-03   2.4740e-05   2.7952e+02
20260926_10:00:00   1.2552e-01   3.5132e+01   1.2881e+01   0.0000e+00   7.9360e-07   2.7957e+02
20260926_11:00:00   1.2570e-01   3.5175e+01   1.2779e+01   0.0000e+00   0.0000e+00   2.7981e+02
20260926_12:00:00   1.2282e-01   3.4471e+01   1.2362e+01   0.0000e+00   0.0000e+00   2.7985e+02
20260926_13:00:00   1.1817e-01   3.3343e+01   1.1765e+01   0.0000e+00   0.0000e+00   2.7951e+02
20260926_14:00:00   1.1447e-01   3.2446e+01   1.1266e+01   0.0000e+00   0.0000e+00   2.7875e+02
20260926_15:00:00   1.1228e-01   3.1916e+01   1.0948e+01   0.0000e+00   0.0000e+00   2.7737e+02
20260926_16:00:00   1.1002e-01   3.1379e+01   1.0677e+01   0.0000e+00   0.0000e+00   2.7622e+02
20260926_17:00:00   1.0892e-01   3.1119e+01   1.0638e+01   0.0000e+00   0.0000e+00   2.7456e+02
20260926_18:00:00   1.1031e-01   3.1424e+01   1.1114e+01   0.0000e+00   0.0000e+00   2.7296e+02
20260926_19:00:00   1.0742e-01   3.0714e+01   1.0862e+01   0.0000e+00   0.0000e+00   2.7131e+02
20260926_20:00:00   1.0232e-01   2.9474e+01   1.0325e+01   0.0000e+00   0.0000e+00   2.6939e+02
20260926_21:00:00   1.0077e-01   2.9085e+01   1.0331e+01   0.0000e+00   0.0000e+00   2.6886e+02
20260926_22:00:00   1.0658e-01   3.0496e+01   1.1345e+01   0.0000e+00   0.0000e+00   2.6977e+02
20260926_23:00:00   1.0738e-01   3.0715e+01   1.1482e+01   0.0000e+00   0.0000e+00   2.7029e+02
20260927_00:00:00   1.0784e-01   3.0847e+01   1.1541e+01   0.0000e+00   4.2864e-05   2.7020e+02
20260927_01:00:00   1.2114e-01   3.4053e+01   1.1576e+01   1.4592e-02   1.6548e-03   2.7052e+02
20260927_02:00:00   1.2276e-01   3.4437e+01   1.2010e+01   1.2862e-02   2.2300e-03   2.7036e+02
20260927_03:00:00   1.3844e-01   3.8122e+01   1.2310e+01   2.7660e-02   2.8373e-04   2.7023e+02
20260927_04:00:00   1.1519e-01   3.2628e+01   1.2129e+01   2.5540e-03   9.1860e-05   2.6851e+02
20260927_05:00:00   1.1650e-01   3.2936e+01   1.2074e+01   3.9980e-03   1.9074e-04   2.6741e+02
20260927_06:00:00   1.4807e-01   4.0319e+01   1.2338e+01   3.6920e-02   1.5473e-03   2.6740e+02
20260927_07:00:00   1.0973e-01   3.1334e+01   1.1301e+01   4.3200e-04   1.3136e-03   2.6795e+02
20260927_08:00:00   1.0912e-01   3.1176e+01   1.1143e+01   0.0000e+00   1.9608e-03   2.6900e+02
20260927_09:00:00   1.0780e-01   3.0824e+01   1.0968e+01   0.0000e+00   3.4581e-03   2.7081e+02
20260927_10:00:00   1.0816e-01   3.0875e+01   1.1180e+01   0.0000e+00   3.7760e-03   2.7131e+02
20260927_11:00:00   1.1106e-01   3.1529e+01   1.1840e+01   0.0000e+00   4.1056e-03   2.7029e+02
20260927_12:00:00   1.1035e-01   3.1281e+01   1.2128e+01   0.0000e+00   5.1609e-03   2.6803e+02
20260927_13:00:00   1.0702e-01   3.0453e+01   1.1725e+01   0.0000e+00   9.9863e-03   2.6813e+02
20260927_14:00:00   1.0930e-01   3.0969e+01   1.2274e+01   0.0000e+00   2.1230e-02   2.6736e+02
20260927_15:00:00   1.1992e-01   3.3467e+01   1.4352e+01   0.0000e+00   3.5022e-02   2.6608e+02
20260927_16:00:00   1.3390e-01   3.6755e+01   1.6577e+01   0.0000e+00   5.8123e-02   2.6679e+02
20260927_17:00:00   1.4257e-01   3.8790e+01   1.7862e+01   3.7940e-04   4.3571e-02   2.6728e+02
20260927_18:00:00   1.8537e-01   4.8606e+01   1.9342e+01   3.5660e-02   3.3102e-02   2.6775e+02
20260927_19:00:00   2.5553e-01   6.3703e+01   2.0901e+01   9.9948e-02   5.6879e-02   2.6839e+02
20260927_20:00:00   5.3814e-01   1.1493e+02   2.1796e+01   4.0909e-01   2.7383e-01   2.6771e+02
20260927_21:00:00   4.7954e-01   1.0574e+02   2.2121e+01   3.4140e-01   1.3971e-01   2.6745e+02
20260927_22:00:00   4.8608e-01   1.0723e+02   2.3565e+01   3.3459e-01   3.0105e-01   2.6681e+02
20260927_23:00:00   5.8030e-01   1.2241e+02   2.4481e+01   4.3130e-01   2.4753e-01   2.6627e+02
20260928_00:00:00   2.7357e-01   6.7971e+01   2.4752e+01   7.8253e-02   3.9246e-01   2.6650e+02
20260928_01:00:00   5.8369e-01   1.2272e+02   2.5212e+01   4.2399e-01   1.6355e-01   2.6687e+02
20260928_02:00:00   2.3622e-01   6.0106e+01   2.4408e+01   3.8923e-02   2.5495e-01   2.6708e+02
20260928_03:00:00   2.2416e-01   5.7472e+01   2.4470e+01   2.4641e-02   3.2046e-01   2.6650e+02
20260928_04:00:00   2.0242e-01   5.2668e+01   2.4280e+01   1.6274e-03   3.6265e-01   2.6651e+02
20260928_05:00:00   3.0577e-01   7.4485e+01   2.4475e+01   1.1706e-01   3.4736e-01   2.6601e+02
20260928_06:00:00   4.2649e-01   9.7332e+01   2.4475e+01   2.5500e-01   3.1501e-01   2.6534e+02
20260928_07:00:00   4.2344e-01   9.6635e+01   2.4805e+01   2.4566e-01   4.6672e-01   2.6481e+02
20260928_08:00:00   6.5265e-01   1.3309e+02   2.4894e+01   5.0335e-01   2.4740e-01   2.6400e+02
20260928_09:00:00   5.9274e-01   1.2399e+02   2.5022e+01   4.3050e-01   5.6277e-01   2.6410e+02
20260928_10:00:00   4.3589e-01   9.9056e+01   2.3846e+01   2.6536e-01   6.0427e-02   2.6331e+02
20260928_11:00:00   3.3467e-01   8.0358e+01   2.3501e+01   1.5368e-01   2.0040e-03   2.6375e+02
20260928_12:00:00   2.2402e-01   5.7484e+01   2.4006e+01   2.2180e-02   5.7968e-03   2.6421e+02
20260928_13:00:00   3.1011e-01   7.5309e+01   2.4311e+01   1.1672e-01   8.7268e-02   2.6532e+02
20260928_14:00:00   7.0612e-01   1.4003e+02   2.4285e+01   5.6339e-01   3.6306e-01   2.6673e+02
20260928_15:00:00   4.9779e-01   1.0938e+02   2.3355e+01   3.3515e-01   2.5709e-01   2.6763e+02
20260928_16:00:00   3.7983e-01   8.8697e+01   2.3387e+01   2.0303e-01   2.6765e-01   2.6709e+02
20260928_17:00:00   4.6818e-01   1.0440e+02   2.2770e+01   3.0712e-01   3.9755e-04   2.6554e+02
20260928_18:00:00   1.9706e-01   5.1549e+01   2.2558e+01   1.9466e-03   6.3621e-04   2.6492e+02
20260928_19:00:00   3.9581e-01   9.2326e+01   2.1914e+01   2.3662e-01   6.1116e-05   2.6567e+02
20260928_20:00:00   4.7140e-01   1.0534e+02   2.2259e+01   3.1921e-01   1.2709e-04   2.6539e+02
20260928_21:00:00   1.9130e-01   5.0328e+01   2.1617e+01   5.4908e-03   1.1890e-05   2.6615e+02
20260928_22:00:00   2.0589e-01   5.3629e+01   2.1511e+01   2.4186e-02   4.7211e-05   2.6606e+02
20260928_23:00:00   1.8121e-01   4.8020e+01   2.0987e+01   1.4014e-04   1.1852e-04   2.6608e+02
20260929_00:00:00   1.6989e-01   4.5422e+01   1.9756e+01   0.0000e+00   1.2740e-05   2.6694e+02
20260929_03:00:00   1.3765e-01   3.7972e+01   1.5015e+01   0.0000e+00   0.0000e+00   2.6862e+02
20260929_06:00:00   1.3258e-01   3.6633e+01   1.4338e+01   0.0000e+00   4.2382e-02   2.7131e+02
20260929_09:00:00   1.2438e-01   3.4603e+01   1.3102e+01   0.0000e+00   7.3960e-03   2.7308e+02
20260929_12:00:00   1.0793e-01   3.0606e+01   1.0058e+01   0.0000e+00   1.0806e-03   2.7628e+02
20260929_15:00:00   7.8235e-02   2.3096e+01   6.2870e+00   0.0000e+00   0.0000e+00   2.7800e+02
20260929_18:00:00   6.7096e-02   2.0260e+01   4.9433e+00   0.0000e+00   0.0000e+00   2.7950e+02
20260929_21:00:00   6.7938e-02   2.0511e+01   5.2392e+00   0.0000e+00   0.0000e+00   2.7925e+02
20260930_00:00:00   6.3293e-02   1.9369e+01   4.6346e+00   0.0000e+00   0.0000e+00   2.7841e+02
20260930_03:00:00   6.3745e-02   1.9467e+01   4.7013e+00   0.0000e+00   0.0000e+00   2.7682e+02
20260930_06:00:00   6.2653e-02   1.9152e+01   4.5882e+00   0.0000e+00   0.0000e+00   2.7881e+02
20260930_09:00:00   6.1174e-02   1.8739e+01   4.5127e+00   0.0000e+00   0.0000e+00   2.8134e+02
20260930_12:00:00   6.0340e-02   1.8525e+01   4.4228e+00   0.0000e+00   0.0000e+00   2.7871e+02
20260930_15:00:00   6.3909e-02   1.9462e+01   5.0424e+00   0.0000e+00   0.0000e+00   2.7939e+02
20260930_18:00:00   6.7279e-02   2.0390e+01   5.6270e+00   0.0000e+00   0.0000e+00   2.7766e+02
20260930_21:00:00   6.7927e-02   2.0616e+01   5.8633e+00   0.0000e+00   0.0000e+00   2.7918e+02
20261001_00:00:00   6.8302e-02   2.0721e+01   5.9007e+00   0.0000e+00   0.0000e+00   2.7806e+02
20261001_03:00:00   6.6208e-02   2.0174e+01   5.4995e+00   0.0000e+00   0.0000e+00   2.8041e+02
20261001_06:00:00   6.7217e-02   2.0418e+01   5.6862e+00   0.0000e+00   0.0000e+00   2.8010e+02
20261001_09:00:00   6.7864e-02   2.0566e+01   5.7982e+00   0.0000e+00   0.0000e+00   2.8115e+02
20261001_12:00:00   6.9051e-02   2.0840e+01   5.9725e+00   0.0000e+00   0.0000e+00   2.7896e+02
20261001_15:00:00   6.7965e-02   2.0573e+01   5.7564e+00   0.0000e+00   0.0000e+00   2.7630e+02
20261001_18:00:00   7.0248e-02   2.1229e+01   6.1031e+00   0.0000e+00   0.0000e+00   2.7450e+02
20261001_21:00:00   7.4391e-02   2.2356e+01   6.8432e+00   0.0000e+00   0.0000e+00   2.7504e+02
20261002_00:00:00   7.8217e-02   2.3363e+01   7.4424e+00   0.0000e+00   0.0000e+00   2.7400e+02
20261002_03:00:00   7.8690e-02   2.3487e+01   7.4104e+00   0.0000e+00   0.0000e+00   2.7147e+02
20261002_06:00:00   8.2617e-02   2.4487e+01   7.9500e+00   0.0000e+00   0.0000e+00   2.7063e+02
20261002_09:00:00   8.2453e-02   2.4424e+01   7.8606e+00   0.0000e+00   0.0000e+00   2.7162e+02
20261002_12:00:00   8.5118e-02   2.5036e+01   8.3225e+00   0.0000e+00   6.9640e-03   2.6947e+02
20261002_15:00:00   8.5325e-02   2.5097e+01   8.2022e+00   0.0000e+00   1.3999e-03   2.6812e+02
20261002_18:00:00   8.4331e-02   2.4899e+01   8.0820e+00   0.0000e+00   4.5540e-04   2.6457e+02
20261002_21:00:00   8.0859e-02   2.3979e+01   7.9361e+00   0.0000e+00   0.0000e+00   2.6637e+02
20261003_00:00:00   8.3800e-02   2.4772e+01   8.3657e+00   0.0000e+00   0.0000e+00   2.6762e+02
20261003_03:00:00   8.6154e-02   2.5352e+01   8.5670e+00   0.0000e+00   0.0000e+00   2.6747e+02
20261003_06:00:00   8.5913e-02   2.5233e+01   8.5658e+00   0.0000e+00   6.0657e-03   2.7110e+02
20261003_09:00:00   8.7011e-02   2.5466e+01   8.6969e+00   0.0000e+00   5.4900e-04   2.7537e+02
20261003_12:00:00   7.8587e-02   2.3313e+01   7.2130e+00   0.0000e+00   0.0000e+00   2.7872e+02
20261003_15:00:00   7.3282e-02   2.1988e+01   6.1915e+00   0.0000e+00   0.0000e+00   2.7948e+02
20261003_18:00:00   7.5245e-02   2.2516e+01   6.7153e+00   0.0000e+00   0.0000e+00   2.8199e+02
20261003_21:00:00   7.2851e-02   2.1899e+01   6.5829e+00   0.0000e+00   0.0000e+00   2.8143e+02
20261004_00:00:00   8.2437e-02   2.4398e+01   8.0626e+00   0.0000e+00   0.0000e+00   2.8098e+02
20261004_03:00:00   8.5529e-02   2.5197e+01   8.3609e+00   0.0000e+00   0.0000e+00   2.7931e+02
20261004_06:00:00   8.3603e-02   2.4681e+01   7.9128e+00   0.0000e+00   0.0000e+00   2.7962e+02
20261004_09:00:00   9.2379e-02   2.6925e+01   8.8730e+00   0.0000e+00   0.0000e+00   2.7800e+02
20261004_12:00:00   1.0889e-01   3.1031e+01   1.0950e+01   0.0000e+00   0.0000e+00   2.7919e+02
20261004_15:00:00   1.1298e-01   3.2051e+01   1.1438e+01   0.0000e+00   0.0000e+00   2.8047e+02
20261004_18:00:00   1.2119e-01   3.4066e+01   1.2875e+01   0.0000e+00   0.0000e+00   2.7644e+02
20261004_21:00:00   3.4629e-01   8.1363e+01   1.6980e+01   2.2744e-01   2.3021e-01   2.7592e+02
20261005_00:00:00   2.1821e-01   5.5951e+01   2.0193e+01   5.2485e-02   3.1216e-01   2.7472e+02
20261005_03:00:00   2.9020e-01   7.0878e+01   1.7997e+01   1.4870e-01   9.1244e-02   2.7424e+02
20261005_06:00:00   2.8214e-01   6.9077e+01   1.6455e+01   1.5257e-01   1.8064e-03   2.7704e+02
20261005_09:00:00   1.6775e-01   4.4747e+01   1.7743e+01   1.3868e-02   8.9820e-03   2.7393e+02
20261005_12:00:00   1.5816e-01   4.2408e+01   1.8209e+01   3.7760e-04   4.8119e-02   2.7279e+02
20261005_15:00:00   1.6120e-01   4.3122e+01   1.6387e+01   1.6704e-02   1.2952e-02   2.7447e+02
20261005_18:00:00   3.1165e-01   7.4461e+01   1.7614e+01   1.7555e-01   1.2821e-01   2.7484e+02
20261005_21:00:00   1.3363e-01   3.6768e+01   1.4900e+01   0.0000e+00   1.2288e-05   2.7353e+02
20261006_00:00:00   1.8785e-01   4.8904e+01   1.8777e+01   2.7721e-02   4.2927e-01   2.7295e+02
20261006_03:00:00   1.3904e-01   3.7965e+01   1.4662e+01   5.2520e-03   7.6102e-04   2.7224e+02
20261006_06:00:00   1.3206e-01   3.6264e+01   1.4271e+01   0.0000e+00   2.8120e-04   2.7449e+02
20261006_09:00:00   1.3448e-01   3.6759e+01   1.4969e+01   0.0000e+00   3.9233e-04   2.7761e+02
20261006_12:00:00   1.3518e-01   3.6903e+01   1.5053e+01   0.0000e+00   1.1387e-04   2.7873e+02
20261006_15:00:00   1.4984e-01   4.0278e+01   1.5727e+01   9.6420e-03   1.3729e-03   2.8610e+02
20261006_18:00:00   1.3755e-01   3.7603e+01   1.5221e+01   0.0000e+00   3.0460e-04   2.8743e+02
20261006_21:00:00   1.3354e-01   3.6780e+01   1.5044e+01   0.0000e+00   1.2830e-03   2.8566e+02
20261007_00:00:00   1.3440e-01   3.7052e+01   1.4947e+01   0.0000e+00   0.0000e+00   2.8074e+02
20261007_03:00:00   1.2194e-01   3.4029e+01   1.3270e+01   0.0000e+00   0.0000e+00   2.7895e+02
20261007_06:00:00   1.1914e-01   3.3329e+01   1.2903e+01   0.0000e+00   0.0000e+00   2.7804e+02
20261007_09:00:00   1.1189e-01   3.1516e+01   1.1842e+01   0.0000e+00   1.3444e-03   2.7744e+02
20261007_12:00:00   1.0924e-01   3.0850e+01   1.1468e+01   0.0000e+00   1.6986e-05   2.7828e+02
20261007_15:00:00   1.0695e-01   3.0318e+01   1.1061e+01   0.0000e+00   0.0000e+00   2.7708e+02
20261007_18:00:00   1.0231e-01   2.9274e+01   1.0403e+01   0.0000e+00   0.0000e+00   2.7667e+02
20261007_21:00:00   1.0141e-01   2.9086e+01   1.0530e+01   0.0000e+00   0.0000e+00   2.7759e+02
20261008_00:00:00   9.1722e-02   2.6663e+01   9.1749e+00   0.0000e+00   0.0000e+00   2.7532e+02
20261008_03:00:00   8.8361e-02   2.5839e+01   8.2944e+00   0.0000e+00   0.0000e+00   2.7421e+02
20261008_06:00:00   8.1400e-02   2.4052e+01   7.2290e+00   0.0000e+00   0.0000e+00   2.7412e+02
20261008_09:00:00   7.8569e-02   2.3320e+01   6.4870e+00   0.0000e+00   0.0000e+00   2.7420e+02
20261008_12:00:00   7.2266e-02   2.1682e+01   5.4922e+00   0.0000e+00   0.0000e+00   2.7218e+02
20261008_15:00:00   6.6008e-02   2.0044e+01   4.5329e+00   0.0000e+00   0.0000e+00   2.7233e+02
20261008_18:00:00   6.6641e-02   2.0205e+01   5.0126e+00   0.0000e+00   0.0000e+00   2.7138e+02
20261008_21:00:00   9.9326e-02   2.8254e+01   1.0795e+01   0.0000e+00   0.0000e+00   2.6895e+02
20261009_00:00:00   1.0903e-01   3.0635e+01   1.2217e+01   0.0000e+00   5.2640e-05   2.6772e+02
20261009_03:00:00   1.2081e-01   3.3700e+01   1.3390e+01   0.0000e+00   0.0000e+00   2.6766e+02
20261009_06:00:00   1.0434e-01   2.9699e+01   1.0732e+01   0.0000e+00   0.0000e+00   2.6719e+02
20261009_09:00:00   1.1386e-01   3.1988e+01   1.2097e+01   0.0000e+00   3.0960e-06   2.6639e+02
20261009_12:00:00   1.2158e-01   3.3847e+01   1.3110e+01   0.0000e+00   0.0000e+00   2.6468e+02
20261009_15:00:00   1.2349e-01   3.4339e+01   1.3246e+01   0.0000e+00   0.0000e+00   2.6291e+02
20261009_18:00:00   1.2879e-01   3.5718e+01   1.3993e+01   1.1612e-05   0.0000e+00   2.6320e+02
20261009_21:00:00   1.9571e-01   5.0999e+01   1.4411e+01   7.5120e-02   7.6360e-04   2.6086e+02
20261010_00:00:00   1.9220e-01   5.0081e+01   1.4082e+01   7.3831e-02   4.9684e-03   2.6160e+02
