#            date       tau255        Tb[K]      pwv[mm] lwp[kg*m^-2] iwp[kg*m^-2]       o3[DU]
20260910_00:00:00   3.1099e-01   7.5982e+01   2.4484e+01   1.2768e-01   8.0146e-02   2.8131e+02
20260910_01:00:00   2.3307e-01   5.9984e+01   2.5382e+01   3.4406e-02   6.6337e-02   2.8166e+02
20260910_02:00:00   2.4524e-01   6.2652e+01   2.5583e+01   4.3361e-02   1.5666e-01   2.8279e+02
20260910_03:00:00   2.0621e-01   5.4245e+01   2.4490e+01   9.7683e-03   2.0070e-02   2.8322e+02
20260910_04:00:00   2.1994e-01   5.7145e+01   2.3886e+01   3.3475e-02   4.0970e-02   2.8465e+02
20260910_05:00:00   2.0696e-01   5.4310e+01   2.4142e+01   1.6399e-02   3.1528e-02   2.8495e+02
20260910_06:00:00   1.8886e-01   5.0247e+01   2.3738e+01   1.0838e-04   2.3588e-02   2.8351e+02
20260910_07:00:00   1.8434e-01   4.9192e+01   2.3170e+01   9.7240e-05   2.1268e-02   2.8501e+02
20260910_08:00:00   1.7494e-01   4.7007e+01   2.1836e+01   0.0000e+00   7.5016e-04   2.8675e+02
20260910_09:00:00   1.6134e-01   4.3834e+01   2.0053e+01   0.0000e+00   0.0000e+00   2.9110e+02
20260910_10:00:00   1.5154e-01   4.1508e+01   1.8726e+01   0.0000e+00   0.0000e+00   2.9203e+02
20260910_11:00:00   1.4401e-01   3.9706e+01   1.7650e+01   0.0000e+00   0.0000e+00   2.9155e+02
20260910_12:00:00   1.3740e-01   3.8123e+01   1.6754e+01   0.0000e+00   1.9728e-05   2.8964e+02
20260910_13:00:00   1.3281e-01   3.6991e+01   1.6146e+01   0.0000e+00   1.4446e-03   2.8811e+02
20260910_14:00:00   1.2695e-01   3.5549e+01   1.5351e+01   0.0000e+00   1.4472e-03   2.8811e+02
20260910_15:00:00   1.2229e-01   3.4417e+01   1.4674e+01   0.0000e+00   7.6480e-04   2.8796e+02
20260910_16:00:00   1.1775e-01   3.3312e+01   1.4031e+01   0.0000e+00   6.2860e-04   2.8700e+02
20260910_17:00:00   1.1568e-01   3.2838e+01   1.3734e+01   0.0000e+00   2.6340e-04   2.8637e+02
20260910_18:00:00   1.1656e-01   3.3070e+01   1.3904e+01   0.0000e+00   1.2654e-05   2.8735e+02
20260910_19:00:00   1.1890e-01   3.3639e+01   1.4321e+01   0.0000e+00   0.0000e+00   2.9049e+02
20260910_20:00:00   1.1911e-01   3.3702e+01   1.4444e+01   0.0000e+00   0.0000e+00   2.8997e+02
20260910_21:00:00   1.1973e-01   3.3837e+01   1.4598e+01   0.0000e+00   0.0000e+00   2.8818e+02
20260910_22:00:00   1.1923e-01   3.3735e+01   1.4589e+01   0.0000e+00   7.7400e-06   2.8656e+02
20260910_23:00:00   1.1899e-01   3.3722e+01   1.4538e+01   0.0000e+00   3.8700e-06   2.8543e+02
20260911_00:00:00   1.1696e-01   3.3227e+01   1.4251e+01   0.0000e+00   0.0000e+00   2.8485e+02
20260911_01:00:00   1.1366e-01   3.2401e+01   1.3800e+01   0.0000e+00   0.0000e+00   2.8288e+02
20260911_02:00:00   1.0880e-01   3.1212e+01   1.3026e+01   0.0000e+00   0.0000e+00   2.8164e+02
20260911_03:00:00   1.0459e-01   3.0172e+01   1.2332e+01   0.0000e+00   0.0000e+00   2.8065e+02
20260911_04:00:00   1.0320e-01   2.9813e+01   1.2074e+01   0.0000e+00   0.0000e+00   2.7977e+02
20260911_05:00:00   1.0294e-01   2.9725e+01   1.1987e+01   0.0000e+00   0.0000e+00   2.7915e+02
20260911_06:00:00   1.0411e-01   2.9979e+01   1.2145e+01   0.0000e+00   0.0000e+00   2.7843e+02
20260911_07:00:00   1.0300e-01   2.9682e+01   1.1988e+01   0.0000e+00   0.0000e+00   2.7844e+02
20260911_08:00:00   1.0313e-01   2.9680e+01   1.2068e+01   0.0000e+00   6.5880e-04   2.7852e+02
20260911_09:00:00   1.0713e-01   3.0645e+01   1.2679e+01   0.0000e+00   2.1777e-04   2.7978e+02
20260911_10:00:00   1.1378e-01   3.2306e+01   1.3593e+01   0.0000e+00   0.0000e+00   2.8066e+02
20260911_11:00:00   1.2529e-01   3.5211e+01   1.5074e+01   0.0000e+00   0.0000e+00   2.8125e+02
20260911_12:00:00   1.3012e-01   3.6440e+01   1.5601e+01   0.0000e+00   0.0000e+00   2.8156e+02
20260911_13:00:00   1.2588e-01   3.5424e+01   1.4945e+01   0.0000e+00   0.0000e+00   2.8080e+02
20260911_14:00:00   1.2311e-01   3.4746e+01   1.4556e+01   0.0000e+00   0.0000e+00   2.7940e+02
20260911_15:00:00   1.2498e-01   3.5195e+01   1.4846e+01   0.0000e+00   0.0000e+00   2.7899e+02
20260911_16:00:00   1.2859e-01   3.6081e+01   1.5484e+01   0.0000e+00   0.0000e+00   2.8015e+02
20260911_17:00:00   1.3736e-01   3.8243e+01   1.6720e+01   0.0000e+00   0.0000e+00   2.8068e+02
20260911_18:00:00   1.4233e-01   3.9445e+01   1.7516e+01   0.0000e+00   0.0000e+00   2.8100e+02
20260911_19:00:00   1.4777e-01   4.0723e+01   1.8361e+01   0.0000e+00   0.0000e+00   2.8012e+02
20260911_20:00:00   1.5359e-01   4.2087e+01   1.9223e+01   0.0000e+00   0.0000e+00   2.8083e+02
20260911_21:00:00   1.5841e-01   4.3245e+01   1.9906e+01   4.1720e-05   3.1116e-04   2.8089e+02
20260911_22:00:00   1.5804e-01   4.3173e+01   1.9839e+01   1.0120e-03   6.8023e-04   2.7978e+02
20260911_23:00:00   1.5205e-01   4.1808e+01   1.9170e+01   0.0000e+00   0.0000e+00   2.7953e+02
20260912_00:00:00   1.8348e-01   4.8846e+01   1.9925e+01   2.8976e-02   2.2689e-03   2.7980e+02
20260912_01:00:00   2.8943e-01   7.1237e+01   2.1404e+01   1.3250e-01   5.2707e-02   2.7912e+02
20260912_02:00:00   1.7382e-01   4.6844e+01   2.1480e+01   9.7340e-05   6.9745e-02   2.7964e+02
20260912_03:00:00   1.6760e-01   4.5374e+01   2.0914e+01   7.4555e-04   9.9483e-02   2.8148e+02
20260912_04:00:00   1.7664e-01   4.7345e+01   2.2146e+01   3.9840e-04   1.8170e-01   2.8102e+02
20260912_05:00:00   1.8166e-01   4.8366e+01   2.2864e+01   6.2460e-04   2.8708e-01   2.8268e+02
20260912_06:00:00   1.7775e-01   4.7491e+01   2.2511e+01   0.0000e+00   2.4315e-01   2.8394e+02
20260912_07:00:00   1.8078e-01   4.8187e+01   2.2719e+01   6.0780e-05   8.4021e-02   2.8312e+02
20260912_08:00:00   1.7812e-01   4.7601e+01   2.2404e+01   2.3980e-05   1.5312e-02   2.8215e+02
20260912_09:00:00   1.7556e-01   4.6984e+01   2.2218e+01   0.0000e+00   1.3639e-02   2.8103e+02
20260912_10:00:00   1.7384e-01   4.6612e+01   2.1900e+01   0.0000e+00   1.2869e-03   2.8075e+02
20260912_11:00:00   1.7253e-01   4.6288e+01   2.1734e+01   0.0000e+00   5.9257e-03   2.8162e+02
20260912_12:00:00   1.7047e-01   4.5807e+01   2.1460e+01   0.0000e+00   2.6818e-03   2.8162e+02
20260912_13:00:00   1.6928e-01   4.5536e+01   2.1245e+01   0.0000e+00   5.5686e-04   2.8228e+02
20260912_14:00:00   1.6968e-01   4.5672e+01   2.1175e+01   0.0000e+00   1.5849e-04   2.8124e+02
20260912_15:00:00   1.7258e-01   4.6395e+01   2.1358e+01   0.0000e+00   2.6690e-04   2.7853e+02
20260912_16:00:00   1.7309e-01   4.6575e+01   2.1367e+01   0.0000e+00   8.9873e-05   2.7751e+02
20260912_17:00:00   1.7608e-01   4.7352e+01   2.1657e+01   0.0000e+00   1.8862e-04   2.7911e+02
20260912_18:00:00   1.7289e-01   4.6680e+01   2.1361e+01   0.0000e+00   1.5508e-03   2.8058e+02
20260912_19:00:00   1.6991e-01   4.6029e+01   2.1090e+01   0.0000e+00   3.4768e-04   2.8142e+02
20260912_20:00:00   1.7343e-01   4.6849e+01   2.1594e+01   0.0000e+00   0.0000e+00   2.8089e+02
20260912_21:00:00   1.7192e-01   4.6501e+01   2.1459e+01   8.7340e-04   0.0000e+00   2.7948e+02
20260912_22:00:00   1.6907e-01   4.5848e+01   2.1253e+01   5.6380e-04   1.1148e-05   2.7922e+02
20260912_23:00:00   1.6442e-01   4.4809e+01   2.0735e+01   0.0000e+00   0.0000e+00   2.7827e+02
20260913_00:00:00   2.2193e-01   5.7616e+01   2.1691e+01   5.5358e-02   6.0273e-04   2.7815e+02
20260913_01:00:00   1.9691e-01   5.2198e+01   2.2554e+01   1.6746e-02   4.3773e-02   2.7891e+02
20260913_02:00:00   2.0728e-01   5.4432e+01   2.2386e+01   3.1677e-02   4.1180e-02   2.7909e+02
20260913_03:00:00   3.1783e-01   7.7195e+01   2.4772e+01   1.3461e-01   4.8649e-02   2.8016e+02
20260913_04:00:00   1.9803e-01   5.2319e+01   2.4088e+01   7.0360e-03   1.3302e-01   2.7869e+02
20260913_05:00:00   1.8466e-01   4.9336e+01   2.3393e+01   0.0000e+00   2.6368e-02   2.7772e+02
20260913_06:00:00   1.8336e-01   4.9036e+01   2.3104e+01   3.9680e-06   3.6487e-03   2.7799e+02
20260913_07:00:00   1.8627e-01   4.9692e+01   2.3058e+01   1.8554e-03   2.2216e-03   2.7806e+02
20260913_08:00:00   1.9741e-01   5.2181e+01   2.2860e+01   1.4758e-02   1.7116e-04   2.7652e+02
20260913_09:00:00   1.8392e-01   4.9175e+01   2.2499e+01   1.6704e-03   9.7800e-05   2.7536e+02
20260913_10:00:00   1.7946e-01   4.8178e+01   2.2066e+01   0.0000e+00   0.0000e+00   2.7543e+02
20260913_11:00:00   1.7609e-01   4.7416e+01   2.1563e+01   0.0000e+00   0.0000e+00   2.7268e+02
20260913_12:00:00   1.7292e-01   4.6709e+01   2.1056e+01   0.0000e+00   0.0000e+00   2.7372e+02
20260913_13:00:00   1.6913e-01   4.5842e+01   2.0498e+01   0.0000e+00   0.0000e+00   2.7499e+02
20260913_14:00:00   1.6784e-01   4.5524e+01   2.0289e+01   0.0000e+00   0.0000e+00   2.7450e+02
20260913_15:00:00   1.6720e-01   4.5394e+01   2.0104e+01   0.0000e+00   0.0000e+00   2.7522e+02
20260913_16:00:00   1.6400e-01   4.4699e+01   1.9669e+01   0.0000e+00   0.0000e+00   2.7447e+02
20260913_17:00:00   1.6351e-01   4.4658e+01   1.9544e+01   0.0000e+00   0.0000e+00   2.7452e+02
20260913_18:00:00   1.6547e-01   4.5144e+01   1.9804e+01   0.0000e+00   0.0000e+00   2.7408e+02
20260913_19:00:00   1.7938e-01   4.8293e+01   2.0497e+01   1.1112e-02   1.0254e-04   2.7202e+02
20260913_20:00:00   2.0592e-01   5.4204e+01   2.0940e+01   4.0660e-02   5.2834e-04   2.7437e+02
20260913_21:00:00   3.7567e-01   8.8218e+01   2.2593e+01   2.2041e-01   2.4529e-02   2.7630e+02
20260913_22:00:00   5.2525e-01   1.1330e+02   2.5071e+01   3.6698e-01   3.8222e-01   2.7613e+02
20260913_23:00:00   4.5513e-01   1.0219e+02   2.4878e+01   2.8872e-01   6.7133e-01   2.7670e+02
20260914_00:00:00   2.9117e-01   7.2181e+01   2.3498e+01   1.1620e-01   5.3397e-02   2.7722e+02
20260914_01:00:00   4.9171e-01   1.0862e+02   2.4411e+01   3.3163e-01   1.8203e-02   2.7640e+02
20260914_02:00:00   2.1716e-01   5.6752e+01   2.3191e+01   3.3440e-02   1.0095e-03   2.7550e+02
20260914_03:00:00   1.9604e-01   5.2085e+01   2.3852e+01   4.1680e-03   5.3710e-05   2.7720e+02
20260914_04:00:00   1.9967e-01   5.2925e+01   2.4032e+01   4.3978e-03   9.3629e-05   2.7768e+02
20260914_05:00:00   1.9633e-01   5.2134e+01   2.3509e+01   4.8914e-03   3.6617e-04   2.7658e+02
20260914_06:00:00   1.8497e-01   4.9534e+01   2.2525e+01   7.6057e-04   4.1192e-04   2.7726e+02
20260914_07:00:00   1.8355e-01   4.9152e+01   2.2588e+01   4.3540e-06   1.2838e-04   2.7874e+02
20260914_08:00:00   1.9370e-01   5.1362e+01   2.4011e+01   0.0000e+00   2.4585e-03   2.7728e+02
20260914_09:00:00   1.9651e-01   5.1973e+01   2.4362e+01   0.0000e+00   1.2975e-02   2.7726e+02
20260914_10:00:00   2.0125e-01   5.3009e+01   2.4770e+01   0.0000e+00   3.4325e-02   2.7762e+02
20260914_11:00:00   2.2973e-01   5.9226e+01   2.5142e+01   2.6380e-02   3.6263e-02   2.7888e+02
20260914_12:00:00   2.0662e-01   5.4244e+01   2.4858e+01   2.1920e-03   2.3892e-02   2.8044e+02
20260914_13:00:00   2.0352e-01   5.3547e+01   2.4803e+01   0.0000e+00   2.0175e-02   2.8072e+02
20260914_14:00:00   2.1239e-01   5.5465e+01   2.5695e+01   1.6334e-03   2.0611e-02   2.8089e+02
20260914_15:00:00   2.6431e-01   6.6527e+01   2.6375e+01   5.2778e-02   1.7404e-02   2.8104e+02
20260914_16:00:00   2.8487e-01   7.0759e+01   2.6590e+01   7.5275e-02   1.5083e-02   2.8073e+02
20260914_17:00:00   3.4045e-01   8.1727e+01   2.6504e+01   1.3990e-01   6.7171e-03   2.7899e+02
20260914_18:00:00   2.3614e-01   6.0558e+01   2.6138e+01   2.7117e-02   1.7629e-02   2.7723e+02
20260914_19:00:00   2.1433e-01   5.5936e+01   2.6083e+01   4.0535e-03   7.0577e-03   2.7763e+02
20260914_20:00:00   2.2497e-01   5.8348e+01   2.5912e+01   1.8802e-02   1.3420e-02   2.7726e+02
20260914_21:00:00   8.1439e-01   1.5490e+02   2.7316e+01   6.7559e-01   4.7379e-01   2.7573e+02
20260914_22:00:00   1.0617e+00   1.7759e+02   2.9110e+01   9.5150e-01   1.0629e+00   2.7672e+02
20260914_23:00:00   4.4670e-01   1.0080e+02   2.7415e+01   2.5068e-01   1.1944e+00   2.7781e+02
20260915_00:00:00   2.3261e-01   5.9507e+01   2.6410e+01   1.9846e-02   6.6692e-01   2.7769e+02
20260915_03:00:00   2.2204e-01   5.7370e+01   2.6881e+01   5.0523e-03   1.6957e-01   2.7932e+02
20260915_06:00:00   2.9672e-01   7.2837e+01   2.7603e+01   7.6075e-02   1.5442e-01   2.7775e+02
20260915_09:00:00   4.6557e-01   1.0391e+02   2.6317e+01   2.8094e-01   4.0571e-01   2.7741e+02
20260915_12:00:00   2.2977e-01   5.8832e+01   2.5833e+01   2.0044e-02   4.2730e-01   2.7987e+02
20260915_15:00:00   2.0373e-01   5.3283e+01   2.3732e+01   7.2960e-03   8.0378e-03   2.7977e+02
20260915_18:00:00   1.9175e-01   5.0696e+01   2.3278e+01   8.7060e-06   1.9905e-01   2.7783e+02
20260915_21:00:00   6.8531e-01   1.3766e+02   2.7807e+01   5.1463e-01   5.8642e-01   2.7605e+02
20260916_00:00:00   3.0835e-01   7.5233e+01   2.6587e+01   1.0192e-01   2.8113e-01   2.7529e+02
20260916_03:00:00   2.0346e-01   5.3112e+01   2.5123e+01   5.0960e-05   4.2289e-01   2.7754e+02
20260916_06:00:00   1.9981e-01   5.2422e+01   2.4423e+01   0.0000e+00   7.9361e-03   2.7616e+02
20260916_09:00:00   1.9134e-01   5.0566e+01   2.3190e+01   0.0000e+00   2.4147e-02   2.7579e+02
20260916_12:00:00   1.9121e-01   5.0523e+01   2.2955e+01   0.0000e+00   2.7377e-03   2.7822e+02
20260916_15:00:00   1.8763e-01   4.9770e+01   2.2293e+01   0.0000e+00   8.8617e-03   2.7882e+02
20260916_18:00:00   1.8635e-01   4.9621e+01   2.2282e+01   0.0000e+00   4.0722e-03   2.7765e+02
20260916_21:00:00   3.0137e-01   7.4149e+01   2.3316e+01   1.2694e-01   1.6298e-02   2.7648e+02
20260917_00:00:00   4.1296e-01   9.5179e+01   2.4160e+01   2.4325e-01   2.7910e-02   2.7572e+02
20260917_03:00:00   2.2462e-01   5.8219e+01   2.3087e+01   3.6548e-02   9.3850e-04   2.7341e+02
20260917_06:00:00   4.0189e-01   9.2947e+01   2.3334e+01   2.2751e-01   4.0903e-03   2.7377e+02
20260917_09:00:00   3.1391e-01   7.6288e+01   2.2092e+01   1.3788e-01   8.6305e-03   2.7173e+02
20260917_12:00:00   1.7245e-01   4.6596e+01   1.9664e+01   0.0000e+00   0.0000e+00   2.7110e+02
20260917_15:00:00   1.6070e-01   4.3853e+01   1.8384e+01   0.0000e+00   0.0000e+00   2.7012e+02
20260917_18:00:00   1.7493e-01   4.7307e+01   2.0043e+01   0.0000e+00   0.0000e+00   2.6870e+02
20260917_21:00:00   5.6805e-01   1.2140e+02   2.1043e+01   4.4166e-01   2.3320e-04   2.6792e+02
20260918_00:00:00   3.6457e-01   8.6690e+01   2.1716e+01   1.9924e-01   2.9340e-04   2.6666e+02
20260918_03:00:00   1.8740e-01   5.0279e+01   2.1015e+01   3.2806e-03   6.1140e-05   2.6990e+02
20260918_06:00:00   1.6795e-01   4.5773e+01   1.8831e+01   0.0000e+00   1.1686e-04   2.6938e+02
20260918_09:00:00   1.5923e-01   4.3622e+01   1.7810e+01   0.0000e+00   3.7964e-03   2.6939e+02
20260918_12:00:00   1.6956e-01   4.5944e+01   1.9072e+01   0.0000e+00   2.6400e-03   2.7152e+02
20260918_15:00:00   1.6005e-01   4.3736e+01   1.7893e+01   0.0000e+00   3.6760e-03   2.7134e+02
20260918_18:00:00   1.5841e-01   4.3482e+01   1.7799e+01   0.0000e+00   4.4160e-03   2.7069e+02
20260918_21:00:00   1.6140e-01   4.4160e+01   1.8704e+01   1.2724e-03   2.0861e-04   2.7031e+02
20260919_00:00:00   1.6679e-01   4.5348e+01   1.8032e+01   1.5382e-02   2.1180e-05   2.7187e+02
20260919_03:00:00   1.5979e-01   4.3834e+01   1.8137e+01   3.2560e-03   8.6620e-05   2.7236e+02
20260919_06:00:00   1.6156e-01   4.4195e+01   1.8509e+01   1.2418e-04   1.8327e-04   2.7093e+02
20260919_09:00:00   2.7638e-01   6.8913e+01   1.9913e+01   1.1500e-01   2.3533e-04   2.7098e+02
20260919_12:00:00   1.8077e-01   4.8429e+01   1.8684e+01   1.9126e-02   3.0848e-04   2.7088e+02
20260919_15:00:00   1.5439e-01   4.2348e+01   1.7651e+01   9.9200e-07   1.1923e-03   2.6933e+02
20260919_18:00:00   1.6244e-01   4.4356e+01   1.8652e+01   0.0000e+00   9.2319e-04   2.7230e+02
20260919_21:00:00   2.5992e-01   6.5407e+01   1.8987e+01   1.1278e-01   2.0274e-03   2.7256e+02
20260920_00:00:00   5.0912e-01   1.1102e+02   2.0700e+01   3.8020e-01   4.9799e-02   2.7011e+02
20260920_03:00:00   4.3069e-01   9.7831e+01   2.0011e+01   2.9592e-01   1.4981e-02   2.7054e+02
20260920_06:00:00   8.6344e-01   1.5936e+02   2.2254e+01   7.5865e-01   6.1599e-02   2.7028e+02
20260920_09:00:00   1.6295e-01   4.4364e+01   1.8339e+01   5.1264e-04   5.2240e-06   2.6927e+02
20260920_12:00:00   1.5307e-01   4.1981e+01   1.7063e+01   0.0000e+00   0.0000e+00   2.6785e+02
20260920_15:00:00   1.4375e-01   3.9788e+01   1.5982e+01   0.0000e+00   0.0000e+00   2.6975e+02
20260920_18:00:00   1.6440e-01   4.4658e+01   1.8046e+01   8.6541e-03   3.0960e-06   2.7065e+02
20260920_21:00:00   4.6528e-01   1.0346e+02   2.1467e+01   3.2211e-01   1.1371e-01   2.6972e+02
20260921_00:00:00   2.9299e-01   7.2360e+01   2.1432e+01   1.2702e-01   1.2259e-02   2.7033e+02
20260921_03:00:00   1.6383e-01   4.4583e+01   1.8865e+01   3.4560e-03   1.6745e-03   2.7236e+02
20260921_06:00:00   1.8192e-01   4.8595e+01   2.1796e+01   8.4920e-06   8.7328e-02   2.7188e+02
20260921_09:00:00   1.9022e-01   5.0232e+01   2.3169e+01   0.0000e+00   1.5347e-01   2.7085e+02
20260921_12:00:00   2.1295e-01   5.5058e+01   2.2749e+01   3.0440e-02   4.5745e-03   2.7267e+02
20260921_15:00:00   1.9160e-01   5.0484e+01   2.2881e+01   0.0000e+00   6.9295e-03   2.7555e+02
20260921_18:00:00   1.8214e-01   4.8619e+01   2.1018e+01   1.7834e-04   9.7240e-06   2.7652e+02
20260921_21:00:00   7.3274e-01   1.4382e+02   2.2763e+01   6.0881e-01   8.4322e-03   2.7718e+02
20260922_00:00:00   2.6598e-01   6.6990e+01   1.8790e+01   1.1125e-01   1.8907e-03   2.7722e+02
20260922_03:00:00   2.4216e-01   6.1633e+01   1.7122e+01   9.9883e-02   1.9170e-03   2.7957e+02
20260922_06:00:00   1.3073e-01   3.6585e+01   1.4030e+01   0.0000e+00   2.6080e-03   2.8068e+02
20260922_09:00:00   1.0513e-01   3.0200e+01   1.0689e+01   0.0000e+00   2.3980e-05   2.8097e+02
20260922_12:00:00   9.2444e-02   2.6960e+01   8.9564e+00   0.0000e+00   8.4920e-06   2.8180e+02
20260922_15:00:00   9.1729e-02   2.6739e+01   8.9218e+00   0.0000e+00   0.0000e+00   2.8101e+02
20260922_18:00:00   8.9102e-02   2.6101e+01   8.7850e+00   0.0000e+00   0.0000e+00   2.8042e+02
20260922_21:00:00   9.9961e-02   2.8848e+01   1.0606e+01   0.0000e+00   9.6860e-05   2.8098e+02
20260923_00:00:00   1.0744e-01   3.0762e+01   1.1742e+01   0.0000e+00   1.2410e-02   2.8002e+02
20260923_03:00:00   1.2648e-01   3.5356e+01   1.3970e+01   3.3620e-03   3.2545e-03   2.7862e+02
20260923_06:00:00   1.2269e-01   3.4415e+01   1.3792e+01   0.0000e+00   3.3864e-03   2.8032e+02
20260923_09:00:00   1.3028e-01   3.6305e+01   1.4526e+01   0.0000e+00   2.5369e-03   2.7770e+02
20260923_12:00:00   1.4931e-01   4.0733e+01   1.6859e+01   1.0652e-03   1.9579e-02   2.7622e+02
20260923_15:00:00   1.5935e-01   4.3066e+01   1.7886e+01   1.8236e-03   3.0577e-02   2.7804e+02
20260923_18:00:00   1.8040e-01   4.7653e+01   2.1355e+01   1.6726e-03   3.3266e-01   2.7665e+02
20260923_21:00:00   5.2442e-01   1.1309e+02   2.1023e+01   3.9204e-01   1.9409e-01   2.7723e+02
20260924_00:00:00   2.5520e-01   6.3929e+01   2.0857e+01   8.7418e-02   1.5507e-01   2.7744e+02
20260924_03:00:00   1.6237e-01   4.3605e+01   1.8852e+01   0.0000e+00   1.1123e-01   2.7723e+02
20260924_06:00:00   1.5908e-01   4.2798e+01   1.8535e+01   0.0000e+00   2.2167e-03   2.7758e+02
20260924_09:00:00   1.3967e-01   3.8352e+01   1.5487e+01   0.0000e+00   0.0000e+00   2.7928e+02
20260924_12:00:00   1.3135e-01   3.6367e+01   1.4221e+01   0.0000e+00   0.0000e+00   2.7949e+02
20260924_15:00:00   1.1972e-01   3.3582e+01   1.2606e+01   0.0000e+00   0.0000e+00   2.7624e+02
20260924_18:00:00   1.3274e-01   3.6800e+01   1.4441e+01   0.0000e+00   0.0000e+00   2.7110e+02
20260924_21:00:00   1.3070e-01   3.6279e+01   1.4796e+01   0.0000e+00   2.4240e-04   2.7079e+02
20260925_00:00:00   1.2430e-01   3.4797e+01   1.3817e+01   0.0000e+00   0.0000e+00   2.6924e+02
20260925_03:00:00   1.1707e-01   3.3040e+01   1.2738e+01   0.0000e+00   0.0000e+00   2.6660e+02
20260925_06:00:00   1.2434e-01   3.4883e+01   1.3206e+01   0.0000e+00   0.0000e+00   2.6475e+02
20260925_09:00:00   1.2565e-01   3.5186e+01   1.3219e+01   0.0000e+00   0.0000e+00   2.6178e+02
20260925_12:00:00   1.2948e-01   3.6106e+01   1.3575e+01   0.0000e+00   0.0000e+00   2.6096e+02
20260925_15:00:00   1.3818e-01   3.8186e+01   1.4444e+01   1.8257e-03   5.3059e-05   2.6277e+02
20260925_18:00:00   1.3615e-01   3.7769e+01   1.4306e+01   1.9468e-03   3.4220e-05   2.6089e+02
20260925_21:00:00   1.3947e-01   3.8385e+01   1.4498e+01   1.3466e-02   8.4134e-03   2.6172e+02
20260926_00:00:00   1.2752e-01   3.5695e+01   1.4217e+01   2.1760e-06   2.8375e-04   2.5834e+02
