#            date       tau255        Tb[K]      pwv[mm] lwp[kg*m^-2] iwp[kg*m^-2]       o3[DU]
20260803_00:00:00   3.7171e-01   8.7065e+01   2.2203e+01   2.2322e-01   2.3805e-01   2.8884e+02
20260803_01:00:00   2.3691e-01   6.0782e+01   2.3070e+01   6.6515e-02   6.1988e-02   2.8921e+02
20260803_02:00:00   1.7241e-01   4.6686e+01   2.1515e+01   7.1637e-03   1.1829e-01   2.9070e+02
20260803_03:00:00   1.5772e-01   4.3354e+01   2.0166e+01   0.0000e+00   1.3137e-02   2.9204e+02
20260803_04:00:00   1.5367e-01   4.2440e+01   1.9406e+01   4.6920e-04   3.6444e-04   2.9211e+02
20260803_05:00:00   1.4523e-01   4.0479e+01   1.8246e+01   0.0000e+00   2.4396e-03   2.9115e+02
20260803_06:00:00   1.4041e-01   3.9342e+01   1.7479e+01   0.0000e+00   1.1110e-05   2.9121e+02
20260803_07:00:00   1.3911e-01   3.9040e+01   1.7108e+01   0.0000e+00   1.7224e-05   2.9125e+02
20260803_08:00:00   1.4243e-01   3.9805e+01   1.7336e+01   7.0440e-04   6.8120e-05   2.9066e+02
20260803_09:00:00   1.4198e-01   3.9673e+01   1.7329e+01   0.0000e+00   0.0000e+00   2.9167e+02
20260803_10:00:00   1.4075e-01   3.9364e+01   1.7132e+01   0.0000e+00   0.0000e+00   2.9237e+02
20260803_11:00:00   1.4108e-01   3.9443e+01   1.7097e+01   0.0000e+00   0.0000e+00   2.9327e+02
20260803_12:00:00   1.4050e-01   3.9292e+01   1.6946e+01   0.0000e+00   0.0000e+00   2.9277e+02
20260803_13:00:00   1.3512e-01   3.7983e+01   1.6185e+01   0.0000e+00   0.0000e+00   2.9291e+02
20260803_14:00:00   1.3003e-01   3.6743e+01   1.5454e+01   0.0000e+00   0.0000e+00   2.9361e+02
20260803_15:00:00   1.2785e-01   3.6230e+01   1.5187e+01   0.0000e+00   0.0000e+00   2.9417e+02
20260803_16:00:00   1.3076e-01   3.6977e+01   1.5567e+01   0.0000e+00   0.0000e+00   2.9509e+02
20260803_17:00:00   1.2922e-01   3.6611e+01   1.5520e+01   0.0000e+00   0.0000e+00   2.9567e+02
20260803_18:00:00   1.2957e-01   3.6663e+01   1.5809e+01   0.0000e+00   0.0000e+00   2.9473e+02
20260803_19:00:00   1.3263e-01   3.7315e+01   1.6516e+01   0.0000e+00   3.9082e-04   2.9104e+02
20260803_20:00:00   1.5231e-01   4.1742e+01   1.7574e+01   1.6346e-02   1.7394e-02   2.9044e+02
20260803_21:00:00   1.6153e-01   4.3932e+01   1.8400e+01   2.0081e-02   1.2644e-01   2.9164e+02
20260803_22:00:00   2.0901e-01   5.4477e+01   1.9815e+01   6.3060e-02   1.8938e-01   2.9239e+02
20260803_23:00:00   3.4514e-01   8.1728e+01   2.0493e+01   2.1018e-01   2.2852e-01   2.9257e+02
20260804_00:00:00   2.2342e-01   5.7660e+01   2.1206e+01   6.7182e-02   3.0591e-01   2.9304e+02
20260804_01:00:00   1.5003e-01   4.1494e+01   1.9472e+01   7.9630e-04   7.1631e-02   2.9494e+02
20260804_02:00:00   1.5396e-01   4.2351e+01   1.8936e+01   8.5765e-03   6.5558e-02   2.9469e+02
20260804_03:00:00   1.5452e-01   4.2481e+01   1.9155e+01   5.7040e-03   3.6038e-02   2.9626e+02
20260804_04:00:00   1.4879e-01   4.1214e+01   1.8964e+01   2.5351e-04   6.5984e-03   2.9596e+02
20260804_05:00:00   1.4586e-01   4.0546e+01   1.8458e+01   0.0000e+00   2.3110e-03   2.9490e+02
20260804_06:00:00   1.4588e-01   4.0560e+01   1.8357e+01   0.0000e+00   1.3868e-03   2.9315e+02
20260804_07:00:00   1.4566e-01   4.0465e+01   1.8175e+01   1.1068e-03   5.5796e-04   2.9356e+02
20260804_08:00:00   1.4452e-01   4.0189e+01   1.7875e+01   1.3374e-03   9.6060e-04   2.9356e+02
20260804_09:00:00   1.4287e-01   3.9844e+01   1.7530e+01   0.0000e+00   3.6860e-04   2.9287e+02
20260804_10:00:00   1.4173e-01   3.9566e+01   1.7291e+01   0.0000e+00   3.3980e-06   2.9280e+02
20260804_11:00:00   1.4063e-01   3.9320e+01   1.6984e+01   0.0000e+00   0.0000e+00   2.9442e+02
20260804_12:00:00   1.3853e-01   3.8811e+01   1.6623e+01   0.0000e+00   0.0000e+00   2.9259e+02
20260804_13:00:00   1.3603e-01   3.8195e+01   1.6238e+01   0.0000e+00   0.0000e+00   2.9075e+02
20260804_14:00:00   1.3461e-01   3.7834e+01   1.6059e+01   0.0000e+00   0.0000e+00   2.9186e+02
20260804_15:00:00   1.2957e-01   3.6614e+01   1.5490e+01   0.0000e+00   0.0000e+00   2.9270e+02
20260804_16:00:00   1.2787e-01   3.6211e+01   1.5404e+01   0.0000e+00   0.0000e+00   2.9305e+02
20260804_17:00:00   1.2994e-01   3.6750e+01   1.5819e+01   0.0000e+00   0.0000e+00   2.9420e+02
20260804_18:00:00   1.3298e-01   3.7476e+01   1.6423e+01   0.0000e+00   0.0000e+00   2.9539e+02
20260804_19:00:00   1.3425e-01   3.7727e+01   1.6826e+01   0.0000e+00   6.8120e-06   2.9515e+02
20260804_20:00:00   1.4745e-01   4.0670e+01   1.7663e+01   9.9819e-03   7.8088e-03   2.9404e+02
20260804_21:00:00   1.5653e-01   4.2814e+01   1.8436e+01   1.4212e-02   1.2082e-01   2.9375e+02
20260804_22:00:00   1.5404e-01   4.2324e+01   1.9038e+01   7.1632e-03   3.4462e-02   2.9433e+02
20260804_23:00:00   1.4996e-01   4.1443e+01   1.9027e+01   2.5480e-03   4.1259e-02   2.9505e+02
20260805_00:00:00   1.5015e-01   4.1504e+01   1.9291e+01   1.1440e-03   7.1456e-02   2.9437e+02
20260805_01:00:00   1.5887e-01   4.3509e+01   1.9386e+01   1.0337e-02   2.7777e-02   2.9645e+02
20260805_02:00:00   2.3824e-01   6.0925e+01   2.0946e+01   8.3256e-02   1.0266e-01   2.9713e+02
20260805_03:00:00   2.1850e-01   5.6953e+01   2.1900e+01   4.4824e-02   1.7574e-02   2.9868e+02
20260805_04:00:00   2.7875e-01   6.9387e+01   2.2894e+01   1.0388e-01   1.0089e-01   2.9650e+02
20260805_05:00:00   1.9330e-01   5.1450e+01   2.2824e+01   9.7880e-03   4.1469e-02   2.9310e+02
20260805_06:00:00   1.7080e-01   4.6325e+01   2.1350e+01   5.5560e-05   2.1939e-02   2.9357e+02
20260805_07:00:00   1.6443e-01   4.4725e+01   2.0795e+01   9.2060e-04   2.4372e-02   2.9612e+02
20260805_08:00:00   1.5352e-01   4.2119e+01   1.9616e+01   0.0000e+00   1.6994e-02   2.9795e+02
20260805_09:00:00   1.5516e-01   4.2523e+01   1.9613e+01   4.2392e-04   1.8176e-02   2.9716e+02
20260805_10:00:00   1.6176e-01   4.4171e+01   2.0068e+01   0.0000e+00   1.5255e-02   2.9690e+02
20260805_11:00:00   1.6370e-01   4.4616e+01   2.0385e+01   0.0000e+00   4.4460e-03   2.9767e+02
20260805_12:00:00   1.6627e-01   4.5194e+01   2.0755e+01   0.0000e+00   1.1498e-02   2.9791e+02
20260805_13:00:00   1.5795e-01   4.3221e+01   1.9781e+01   0.0000e+00   3.9659e-03   2.9997e+02
20260805_14:00:00   1.5333e-01   4.2123e+01   1.9166e+01   0.0000e+00   2.9757e-03   3.0133e+02
20260805_15:00:00   1.4908e-01   4.1101e+01   1.8709e+01   0.0000e+00   4.6040e-03   3.0212e+02
20260805_16:00:00   1.4784e-01   4.0833e+01   1.8535e+01   0.0000e+00   1.4444e-03   3.0076e+02
20260805_17:00:00   1.4426e-01   4.0006e+01   1.8177e+01   0.0000e+00   2.0700e-03   2.9842e+02
20260805_18:00:00   1.4439e-01   4.0081e+01   1.8232e+01   0.0000e+00   5.4180e-03   2.9750e+02
20260805_19:00:00   1.4212e-01   3.9524e+01   1.8007e+01   0.0000e+00   3.0920e-03   2.9774e+02
20260805_20:00:00   1.5888e-01   4.3320e+01   1.8007e+01   1.9662e-02   3.3780e-03   2.9761e+02
20260805_21:00:00   1.4111e-01   3.9252e+01   1.7931e+01   1.5962e-03   7.0760e-03   2.9834e+02
20260805_22:00:00   1.3575e-01   3.7960e+01   1.7458e+01   5.1540e-04   5.2560e-03   2.9899e+02
20260805_23:00:00   1.2698e-01   3.5893e+01   1.6262e+01   0.0000e+00   8.7128e-04   2.9845e+02
20260806_00:00:00   1.3917e-01   3.8602e+01   1.6574e+01   1.2096e-02   3.2057e-02   2.9944e+02
20260806_01:00:00   1.9611e-01   5.1273e+01   1.7632e+01   6.6814e-02   2.2863e-01   3.0177e+02
20260806_02:00:00   1.6857e-01   4.5756e+01   1.9917e+01   1.1634e-02   9.1808e-02   3.0261e+02
20260806_03:00:00   1.6500e-01   4.5050e+01   2.0456e+01   0.0000e+00   2.5130e-02   3.0393e+02
20260806_04:00:00   1.4312e-01   3.9978e+01   1.7497e+01   0.0000e+00   2.6202e-03   3.0313e+02
20260806_05:00:00   1.4206e-01   3.9690e+01   1.7246e+01   0.0000e+00   3.2658e-02   2.9984e+02
20260806_06:00:00   1.3203e-01   3.7208e+01   1.6070e+01   0.0000e+00   6.1016e-03   2.9721e+02
20260806_07:00:00   1.3126e-01   3.6995e+01   1.5994e+01   0.0000e+00   5.0753e-03   2.9603e+02
20260806_08:00:00   1.2844e-01   3.6266e+01   1.5665e+01   0.0000e+00   1.6590e-02   2.9566e+02
20260806_09:00:00   1.2323e-01   3.4915e+01   1.5080e+01   0.0000e+00   3.2677e-02   2.9707e+02
20260806_10:00:00   1.2339e-01   3.4933e+01   1.5082e+01   0.0000e+00   6.8493e-03   2.9778e+02
20260806_11:00:00   1.2315e-01   3.4877e+01   1.4975e+01   0.0000e+00   4.1765e-03   3.0035e+02
20260806_12:00:00   1.1942e-01   3.3970e+01   1.4365e+01   0.0000e+00   1.8163e-03   2.9977e+02
20260806_13:00:00   1.1808e-01   3.3626e+01   1.4163e+01   0.0000e+00   4.2540e-03   3.0032e+02
20260806_14:00:00   1.1563e-01   3.3028e+01   1.3749e+01   0.0000e+00   5.7427e-03   3.0002e+02
20260806_15:00:00   1.1176e-01   3.2097e+01   1.3133e+01   0.0000e+00   1.5347e-03   3.0084e+02
20260806_16:00:00   1.0643e-01   3.0766e+01   1.2446e+01   0.0000e+00   1.1988e-04   3.0111e+02
20260806_17:00:00   1.0905e-01   3.1471e+01   1.2898e+01   0.0000e+00   0.0000e+00   3.0138e+02
20260806_18:00:00   1.0866e-01   3.1313e+01   1.3065e+01   0.0000e+00   0.0000e+00   2.9946e+02
20260806_19:00:00   1.1006e-01   3.1560e+01   1.3423e+01   0.0000e+00   0.0000e+00   2.9831e+02
20260806_20:00:00   1.1205e-01   3.2004e+01   1.3911e+01   8.4920e-06   1.2728e-03   2.9842e+02
20260806_21:00:00   1.1028e-01   3.1581e+01   1.3790e+01   0.0000e+00   6.9999e-03   2.9967e+02
20260806_22:00:00   1.0824e-01   3.1115e+01   1.3526e+01   0.0000e+00   2.1678e-03   3.0054e+02
20260806_23:00:00   1.1331e-01   3.2324e+01   1.4030e+01   2.5980e-03   2.6517e-02   2.9966e+02
20260807_00:00:00   1.7942e-01   4.7347e+01   1.6200e+01   6.0077e-02   2.8471e-01   2.9851e+02
20260807_01:00:00   1.5039e-01   4.1242e+01   1.8812e+01   5.4764e-03   3.0808e-01   2.9660e+02
20260807_02:00:00   1.3921e-01   3.8684e+01   1.7943e+01   0.0000e+00   3.6509e-02   2.9453e+02
20260807_03:00:00   1.2716e-01   3.5748e+01   1.6448e+01   0.0000e+00   1.8494e-02   2.9455e+02
20260807_04:00:00   1.2946e-01   3.6391e+01   1.6533e+01   0.0000e+00   2.6376e-04   2.9466e+02
20260807_05:00:00   1.4315e-01   3.9763e+01   1.7950e+01   0.0000e+00   3.7671e-03   2.9366e+02
20260807_06:00:00   1.4143e-01   3.9404e+01   1.7446e+01   0.0000e+00   1.9843e-04   2.9350e+02
20260807_07:00:00   1.3852e-01   3.8707e+01   1.7034e+01   0.0000e+00   3.0838e-04   2.9512e+02
20260807_08:00:00   1.2962e-01   3.6528e+01   1.5830e+01   0.0000e+00   1.8624e-05   2.9669e+02
20260807_09:00:00   1.2202e-01   3.4679e+01   1.4663e+01   0.0000e+00   1.1848e-04   2.9494e+02
20260807_10:00:00   1.2123e-01   3.4506e+01   1.4345e+01   0.0000e+00   1.8724e-04   2.9527e+02
20260807_11:00:00   1.2156e-01   3.4584e+01   1.4369e+01   0.0000e+00   1.4972e-04   2.9818e+02
20260807_12:00:00   1.1492e-01   3.2954e+01   1.3396e+01   0.0000e+00   0.0000e+00   2.9798e+02
20260807_13:00:00   1.1182e-01   3.2166e+01   1.2975e+01   0.0000e+00   0.0000e+00   2.9912e+02
20260807_14:00:00   1.1245e-01   3.2312e+01   1.3068e+01   0.0000e+00   0.0000e+00   2.9906e+02
20260807_15:00:00   1.1418e-01   3.2768e+01   1.3245e+01   0.0000e+00   0.0000e+00   3.0112e+02
20260807_16:00:00   1.1320e-01   3.2542e+01   1.3162e+01   0.0000e+00   0.0000e+00   3.0049e+02
20260807_17:00:00   1.1064e-01   3.1923e+01   1.2932e+01   0.0000e+00   0.0000e+00   2.9873e+02
20260807_18:00:00   1.1029e-01   3.1830e+01   1.3082e+01   0.0000e+00   0.0000e+00   2.9812e+02
20260807_19:00:00   1.1181e-01   3.2192e+01   1.3497e+01   0.0000e+00   0.0000e+00   2.9974e+02
20260807_20:00:00   1.1358e-01   3.2569e+01   1.3933e+01   0.0000e+00   0.0000e+00   3.0026e+02
20260807_21:00:00   1.1399e-01   3.2587e+01   1.4166e+01   0.0000e+00   1.1890e-04   2.9905e+02
20260807_22:00:00   1.0830e-01   3.1178e+01   1.3449e+01   0.0000e+00   1.2436e-03   2.9917e+02
20260807_23:00:00   1.0537e-01   3.0467e+01   1.3025e+01   5.9520e-06   1.0814e-03   3.0010e+02
20260808_00:00:00   1.1416e-01   3.2538e+01   1.4020e+01   3.4164e-03   6.6417e-03   2.9896e+02
20260808_03:00:00   1.5259e-01   4.1938e+01   1.9295e+01   9.1160e-05   9.8023e-03   2.9746e+02
20260808_06:00:00   1.5093e-01   4.1463e+01   1.9071e+01   0.0000e+00   1.1171e-02   2.9469e+02
20260808_09:00:00   1.5424e-01   4.2372e+01   1.9240e+01   0.0000e+00   6.9580e-05   2.9414e+02
20260808_12:00:00   1.3922e-01   3.8978e+01   1.6040e+01   0.0000e+00   3.4360e-04   2.9302e+02
20260808_15:00:00   1.3484e-01   3.7879e+01   1.5594e+01   0.0000e+00   0.0000e+00   2.9823e+02
20260808_18:00:00   1.3604e-01   3.8328e+01   1.5878e+01   0.0000e+00   0.0000e+00   2.9935e+02
20260808_21:00:00   1.4065e-01   3.9311e+01   1.7546e+01   0.0000e+00   0.0000e+00   2.9734e+02
20260809_00:00:00   1.2199e-01   3.4678e+01   1.4826e+01   2.9960e-03   1.8781e-02   2.9567e+02
20260809_03:00:00   1.6032e-01   4.3597e+01   1.9233e+01   8.4138e-03   4.7088e-03   2.9892e+02
20260809_06:00:00   1.4015e-01   3.8645e+01   1.8101e+01   0.0000e+00   1.5878e-01   3.0036e+02
20260809_09:00:00   1.3907e-01   3.8628e+01   1.7407e+01   0.0000e+00   1.1017e-03   3.0187e+02
20260809_12:00:00   1.4406e-01   3.9882e+01   1.7669e+01   0.0000e+00   3.3980e-06   2.9888e+02
20260809_15:00:00   1.4367e-01   3.9853e+01   1.7560e+01   0.0000e+00   0.0000e+00   3.0299e+02
20260809_18:00:00   1.4783e-01   4.0983e+01   1.8199e+01   0.0000e+00   0.0000e+00   3.0161e+02
20260809_21:00:00   1.7338e-01   4.6508e+01   1.8783e+01   2.9500e-02   9.0356e-03   2.9782e+02
20260810_00:00:00   2.3172e-01   5.9032e+01   1.8827e+01   9.7404e-02   2.4029e-01   2.9852e+02
20260810_03:00:00   1.7049e-01   4.6288e+01   2.0988e+01   1.1612e-04   2.9827e-03   2.9879e+02
20260810_06:00:00   1.7850e-01   4.8116e+01   2.1140e+01   0.0000e+00   2.1059e-03   2.9757e+02
20260810_09:00:00   1.6466e-01   4.4875e+01   1.9844e+01   0.0000e+00   0.0000e+00   2.9893e+02
20260810_12:00:00   1.5876e-01   4.3400e+01   1.9519e+01   0.0000e+00   0.0000e+00   2.9821e+02
20260810_15:00:00   1.5646e-01   4.2876e+01   1.9175e+01   0.0000e+00   1.0014e-03   3.0075e+02
20260810_18:00:00   1.6990e-01   4.6116e+01   2.0999e+01   0.0000e+00   3.4074e-05   3.0181e+02
20260810_21:00:00   2.9863e-01   7.3427e+01   2.2803e+01   1.3261e-01   7.9589e-02   3.0155e+02
20260811_00:00:00   4.5453e-01   1.0216e+02   2.5693e+01   2.7970e-01   5.9205e-01   3.0144e+02
20260811_03:00:00   1.7891e-01   4.8022e+01   2.2344e+01   0.0000e+00   1.0948e-01   3.0150e+02
20260811_06:00:00   1.8101e-01   4.8561e+01   2.1670e+01   0.0000e+00   4.7628e-04   3.0294e+02
20260811_09:00:00   1.7469e-01   4.7037e+01   2.1041e+01   0.0000e+00   9.2693e-03   2.9718e+02
20260811_12:00:00   1.6567e-01   4.4975e+01   2.0090e+01   0.0000e+00   0.0000e+00   2.9871e+02
20260811_15:00:00   1.6450e-01   4.4658e+01   2.0193e+01   0.0000e+00   1.1310e-04   2.9790e+02
20260811_18:00:00   1.7295e-01   4.6704e+01   2.0853e+01   4.4800e-03   2.0765e-03   2.9977e+02
20260811_21:00:00   3.4120e-01   8.1655e+01   2.1674e+01   1.8640e-01   3.8907e-02   3.0003e+02
20260812_00:00:00   1.7511e-01   4.7457e+01   2.0766e+01   6.6079e-03   2.8005e-02   2.9957e+02
20260812_03:00:00   2.1152e-01   5.5598e+01   2.2078e+01   2.7455e-02   2.9472e-02   2.9932e+02
20260812_06:00:00   2.1050e-01   5.5156e+01   2.4608e+01   9.9216e-03   2.2930e-02   3.0030e+02
20260812_09:00:00   1.8664e-01   4.9873e+01   2.2378e+01   0.0000e+00   3.0548e-04   2.9754e+02
20260812_12:00:00   1.9627e-01   5.1989e+01   2.3155e+01   0.0000e+00   1.1902e-05   2.9729e+02
20260812_15:00:00   1.8134e-01   4.8442e+01   2.1857e+01   1.2848e-03   3.7141e-03   3.0149e+02
20260812_18:00:00   2.3772e-01   6.1075e+01   2.3587e+01   5.0733e-02   1.8516e-04   2.9680e+02
20260812_21:00:00   2.9563e-01   7.2984e+01   2.3891e+01   1.1220e-01   1.3318e-01   2.9843e+02
20260813_00:00:00   7.1499e-01   1.4193e+02   2.6659e+01   5.5958e-01   9.8260e-02   2.9601e+02
20260813_03:00:00   1.9824e-01   5.2475e+01   2.3829e+01   7.7700e-04   3.3980e-06   2.9526e+02
20260813_06:00:00   2.1302e-01   5.5602e+01   2.4765e+01   9.5838e-03   5.1334e-04   2.9188e+02
20260813_09:00:00   2.1471e-01   5.5882e+01   2.5112e+01   6.4636e-03   9.3517e-04   2.9571e+02
20260813_12:00:00   2.3776e-01   6.0633e+01   2.4157e+01   4.4452e-02   3.4252e-01   2.9705e+02
20260813_15:00:00   1.7361e-01   4.6592e+01   2.1146e+01   0.0000e+00   5.8203e-02   2.9777e+02
20260813_18:00:00   1.9979e-01   5.2798e+01   2.2734e+01   1.2593e-02   7.2232e-03   2.9440e+02
20260813_21:00:00   7.3798e-01   1.4512e+02   2.6415e+01   5.9336e-01   4.1853e-03   2.9310e+02
20260814_00:00:00   2.3471e-01   6.0449e+01   2.3992e+01   4.4424e-02   3.9532e-05   2.9375e+02
20260814_03:00:00   1.8568e-01   4.9564e+01   2.1581e+01   9.1900e-03   3.6175e-04   2.9513e+02
20260814_06:00:00   1.9867e-01   5.2373e+01   2.3682e+01   6.7520e-03   1.2869e-03   2.9373e+02
20260814_09:00:00   1.9294e-01   5.0947e+01   2.3892e+01   8.4920e-06   5.5401e-03   2.9711e+02
20260814_12:00:00   1.8251e-01   4.8553e+01   2.2736e+01   0.0000e+00   2.3033e-02   2.9668e+02
20260814_15:00:00   1.8749e-01   4.9676e+01   2.3149e+01   9.7520e-05   4.9731e-02   2.9636e+02
20260814_18:00:00   1.8903e-01   5.0210e+01   2.2880e+01   3.9401e-03   1.9963e-02   2.9522e+02
20260814_21:00:00   3.2447e-01   7.8482e+01   2.2887e+01   1.5789e-01   7.5589e-02   2.9455e+02
20260815_00:00:00   2.8515e-01   7.0842e+01   2.2243e+01   1.1632e-01   3.4777e-03   2.9524e+02
20260815_03:00:00   3.9413e-01   9.1399e+01   2.3855e+01   2.2373e-01   9.1969e-02   2.9673e+02
20260815_06:00:00   1.7699e-01   4.7609e+01   2.1256e+01   0.0000e+00   5.8077e-04   2.9842e+02
20260815_09:00:00   1.8349e-01   4.8950e+01   2.2122e+01   0.0000e+00   8.7720e-03   2.9638e+02
20260815_12:00:00   1.7835e-01   4.7744e+01   2.1444e+01   0.0000e+00   4.0349e-03   2.9767e+02
20260815_15:00:00   1.7839e-01   4.7709e+01   2.1690e+01   0.0000e+00   3.2441e-03   3.0010e+02
20260815_18:00:00   1.9786e-01   5.2217e+01   2.3256e+01   1.0298e-02   1.6948e-03   2.9810e+02
20260815_21:00:00   5.3953e-01   1.1597e+02   2.3807e+01   3.9175e-01   1.0534e-01   2.9821e+02
20260816_00:00:00   4.1687e-01   9.4984e+01   2.5843e+01   2.3054e-01   9.5910e-01   2.9680e+02
20260816_03:00:00   1.8727e-01   4.9728e+01   2.3130e+01   1.0998e-03   2.5389e-01   2.9917e+02
20260816_06:00:00   1.7935e-01   4.8080e+01   2.1859e+01   0.0000e+00   7.2305e-03   2.9781e+02
20260816_09:00:00   1.8211e-01   4.8649e+01   2.1818e+01   0.0000e+00   8.7064e-03   2.9459e+02
20260816_12:00:00   1.8173e-01   4.8487e+01   2.1951e+01   6.9660e-05   2.8619e-04   2.9690e+02
20260816_15:00:00   1.7919e-01   4.7968e+01   2.1442e+01   0.0000e+00   2.9000e-05   2.9955e+02
20260816_18:00:00   1.8771e-01   4.9994e+01   2.2713e+01   7.1740e-04   0.0000e+00   2.9666e+02
20260816_21:00:00   7.6839e-01   1.4750e+02   2.3827e+01   6.4945e-01   6.6920e-02   2.9537e+02
20260817_00:00:00   2.0635e-01   5.3899e+01   2.4991e+01   2.5768e-03   5.3327e-01   2.9423e+02
20260817_03:00:00   2.9969e-01   7.3108e+01   2.5997e+01   9.5510e-02   3.2783e-01   2.9231e+02
20260817_06:00:00   2.2183e-01   5.7198e+01   2.4772e+01   2.5051e-02   3.4042e-01   2.9417e+02
20260817_09:00:00   2.0547e-01   5.3680e+01   2.4894e+01   4.8780e-04   4.5522e-03   2.9328e+02
20260817_12:00:00   2.1313e-01   5.5372e+01   2.4091e+01   1.6279e-02   6.9199e-03   2.9513e+02
20260817_15:00:00   1.9036e-01   5.0377e+01   2.3176e+01   0.0000e+00   6.3700e-05   2.9304e+02
20260817_18:00:00   2.0683e-01   5.4163e+01   2.4270e+01   9.9040e-03   2.9906e-04   2.9071e+02
20260817_21:00:00   8.1198e-01   1.5358e+02   2.6964e+01   6.6824e-01   1.7085e-01   2.8928e+02
20260818_00:00:00   2.1570e-01   5.5885e+01   2.5276e+01   8.6399e-03   4.1090e-01   2.9008e+02
20260818_03:00:00   2.0294e-01   5.3007e+01   2.4869e+01   8.3378e-04   1.3387e-01   2.9286e+02
20260818_06:00:00   1.8699e-01   4.9468e+01   2.3020e+01   8.1436e-05   1.1875e-02   2.8951e+02
20260818_09:00:00   1.9524e-01   5.1238e+01   2.3806e+01   3.2600e-03   2.3753e-02   2.9042e+02
20260818_12:00:00   2.0358e-01   5.3204e+01   2.4249e+01   5.1260e-03   6.5393e-03   2.9259e+02
20260818_15:00:00   2.1224e-01   5.5121e+01   2.5616e+01   7.4880e-04   2.6293e-01   2.8920e+02
20260818_18:00:00   2.1165e-01   5.4996e+01   2.5929e+01   1.6256e-04   2.0731e-01   2.9009e+02
20260818_21:00:00   2.3636e-01   6.0659e+01   2.6744e+01   2.0458e-02   6.8446e-03   2.8808e+02
20260819_00:00:00   2.2685e-01   5.8482e+01   2.5746e+01   2.0942e-02   5.4882e-02   2.8698e+02
