#            date       tau255        Tb[K]      pwv[mm] lwp[kg*m^-2] iwp[kg*m^-2]       o3[DU]
20261002_18:00:00   9.7016e-02   2.7919e+01   9.0673e+00   0.0000e+00   0.0000e+00   2.6559e+02
20261002_19:00:00   9.9539e-02   2.8560e+01   9.4319e+00   0.0000e+00   0.0000e+00   2.6219e+02
20261002_20:00:00   1.0007e-01   2.8708e+01   9.5724e+00   0.0000e+00   0.0000e+00   2.5996e+02
20261002_21:00:00   1.0030e-01   2.8773e+01   9.6581e+00   0.0000e+00   0.0000e+00   2.5956e+02
20261002_22:00:00   9.9377e-02   2.8550e+01   9.5540e+00   0.0000e+00   0.0000e+00   2.6007e+02
20261002_23:00:00   9.7079e-02   2.8000e+01   9.2284e+00   0.0000e+00   0.0000e+00   2.5887e+02
20261003_00:00:00   9.6345e-02   2.7821e+01   9.1006e+00   0.0000e+00   0.0000e+00   2.5911e+02
20261003_01:00:00   9.6377e-02   2.7822e+01   9.1059e+00   0.0000e+00   0.0000e+00   2.5977e+02
20261003_02:00:00   9.6858e-02   2.7958e+01   9.1755e+00   0.0000e+00   0.0000e+00   2.5942e+02
20261003_03:00:00   9.9809e-02   2.8708e+01   9.5278e+00   0.0000e+00   0.0000e+00   2.5742e+02
20261003_04:00:00   1.0291e-01   2.9478e+01   9.8347e+00   0.0000e+00   0.0000e+00   2.5543e+02
20261003_05:00:00   1.0362e-01   2.9651e+01   9.8232e+00   0.0000e+00   0.0000e+00   2.5464e+02
20261003_06:00:00   1.0423e-01   2.9786e+01   9.8125e+00   0.0000e+00   0.0000e+00   2.5497e+02
20261003_07:00:00   1.0244e-01   2.9336e+01   9.4937e+00   0.0000e+00   0.0000e+00   2.5661e+02
20261003_08:00:00   9.9935e-02   2.8705e+01   9.0762e+00   0.0000e+00   0.0000e+00   2.5873e+02
20261003_09:00:00   9.8881e-02   2.8427e+01   8.8398e+00   0.0000e+00   0.0000e+00   2.5981e+02
20261003_10:00:00   9.7719e-02   2.8126e+01   8.6329e+00   0.0000e+00   0.0000e+00   2.6002e+02
20261003_11:00:00   9.4756e-02   2.7383e+01   8.2717e+00   0.0000e+00   0.0000e+00   2.5836e+02
20261003_12:00:00   8.9424e-02   2.6053e+01   7.6589e+00   0.0000e+00   0.0000e+00   2.5614e+02
20261003_13:00:00   8.7475e-02   2.5555e+01   7.4606e+00   0.0000e+00   0.0000e+00   2.5465e+02
20261003_14:00:00   8.6695e-02   2.5352e+01   7.3918e+00   0.0000e+00   0.0000e+00   2.5499e+02
20261003_15:00:00   8.6064e-02   2.5203e+01   7.3237e+00   0.0000e+00   0.0000e+00   2.5703e+02
20261003_16:00:00   8.3323e-02   2.4550e+01   7.0522e+00   0.0000e+00   0.0000e+00   2.6020e+02
20261003_17:00:00   8.1329e-02   2.4072e+01   6.9243e+00   0.0000e+00   0.0000e+00   2.6056e+02
20261003_18:00:00   8.6896e-02   2.5522e+01   7.6923e+00   0.0000e+00   0.0000e+00   2.5953e+02
20261003_19:00:00   8.5577e-02   2.5224e+01   7.6232e+00   0.0000e+00   0.0000e+00   2.5827e+02
20261003_20:00:00   8.2923e-02   2.4568e+01   7.3927e+00   0.0000e+00   0.0000e+00   2.5742e+02
20261003_21:00:00   8.1707e-02   2.4266e+01   7.3421e+00   0.0000e+00   0.0000e+00   2.5605e+02
20261003_22:00:00   7.8958e-02   2.3574e+01   6.9882e+00   0.0000e+00   0.0000e+00   2.5499e+02
20261003_23:00:00   7.8977e-02   2.3579e+01   6.9969e+00   0.0000e+00   0.0000e+00   2.5500e+02
20261004_00:00:00   8.1029e-02   2.4104e+01   7.2329e+00   0.0000e+00   0.0000e+00   2.5650e+02
20261004_01:00:00   7.7313e-02   2.3122e+01   6.7527e+00   0.0000e+00   0.0000e+00   2.5663e+02
20261004_02:00:00   8.3203e-02   2.4627e+01   7.6178e+00   0.0000e+00   0.0000e+00   2.5612e+02
20261004_03:00:00   8.8370e-02   2.5933e+01   8.3642e+00   0.0000e+00   0.0000e+00   2.5532e+02
20261004_04:00:00   8.8836e-02   2.6043e+01   8.3996e+00   0.0000e+00   0.0000e+00   2.5643e+02
20261004_05:00:00   8.9982e-02   2.6329e+01   8.4893e+00   0.0000e+00   0.0000e+00   2.5665e+02
20261004_06:00:00   8.7002e-02   2.5554e+01   8.0727e+00   0.0000e+00   0.0000e+00   2.5649e+02
20261004_07:00:00   8.4032e-02   2.4780e+01   7.6426e+00   0.0000e+00   0.0000e+00   2.5707e+02
20261004_08:00:00   8.3390e-02   2.4599e+01   7.5291e+00   0.0000e+00   0.0000e+00   2.5824e+02
20261004_09:00:00   8.2563e-02   2.4368e+01   7.4122e+00   0.0000e+00   0.0000e+00   2.5853e+02
20261004_10:00:00   8.1704e-02   2.4134e+01   7.2834e+00   0.0000e+00   0.0000e+00   2.5838e+02
20261004_11:00:00   8.1707e-02   2.4121e+01   7.2597e+00   0.0000e+00   0.0000e+00   2.5757e+02
20261004_12:00:00   8.1421e-02   2.4043e+01   7.1687e+00   0.0000e+00   0.0000e+00   2.5654e+02
20261004_13:00:00   8.1899e-02   2.4143e+01   7.2198e+00   0.0000e+00   0.0000e+00   2.5638e+02
20261004_14:00:00   8.1353e-02   2.4018e+01   7.0612e+00   0.0000e+00   0.0000e+00   2.5720e+02
20261004_15:00:00   8.2070e-02   2.4208e+01   7.1329e+00   0.0000e+00   0.0000e+00   2.5835e+02
20261004_16:00:00   7.9631e-02   2.3598e+01   6.8946e+00   0.0000e+00   0.0000e+00   2.5930e+02
20261004_17:00:00   8.4978e-02   2.4978e+01   7.6123e+00   0.0000e+00   0.0000e+00   2.5945e+02
20261004_18:00:00   8.4449e-02   2.4861e+01   7.6127e+00   0.0000e+00   0.0000e+00   2.5923e+02
20261004_19:00:00   8.6791e-02   2.5473e+01   7.9752e+00   0.0000e+00   0.0000e+00   2.5939e+02
20261004_20:00:00   9.0147e-02   2.6342e+01   8.4924e+00   0.0000e+00   0.0000e+00   2.5956e+02
20261004_21:00:00   9.5252e-02   2.7643e+01   9.2387e+00   0.0000e+00   0.0000e+00   2.5768e+02
20261004_22:00:00   9.8012e-02   2.8349e+01   9.6269e+00   0.0000e+00   0.0000e+00   2.5719e+02
20261004_23:00:00   9.6842e-02   2.8067e+01   9.4707e+00   0.0000e+00   0.0000e+00   2.5697e+02
20261005_00:00:00   9.6205e-02   2.7902e+01   9.3403e+00   0.0000e+00   0.0000e+00   2.5646e+02
20261005_01:00:00   9.5146e-02   2.7620e+01   9.1504e+00   0.0000e+00   0.0000e+00   2.5758e+02
20261005_02:00:00   9.3359e-02   2.7152e+01   8.8878e+00   0.0000e+00   0.0000e+00   2.5961e+02
20261005_03:00:00   9.2576e-02   2.6937e+01   8.7724e+00   0.0000e+00   0.0000e+00   2.6158e+02
20261005_04:00:00   9.0538e-02   2.6401e+01   8.4987e+00   0.0000e+00   0.0000e+00   2.6526e+02
20261005_05:00:00   8.8579e-02   2.5884e+01   8.2044e+00   0.0000e+00   0.0000e+00   2.6710e+02
20261005_06:00:00   8.9338e-02   2.6060e+01   8.2721e+00   0.0000e+00   0.0000e+00   2.6730e+02
20261005_07:00:00   9.1880e-02   2.6696e+01   8.5401e+00   0.0000e+00   0.0000e+00   2.6881e+02
20261005_08:00:00   9.1950e-02   2.6709e+01   8.4814e+00   0.0000e+00   0.0000e+00   2.6988e+02
20261005_09:00:00   9.2962e-02   2.6952e+01   8.5464e+00   0.0000e+00   0.0000e+00   2.6971e+02
20261005_10:00:00   9.3874e-02   2.7165e+01   8.6248e+00   0.0000e+00   0.0000e+00   2.6955e+02
20261005_11:00:00   9.3243e-02   2.6999e+01   8.5144e+00   0.0000e+00   0.0000e+00   2.6986e+02
20261005_12:00:00   9.2018e-02   2.6681e+01   8.3362e+00   0.0000e+00   0.0000e+00   2.6979e+02
20261005_13:00:00   9.0005e-02   2.6170e+01   8.0711e+00   0.0000e+00   0.0000e+00   2.6831e+02
20261005_14:00:00   8.8012e-02   2.5664e+01   7.8057e+00   0.0000e+00   0.0000e+00   2.6762e+02
20261005_15:00:00   8.6412e-02   2.5270e+01   7.5891e+00   0.0000e+00   0.0000e+00   2.6832e+02
20261005_16:00:00   8.2980e-02   2.4413e+01   7.2218e+00   0.0000e+00   0.0000e+00   2.6859e+02
20261005_17:00:00   8.8518e-02   2.5839e+01   8.0056e+00   0.0000e+00   0.0000e+00   2.6820e+02
20261005_18:00:00   8.7942e-02   2.5726e+01   7.9950e+00   0.0000e+00   0.0000e+00   2.6852e+02
20261005_19:00:00   8.5512e-02   2.5137e+01   7.7396e+00   0.0000e+00   0.0000e+00   2.6882e+02
20261005_20:00:00   8.7008e-02   2.5539e+01   8.0943e+00   0.0000e+00   0.0000e+00   2.7152e+02
20261005_21:00:00   9.1972e-02   2.6810e+01   8.8644e+00   0.0000e+00   0.0000e+00   2.7371e+02
20261005_22:00:00   9.2764e-02   2.7024e+01   9.0086e+00   0.0000e+00   0.0000e+00   2.7479e+02
20261005_23:00:00   9.3254e-02   2.7155e+01   9.0848e+00   0.0000e+00   0.0000e+00   2.7436e+02
20261006_00:00:00   9.4175e-02   2.7389e+01   9.1932e+00   0.0000e+00   0.0000e+00   2.7352e+02
20261006_01:00:00   9.5039e-02   2.7611e+01   9.2553e+00   0.0000e+00   0.0000e+00   2.7252e+02
20261006_02:00:00   9.1761e-02   2.6791e+01   8.6956e+00   0.0000e+00   0.0000e+00   2.7189e+02
20261006_03:00:00   8.7988e-02   2.5831e+01   8.0335e+00   0.0000e+00   0.0000e+00   2.6986e+02
20261006_04:00:00   8.6832e-02   2.5528e+01   7.8526e+00   0.0000e+00   0.0000e+00   2.6713e+02
20261006_05:00:00   8.5133e-02   2.5078e+01   7.6509e+00   0.0000e+00   0.0000e+00   2.6583e+02
20261006_06:00:00   8.4570e-02   2.4918e+01   7.5919e+00   0.0000e+00   0.0000e+00   2.6503e+02
20261006_07:00:00   8.5235e-02   2.5072e+01   7.6968e+00   0.0000e+00   0.0000e+00   2.6469e+02
20261006_08:00:00   8.5000e-02   2.5005e+01   7.6839e+00   0.0000e+00   0.0000e+00   2.6390e+02
20261006_09:00:00   8.4901e-02   2.4973e+01   7.6750e+00   0.0000e+00   0.0000e+00   2.6397e+02
20261006_10:00:00   8.5284e-02   2.5067e+01   7.7140e+00   0.0000e+00   0.0000e+00   2.6474e+02
20261006_11:00:00   8.6110e-02   2.5276e+01   7.8021e+00   0.0000e+00   0.0000e+00   2.6503e+02
20261006_12:00:00   8.7348e-02   2.5590e+01   7.9252e+00   0.0000e+00   0.0000e+00   2.6501e+02
20261006_13:00:00   8.8735e-02   2.5942e+01   8.0846e+00   0.0000e+00   0.0000e+00   2.6489e+02
20261006_14:00:00   8.9992e-02   2.6263e+01   8.2465e+00   0.0000e+00   0.0000e+00   2.6609e+02
20261006_15:00:00   9.2682e-02   2.6951e+01   8.6148e+00   0.0000e+00   0.0000e+00   2.6745e+02
20261006_16:00:00   9.5566e-02   2.7704e+01   9.0188e+00   0.0000e+00   0.0000e+00   2.6647e+02
20261006_17:00:00   9.6000e-02   2.7843e+01   9.1488e+00   0.0000e+00   0.0000e+00   2.6583e+02
20261006_18:00:00   9.8651e-02   2.8542e+01   9.5369e+00   0.0000e+00   0.0000e+00   2.6575e+02
20261006_19:00:00   1.0214e-01   2.9432e+01   1.0113e+01   0.0000e+00   0.0000e+00   2.6599e+02
20261006_20:00:00   1.0160e-01   2.9323e+01   1.0145e+01   0.0000e+00   0.0000e+00   2.6738e+02
20261006_21:00:00   9.8715e-02   2.8613e+01   9.8892e+00   0.0000e+00   0.0000e+00   2.7001e+02
20261006_22:00:00   1.0260e-01   2.9559e+01   1.0584e+01   0.0000e+00   0.0000e+00   2.7146e+02
20261006_23:00:00   1.0472e-01   3.0077e+01   1.0925e+01   0.0000e+00   0.0000e+00   2.7200e+02
20261007_00:00:00   1.0352e-01   2.9775e+01   1.0764e+01   0.0000e+00   0.0000e+00   2.7091e+02
20261007_01:00:00   1.0146e-01   2.9265e+01   1.0463e+01   0.0000e+00   0.0000e+00   2.6971e+02
20261007_02:00:00   1.0180e-01   2.9348e+01   1.0489e+01   0.0000e+00   0.0000e+00   2.6999e+02
20261007_03:00:00   1.0542e-01   3.0228e+01   1.0935e+01   0.0000e+00   0.0000e+00   2.6980e+02
20261007_04:00:00   1.0921e-01   3.1148e+01   1.1390e+01   0.0000e+00   0.0000e+00   2.7013e+02
20261007_05:00:00   1.0983e-01   3.1292e+01   1.1434e+01   0.0000e+00   0.0000e+00   2.7097e+02
20261007_06:00:00   1.0868e-01   3.1000e+01   1.1258e+01   0.0000e+00   0.0000e+00   2.7236e+02
20261007_07:00:00   1.1022e-01   3.1349e+01   1.1463e+01   0.0000e+00   0.0000e+00   2.7308e+02
20261007_08:00:00   1.1146e-01   3.1618e+01   1.1607e+01   0.0000e+00   0.0000e+00   2.7343e+02
20261007_09:00:00   1.1028e-01   3.1310e+01   1.1448e+01   0.0000e+00   0.0000e+00   2.7286e+02
20261007_10:00:00   1.0821e-01   3.0792e+01   1.1171e+01   0.0000e+00   0.0000e+00   2.7259e+02
20261007_11:00:00   1.0703e-01   3.0496e+01   1.0995e+01   0.0000e+00   0.0000e+00   2.7311e+02
20261007_12:00:00   1.0805e-01   3.0737e+01   1.1095e+01   0.0000e+00   0.0000e+00   2.7439e+02
20261007_13:00:00   1.0813e-01   3.0750e+01   1.1097e+01   0.0000e+00   0.0000e+00   2.7470e+02
20261007_14:00:00   1.0570e-01   3.0152e+01   1.0764e+01   0.0000e+00   0.0000e+00   2.7572e+02
20261007_15:00:00   1.0454e-01   2.9865e+01   1.0595e+01   0.0000e+00   0.0000e+00   2.7661e+02
20261007_16:00:00   1.0621e-01   3.0293e+01   1.0794e+01   0.0000e+00   0.0000e+00   2.7641e+02
20261007_17:00:00   1.0849e-01   3.0871e+01   1.1122e+01   0.0000e+00   0.0000e+00   2.7646e+02
20261007_18:00:00   1.1205e-01   3.1738e+01   1.1660e+01   0.0000e+00   0.0000e+00   2.7785e+02
20261007_21:00:00   1.1842e-01   3.3226e+01   1.2879e+01   1.0451e-04   1.1299e-03   2.8127e+02
20261008_00:00:00   1.1274e-01   3.1894e+01   1.2047e+01   6.1920e-05   3.7960e-05   2.8045e+02
20261008_03:00:00   1.0069e-01   2.8947e+01   1.0279e+01   0.0000e+00   0.0000e+00   2.7527e+02
20261008_06:00:00   1.0758e-01   3.0609e+01   1.1244e+01   0.0000e+00   0.0000e+00   2.7565e+02
20261008_09:00:00   1.0240e-01   2.9249e+01   1.0654e+01   0.0000e+00   0.0000e+00   2.7522e+02
20261008_12:00:00   9.7236e-02   2.7973e+01   9.7571e+00   0.0000e+00   0.0000e+00   2.7405e+02
20261008_15:00:00   9.7034e-02   2.7955e+01   9.4779e+00   0.0000e+00   0.0000e+00   2.7442e+02
20261008_18:00:00   9.5330e-02   2.7590e+01   9.2970e+00   0.0000e+00   0.0000e+00   2.7399e+02
20261008_21:00:00   9.0681e-02   2.6439e+01   8.8517e+00   0.0000e+00   0.0000e+00   2.7530e+02
20261009_00:00:00   8.7038e-02   2.5571e+01   8.1484e+00   0.0000e+00   0.0000e+00   2.6895e+02
20261009_03:00:00   9.1080e-02   2.6609e+01   8.6260e+00   0.0000e+00   0.0000e+00   2.6679e+02
20261009_06:00:00   8.8392e-02   2.5939e+01   8.1620e+00   0.0000e+00   0.0000e+00   2.6616e+02
20261009_09:00:00   8.4361e-02   2.4892e+01   7.4858e+00   0.0000e+00   0.0000e+00   2.6422e+02
20261009_12:00:00   8.6512e-02   2.5412e+01   7.7148e+00   0.0000e+00   0.0000e+00   2.6117e+02
20261009_15:00:00   8.8895e-02   2.6027e+01   7.9519e+00   0.0000e+00   0.0000e+00   2.5940e+02
20261009_18:00:00   8.4280e-02   2.4923e+01   7.4457e+00   0.0000e+00   0.0000e+00   2.5960e+02
20261009_21:00:00   8.5038e-02   2.5116e+01   7.8344e+00   0.0000e+00   0.0000e+00   2.5558e+02
20261010_00:00:00   8.3563e-02   2.4719e+01   7.7452e+00   0.0000e+00   2.1760e-06   2.5554e+02
20261010_03:00:00   7.5444e-02   2.2632e+01   6.4084e+00   0.0000e+00   1.5676e-05   2.5586e+02
20261010_06:00:00   7.4986e-02   2.2480e+01   6.3301e+00   0.0000e+00   4.8678e-05   2.5732e+02
20261010_09:00:00   7.0564e-02   2.1311e+01   5.5610e+00   0.0000e+00   3.2005e-05   2.5558e+02
20261010_12:00:00   6.7402e-02   2.0472e+01   5.0777e+00   0.0000e+00   0.0000e+00   2.5475e+02
20261010_15:00:00   6.6891e-02   2.0325e+01   5.0409e+00   0.0000e+00   0.0000e+00   2.5306e+02
20261010_18:00:00   6.8412e-02   2.0781e+01   5.3834e+00   0.0000e+00   0.0000e+00   2.5465e+02
20261010_21:00:00   7.4285e-02   2.2322e+01   6.4523e+00   0.0000e+00   0.0000e+00   2.5278e+02
20261011_00:00:00   7.7702e-02   2.3187e+01   7.0898e+00   0.0000e+00   0.0000e+00   2.5234e+02
20261011_03:00:00   7.7571e-02   2.3146e+01   6.8014e+00   0.0000e+00   0.0000e+00   2.5044e+02
20261011_06:00:00   7.0971e-02   2.1416e+01   5.8080e+00   0.0000e+00   3.7060e-05   2.4566e+02
20261011_09:00:00   7.8459e-02   2.3274e+01   7.2192e+00   0.0000e+00   1.0112e-05   2.4482e+02
20261011_12:00:00   9.0501e-02   2.6296e+01   9.0393e+00   0.0000e+00   0.0000e+00   2.4320e+02
20261011_15:00:00   9.9298e-02   2.8502e+01   1.0152e+01   0.0000e+00   0.0000e+00   2.4129e+02
20261011_18:00:00   1.0572e-01   3.0165e+01   1.1159e+01   0.0000e+00   0.0000e+00   2.4077e+02
20261011_21:00:00   1.1564e-01   3.2647e+01   1.2771e+01   0.0000e+00   0.0000e+00   2.3958e+02
20261012_00:00:00   1.2775e-01   3.5588e+01   1.4196e+01   1.5505e-03   6.9318e-05   2.3838e+02
20261012_03:00:00   1.2389e-01   3.4642e+01   1.3510e+01   8.4382e-04   3.1858e-05   2.3842e+02
20261012_06:00:00   1.1590e-01   3.2637e+01   1.2431e+01   1.4172e-04   6.6860e-05   2.3881e+02
20261012_09:00:00   1.0895e-01   3.0905e+01   1.1353e+01   0.0000e+00   0.0000e+00   2.3825e+02
20261012_12:00:00   1.0696e-01   3.0435e+01   1.0844e+01   0.0000e+00   0.0000e+00   2.3915e+02
20261012_15:00:00   1.0621e-01   3.0260e+01   1.0489e+01   0.0000e+00   0.0000e+00   2.4680e+02
20261012_18:00:00   1.0235e-01   2.9373e+01   1.0049e+01   0.0000e+00   0.0000e+00   2.4341e+02
20261012_21:00:00   9.9992e-02   2.8789e+01   9.9948e+00   0.0000e+00   0.0000e+00   2.4400e+02
20261013_00:00:00   1.0754e-01   3.0642e+01   1.1055e+01   5.6320e-04   2.8760e-05   2.4449e+02
20261013_03:00:00   1.0014e-01   2.8805e+01   9.9531e+00   0.0000e+00   0.0000e+00   2.4626e+02
20261013_06:00:00   9.4888e-02   2.7437e+01   9.2229e+00   0.0000e+00   0.0000e+00   2.4839e+02
20261013_09:00:00   8.4687e-02   2.4902e+01   7.5786e+00   0.0000e+00   0.0000e+00   2.4980e+02
20261013_12:00:00   8.5031e-02   2.4952e+01   7.6572e+00   0.0000e+00   0.0000e+00   2.5601e+02
20261013_15:00:00   8.7501e-02   2.5565e+01   8.1671e+00   0.0000e+00   0.0000e+00   2.5667e+02
20261013_18:00:00   9.2968e-02   2.6980e+01   9.0530e+00   0.0000e+00   0.0000e+00   2.5458e+02
20261013_21:00:00   9.7442e-02   2.8125e+01   9.8350e+00   0.0000e+00   0.0000e+00   2.5098e+02
20261014_00:00:00   9.7771e-02   2.8233e+01   9.9200e+00   0.0000e+00   0.0000e+00   2.5121e+02
20261014_03:00:00   9.6985e-02   2.8024e+01   9.7423e+00   0.0000e+00   0.0000e+00   2.5349e+02
20261014_06:00:00   9.1475e-02   2.6637e+01   8.8711e+00   0.0000e+00   0.0000e+00   2.5420e+02
20261014_09:00:00   8.7446e-02   2.5599e+01   8.2682e+00   0.0000e+00   0.0000e+00   2.5292e+02
20261014_12:00:00   8.6119e-02   2.5240e+01   8.0203e+00   0.0000e+00   0.0000e+00   2.5470e+02
20261014_15:00:00   8.4346e-02   2.4785e+01   7.7148e+00   0.0000e+00   0.0000e+00   2.5403e+02
20261014_18:00:00   8.8028e-02   2.5742e+01   8.3286e+00   0.0000e+00   0.0000e+00   2.5467e+02
20261014_21:00:00   8.8123e-02   2.5813e+01   8.5143e+00   0.0000e+00   0.0000e+00   2.5354e+02
20261015_00:00:00   8.8625e-02   2.5966e+01   8.6249e+00   0.0000e+00   0.0000e+00   2.5506e+02
20261015_03:00:00   8.4695e-02   2.4969e+01   7.9939e+00   0.0000e+00   0.0000e+00   2.5542e+02
20261015_06:00:00   8.6072e-02   2.5303e+01   8.1024e+00   0.0000e+00   0.0000e+00   2.5389e+02
20261015_09:00:00   8.1681e-02   2.4202e+01   7.3569e+00   0.0000e+00   0.0000e+00   2.5200e+02
20261015_12:00:00   7.8570e-02   2.3386e+01   6.9211e+00   0.0000e+00   0.0000e+00   2.5114e+02
20261015_15:00:00   7.6230e-02   2.2776e+01   6.6110e+00   0.0000e+00   0.0000e+00   2.5566e+02
20261015_18:00:00   7.8090e-02   2.3305e+01   6.8912e+00   0.0000e+00   0.0000e+00   2.5697e+02
20261015_21:00:00   8.3685e-02   2.4744e+01   7.9789e+00   0.0000e+00   0.0000e+00   2.5608e+02
20261016_00:00:00   8.5979e-02   2.5344e+01   8.3159e+00   0.0000e+00   0.0000e+00   2.5729e+02
20261016_03:00:00   8.7273e-02   2.5647e+01   8.4254e+00   0.0000e+00   0.0000e+00   2.5513e+02
20261016_06:00:00   8.7377e-02   2.5664e+01   8.3816e+00   0.0000e+00   0.0000e+00   2.5335e+02
20261016_09:00:00   8.5508e-02   2.5139e+01   8.0551e+00   0.0000e+00   0.0000e+00   2.5194e+02
20261016_12:00:00   9.1249e-02   2.6568e+01   8.6722e+00   0.0000e+00   0.0000e+00   2.5396e+02
20261016_15:00:00   9.7875e-02   2.8232e+01   9.3807e+00   0.0000e+00   0.0000e+00   2.6222e+02
20261016_18:00:00   9.9252e-02   2.8625e+01   9.6919e+00   0.0000e+00   0.0000e+00   2.6348e+02
20261016_21:00:00   9.9742e-02   2.8771e+01   1.0002e+01   0.0000e+00   0.0000e+00   2.6286e+02
20261017_00:00:00   1.0493e-01   3.0078e+01   1.0661e+01   0.0000e+00   0.0000e+00   2.6395e+02
20261017_03:00:00   9.8558e-02   2.8492e+01   9.6763e+00   0.0000e+00   0.0000e+00   2.6257e+02
20261017_06:00:00   9.9016e-02   2.8555e+01   9.8059e+00   0.0000e+00   0.0000e+00   2.6185e+02
20261017_09:00:00   9.8865e-02   2.8505e+01   9.6994e+00   0.0000e+00   0.0000e+00   2.5828e+02
20261017_12:00:00   9.7554e-02   2.8144e+01   9.4952e+00   0.0000e+00   0.0000e+00   2.5343e+02
20261017_15:00:00   9.7467e-02   2.8104e+01   9.3794e+00   0.0000e+00   0.0000e+00   2.5277e+02
20261017_18:00:00   9.9841e-02   2.8767e+01   9.7544e+00   0.0000e+00   0.0000e+00   2.5290e+02
20261017_21:00:00   1.1302e-01   3.2019e+01   1.1767e+01   0.0000e+00   0.0000e+00   2.4986e+02
20261018_00:00:00   1.1223e-01   3.1845e+01   1.1784e+01   0.0000e+00   0.0000e+00   2.4707e+02
20261018_03:00:00   1.1165e-01   3.1700e+01   1.1621e+01   0.0000e+00   0.0000e+00   2.4509e+02
20261018_06:00:00   1.0734e-01   3.0639e+01   1.0620e+01   0.0000e+00   0.0000e+00   2.4384e+02
20261018_09:00:00   9.7556e-02   2.8145e+01   9.3764e+00   0.0000e+00   0.0000e+00   2.4522e+02
20261018_12:00:00   8.2435e-02   2.4321e+01   7.1679e+00   0.0000e+00   0.0000e+00   2.4597e+02
20261018_15:00:00   7.6710e-02   2.2856e+01   6.3327e+00   0.0000e+00   0.0000e+00   2.4676e+02
20261018_18:00:00   7.4524e-02   2.2312e+01   6.4263e+00   0.0000e+00   0.0000e+00   2.4429e+02
