#            date       tau255        Tb[K]      pwv[mm] lwp[kg*m^-2] iwp[kg*m^-2]       o3[DU]
20261002_00:00:00   1.3267e-01   3.6681e+01   1.3646e+01   3.9240e-03   1.3180e-05   2.7044e+02
20261002_01:00:00   1.2727e-01   3.5376e+01   1.3385e+01   3.4840e-05   0.0000e+00   2.7074e+02
20261002_02:00:00   1.3936e-01   3.8216e+01   1.3969e+01   8.2020e-03   2.7180e-05   2.7028e+02
20261002_03:00:00   1.4592e-01   3.9732e+01   1.4569e+01   1.0166e-02   9.5120e-05   2.7118e+02
20261002_04:00:00   1.3405e-01   3.6913e+01   1.4151e+01   0.0000e+00   0.0000e+00   2.7147e+02
20261002_05:00:00   1.2791e-01   3.5422e+01   1.3280e+01   0.0000e+00   0.0000e+00   2.7132e+02
20261002_06:00:00   1.2470e-01   3.4628e+01   1.2633e+01   7.9833e-04   3.3980e-06   2.7136e+02
20261002_07:00:00   1.1896e-01   3.3235e+01   1.1863e+01   0.0000e+00   0.0000e+00   2.7163e+02
20261002_08:00:00   1.1711e-01   3.2759e+01   1.1678e+01   0.0000e+00   0.0000e+00   2.7312e+02
20261002_09:00:00   1.1935e-01   3.3278e+01   1.1960e+01   0.0000e+00   0.0000e+00   2.7307e+02
20261002_10:00:00   1.2230e-01   3.3966e+01   1.2315e+01   0.0000e+00   0.0000e+00   2.7117e+02
20261002_11:00:00   1.2151e-01   3.3769e+01   1.2262e+01   0.0000e+00   0.0000e+00   2.7004e+02
20261002_12:00:00   1.1798e-01   3.2927e+01   1.1859e+01   0.0000e+00   0.0000e+00   2.6845e+02
20261002_13:00:00   1.1431e-01   3.2051e+01   1.1399e+01   0.0000e+00   0.0000e+00   2.6826e+02
20261002_14:00:00   1.1030e-01   3.1082e+01   1.0910e+01   0.0000e+00   0.0000e+00   2.6817e+02
20261002_15:00:00   1.0481e-01   2.9757e+01   1.0232e+01   0.0000e+00   0.0000e+00   2.6642e+02
20261002_16:00:00   9.6498e-02   2.7722e+01   8.9446e+00   0.0000e+00   0.0000e+00   2.6446e+02
20261002_17:00:00   9.6985e-02   2.7865e+01   9.0114e+00   0.0000e+00   0.0000e+00   2.6346e+02
20261002_18:00:00   9.5680e-02   2.7572e+01   8.9542e+00   0.0000e+00   0.0000e+00   2.6192e+02
20261002_19:00:00   9.8245e-02   2.8235e+01   9.2965e+00   0.0000e+00   0.0000e+00   2.6050e+02
20261002_20:00:00   1.0280e-01   2.9402e+01   9.8308e+00   0.0000e+00   0.0000e+00   2.5974e+02
20261002_21:00:00   1.0285e-01   2.9441e+01   9.8493e+00   0.0000e+00   0.0000e+00   2.5988e+02
20261002_22:00:00   9.9613e-02   2.8654e+01   9.4681e+00   0.0000e+00   0.0000e+00   2.6011e+02
20261002_23:00:00   9.5685e-02   2.7679e+01   8.9620e+00   0.0000e+00   0.0000e+00   2.5980e+02
20261003_00:00:00   9.3166e-02   2.7039e+01   8.5986e+00   0.0000e+00   0.0000e+00   2.5895e+02
20261003_01:00:00   8.6876e-02   2.5451e+01   7.8066e+00   0.0000e+00   0.0000e+00   2.5716e+02
20261003_02:00:00   8.4504e-02   2.4851e+01   7.5308e+00   0.0000e+00   0.0000e+00   2.5553e+02
20261003_03:00:00   8.5731e-02   2.5171e+01   7.7237e+00   0.0000e+00   0.0000e+00   2.5327e+02
20261003_04:00:00   8.8914e-02   2.5988e+01   8.1103e+00   0.0000e+00   0.0000e+00   2.5207e+02
20261003_05:00:00   9.1292e-02   2.6586e+01   8.3737e+00   0.0000e+00   0.0000e+00   2.5211e+02
20261003_06:00:00   9.1892e-02   2.6738e+01   8.3971e+00   0.0000e+00   0.0000e+00   2.5377e+02
20261003_07:00:00   9.2756e-02   2.6945e+01   8.4497e+00   0.0000e+00   0.0000e+00   2.5562e+02
20261003_08:00:00   9.2592e-02   2.6896e+01   8.3706e+00   0.0000e+00   0.0000e+00   2.5694e+02
20261003_09:00:00   9.2582e-02   2.6882e+01   8.3236e+00   0.0000e+00   0.0000e+00   2.5701e+02
20261003_10:00:00   9.1540e-02   2.6614e+01   8.1571e+00   0.0000e+00   0.0000e+00   2.5769e+02
20261003_11:00:00   8.8833e-02   2.5934e+01   7.7955e+00   0.0000e+00   0.0000e+00   2.5860e+02
20261003_12:00:00   8.5320e-02   2.5052e+01   7.3409e+00   0.0000e+00   0.0000e+00   2.5784e+02
20261003_13:00:00   8.4210e-02   2.4768e+01   7.1966e+00   0.0000e+00   0.0000e+00   2.5544e+02
20261003_14:00:00   8.4061e-02   2.4728e+01   7.1751e+00   0.0000e+00   0.0000e+00   2.5490e+02
20261003_15:00:00   8.3771e-02   2.4661e+01   7.1594e+00   0.0000e+00   0.0000e+00   2.5508e+02
20261003_16:00:00   8.1772e-02   2.4186e+01   6.9593e+00   0.0000e+00   0.0000e+00   2.5596e+02
20261003_17:00:00   8.0146e-02   2.3803e+01   6.8569e+00   0.0000e+00   0.0000e+00   2.5676e+02
20261003_18:00:00   8.4276e-02   2.4888e+01   7.4497e+00   0.0000e+00   0.0000e+00   2.5606e+02
20261003_19:00:00   8.2574e-02   2.4482e+01   7.3318e+00   0.0000e+00   0.0000e+00   2.5593e+02
20261003_20:00:00   8.2983e-02   2.4590e+01   7.5522e+00   0.0000e+00   0.0000e+00   2.5517e+02
20261003_21:00:00   8.3372e-02   2.4694e+01   7.7204e+00   0.0000e+00   0.0000e+00   2.5408e+02
20261003_22:00:00   8.0375e-02   2.3936e+01   7.3270e+00   0.0000e+00   0.0000e+00   2.5426e+02
20261003_23:00:00   7.7681e-02   2.3246e+01   6.9238e+00   0.0000e+00   0.0000e+00   2.5431e+02
20261004_00:00:00   7.8240e-02   2.3388e+01   6.9674e+00   0.0000e+00   0.0000e+00   2.5420e+02
20261004_01:00:00   7.5592e-02   2.2682e+01   6.6138e+00   0.0000e+00   0.0000e+00   2.5417e+02
20261004_02:00:00   7.8355e-02   2.3384e+01   7.0370e+00   0.0000e+00   0.0000e+00   2.5526e+02
20261004_03:00:00   8.2822e-02   2.4523e+01   7.7023e+00   0.0000e+00   0.0000e+00   2.5620e+02
20261004_04:00:00   8.3481e-02   2.4679e+01   7.7932e+00   0.0000e+00   0.0000e+00   2.5649e+02
20261004_05:00:00   8.4296e-02   2.4881e+01   7.8709e+00   0.0000e+00   0.0000e+00   2.5594e+02
20261004_06:00:00   8.3424e-02   2.4649e+01   7.7110e+00   0.0000e+00   0.0000e+00   2.5457e+02
20261004_07:00:00   8.1501e-02   2.4140e+01   7.4133e+00   0.0000e+00   0.0000e+00   2.5405e+02
20261004_08:00:00   8.0403e-02   2.3854e+01   7.2080e+00   0.0000e+00   0.0000e+00   2.5430e+02
20261004_09:00:00   8.2116e-02   2.4276e+01   7.4585e+00   0.0000e+00   0.0000e+00   2.5462e+02
20261004_10:00:00   8.3661e-02   2.4653e+01   7.6934e+00   0.0000e+00   0.0000e+00   2.5487e+02
20261004_11:00:00   8.3661e-02   2.4632e+01   7.7243e+00   0.0000e+00   0.0000e+00   2.5599e+02
20261004_12:00:00   8.2583e-02   2.4337e+01   7.5643e+00   0.0000e+00   0.0000e+00   2.5755e+02
20261004_13:00:00   8.1824e-02   2.4128e+01   7.3962e+00   0.0000e+00   0.0000e+00   2.5744e+02
20261004_14:00:00   8.2214e-02   2.4231e+01   7.3608e+00   0.0000e+00   0.0000e+00   2.5739e+02
20261004_15:00:00   8.3698e-02   2.4619e+01   7.4899e+00   0.0000e+00   0.0000e+00   2.5873e+02
20261004_16:00:00   8.4515e-02   2.4837e+01   7.6237e+00   0.0000e+00   0.0000e+00   2.5906e+02
20261004_17:00:00   8.8606e-02   2.5891e+01   8.1484e+00   0.0000e+00   0.0000e+00   2.5852e+02
20261004_18:00:00   8.6676e-02   2.5418e+01   7.9372e+00   0.0000e+00   0.0000e+00   2.6278e+02
20261004_19:00:00   8.8736e-02   2.5956e+01   8.2163e+00   0.0000e+00   0.0000e+00   2.6625e+02
20261004_20:00:00   9.0394e-02   2.6398e+01   8.4970e+00   0.0000e+00   0.0000e+00   2.6665e+02
20261004_21:00:00   9.6337e-02   2.7891e+01   9.3776e+00   0.0000e+00   0.0000e+00   2.6409e+02
20261004_22:00:00   9.8602e-02   2.8462e+01   9.6977e+00   0.0000e+00   0.0000e+00   2.6319e+02
20261004_23:00:00   9.6965e-02   2.8060e+01   9.4718e+00   0.0000e+00   0.0000e+00   2.6260e+02
20261005_00:00:00   9.4266e-02   2.7384e+01   9.0412e+00   0.0000e+00   0.0000e+00   2.6187e+02
20261005_01:00:00   9.3258e-02   2.7120e+01   8.8362e+00   0.0000e+00   0.0000e+00   2.6206e+02
20261005_02:00:00   9.1984e-02   2.6783e+01   8.6443e+00   0.0000e+00   0.0000e+00   2.6273e+02
20261005_03:00:00   9.0819e-02   2.6474e+01   8.4781e+00   0.0000e+00   0.0000e+00   2.6409e+02
20261005_04:00:00   8.9737e-02   2.6188e+01   8.2995e+00   0.0000e+00   0.0000e+00   2.6563e+02
20261005_05:00:00   9.0903e-02   2.6470e+01   8.3890e+00   0.0000e+00   0.0000e+00   2.6626e+02
20261005_06:00:00   9.4802e-02   2.7444e+01   8.8091e+00   0.0000e+00   0.0000e+00   2.6745e+02
20261005_07:00:00   9.8463e-02   2.8350e+01   9.1823e+00   0.0000e+00   0.0000e+00   2.6781e+02
20261005_08:00:00   1.0081e-01   2.8922e+01   9.3880e+00   0.0000e+00   0.0000e+00   2.6779e+02
20261005_09:00:00   9.8847e-02   2.8415e+01   9.1317e+00   0.0000e+00   0.0000e+00   2.6812e+02
20261005_10:00:00   9.7407e-02   2.8037e+01   8.9396e+00   0.0000e+00   0.0000e+00   2.6950e+02
20261005_11:00:00   9.6242e-02   2.7734e+01   8.7794e+00   0.0000e+00   0.0000e+00   2.7073e+02
20261005_12:00:00   9.5528e-02   2.7555e+01   8.6724e+00   0.0000e+00   0.0000e+00   2.7164e+02
20261005_13:00:00   9.3799e-02   2.7119e+01   8.4497e+00   0.0000e+00   0.0000e+00   2.7229e+02
20261005_14:00:00   9.2296e-02   2.6743e+01   8.2539e+00   0.0000e+00   0.0000e+00   2.7227e+02
20261005_15:00:00   9.0877e-02   2.6398e+01   8.0553e+00   0.0000e+00   0.0000e+00   2.7196e+02
20261005_16:00:00   8.9320e-02   2.6028e+01   7.9232e+00   0.0000e+00   0.0000e+00   2.7092e+02
20261005_17:00:00   9.4579e-02   2.7371e+01   8.5821e+00   0.0000e+00   0.0000e+00   2.7032e+02
20261005_18:00:00   9.2817e-02   2.6969e+01   8.4377e+00   0.0000e+00   0.0000e+00   2.7150e+02
20261005_19:00:00   9.0623e-02   2.6448e+01   8.2838e+00   0.0000e+00   0.0000e+00   2.7203e+02
20261005_20:00:00   9.7304e-02   2.8135e+01   9.3687e+00   0.0000e+00   0.0000e+00   2.7194e+02
20261005_21:00:00   9.9940e-02   2.8817e+01   9.7824e+00   0.0000e+00   0.0000e+00   2.7056e+02
20261005_22:00:00   9.9088e-02   2.8628e+01   9.7168e+00   0.0000e+00   0.0000e+00   2.6903e+02
20261005_23:00:00   9.9284e-02   2.8690e+01   9.7652e+00   0.0000e+00   0.0000e+00   2.6845e+02
20261006_00:00:00   1.0001e-01   2.8876e+01   9.8523e+00   0.0000e+00   0.0000e+00   2.6870e+02
20261006_01:00:00   9.9833e-02   2.8822e+01   9.7978e+00   0.0000e+00   0.0000e+00   2.6961e+02
20261006_02:00:00   9.6526e-02   2.7988e+01   9.3289e+00   0.0000e+00   0.0000e+00   2.6983e+02
20261006_03:00:00   9.1208e-02   2.6660e+01   8.5334e+00   0.0000e+00   0.0000e+00   2.6942e+02
20261006_04:00:00   9.0148e-02   2.6384e+01   8.3646e+00   0.0000e+00   0.0000e+00   2.6970e+02
20261006_05:00:00   9.0869e-02   2.6551e+01   8.4250e+00   0.0000e+00   0.0000e+00   2.6815e+02
20261006_06:00:00   9.2480e-02   2.6944e+01   8.5797e+00   0.0000e+00   0.0000e+00   2.6722e+02
20261006_07:00:00   9.4870e-02   2.7538e+01   8.8559e+00   0.0000e+00   0.0000e+00   2.6705e+02
20261006_08:00:00   9.6346e-02   2.7904e+01   9.0387e+00   0.0000e+00   0.0000e+00   2.6702e+02
20261006_09:00:00   9.6195e-02   2.7852e+01   9.0089e+00   0.0000e+00   0.0000e+00   2.6642e+02
20261006_10:00:00   9.5976e-02   2.7793e+01   8.9756e+00   0.0000e+00   0.0000e+00   2.6526e+02
20261006_11:00:00   9.6307e-02   2.7874e+01   9.0122e+00   0.0000e+00   0.0000e+00   2.6480e+02
20261006_12:00:00   9.7147e-02   2.8080e+01   9.0973e+00   0.0000e+00   0.0000e+00   2.6484e+02
20261006_13:00:00   9.8305e-02   2.8366e+01   9.2109e+00   0.0000e+00   0.0000e+00   2.6496e+02
20261006_14:00:00   9.9338e-02   2.8621e+01   9.3123e+00   0.0000e+00   0.0000e+00   2.6556e+02
20261006_15:00:00   9.9530e-02   2.8677e+01   9.3213e+00   0.0000e+00   0.0000e+00   2.6657e+02
20261006_16:00:00   9.9058e-02   2.8584e+01   9.2920e+00   0.0000e+00   0.0000e+00   2.6663e+02
20261006_17:00:00   1.0181e-01   2.9292e+01   9.7070e+00   0.0000e+00   0.0000e+00   2.6631e+02
20261006_18:00:00   1.0343e-01   2.9717e+01   1.0003e+01   0.0000e+00   0.0000e+00   2.6916e+02
20261006_19:00:00   1.0630e-01   3.0448e+01   1.0478e+01   0.0000e+00   0.0000e+00   2.7120e+02
20261006_20:00:00   1.0402e-01   2.9891e+01   1.0348e+01   0.0000e+00   0.0000e+00   2.7187e+02
20261006_21:00:00   1.1364e-01   3.2226e+01   1.1806e+01   0.0000e+00   0.0000e+00   2.7110e+02
20261006_22:00:00   1.1446e-01   3.2441e+01   1.1975e+01   0.0000e+00   0.0000e+00   2.7110e+02
20261006_23:00:00   1.1479e-01   3.2536e+01   1.2057e+01   0.0000e+00   0.0000e+00   2.7297e+02
20261007_00:00:00   1.1473e-01   3.2525e+01   1.2007e+01   2.5240e-04   5.2237e-06   2.7431e+02
20261007_03:00:00   1.1705e-01   3.3052e+01   1.2277e+01   0.0000e+00   0.0000e+00   2.7325e+02
20261007_06:00:00   1.1370e-01   3.2184e+01   1.1702e+01   0.0000e+00   0.0000e+00   2.7731e+02
20261007_09:00:00   1.0753e-01   3.0638e+01   1.0885e+01   0.0000e+00   0.0000e+00   2.7523e+02
20261007_12:00:00   1.0056e-01   2.8871e+01   9.9115e+00   0.0000e+00   0.0000e+00   2.7470e+02
20261007_15:00:00   9.7740e-02   2.8179e+01   9.4512e+00   0.0000e+00   0.0000e+00   2.7516e+02
20261007_18:00:00   1.0504e-01   3.0008e+01   1.0728e+01   0.0000e+00   0.0000e+00   2.7559e+02
20261007_21:00:00   1.1382e-01   3.2153e+01   1.2346e+01   0.0000e+00   0.0000e+00   2.8059e+02
20261008_00:00:00   1.1437e-01   3.2338e+01   1.2337e+01   0.0000e+00   0.0000e+00   2.7545e+02
20261008_03:00:00   1.0398e-01   2.9797e+01   1.0747e+01   0.0000e+00   0.0000e+00   2.7036e+02
20261008_06:00:00   9.8625e-02   2.8508e+01   9.7286e+00   0.0000e+00   0.0000e+00   2.6897e+02
20261008_09:00:00   9.9023e-02   2.8610e+01   9.5875e+00   0.0000e+00   0.0000e+00   2.6704e+02
20261008_12:00:00   9.3410e-02   2.7190e+01   8.6830e+00   0.0000e+00   0.0000e+00   2.6392e+02
20261008_15:00:00   9.0478e-02   2.6450e+01   8.2038e+00   0.0000e+00   0.0000e+00   2.6540e+02
20261008_18:00:00   8.6731e-02   2.5507e+01   7.9004e+00   0.0000e+00   0.0000e+00   2.6606e+02
20261008_21:00:00   8.7201e-02   2.5615e+01   8.2297e+00   0.0000e+00   0.0000e+00   2.6360e+02
20261009_00:00:00   8.5654e-02   2.5246e+01   7.9818e+00   0.0000e+00   0.0000e+00   2.6197e+02
20261009_03:00:00   7.7414e-02   2.3131e+01   6.7232e+00   0.0000e+00   0.0000e+00   2.5864e+02
20261009_06:00:00   7.9012e-02   2.3521e+01   6.9589e+00   0.0000e+00   0.0000e+00   2.6002e+02
20261009_09:00:00   7.7745e-02   2.3199e+01   6.6784e+00   0.0000e+00   0.0000e+00   2.5892e+02
20261009_12:00:00   8.4697e-02   2.4959e+01   7.6176e+00   0.0000e+00   0.0000e+00   2.5756e+02
20261009_15:00:00   8.4196e-02   2.4810e+01   7.6078e+00   0.0000e+00   0.0000e+00   2.5717e+02
20261009_18:00:00   8.1323e-02   2.4071e+01   7.4408e+00   0.0000e+00   0.0000e+00   2.5711e+02
20261009_21:00:00   8.4635e-02   2.4930e+01   8.1246e+00   0.0000e+00   0.0000e+00   2.5849e+02
20261010_00:00:00   8.4588e-02   2.4946e+01   8.0772e+00   0.0000e+00   0.0000e+00   2.5700e+02
20261010_03:00:00   8.4666e-02   2.4966e+01   7.8746e+00   0.0000e+00   1.9840e-06   2.5505e+02
20261010_06:00:00   8.1620e-02   2.4164e+01   7.5339e+00   0.0000e+00   5.0960e-05   2.5421e+02
20261010_09:00:00   7.8319e-02   2.3324e+01   6.8246e+00   0.0000e+00   4.6700e-04   2.5397e+02
20261010_12:00:00   7.4449e-02   2.2311e+01   6.2962e+00   0.0000e+00   0.0000e+00   2.5342e+02
20261010_15:00:00   8.1745e-02   2.4150e+01   7.3918e+00   0.0000e+00   0.0000e+00   2.5294e+02
20261010_18:00:00   8.9798e-02   2.6258e+01   8.6074e+00   0.0000e+00   0.0000e+00   2.5271e+02
20261010_21:00:00   9.1961e-02   2.6869e+01   9.1180e+00   0.0000e+00   0.0000e+00   2.5401e+02
20261011_00:00:00   9.7081e-02   2.8171e+01   9.9244e+00   0.0000e+00   0.0000e+00   2.5365e+02
20261011_03:00:00   9.2736e-02   2.7112e+01   9.1046e+00   0.0000e+00   0.0000e+00   2.5072e+02
20261011_06:00:00   9.4601e-02   2.7539e+01   9.3470e+00   0.0000e+00   0.0000e+00   2.4711e+02
20261011_09:00:00   9.3338e-02   2.7184e+01   9.1192e+00   0.0000e+00   0.0000e+00   2.4565e+02
20261011_12:00:00   9.1279e-02   2.6655e+01   8.7600e+00   0.0000e+00   0.0000e+00   2.4523e+02
20261011_15:00:00   9.1083e-02   2.6613e+01   8.6116e+00   0.0000e+00   0.0000e+00   2.4323e+02
20261011_18:00:00   9.3254e-02   2.7250e+01   8.8961e+00   0.0000e+00   0.0000e+00   2.4257e+02
20261011_21:00:00   9.5851e-02   2.7961e+01   9.5712e+00   0.0000e+00   0.0000e+00   2.4136e+02
20261012_00:00:00   9.7011e-02   2.8259e+01   9.8330e+00   0.0000e+00   0.0000e+00   2.3756e+02
20261012_03:00:00   9.1686e-02   2.6889e+01   9.0727e+00   0.0000e+00   0.0000e+00   2.3090e+02
20261012_06:00:00   8.8676e-02   2.6113e+01   8.5004e+00   0.0000e+00   0.0000e+00   2.3057e+02
20261012_09:00:00   8.7607e-02   2.5805e+01   8.3240e+00   0.0000e+00   0.0000e+00   2.3172e+02
20261012_12:00:00   8.6143e-02   2.5400e+01   8.0569e+00   0.0000e+00   0.0000e+00   2.3411e+02
20261012_15:00:00   8.5895e-02   2.5331e+01   7.9372e+00   0.0000e+00   0.0000e+00   2.3879e+02
20261012_18:00:00   8.5674e-02   2.5339e+01   7.9522e+00   0.0000e+00   0.0000e+00   2.3883e+02
20261012_21:00:00   8.9645e-02   2.6379e+01   8.8116e+00   0.0000e+00   0.0000e+00   2.3764e+02
20261013_00:00:00   9.1862e-02   2.6957e+01   9.1263e+00   0.0000e+00   0.0000e+00   2.4005e+02
20261013_03:00:00   8.5163e-02   2.5254e+01   8.0595e+00   0.0000e+00   0.0000e+00   2.4200e+02
20261013_06:00:00   8.4764e-02   2.5120e+01   7.8901e+00   0.0000e+00   0.0000e+00   2.4190e+02
20261013_09:00:00   8.2702e-02   2.4569e+01   7.5423e+00   0.0000e+00   0.0000e+00   2.4074e+02
20261013_12:00:00   8.0101e-02   2.3874e+01   7.1246e+00   0.0000e+00   0.0000e+00   2.4259e+02
20261013_15:00:00   7.8480e-02   2.3453e+01   6.8382e+00   0.0000e+00   0.0000e+00   2.4212e+02
20261013_18:00:00   8.2058e-02   2.4402e+01   7.4453e+00   0.0000e+00   0.0000e+00   2.4245e+02
20261013_21:00:00   8.7737e-02   2.5857e+01   8.5746e+00   0.0000e+00   0.0000e+00   2.4135e+02
20261014_00:00:00   8.9199e-02   2.6248e+01   8.8056e+00   0.0000e+00   0.0000e+00   2.3954e+02
20261014_03:00:00   9.3194e-02   2.7249e+01   9.3313e+00   0.0000e+00   0.0000e+00   2.3994e+02
20261014_06:00:00   9.9105e-02   2.8717e+01   9.9601e+00   0.0000e+00   0.0000e+00   2.3820e+02
20261014_09:00:00   9.5170e-02   2.7718e+01   9.2560e+00   0.0000e+00   0.0000e+00   2.4014e+02
20261014_12:00:00   9.2413e-02   2.6981e+01   8.8305e+00   0.0000e+00   0.0000e+00   2.4131e+02
20261014_15:00:00   8.5353e-02   2.5171e+01   7.8848e+00   0.0000e+00   0.0000e+00   2.4323e+02
20261014_18:00:00   8.7694e-02   2.5766e+01   8.4972e+00   0.0000e+00   0.0000e+00   2.4793e+02
20261014_21:00:00   1.1371e-01   3.2213e+01   1.3070e+01   0.0000e+00   0.0000e+00   2.4929e+02
20261015_00:00:00   1.4840e-01   4.0529e+01   1.6837e+01   7.1480e-03   1.6594e-04   2.4896e+02
20261015_03:00:00   1.4819e-01   4.0442e+01   1.7397e+01   0.0000e+00   7.1620e-04   2.4899e+02
20261015_06:00:00   1.4813e-01   4.0367e+01   1.7476e+01   0.0000e+00   2.3830e-03   2.5294e+02
20261015_09:00:00   1.5586e-01   4.2098e+01   1.8675e+01   0.0000e+00   3.5004e-02   2.5381e+02
20261015_12:00:00   1.4952e-01   4.0793e+01   1.7264e+01   0.0000e+00   4.2160e-04   2.5716e+02
20261015_15:00:00   1.4631e-01   4.0142e+01   1.6043e+01   4.0080e-04   1.1110e-05   2.5916e+02
20261015_18:00:00   1.5730e-01   4.2843e+01   1.5259e+01   1.7334e-02   3.2600e-05   2.5965e+02
20261015_21:00:00   1.2406e-01   3.4911e+01   1.3429e+01   0.0000e+00   0.0000e+00   2.6313e+02
20261016_00:00:00   1.2670e-01   3.5550e+01   1.3629e+01   0.0000e+00   0.0000e+00   2.6476e+02
20261016_03:00:00   1.3243e-01   3.6888e+01   1.4079e+01   0.0000e+00   0.0000e+00   2.6323e+02
20261016_06:00:00   1.2841e-01   3.5829e+01   1.3443e+01   0.0000e+00   0.0000e+00   2.6365e+02
20261016_09:00:00   1.1157e-01   3.1670e+01   1.1402e+01   0.0000e+00   0.0000e+00   2.6122e+02
20261016_12:00:00   1.0049e-01   2.8858e+01   9.9756e+00   0.0000e+00   0.0000e+00   2.6189e+02
20261016_15:00:00   1.1482e-01   3.2448e+01   1.1557e+01   0.0000e+00   0.0000e+00   2.6289e+02
20261016_18:00:00   1.5251e-01   4.1496e+01   1.6904e+01   9.3260e-04   0.0000e+00   2.6300e+02
20261016_21:00:00   2.8340e-01   6.9635e+01   1.6551e+01   1.5504e-01   4.4525e-02   2.6638e+02
20261017_00:00:00   1.5749e-01   4.2388e+01   1.6476e+01   1.0938e-02   4.6829e-02   2.6567e+02
20261017_03:00:00   1.1866e-01   3.3417e+01   1.1768e+01   0.0000e+00   0.0000e+00   2.6337e+02
20261017_06:00:00   9.1085e-02   2.6552e+01   8.1414e+00   0.0000e+00   0.0000e+00   2.6097e+02
20261017_09:00:00   8.5413e-02   2.5109e+01   7.2348e+00   0.0000e+00   0.0000e+00   2.5819e+02
20261017_12:00:00   7.4615e-02   2.2324e+01   5.7740e+00   0.0000e+00   0.0000e+00   2.5953e+02
20261017_15:00:00   6.8844e-02   2.0798e+01   5.0292e+00   0.0000e+00   0.0000e+00   2.5998e+02
20261017_18:00:00   6.5164e-02   1.9843e+01   4.9969e+00   0.0000e+00   0.0000e+00   2.5860e+02
20261017_21:00:00   6.2940e-02   1.9265e+01   4.8971e+00   0.0000e+00   0.0000e+00   2.5560e+02
20261018_00:00:00   6.6033e-02   2.0020e+01   5.5641e+00   0.0000e+00   0.0000e+00   2.5289e+02
