#            date       tau255        Tb[K]      pwv[mm] lwp[kg*m^-2] iwp[kg*m^-2]       o3[DU]
20260918_18:00:00   1.6394e-01   4.4178e+01   1.9222e+01   0.0000e+00   7.9159e-02   2.7616e+02
20260918_19:00:00   1.7689e-01   4.7166e+01   1.9670e+01   9.5168e-03   4.2588e-02   2.7726e+02
20260918_20:00:00   2.2474e-01   5.7823e+01   1.9785e+01   6.0818e-02   1.3771e-02   2.7561e+02
20260918_21:00:00   5.1408e-01   1.1169e+02   1.9665e+01   3.8789e-01   5.9038e-02   2.7533e+02
20260918_22:00:00   8.6242e-01   1.5738e+02   2.2842e+01   7.5556e-01   7.4657e-01   2.7548e+02
20260918_23:00:00   4.4827e-01   9.9928e+01   2.0919e+01   3.0453e-01   3.2551e-01   2.7615e+02
20260919_00:00:00   5.1327e-01   1.1142e+02   1.9722e+01   3.8619e-01   1.2024e-01   2.7626e+02
20260919_01:00:00   1.5732e-01   4.2796e+01   1.7017e+01   7.7640e-03   8.8742e-05   2.7479e+02
20260919_02:00:00   1.4329e-01   3.9598e+01   1.5971e+01   0.0000e+00   0.0000e+00   2.7589e+02
20260919_03:00:00   1.4194e-01   3.9326e+01   1.5510e+01   0.0000e+00   0.0000e+00   2.7768e+02
20260919_04:00:00   1.4344e-01   3.9679e+01   1.5583e+01   0.0000e+00   0.0000e+00   2.7610e+02
20260919_05:00:00   1.4448e-01   3.9905e+01   1.5491e+01   8.6100e-04   0.0000e+00   2.7732e+02
20260919_06:00:00   1.3985e-01   3.8798e+01   1.4824e+01   1.6982e-03   0.0000e+00   2.7844e+02
20260919_07:00:00   1.3796e-01   3.8313e+01   1.4843e+01   0.0000e+00   0.0000e+00   2.7742e+02
20260919_08:00:00   1.3238e-01   3.6945e+01   1.4152e+01   0.0000e+00   0.0000e+00   2.7773e+02
20260919_09:00:00   1.2143e-01   3.4275e+01   1.2772e+01   0.0000e+00   0.0000e+00   2.8023e+02
20260919_10:00:00   1.1901e-01   3.3648e+01   1.2583e+01   0.0000e+00   0.0000e+00   2.8214e+02
20260919_11:00:00   1.2415e-01   3.4869e+01   1.3388e+01   0.0000e+00   0.0000e+00   2.8228e+02
20260919_12:00:00   1.3234e-01   3.6801e+01   1.4622e+01   0.0000e+00   7.7400e-06   2.8219e+02
20260919_13:00:00   1.3822e-01   3.8144e+01   1.5604e+01   0.0000e+00   8.2980e-04   2.8167e+02
20260919_14:00:00   1.3991e-01   3.8534e+01   1.5859e+01   0.0000e+00   1.1270e-03   2.8212e+02
20260919_15:00:00   1.3854e-01   3.8274e+01   1.5359e+01   0.0000e+00   2.6740e-04   2.8156e+02
20260919_16:00:00   1.3677e-01   3.7936e+01   1.4870e+01   0.0000e+00   4.3540e-06   2.8029e+02
20260919_17:00:00   1.3649e-01   3.7895e+01   1.4870e+01   0.0000e+00   0.0000e+00   2.7872e+02
20260919_18:00:00   1.3737e-01   3.8081e+01   1.5180e+01   0.0000e+00   0.0000e+00   2.7870e+02
20260919_19:00:00   1.4265e-01   3.9255e+01   1.5533e+01   5.4840e-03   2.9040e-04   2.7879e+02
20260919_20:00:00   1.4553e-01   3.9855e+01   1.5631e+01   1.0093e-02   5.5963e-03   2.7591e+02
20260919_21:00:00   1.9861e-01   5.1643e+01   1.5615e+01   7.1363e-02   4.6362e-02   2.7351e+02
20260919_22:00:00   2.4152e-01   6.0375e+01   1.5912e+01   1.1799e-01   1.6905e-01   2.7116e+02
20260919_23:00:00   2.3701e-01   6.0138e+01   1.7006e+01   9.9614e-02   6.8831e-02   2.6892e+02
20260920_00:00:00   2.1734e-01   5.6087e+01   1.7267e+01   7.4977e-02   3.3169e-02   2.6910e+02
20260920_01:00:00   1.5893e-01   4.3026e+01   1.5472e+01   2.2580e-02   1.8665e-02   2.6732e+02
20260920_02:00:00   1.9049e-01   5.0016e+01   1.4503e+01   6.5686e-02   4.5301e-03   2.6747e+02
20260920_03:00:00   1.5977e-01   4.3108e+01   1.3999e+01   3.4480e-02   7.1535e-04   2.6961e+02
20260920_04:00:00   1.2720e-01   3.5562e+01   1.3292e+01   3.3140e-03   1.0554e-04   2.6929e+02
20260920_05:00:00   1.1776e-01   3.3294e+01   1.2299e+01   5.5680e-04   3.6920e-05   2.6872e+02
20260920_06:00:00   1.1476e-01   3.2542e+01   1.1928e+01   0.0000e+00   1.8052e-05   2.7133e+02
20260920_07:00:00   1.1095e-01   3.1582e+01   1.1355e+01   0.0000e+00   0.0000e+00   2.7172e+02
20260920_08:00:00   1.0471e-01   3.0035e+01   1.0419e+01   0.0000e+00   0.0000e+00   2.7044e+02
20260920_09:00:00   9.8741e-02   2.8553e+01   9.5509e+00   0.0000e+00   0.0000e+00   2.7308e+02
20260920_10:00:00   9.6968e-02   2.8092e+01   9.2796e+00   0.0000e+00   0.0000e+00   2.7479e+02
20260920_11:00:00   9.5265e-02   2.7649e+01   9.0090e+00   0.0000e+00   0.0000e+00   2.7564e+02
20260920_12:00:00   9.3849e-02   2.7278e+01   8.8135e+00   0.0000e+00   0.0000e+00   2.7510e+02
20260920_13:00:00   9.1322e-02   2.6631e+01   8.4562e+00   0.0000e+00   0.0000e+00   2.7403e+02
20260920_14:00:00   8.7872e-02   2.5754e+01   7.9530e+00   0.0000e+00   0.0000e+00   2.7215e+02
20260920_15:00:00   8.5272e-02   2.5104e+01   7.5295e+00   0.0000e+00   0.0000e+00   2.7286e+02
20260920_16:00:00   8.4109e-02   2.4825e+01   7.3728e+00   0.0000e+00   0.0000e+00   2.7126e+02
20260920_17:00:00   8.1466e-02   2.4134e+01   7.1599e+00   0.0000e+00   0.0000e+00   2.6940e+02
20260920_18:00:00   7.9168e-02   2.3516e+01   7.0743e+00   0.0000e+00   0.0000e+00   2.6846e+02
20260920_19:00:00   7.7354e-02   2.3040e+01   6.9183e+00   0.0000e+00   9.9200e-07   2.6933e+02
20260920_20:00:00   7.6188e-02   2.2755e+01   6.7860e+00   0.0000e+00   1.1096e-04   2.6874e+02
20260920_21:00:00   7.7029e-02   2.2979e+01   6.9871e+00   0.0000e+00   7.9660e-05   2.6673e+02
20260920_22:00:00   8.1664e-02   2.4148e+01   7.8471e+00   0.0000e+00   5.1737e-04   2.6603e+02
20260920_23:00:00   8.6797e-02   2.5438e+01   8.7086e+00   0.0000e+00   2.2862e-03   2.6526e+02
20260921_00:00:00   8.9339e-02   2.6060e+01   9.1672e+00   0.0000e+00   1.9983e-03   2.6308e+02
20260921_01:00:00   9.2230e-02   2.6736e+01   9.7332e+00   0.0000e+00   6.4013e-03   2.5997e+02
20260921_02:00:00   8.9344e-02   2.6049e+01   9.1270e+00   0.0000e+00   1.6437e-02   2.5908e+02
20260921_03:00:00   8.7548e-02   2.5614e+01   8.7542e+00   0.0000e+00   1.4912e-02   2.5864e+02
20260921_04:00:00   8.6470e-02   2.5333e+01   8.5333e+00   0.0000e+00   1.5216e-02   2.5853e+02
20260921_05:00:00   8.6483e-02   2.5314e+01   8.5804e+00   0.0000e+00   1.4564e-02   2.5948e+02
20260921_06:00:00   8.5430e-02   2.5061e+01   8.4215e+00   0.0000e+00   6.3600e-03   2.6008e+02
20260921_07:00:00   8.5046e-02   2.4960e+01   8.3634e+00   0.0000e+00   6.5111e-03   2.6044e+02
20260921_08:00:00   8.4944e-02   2.4931e+01   8.3260e+00   0.0000e+00   5.4905e-03   2.6216e+02
20260921_09:00:00   8.5521e-02   2.5063e+01   8.3991e+00   0.0000e+00   2.7435e-03   2.6342e+02
20260921_10:00:00   8.6784e-02   2.5382e+01   8.5323e+00   0.0000e+00   3.7097e-03   2.6110e+02
20260921_11:00:00   8.8999e-02   2.5928e+01   8.8560e+00   0.0000e+00   1.2846e-03   2.6077e+02
20260921_12:00:00   9.0310e-02   2.6244e+01   9.0578e+00   0.0000e+00   2.3041e-03   2.6208e+02
20260921_13:00:00   9.2245e-02   2.6700e+01   9.3969e+00   0.0000e+00   7.4029e-03   2.6207e+02
20260921_14:00:00   9.3030e-02   2.6886e+01   9.5313e+00   0.0000e+00   1.3367e-02   2.6257e+02
20260921_15:00:00   9.3316e-02   2.6962e+01   9.5720e+00   0.0000e+00   5.9196e-03   2.6364e+02
20260921_16:00:00   9.3307e-02   2.6981e+01   9.5833e+00   0.0000e+00   2.6419e-03   2.6432e+02
20260921_17:00:00   9.5607e-02   2.7562e+01   9.9525e+00   0.0000e+00   1.5342e-03   2.6431e+02
20260921_18:00:00   9.7690e-02   2.8084e+01   1.0374e+01   0.0000e+00   3.6877e-03   2.6675e+02
20260921_19:00:00   1.0339e-01   2.9455e+01   1.1398e+01   0.0000e+00   5.5949e-03   2.6606e+02
20260921_20:00:00   1.0564e-01   3.0022e+01   1.1797e+01   0.0000e+00   4.7455e-03   2.6457e+02
20260921_21:00:00   1.1142e-01   3.1428e+01   1.2796e+01   5.4180e-05   1.1494e-03   2.6381e+02
20260921_22:00:00   1.1671e-01   3.2728e+01   1.3570e+01   1.9352e-04   7.5211e-03   2.6384e+02
20260921_23:00:00   1.2142e-01   3.3877e+01   1.4062e+01   1.3784e-03   2.6531e-02   2.6387e+02
20260922_00:00:00   1.2421e-01   3.4549e+01   1.4434e+01   1.9676e-03   1.3904e-02   2.6402e+02
20260922_01:00:00   1.2700e-01   3.5301e+01   1.4966e+01   2.3220e-05   1.4940e-02   2.6342e+02
20260922_02:00:00   1.3048e-01   3.6164e+01   1.5364e+01   0.0000e+00   5.0732e-03   2.6249e+02
20260922_03:00:00   1.3196e-01   3.6526e+01   1.5123e+01   3.1700e-03   2.9656e-03   2.6245e+02
20260922_04:00:00   1.7601e-01   4.6584e+01   1.5291e+01   5.0880e-02   4.9716e-03   2.6266e+02
20260922_05:00:00   1.4862e-01   4.0389e+01   1.5202e+01   1.9290e-02   1.1858e-02   2.6293e+02
20260922_06:00:00   1.3148e-01   3.6395e+01   1.5301e+01   1.4862e-04   5.5678e-04   2.6358e+02
20260922_07:00:00   1.2881e-01   3.5762e+01   1.4933e+01   1.3060e-04   1.7621e-03   2.6379e+02
20260922_08:00:00   1.2772e-01   3.5492e+01   1.4749e+01   2.1760e-06   8.2547e-04   2.6350e+02
20260922_09:00:00   1.3339e-01   3.6821e+01   1.5282e+01   1.3020e-03   1.4198e-04   2.6389e+02
20260922_10:00:00   2.3038e-01   5.8401e+01   1.5970e+01   1.0322e-01   7.7430e-03   2.6405e+02
20260922_11:00:00   1.6009e-01   4.3019e+01   1.6133e+01   2.2544e-02   1.6766e-02   2.6390e+02
20260922_12:00:00   1.4022e-01   3.8449e+01   1.5685e+01   2.3295e-03   3.5071e-03   2.6412e+02
20260922_13:00:00   1.4083e-01   3.8574e+01   1.5863e+01   1.9467e-03   1.8203e-03   2.6603e+02
20260922_14:00:00   1.4090e-01   3.8634e+01   1.6023e+01   3.3080e-04   2.7673e-05   2.6560e+02
20260922_15:00:00   1.4349e-01   3.9282e+01   1.6417e+01   0.0000e+00   1.0284e-04   2.6634e+02
20260922_16:00:00   1.5720e-01   4.2469e+01   1.8421e+01   0.0000e+00   6.7800e-03   2.6567e+02
20260922_17:00:00   1.7533e-01   4.6653e+01   2.0522e+01   2.0063e-04   9.7792e-02   2.6516e+02
20260922_18:00:00   2.7360e-01   6.8000e+01   2.1516e+01   1.0273e-01   6.9633e-02   2.6462e+02
20260922_19:00:00   3.5934e-01   8.4834e+01   2.2543e+01   1.9016e-01   2.9967e-02   2.6392e+02
20260922_20:00:00   6.2773e-01   1.2904e+02   2.3786e+01   4.8019e-01   2.2727e-01   2.6218e+02
20260922_21:00:00   3.7967e-01   8.8562e+01   2.3255e+01   2.0582e-01   1.2811e-01   2.6142e+02
20260922_22:00:00   5.5483e-01   1.1820e+02   2.4546e+01   3.8796e-01   1.3753e+00   2.6353e+02
20260922_23:00:00   7.3900e-01   1.4349e+02   2.4175e+01   6.0308e-01   9.3997e-01   2.6338e+02
20260923_00:00:00   2.2774e-01   5.8171e+01   2.2470e+01   4.1006e-02   1.1075e-01   2.6330e+02
20260923_01:00:00   4.0264e-01   9.2378e+01   2.3895e+01   2.2501e-01   2.6863e-01   2.6454e+02
20260923_02:00:00   7.8053e-01   1.4923e+02   2.4840e+01   6.4309e-01   5.0072e-01   2.6341e+02
20260923_03:00:00   9.1906e-01   1.6609e+02   2.4458e+01   8.0366e-01   2.3681e-01   2.6264e+02
20260923_04:00:00   3.5341e-01   8.3463e+01   2.2814e+01   1.7733e-01   1.2583e-01   2.6415e+02
20260923_05:00:00   2.6098e-01   6.5307e+01   2.2366e+01   7.6197e-02   2.8679e-02   2.6446e+02
20260923_06:00:00   2.8600e-01   7.0231e+01   2.2543e+01   1.0214e-01   5.0338e-02   2.6460e+02
20260923_07:00:00   3.5711e-01   8.4234e+01   2.3222e+01   1.7732e-01   1.8686e-01   2.6395e+02
20260923_08:00:00   3.7806e-01   8.8185e+01   2.3418e+01   2.0048e-01   1.8711e-01   2.6409e+02
20260923_09:00:00   3.1300e-01   7.5715e+01   2.3066e+01   1.2914e-01   7.8617e-02   2.6404e+02
20260923_10:00:00   3.7995e-01   8.8715e+01   2.3332e+01   2.0316e-01   1.9852e-01   2.6539e+02
20260923_11:00:00   6.1344e-01   1.2725e+02   2.3676e+01   4.6341e-01   3.9376e-01   2.6711e+02
20260923_12:00:00   3.6387e-01   8.5588e+01   2.3605e+01   1.8183e-01   4.0587e-01   2.6822e+02
20260923_13:00:00   4.4151e-01   9.9147e+01   2.4054e+01   2.6444e-01   5.3223e-01   2.6877e+02
20260923_14:00:00   5.8372e-01   1.2203e+02   2.4277e+01   4.2306e-01   5.1580e-01   2.6709e+02
20260923_15:00:00   5.9579e-01   1.2373e+02   2.4110e+01   4.3818e-01   5.1706e-01   2.6820e+02
20260923_16:00:00   6.0067e-01   1.2479e+02   2.3885e+01   4.4700e-01   4.4525e-01   2.6770e+02
20260923_17:00:00   7.7119e-01   1.4766e+02   2.4223e+01   6.3452e-01   4.5650e-01   2.6805e+02
20260923_18:00:00   8.7177e-01   1.5943e+02   2.4380e+01   7.4559e-01   5.9824e-01   2.6739e+02
20260923_21:00:00   7.7348e-01   1.4886e+02   2.3543e+01   6.4884e-01   3.5002e-01   2.6746e+02
20260924_00:00:00   1.8153e-01   4.8078e+01   2.0961e+01   4.6720e-05   5.0709e-03   2.7111e+02
20260924_03:00:00   1.9093e-01   5.0145e+01   2.1077e+01   9.6469e-03   1.9050e-02   2.6983e+02
20260924_06:00:00   1.7291e-01   4.6138e+01   1.9707e+01   0.0000e+00   2.3736e-03   2.7006e+02
20260924_09:00:00   1.6553e-01   4.4420e+01   1.8660e+01   0.0000e+00   5.5979e-03   2.6887e+02
20260924_12:00:00   1.5145e-01   4.1143e+01   1.6755e+01   0.0000e+00   2.1621e-03   2.7099e+02
20260924_15:00:00   1.4667e-01   4.0022e+01   1.6330e+01   0.0000e+00   4.2460e-06   2.7489e+02
20260924_18:00:00   1.4425e-01   3.9591e+01   1.5887e+01   0.0000e+00   2.1377e-04   2.7668e+02
20260924_21:00:00   3.9618e-01   9.1203e+01   1.7651e+01   2.7481e-01   2.9060e-03   2.7560e+02
20260925_00:00:00   1.6837e-01   4.5179e+01   1.6922e+01   2.3936e-02   1.1872e-02   2.7334e+02
20260925_03:00:00   4.5200e-01   1.0154e+02   1.8667e+01   3.2336e-01   1.5914e-02   2.7113e+02
20260925_06:00:00   1.4589e-01   3.9985e+01   1.6607e+01   0.0000e+00   0.0000e+00   2.7262e+02
20260925_09:00:00   1.5730e-01   4.2549e+01   1.8582e+01   0.0000e+00   8.0202e-03   2.7251e+02
20260925_12:00:00   1.4402e-01   3.9531e+01   1.6348e+01   0.0000e+00   0.0000e+00   2.7153e+02
20260925_15:00:00   1.6172e-01   4.3597e+01   1.8919e+01   0.0000e+00   5.1066e-04   2.7160e+02
20260925_18:00:00   1.6667e-01   4.4879e+01   1.9379e+01   1.6546e-03   0.0000e+00   2.6795e+02
20260925_21:00:00   2.3622e-01   6.0189e+01   1.7672e+01   9.2181e-02   5.5580e-04   2.6715e+02
20260926_00:00:00   1.8218e-01   4.8551e+01   1.7530e+01   3.1100e-02   2.4284e-02   2.6602e+02
20260926_03:00:00   1.4887e-01   4.1003e+01   1.6304e+01   2.8866e-03   5.4697e-05   2.6673e+02
20260926_06:00:00   1.5913e-01   4.3259e+01   1.8592e+01   1.2846e-05   0.0000e+00   2.6824e+02
20260926_09:00:00   1.7659e-01   4.7172e+01   2.1078e+01   0.0000e+00   4.2463e-05   2.6942e+02
20260926_12:00:00   1.5477e-01   4.2191e+01   1.7845e+01   0.0000e+00   0.0000e+00   2.6836e+02
20260926_15:00:00   1.5133e-01   4.1451e+01   1.7289e+01   0.0000e+00   0.0000e+00   2.6879e+02
20260926_18:00:00   1.7251e-01   4.6405e+01   2.0394e+01   3.2620e-04   1.7265e-03   2.6613e+02
20260926_21:00:00   4.7795e-01   1.0607e+02   2.3328e+01   3.2543e-01   4.3372e-03   2.6645e+02
20260927_00:00:00   3.6606e-01   8.6396e+01   2.3950e+01   1.9240e-01   8.6135e-03   2.6839e+02
20260927_03:00:00   5.6499e-01   1.2011e+02   2.4827e+01   4.1000e-01   2.6834e-02   2.6807e+02
20260927_06:00:00   2.8464e-01   7.0314e+01   2.6459e+01   7.4192e-02   5.4306e-01   2.6875e+02
20260927_09:00:00   3.7503e-01   8.7851e+01   2.4930e+01   1.9302e-01   1.8345e-02   2.6738e+02
20260927_12:00:00   3.0647e-01   7.4862e+01   2.5191e+01   1.1352e-01   4.8569e-02   2.6420e+02
20260927_15:00:00   3.4183e-01   8.1637e+01   2.6040e+01   1.4453e-01   1.0130e-01   2.6469e+02
20260927_18:00:00   3.4753e-01   8.2909e+01   2.7076e+01   1.4328e-01   4.0251e-01   2.6778e+02
20260927_21:00:00   4.8680e-01   1.0765e+02   2.7403e+01   2.9633e-01   5.6991e-01   2.6654e+02
20260928_00:00:00   4.6411e-01   1.0367e+02   2.8176e+01   2.6227e-01   3.8822e-01   2.6702e+02
20260928_03:00:00   5.6880e-01   1.2045e+02   2.8445e+01   3.7523e-01   2.6662e-01   2.7122e+02
20260928_06:00:00   2.2099e-01   5.6921e+01   2.6862e+01   9.8298e-04   8.9370e-02   2.6586e+02
20260928_09:00:00   2.0983e-01   5.4461e+01   2.5268e+01   4.1212e-03   1.1675e-02   2.6518e+02
20260928_12:00:00   2.1309e-01   5.5171e+01   2.4546e+01   1.3707e-02   4.9260e-05   2.6636e+02
20260928_15:00:00   6.6255e-01   1.3412e+02   2.3984e+01   5.2415e-01   2.4330e-03   2.6595e+02
20260928_18:00:00   4.4792e-01   1.0076e+02   2.3392e+01   2.8435e-01   1.1586e-03   2.6552e+02
20260928_21:00:00   1.8482e-01   4.9038e+01   1.9491e+01   1.1885e-02   1.3128e-04   2.6808e+02
20260929_00:00:00   1.5638e-01   4.2651e+01   1.6670e+01   0.0000e+00   0.0000e+00   2.7041e+02
20260929_03:00:00   1.1084e-01   3.1685e+01   1.0899e+01   0.0000e+00   0.0000e+00   2.7135e+02
20260929_06:00:00   8.6354e-02   2.5503e+01   7.5055e+00   0.0000e+00   0.0000e+00   2.7364e+02
20260929_09:00:00   7.0313e-02   2.1352e+01   5.0581e+00   0.0000e+00   0.0000e+00   2.7127e+02
20260929_12:00:00   6.3651e-02   1.9586e+01   4.0989e+00   0.0000e+00   0.0000e+00   2.6985e+02
20260929_15:00:00   6.1457e-02   1.9005e+01   3.8580e+00   0.0000e+00   0.0000e+00   2.6996e+02
20260929_18:00:00   6.0919e-02   1.8903e+01   4.1070e+00   0.0000e+00   0.0000e+00   2.6714e+02
20260929_21:00:00   7.0283e-02   2.1414e+01   5.7384e+00   0.0000e+00   0.0000e+00   2.6781e+02
20260930_00:00:00   8.6731e-02   2.5685e+01   8.4002e+00   0.0000e+00   0.0000e+00   2.6505e+02
20260930_03:00:00   9.0411e-02   2.6668e+01   8.6602e+00   0.0000e+00   0.0000e+00   2.6537e+02
20260930_06:00:00   9.2130e-02   2.7081e+01   8.8377e+00   0.0000e+00   0.0000e+00   2.6505e+02
20260930_09:00:00   8.8747e-02   2.6174e+01   8.5134e+00   0.0000e+00   0.0000e+00   2.6490e+02
20260930_12:00:00   9.0958e-02   2.6661e+01   9.4129e+00   0.0000e+00   0.0000e+00   2.6053e+02
20260930_15:00:00   1.0230e-01   2.9531e+01   1.1179e+01   0.0000e+00   0.0000e+00   2.5887e+02
20260930_18:00:00   1.2274e-01   3.4633e+01   1.4585e+01   0.0000e+00   0.0000e+00   2.5986e+02
20260930_21:00:00   1.4215e-01   3.9485e+01   1.7077e+01   0.0000e+00   0.0000e+00   2.6101e+02
20261001_00:00:00   1.4953e-01   4.1389e+01   1.7667e+01   0.0000e+00   0.0000e+00   2.5797e+02
20261001_03:00:00   1.4894e-01   4.1289e+01   1.7144e+01   1.6652e-04   0.0000e+00   2.6075e+02
20261001_06:00:00   1.4376e-01   4.0079e+01   1.6109e+01   0.0000e+00   0.0000e+00   2.6191e+02
20261001_09:00:00   1.3470e-01   3.7882e+01   1.4734e+01   0.0000e+00   0.0000e+00   2.6255e+02
20261001_12:00:00   1.3307e-01   3.7421e+01   1.4536e+01   0.0000e+00   0.0000e+00   2.6291e+02
20261001_15:00:00   1.3427e-01   3.7628e+01   1.4787e+01   0.0000e+00   0.0000e+00   2.6186e+02
20261001_18:00:00   1.3549e-01   3.7944e+01   1.5205e+01   0.0000e+00   0.0000e+00   2.6276e+02
20261001_21:00:00   1.3167e-01   3.7032e+01   1.4952e+01   0.0000e+00   0.0000e+00   2.6428e+02
20261002_00:00:00   1.2660e-01   3.5791e+01   1.4333e+01   0.0000e+00   0.0000e+00   2.6238e+02
20261002_03:00:00   1.3366e-01   3.7415e+01   1.5445e+01   0.0000e+00   0.0000e+00   2.6123e+02
20261002_06:00:00   1.2850e-01   3.6088e+01   1.4567e+01   0.0000e+00   0.0000e+00   2.6215e+02
20261002_09:00:00   1.2835e-01   3.5910e+01   1.4589e+01   0.0000e+00   0.0000e+00   2.6237e+02
20261002_12:00:00   1.2383e-01   3.4804e+01   1.3940e+01   0.0000e+00   0.0000e+00   2.6128e+02
20261002_15:00:00   1.1529e-01   3.2677e+01   1.2799e+01   0.0000e+00   0.0000e+00   2.6208e+02
20261002_18:00:00   1.0728e-01   3.0768e+01   1.1927e+01   0.0000e+00   0.0000e+00   2.6172e+02
20261002_21:00:00   1.1044e-01   3.1647e+01   1.2419e+01   0.0000e+00   0.0000e+00   2.6009e+02
20261003_00:00:00   1.1400e-01   3.2577e+01   1.2855e+01   0.0000e+00   0.0000e+00   2.5717e+02
20261003_03:00:00   1.1860e-01   3.3726e+01   1.3362e+01   0.0000e+00   0.0000e+00   2.5786e+02
20261003_06:00:00   1.2077e-01   3.4236e+01   1.3535e+01   0.0000e+00   0.0000e+00   2.6047e+02
20261003_09:00:00   1.2019e-01   3.4043e+01   1.3397e+01   0.0000e+00   0.0000e+00   2.6131e+02
20261003_12:00:00   1.1690e-01   3.3195e+01   1.2846e+01   0.0000e+00   0.0000e+00   2.6113e+02
20261003_15:00:00   1.1731e-01   3.3317e+01   1.2841e+01   0.0000e+00   0.0000e+00   2.6000e+02
20261003_18:00:00   1.1933e-01   3.3929e+01   1.3149e+01   0.0000e+00   0.0000e+00   2.5955e+02
20261003_21:00:00   1.2798e-01   3.6129e+01   1.4436e+01   0.0000e+00   0.0000e+00   2.5839e+02
20261004_00:00:00   1.2788e-01   3.6153e+01   1.4452e+01   0.0000e+00   0.0000e+00   2.5818e+02
20261004_03:00:00   1.2864e-01   3.6284e+01   1.4347e+01   0.0000e+00   0.0000e+00   2.5991e+02
20261004_06:00:00   1.2612e-01   3.5577e+01   1.3928e+01   0.0000e+00   0.0000e+00   2.6101e+02
20261004_09:00:00   1.2333e-01   3.4836e+01   1.3516e+01   0.0000e+00   0.0000e+00   2.5935e+02
20261004_12:00:00   1.2122e-01   3.4266e+01   1.3145e+01   0.0000e+00   0.0000e+00   2.5998e+02
20261004_15:00:00   1.1764e-01   3.3390e+01   1.2668e+01   0.0000e+00   0.0000e+00   2.6299e+02
20261004_18:00:00   1.1985e-01   3.4022e+01   1.3016e+01   0.0000e+00   0.0000e+00   2.6517e+02
