#            date       tau255        Tb[K]      pwv[mm] lwp[kg*m^-2] iwp[kg*m^-2]       o3[DU]
20260929_00:00:00   4.7650e-01   1.0653e+02   2.6895e+01   2.8791e-01   1.2115e-01   2.6617e+02
20260929_01:00:00   8.1793e-01   1.5628e+02   2.6900e+01   6.8526e-01   1.2221e-01   2.6530e+02
20260929_02:00:00   8.9169e-01   1.6418e+02   2.6734e+01   7.6484e-01   4.0373e-01   2.6436e+02
20260929_03:00:00   9.2833e-01   1.6782e+02   2.6262e+01   8.0753e-01   1.9326e-01   2.6466e+02
20260929_04:00:00   1.3356e+00   2.0284e+02   2.6008e+01   1.2649e+00   3.2546e-01   2.6612e+02
20260929_05:00:00   8.9745e-01   1.6354e+02   2.5662e+01   7.7157e-01   3.8758e-01   2.6609e+02
20260929_06:00:00   3.8191e-01   8.9025e+01   2.5511e+01   1.8727e-01   5.3496e-01   2.6618e+02
20260929_07:00:00   5.3008e-01   1.1457e+02   2.5167e+01   3.6075e-01   4.1717e-01   2.6647e+02
20260929_08:00:00   7.3498e-01   1.4355e+02   2.4613e+01   5.9418e-01   6.4222e-01   2.6692e+02
20260929_09:00:00   2.2099e-01   5.6657e+01   2.3238e+01   3.0680e-02   2.3966e-01   2.6658e+02
20260929_10:00:00   3.1040e-01   7.5105e+01   2.2646e+01   1.3550e-01   2.7550e-01   2.6697e+02
20260929_11:00:00   4.5375e-01   1.0149e+02   2.3072e+01   2.9259e-01   5.6359e-01   2.6748e+02
20260929_12:00:00   2.3528e-01   5.9490e+01   2.2603e+01   4.8716e-02   4.7217e-01   2.6910e+02
20260929_13:00:00   2.9130e-01   7.1162e+01   2.2543e+01   1.1508e-01   5.0566e-01   2.6737e+02
20260929_14:00:00   3.5724e-01   8.4001e+01   2.2957e+01   1.8394e-01   4.5560e-01   2.6750e+02
20260929_15:00:00   4.8786e-01   1.0716e+02   2.3624e+01   3.2347e-01   7.0377e-01   2.6733e+02
20260929_16:00:00   6.4405e-01   1.3129e+02   2.4241e+01   4.9692e-01   5.6493e-01   2.6770e+02
20260929_17:00:00   9.9818e-01   1.7362e+02   2.4539e+01   8.9454e-01   8.6360e-01   2.6564e+02
20260929_18:00:00   1.2036e+00   1.9211e+02   2.5044e+01   1.1232e+00   8.7291e-01   2.6390e+02
20260929_19:00:00   1.2309e+00   1.9504e+02   2.5039e+01   1.1594e+00   6.4500e-01   2.6172e+02
20260929_20:00:00   1.1538e+00   1.8961e+02   2.4832e+01   1.0823e+00   3.4847e-01   2.6044e+02
20260929_21:00:00   9.1226e-01   1.6611e+02   2.4882e+01   8.0631e-01   7.3344e-01   2.6117e+02
20260929_22:00:00   1.0968e+00   1.8361e+02   2.4223e+01   1.0159e+00   1.1728e+00   2.6352e+02
20260929_23:00:00   4.7103e-01   1.0439e+02   2.2881e+01   3.1735e-01   7.9502e-01   2.6506e+02
20260930_00:00:00   2.8267e-01   6.9283e+01   2.3060e+01   1.0243e-01   6.7441e-01   2.6541e+02
20260930_01:00:00   2.4317e-01   6.0883e+01   2.2883e+01   5.7025e-02   6.9919e-01   2.6703e+02
20260930_02:00:00   2.4518e-01   6.1402e+01   2.2491e+01   5.9612e-02   6.2736e-01   2.6983e+02
20260930_03:00:00   3.5282e-01   8.3066e+01   2.1636e+01   1.8821e-01   2.6256e-01   2.7344e+02
20260930_04:00:00   1.7506e-01   4.6348e+01   1.7911e+01   1.6613e-02   8.8190e-02   2.7591e+02
20260930_05:00:00   1.4262e-01   3.8846e+01   1.5027e+01   3.9034e-03   3.5684e-02   2.7635e+02
20260930_06:00:00   1.2825e-01   3.5512e+01   1.3054e+01   6.2416e-04   1.5414e-03   2.8093e+02
20260930_07:00:00   1.3740e-01   3.7559e+01   1.4014e+01   3.7943e-03   7.3260e-05   2.7997e+02
20260930_08:00:00   1.3641e-01   3.7290e+01   1.4201e+01   2.5264e-04   1.5694e-05   2.7924e+02
20260930_09:00:00   1.3370e-01   3.6627e+01   1.3733e+01   9.2450e-06   0.0000e+00   2.7859e+02
20260930_10:00:00   1.2639e-01   3.4821e+01   1.2764e+01   4.4076e-04   0.0000e+00   2.8161e+02
20260930_11:00:00   1.2694e-01   3.4883e+01   1.2691e+01   5.1005e-04   2.9360e-05   2.8635e+02
20260930_12:00:00   1.2614e-01   3.4623e+01   1.2590e+01   1.6864e-05   6.0282e-05   2.9014e+02
20260930_13:00:00   1.2729e-01   3.4856e+01   1.2220e+01   3.5241e-03   1.7606e-04   2.9422e+02
20260930_14:00:00   1.2164e-01   3.3484e+01   1.1908e+01   3.1840e-04   9.4580e-05   2.9684e+02
20260930_15:00:00   1.2394e-01   3.4014e+01   1.2065e+01   3.5047e-03   3.3304e-05   2.9747e+02
20260930_16:00:00   2.1227e-01   5.4201e+01   1.3204e+01   9.6285e-02   2.7368e-03   2.9620e+02
20260930_17:00:00   3.0472e-01   7.3440e+01   1.4000e+01   1.9288e-01   1.8925e-02   2.9601e+02
20260930_18:00:00   2.3592e-01   5.9285e+01   1.5049e+01   1.0830e-01   5.2042e-02   2.9521e+02
20260930_19:00:00   4.0770e-01   9.3151e+01   1.5917e+01   2.9728e-01   1.3715e-01   2.9526e+02
20260930_20:00:00   6.5706e-01   1.3247e+02   1.6034e+01   5.7590e-01   1.9380e-01   2.9550e+02
20260930_21:00:00   7.9687e-01   1.5147e+02   1.4803e+01   7.4468e-01   1.8632e-02   2.9678e+02
20260930_22:00:00   8.2928e-01   1.5618e+02   1.4794e+01   7.8888e-01   6.2842e-03   2.9375e+02
20260930_23:00:00   4.9800e-01   1.1006e+02   1.5140e+01   4.1218e-01   1.7238e-02   2.9374e+02
20261001_00:00:00   3.1989e-01   7.7387e+01   1.4731e+01   2.0997e-01   4.5676e-03   2.9408e+02
20261001_01:00:00   1.3895e-01   3.7774e+01   1.4555e+01   5.7543e-03   4.2920e-03   2.9227e+02
20261001_02:00:00   1.4135e-01   3.8298e+01   1.5355e+01   3.4180e-03   1.4676e-04   2.9180e+02
20261001_03:00:00   1.4645e-01   3.9494e+01   1.6442e+01   1.0450e-04   1.5511e-03   2.9160e+02
20261001_04:00:00   1.8767e-01   4.8904e+01   1.7158e+01   4.1364e-02   2.5344e-03   2.9100e+02
20261001_05:00:00   2.5461e-01   6.3365e+01   1.7515e+01   1.1238e-01   4.2703e-03   2.9006e+02
20261001_06:00:00   1.5472e-01   4.1538e+01   1.7331e+01   1.6798e-03   1.2995e-04   2.8703e+02
20261001_07:00:00   1.4678e-01   3.9749e+01   1.6260e+01   0.0000e+00   6.2420e-04   2.8751e+02
20261001_08:00:00   1.3231e-01   3.6421e+01   1.4084e+01   0.0000e+00   6.0860e-04   2.8454e+02
20261001_09:00:00   1.2113e-01   3.3812e+01   1.2136e+01   0.0000e+00   7.9680e-05   2.7842e+02
20261001_10:00:00   1.1578e-01   3.2539e+01   1.1335e+01   0.0000e+00   0.0000e+00   2.7614e+02
20261001_11:00:00   1.1000e-01   3.1139e+01   1.0596e+01   0.0000e+00   0.0000e+00   2.7472e+02
20261001_12:00:00   1.0680e-01   3.0336e+01   1.0428e+01   0.0000e+00   0.0000e+00   2.7553e+02
20261001_13:00:00   1.0705e-01   3.0390e+01   1.0683e+01   0.0000e+00   0.0000e+00   2.7495e+02
20261001_14:00:00   1.0230e-01   2.9220e+01   1.0210e+01   0.0000e+00   0.0000e+00   2.7382e+02
20261001_15:00:00   9.9435e-02   2.8524e+01   9.8416e+00   0.0000e+00   0.0000e+00   2.7436e+02
20261001_16:00:00   9.4709e-02   2.7381e+01   9.1550e+00   0.0000e+00   0.0000e+00   2.7354e+02
20261001_17:00:00   9.0488e-02   2.6346e+01   8.6315e+00   0.0000e+00   0.0000e+00   2.7354e+02
20261001_18:00:00   9.3939e-02   2.7239e+01   9.0822e+00   0.0000e+00   0.0000e+00   2.7406e+02
20261001_19:00:00   9.5198e-02   2.7588e+01   9.2927e+00   0.0000e+00   0.0000e+00   2.7428e+02
20261001_20:00:00   1.0160e-01   2.9206e+01   1.0166e+01   0.0000e+00   0.0000e+00   2.7337e+02
20261001_21:00:00   1.0158e-01   2.9221e+01   1.0290e+01   0.0000e+00   0.0000e+00   2.7495e+02
20261001_22:00:00   1.0290e-01   2.9542e+01   1.0629e+01   0.0000e+00   0.0000e+00   2.7585e+02
20261001_23:00:00   1.0432e-01   2.9893e+01   1.0892e+01   0.0000e+00   0.0000e+00   2.7474e+02
20261002_00:00:00   1.0294e-01   2.9559e+01   1.0690e+01   0.0000e+00   0.0000e+00   2.7309e+02
20261002_01:00:00   1.0290e-01   2.9567e+01   1.0613e+01   0.0000e+00   0.0000e+00   2.7229e+02
20261002_02:00:00   9.8871e-02   2.8586e+01   9.9418e+00   0.0000e+00   0.0000e+00   2.7203e+02
20261002_03:00:00   9.7726e-02   2.8290e+01   9.7386e+00   0.0000e+00   0.0000e+00   2.7270e+02
20261002_04:00:00   9.6250e-02   2.7917e+01   9.5246e+00   0.0000e+00   0.0000e+00   2.7389e+02
20261002_05:00:00   9.4828e-02   2.7547e+01   9.3404e+00   0.0000e+00   0.0000e+00   2.7234e+02
20261002_06:00:00   9.4948e-02   2.7557e+01   9.4171e+00   0.0000e+00   0.0000e+00   2.7024e+02
20261002_07:00:00   9.5640e-02   2.7710e+01   9.5809e+00   0.0000e+00   0.0000e+00   2.7023e+02
20261002_08:00:00   9.5717e-02   2.7719e+01   9.6219e+00   0.0000e+00   0.0000e+00   2.7022e+02
20261002_09:00:00   9.5516e-02   2.7663e+01   9.6025e+00   0.0000e+00   0.0000e+00   2.6964e+02
20261002_10:00:00   9.4969e-02   2.7525e+01   9.5129e+00   0.0000e+00   0.0000e+00   2.6868e+02
20261002_11:00:00   9.3382e-02   2.7133e+01   9.2264e+00   0.0000e+00   0.0000e+00   2.6767e+02
20261002_12:00:00   9.3545e-02   2.7181e+01   9.1462e+00   0.0000e+00   0.0000e+00   2.6721e+02
20261002_13:00:00   9.5105e-02   2.7583e+01   9.2201e+00   0.0000e+00   0.0000e+00   2.6756e+02
20261002_14:00:00   9.7681e-02   2.8236e+01   9.4456e+00   0.0000e+00   0.0000e+00   2.6819e+02
20261002_15:00:00   9.9705e-02   2.8756e+01   9.6570e+00   0.0000e+00   0.0000e+00   2.6899e+02
20261002_16:00:00   9.9879e-02   2.8829e+01   9.7084e+00   0.0000e+00   0.0000e+00   2.6797e+02
20261002_17:00:00   1.0434e-01   2.9974e+01   1.0266e+01   0.0000e+00   0.0000e+00   2.6603e+02
20261002_18:00:00   1.0574e-01   3.0359e+01   1.0484e+01   0.0000e+00   0.0000e+00   2.6479e+02
20261002_19:00:00   1.0859e-01   3.1085e+01   1.0928e+01   0.0000e+00   0.0000e+00   2.6461e+02
20261002_20:00:00   1.1186e-01   3.1915e+01   1.1390e+01   0.0000e+00   0.0000e+00   2.6559e+02
20261002_21:00:00   1.1059e-01   3.1626e+01   1.1273e+01   0.0000e+00   0.0000e+00   2.6514e+02
20261002_22:00:00   1.1206e-01   3.2001e+01   1.1549e+01   0.0000e+00   0.0000e+00   2.6362e+02
20261002_23:00:00   1.1231e-01   3.2074e+01   1.1585e+01   0.0000e+00   0.0000e+00   2.6230e+02
20261003_00:00:00   1.1129e-01   3.1829e+01   1.1365e+01   0.0000e+00   0.0000e+00   2.6074e+02
20261003_01:00:00   1.0876e-01   3.1204e+01   1.0913e+01   0.0000e+00   0.0000e+00   2.5856e+02
20261003_02:00:00   1.0631e-01   3.0579e+01   1.0583e+01   0.0000e+00   0.0000e+00   2.5758e+02
20261003_03:00:00   1.0619e-01   3.0517e+01   1.0641e+01   0.0000e+00   0.0000e+00   2.5891e+02
20261003_04:00:00   1.0494e-01   3.0192e+01   1.0436e+01   0.0000e+00   0.0000e+00   2.6023e+02
20261003_05:00:00   1.0218e-01   2.9486e+01   1.0003e+01   0.0000e+00   0.0000e+00   2.6095e+02
20261003_06:00:00   1.0153e-01   2.9313e+01   9.8488e+00   0.0000e+00   0.0000e+00   2.6083e+02
20261003_07:00:00   9.9740e-02   2.8853e+01   9.5385e+00   0.0000e+00   0.0000e+00   2.5969e+02
20261003_08:00:00   9.7816e-02   2.8354e+01   9.2329e+00   0.0000e+00   0.0000e+00   2.5858e+02
20261003_09:00:00   9.7546e-02   2.8275e+01   9.1267e+00   0.0000e+00   0.0000e+00   2.5885e+02
20261003_10:00:00   9.7105e-02   2.8153e+01   9.0123e+00   0.0000e+00   0.0000e+00   2.5920e+02
20261003_11:00:00   9.4408e-02   2.7476e+01   8.5879e+00   0.0000e+00   0.0000e+00   2.5869e+02
20261003_12:00:00   9.2849e-02   2.7072e+01   8.3716e+00   0.0000e+00   0.0000e+00   2.6043e+02
20261003_13:00:00   9.1742e-02   2.6782e+01   8.2478e+00   0.0000e+00   0.0000e+00   2.6257e+02
20261003_14:00:00   8.8734e-02   2.6013e+01   7.8647e+00   0.0000e+00   0.0000e+00   2.6215e+02
20261003_15:00:00   8.8866e-02   2.6042e+01   7.9403e+00   0.0000e+00   0.0000e+00   2.6110e+02
20261003_16:00:00   9.0746e-02   2.6521e+01   8.3022e+00   0.0000e+00   0.0000e+00   2.6009e+02
20261003_17:00:00   9.2854e-02   2.7060e+01   8.7538e+00   0.0000e+00   0.0000e+00   2.5967e+02
20261003_18:00:00   9.3460e-02   2.7236e+01   8.9599e+00   0.0000e+00   0.0000e+00   2.6043e+02
20261003_19:00:00   9.5671e-02   2.7821e+01   9.3245e+00   0.0000e+00   0.0000e+00   2.6079e+02
20261003_20:00:00   9.9222e-02   2.8744e+01   9.7927e+00   0.0000e+00   0.0000e+00   2.6075e+02
20261003_21:00:00   1.0098e-01   2.9210e+01   1.0077e+01   0.0000e+00   0.0000e+00   2.6023e+02
20261003_22:00:00   1.0027e-01   2.9040e+01   1.0012e+01   0.0000e+00   0.0000e+00   2.6069e+02
20261003_23:00:00   1.0052e-01   2.9112e+01   1.0013e+01   0.0000e+00   0.0000e+00   2.6065e+02
20261004_00:00:00   9.6118e-02   2.8007e+01   9.3446e+00   0.0000e+00   0.0000e+00   2.5871e+02
20261004_03:00:00   9.2505e-02   2.7019e+01   8.7941e+00   0.0000e+00   0.0000e+00   2.5498e+02
20261004_06:00:00   9.4839e-02   2.7569e+01   9.0409e+00   0.0000e+00   1.0884e-06   2.5779e+02
20261004_09:00:00   7.6861e-02   2.2856e+01   6.8054e+00   0.0000e+00   0.0000e+00   2.5664e+02
20261004_12:00:00   7.6664e-02   2.2762e+01   6.6162e+00   0.0000e+00   0.0000e+00   2.5730e+02
20261004_15:00:00   9.8067e-02   2.8188e+01   9.4769e+00   0.0000e+00   0.0000e+00   2.5602e+02
20261004_18:00:00   1.2318e-01   3.4454e+01   1.2688e+01   0.0000e+00   0.0000e+00   2.5321e+02
20261004_21:00:00   1.3260e-01   3.6844e+01   1.3742e+01   1.0778e-03   0.0000e+00   2.5931e+02
20261005_00:00:00   1.4173e-01   3.9080e+01   1.2947e+01   1.8234e-02   0.0000e+00   2.5636e+02
20261005_03:00:00   1.1586e-01   3.2769e+01   1.1481e+01   0.0000e+00   0.0000e+00   2.5715e+02
20261005_06:00:00   1.1648e-01   3.2881e+01   1.1244e+01   0.0000e+00   0.0000e+00   2.6005e+02
20261005_09:00:00   1.1691e-01   3.2959e+01   1.1312e+01   0.0000e+00   0.0000e+00   2.5688e+02
20261005_12:00:00   1.2039e-01   3.3764e+01   1.1672e+01   0.0000e+00   0.0000e+00   2.5853e+02
20261005_15:00:00   1.3126e-01   3.6387e+01   1.3205e+01   0.0000e+00   0.0000e+00   2.5878e+02
20261005_18:00:00   1.4209e-01   3.9088e+01   1.4629e+01   0.0000e+00   0.0000e+00   2.6193e+02
20261005_21:00:00   2.0458e-01   5.3536e+01   1.6443e+01   5.8190e-02   4.2000e-06   2.6325e+02
20261006_00:00:00   3.6519e-01   8.5701e+01   1.6935e+01   2.3438e-01   1.5838e-03   2.6231e+02
20261006_03:00:00   4.6651e-01   1.0344e+02   1.7313e+01   3.4328e-01   3.2116e-03   2.6317e+02
20261006_06:00:00   1.4750e-01   4.0305e+01   1.5469e+01   2.0320e-03   1.5276e-04   2.6626e+02
20261006_09:00:00   1.4349e-01   3.9304e+01   1.5279e+01   0.0000e+00   0.0000e+00   2.6821e+02
20261006_12:00:00   1.3935e-01   3.8295e+01   1.4776e+01   0.0000e+00   0.0000e+00   2.7047e+02
20261006_15:00:00   1.3643e-01   3.7595e+01   1.4332e+01   0.0000e+00   0.0000e+00   2.6809e+02
20261006_18:00:00   1.3601e-01   3.7598e+01   1.4426e+01   3.6000e-05   1.6874e-05   2.6823e+02
20261006_21:00:00   3.9292e-01   9.0982e+01   1.5818e+01   2.7999e-01   9.6570e-04   2.6726e+02
20261007_00:00:00   2.2877e-01   5.8455e+01   1.6101e+01   8.9960e-02   2.0196e-03   2.6806e+02
20261007_03:00:00   1.3410e-01   3.7223e+01   1.4127e+01   0.0000e+00   0.0000e+00   2.6699e+02
20261007_06:00:00   1.2609e-01   3.5241e+01   1.3060e+01   0.0000e+00   0.0000e+00   2.6567e+02
20261007_09:00:00   1.2228e-01   3.4266e+01   1.2496e+01   0.0000e+00   0.0000e+00   2.6508e+02
20261007_12:00:00   1.0466e-01   2.9874e+01   1.0464e+01   0.0000e+00   0.0000e+00   2.6514e+02
20261007_15:00:00   9.9800e-02   2.8661e+01   9.8046e+00   0.0000e+00   0.0000e+00   2.6651e+02
20261007_18:00:00   1.0007e-01   2.8775e+01   9.8935e+00   0.0000e+00   0.0000e+00   2.6853e+02
20261007_21:00:00   9.9140e-02   2.8586e+01   9.8142e+00   0.0000e+00   0.0000e+00   2.6817e+02
20261008_00:00:00   9.7176e-02   2.8106e+01   9.4674e+00   0.0000e+00   0.0000e+00   2.6958e+02
20261008_03:00:00   8.9342e-02   2.6109e+01   8.3376e+00   0.0000e+00   0.0000e+00   2.6962e+02
20261008_06:00:00   9.5202e-02   2.7567e+01   9.0304e+00   0.0000e+00   0.0000e+00   2.7139e+02
20261008_09:00:00   1.0277e-01   2.9421e+01   9.7659e+00   0.0000e+00   0.0000e+00   2.7146e+02
20261008_12:00:00   1.0534e-01   2.9992e+01   1.0095e+01   0.0000e+00   0.0000e+00   2.6738e+02
20261008_15:00:00   1.0669e-01   3.0324e+01   1.0164e+01   0.0000e+00   0.0000e+00   2.6903e+02
20261008_18:00:00   1.0714e-01   3.0506e+01   1.0377e+01   0.0000e+00   0.0000e+00   2.6698e+02
20261008_21:00:00   1.0875e-01   3.0936e+01   1.0829e+01   0.0000e+00   0.0000e+00   2.6992e+02
20261009_00:00:00   1.0799e-01   3.0780e+01   1.0665e+01   0.0000e+00   0.0000e+00   2.7008e+02
20261009_03:00:00   1.0888e-01   3.0951e+01   1.0904e+01   0.0000e+00   0.0000e+00   2.7082e+02
20261009_06:00:00   1.0103e-01   2.8996e+01   9.7894e+00   0.0000e+00   2.4019e-04   2.7129e+02
20261009_09:00:00   9.8327e-02   2.8263e+01   9.5181e+00   0.0000e+00   9.6880e-06   2.7022e+02
20261009_12:00:00   1.0087e-01   2.8853e+01   9.8803e+00   0.0000e+00   7.9920e-05   2.7064e+02
20261009_15:00:00   9.9130e-02   2.8402e+01   9.7235e+00   0.0000e+00   7.6560e-04   2.7070e+02
20261009_18:00:00   1.0267e-01   2.9323e+01   1.0243e+01   0.0000e+00   4.8760e-03   2.7162e+02
20261009_21:00:00   1.0626e-01   3.0163e+01   1.1017e+01   0.0000e+00   3.9580e-03   2.7630e+02
20261010_00:00:00   1.1208e-01   3.1569e+01   1.1579e+01   2.0160e-03   5.7563e-03   2.7943e+02
20261010_03:00:00   1.0345e-01   2.9490e+01   1.0336e+01   0.0000e+00   7.8954e-04   2.7907e+02
20261010_06:00:00   1.0191e-01   2.9124e+01   9.8541e+00   0.0000e+00   1.2536e-04   2.7505e+02
20261010_09:00:00   1.0601e-01   3.0092e+01   1.0338e+01   0.0000e+00   5.4152e-04   2.7663e+02
20261010_12:00:00   1.0799e-01   3.0549e+01   1.0495e+01   0.0000e+00   5.9059e-04   2.7976e+02
20261010_15:00:00   1.0003e-01   2.8593e+01   9.3839e+00   0.0000e+00   1.4587e-05   2.8120e+02
20261010_18:00:00   9.7262e-02   2.7938e+01   9.3094e+00   0.0000e+00   1.1816e-03   2.8321e+02
20261010_21:00:00   9.4931e-02   2.7327e+01   9.3948e+00   0.0000e+00   1.0200e-03   2.7908e+02
20261011_00:00:00   8.6066e-02   2.5120e+01   8.1276e+00   0.0000e+00   1.4084e-03   2.7501e+02
20261011_03:00:00   7.2794e-02   2.1735e+01   5.9973e+00   0.0000e+00   6.3895e-04   2.7325e+02
20261011_06:00:00   6.9158e-02   2.0765e+01   5.3624e+00   0.0000e+00   2.3237e-04   2.7273e+02
20261011_09:00:00   7.1879e-02   2.1426e+01   5.7536e+00   0.0000e+00   2.4399e-04   2.7159e+02
20261011_12:00:00   7.1412e-02   2.1285e+01   5.5962e+00   0.0000e+00   8.8527e-05   2.7606e+02
20261011_15:00:00   7.4699e-02   2.2128e+01   5.9448e+00   0.0000e+00   0.0000e+00   2.7870e+02
20261011_18:00:00   8.0805e-02   2.3693e+01   6.8640e+00   0.0000e+00   0.0000e+00   2.7764e+02
20261011_21:00:00   7.7432e-02   2.2819e+01   6.5908e+00   0.0000e+00   4.7140e-04   2.7833e+02
20261012_00:00:00   7.6376e-02   2.2527e+01   6.4756e+00   0.0000e+00   7.9221e-04   2.8108e+02
20261012_03:00:00   7.4557e-02   2.2043e+01   6.0719e+00   0.0000e+00   2.5151e-03   2.7727e+02
20261012_06:00:00   7.4372e-02   2.1977e+01   5.9491e+00   0.0000e+00   1.2458e-03   2.6780e+02
20261012_09:00:00   7.2003e-02   2.1366e+01   5.5039e+00   0.0000e+00   8.5753e-04   2.6810e+02
20261012_12:00:00   7.1154e-02   2.1137e+01   5.3705e+00   0.0000e+00   0.0000e+00   2.6757e+02
20261012_15:00:00   7.0889e-02   2.1078e+01   5.2993e+00   0.0000e+00   0.0000e+00   2.6496e+02
20261012_18:00:00   7.1691e-02   2.1335e+01   5.5765e+00   0.0000e+00   0.0000e+00   2.6468e+02
20261012_21:00:00   7.5987e-02   2.2450e+01   6.4685e+00   0.0000e+00   0.0000e+00   2.5829e+02
20261013_00:00:00   7.6593e-02   2.2612e+01   6.7073e+00   0.0000e+00   0.0000e+00   2.5291e+02
20261013_03:00:00   9.4633e-02   2.7109e+01   9.3226e+00   0.0000e+00   0.0000e+00   2.4869e+02
20261013_06:00:00   9.3681e-02   2.6895e+01   9.0389e+00   0.0000e+00   0.0000e+00   2.4646e+02
20261013_09:00:00   8.7245e-02   2.5299e+01   8.0916e+00   0.0000e+00   0.0000e+00   2.4593e+02
20261013_12:00:00   8.5313e-02   2.4831e+01   7.6701e+00   0.0000e+00   0.0000e+00   2.4901e+02
20261013_15:00:00   7.3676e-02   2.1921e+01   5.8618e+00   0.0000e+00   0.0000e+00   2.4986e+02
20261013_18:00:00   7.2549e-02   2.1703e+01   5.7049e+00   0.0000e+00   0.0000e+00   2.5157e+02
20261013_21:00:00   7.9915e-02   2.3558e+01   7.0848e+00   0.0000e+00   0.0000e+00   2.4906e+02
20261014_00:00:00   8.8663e-02   2.5739e+01   8.4903e+00   0.0000e+00   0.0000e+00   2.4996e+02
20261014_03:00:00   8.8073e-02   2.5569e+01   8.4362e+00   0.0000e+00   0.0000e+00   2.5595e+02
20261014_06:00:00   8.4429e-02   2.4620e+01   7.9280e+00   0.0000e+00   0.0000e+00   2.5462e+02
20261014_09:00:00   8.9634e-02   2.5861e+01   8.6751e+00   0.0000e+00   0.0000e+00   2.5676e+02
20261014_12:00:00   9.6484e-02   2.7513e+01   9.7591e+00   0.0000e+00   0.0000e+00   2.6268e+02
20261014_15:00:00   1.0694e-01   3.0025e+01   1.1264e+01   0.0000e+00   0.0000e+00   2.6343e+02
20261014_18:00:00   1.0441e-01   2.9488e+01   1.0922e+01   0.0000e+00   0.0000e+00   2.6146e+02
20261014_21:00:00   9.9278e-02   2.8287e+01   1.0214e+01   0.0000e+00   1.6684e-05   2.6147e+02
20261015_00:00:00   9.8817e-02   2.8202e+01   1.0146e+01   0.0000e+00   7.9140e-05   2.6334e+02
