#            date       tau255        Tb[K]      pwv[mm] lwp[kg*m^-2] iwp[kg*m^-2]       o3[DU]
20260729_00:00:00   7.3487e-01   1.4281e+02   2.7334e+01   5.8853e-01   7.5366e-01   3.0024e+02
20260729_01:00:00   4.2754e-01   9.7084e+01   2.8823e+01   2.2363e-01   1.2182e+00   2.9866e+02
20260729_02:00:00   2.5565e-01   6.5136e+01   2.4031e+01   7.3242e-02   9.9570e-02   3.0035e+02
20260729_03:00:00   2.6025e-01   6.6127e+01   2.2105e+01   9.2420e-02   9.8004e-03   3.0057e+02
20260729_04:00:00   1.8518e-01   5.0038e+01   2.1976e+01   3.8920e-03   1.5978e-04   3.0010e+02
20260729_05:00:00   1.8403e-01   4.9791e+01   2.2076e+01   9.1385e-04   5.6786e-05   3.0063e+02
20260729_06:00:00   1.8936e-01   5.0932e+01   2.3129e+01   3.7114e-04   1.4503e-04   2.9680e+02
20260729_07:00:00   1.8723e-01   5.0442e+01   2.2624e+01   2.6001e-03   6.7454e-05   2.9208e+02
20260729_08:00:00   1.7761e-01   4.8280e+01   2.1643e+01   0.0000e+00   0.0000e+00   2.9263e+02
20260729_09:00:00   1.7401e-01   4.7432e+01   2.1176e+01   0.0000e+00   0.0000e+00   2.9197e+02
20260729_10:00:00   1.6976e-01   4.6439e+01   2.0603e+01   0.0000e+00   0.0000e+00   2.9195e+02
20260729_11:00:00   1.6749e-01   4.5886e+01   2.0282e+01   0.0000e+00   0.0000e+00   2.9325e+02
20260729_12:00:00   1.6819e-01   4.6018e+01   2.0450e+01   0.0000e+00   0.0000e+00   2.9607e+02
20260729_13:00:00   1.7005e-01   4.6428e+01   2.0779e+01   0.0000e+00   0.0000e+00   2.9775e+02
20260729_14:00:00   1.7118e-01   4.6691e+01   2.0955e+01   0.0000e+00   1.7030e-04   2.9990e+02
20260729_15:00:00   1.6932e-01   4.6302e+01   2.0787e+01   0.0000e+00   9.8160e-04   3.0232e+02
20260729_16:00:00   1.6734e-01   4.5876e+01   2.0554e+01   0.0000e+00   4.4860e-04   3.0215e+02
20260729_17:00:00   1.7229e-01   4.7101e+01   2.1137e+01   0.0000e+00   8.1460e-04   3.0139e+02
20260729_18:00:00   1.7818e-01   4.8481e+01   2.1945e+01   0.0000e+00   3.1099e-04   3.0066e+02
20260729_19:00:00   2.0719e-01   5.4825e+01   2.2213e+01   3.2962e-02   2.4633e-04   2.9925e+02
20260729_20:00:00   4.0219e-01   9.3142e+01   2.2334e+01   2.5477e-01   2.0693e-02   3.0093e+02
20260729_21:00:00   2.5534e-01   6.4778e+01   2.1457e+01   9.8699e-02   3.6401e-02   3.0316e+02
20260729_22:00:00   1.6508e-01   4.5339e+01   2.0520e+01   4.4753e-03   1.2452e-03   3.0352e+02
20260729_23:00:00   2.5313e-01   6.4546e+01   2.4184e+01   6.9232e-02   4.7932e-02   3.0239e+02
20260730_00:00:00   2.8090e-01   7.0254e+01   2.5222e+01   9.0004e-02   5.2683e-02   3.0077e+02
20260730_01:00:00   1.9497e-01   5.2075e+01   2.4465e+01   2.8324e-03   1.2964e-02   3.0068e+02
20260730_02:00:00   2.1714e-01   5.6749e+01   2.3874e+01   3.2035e-02   4.3559e-02   2.9975e+02
20260730_03:00:00   2.0868e-01   5.5071e+01   2.4080e+01   1.6378e-02   6.6595e-02   2.9896e+02
20260730_04:00:00   1.6760e-01   4.5914e+01   2.0735e+01   0.0000e+00   4.3922e-05   2.9963e+02
20260730_05:00:00   1.5056e-01   4.1969e+01   1.8342e+01   0.0000e+00   3.6598e-04   3.0062e+02
20260730_06:00:00   1.5744e-01   4.3558e+01   1.9262e+01   0.0000e+00   2.3670e-05   3.0312e+02
20260730_07:00:00   1.6882e-01   4.6145e+01   2.0800e+01   0.0000e+00   4.2683e-06   3.0053e+02
20260730_08:00:00   1.7965e-01   4.8577e+01   2.1540e+01   4.6860e-03   8.2960e-05   3.0653e+02
20260730_09:00:00   1.7225e-01   4.6891e+01   2.0849e+01   1.3160e-04   4.8380e-06   3.0871e+02
20260730_10:00:00   1.7457e-01   4.7420e+01   2.0631e+01   3.1660e-03   6.1920e-06   3.0574e+02
20260730_11:00:00   1.7698e-01   4.7968e+01   2.0616e+01   5.1560e-03   4.6440e-05   3.0565e+02
20260730_12:00:00   1.7795e-01   4.8213e+01   2.0972e+01   1.9430e-03   5.5740e-05   3.0505e+02
20260730_13:00:00   1.7383e-01   4.7296e+01   2.0626e+01   0.0000e+00   0.0000e+00   3.0319e+02
20260730_14:00:00   1.7059e-01   4.6566e+01   2.0166e+01   0.0000e+00   0.0000e+00   3.0199e+02
20260730_15:00:00   1.6929e-01   4.6307e+01   1.9996e+01   0.0000e+00   0.0000e+00   3.0320e+02
20260730_16:00:00   1.6611e-01   4.5604e+01   1.9703e+01   0.0000e+00   0.0000e+00   3.0367e+02
20260730_17:00:00   1.6133e-01   4.4545e+01   1.9206e+01   0.0000e+00   0.0000e+00   3.0290e+02
20260730_18:00:00   1.5535e-01   4.3174e+01   1.8610e+01   0.0000e+00   0.0000e+00   3.0033e+02
20260730_19:00:00   1.5434e-01   4.2870e+01   1.8867e+01   0.0000e+00   0.0000e+00   2.9980e+02
20260730_20:00:00   1.5536e-01   4.3034e+01   1.9379e+01   7.7400e-06   3.0960e-06   2.9873e+02
20260730_21:00:00   1.6217e-01   4.4535e+01   2.0306e+01   3.3435e-03   1.4080e-04   2.9904e+02
20260730_22:00:00   1.6587e-01   4.5401e+01   2.0348e+01   8.7180e-03   1.4946e-03   2.9924e+02
20260730_23:00:00   1.6774e-01   4.5835e+01   2.0487e+01   1.0889e-02   2.1420e-03   2.9896e+02
20260731_00:00:00   5.7907e-01   1.2161e+02   2.3813e+01   4.4647e-01   1.0902e-01   2.9825e+02
20260731_01:00:00   3.5135e-01   8.3883e+01   2.6062e+01   1.6484e-01   3.1542e-01   2.9850e+02
20260731_02:00:00   2.6054e-01   6.6217e+01   2.5534e+01   7.2764e-02   1.3851e-01   2.9812e+02
20260731_03:00:00   2.3948e-01   6.1775e+01   2.5131e+01   5.5374e-02   1.0554e-01   2.9872e+02
20260731_04:00:00   1.9447e-01   5.1884e+01   2.4626e+01   8.1760e-03   9.1808e-02   2.9877e+02
20260731_05:00:00   2.3184e-01   5.9949e+01   2.4777e+01   4.7742e-02   2.7243e-02   3.0007e+02
20260731_06:00:00   3.8360e-01   8.9818e+01   2.4564e+01   2.1797e-01   7.8239e-03   3.0179e+02
20260731_07:00:00   4.1056e-01   9.4625e+01   2.4288e+01   2.4866e-01   4.9423e-03   3.0231e+02
20260731_08:00:00   3.7538e-01   8.8286e+01   2.3814e+01   2.1205e-01   3.0179e-03   3.0206e+02
20260731_09:00:00   3.9944e-01   9.2657e+01   2.3793e+01   2.3813e-01   1.2480e-02   3.0203e+02
20260731_10:00:00   4.6229e-01   1.0376e+02   2.3783e+01   3.0871e-01   1.6859e-02   3.0127e+02
20260731_11:00:00   5.3096e-01   1.1509e+02   2.3835e+01   3.8524e-01   1.7153e-02   3.0014e+02
20260731_12:00:00   6.5412e-01   1.3347e+02   2.3925e+01   5.2250e-01   2.8478e-02   3.0135e+02
20260731_13:00:00   7.0855e-01   1.4101e+02   2.3869e+01   5.8460e-01   4.2018e-02   3.0132e+02
20260731_14:00:00   5.6861e-01   1.2115e+02   2.3656e+01   4.2862e-01   2.9262e-02   3.0103e+02
20260731_15:00:00   2.9545e-01   7.3176e+01   2.2966e+01   1.2566e-01   6.0956e-03   2.9977e+02
20260731_16:00:00   1.8211e-01   4.9191e+01   2.2555e+01   1.9108e-03   1.3552e-04   2.9971e+02
20260731_17:00:00   1.8338e-01   4.9512e+01   2.2202e+01   7.2020e-03   3.7360e-05   3.0078e+02
20260731_18:00:00   1.8118e-01   4.9037e+01   2.2222e+01   5.3521e-03   4.1717e-05   3.0377e+02
20260731_19:00:00   2.0005e-01   5.3223e+01   2.2823e+01   2.2923e-02   4.3148e-04   3.0462e+02
20260731_20:00:00   4.2626e-01   9.7741e+01   2.3500e+01   2.7358e-01   1.3825e-02   3.0282e+02
20260731_21:00:00   6.2502e-01   1.2961e+02   2.4416e+01   4.9247e-01   5.7195e-02   3.0411e+02
20260731_22:00:00   4.3092e-01   9.8785e+01   2.3794e+01   2.7587e-01   1.2543e-02   3.0253e+02
20260731_23:00:00   4.9801e-01   1.0984e+02   2.3891e+01   3.5049e-01   3.2701e-02   3.0026e+02
20260801_00:00:00   2.2273e-01   5.8158e+01   2.3048e+01   4.7517e-02   2.2968e-02   2.9996e+02
20260801_01:00:00   1.7159e-01   4.6957e+01   2.0935e+01   6.6101e-03   3.6379e-03   3.0010e+02
20260801_02:00:00   2.0102e-01   5.3565e+01   2.2056e+01   2.8183e-02   1.7122e-02   2.9781e+02
20260801_03:00:00   2.5492e-01   6.4979e+01   2.3867e+01   7.3662e-02   8.5084e-02   2.9597e+02
20260801_04:00:00   2.8285e-01   7.0543e+01   2.3114e+01   1.1057e-01   5.3784e-02   2.9525e+02
20260801_05:00:00   2.3164e-01   5.9887e+01   2.1758e+01   6.6385e-02   3.7657e-02   2.9238e+02
20260801_06:00:00   2.6165e-01   6.6253e+01   2.3087e+01   8.4789e-02   1.1920e-01   2.9210e+02
20260801_07:00:00   1.6879e-01   4.6211e+01   2.0537e+01   1.7632e-03   2.0720e-03   2.9107e+02
20260801_08:00:00   1.5738e-01   4.3600e+01   1.9107e+01   0.0000e+00   1.8418e-03   2.9203e+02
20260801_09:00:00   1.5765e-01   4.3685e+01   1.8916e+01   0.0000e+00   1.0282e-03   2.9111e+02
20260801_10:00:00   1.5640e-01   4.3371e+01   1.8747e+01   0.0000e+00   9.4423e-04   2.9016e+02
20260801_11:00:00   1.5293e-01   4.2515e+01   1.8354e+01   0.0000e+00   1.3100e-03   2.8991e+02
20260801_12:00:00   1.5088e-01   4.2005e+01   1.7998e+01   0.0000e+00   5.0960e-05   2.9042e+02
20260801_13:00:00   1.4585e-01   4.0783e+01   1.7298e+01   0.0000e+00   0.0000e+00   2.9220e+02
20260801_14:00:00   1.3714e-01   3.8671e+01   1.6249e+01   0.0000e+00   0.0000e+00   2.9477e+02
20260801_15:00:00   1.3394e-01   3.7861e+01   1.5938e+01   0.0000e+00   0.0000e+00   2.9161e+02
20260801_16:00:00   1.3842e-01   3.8991e+01   1.6531e+01   0.0000e+00   0.0000e+00   2.9135e+02
20260801_17:00:00   1.4272e-01   4.0100e+01   1.7048e+01   0.0000e+00   0.0000e+00   2.9210e+02
20260801_18:00:00   1.4010e-01   3.9465e+01   1.6826e+01   0.0000e+00   0.0000e+00   2.9186e+02
20260801_19:00:00   1.4025e-01   3.9342e+01   1.7240e+01   0.0000e+00   2.7180e-05   2.9184e+02
20260801_20:00:00   1.3823e-01   3.8797e+01   1.7193e+01   4.8400e-04   7.6284e-04   2.8955e+02
20260801_21:00:00   1.4340e-01   3.9885e+01   1.7433e+01   7.0945e-03   2.8124e-03   2.8890e+02
20260801_22:00:00   1.3512e-01   3.7992e+01   1.7124e+01   1.1137e-03   2.1920e-03   2.8934e+02
20260801_23:00:00   1.4861e-01   4.1086e+01   1.7684e+01   1.2112e-02   5.7470e-02   2.9129e+02
20260802_00:00:00   2.0158e-01   5.2795e+01   1.8940e+01   6.2739e-02   2.2211e-01   2.9091e+02
20260802_01:00:00   1.2267e-01   3.4889e+01   1.5420e+01   8.9600e-04   2.7164e-02   2.8972e+02
20260802_02:00:00   1.4287e-01   3.9913e+01   1.7130e+01   5.3764e-03   2.6116e-02   2.9157e+02
20260802_03:00:00   1.8180e-01   4.9160e+01   2.1456e+01   0.0000e+00   7.6509e-03   2.8771e+02
20260802_04:00:00   1.6388e-01   4.5028e+01   1.9677e+01   0.0000e+00   1.8013e-03   2.9098e+02
20260802_05:00:00   1.5857e-01   4.3731e+01   1.9219e+01   0.0000e+00   1.0285e-03   2.9420e+02
20260802_06:00:00   1.6178e-01   4.4421e+01   1.9826e+01   5.8700e-05   4.3708e-04   2.9325e+02
20260802_07:00:00   1.5819e-01   4.3504e+01   1.9624e+01   0.0000e+00   6.1520e-05   2.9165e+02
20260802_08:00:00   1.5154e-01   4.1894e+01   1.8918e+01   0.0000e+00   5.4971e-04   2.9067e+02
20260802_09:00:00   1.5036e-01   4.1623e+01   1.8625e+01   0.0000e+00   0.0000e+00   2.8979e+02
20260802_10:00:00   1.5066e-01   4.1673e+01   1.8608e+01   0.0000e+00   3.3980e-06   2.9034e+02
20260802_11:00:00   1.4971e-01   4.1426e+01   1.8471e+01   0.0000e+00   2.7020e-04   2.9207e+02
20260802_12:00:00   1.4876e-01   4.1213e+01   1.8295e+01   0.0000e+00   3.3980e-06   2.9186e+02
20260802_13:00:00   1.4897e-01   4.1265e+01   1.8269e+01   0.0000e+00   0.0000e+00   2.9072e+02
20260802_14:00:00   1.5246e-01   4.2090e+01   1.8691e+01   0.0000e+00   0.0000e+00   2.8965e+02
20260802_15:00:00   1.5530e-01   4.2819e+01   1.8837e+01   0.0000e+00   0.0000e+00   2.8924e+02
20260802_16:00:00   1.5512e-01   4.2837e+01   1.8759e+01   0.0000e+00   0.0000e+00   2.9062e+02
20260802_17:00:00   1.5701e-01   4.3355e+01   1.9010e+01   0.0000e+00   0.0000e+00   2.8996e+02
20260802_18:00:00   1.6260e-01   4.4725e+01   1.9783e+01   0.0000e+00   0.0000e+00   2.8931e+02
20260802_19:00:00   1.6419e-01   4.5114e+01   2.0138e+01   0.0000e+00   0.0000e+00   2.8991e+02
20260802_20:00:00   1.7009e-01   4.6410e+01   2.0577e+01   4.6820e-03   3.0969e-04   2.9127e+02
20260802_21:00:00   2.1737e-01   5.6621e+01   2.0593e+01   6.0921e-02   1.3768e-02   2.9049e+02
20260802_22:00:00   1.9212e-01   5.1327e+01   2.0297e+01   3.4061e-02   1.4992e-02   2.8857e+02
20260802_23:00:00   2.6679e-01   6.6990e+01   2.0166e+01   1.1984e-01   3.9957e-02   2.8770e+02
20260803_00:00:00   3.0530e-01   7.4580e+01   2.1811e+01   1.4909e-01   9.6840e-02   2.8851e+02
20260803_03:00:00   1.6225e-01   4.4726e+01   1.9500e+01   0.0000e+00   0.0000e+00   2.8927e+02
20260803_06:00:00   1.6207e-01   4.4431e+01   2.0463e+01   0.0000e+00   6.7362e-03   2.8869e+02
20260803_09:00:00   1.6021e-01   4.3928e+01   1.9995e+01   0.0000e+00   3.0960e-06   2.9093e+02
20260803_12:00:00   1.4756e-01   4.0913e+01   1.8302e+01   0.0000e+00   0.0000e+00   2.9155e+02
20260803_15:00:00   1.4204e-01   3.9699e+01   1.7194e+01   0.0000e+00   0.0000e+00   2.9108e+02
20260803_18:00:00   1.3998e-01   3.9332e+01   1.6977e+01   0.0000e+00   0.0000e+00   2.9153e+02
20260803_21:00:00   1.4672e-01   4.0806e+01   1.8493e+01   1.5788e-03   2.7966e-03   2.8741e+02
20260804_00:00:00   1.8714e-01   4.9940e+01   1.8977e+01   4.5039e-02   4.3738e-02   2.8671e+02
20260804_03:00:00   2.2718e-01   5.8894e+01   2.2980e+01   5.0980e-02   1.3876e-01   2.9001e+02
20260804_06:00:00   1.6912e-01   4.6145e+01   2.1215e+01   0.0000e+00   7.3648e-05   2.8996e+02
20260804_09:00:00   1.6243e-01   4.4542e+01   2.0126e+01   0.0000e+00   7.4422e-04   2.8418e+02
20260804_12:00:00   1.5580e-01   4.2970e+01   1.9392e+01   0.0000e+00   2.8020e-04   2.8516e+02
20260804_15:00:00   1.5565e-01   4.2894e+01   1.9462e+01   0.0000e+00   2.1879e-04   2.8752e+02
20260804_18:00:00   1.6190e-01   4.4510e+01   2.0403e+01   0.0000e+00   3.4203e-05   2.8811e+02
20260804_21:00:00   3.1239e-01   7.5801e+01   2.1266e+01   1.6825e-01   1.6118e-01   2.8657e+02
20260805_00:00:00   4.5849e-01   1.0049e+02   2.5222e+01   3.0794e-01   1.3492e+00   2.8384e+02
20260805_03:00:00   2.6912e-01   6.7360e+01   2.7419e+01   5.5867e-02   6.5903e-01   2.8495e+02
20260805_06:00:00   2.5219e-01   6.3940e+01   2.6717e+01   4.3339e-02   3.9060e-01   2.8948e+02
20260805_09:00:00   1.7162e-01   4.6277e+01   2.2257e+01   0.0000e+00   2.2469e-01   2.8859e+02
20260805_12:00:00   1.8253e-01   4.8823e+01   2.3013e+01   0.0000e+00   1.4737e-01   2.8968e+02
20260805_15:00:00   1.8263e-01   4.8871e+01   2.3019e+01   0.0000e+00   3.9220e-03   2.9175e+02
20260805_18:00:00   1.8969e-01   5.0602e+01   2.4097e+01   0.0000e+00   1.3924e-02   2.9057e+02
20260805_21:00:00   1.8514e-01   4.9632e+01   2.3825e+01   2.2936e-04   3.4467e-03   2.8891e+02
20260806_00:00:00   2.6021e-01   6.5832e+01   2.5335e+01   6.1442e-02   8.9802e-03   2.9326e+02
20260806_03:00:00   2.4592e-01   6.2425e+01   2.5339e+01   4.7891e-02   4.9943e-01   2.9193e+02
20260806_06:00:00   1.7110e-01   4.6060e+01   2.1984e+01   0.0000e+00   5.9064e-02   2.9220e+02
20260806_09:00:00   1.8816e-01   4.9927e+01   2.3579e+01   0.0000e+00   2.8947e-02   2.9159e+02
20260806_12:00:00   1.8196e-01   4.8596e+01   2.2748e+01   0.0000e+00   2.1746e-02   2.9198e+02
20260806_15:00:00   1.8033e-01   4.8282e+01   2.2332e+01   0.0000e+00   7.2467e-03   2.9366e+02
20260806_18:00:00   1.7615e-01   4.7494e+01   2.1766e+01   0.0000e+00   5.7262e-03   2.9671e+02
20260806_21:00:00   2.3828e-01   6.1023e+01   2.2651e+01   6.7610e-02   1.8682e-03   2.9236e+02
20260807_00:00:00   5.2357e-01   1.1368e+02   2.5007e+01   3.6488e-01   2.4657e-02   2.9275e+02
20260807_03:00:00   1.9827e-01   5.2579e+01   2.4189e+01   1.9910e-03   1.3741e-02   2.9438e+02
20260807_06:00:00   2.0584e-01   5.4186e+01   2.3685e+01   1.1680e-02   7.4403e-03   2.9359e+02
20260807_09:00:00   2.0244e-01   5.3373e+01   2.4158e+01   2.9302e-03   2.2450e-03   2.9175e+02
20260807_12:00:00   1.9413e-01   5.1488e+01   2.3352e+01   1.1972e-05   1.8914e-03   2.9235e+02
20260807_15:00:00   1.8214e-01   4.8801e+01   2.2038e+01   0.0000e+00   9.4125e-04   2.9327e+02
20260807_18:00:00   1.6492e-01   4.4854e+01   2.0306e+01   0.0000e+00   1.0612e-03   2.8948e+02
20260807_21:00:00   2.1700e-01   5.6092e+01   2.0081e+01   6.6183e-02   8.0495e-03   2.8887e+02
20260808_00:00:00   3.4762e-01   8.3048e+01   2.2708e+01   1.8659e-01   2.9232e-02   2.9089e+02
20260808_03:00:00   2.3436e-01   6.0278e+01   2.3000e+01   5.1703e-02   5.4648e-03   2.9212e+02
20260808_06:00:00   2.2613e-01   5.8516e+01   2.4002e+01   3.0512e-02   2.3303e-02   2.9238e+02
20260808_09:00:00   1.7333e-01   4.6886e+01   2.0216e+01   0.0000e+00   5.6994e-04   2.9035e+02
20260808_12:00:00   2.1974e-01   5.7081e+01   2.0376e+01   5.2360e-02   2.3026e-03   2.9094e+02
20260808_15:00:00   1.6310e-01   4.4400e+01   1.9481e+01   9.9200e-07   1.5376e-04   2.9139e+02
20260808_18:00:00   1.6559e-01   4.4992e+01   1.9316e+01   6.7060e-03   6.8300e-05   2.9248e+02
20260808_21:00:00   1.8393e-01   4.8973e+01   1.8815e+01   3.6112e-02   2.3612e-02   2.9284e+02
20260809_00:00:00   2.4972e-01   6.3250e+01   2.1617e+01   8.6540e-02   2.8809e-02   2.9266e+02
20260809_03:00:00   1.7372e-01   4.6961e+01   2.1590e+01   0.0000e+00   9.4680e-05   2.9202e+02
20260809_06:00:00   2.3516e-01   6.0482e+01   2.1983e+01   5.9904e-02   5.1965e-04   2.9161e+02
20260809_09:00:00   2.1358e-01   5.5747e+01   2.1537e+01   3.7460e-02   3.5403e-03   2.9100e+02
20260809_12:00:00   1.5937e-01   4.3624e+01   1.8769e+01   0.0000e+00   0.0000e+00   2.9354e+02
20260809_15:00:00   1.6020e-01   4.3777e+01   1.9118e+01   0.0000e+00   0.0000e+00   2.9381e+02
20260809_18:00:00   1.6210e-01   4.4228e+01   1.9477e+01   1.5032e-03   0.0000e+00   2.9185e+02
20260809_21:00:00   2.0774e-01   5.4313e+01   1.9944e+01   5.2101e-02   8.3070e-03   2.9301e+02
20260810_00:00:00   2.8719e-01   7.1304e+01   2.0676e+01   1.3378e-01   1.6999e-02   2.9541e+02
20260810_03:00:00   2.0387e-01   5.3734e+01   2.1315e+01   3.2940e-02   7.4160e-03   2.9328e+02
20260810_06:00:00   2.0917e-01   5.5015e+01   2.2384e+01   2.6700e-02   4.1684e-04   2.9469e+02
20260810_09:00:00   2.0905e-01   5.4936e+01   2.4351e+01   6.9145e-03   1.0778e-02   2.9404e+02
20260810_12:00:00   1.9379e-01   5.1549e+01   2.3022e+01   0.0000e+00   8.7660e-05   2.9369e+02
20260810_15:00:00   1.8204e-01   4.8916e+01   2.1994e+01   0.0000e+00   0.0000e+00   2.9475e+02
20260810_18:00:00   2.0975e-01   5.5044e+01   2.2238e+01   3.3740e-02   1.3392e-04   2.9482e+02
20260810_21:00:00   3.3565e-01   8.0750e+01   2.2423e+01   1.7494e-01   2.4920e-03   2.9608e+02
20260811_00:00:00   2.2075e-01   5.7309e+01   2.4869e+01   2.5173e-02   1.1798e-01   2.9478e+02
20260811_03:00:00   1.9886e-01   5.2736e+01   2.3776e+01   4.7022e-04   2.5955e-03   2.9716e+02
20260811_06:00:00   1.7397e-01   4.7004e+01   2.1519e+01   0.0000e+00   3.2943e-03   2.9482e+02
20260811_09:00:00   1.7203e-01   4.6446e+01   2.1567e+01   0.0000e+00   1.6907e-04   2.9636e+02
20260811_12:00:00   1.7199e-01   4.6402e+01   2.1335e+01   0.0000e+00   1.3049e-04   2.9589e+02
20260811_15:00:00   1.7322e-01   4.6773e+01   2.1289e+01   0.0000e+00   0.0000e+00   2.9536e+02
20260811_18:00:00   1.8103e-01   4.8675e+01   2.2211e+01   0.0000e+00   0.0000e+00   2.9721e+02
20260811_21:00:00   2.3398e-01   6.0130e+01   2.2014e+01   6.8021e-02   1.3414e-02   2.9673e+02
20260812_00:00:00   2.4919e-01   6.3069e+01   2.4038e+01   6.3372e-02   1.9897e-01   2.9444e+02
20260812_03:00:00   1.8053e-01   4.8255e+01   2.2711e+01   4.4160e-04   2.9564e-01   2.9213e+02
20260812_06:00:00   1.8213e-01   4.8806e+01   2.2625e+01   0.0000e+00   1.2102e-02   2.9307e+02
20260812_09:00:00   1.8749e-01   4.9999e+01   2.3084e+01   0.0000e+00   4.8960e-03   2.9423e+02
20260812_12:00:00   1.7620e-01   4.7488e+01   2.0891e+01   0.0000e+00   4.3432e-03   2.9357e+02
20260812_15:00:00   1.6398e-01   4.4682e+01   1.9566e+01   0.0000e+00   1.9811e-03   2.9446e+02
20260812_18:00:00   1.7091e-01   4.6315e+01   2.1095e+01   0.0000e+00   4.8020e-03   2.9298e+02
20260812_21:00:00   4.5296e-01   1.0163e+02   2.4088e+01   2.9318e-01   2.3650e-01   2.9241e+02
20260813_00:00:00   1.9861e-01   5.2075e+01   2.3819e+01   7.0801e-03   5.3824e-01   2.9051e+02
20260813_03:00:00   1.7745e-01   4.7488e+01   2.2533e+01   0.0000e+00   1.8155e-01   2.9045e+02
20260813_06:00:00   1.7712e-01   4.7468e+01   2.1975e+01   1.5200e-04   5.4714e-02   2.9034e+02
20260813_09:00:00   1.7283e-01   4.6521e+01   2.1571e+01   0.0000e+00   1.4511e-02   2.8964e+02
20260813_12:00:00   1.7248e-01   4.6465e+01   2.1346e+01   0.0000e+00   1.4342e-02   2.9130e+02
20260813_15:00:00   1.7367e-01   4.6856e+01   2.1041e+01   0.0000e+00   0.0000e+00   2.9209e+02
20260813_18:00:00   1.7562e-01   4.7465e+01   2.1254e+01   0.0000e+00   1.0814e-05   2.9194e+02
20260813_21:00:00   2.7975e-01   6.9729e+01   2.1872e+01   1.1671e-01   3.8541e-03   2.9088e+02
20260814_00:00:00   4.0881e-01   9.3788e+01   2.3872e+01   2.4179e-01   2.7845e-01   2.8940e+02
