#            date       tau255        Tb[K]      pwv[mm] lwp[kg*m^-2] iwp[kg*m^-2]       o3[DU]
20260928_00:00:00   1.7319e-01   4.5872e+01   1.8125e+01   3.0603e-02   8.2819e-02   2.6094e+02
20260928_01:00:00   1.8766e-01   4.9146e+01   1.8859e+01   3.9784e-02   3.8663e-02   2.6150e+02
20260928_02:00:00   1.8812e-01   4.9332e+01   1.9173e+01   3.6902e-02   1.4108e-02   2.6071e+02
20260928_03:00:00   1.6575e-01   4.4370e+01   1.8932e+01   1.2411e-02   2.2002e-03   2.6096e+02
20260928_04:00:00   1.5924e-01   4.2906e+01   1.8765e+01   4.8420e-03   4.7995e-04   2.6086e+02
20260928_05:00:00   1.5423e-01   4.1785e+01   1.8490e+01   7.0080e-05   9.2520e-05   2.6176e+02
20260928_06:00:00   1.5524e-01   4.2002e+01   1.8612e+01   6.0600e-04   9.0500e-05   2.6326e+02
20260928_07:00:00   1.5570e-01   4.2123e+01   1.8785e+01   5.9440e-05   3.7599e-04   2.6462e+02
20260928_08:00:00   1.5949e-01   4.3030e+01   1.9136e+01   0.0000e+00   1.2151e-04   2.6518e+02
20260928_09:00:00   1.6619e-01   4.4604e+01   2.0050e+01   0.0000e+00   3.8120e-03   2.6301e+02
20260928_10:00:00   1.7239e-01   4.6036e+01   2.0927e+01   0.0000e+00   3.6696e-03   2.6324e+02
20260928_11:00:00   1.7927e-01   4.7570e+01   2.1910e+01   0.0000e+00   9.3860e-03   2.6488e+02
20260928_12:00:00   1.9290e-01   5.0580e+01   2.2347e+01   1.1340e-02   4.8888e-02   2.6681e+02
20260928_13:00:00   2.1005e-01   5.4322e+01   2.2429e+01   2.9677e-02   1.2512e-02   2.6783e+02
20260928_14:00:00   1.9164e-01   5.0280e+01   2.2541e+01   8.1080e-03   3.2694e-02   2.6745e+02
20260928_15:00:00   1.9726e-01   5.1536e+01   2.2340e+01   1.7078e-02   4.3857e-02   2.6681e+02
20260928_16:00:00   1.8542e-01   4.8880e+01   2.2071e+01   6.1397e-03   1.7813e-02   2.6588e+02
20260928_17:00:00   1.7563e-01   4.6739e+01   2.1596e+01   6.5300e-05   5.4881e-03   2.6655e+02
20260928_18:00:00   1.7490e-01   4.6603e+01   2.1666e+01   2.6340e-05   5.6869e-02   2.6670e+02
20260928_19:00:00   2.0030e-01   5.2357e+01   2.2735e+01   1.9162e-02   2.0243e-01   2.6632e+02
20260928_20:00:00   2.5795e-01   6.5038e+01   2.4360e+01   6.6983e-02   9.1173e-03   2.6563e+02
20260928_21:00:00   4.3857e-01   9.9920e+01   2.5399e+01   2.6257e-01   3.4501e-02   2.6599e+02
20260928_22:00:00   6.0815e-01   1.2693e+02   2.5940e+01   4.4754e-01   1.0967e-01   2.6514e+02
20260928_23:00:00   4.0328e-01   9.3102e+01   2.5483e+01   2.1459e-01   5.7296e-02   2.6428e+02
20260929_00:00:00   3.7602e-01   8.8552e+01   2.6172e+01   1.8227e-01   1.3605e-01   2.6523e+02
20260929_01:00:00   1.0933e+00   1.8496e+02   2.7497e+01   9.9239e-01   2.6907e-01   2.6492e+02
20260929_02:00:00   1.2712e+00   1.9946e+02   2.6899e+01   1.1980e+00   5.0456e-01   2.6585e+02
20260929_03:00:00   5.9159e-01   1.2423e+02   2.6397e+01   4.2224e-01   8.6159e-01   2.6713e+02
20260929_04:00:00   6.4283e-01   1.3139e+02   2.5961e+01   4.8205e-01   9.1712e-01   2.6777e+02
20260929_05:00:00   5.5984e-01   1.1900e+02   2.5289e+01   3.9459e-01   5.8568e-01   2.6752e+02
20260929_06:00:00   4.3693e-01   9.8924e+01   2.4869e+01   2.6218e-01   2.7486e-01   2.6748e+02
20260929_07:00:00   1.0263e+00   1.7657e+02   2.5031e+01   9.2545e-01   5.4917e-01   2.6760e+02
20260929_08:00:00   7.9285e-01   1.5097e+02   2.5081e+01   6.5776e-01   4.9315e-01   2.6742e+02
20260929_09:00:00   4.6513e-01   1.0371e+02   2.4779e+01   2.9109e-01   7.0947e-01   2.6593e+02
20260929_10:00:00   2.6220e-01   6.5391e+01   2.3724e+01   7.1694e-02   1.6500e-01   2.6569e+02
20260929_11:00:00   2.0924e-01   5.3972e+01   2.3359e+01   1.4661e-02   1.5845e-01   2.6535e+02
20260929_12:00:00   2.0711e-01   5.3480e+01   2.3243e+01   1.3015e-02   2.0681e-01   2.6523e+02
20260929_13:00:00   2.7241e-01   6.7311e+01   2.3615e+01   8.2442e-02   4.1473e-01   2.6560e+02
20260929_14:00:00   4.0405e-01   9.2818e+01   2.3408e+01   2.3307e-01   3.4981e-01   2.6734e+02
20260929_15:00:00   4.4195e-01   9.9552e+01   2.4028e+01   2.6958e-01   9.5763e-01   2.6838e+02
20260929_16:00:00   5.7674e-01   1.2093e+02   2.4044e+01   4.2068e-01   8.9194e-01   2.6928e+02
20260929_17:00:00   6.0308e-01   1.2467e+02   2.4045e+01   4.5023e-01   1.0340e+00   2.6798e+02
20260929_18:00:00   6.0366e-01   1.2523e+02   2.3927e+01   4.5341e-01   5.9368e-01   2.6668e+02
20260929_19:00:00   9.2490e-01   1.6577e+02   2.3439e+01   8.2152e-01   9.6236e-01   2.6694e+02
20260929_20:00:00   4.5361e-01   1.0134e+02   2.2749e+01   2.9556e-01   9.4610e-01   2.6626e+02
20260929_21:00:00   8.6331e-01   1.5807e+02   2.2625e+01   7.5797e-01   7.9948e-01   2.6784e+02
20260929_22:00:00   4.3361e-01   9.7741e+01   2.2229e+01   2.8042e-01   4.9052e-01   2.6589e+02
20260929_23:00:00   3.8917e-01   8.9901e+01   2.1952e+01   2.3266e-01   2.8552e-01   2.6688e+02
20260930_00:00:00   3.8030e-01   8.8210e+01   2.2232e+01   2.1775e-01   5.7349e-01   2.6740e+02
20260930_01:00:00   5.3342e-01   1.1472e+02   2.1354e+01   3.9828e-01   8.0603e-02   2.7049e+02
20260930_02:00:00   3.3110e-01   7.9117e+01   2.1152e+01   1.7150e-01   1.8584e-01   2.7171e+02
20260930_03:00:00   8.2247e-01   1.5382e+02   1.9944e+01   7.3042e-01   1.5985e-01   2.7301e+02
20260930_04:00:00   4.3400e-01   9.7930e+01   1.8370e+01   3.0730e-01   1.9252e-01   2.7518e+02
20260930_05:00:00   2.4462e-01   6.1779e+01   1.4332e+01   1.2066e-01   2.9388e-03   2.8040e+02
20260930_06:00:00   2.3556e-01   5.9466e+01   1.4796e+01   1.0596e-01   1.0223e-03   2.8215e+02
20260930_07:00:00   2.0329e-01   5.2173e+01   1.5540e+01   6.4447e-02   1.0401e-02   2.8472e+02
20260930_08:00:00   1.4378e-01   3.8817e+01   1.5278e+01   1.1308e-03   2.1946e-03   2.8633e+02
20260930_09:00:00   1.4171e-01   3.8287e+01   1.4726e+01   2.2968e-03   6.9910e-04   2.8940e+02
20260930_10:00:00   1.4426e-01   3.8871e+01   1.4058e+01   1.0659e-02   3.9251e-04   2.9187e+02
20260930_11:00:00   1.3199e-01   3.5909e+01   1.2923e+01   7.5920e-03   1.4043e-04   2.9504e+02
20260930_12:00:00   1.6959e-01   4.4636e+01   1.2675e+01   5.2131e-02   2.1597e-04   2.9645e+02
20260930_13:00:00   2.6394e-01   6.5300e+01   1.3265e+01   1.5591e-01   1.4414e-03   2.9651e+02
20260930_14:00:00   3.7827e-01   8.7821e+01   1.4127e+01   2.7902e-01   2.8769e-02   2.9765e+02
20260930_15:00:00   3.2123e-01   7.6890e+01   1.4459e+01   2.1007e-01   6.8288e-02   2.9866e+02
20260930_16:00:00   1.4937e-01   3.9970e+01   1.4184e+01   1.8479e-02   6.9987e-03   2.9893e+02
20260930_17:00:00   2.7352e-01   6.7174e+01   1.4937e+01   1.5386e-01   2.6178e-02   2.9630e+02
20260930_18:00:00   6.0788e-01   1.2538e+02   1.6106e+01   5.2137e-01   1.3279e-01   2.9327e+02
20260930_19:00:00   4.7946e-01   1.0557e+02   1.7169e+01   3.7057e-01   2.0525e-01   2.9236e+02
20260930_20:00:00   4.3386e-01   9.8535e+01   1.7522e+01   3.2132e-01   2.8668e-02   2.9228e+02
20260930_21:00:00   4.6809e-01   1.0468e+02   1.6845e+01   3.6734e-01   4.8680e-03   2.9026e+02
20260930_22:00:00   3.3603e-01   8.0445e+01   1.7198e+01   2.1315e-01   1.7596e-02   2.8817e+02
20260930_23:00:00   2.8557e-01   7.0363e+01   1.8079e+01   1.4695e-01   5.9384e-03   2.8437e+02
20261001_00:00:00   2.1754e-01   5.5606e+01   1.8458e+01   6.1984e-02   9.8684e-03   2.8383e+02
20261001_01:00:00   4.4782e-01   1.0035e+02   1.8434e+01   3.2025e-01   5.2927e-03   2.8378e+02
20261001_02:00:00   1.8070e-01   4.7499e+01   1.7769e+01   2.2905e-02   1.2891e-03   2.8402e+02
20261001_03:00:00   1.5394e-01   4.1313e+01   1.7267e+01   0.0000e+00   7.6271e-04   2.8397e+02
20261001_04:00:00   1.4314e-01   3.8818e+01   1.5937e+01   0.0000e+00   6.6080e-04   2.8508e+02
20261001_05:00:00   1.3044e-01   3.5843e+01   1.4155e+01   0.0000e+00   1.2740e-05   2.8561e+02
20261001_06:00:00   1.1742e-01   3.2788e+01   1.2391e+01   0.0000e+00   0.0000e+00   2.8687e+02
20261001_07:00:00   1.2728e-01   3.5147e+01   1.2729e+01   7.4580e-03   8.3040e-05   2.8552e+02
20261001_08:00:00   2.8702e-01   7.0178e+01   1.3959e+01   1.7662e-01   2.8340e-04   2.7981e+02
20261001_09:00:00   1.3102e-01   3.6102e+01   1.2918e+01   6.7160e-03   3.0220e-05   2.7674e+02
20261001_10:00:00   1.2377e-01   3.4382e+01   1.2649e+01   0.0000e+00   0.0000e+00   2.7489e+02
20261001_11:00:00   1.1936e-01   3.3331e+01   1.2046e+01   0.0000e+00   3.3980e-06   2.7312e+02
20261001_12:00:00   1.1346e-01   3.1935e+01   1.1223e+01   0.0000e+00   0.0000e+00   2.7209e+02
20261001_13:00:00   1.0918e-01   3.0906e+01   1.0498e+01   0.0000e+00   0.0000e+00   2.7191e+02
20261001_14:00:00   1.0891e-01   3.0826e+01   1.0419e+01   0.0000e+00   0.0000e+00   2.7184e+02
20261001_15:00:00   1.0729e-01   3.0417e+01   1.0265e+01   0.0000e+00   0.0000e+00   2.7176e+02
20261001_16:00:00   1.0487e-01   2.9832e+01   1.0004e+01   0.0000e+00   0.0000e+00   2.7051e+02
20261001_17:00:00   1.0616e-01   3.0167e+01   1.0267e+01   0.0000e+00   0.0000e+00   2.6983e+02
20261001_18:00:00   1.1153e-01   3.1471e+01   1.1184e+01   0.0000e+00   0.0000e+00   2.6981e+02
20261001_19:00:00   1.1484e-01   3.2280e+01   1.1726e+01   0.0000e+00   0.0000e+00   2.7081e+02
20261001_20:00:00   1.1498e-01   3.2329e+01   1.1750e+01   0.0000e+00   0.0000e+00   2.7191e+02
20261001_21:00:00   1.1468e-01   3.2281e+01   1.1673e+01   0.0000e+00   0.0000e+00   2.7343e+02
20261001_22:00:00   1.1583e-01   3.2576e+01   1.1730e+01   0.0000e+00   0.0000e+00   2.7492e+02
20261001_23:00:00   1.1710e-01   3.2883e+01   1.1755e+01   0.0000e+00   0.0000e+00   2.7516e+02
20261002_00:00:00   1.1530e-01   3.2443e+01   1.1417e+01   0.0000e+00   0.0000e+00   2.7405e+02
20261002_01:00:00   1.1181e-01   3.1591e+01   1.0891e+01   0.0000e+00   0.0000e+00   2.7392e+02
20261002_02:00:00   1.1018e-01   3.1199e+01   1.0611e+01   0.0000e+00   0.0000e+00   2.7420e+02
20261002_03:00:00   1.0949e-01   3.1030e+01   1.0494e+01   0.0000e+00   0.0000e+00   2.7394e+02
20261002_04:00:00   1.0877e-01   3.0859e+01   1.0376e+01   0.0000e+00   0.0000e+00   2.7456e+02
20261002_05:00:00   1.0750e-01   3.0562e+01   1.0200e+01   0.0000e+00   0.0000e+00   2.7527e+02
20261002_06:00:00   1.0631e-01   3.0273e+01   1.0063e+01   0.0000e+00   0.0000e+00   2.7533e+02
20261002_07:00:00   1.0551e-01   3.0071e+01   1.0014e+01   0.0000e+00   0.0000e+00   2.7494e+02
20261002_08:00:00   1.0524e-01   2.9989e+01   9.9865e+00   0.0000e+00   0.0000e+00   2.7415e+02
20261002_09:00:00   1.0455e-01   2.9805e+01   9.8501e+00   0.0000e+00   0.0000e+00   2.7281e+02
20261002_10:00:00   1.0342e-01   2.9518e+01   9.6411e+00   0.0000e+00   0.0000e+00   2.7251e+02
20261002_11:00:00   1.0118e-01   2.8951e+01   9.3654e+00   0.0000e+00   0.0000e+00   2.7195e+02
20261002_12:00:00   1.0050e-01   2.8775e+01   9.3076e+00   0.0000e+00   0.0000e+00   2.7098e+02
20261002_13:00:00   1.0035e-01   2.8728e+01   9.3081e+00   0.0000e+00   0.0000e+00   2.7040e+02
20261002_14:00:00   9.7888e-02   2.8108e+01   8.9172e+00   0.0000e+00   0.0000e+00   2.7041e+02
20261002_15:00:00   9.4810e-02   2.7342e+01   8.4567e+00   0.0000e+00   0.0000e+00   2.7051e+02
20261002_16:00:00   9.1455e-02   2.6523e+01   8.1127e+00   0.0000e+00   0.0000e+00   2.6998e+02
20261002_17:00:00   9.1674e-02   2.6586e+01   8.1533e+00   0.0000e+00   0.0000e+00   2.6862e+02
20261002_18:00:00   9.1256e-02   2.6508e+01   8.1754e+00   0.0000e+00   0.0000e+00   2.6839e+02
20261002_19:00:00   9.3077e-02   2.6999e+01   8.5311e+00   0.0000e+00   0.0000e+00   2.6806e+02
20261002_20:00:00   9.6120e-02   2.7791e+01   8.9612e+00   0.0000e+00   0.0000e+00   2.6772e+02
20261002_21:00:00   9.8082e-02   2.8307e+01   9.1727e+00   0.0000e+00   0.0000e+00   2.6738e+02
20261002_22:00:00   9.7490e-02   2.8184e+01   9.0407e+00   0.0000e+00   0.0000e+00   2.6662e+02
20261002_23:00:00   9.7391e-02   2.8165e+01   8.9794e+00   0.0000e+00   0.0000e+00   2.6586e+02
20261003_00:00:00   9.6666e-02   2.7978e+01   8.8142e+00   0.0000e+00   0.0000e+00   2.6574e+02
20261003_03:00:00   8.6950e-02   2.5517e+01   7.6486e+00   0.0000e+00   0.0000e+00   2.6802e+02
20261003_06:00:00   9.0389e-02   2.6373e+01   8.1789e+00   0.0000e+00   0.0000e+00   2.6666e+02
20261003_09:00:00   9.1024e-02   2.6523e+01   8.2343e+00   0.0000e+00   0.0000e+00   2.6374e+02
20261003_12:00:00   9.0059e-02   2.6273e+01   8.1663e+00   0.0000e+00   0.0000e+00   2.6473e+02
20261003_15:00:00   9.3393e-02   2.7077e+01   8.6817e+00   0.0000e+00   0.0000e+00   2.6552e+02
20261003_18:00:00   9.5653e-02   2.7735e+01   9.1286e+00   0.0000e+00   0.0000e+00   2.6497e+02
20261003_21:00:00   9.6154e-02   2.7933e+01   9.5209e+00   0.0000e+00   0.0000e+00   2.6291e+02
20261004_00:00:00   8.3649e-02   2.4767e+01   7.7318e+00   0.0000e+00   0.0000e+00   2.6117e+02
20261004_03:00:00   7.8383e-02   2.3366e+01   6.8669e+00   0.0000e+00   0.0000e+00   2.6295e+02
20261004_06:00:00   8.4393e-02   2.4891e+01   7.4963e+00   0.0000e+00   0.0000e+00   2.6266e+02
20261004_09:00:00   8.3429e-02   2.4603e+01   7.2836e+00   0.0000e+00   0.0000e+00   2.6104e+02
20261004_12:00:00   7.7037e-02   2.2918e+01   6.4037e+00   0.0000e+00   0.0000e+00   2.6098e+02
20261004_15:00:00   9.1754e-02   2.6649e+01   8.3406e+00   0.0000e+00   0.0000e+00   2.6065e+02
20261004_18:00:00   1.0586e-01   3.0258e+01   1.0187e+01   0.0000e+00   0.0000e+00   2.6369e+02
20261004_21:00:00   1.2255e-01   3.4389e+01   1.2641e+01   8.4920e-06   0.0000e+00   2.6047e+02
20261005_00:00:00   3.9171e-01   9.0931e+01   1.4147e+01   2.9220e-01   9.1700e-05   2.5995e+02
20261005_03:00:00   1.4440e-01   3.9601e+01   1.3720e+01   1.3648e-02   1.2386e-05   2.5865e+02
20261005_06:00:00   1.3678e-01   3.7785e+01   1.4250e+01   0.0000e+00   0.0000e+00   2.6123e+02
20261005_09:00:00   1.3835e-01   3.8145e+01   1.4276e+01   0.0000e+00   0.0000e+00   2.6442e+02
20261005_12:00:00   1.2756e-01   3.5502e+01   1.3116e+01   0.0000e+00   0.0000e+00   2.6076e+02
20261005_15:00:00   1.3914e-01   3.8258e+01   1.4577e+01   0.0000e+00   0.0000e+00   2.5993e+02
20261005_18:00:00   2.2436e-01   5.7793e+01   1.7948e+01   6.7658e-02   0.0000e+00   2.6214e+02
20261005_21:00:00   3.6283e-01   8.5735e+01   2.0773e+01   2.0182e-01   9.1701e-04   2.6122e+02
20261006_00:00:00   5.1731e-01   1.1245e+02   2.0998e+01   3.7074e-01   5.3377e-03   2.6053e+02
20261006_03:00:00   3.1259e-01   7.5911e+01   2.0011e+01   1.4548e-01   1.0530e-02   2.6092e+02
20261006_06:00:00   2.4503e-01   6.2067e+01   1.8691e+01   7.8537e-02   1.1371e-02   2.6159e+02
20261006_09:00:00   1.9584e-01   5.1572e+01   1.8196e+01   3.2452e-02   2.1439e-02   2.5951e+02
20261006_12:00:00   2.2262e-01   5.7320e+01   2.0129e+01   5.0065e-02   1.0729e-01   2.5957e+02
20261006_15:00:00   2.2407e-01   5.7552e+01   2.2285e+01   3.5764e-02   2.2017e-01   2.6215e+02
20261006_18:00:00   2.0703e-01   5.3607e+01   2.3914e+01   4.2573e-03   4.9223e-01   2.6372e+02
20261006_21:00:00   1.9961e-01   5.1917e+01   2.3519e+01   2.4588e-03   4.7993e-01   2.6208e+02
20261007_00:00:00   1.8241e-01   4.8073e+01   2.1848e+01   8.2960e-05   2.1420e-01   2.6188e+02
20261007_03:00:00   1.6781e-01   4.4889e+01   1.9744e+01   0.0000e+00   5.0820e-02   2.6318e+02
20261007_06:00:00   1.6058e-01   4.3180e+01   1.8912e+01   0.0000e+00   1.5079e-01   2.6624e+02
20261007_09:00:00   1.6860e-01   4.5065e+01   1.9464e+01   0.0000e+00   5.6046e-02   2.6900e+02
20261007_12:00:00   1.5176e-01   4.1186e+01   1.7405e+01   0.0000e+00   3.9993e-02   2.7186e+02
20261007_15:00:00   1.4406e-01   3.9349e+01   1.6131e+01   0.0000e+00   1.0158e-01   2.7369e+02
20261007_18:00:00   1.2915e-01   3.5871e+01   1.4206e+01   0.0000e+00   1.9115e-01   2.7185e+02
20261007_21:00:00   1.2756e-01   3.5494e+01   1.4215e+01   0.0000e+00   1.6797e-01   2.6937e+02
20261008_00:00:00   1.3424e-01   3.7064e+01   1.4724e+01   4.0240e-03   2.1329e-01   2.6851e+02
20261008_03:00:00   1.2325e-01   3.4398e+01   1.3757e+01   0.0000e+00   1.3664e-01   2.6998e+02
20261008_06:00:00   1.1928e-01   3.3445e+01   1.3057e+01   0.0000e+00   1.3114e-01   2.6698e+02
20261008_09:00:00   1.3376e-01   3.6880e+01   1.4741e+01   0.0000e+00   9.7166e-02   2.6563e+02
20261008_12:00:00   1.3480e-01   3.7084e+01   1.4747e+01   0.0000e+00   3.0903e-02   2.6989e+02
20261008_15:00:00   1.2157e-01   3.3966e+01   1.2614e+01   0.0000e+00   1.4360e-02   2.6924e+02
20261008_18:00:00   1.0739e-01   3.0419e+01   1.1314e+01   0.0000e+00   4.1680e-02   2.6717e+02
20261008_21:00:00   1.2211e-01   3.4005e+01   1.3223e+01   0.0000e+00   2.2664e-02   2.6554e+02
20261009_00:00:00   1.0882e-01   3.0764e+01   1.1436e+01   0.0000e+00   7.6401e-03   2.6547e+02
20261009_03:00:00   1.0107e-01   2.8745e+01   1.0681e+01   0.0000e+00   3.0436e-02   2.6386e+02
20261009_06:00:00   1.1669e-01   3.2594e+01   1.2433e+01   0.0000e+00   7.2512e-02   2.6204e+02
20261009_09:00:00   1.1831e-01   3.2984e+01   1.2806e+01   0.0000e+00   4.8553e-03   2.6148e+02
20261009_12:00:00   1.2644e-01   3.4949e+01   1.3576e+01   0.0000e+00   1.7911e-03   2.6179e+02
20261009_15:00:00   1.4158e-01   3.8526e+01   1.5562e+01   1.6986e-04   9.3597e-04   2.6163e+02
20261009_18:00:00   1.5471e-01   4.1691e+01   1.7287e+01   1.3922e-03   1.7665e-03   2.6261e+02
20261009_21:00:00   1.4802e-01   4.0198e+01   1.6562e+01   9.4580e-04   1.8309e-04   2.6449e+02
20261010_00:00:00   1.3560e-01   3.7319e+01   1.5143e+01   0.0000e+00   2.6481e-03   2.6032e+02
20261010_03:00:00   1.1385e-01   3.2101e+01   1.2062e+01   0.0000e+00   3.8700e-06   2.5880e+02
20261010_06:00:00   1.0307e-01   2.9360e+01   1.0817e+01   0.0000e+00   1.5482e-05   2.6149e+02
20261010_09:00:00   9.8238e-02   2.8155e+01   1.0129e+01   0.0000e+00   0.0000e+00   2.6095e+02
20261010_12:00:00   1.0363e-01   2.9444e+01   1.1042e+01   0.0000e+00   0.0000e+00   2.5889e+02
20261010_15:00:00   1.0427e-01   2.9604e+01   1.1226e+01   0.0000e+00   0.0000e+00   2.6159e+02
20261010_18:00:00   1.0779e-01   3.0539e+01   1.1882e+01   0.0000e+00   0.0000e+00   2.6711e+02
20261010_21:00:00   1.0769e-01   3.0600e+01   1.1978e+01   0.0000e+00   0.0000e+00   2.7187e+02
20261011_00:00:00   1.0242e-01   2.9311e+01   1.1193e+01   0.0000e+00   0.0000e+00   2.6949e+02
20261011_03:00:00   9.6329e-02   2.7834e+01   9.9223e+00   0.0000e+00   4.7580e-04   2.7046e+02
20261011_06:00:00   9.2439e-02   2.6884e+01   9.0564e+00   0.0000e+00   0.0000e+00   2.6712e+02
20261011_09:00:00   9.3807e-02   2.7193e+01   9.2414e+00   0.0000e+00   0.0000e+00   2.6647e+02
20261011_12:00:00   9.8886e-02   2.8423e+01   9.9970e+00   0.0000e+00   0.0000e+00   2.7178e+02
20261011_15:00:00   1.0404e-01   2.9684e+01   1.0752e+01   0.0000e+00   0.0000e+00   2.8171e+02
20261011_18:00:00   1.1037e-01   3.1322e+01   1.1741e+01   0.0000e+00   0.0000e+00   2.8291e+02
20261011_21:00:00   1.1518e-01   3.2575e+01   1.2531e+01   0.0000e+00   0.0000e+00   2.7198e+02
20261012_00:00:00   1.1148e-01   3.1715e+01   1.1931e+01   1.6986e-05   0.0000e+00   2.7267e+02
20261012_03:00:00   1.1262e-01   3.1960e+01   1.1925e+01   0.0000e+00   0.0000e+00   2.7251e+02
20261012_06:00:00   1.1056e-01   3.1428e+01   1.1515e+01   0.0000e+00   0.0000e+00   2.6675e+02
20261012_09:00:00   1.0338e-01   2.9652e+01   1.0480e+01   0.0000e+00   0.0000e+00   2.6175e+02
20261012_12:00:00   1.0309e-01   2.9596e+01   1.0242e+01   0.0000e+00   0.0000e+00   2.6233e+02
20261012_15:00:00   1.0389e-01   2.9835e+01   1.0119e+01   0.0000e+00   0.0000e+00   2.5669e+02
20261012_18:00:00   1.0859e-01   3.1089e+01   1.0634e+01   0.0000e+00   0.0000e+00   2.5429e+02
20261012_21:00:00   1.1590e-01   3.2927e+01   1.1864e+01   0.0000e+00   0.0000e+00   2.5278e+02
20261013_00:00:00   1.1055e-01   3.1628e+01   1.1210e+01   0.0000e+00   0.0000e+00   2.4856e+02
20261013_03:00:00   1.0692e-01   3.0684e+01   1.0718e+01   0.0000e+00   0.0000e+00   2.4433e+02
20261013_06:00:00   9.5229e-02   2.7752e+01   9.0351e+00   0.0000e+00   0.0000e+00   2.4268e+02
20261013_09:00:00   9.0199e-02   2.6468e+01   8.2001e+00   0.0000e+00   0.0000e+00   2.4164e+02
20261013_12:00:00   9.0989e-02   2.6650e+01   8.1465e+00   0.0000e+00   0.0000e+00   2.4078e+02
20261013_15:00:00   9.0484e-02   2.6519e+01   7.9608e+00   0.0000e+00   0.0000e+00   2.4161e+02
20261013_18:00:00   9.0312e-02   2.6509e+01   8.1552e+00   0.0000e+00   0.0000e+00   2.4566e+02
20261013_21:00:00   9.3678e-02   2.7386e+01   9.1270e+00   0.0000e+00   0.0000e+00   2.4589e+02
20261014_00:00:00   9.8436e-02   2.8591e+01   9.8834e+00   0.0000e+00   0.0000e+00   2.4586e+02
