#            date       tau255        Tb[K]      pwv[mm] lwp[kg*m^-2] iwp[kg*m^-2]       o3[DU]
20260813_00:00:00   4.2430e-01   1.0222e+02   4.1535e+01   7.7597e-05   6.1600e-06   3.1550e+02
20260813_01:00:00   4.2370e-01   1.0210e+02   4.1488e+01   3.3420e-04   3.9320e-05   3.1569e+02
20260813_02:00:00   4.2677e-01   1.0271e+02   4.1429e+01   2.0039e-03   0.0000e+00   3.1548e+02
20260813_03:00:00   5.3020e-01   1.2127e+02   4.1969e+01   1.3866e-01   1.4017e-03   3.1528e+02
20260813_04:00:00   7.2103e-01   1.5107e+02   4.1993e+01   3.9171e-01   1.4077e-03   3.1504e+02
20260813_05:00:00   5.0346e-01   1.1657e+02   4.0941e+01   1.1884e-01   0.0000e+00   3.1432e+02
20260813_06:00:00   5.5444e-01   1.2529e+02   4.1106e+01   1.8882e-01   0.0000e+00   3.1428e+02
20260813_07:00:00   6.2442e-01   1.3638e+02   4.2624e+01   2.5760e-01   2.5046e-04   3.1423e+02
20260813_08:00:00   5.6414e-01   1.2671e+02   4.1610e+01   1.9100e-01   3.5366e-03   3.1476e+02
20260813_09:00:00   7.3809e-01   1.5299e+02   4.3662e+01   3.9031e-01   3.4790e-03   3.1615e+02
20260813_10:00:00   5.4433e-01   1.2319e+02   4.4065e+01   1.3201e-01   1.5338e-01   3.1610e+02
20260813_11:00:00   6.1571e-01   1.3450e+02   4.6888e+01   1.9040e-01   1.4049e-01   3.1536e+02
20260813_12:00:00   6.5340e-01   1.4027e+02   4.6998e+01   2.4123e-01   3.7626e-01   3.1557e+02
20260813_13:00:00   6.1362e-01   1.3401e+02   4.7929e+01   1.7819e-01   2.9566e-01   3.1460e+02
20260813_14:00:00   6.7809e-01   1.4338e+02   5.1346e+01   2.2056e-01   7.6761e-01   3.1121e+02
20260813_15:00:00   7.0373e-01   1.4501e+02   5.3773e+01   2.0540e-01   1.0200e+00   3.0999e+02
20260813_16:00:00   6.4795e-01   1.3717e+02   5.3644e+01   1.4993e-01   8.5302e-01   3.1200e+02
20260813_17:00:00   9.0866e-01   1.7073e+02   5.3400e+01   4.6577e-01   1.0450e+00   3.1176e+02
20260813_18:00:00   5.7142e-01   1.2605e+02   5.2902e+01   7.7890e-02   4.5830e-01   3.1165e+02
20260813_19:00:00   5.0642e-01   1.1572e+02   5.1190e+01   2.8007e-02   2.2762e-01   3.1560e+02
20260813_20:00:00   5.7270e-01   1.2679e+02   5.2991e+01   7.8461e-02   8.1577e-02   3.1511e+02
20260813_21:00:00   5.5328e-01   1.2359e+02   5.2999e+01   4.3347e-02   2.2554e-02   3.1707e+02
20260813_22:00:00   5.7361e-01   1.2718e+02   5.4684e+01   4.7018e-02   2.1390e-03   3.1804e+02
20260813_23:00:00   5.7701e-01   1.2777e+02   5.5492e+01   3.9920e-02   1.3097e-03   3.1823e+02
20260814_00:00:00   5.4273e-01   1.2222e+02   5.4255e+01   1.0068e-02   9.7520e-04   3.1773e+02
20260814_01:00:00   5.3245e-01   1.2052e+02   5.3876e+01   5.2530e-03   4.0615e-03   3.1593e+02
20260814_02:00:00   5.2452e-01   1.1910e+02   5.4143e+01   1.5908e-03   8.8573e-03   3.1476e+02
20260814_03:00:00   5.3113e-01   1.2006e+02   5.4332e+01   1.1375e-02   1.9650e-01   3.1299e+02
20260814_04:00:00   5.1606e-01   1.1752e+02   5.3903e+01   1.9319e-05   2.0822e-01   3.1135e+02
20260814_05:00:00   6.1095e-01   1.3191e+02   5.4683e+01   9.9371e-02   6.5351e-01   3.1050e+02
20260814_06:00:00   5.2232e-01   1.1846e+02   5.3981e+01   9.9453e-03   4.8098e-01   3.1081e+02
20260814_07:00:00   5.2115e-01   1.1819e+02   5.4482e+01   3.7237e-03   4.7844e-01   3.1028e+02
20260814_08:00:00   6.6566e-01   1.3966e+02   5.7577e+01   1.1641e-01   1.3168e+00   3.0935e+02
20260814_09:00:00   6.7656e-01   1.4021e+02   5.2000e+01   2.1180e-01   1.9570e+00   3.1093e+02
20260814_10:00:00   4.8401e-01   1.1189e+02   5.0993e+01   1.1915e-02   8.1690e-01   3.1455e+02
20260814_11:00:00   4.5041e-01   1.0607e+02   4.8636e+01   6.7538e-03   1.1621e-01   3.1569e+02
20260814_12:00:00   5.3352e-01   1.2015e+02   5.2638e+01   3.4249e-02   1.0359e-01   3.1643e+02
20260814_13:00:00   7.9218e-01   1.5669e+02   5.4540e+01   3.1596e-01   2.1560e-02   3.1572e+02
20260814_14:00:00   6.9337e-01   1.4361e+02   5.4660e+01   2.0266e-01   6.9864e-02   3.1478e+02
20260814_15:00:00   5.3526e-01   1.2061e+02   5.3453e+01   3.6006e-02   6.9319e-02   3.1413e+02
20260814_16:00:00   6.2580e-01   1.3430e+02   5.5584e+01   1.0913e-01   7.1929e-02   3.1346e+02
20260814_17:00:00   5.5302e-01   1.2358e+02   5.6047e+01   2.0704e-02   1.8057e-01   3.1432e+02
20260814_18:00:00   5.9867e-01   1.3081e+02   5.6661e+01   6.8596e-02   3.9975e-02   3.1324e+02
20260814_19:00:00   5.7595e-01   1.2759e+02   5.6751e+01   4.3086e-02   9.0073e-03   3.1337e+02
20260814_20:00:00   7.9640e-01   1.5756e+02   5.6321e+01   2.9685e-01   1.5054e-02   3.1326e+02
20260814_21:00:00   5.6074e-01   1.2518e+02   5.5800e+01   3.5795e-02   6.5443e-03   3.1326e+02
20260814_22:00:00   5.3510e-01   1.2124e+02   5.5622e+01   2.5013e-03   1.5222e-04   3.1227e+02
20260814_23:00:00   5.2081e-01   1.1907e+02   5.4364e+01   7.0232e-05   2.7941e-04   3.1094e+02
20260815_00:00:00   5.0875e-01   1.1714e+02   5.2772e+01   0.0000e+00   4.2020e-05   3.0844e+02
20260815_01:00:00   5.0497e-01   1.1659e+02   5.2661e+01   0.0000e+00   0.0000e+00   3.0754e+02
20260815_02:00:00   5.2170e-01   1.1962e+02   5.3811e+01   0.0000e+00   2.0044e-04   3.0842e+02
20260815_03:00:00   6.5568e-01   1.4024e+02   5.6985e+01   1.2360e-01   1.0010e-02   3.0570e+02
20260815_04:00:00   5.7388e-01   1.2790e+02   5.9438e+01   6.8134e-04   2.5565e-01   3.0599e+02
20260815_05:00:00   6.2602e-01   1.3541e+02   5.8492e+01   8.2269e-02   2.9201e-01   3.0628e+02
20260815_06:00:00   7.4122e-01   1.5122e+02   5.8621e+01   2.1475e-01   7.9016e-02   3.0428e+02
20260815_07:00:00   7.7423e-01   1.5608e+02   6.1450e+01   2.1312e-01   4.7229e-01   3.0159e+02
20260815_08:00:00   9.7391e-01   1.7893e+02   6.1247e+01   4.5232e-01   8.7665e-01   3.0136e+02
20260815_09:00:00   5.6960e-01   1.2705e+02   5.7802e+01   3.6167e-02   3.8320e-01   3.0306e+02
20260815_10:00:00   5.8594e-01   1.3003e+02   5.7025e+01   6.1517e-02   3.1661e-01   3.0482e+02
20260815_11:00:00   6.1765e-01   1.3528e+02   5.6293e+01   1.0628e-01   1.8570e-01   3.0589e+02
20260815_12:00:00   5.4246e-01   1.2332e+02   5.2740e+01   5.9756e-02   8.1941e-02   3.0760e+02
20260815_13:00:00   5.0415e-01   1.1675e+02   5.1805e+01   2.1630e-02   1.2946e-02   3.0791e+02
20260815_14:00:00   4.8310e-01   1.1307e+02   5.0655e+01   7.2843e-03   1.1840e-02   3.0716e+02
20260815_15:00:00   4.7170e-01   1.1105e+02   4.9628e+01   6.0823e-03   1.4379e-02   3.0743e+02
20260815_16:00:00   4.8407e-01   1.1332e+02   5.0266e+01   1.1380e-02   8.3677e-03   3.0677e+02
20260815_17:00:00   5.1074e-01   1.1801e+02   5.1739e+01   2.3029e-02   5.2358e-03   3.0598e+02
20260815_18:00:00   5.4507e-01   1.2384e+02   5.2395e+01   5.9720e-02   2.2825e-03   3.0707e+02
20260815_19:00:00   5.7294e-01   1.2852e+02   5.2027e+01   1.0329e-01   1.2880e-03   3.0713e+02
20260815_20:00:00   5.3795e-01   1.2265e+02   5.1055e+01   6.9075e-02   9.3080e-06   3.0684e+02
20260815_21:00:00   5.7910e-01   1.2963e+02   5.2034e+01   1.0833e-01   0.0000e+00   3.0861e+02
20260815_22:00:00   5.6849e-01   1.2769e+02   5.4195e+01   5.7670e-02   2.2140e-06   3.1065e+02
20260815_23:00:00   5.3755e-01   1.2245e+02   5.4833e+01   6.4480e-03   1.7846e-05   3.1129e+02
20260816_00:00:00   5.1765e-01   1.1905e+02   5.3754e+01   0.0000e+00   3.6000e-05   3.1188e+02
20260816_01:00:00   5.4141e-01   1.2261e+02   5.3761e+01   3.4266e-02   1.3553e-02   3.1053e+02
20260816_02:00:00   5.0967e-01   1.1732e+02   5.3729e+01   3.9816e-03   7.9522e-02   3.1009e+02
20260816_03:00:00   4.7663e-01   1.1143e+02   5.1533e+01   4.6500e-04   5.7862e-02   3.0870e+02
20260816_04:00:00   4.7045e-01   1.1034e+02   5.1073e+01   9.3640e-06   8.8890e-03   3.0769e+02
20260816_05:00:00   5.1864e-01   1.1852e+02   5.3966e+01   1.6026e-02   1.2543e-01   3.0744e+02
20260816_06:00:00   4.9999e-01   1.1549e+02   5.3054e+01   0.0000e+00   3.6844e-03   3.0753e+02
20260816_07:00:00   4.7610e-01   1.1122e+02   5.0870e+01   0.0000e+00   1.0569e-02   3.0864e+02
20260816_08:00:00   4.6142e-01   1.0828e+02   4.9823e+01   0.0000e+00   1.0404e-06   3.0836e+02
20260816_09:00:00   4.7432e-01   1.1031e+02   5.0874e+01   1.5252e-03   3.8427e-02   3.0814e+02
20260816_10:00:00   4.6657e-01   1.0869e+02   5.0842e+01   1.6604e-05   3.4290e-01   3.0758e+02
20260816_11:00:00   6.1385e-01   1.3140e+02   5.0339e+01   1.7202e-01   1.8438e-01   3.0679e+02
20260816_12:00:00   5.3677e-01   1.1963e+02   5.0159e+01   8.3033e-02   2.5860e-01   3.0695e+02
20260816_13:00:00   6.9190e-01   1.4228e+02   5.0574e+01   2.5340e-01   3.7049e-01   3.0639e+02
20260816_14:00:00   5.0108e-01   1.1383e+02   5.1730e+01   1.5563e-02   3.5629e-01   3.0757e+02
20260816_15:00:00   4.6403e-01   1.0777e+02   4.9862e+01   2.7680e-05   4.6524e-01   3.0900e+02
20260816_16:00:00   4.8512e-01   1.1093e+02   4.8010e+01   5.2920e-02   3.8601e-01   3.0808e+02
20260816_17:00:00   5.2480e-01   1.1732e+02   4.6483e+01   1.1829e-01   2.1875e-01   3.0669e+02
20260816_18:00:00   4.3466e-01   1.0205e+02   4.7064e+01   3.1380e-03   2.4407e-01   3.0513e+02
20260816_19:00:00   4.4875e-01   1.0450e+02   4.7224e+01   1.7230e-02   3.2150e-01   3.0392e+02
20260816_20:00:00   1.2556e+00   2.0046e+02   4.8752e+01   9.1174e-01   5.5530e-01   3.0248e+02
20260816_21:00:00   1.3674e+00   2.0841e+02   4.9465e+01   1.0256e+00   2.7035e-01   3.0204e+02
20260816_22:00:00   1.0298e+00   1.8096e+02   4.7314e+01   6.5527e-01   1.3533e-01   3.0258e+02
20260816_23:00:00   3.7254e-01   9.0671e+01   3.7686e+01   8.1276e-04   7.0196e-04   3.0384e+02
20260817_00:00:00   3.2816e-01   8.2021e+01   3.2834e+01   0.0000e+00   1.8642e-05   3.0218e+02
20260817_01:00:00   2.9043e-01   7.4245e+01   2.8966e+01   0.0000e+00   0.0000e+00   3.0209e+02
20260817_02:00:00   2.7852e-01   7.1738e+01   2.7486e+01   0.0000e+00   0.0000e+00   3.0314e+02
20260817_03:00:00   2.6890e-01   6.9710e+01   2.6075e+01   0.0000e+00   0.0000e+00   3.0433e+02
20260817_04:00:00   2.7182e-01   7.0306e+01   2.6157e+01   0.0000e+00   0.0000e+00   3.0377e+02
20260817_05:00:00   2.7359e-01   7.0689e+01   2.6495e+01   0.0000e+00   0.0000e+00   3.0418e+02
20260817_06:00:00   2.7008e-01   6.9889e+01   2.5984e+01   0.0000e+00   0.0000e+00   3.0657e+02
20260817_07:00:00   2.7091e-01   6.9967e+01   2.5662e+01   0.0000e+00   0.0000e+00   3.0814e+02
20260817_08:00:00   2.7537e-01   7.0858e+01   2.6098e+01   0.0000e+00   0.0000e+00   3.0890e+02
20260817_09:00:00   2.7051e-01   6.9787e+01   2.5955e+01   0.0000e+00   0.0000e+00   3.1013e+02
20260817_10:00:00   2.6901e-01   6.9421e+01   2.6125e+01   0.0000e+00   0.0000e+00   3.1048e+02
20260817_11:00:00   2.6739e-01   6.9017e+01   2.6034e+01   0.0000e+00   0.0000e+00   3.1032e+02
20260817_12:00:00   2.5770e-01   6.6908e+01   2.5274e+01   0.0000e+00   1.0404e-06   3.1044e+02
20260817_13:00:00   2.6089e-01   6.7551e+01   2.5599e+01   0.0000e+00   4.0480e-04   3.1106e+02
20260817_14:00:00   2.5974e-01   6.7330e+01   2.5530e+01   0.0000e+00   0.0000e+00   3.1545e+02
20260817_15:00:00   2.5503e-01   6.6419e+01   2.4397e+01   0.0000e+00   0.0000e+00   3.1597e+02
20260817_16:00:00   2.5066e-01   6.5573e+01   2.3571e+01   0.0000e+00   0.0000e+00   3.1586e+02
20260817_17:00:00   2.5668e-01   6.6969e+01   2.4200e+01   0.0000e+00   0.0000e+00   3.1475e+02
20260817_18:00:00   2.5804e-01   6.7325e+01   2.4731e+01   0.0000e+00   0.0000e+00   3.1525e+02
20260817_19:00:00   2.5756e-01   6.7264e+01   2.4969e+01   0.0000e+00   0.0000e+00   3.1248e+02
20260817_20:00:00   2.7031e-01   7.0113e+01   2.6034e+01   0.0000e+00   0.0000e+00   3.1083e+02
20260817_21:00:00   2.7183e-01   7.0515e+01   2.6330e+01   0.0000e+00   0.0000e+00   3.1178e+02
20260817_22:00:00   2.7737e-01   7.1731e+01   2.7290e+01   0.0000e+00   0.0000e+00   3.1202e+02
20260817_23:00:00   2.8688e-01   7.3783e+01   2.8624e+01   0.0000e+00   0.0000e+00   3.1323e+02
20260818_00:00:00   2.9661e-01   7.5872e+01   2.9815e+01   0.0000e+00   0.0000e+00   3.1393e+02
20260818_03:00:00   2.9033e-01   7.4529e+01   2.9215e+01   0.0000e+00   1.9988e-03   3.1325e+02
20260818_06:00:00   3.4004e-01   8.4216e+01   3.5807e+01   3.9900e-03   8.2372e-02   3.0521e+02
20260818_09:00:00   3.5326e-01   8.6715e+01   3.8463e+01   0.0000e+00   3.1930e-02   3.0294e+02
20260818_12:00:00   3.1900e-01   8.0188e+01   3.3325e+01   0.0000e+00   2.3988e-02   3.0788e+02
20260818_15:00:00   3.4034e-01   8.4546e+01   3.6106e+01   0.0000e+00   3.9040e-02   3.0828e+02
20260818_18:00:00   3.7736e-01   9.2063e+01   4.0531e+01   0.0000e+00   1.1701e-01   3.0540e+02
20260818_21:00:00   4.5019e-01   1.0510e+02   4.6555e+01   1.7270e-02   7.9292e-01   3.0811e+02
20260819_00:00:00   6.2971e-01   1.3337e+02   4.7825e+01   2.0865e-01   6.4554e-01   3.1036e+02
20260819_03:00:00   5.7316e-01   1.2564e+02   4.9844e+01   1.2119e-01   1.0092e+00   3.0682e+02
20260819_06:00:00   9.7357e-01   1.7507e+02   5.1573e+01   5.4819e-01   1.6948e+00   3.0592e+02
20260819_09:00:00   5.3842e-01   1.2029e+02   5.1454e+01   3.9362e-02   9.2011e-02   3.0646e+02
20260819_12:00:00   6.4570e-01   1.3679e+02   5.2515e+01   1.5674e-01   2.0838e-01   3.1112e+02
20260819_15:00:00   5.8483e-01   1.2839e+02   5.1710e+01   1.0477e-01   4.2223e-01   3.1573e+02
20260819_18:00:00   1.3706e+00   2.0968e+02   5.4412e+01   9.5096e-01   8.5663e-01   3.0966e+02
20260819_21:00:00   5.2081e-01   1.1814e+02   4.9586e+01   3.1964e-02   5.2020e-07   3.1239e+02
20260820_00:00:00   4.7293e-01   1.1007e+02   4.6798e+01   4.8546e-03   0.0000e+00   3.0801e+02
20260820_03:00:00   4.4274e-01   1.0466e+02   4.3527e+01   2.8718e-03   0.0000e+00   3.1410e+02
20260820_06:00:00   4.4497e-01   1.0503e+02   4.3266e+01   2.8340e-06   0.0000e+00   3.1933e+02
20260820_09:00:00   4.1712e-01   9.9974e+01   3.9509e+01   6.7047e-03   5.2579e-03   3.1405e+02
20260820_12:00:00   5.3659e-01   1.2152e+02   3.8429e+01   1.7955e-01   2.9726e-03   3.1330e+02
20260820_15:00:00   4.1907e-01   1.0057e+02   3.6440e+01   4.8350e-02   3.0139e-02   3.1560e+02
20260820_18:00:00   6.2271e-01   1.3471e+02   4.9182e+01   1.8592e-01   3.1728e-01   3.0907e+02
20260820_21:00:00   5.4042e-01   1.2072e+02   5.1536e+01   6.2636e-02   4.3147e-01   3.0868e+02
20260821_00:00:00   7.0324e-01   1.4508e+02   5.4644e+01   1.9127e-01   1.9602e-01   3.0783e+02
20260821_03:00:00   4.9061e-01   1.1319e+02   5.0503e+01   0.0000e+00   6.7232e-03   3.0572e+02
20260821_06:00:00   6.0682e-01   1.3145e+02   5.3646e+01   1.0043e-01   1.0551e-02   3.0532e+02
20260821_09:00:00   4.9233e-01   1.1317e+02   5.1169e+01   9.3679e-03   1.4478e-02   3.0360e+02
20260821_12:00:00   5.7043e-01   1.2567e+02   5.3404e+01   6.3941e-02   6.4528e-02   3.0495e+02
20260821_15:00:00   4.5601e-01   1.0731e+02   4.6971e+01   3.0300e-04   2.8443e-03   3.0519e+02
20260821_18:00:00   4.6162e-01   1.0843e+02   4.6463e+01   1.0050e-02   3.3565e-03   3.0638e+02
20260821_21:00:00   4.6232e-01   1.0836e+02   4.8617e+01   1.0832e-03   2.9538e-02   3.0593e+02
20260822_00:00:00   5.9419e-01   1.2841e+02   4.8494e+01   1.6642e-01   1.0682e-01   3.0765e+02
20260822_03:00:00   7.1210e-01   1.4529e+02   4.9677e+01   2.8446e-01   2.2174e-02   3.0560e+02
20260822_06:00:00   3.9407e-01   9.5085e+01   4.2458e+01   0.0000e+00   8.4071e-03   3.0876e+02
20260822_09:00:00   6.3204e-01   1.3315e+02   4.0325e+01   2.9120e-01   3.3068e-03   3.1075e+02
20260822_12:00:00   3.6226e-01   8.8735e+01   3.7851e+01   1.3370e-02   3.1500e-03   3.0936e+02
20260822_15:00:00   3.3111e-01   8.2737e+01   3.4748e+01   1.7249e-03   7.4302e-04   3.0690e+02
20260822_18:00:00   3.3036e-01   8.2838e+01   3.3989e+01   1.6714e-03   1.4098e-05   3.0529e+02
20260822_21:00:00   3.0978e-01   7.8836e+01   3.1133e+01   0.0000e+00   0.0000e+00   3.0514e+02
20260823_00:00:00   2.7165e-01   7.0476e+01   2.7536e+01   0.0000e+00   0.0000e+00   3.0336e+02
20260823_03:00:00   2.4357e-01   6.4173e+01   2.4265e+01   0.0000e+00   0.0000e+00   3.0266e+02
20260823_06:00:00   2.3117e-01   6.1262e+01   2.2697e+01   0.0000e+00   0.0000e+00   2.9953e+02
20260823_09:00:00   2.3674e-01   6.2337e+01   2.2819e+01   0.0000e+00   0.0000e+00   2.9681e+02
20260823_12:00:00   2.4061e-01   6.3088e+01   2.2614e+01   0.0000e+00   0.0000e+00   2.9330e+02
20260823_15:00:00   2.4372e-01   6.3755e+01   2.2941e+01   0.0000e+00   0.0000e+00   2.9390e+02
20260823_18:00:00   2.5063e-01   6.5536e+01   2.3626e+01   0.0000e+00   0.0000e+00   2.9321e+02
20260823_21:00:00   2.6356e-01   6.8679e+01   2.4939e+01   0.0000e+00   0.0000e+00   2.9403e+02
20260824_00:00:00   2.7430e-01   7.1143e+01   2.6636e+01   0.0000e+00   0.0000e+00   2.9367e+02
20260824_03:00:00   3.0488e-01   7.7618e+01   3.0525e+01   0.0000e+00   0.0000e+00   2.9358e+02
20260824_06:00:00   3.2616e-01   8.2068e+01   3.2722e+01   0.0000e+00   0.0000e+00   2.9271e+02
20260824_09:00:00   3.5652e-01   8.8207e+01   3.6809e+01   0.0000e+00   0.0000e+00   2.9184e+02
20260824_12:00:00   3.9065e-01   9.4909e+01   4.0624e+01   0.0000e+00   6.5540e-05   2.9141e+02
20260824_15:00:00   3.8413e-01   9.3830e+01   4.0548e+01   0.0000e+00   0.0000e+00   2.9219e+02
20260824_18:00:00   3.9276e-01   9.5920e+01   4.1495e+01   0.0000e+00   9.6700e-05   2.9224e+02
20260824_21:00:00   3.9563e-01   9.6768e+01   4.2241e+01   0.0000e+00   6.9177e-04   2.9533e+02
20260825_00:00:00   4.0379e-01   9.8524e+01   4.2662e+01   0.0000e+00   2.0562e-04   2.9648e+02
20260825_03:00:00   3.6838e-01   9.1882e+01   3.8345e+01   0.0000e+00   0.0000e+00   2.9928e+02
20260825_06:00:00   4.0781e-01   9.9106e+01   4.1682e+01   0.0000e+00   0.0000e+00   3.0049e+02
20260825_09:00:00   3.7155e-01   9.1840e+01   3.6335e+01   0.0000e+00   1.3108e-05   3.0032e+02
20260825_12:00:00   2.5027e-01   6.5747e+01   2.5126e+01   0.0000e+00   0.0000e+00   3.0830e+02
20260825_15:00:00   1.9851e-01   5.3871e+01   1.7995e+01   0.0000e+00   0.0000e+00   3.1978e+02
20260825_18:00:00   2.0742e-01   5.5955e+01   1.7591e+01   0.0000e+00   0.0000e+00   3.1550e+02
20260825_21:00:00   2.0306e-01   5.4973e+01   1.7046e+01   0.0000e+00   0.0000e+00   3.1618e+02
20260826_00:00:00   2.0201e-01   5.4667e+01   1.6995e+01   0.0000e+00   0.0000e+00   3.1890e+02
20260826_03:00:00   2.1657e-01   5.7885e+01   1.8962e+01   0.0000e+00   0.0000e+00   3.2294e+02
20260826_06:00:00   2.2635e-01   6.0013e+01   1.9830e+01   0.0000e+00   0.0000e+00   3.1864e+02
20260826_09:00:00   2.4181e-01   6.3390e+01   2.1158e+01   0.0000e+00   0.0000e+00   3.1360e+02
20260826_12:00:00   2.5673e-01   6.6615e+01   2.2200e+01   0.0000e+00   0.0000e+00   3.1227e+02
20260826_15:00:00   2.5973e-01   6.7290e+01   2.2703e+01   0.0000e+00   0.0000e+00   3.0780e+02
20260826_18:00:00   2.5774e-01   6.7078e+01   2.3009e+01   5.1240e-05   0.0000e+00   3.0437e+02
20260826_21:00:00   2.6145e-01   6.8020e+01   2.3384e+01   5.9935e-04   0.0000e+00   3.0206e+02
20260827_00:00:00   2.4161e-01   6.3727e+01   2.1342e+01   0.0000e+00   0.0000e+00   3.0170e+02
20260827_03:00:00   2.3597e-01   6.2390e+01   2.0603e+01   0.0000e+00   0.0000e+00   3.0462e+02
20260827_06:00:00   2.3749e-01   6.2597e+01   2.1064e+01   0.0000e+00   0.0000e+00   3.0285e+02
20260827_09:00:00   2.3044e-01   6.0900e+01   2.0671e+01   0.0000e+00   0.0000e+00   3.0312e+02
20260827_12:00:00   2.3442e-01   6.1623e+01   2.1340e+01   0.0000e+00   0.0000e+00   3.0521e+02
20260827_15:00:00   2.3278e-01   6.1288e+01   2.1359e+01   0.0000e+00   0.0000e+00   2.9954e+02
20260827_18:00:00   2.4230e-01   6.3651e+01   2.2438e+01   0.0000e+00   0.0000e+00   3.0060e+02
20260827_21:00:00   2.3803e-01   6.2972e+01   2.1449e+01   0.0000e+00   0.0000e+00   3.0132e+02
20260828_00:00:00   2.1741e-01   5.8327e+01   1.9353e+01   0.0000e+00   0.0000e+00   3.0481e+02
20260828_03:00:00   1.8774e-01   5.1290e+01   1.6669e+01   0.0000e+00   0.0000e+00   3.0332e+02
20260828_06:00:00   1.8665e-01   5.0975e+01   1.6399e+01   0.0000e+00   0.0000e+00   3.0202e+02
20260828_09:00:00   1.9969e-01   5.4035e+01   1.7332e+01   0.0000e+00   0.0000e+00   3.0180e+02
20260828_12:00:00   2.0168e-01   5.4474e+01   1.7437e+01   0.0000e+00   0.0000e+00   2.9899e+02
20260828_15:00:00   2.1169e-01   5.6930e+01   1.8343e+01   0.0000e+00   0.0000e+00   3.0133e+02
20260828_18:00:00   2.1735e-01   5.8549e+01   1.9014e+01   0.0000e+00   0.0000e+00   3.0155e+02
20260828_21:00:00   2.2402e-01   6.0287e+01   1.9885e+01   0.0000e+00   0.0000e+00   2.9990e+02
20260829_00:00:00   2.0971e-01   5.6978e+01   1.8816e+01   0.0000e+00   0.0000e+00   3.0055e+02
