#            date       tau255        Tb[K]      pwv[mm] lwp[kg*m^-2] iwp[kg*m^-2]       o3[DU]
20260728_12:00:00   3.7522e-01   9.1992e+01   4.0051e+01   0.0000e+00   2.2680e-05   3.0979e+02
20260728_13:00:00   3.7342e-01   9.1491e+01   3.9876e+01   1.3902e-04   5.3020e-05   3.0989e+02
20260728_14:00:00   3.5595e-01   8.8137e+01   3.7939e+01   1.1902e-04   2.2564e-04   3.1016e+02
20260728_15:00:00   3.5890e-01   8.8666e+01   3.8479e+01   9.7660e-05   1.7304e-03   3.1030e+02
20260728_16:00:00   3.6023e-01   8.8947e+01   3.8560e+01   0.0000e+00   4.1007e-03   3.0935e+02
20260728_17:00:00   3.4317e-01   8.5586e+01   3.6997e+01   0.0000e+00   1.9321e-02   3.0892e+02
20260728_18:00:00   3.3345e-01   8.3603e+01   3.6297e+01   0.0000e+00   1.9796e-02   3.0864e+02
20260728_19:00:00   3.2723e-01   8.2207e+01   3.6127e+01   0.0000e+00   7.1588e-02   3.0844e+02
20260728_20:00:00   3.4202e-01   8.5080e+01   3.8119e+01   0.0000e+00   3.7512e-02   3.0735e+02
20260728_21:00:00   3.7603e-01   9.1643e+01   4.1014e+01   6.8163e-03   1.8938e-01   3.0701e+02
20260728_22:00:00   4.5664e-01   1.0584e+02   4.1914e+01   9.2540e-02   3.7667e-01   3.0724e+02
20260728_23:00:00   6.0596e-01   1.2970e+02   4.2422e+01   2.5956e-01   4.4890e-01   3.0975e+02
20260729_00:00:00   3.7714e-01   9.1887e+01   4.1924e+01   4.5182e-03   1.8855e-01   3.1075e+02
20260729_01:00:00   3.3910e-01   8.4473e+01   3.7872e+01   2.4360e-04   1.2083e-03   3.1078e+02
20260729_02:00:00   3.2268e-01   8.1314e+01   3.5140e+01   0.0000e+00   0.0000e+00   3.1026e+02
20260729_03:00:00   3.2852e-01   8.2490e+01   3.5566e+01   0.0000e+00   0.0000e+00   3.1078e+02
20260729_04:00:00   3.3538e-01   8.3878e+01   3.5865e+01   0.0000e+00   0.0000e+00   3.0982e+02
20260729_05:00:00   3.1286e-01   7.9285e+01   3.3011e+01   0.0000e+00   0.0000e+00   3.0877e+02
20260729_06:00:00   2.9820e-01   7.6197e+01   3.1130e+01   5.2020e-07   0.0000e+00   3.0817e+02
20260729_07:00:00   3.0471e-01   7.7575e+01   3.1608e+01   1.4572e-03   1.5826e-05   3.0761e+02
20260729_08:00:00   3.2155e-01   8.1041e+01   3.3353e+01   0.0000e+00   1.5730e-05   3.1127e+02
20260729_09:00:00   3.1413e-01   7.9485e+01   3.1971e+01   3.4380e-03   2.2140e-05   3.1408e+02
20260729_10:00:00   3.1091e-01   7.8838e+01   3.1830e+01   0.0000e+00   0.0000e+00   3.1198e+02
20260729_11:00:00   3.1131e-01   7.8894e+01   3.1694e+01   0.0000e+00   0.0000e+00   3.1364e+02
20260729_12:00:00   3.0773e-01   7.8159e+01   3.1344e+01   0.0000e+00   0.0000e+00   3.1447e+02
20260729_13:00:00   2.9987e-01   7.6549e+01   3.0442e+01   0.0000e+00   0.0000e+00   3.1394e+02
20260729_14:00:00   2.8954e-01   7.4499e+01   2.8672e+01   0.0000e+00   0.0000e+00   3.1278e+02
20260729_15:00:00   3.0541e-01   7.7836e+01   3.0236e+01   0.0000e+00   0.0000e+00   3.1205e+02
20260729_16:00:00   3.1249e-01   7.9392e+01   3.1047e+01   0.0000e+00   0.0000e+00   3.1296e+02
20260729_17:00:00   3.1897e-01   8.0837e+01   3.1682e+01   0.0000e+00   0.0000e+00   3.1286e+02
20260729_18:00:00   3.2686e-01   8.2597e+01   3.2375e+01   0.0000e+00   0.0000e+00   3.1257e+02
20260729_19:00:00   3.2456e-01   8.2243e+01   3.2214e+01   0.0000e+00   0.0000e+00   3.1147e+02
20260729_20:00:00   3.2102e-01   8.1575e+01   3.2135e+01   0.0000e+00   0.0000e+00   3.1175e+02
20260729_21:00:00   3.2804e-01   8.3005e+01   3.3249e+01   0.0000e+00   0.0000e+00   3.1180e+02
20260729_22:00:00   3.3841e-01   8.5063e+01   3.4971e+01   0.0000e+00   0.0000e+00   3.1081e+02
20260729_23:00:00   3.3895e-01   8.5232e+01   3.5000e+01   0.0000e+00   0.0000e+00   3.1170e+02
20260730_00:00:00   3.3303e-01   8.4009e+01   3.4409e+01   0.0000e+00   0.0000e+00   3.1175e+02
20260730_01:00:00   3.1716e-01   8.0774e+01   3.2766e+01   0.0000e+00   0.0000e+00   3.1263e+02
20260730_02:00:00   3.0644e-01   7.8540e+01   3.1405e+01   0.0000e+00   0.0000e+00   3.1357e+02
20260730_03:00:00   3.0988e-01   7.9178e+01   3.1864e+01   0.0000e+00   0.0000e+00   3.1447e+02
20260730_04:00:00   3.0591e-01   7.8270e+01   3.1585e+01   0.0000e+00   0.0000e+00   3.1572e+02
20260730_05:00:00   3.0289e-01   7.7538e+01   3.1356e+01   0.0000e+00   0.0000e+00   3.1423e+02
20260730_06:00:00   2.8426e-01   7.3586e+01   2.9450e+01   0.0000e+00   0.0000e+00   3.1328e+02
20260730_07:00:00   2.7650e-01   7.1876e+01   2.8614e+01   0.0000e+00   0.0000e+00   3.1267e+02
20260730_08:00:00   2.8561e-01   7.3759e+01   2.9368e+01   0.0000e+00   5.7940e-06   3.1546e+02
20260730_09:00:00   2.9624e-01   7.5939e+01   3.0619e+01   0.0000e+00   9.6680e-04   3.1599e+02
20260730_10:00:00   2.9889e-01   7.6461e+01   3.0954e+01   0.0000e+00   1.5526e-04   3.1394e+02
20260730_11:00:00   2.9409e-01   7.5458e+01   3.0446e+01   0.0000e+00   2.7877e-05   3.1332e+02
20260730_12:00:00   2.9589e-01   7.5831e+01   3.0402e+01   0.0000e+00   3.4740e-05   3.1395e+02
20260730_13:00:00   2.9998e-01   7.6695e+01   3.0510e+01   0.0000e+00   2.1699e-03   3.1546e+02
20260730_14:00:00   3.0038e-01   7.6807e+01   3.0469e+01   0.0000e+00   5.5319e-04   3.1582e+02
20260730_15:00:00   3.0725e-01   7.8267e+01   3.1145e+01   0.0000e+00   1.2958e-03   3.1543e+02
20260730_16:00:00   3.0860e-01   7.8616e+01   3.1413e+01   0.0000e+00   2.3441e-03   3.1667e+02
20260730_17:00:00   3.0480e-01   7.7895e+01   3.1301e+01   0.0000e+00   5.2336e-03   3.1647e+02
20260730_18:00:00   3.1256e-01   7.9548e+01   3.2304e+01   0.0000e+00   1.3711e-03   3.1651e+02
20260730_19:00:00   3.0971e-01   7.9029e+01   3.2264e+01   0.0000e+00   7.5859e-03   3.1589e+02
20260730_20:00:00   3.1329e-01   7.9760e+01   3.3004e+01   0.0000e+00   1.6093e-01   3.1593e+02
20260730_21:00:00   3.1794e-01   8.0617e+01   3.4359e+01   0.0000e+00   1.7324e-01   3.1556e+02
20260730_22:00:00   3.2079e-01   8.1242e+01   3.4926e+01   0.0000e+00   7.2775e-02   3.1417e+02
20260730_23:00:00   3.2321e-01   8.1751e+01   3.5502e+01   0.0000e+00   7.3153e-02   3.1276e+02
20260731_00:00:00   3.2384e-01   8.1726e+01   3.6121e+01   0.0000e+00   2.1766e-01   3.1443e+02
20260731_01:00:00   3.2383e-01   8.1643e+01   3.6486e+01   0.0000e+00   1.4441e-01   3.1305e+02
20260731_02:00:00   3.3457e-01   8.3716e+01   3.7994e+01   7.5300e-06   5.8680e-02   3.1445e+02
20260731_03:00:00   3.5948e-01   8.8505e+01   4.1095e+01   1.7565e-03   7.4377e-03   3.1426e+02
20260731_04:00:00   5.5553e-01   1.2195e+02   4.2888e+01   2.0757e-01   1.2533e-02   3.1408e+02
20260731_05:00:00   3.6556e-01   8.9253e+01   4.2030e+01   3.8386e-03   1.2643e-01   3.1430e+02
20260731_06:00:00   3.6934e-01   8.9881e+01   4.2599e+01   1.3444e-03   3.6772e-01   3.1435e+02
20260731_07:00:00   4.0082e-01   9.5759e+01   4.5050e+01   9.8471e-03   4.7787e-01   3.1124e+02
20260731_08:00:00   1.5796e+00   2.2263e+02   4.7479e+01   1.3291e+00   8.9059e-01   3.1138e+02
20260731_09:00:00   9.8507e-01   1.7709e+02   5.1778e+01   5.8588e-01   8.0508e-01   3.0866e+02
20260731_10:00:00   1.4105e+00   2.1389e+02   5.5320e+01   1.0375e+00   4.6025e-01   3.0515e+02
20260731_11:00:00   1.1344e+00   1.9153e+02   5.4746e+01   7.1492e-01   6.7730e-01   3.0668e+02
20260731_12:00:00   1.3937e+00   2.1445e+02   5.2895e+01   1.0748e+00   1.3657e-02   3.0838e+02
20260731_13:00:00   1.4586e+00   2.1846e+02   5.0546e+01   1.1501e+00   2.6289e-03   3.1114e+02
20260731_14:00:00   1.3584e+00   2.1232e+02   5.0259e+01   1.0399e+00   1.9318e-04   3.1328e+02
20260731_15:00:00   9.4463e-01   1.7532e+02   4.9365e+01   5.5957e-01   3.8922e-04   3.1455e+02
20260731_16:00:00   8.7248e-01   1.6755e+02   4.9296e+01   4.8195e-01   0.0000e+00   3.1378e+02
20260731_17:00:00   1.0594e+00   1.8824e+02   4.8778e+01   7.2130e-01   0.0000e+00   3.1707e+02
20260731_18:00:00   9.9509e-01   1.8171e+02   4.9111e+01   6.3377e-01   9.6040e-05   3.1918e+02
20260731_19:00:00   1.4840e+00   2.2222e+02   4.9163e+01   1.2241e+00   3.2454e-03   3.1917e+02
20260731_20:00:00   1.3086e+00   2.0937e+02   5.0287e+01   9.8001e-01   0.0000e+00   3.1916e+02
20260731_21:00:00   1.3140e+00   2.1004e+02   4.9806e+01   9.8807e-01   1.0767e-03   3.2227e+02
20260731_22:00:00   1.3693e+00   2.1476e+02   5.1843e+01   1.0561e+00   4.0521e-02   3.2049e+02
20260731_23:00:00   1.2054e+00   2.0102e+02   5.3014e+01   8.2869e-01   5.6563e-02   3.2125e+02
20260801_00:00:00   1.1409e+00   1.9684e+02   4.8645e+01   8.3838e-01   2.6740e-04   3.2462e+02
20260801_01:00:00   8.4054e-01   1.6429e+02   4.2105e+01   5.2797e-01   1.2320e-06   3.2450e+02
20260801_02:00:00   6.6014e-01   1.3964e+02   3.7973e+01   3.4821e-01   3.7920e-05   3.2556e+02
20260801_03:00:00   6.7827e-01   1.4208e+02   3.6507e+01   3.8813e-01   1.2320e-06   3.2665e+02
20260801_04:00:00   6.2391e-01   1.3402e+02   3.6113e+01   3.2949e-01   1.2509e-04   3.2636e+02
20260801_05:00:00   3.5865e-01   8.7684e+01   3.4344e+01   1.8585e-02   3.6960e-06   3.2977e+02
20260801_06:00:00   4.0271e-01   9.6294e+01   3.3425e+01   7.8644e-02   2.4640e-06   3.2889e+02
20260801_07:00:00   4.0520e-01   9.6670e+01   3.3491e+01   7.7716e-02   0.0000e+00   3.2639e+02
20260801_08:00:00   4.5017e-01   1.0503e+02   3.3000e+01   1.3560e-01   0.0000e+00   3.2697e+02
20260801_09:00:00   3.8654e-01   9.3145e+01   3.2131e+01   6.6897e-02   4.3120e-06   3.2856e+02
20260801_10:00:00   3.5098e-01   8.6060e+01   3.1614e+01   2.2054e-02   2.7104e-05   3.2986e+02
20260801_11:00:00   3.2977e-01   8.1738e+01   3.0976e+01   2.7633e-04   4.3460e-05   3.2966e+02
20260801_12:00:00   3.2813e-01   8.1425e+01   3.0764e+01   0.0000e+00   1.5572e-05   3.3126e+02
20260801_13:00:00   3.2802e-01   8.1415e+01   3.0647e+01   0.0000e+00   0.0000e+00   3.3220e+02
20260801_14:00:00   3.2264e-01   8.0408e+01   2.9946e+01   0.0000e+00   0.0000e+00   3.3323e+02
20260801_15:00:00   3.2205e-01   8.0412e+01   2.9789e+01   0.0000e+00   0.0000e+00   3.3478e+02
20260801_16:00:00   3.2577e-01   8.1295e+01   2.9778e+01   1.3480e-03   0.0000e+00   3.2793e+02
20260801_17:00:00   3.2896e-01   8.2115e+01   3.0186e+01   3.1370e-03   0.0000e+00   3.2919e+02
20260801_18:00:00   3.5853e-01   8.8212e+01   3.0235e+01   3.9471e-02   0.0000e+00   3.3047e+02
20260801_19:00:00   4.1140e-01   9.8538e+01   3.0548e+01   1.0192e-01   0.0000e+00   3.3143e+02
20260801_20:00:00   4.4821e-01   1.0549e+02   3.0182e+01   1.5360e-01   0.0000e+00   3.3195e+02
20260801_21:00:00   5.2838e-01   1.1974e+02   2.9475e+01   2.6540e-01   0.0000e+00   3.3151e+02
20260801_22:00:00   4.7009e-01   1.0970e+02   2.8881e+01   1.9876e-01   0.0000e+00   3.3176e+02
20260801_23:00:00   3.0579e-01   7.7799e+01   2.8041e+01   2.1880e-03   0.0000e+00   3.2871e+02
20260802_00:00:00   3.0070e-01   7.6766e+01   2.7923e+01   0.0000e+00   0.0000e+00   3.2751e+02
20260802_01:00:00   3.0198e-01   7.6932e+01   2.8851e+01   0.0000e+00   0.0000e+00   3.2736e+02
20260802_02:00:00   3.0291e-01   7.7029e+01   2.9368e+01   0.0000e+00   0.0000e+00   3.2705e+02
20260802_03:00:00   3.1260e-01   7.9023e+01   3.0221e+01   0.0000e+00   0.0000e+00   3.2769e+02
20260802_04:00:00   3.0848e-01   7.8201e+01   2.9520e+01   0.0000e+00   0.0000e+00   3.2848e+02
20260802_05:00:00   3.0574e-01   7.7620e+01   2.9193e+01   0.0000e+00   0.0000e+00   3.2739e+02
20260802_06:00:00   3.0646e-01   7.7741e+01   2.9093e+01   0.0000e+00   0.0000e+00   3.2603e+02
20260802_07:00:00   2.9531e-01   7.5400e+01   2.7879e+01   0.0000e+00   0.0000e+00   3.2836e+02
20260802_08:00:00   2.8991e-01   7.4260e+01   2.7387e+01   0.0000e+00   0.0000e+00   3.2801e+02
20260802_09:00:00   2.8614e-01   7.3404e+01   2.7244e+01   0.0000e+00   0.0000e+00   3.2738e+02
20260802_10:00:00   2.7548e-01   7.1087e+01   2.6497e+01   0.0000e+00   0.0000e+00   3.2631e+02
20260802_11:00:00   2.6678e-01   6.9178e+01   2.5699e+01   0.0000e+00   0.0000e+00   3.2505e+02
20260802_12:00:00   2.7401e-01   7.0675e+01   2.6309e+01   0.0000e+00   0.0000e+00   3.2522e+02
20260802_15:00:00   2.8914e-01   7.3997e+01   2.7704e+01   0.0000e+00   0.0000e+00   3.1914e+02
20260802_18:00:00   3.1284e-01   7.9305e+01   3.0122e+01   3.0800e-04   0.0000e+00   3.1990e+02
20260802_21:00:00   3.1225e-01   7.9461e+01   3.0721e+01   0.0000e+00   0.0000e+00   3.2262e+02
20260803_00:00:00   3.1985e-01   8.1046e+01   3.2275e+01   0.0000e+00   0.0000e+00   3.2033e+02
20260803_03:00:00   3.0998e-01   7.8872e+01   3.1374e+01   0.0000e+00   0.0000e+00   3.1319e+02
20260803_06:00:00   2.8234e-01   7.2868e+01   2.8631e+01   0.0000e+00   0.0000e+00   3.1040e+02
20260803_09:00:00   2.8066e-01   7.2452e+01   2.8041e+01   0.0000e+00   0.0000e+00   3.0689e+02
20260803_12:00:00   2.6325e-01   6.8488e+01   2.6407e+01   0.0000e+00   0.0000e+00   3.0702e+02
20260803_15:00:00   2.5975e-01   6.7804e+01   2.5938e+01   0.0000e+00   3.2540e-05   3.0566e+02
20260803_18:00:00   2.7265e-01   7.0943e+01   2.6998e+01   0.0000e+00   1.3108e-05   3.0656e+02
20260803_21:00:00   2.6515e-01   6.9619e+01   2.6169e+01   0.0000e+00   0.0000e+00   3.0649e+02
20260804_00:00:00   2.6779e-01   7.0390e+01   2.5888e+01   0.0000e+00   0.0000e+00   3.0803e+02
20260804_03:00:00   2.5801e-01   6.8131e+01   2.4168e+01   0.0000e+00   0.0000e+00   3.0677e+02
20260804_06:00:00   2.2249e-01   5.9907e+01   2.0409e+01   0.0000e+00   0.0000e+00   3.0599e+02
20260804_09:00:00   2.2914e-01   6.1357e+01   2.0767e+01   0.0000e+00   0.0000e+00   3.0688e+02
20260804_12:00:00   2.5665e-01   6.7499e+01   2.3429e+01   0.0000e+00   0.0000e+00   3.0630e+02
20260804_15:00:00   2.8894e-01   7.4692e+01   2.7420e+01   0.0000e+00   0.0000e+00   3.0655e+02
20260804_18:00:00   3.2008e-01   8.1489e+01   3.1407e+01   0.0000e+00   0.0000e+00   3.0511e+02
20260804_21:00:00   3.1261e-01   8.0005e+01   3.2049e+01   0.0000e+00   0.0000e+00   3.0598e+02
20260805_00:00:00   3.5050e-01   8.7699e+01   3.6617e+01   0.0000e+00   0.0000e+00   3.0593e+02
20260805_03:00:00   3.5784e-01   8.9244e+01   3.7594e+01   0.0000e+00   5.3819e-03   3.0680e+02
20260805_06:00:00   3.5405e-01   8.8392e+01   3.7146e+01   0.0000e+00   7.1190e-04   3.0684e+02
20260805_09:00:00   5.5812e-01   1.2349e+02   4.5543e+01   1.4504e-01   1.8753e-02   3.1029e+02
20260805_12:00:00   6.1387e-01   1.3176e+02   4.4150e+01   2.2154e-01   1.6058e-02   3.1026e+02
20260805_15:00:00   4.4678e-01   1.0563e+02   4.5646e+01   0.0000e+00   1.7248e-06   3.1000e+02
20260805_18:00:00   4.6665e-01   1.0952e+02   4.7869e+01   1.8438e-04   2.0942e-02   3.1003e+02
20260805_21:00:00   4.6167e-01   1.0866e+02   4.8281e+01   2.5709e-03   4.3901e-02   3.1103e+02
20260806_00:00:00   5.7559e-01   1.2686e+02   4.9370e+01   1.2203e-01   2.9702e-02   3.1101e+02
20260806_03:00:00   6.3243e-01   1.3390e+02   4.9605e+01   1.8544e-01   1.9424e-01   3.1281e+02
20260806_06:00:00   1.0498e+00   1.8298e+02   4.7672e+01   6.8235e-01   2.3165e-01   3.1940e+02
20260806_09:00:00   3.9215e-01   9.4891e+01   4.1291e+01   6.1340e-04   4.4180e-02   3.2519e+02
20260806_12:00:00   3.7940e-01   9.2577e+01   3.8211e+01   0.0000e+00   1.4852e-03   3.3442e+02
20260806_15:00:00   3.6006e-01   8.8947e+01   3.6343e+01   0.0000e+00   4.3979e-04   3.3398e+02
20260806_18:00:00   3.8432e-01   9.4215e+01   3.7707e+01   0.0000e+00   7.2761e-04   3.3536e+02
20260806_21:00:00   3.6894e-01   9.1468e+01   3.5950e+01   0.0000e+00   0.0000e+00   3.4588e+02
20260807_00:00:00   3.6235e-01   9.0056e+01   3.4085e+01   0.0000e+00   0.0000e+00   3.3304e+02
20260807_03:00:00   2.9315e-01   7.5159e+01   2.8424e+01   0.0000e+00   0.0000e+00   3.2010e+02
20260807_06:00:00   2.1903e-01   5.8432e+01   2.1626e+01   0.0000e+00   0.0000e+00   3.1588e+02
20260807_09:00:00   2.1556e-01   5.7375e+01   2.1827e+01   0.0000e+00   0.0000e+00   3.1352e+02
20260807_12:00:00   2.2560e-01   5.9323e+01   2.3333e+01   0.0000e+00   5.8634e-05   3.1333e+02
20260807_15:00:00   2.7143e-01   6.8944e+01   2.9899e+01   2.8620e-03   4.6754e-02   3.1570e+02
20260807_18:00:00   2.9252e-01   7.3938e+01   3.1544e+01   0.0000e+00   0.0000e+00   3.1655e+02
20260807_21:00:00   3.0540e-01   7.7063e+01   3.2619e+01   0.0000e+00   2.0920e-05   3.1438e+02
20260808_00:00:00   3.0818e-01   7.7824e+01   3.3137e+01   0.0000e+00   0.0000e+00   3.1600e+02
20260808_03:00:00   3.3680e-01   8.3588e+01   3.6938e+01   0.0000e+00   7.2291e-05   3.1405e+02
20260808_06:00:00   3.7135e-01   9.0388e+01   4.0274e+01   0.0000e+00   9.1107e-03   3.1165e+02
20260808_09:00:00   5.1226e-01   1.1497e+02   4.6906e+01   7.4685e-02   7.7818e-01   3.1148e+02
20260808_12:00:00   4.5274e-01   1.0484e+02   4.6518e+01   1.3518e-02   7.4918e-01   3.1118e+02
20260808_15:00:00   7.5016e-01   1.5132e+02   4.9473e+01   3.1716e-01   4.9461e-02   3.1189e+02
20260808_18:00:00   5.8317e-01   1.2866e+02   4.1519e+01   2.2169e-01   1.6230e-05   3.1052e+02
20260808_21:00:00   5.6908e-01   1.2693e+02   4.1057e+01   2.0672e-01   4.6520e-04   3.0885e+02
20260809_00:00:00   4.2434e-01   1.0159e+02   4.0110e+01   4.1670e-02   2.8277e-04   3.1008e+02
20260809_03:00:00   4.7707e-01   1.1049e+02   4.8216e+01   9.3450e-04   2.9468e-01   3.0619e+02
20260809_06:00:00   3.9760e-01   9.6382e+01   4.0141e+01   2.0459e-04   1.8076e-03   3.0983e+02
20260809_09:00:00   4.4174e-01   1.0492e+02   4.0013e+01   5.3833e-02   0.0000e+00   3.0759e+02
20260809_12:00:00   5.2871e-01   1.2067e+02   4.1353e+01   1.4371e-01   0.0000e+00   3.0996e+02
20260809_15:00:00   4.8712e-01   1.1370e+02   4.1780e+01   9.1300e-02   0.0000e+00   3.0927e+02
20260809_18:00:00   4.0300e-01   9.8402e+01   3.9358e+01   1.4240e-02   1.2320e-06   3.0709e+02
20260809_21:00:00   4.1001e-01   1.0017e+02   4.3056e+01   0.0000e+00   7.4560e-06   3.0756e+02
20260810_00:00:00   3.8130e-01   9.5229e+01   4.1546e+01   0.0000e+00   0.0000e+00   3.0624e+02
20260810_03:00:00   3.5375e-01   8.9703e+01   3.9953e+01   0.0000e+00   1.2838e-04   3.0422e+02
20260810_06:00:00   3.2804e-01   8.3942e+01   3.8436e+01   0.0000e+00   4.3124e-04   3.0635e+02
20260810_09:00:00   3.1020e-01   7.9948e+01   3.6963e+01   0.0000e+00   4.3778e-03   3.0617e+02
20260810_12:00:00   2.9755e-01   7.7147e+01   3.5179e+01   0.0000e+00   4.6209e-03   3.1458e+02
20260810_15:00:00   3.0604e-01   7.9207e+01   3.5452e+01   0.0000e+00   7.0100e-07   3.1214e+02
20260810_18:00:00   3.1700e-01   8.2032e+01   3.5860e+01   0.0000e+00   0.0000e+00   3.1068e+02
20260810_21:00:00   3.3471e-01   8.5967e+01   3.8099e+01   0.0000e+00   9.4280e-06   3.0909e+02
20260811_00:00:00   3.4269e-01   8.7527e+01   3.9174e+01   0.0000e+00   4.2300e-03   3.1051e+02
20260811_03:00:00   3.5147e-01   8.8911e+01   3.9873e+01   0.0000e+00   3.8809e-03   3.1049e+02
20260811_06:00:00   3.7390e-01   9.3088e+01   4.1217e+01   1.3394e-03   8.5860e-05   3.1900e+02
20260811_09:00:00   3.3404e-01   8.5134e+01   3.4343e+01   0.0000e+00   5.0183e-03   3.1618e+02
20260811_12:00:00   3.3249e-01   8.4653e+01   3.2793e+01   0.0000e+00   3.4091e-04   3.1627e+02
20260811_15:00:00   3.4483e-01   8.7028e+01   3.4447e+01   0.0000e+00   2.0150e-04   3.1563e+02
20260811_18:00:00   3.6205e-01   9.0456e+01   3.7824e+01   0.0000e+00   5.6882e-02   3.1282e+02
20260811_21:00:00   3.7753e-01   9.3336e+01   4.0695e+01   0.0000e+00   2.7060e-01   3.1285e+02
20260812_00:00:00   4.3658e-01   1.0391e+02   4.5461e+01   1.8124e-02   5.9358e-01   3.1186e+02
20260812_03:00:00   3.3675e-01   8.5010e+01   3.6790e+01   0.0000e+00   3.5605e-04   3.1539e+02
20260812_06:00:00   3.3378e-01   8.4035e+01   3.5871e+01   0.0000e+00   1.2761e-03   3.1706e+02
20260812_09:00:00   3.4080e-01   8.5089e+01   3.6758e+01   0.0000e+00   2.0990e-03   3.1657e+02
20260812_12:00:00   3.6929e-01   9.0421e+01   4.0136e+01   0.0000e+00   1.9648e-04   3.1809e+02
20260812_15:00:00   4.2754e-01   1.0210e+02   4.4002e+01   0.0000e+00   1.6806e-04   3.1988e+02
20260812_18:00:00   4.3359e-01   1.0376e+02   4.4076e+01   0.0000e+00   1.5636e-04   3.2101e+02
20260812_21:00:00   6.4771e-01   1.3988e+02   4.7799e+01   2.2285e-01   5.6340e-04   3.2171e+02
20260813_00:00:00   4.2997e-01   1.0337e+02   4.2412e+01   0.0000e+00   0.0000e+00   3.2242e+02
20260813_03:00:00   4.0677e-01   9.8635e+01   3.8857e+01   4.9864e-03   0.0000e+00   3.2175e+02
20260813_06:00:00   3.3902e-01   8.5148e+01   3.2668e+01   0.0000e+00   0.0000e+00   3.1988e+02
20260813_09:00:00   3.0785e-01   7.8221e+01   2.9982e+01   3.1800e-03   0.0000e+00   3.1823e+02
20260813_12:00:00   2.3351e-01   6.1792e+01   2.3326e+01   0.0000e+00   0.0000e+00   3.1786e+02
