#            date       tau255        Tb[K]      pwv[mm] lwp[kg*m^-2] iwp[kg*m^-2]       o3[DU]
20261001_18:00:00   7.1494e-01   1.4581e+02   4.7188e+01   3.0897e-01   7.4139e-01   2.5233e+02
20261001_19:00:00   5.2264e-01   1.1629e+02   4.4840e+01   1.0646e-01   6.9074e-01   2.5304e+02
20261001_20:00:00   4.7039e-01   1.0724e+02   4.2743e+01   7.1126e-02   5.4341e-01   2.5172e+02
20261001_21:00:00   4.9088e-01   1.1051e+02   4.1727e+01   1.0906e-01   5.4481e-01   2.5132e+02
20261001_22:00:00   6.2082e-01   1.3072e+02   3.9571e+01   2.8437e-01   4.7510e-01   2.5207e+02
20261001_23:00:00   7.2399e-01   1.4457e+02   3.9982e+01   3.8899e-01   5.8098e-01   2.5374e+02
20261002_00:00:00   7.9669e-01   1.5351e+02   3.8672e+01   4.8327e-01   3.5711e-01   2.5480e+02
20261002_01:00:00   3.5005e-01   8.4173e+01   3.5000e+01   2.0329e-02   4.3062e-01   2.5563e+02
20261002_02:00:00   3.0368e-01   7.4771e+01   3.0150e+01   2.3916e-02   4.1807e-01   2.5703e+02
20261002_03:00:00   2.4211e-01   6.1697e+01   2.5451e+01   2.6900e-03   2.0300e-01   2.6041e+02
20261002_04:00:00   1.9090e-01   5.0340e+01   1.9492e+01   0.0000e+00   1.1489e-01   2.6401e+02
20261002_05:00:00   1.6804e-01   4.5045e+01   1.6610e+01   0.0000e+00   8.7523e-02   2.6518e+02
20261002_06:00:00   1.5673e-01   4.2345e+01   1.5038e+01   0.0000e+00   2.5453e-01   2.6691e+02
20261002_07:00:00   1.4226e-01   3.8924e+01   1.2955e+01   0.0000e+00   4.0099e-02   2.6936e+02
20261002_08:00:00   1.3082e-01   3.6141e+01   1.1148e+01   0.0000e+00   1.1688e-01   2.7246e+02
20261002_09:00:00   1.2903e-01   3.5658e+01   1.0850e+01   0.0000e+00   3.0207e-02   2.7325e+02
20261002_10:00:00   1.2976e-01   3.5805e+01   1.0873e+01   0.0000e+00   3.4607e-02   2.7301e+02
20261002_11:00:00   1.2913e-01   3.5675e+01   1.0676e+01   0.0000e+00   5.8327e-04   2.7554e+02
20261002_12:00:00   1.2862e-01   3.5538e+01   1.0466e+01   0.0000e+00   0.0000e+00   2.7681e+02
20261002_13:00:00   1.2658e-01   3.5024e+01   1.0161e+01   0.0000e+00   0.0000e+00   2.7898e+02
20261002_14:00:00   1.2819e-01   3.5399e+01   1.0268e+01   0.0000e+00   0.0000e+00   2.7725e+02
20261002_15:00:00   1.3544e-01   3.7165e+01   1.1172e+01   0.0000e+00   0.0000e+00   2.7609e+02
20261002_16:00:00   1.3447e-01   3.6947e+01   1.0986e+01   0.0000e+00   0.0000e+00   2.7991e+02
20261002_17:00:00   1.3898e-01   3.8065e+01   1.1579e+01   0.0000e+00   0.0000e+00   2.7818e+02
20261002_18:00:00   1.4801e-01   4.0275e+01   1.2690e+01   0.0000e+00   0.0000e+00   2.7531e+02
20261002_19:00:00   1.5221e-01   4.1333e+01   1.3219e+01   0.0000e+00   0.0000e+00   2.7405e+02
20261002_20:00:00   1.5498e-01   4.2036e+01   1.3593e+01   0.0000e+00   0.0000e+00   2.7383e+02
20261002_21:00:00   1.5942e-01   4.3105e+01   1.4212e+01   0.0000e+00   0.0000e+00   2.7422e+02
20261002_22:00:00   1.6265e-01   4.3893e+01   1.4693e+01   0.0000e+00   0.0000e+00   2.7447e+02
20261002_23:00:00   1.6257e-01   4.3874e+01   1.4833e+01   0.0000e+00   0.0000e+00   2.7254e+02
20261003_00:00:00   1.6115e-01   4.3512e+01   1.4716e+01   0.0000e+00   0.0000e+00   2.6986e+02
20261003_01:00:00   1.5967e-01   4.3170e+01   1.4336e+01   0.0000e+00   0.0000e+00   2.6808e+02
20261003_02:00:00   1.5889e-01   4.2988e+01   1.4199e+01   0.0000e+00   0.0000e+00   2.6739e+02
20261003_03:00:00   1.6077e-01   4.3418e+01   1.4395e+01   0.0000e+00   0.0000e+00   2.6756e+02
20261003_04:00:00   1.6435e-01   4.4258e+01   1.4805e+01   0.0000e+00   0.0000e+00   2.6660e+02
20261003_05:00:00   1.6814e-01   4.5140e+01   1.5285e+01   0.0000e+00   0.0000e+00   2.6521e+02
20261003_06:00:00   1.7542e-01   4.6817e+01   1.6181e+01   0.0000e+00   0.0000e+00   2.6437e+02
20261003_07:00:00   1.7802e-01   4.7424e+01   1.6505e+01   0.0000e+00   0.0000e+00   2.6342e+02
20261003_08:00:00   1.7855e-01   4.7566e+01   1.6544e+01   0.0000e+00   0.0000e+00   2.6413e+02
20261003_09:00:00   1.7928e-01   4.7757e+01   1.6639e+01   0.0000e+00   0.0000e+00   2.6366e+02
20261003_10:00:00   1.8101e-01   4.8159e+01   1.6866e+01   0.0000e+00   0.0000e+00   2.6537e+02
20261003_11:00:00   1.8266e-01   4.8519e+01   1.7081e+01   0.0000e+00   0.0000e+00   2.6649e+02
20261003_12:00:00   1.8443e-01   4.8906e+01   1.7312e+01   0.0000e+00   0.0000e+00   2.6748e+02
20261003_13:00:00   1.8518e-01   4.9083e+01   1.7339e+01   0.0000e+00   0.0000e+00   2.7039e+02
20261003_14:00:00   1.8506e-01   4.9068e+01   1.7317e+01   0.0000e+00   0.0000e+00   2.7220e+02
20261003_15:00:00   1.8451e-01   4.9011e+01   1.7302e+01   0.0000e+00   2.2720e-06   2.7308e+02
20261003_16:00:00   1.8357e-01   4.8854e+01   1.7155e+01   0.0000e+00   1.6798e-05   2.7222e+02
20261003_17:00:00   1.8348e-01   4.8928e+01   1.7161e+01   0.0000e+00   2.4580e-05   2.7260e+02
20261003_18:00:00   1.8019e-01   4.8255e+01   1.6872e+01   0.0000e+00   0.0000e+00   2.7260e+02
20261003_19:00:00   1.8027e-01   4.8329e+01   1.6944e+01   0.0000e+00   1.2146e-04   2.7194e+02
20261003_20:00:00   1.8366e-01   4.9159e+01   1.7377e+01   0.0000e+00   0.0000e+00   2.7587e+02
20261003_21:00:00   1.8146e-01   4.8732e+01   1.7077e+01   0.0000e+00   0.0000e+00   2.7941e+02
20261003_22:00:00   1.7651e-01   4.7628e+01   1.6529e+01   0.0000e+00   0.0000e+00   2.8551e+02
20261003_23:00:00   1.7498e-01   4.7261e+01   1.6453e+01   0.0000e+00   0.0000e+00   2.9024e+02
20261004_00:00:00   1.7083e-01   4.6269e+01   1.5908e+01   0.0000e+00   0.0000e+00   2.9151e+02
20261004_01:00:00   1.6980e-01   4.5944e+01   1.5817e+01   0.0000e+00   0.0000e+00   2.9240e+02
20261004_02:00:00   1.6906e-01   4.5756e+01   1.5699e+01   0.0000e+00   0.0000e+00   2.8999e+02
20261004_03:00:00   1.7081e-01   4.6170e+01   1.5993e+01   0.0000e+00   0.0000e+00   2.9099e+02
20261004_04:00:00   1.7832e-01   4.8035e+01   1.6601e+01   0.0000e+00   0.0000e+00   2.8822e+02
20261004_05:00:00   1.9655e-01   5.2340e+01   1.8402e+01   0.0000e+00   0.0000e+00   2.9063e+02
20261004_06:00:00   2.1890e-01   5.7482e+01   2.0402e+01   0.0000e+00   0.0000e+00   2.9145e+02
20261004_07:00:00   2.4072e-01   6.2444e+01   2.2220e+01   0.0000e+00   0.0000e+00   2.9092e+02
20261004_08:00:00   2.5033e-01   6.4595e+01   2.2663e+01   0.0000e+00   0.0000e+00   2.8875e+02
20261004_09:00:00   2.3883e-01   6.2156e+01   2.0904e+01   0.0000e+00   0.0000e+00   2.9028e+02
20261004_10:00:00   2.3757e-01   6.1907e+01   2.0391e+01   0.0000e+00   0.0000e+00   2.9106e+02
20261004_11:00:00   2.3659e-01   6.1700e+01   1.9990e+01   0.0000e+00   0.0000e+00   2.9180e+02
20261004_12:00:00   2.3450e-01   6.1254e+01   1.9555e+01   0.0000e+00   0.0000e+00   2.9516e+02
20261004_13:00:00   2.3313e-01   6.0948e+01   1.9383e+01   0.0000e+00   0.0000e+00   2.9546e+02
20261004_14:00:00   2.3062e-01   6.0351e+01   1.9147e+01   0.0000e+00   0.0000e+00   2.9512e+02
20261004_15:00:00   2.1877e-01   5.7665e+01   1.8227e+01   0.0000e+00   0.0000e+00   2.9370e+02
20261004_16:00:00   2.0538e-01   5.4594e+01   1.7111e+01   0.0000e+00   0.0000e+00   2.9285e+02
20261004_17:00:00   2.0383e-01   5.4233e+01   1.6931e+01   0.0000e+00   0.0000e+00   2.9423e+02
20261004_18:00:00   1.9988e-01   5.3313e+01   1.6499e+01   0.0000e+00   0.0000e+00   2.9767e+02
20261004_19:00:00   1.8438e-01   4.9701e+01   1.5022e+01   0.0000e+00   0.0000e+00   2.9956e+02
20261004_20:00:00   1.7186e-01   4.6749e+01   1.3743e+01   0.0000e+00   0.0000e+00   2.9949e+02
20261004_21:00:00   1.6810e-01   4.5823e+01   1.3458e+01   0.0000e+00   0.0000e+00   2.9712e+02
20261004_22:00:00   1.6110e-01   4.4102e+01   1.2843e+01   0.0000e+00   4.3360e-05   2.9565e+02
20261004_23:00:00   1.5373e-01   4.2265e+01   1.2209e+01   0.0000e+00   3.0942e-04   2.9564e+02
20261005_00:00:00   1.4436e-01   3.9927e+01   1.1291e+01   0.0000e+00   2.4118e-03   2.9589e+02
20261005_01:00:00   1.3707e-01   3.8065e+01   1.0627e+01   0.0000e+00   1.6645e-03   2.9508e+02
20261005_02:00:00   1.3131e-01   3.6636e+01   9.9150e+00   0.0000e+00   1.4148e-03   2.9633e+02
20261005_03:00:00   1.2978e-01   3.6284e+01   9.5824e+00   0.0000e+00   0.0000e+00   2.9649e+02
20261005_04:00:00   1.3084e-01   3.6531e+01   9.6382e+00   0.0000e+00   0.0000e+00   2.9632e+02
20261005_05:00:00   1.3274e-01   3.6973e+01   9.9178e+00   0.0000e+00   0.0000e+00   2.9415e+02
20261005_06:00:00   1.3697e-01   3.7979e+01   1.0384e+01   0.0000e+00   0.0000e+00   2.9216e+02
20261005_07:00:00   1.3929e-01   3.8521e+01   1.0672e+01   0.0000e+00   0.0000e+00   2.9152e+02
20261005_08:00:00   1.4212e-01   3.9170e+01   1.1138e+01   0.0000e+00   0.0000e+00   2.9114e+02
20261005_09:00:00   1.4215e-01   3.9158e+01   1.1202e+01   0.0000e+00   0.0000e+00   2.9020e+02
20261005_10:00:00   1.4340e-01   3.9431e+01   1.1351e+01   0.0000e+00   0.0000e+00   2.8973e+02
20261005_11:00:00   1.4282e-01   3.9267e+01   1.1280e+01   0.0000e+00   0.0000e+00   2.9107e+02
20261005_12:00:00   1.4254e-01   3.9172e+01   1.1273e+01   0.0000e+00   0.0000e+00   2.9173e+02
20261005_13:00:00   1.4399e-01   3.9502e+01   1.1468e+01   0.0000e+00   0.0000e+00   2.9033e+02
20261005_14:00:00   1.4568e-01   3.9904e+01   1.1696e+01   0.0000e+00   0.0000e+00   2.9080e+02
20261005_15:00:00   1.4845e-01   4.0568e+01   1.2082e+01   0.0000e+00   0.0000e+00   2.9290e+02
20261005_16:00:00   1.5141e-01   4.1283e+01   1.2513e+01   0.0000e+00   0.0000e+00   2.9375e+02
20261005_17:00:00   1.5334e-01   4.1777e+01   1.2809e+01   0.0000e+00   0.0000e+00   2.9317e+02
20261005_18:00:00   1.5900e-01   4.3153e+01   1.3462e+01   0.0000e+00   0.0000e+00   2.9312e+02
20261005_19:00:00   1.6168e-01   4.3817e+01   1.3864e+01   0.0000e+00   0.0000e+00   2.9360e+02
20261005_20:00:00   1.6384e-01   4.4371e+01   1.4174e+01   0.0000e+00   0.0000e+00   2.9235e+02
20261005_21:00:00   1.6785e-01   4.5331e+01   1.4719e+01   0.0000e+00   0.0000e+00   2.9035e+02
20261005_22:00:00   1.7117e-01   4.6111e+01   1.5230e+01   0.0000e+00   0.0000e+00   2.9035e+02
20261005_23:00:00   1.7226e-01   4.6365e+01   1.5391e+01   0.0000e+00   0.0000e+00   2.9053e+02
20261006_00:00:00   1.7326e-01   4.6575e+01   1.5579e+01   0.0000e+00   0.0000e+00   2.8920e+02
20261006_01:00:00   1.7507e-01   4.6981e+01   1.5839e+01   0.0000e+00   0.0000e+00   2.8977e+02
20261006_02:00:00   1.7750e-01   4.7521e+01   1.6174e+01   0.0000e+00   0.0000e+00   2.9167e+02
20261006_03:00:00   1.7989e-01   4.8072e+01   1.6449e+01   0.0000e+00   0.0000e+00   2.9248e+02
20261006_04:00:00   1.8034e-01   4.8167e+01   1.6434e+01   0.0000e+00   0.0000e+00   2.9307e+02
20261006_05:00:00   1.8133e-01   4.8389e+01   1.6490e+01   0.0000e+00   0.0000e+00   2.9336e+02
20261006_06:00:00   1.8356e-01   4.8867e+01   1.6812e+01   0.0000e+00   0.0000e+00   2.9156e+02
20261006_07:00:00   1.8287e-01   4.8651e+01   1.6862e+01   0.0000e+00   0.0000e+00   2.8898e+02
20261006_08:00:00   1.8419e-01   4.8942e+01   1.7068e+01   0.0000e+00   0.0000e+00   2.8769e+02
20261006_09:00:00   1.9093e-01   5.0494e+01   1.7830e+01   0.0000e+00   0.0000e+00   2.8775e+02
20261006_10:00:00   1.9541e-01   5.1454e+01   1.8623e+01   0.0000e+00   0.0000e+00   2.8792e+02
20261006_11:00:00   1.9743e-01   5.1865e+01   1.9012e+01   0.0000e+00   0.0000e+00   2.8861e+02
20261006_12:00:00   1.9473e-01   5.1250e+01   1.8676e+01   0.0000e+00   1.4370e-04   2.9144e+02
20261006_13:00:00   1.8936e-01   5.0045e+01   1.8031e+01   0.0000e+00   1.4258e-04   2.9251e+02
20261006_14:00:00   1.8610e-01   4.9329e+01   1.7605e+01   0.0000e+00   1.3248e-04   2.9429e+02
20261006_15:00:00   1.8541e-01   4.9207e+01   1.7671e+01   0.0000e+00   3.8505e-04   2.9560e+02
20261006_16:00:00   1.8557e-01   4.9315e+01   1.7583e+01   0.0000e+00   0.0000e+00   2.9514e+02
20261006_17:00:00   1.8573e-01   4.9435e+01   1.7565e+01   0.0000e+00   0.0000e+00   2.9504e+02
20261006_18:00:00   1.8629e-01   4.9618e+01   1.7730e+01   0.0000e+00   0.0000e+00   2.9331e+02
20261006_21:00:00   1.8651e-01   4.9736e+01   1.8288e+01   0.0000e+00   1.9984e-04   2.9456e+02
20261007_00:00:00   1.8386e-01   4.9200e+01   1.8266e+01   0.0000e+00   7.9500e-06   2.9373e+02
20261007_03:00:00   1.9099e-01   5.0886e+01   1.9397e+01   0.0000e+00   6.5071e-04   2.9423e+02
20261007_06:00:00   2.2203e-01   5.7899e+01   2.3380e+01   0.0000e+00   8.4083e-02   2.8813e+02
20261007_09:00:00   2.6161e-01   6.6633e+01   2.7507e+01   0.0000e+00   4.7831e-02   2.8755e+02
20261007_12:00:00   2.9247e-01   7.3173e+01   3.0600e+01   0.0000e+00   2.9751e-01   2.8603e+02
20261007_15:00:00   3.1153e-01   7.7507e+01   3.1904e+01   0.0000e+00   2.5510e-02   2.8747e+02
20261007_18:00:00   3.1904e-01   7.9468e+01   3.1352e+01   0.0000e+00   5.9591e-04   2.8582e+02
20261007_21:00:00   2.9331e-01   7.4493e+01   2.7233e+01   1.6285e-04   3.8270e-03   2.8735e+02
20261008_00:00:00   2.4980e-01   6.4832e+01   2.4559e+01   0.0000e+00   1.0652e-03   2.8632e+02
20261008_03:00:00   2.3571e-01   6.1614e+01   2.2847e+01   0.0000e+00   3.9599e-03   2.8960e+02
20261008_06:00:00   2.2786e-01   5.9743e+01   2.2045e+01   0.0000e+00   0.0000e+00   2.9012e+02
20261008_09:00:00   2.5895e-01   6.6689e+01   2.4978e+01   0.0000e+00   3.6140e-04   2.8509e+02
20261008_12:00:00   2.6234e-01   6.7443e+01   2.5306e+01   0.0000e+00   2.7383e-03   2.7865e+02
20261008_15:00:00   2.8872e-01   7.3192e+01   2.8283e+01   0.0000e+00   2.1683e-04   2.8182e+02
20261008_18:00:00   3.0140e-01   7.6107e+01   2.9212e+01   1.7012e-03   8.1580e-06   2.8116e+02
20261008_21:00:00   2.7386e-01   7.0209e+01   2.6481e+01   0.0000e+00   3.2446e-04   2.7842e+02
20261009_00:00:00   2.0774e-01   5.4900e+01   2.0125e+01   0.0000e+00   1.9822e-05   2.7350e+02
20261009_03:00:00   1.6064e-01   4.3589e+01   1.4937e+01   0.0000e+00   1.2606e-04   2.6928e+02
20261009_06:00:00   1.4799e-01   4.0413e+01   1.3324e+01   0.0000e+00   1.2030e-04   2.6392e+02
20261009_09:00:00   1.3972e-01   3.8271e+01   1.2408e+01   0.0000e+00   0.0000e+00   2.6051e+02
20261009_12:00:00   1.4625e-01   3.9724e+01   1.3412e+01   0.0000e+00   0.0000e+00   2.6026e+02
20261009_15:00:00   1.5572e-01   4.2038e+01   1.4507e+01   0.0000e+00   0.0000e+00   2.6662e+02
20261009_18:00:00   1.6830e-01   4.5216e+01   1.5872e+01   0.0000e+00   0.0000e+00   2.6774e+02
20261009_21:00:00   1.7266e-01   4.6417e+01   1.6360e+01   0.0000e+00   0.0000e+00   2.6688e+02
20261010_00:00:00   1.7232e-01   4.6427e+01   1.6331e+01   0.0000e+00   0.0000e+00   2.6685e+02
20261010_03:00:00   1.6135e-01   4.3894e+01   1.4851e+01   0.0000e+00   0.0000e+00   2.6186e+02
20261010_06:00:00   1.6331e-01   4.4283e+01   1.5173e+01   0.0000e+00   0.0000e+00   2.5542e+02
20261010_09:00:00   2.1236e-01   5.5654e+01   2.0996e+01   0.0000e+00   5.9800e-04   2.5678e+02
20261010_12:00:00   2.4272e-01   6.2432e+01   2.4820e+01   0.0000e+00   1.1366e-03   2.5263e+02
20261010_15:00:00   2.4584e-01   6.3428e+01   2.4447e+01   0.0000e+00   0.0000e+00   2.5231e+02
20261010_18:00:00   2.4110e-01   6.2805e+01   2.4089e+01   0.0000e+00   2.7680e-05   2.5315e+02
20261010_21:00:00   2.1435e-01   5.7200e+01   2.0957e+01   0.0000e+00   9.4380e-04   2.5174e+02
20261011_00:00:00   2.1052e-01   5.6616e+01   2.0199e+01   0.0000e+00   6.2020e-03   2.5275e+02
20261011_03:00:00   2.3334e-01   6.1896e+01   2.2824e+01   0.0000e+00   1.2638e-02   2.4894e+02
20261011_06:00:00   2.2910e-01   6.0784e+01   2.3181e+01   0.0000e+00   1.9595e-03   2.4905e+02
20261011_09:00:00   2.4541e-01   6.4149e+01   2.5918e+01   0.0000e+00   6.1745e-02   2.6070e+02
20261011_12:00:00   2.5659e-01   6.6627e+01   2.7360e+01   0.0000e+00   2.2640e-04   2.5794e+02
20261011_15:00:00   2.3286e-01   6.1532e+01   2.4258e+01   0.0000e+00   0.0000e+00   2.5438e+02
20261011_18:00:00   2.3160e-01   6.1465e+01   2.3749e+01   0.0000e+00   0.0000e+00   2.5701e+02
20261011_21:00:00   2.3240e-01   6.1768e+01   2.3646e+01   0.0000e+00   0.0000e+00   2.5991e+02
20261012_00:00:00   2.1535e-01   5.7762e+01   2.1915e+01   0.0000e+00   0.0000e+00   2.6319e+02
20261012_03:00:00   2.1046e-01   5.6615e+01   2.0864e+01   0.0000e+00   0.0000e+00   2.5888e+02
20261012_06:00:00   2.2067e-01   5.9033e+01   2.1621e+01   0.0000e+00   0.0000e+00   2.5655e+02
20261012_09:00:00   2.2964e-01   6.1050e+01   2.2884e+01   0.0000e+00   0.0000e+00   2.5000e+02
20261012_12:00:00   2.8419e-01   7.2922e+01   2.8552e+01   0.0000e+00   0.0000e+00   2.4707e+02
20261012_15:00:00   2.7706e-01   7.1030e+01   2.8000e+01   0.0000e+00   4.8360e-05   2.4885e+02
20261012_18:00:00   1.5929e-01   4.4017e+01   1.3762e+01   0.0000e+00   2.6220e-05   2.5028e+02
20261012_21:00:00   1.2269e-01   3.4810e+01   9.5073e+00   0.0000e+00   0.0000e+00   2.5223e+02
20261013_00:00:00   1.3141e-01   3.6778e+01   1.0792e+01   0.0000e+00   0.0000e+00   2.5962e+02
20261013_03:00:00   1.3765e-01   3.8209e+01   1.1616e+01   0.0000e+00   0.0000e+00   2.6563e+02
20261013_06:00:00   1.4531e-01   3.9981e+01   1.2446e+01   0.0000e+00   0.0000e+00   2.6352e+02
20261013_09:00:00   1.4239e-01   3.9219e+01   1.1981e+01   0.0000e+00   0.0000e+00   2.5258e+02
20261013_12:00:00   1.4064e-01   3.8695e+01   1.2108e+01   0.0000e+00   0.0000e+00   2.5086e+02
20261013_15:00:00   1.4544e-01   3.9809e+01   1.3111e+01   0.0000e+00   0.0000e+00   2.5340e+02
20261013_18:00:00   1.5331e-01   4.1793e+01   1.4296e+01   0.0000e+00   0.0000e+00   2.5415e+02
20261013_21:00:00   1.5228e-01   4.1655e+01   1.4381e+01   0.0000e+00   0.0000e+00   2.5031e+02
20261014_00:00:00   1.5860e-01   4.3272e+01   1.5373e+01   0.0000e+00   0.0000e+00   2.5306e+02
20261014_03:00:00   1.6555e-01   4.4991e+01   1.6228e+01   0.0000e+00   0.0000e+00   2.5521e+02
20261014_06:00:00   1.5744e-01   4.3068e+01   1.5216e+01   0.0000e+00   0.0000e+00   2.5651e+02
20261014_09:00:00   1.5105e-01   4.1497e+01   1.4522e+01   0.0000e+00   0.0000e+00   2.5302e+02
20261014_12:00:00   1.4019e-01   3.8955e+01   1.2764e+01   0.0000e+00   0.0000e+00   2.5465e+02
20261014_15:00:00   1.4025e-01   3.9044e+01   1.2571e+01   0.0000e+00   0.0000e+00   2.5638e+02
20261014_18:00:00   1.4020e-01   3.9193e+01   1.2428e+01   0.0000e+00   0.0000e+00   2.5421e+02
20261014_21:00:00   1.3914e-01   3.8999e+01   1.2453e+01   0.0000e+00   0.0000e+00   2.5305e+02
20261015_00:00:00   1.4525e-01   4.0293e+01   1.3932e+01   0.0000e+00   1.8623e-02   2.5485e+02
20261015_03:00:00   1.4773e-01   4.0675e+01   1.4500e+01   0.0000e+00   3.5210e-02   2.5139e+02
20261015_06:00:00   2.4253e-01   6.2119e+01   2.5909e+01   1.1342e-02   2.5594e-01   2.5331e+02
20261015_09:00:00   1.7913e-01   4.8146e+01   1.7617e+01   6.2266e-03   6.7140e-05   2.6580e+02
20261015_12:00:00   3.1437e-01   7.8429e+01   3.1515e+01   0.0000e+00   0.0000e+00   2.5822e+02
20261015_15:00:00   3.2094e-01   8.0295e+01   3.1048e+01   0.0000e+00   0.0000e+00   2.5392e+02
20261015_18:00:00   4.1542e-01   9.8890e+01   3.6263e+01   6.0850e-02   0.0000e+00   2.5128e+02
20261015_21:00:00   3.9395e-01   9.5387e+01   3.9637e+01   0.0000e+00   0.0000e+00   2.5338e+02
20261016_00:00:00   4.3706e-01   1.0336e+02   4.4855e+01   2.1780e-03   2.0574e-02   2.5556e+02
20261016_03:00:00   6.4785e-01   1.3798e+02   5.0005e+01   1.7631e-01   2.1154e-02   2.5433e+02
20261016_06:00:00   6.5450e-01   1.3676e+02   4.7367e+01   2.2639e-01   1.2473e+00   2.5304e+02
20261016_09:00:00   4.9119e-01   1.1100e+02   3.8118e+01   1.3651e-01   6.6047e-02   2.5033e+02
20261016_12:00:00   5.2803e-01   1.1603e+02   2.8566e+01   2.9606e-01   7.6202e-02   2.5048e+02
20261016_15:00:00   1.8323e-01   4.8375e+01   1.7948e+01   0.0000e+00   5.9507e-02   2.5084e+02
20261016_18:00:00   1.2614e-01   3.5076e+01   9.4460e+00   0.0000e+00   2.3057e-02   2.5283e+02
20261016_21:00:00   1.0787e-01   3.0728e+01   5.9746e+00   0.0000e+00   9.1700e-04   2.5396e+02
20261017_00:00:00   1.1039e-01   3.1353e+01   6.1940e+00   0.0000e+00   0.0000e+00   2.5362e+02
20261017_03:00:00   1.1214e-01   3.1745e+01   6.5650e+00   0.0000e+00   0.0000e+00   2.5270e+02
20261017_06:00:00   1.1191e-01   3.1635e+01   6.6052e+00   0.0000e+00   0.0000e+00   2.5420e+02
20261017_09:00:00   1.1657e-01   3.2700e+01   7.2432e+00   0.0000e+00   0.0000e+00   2.5128e+02
20261017_12:00:00   1.2427e-01   3.4517e+01   8.5306e+00   0.0000e+00   0.0000e+00   2.5153e+02
20261017_15:00:00   1.4728e-01   4.0067e+01   1.1520e+01   0.0000e+00   0.0000e+00   2.5188e+02
20261017_18:00:00   1.6474e-01   4.4336e+01   1.4273e+01   0.0000e+00   0.0000e+00   2.5192e+02
