#            date       tau255        Tb[K]      pwv[mm] lwp[kg*m^-2] iwp[kg*m^-2]       o3[DU]
20260914_00:00:00   3.7281e-01   8.8968e+01   2.7455e+01   1.2363e-01   0.0000e+00   3.1718e+02
20260914_01:00:00   3.6855e-01   8.8195e+01   2.5951e+01   1.3228e-01   0.0000e+00   3.1584e+02
20260914_02:00:00   2.4912e-01   6.4022e+01   2.5293e+01   0.0000e+00   0.0000e+00   3.1458e+02
20260914_03:00:00   2.4688e-01   6.3588e+01   2.4992e+01   3.2660e-04   0.0000e+00   3.1170e+02
20260914_04:00:00   2.4886e-01   6.4054e+01   2.4767e+01   3.7620e-03   0.0000e+00   3.1111e+02
20260914_05:00:00   2.4869e-01   6.4045e+01   2.4875e+01   1.9546e-03   0.0000e+00   3.0890e+02
20260914_06:00:00   2.4886e-01   6.4075e+01   2.5064e+01   6.0740e-05   0.0000e+00   3.0563e+02
20260914_07:00:00   2.5226e-01   6.4816e+01   2.5583e+01   5.5340e-06   2.7680e-06   3.0424e+02
20260914_08:00:00   2.6652e-01   6.7898e+01   2.7014e+01   2.4760e-03   1.3500e-04   3.0296e+02
20260914_09:00:00   3.1020e-01   7.7124e+01   2.8011e+01   4.3220e-02   8.3280e-06   3.0249e+02
20260914_10:00:00   3.4510e-01   8.4231e+01   2.9073e+01   7.3400e-02   1.1068e-05   3.0222e+02
20260914_11:00:00   4.0402e-01   9.5703e+01   3.0509e+01   1.2740e-01   0.0000e+00   3.0196e+02
20260914_12:00:00   4.8590e-01   1.1058e+02   3.0712e+01   2.2476e-01   3.6164e-04   3.0119e+02
20260914_13:00:00   4.8989e-01   1.1109e+02   3.1609e+01   2.1540e-01   1.2261e-03   3.0215e+02
20260914_14:00:00   4.4447e-01   1.0310e+02   3.2787e+01   1.5062e-01   5.7541e-03   3.0171e+02
20260914_15:00:00   3.1397e-01   7.8114e+01   3.2618e+01   2.6797e-03   8.1518e-02   2.9993e+02
20260914_16:00:00   3.3434e-01   8.2281e+01   3.5215e+01   3.4100e-04   4.9465e-02   2.9968e+02
20260914_17:00:00   3.4758e-01   8.4831e+01   3.7403e+01   9.6860e-04   4.3493e-01   2.9843e+02
20260914_18:00:00   3.7763e-01   9.0826e+01   4.1436e+01   0.0000e+00   5.6742e-01   2.9499e+02
20260914_19:00:00   4.0644e-01   9.6213e+01   4.2272e+01   2.8283e-02   2.6514e-01   2.9330e+02
20260914_20:00:00   4.0033e-01   9.5640e+01   4.3595e+01   0.0000e+00   8.1973e-03   2.9595e+02
20260914_21:00:00   3.8418e-01   9.3006e+01   4.1487e+01   0.0000e+00   1.5717e-03   2.9532e+02
20260914_22:00:00   3.7281e-01   9.1093e+01   4.0313e+01   0.0000e+00   8.9241e-04   2.9698e+02
20260914_23:00:00   3.5270e-01   8.7279e+01   3.8512e+01   0.0000e+00   3.8183e-03   2.9638e+02
20260915_00:00:00   3.5051e-01   8.6908e+01   3.8241e+01   0.0000e+00   3.0864e-05   2.9575e+02
20260915_01:00:00   3.8034e-01   9.2779e+01   4.1609e+01   0.0000e+00   5.4079e-02   2.9705e+02
20260915_02:00:00   3.9267e-01   9.5197e+01   4.3183e+01   0.0000e+00   6.4793e-02   2.9643e+02
20260915_03:00:00   4.1340e-01   9.9247e+01   4.4777e+01   0.0000e+00   7.3450e-02   2.9549e+02
20260915_04:00:00   4.2183e-01   1.0102e+02   4.5498e+01   6.1640e-05   9.5601e-02   2.9807e+02
20260915_05:00:00   5.2072e-01   1.1807e+02   4.7853e+01   8.9636e-02   3.0837e-01   2.9686e+02
20260915_06:00:00   8.0743e-01   1.5765e+02   5.3194e+01   3.4325e-01   5.3701e-01   2.9651e+02
20260915_07:00:00   1.3891e+00   2.1167e+02   5.6048e+01   9.7456e-01   5.4195e-01   2.9608e+02
20260915_08:00:00   1.3249e+00   2.0658e+02   5.5638e+01   8.9876e-01   3.9155e-01   2.9688e+02
20260915_09:00:00   8.9378e-01   1.6932e+02   5.4099e+01   4.4191e-01   1.6482e-02   2.9661e+02
20260915_10:00:00   4.9808e-01   1.1400e+02   5.1357e+01   1.2429e-02   1.6432e-01   2.9730e+02
20260915_11:00:00   5.9980e-01   1.2981e+02   5.2668e+01   1.0829e-01   7.2891e-01   2.9775e+02
20260915_12:00:00   6.7984e-01   1.4096e+02   5.1976e+01   2.0437e-01   8.1561e-01   2.9644e+02
20260915_13:00:00   6.3508e-01   1.3513e+02   5.2912e+01   1.4159e-01   1.8358e-01   2.9592e+02
20260915_14:00:00   8.8649e-01   1.6689e+02   5.4421e+01   4.0746e-01   6.8183e-01   2.9610e+02
20260915_15:00:00   5.4265e-01   1.2146e+02   5.4018e+01   1.5700e-02   3.4809e-02   2.9539e+02
20260915_16:00:00   5.4376e-01   1.2189e+02   5.3291e+01   2.0070e-02   2.9719e-02   2.9605e+02
20260915_17:00:00   1.0181e+00   1.8184e+02   5.4877e+01   5.5418e-01   1.7354e-01   2.9486e+02
20260915_18:00:00   7.5188e-01   1.5084e+02   5.3195e+01   2.6822e-01   3.3920e-01   2.9450e+02
20260915_19:00:00   4.7805e-01   1.1025e+02   4.9175e+01   5.6325e-03   1.2305e-01   2.9468e+02
20260915_20:00:00   4.6650e-01   1.0795e+02   4.8855e+01   9.3468e-04   1.7998e-01   2.9282e+02
20260915_21:00:00   5.8390e-01   1.2624e+02   4.7235e+01   1.5917e-01   3.3907e-01   2.9284e+02
20260915_22:00:00   4.1520e-01   9.8036e+01   4.3139e+01   2.3739e-02   2.5239e-01   2.9302e+02
20260915_23:00:00   4.8771e-01   1.1056e+02   4.1341e+01   1.2557e-01   1.9196e-01   2.9415e+02
20260916_00:00:00   3.7502e-01   9.0700e+01   4.0990e+01   1.6136e-03   1.0944e-01   2.9377e+02
20260916_01:00:00   3.9521e-01   9.4311e+01   4.2498e+01   3.8881e-04   5.2318e-01   2.9197e+02
20260916_02:00:00   3.8092e-01   9.1755e+01   4.0642e+01   0.0000e+00   3.1457e-01   2.9249e+02
20260916_03:00:00   3.6787e-01   8.9269e+01   3.9339e+01   2.4511e-03   3.9895e-03   2.9448e+02
20260916_04:00:00   3.5076e-01   8.5882e+01   3.8030e+01   0.0000e+00   1.2053e-02   2.9420e+02
20260916_05:00:00   3.7818e-01   9.1039e+01   3.9137e+01   1.8941e-02   4.7132e-03   2.9260e+02
20260916_06:00:00   5.6595e-01   1.2370e+02   4.0043e+01   2.3059e-01   1.4861e-01   2.9106e+02
20260916_07:00:00   5.0526e-01   1.1380e+02   4.0728e+01   1.5293e-01   1.5202e-01   2.8827e+02
20260916_08:00:00   3.7226e-01   8.9826e+01   3.9941e+01   1.7266e-03   2.9989e-01   2.8809e+02
20260916_09:00:00   4.5314e-01   1.0498e+02   4.2430e+01   7.2039e-02   9.4996e-02   2.8851e+02
20260916_10:00:00   4.6132e-01   1.0632e+02   4.3428e+01   7.1054e-02   1.9482e-01   2.8797e+02
20260916_11:00:00   4.7568e-01   1.0851e+02   4.5048e+01   6.6135e-02   3.6129e-01   2.8884e+02
20260916_12:00:00   4.3146e-01   1.0062e+02   4.5333e+01   7.5874e-03   4.3856e-01   2.8954e+02
20260916_13:00:00   4.4967e-01   1.0388e+02   4.6197e+01   1.5582e-02   5.6201e-01   2.9180e+02
20260916_14:00:00   4.9862e-01   1.1235e+02   4.7605e+01   5.1811e-02   5.6920e-01   2.9244e+02
20260916_15:00:00   5.2126e-01   1.1624e+02   4.9220e+01   5.4338e-02   5.3303e-01   2.9101e+02
20260916_16:00:00   8.3085e-01   1.6022e+02   4.9815e+01   4.0285e-01   4.2749e-02   2.8979e+02
20260916_17:00:00   7.6947e-01   1.5382e+02   5.0016e+01   3.4138e-01   6.8381e-02   2.9020e+02
20260916_18:00:00   6.0624e-01   1.3087e+02   5.0061e+01   1.4397e-01   6.4186e-02   2.8953e+02
20260916_19:00:00   5.0085e-01   1.1359e+02   5.0902e+01   5.7974e-03   5.6669e-02   2.8853e+02
20260916_20:00:00   5.1240e-01   1.1567e+02   5.1625e+01   1.3401e-02   1.2558e-01   2.8896e+02
20260916_21:00:00   5.8651e-01   1.2766e+02   5.3699e+01   7.2018e-02   3.7788e-01   2.8994e+02
20260916_22:00:00   6.2184e-01   1.3306e+02   5.3616e+01   1.1519e-01   3.8470e-01   2.8903e+02
20260916_23:00:00   5.9871e-01   1.2939e+02   5.0542e+01   1.2280e-01   1.5273e-01   2.8935e+02
20260917_00:00:00   8.2461e-01   1.5996e+02   5.1745e+01   3.6926e-01   1.1861e-02   2.8899e+02
20260917_01:00:00   7.5316e-01   1.5218e+02   5.3200e+01   2.8346e-01   3.7133e-02   2.8779e+02
20260917_02:00:00   5.6365e-01   1.2443e+02   5.3271e+01   5.2017e-02   1.7450e-02   2.9020e+02
20260917_03:00:00   1.2678e+00   2.0164e+02   5.2541e+01   8.6267e-01   3.0464e-01   2.8983e+02
20260917_04:00:00   9.6755e-01   1.7555e+02   5.1908e+01   5.3396e-01   1.5513e-02   2.8971e+02
20260917_05:00:00   6.3572e-01   1.3529e+02   5.3085e+01   1.4083e-01   2.1884e-03   2.8863e+02
20260917_06:00:00   6.9199e-01   1.4332e+02   5.3848e+01   1.8855e-01   3.7057e-02   2.8870e+02
20260917_07:00:00   6.2363e-01   1.3383e+02   5.2721e+01   1.1880e-01   2.0382e-02   2.8985e+02
20260917_08:00:00   5.2321e-01   1.1848e+02   5.1229e+01   1.7336e-02   1.0159e-03   2.8744e+02
20260917_09:00:00   5.1229e-01   1.1669e+02   5.0472e+01   1.0679e-02   1.3108e-05   2.8909e+02
20260917_10:00:00   5.5795e-01   1.2448e+02   5.0010e+01   7.3766e-02   7.2524e-05   2.9149e+02
20260917_11:00:00   6.7887e-01   1.4355e+02   4.9335e+01   2.4046e-01   1.5869e-03   2.9235e+02
20260917_12:00:00   7.1494e-01   1.4863e+02   5.0042e+01   2.7952e-01   3.6881e-03   2.8936e+02
20260917_13:00:00   6.7842e-01   1.4326e+02   5.0414e+01   2.3108e-01   1.5324e-03   2.8938e+02
20260917_14:00:00   6.0531e-01   1.3200e+02   5.0046e+01   1.3798e-01   4.0908e-03   2.8874e+02
20260917_15:00:00   5.6007e-01   1.2461e+02   5.0396e+01   7.3147e-02   2.2065e-03   2.8967e+02
20260917_16:00:00   5.7590e-01   1.2710e+02   5.1054e+01   8.5122e-02   3.5288e-03   2.8987e+02
20260917_17:00:00   6.2366e-01   1.3384e+02   5.1324e+01   1.3625e-01   1.2367e-02   2.8872e+02
20260917_18:00:00   8.2341e-01   1.6040e+02   5.0884e+01   3.7489e-01   4.4782e-03   2.8730e+02
20260917_19:00:00   5.1514e-01   1.1709e+02   5.0285e+01   2.1162e-02   1.2859e-03   2.8578e+02
20260917_20:00:00   5.3709e-01   1.2103e+02   4.9718e+01   5.2036e-02   6.0193e-04   2.8589e+02
20260917_21:00:00   5.6655e-01   1.2611e+02   4.8475e+01   1.0045e-01   1.7368e-04   2.8737e+02
20260917_22:00:00   6.4765e-01   1.3900e+02   4.7164e+01   2.1955e-01   4.6140e-06   2.8818e+02
20260917_23:00:00   6.5066e-01   1.3953e+02   4.6058e+01   2.3829e-01   1.9756e-03   2.8892e+02
20260918_00:00:00   7.1283e-01   1.4877e+02   4.4765e+01   3.4000e-01   2.2340e-05   2.8779e+02
20260918_01:00:00   6.6701e-01   1.4216e+02   4.3089e+01   3.0200e-01   2.4640e-06   2.8599e+02
20260918_02:00:00   6.5720e-01   1.4074e+02   4.1931e+01   3.0600e-01   2.1620e-04   2.8516e+02
20260918_03:00:00   5.0305e-01   1.1577e+02   4.0718e+01   1.2238e-01   6.3116e-04   2.8507e+02
20260918_04:00:00   4.3370e-01   1.0320e+02   4.0083e+01   4.4060e-02   1.4652e-03   2.8588e+02
20260918_05:00:00   4.2111e-01   1.0077e+02   4.0217e+01   2.6680e-02   2.5306e-04   2.8614e+02
20260918_06:00:00   4.0678e-01   9.7961e+01   4.0943e+01   0.0000e+00   1.9222e-03   2.8647e+02
20260918_07:00:00   4.1672e-01   9.9796e+01   4.2056e+01   0.0000e+00   2.5242e-03   2.8550e+02
20260918_08:00:00   4.2330e-01   1.0100e+02   4.3073e+01   0.0000e+00   2.1176e-04   2.8453e+02
20260918_09:00:00   4.3545e-01   1.0320e+02   4.4351e+01   0.0000e+00   1.1441e-03   2.8410e+02
20260918_10:00:00   4.5127e-01   1.0603e+02   4.5755e+01   0.0000e+00   2.4782e-04   2.8397e+02
20260918_11:00:00   4.6054e-01   1.0768e+02   4.7109e+01   0.0000e+00   2.3920e-04   2.8423e+02
20260918_12:00:00   5.0094e-01   1.1442e+02   5.0312e+01   1.7515e-02   1.5371e-03   2.8338e+02
20260918_13:00:00   6.1122e-01   1.3138e+02   5.0904e+01   1.3900e-01   1.0825e-02   2.8403e+02
20260918_14:00:00   9.2375e-01   1.7051e+02   5.1710e+01   4.8239e-01   8.5297e-02   2.8291e+02
20260918_15:00:00   1.0523e+00   1.8392e+02   5.0222e+01   6.4985e-01   1.4775e-01   2.8158e+02
20260918_16:00:00   5.2179e-01   1.1832e+02   4.8730e+01   4.9165e-02   1.6694e-03   2.8059e+02
20260918_17:00:00   4.7651e-01   1.1114e+02   4.7269e+01   7.0258e-03   2.9240e-03   2.7904e+02
20260918_18:00:00   4.7076e-01   1.1039e+02   4.6963e+01   2.5447e-03   1.4788e-04   2.8053e+02
20260918_19:00:00   4.6181e-01   1.0909e+02   4.6115e+01   7.0390e-04   0.0000e+00   2.8140e+02
20260918_20:00:00   4.3904e-01   1.0530e+02   4.4021e+01   0.0000e+00   0.0000e+00   2.8169e+02
20260918_21:00:00   4.4742e-01   1.0698e+02   4.4640e+01   0.0000e+00   0.0000e+00   2.8371e+02
20260918_22:00:00   4.6213e-01   1.0967e+02   4.6447e+01   0.0000e+00   0.0000e+00   2.8501e+02
20260918_23:00:00   4.5280e-01   1.0799e+02   4.6130e+01   0.0000e+00   0.0000e+00   2.8313e+02
20260919_00:00:00   4.3480e-01   1.0465e+02   4.4860e+01   0.0000e+00   0.0000e+00   2.8290e+02
20260919_03:00:00   3.6780e-01   9.1605e+01   3.9068e+01   0.0000e+00   0.0000e+00   2.8560e+02
20260919_06:00:00   3.4030e-01   8.5927e+01   3.6287e+01   0.0000e+00   0.0000e+00   2.7964e+02
20260919_09:00:00   3.4170e-01   8.5885e+01   3.6897e+01   0.0000e+00   0.0000e+00   2.7899e+02
20260919_12:00:00   3.4261e-01   8.5872e+01   3.6878e+01   0.0000e+00   0.0000e+00   2.8100e+02
20260919_15:00:00   3.4456e-01   8.6305e+01   3.7040e+01   0.0000e+00   0.0000e+00   2.8088e+02
20260919_18:00:00   3.5797e-01   8.9191e+01   3.8353e+01   0.0000e+00   0.0000e+00   2.8158e+02
20260919_21:00:00   3.6485e-01   9.0745e+01   3.9124e+01   0.0000e+00   0.0000e+00   2.8206e+02
20260920_00:00:00   3.7860e-01   9.3527e+01   4.0005e+01   0.0000e+00   0.0000e+00   2.8065e+02
20260920_03:00:00   3.6951e-01   9.1638e+01   3.8793e+01   0.0000e+00   7.6180e-05   2.7862e+02
20260920_06:00:00   7.0239e-01   1.4506e+02   4.7219e+01   3.0539e-01   1.0896e-02   2.7471e+02
20260920_09:00:00   4.4675e-01   1.0489e+02   4.7416e+01   2.3856e-03   7.2307e-03   2.7411e+02
20260920_12:00:00   4.4979e-01   1.0523e+02   4.7666e+01   2.3712e-03   3.0065e-01   2.7377e+02
20260920_15:00:00   4.5407e-01   1.0609e+02   4.8060e+01   1.4158e-03   3.9727e-03   2.7385e+02
20260920_18:00:00   4.5855e-01   1.0720e+02   4.8345e+01   2.4133e-06   1.3178e-02   2.7131e+02
20260920_21:00:00   6.5184e-01   1.3752e+02   5.1833e+01   1.7705e-01   4.5554e-01   2.7045e+02
20260921_00:00:00   4.7286e-01   1.0949e+02   4.9436e+01   9.9661e-04   1.2650e-03   2.6505e+02
20260921_03:00:00   4.4974e-01   1.0525e+02   4.5149e+01   1.3084e-02   1.1479e-03   2.6633e+02
20260921_06:00:00   4.2724e-01   1.0115e+02   4.2882e+01   1.4423e-02   2.0390e-02   2.6675e+02
20260921_09:00:00   5.4656e-01   1.2243e+02   4.1673e+01   1.8805e-01   8.5372e-03   2.6535e+02
20260921_12:00:00   5.2037e-01   1.1736e+02   4.3049e+01   1.2807e-01   2.9946e-03   2.7234e+02
20260921_15:00:00   6.0284e-01   1.3082e+02   4.3203e+01   2.2329e-01   8.3902e-03   2.7690e+02
20260921_18:00:00   4.9458e-01   1.1309e+02   4.2262e+01   1.0186e-01   1.8396e-02   2.7779e+02
20260921_21:00:00   5.3130e-01   1.1944e+02   4.0374e+01   1.6445e-01   2.9994e-02   2.7663e+02
20260922_00:00:00   6.9494e-01   1.4468e+02   3.8680e+01   3.8495e-01   7.6878e-04   2.7963e+02
20260922_03:00:00   5.4329e-01   1.2109e+02   3.4136e+01   2.3795e-01   1.4283e-03   2.8228e+02
20260922_06:00:00   4.6367e-01   1.0750e+02   2.9625e+01   1.8262e-01   1.6181e-03   2.8516e+02
20260922_09:00:00   4.4713e-01   1.0424e+02   2.8418e+01   1.7565e-01   8.3020e-06   2.8594e+02
20260922_12:00:00   4.8700e-01   1.1104e+02   2.8719e+01   2.1636e-01   1.9402e-03   2.8758e+02
20260922_15:00:00   4.9610e-01   1.1244e+02   2.7658e+01   2.3591e-01   1.2906e-03   2.8822e+02
20260922_18:00:00   3.6562e-01   8.8702e+01   2.7213e+01   8.5153e-02   4.3995e-03   2.8891e+02
20260922_21:00:00   3.1035e-01   7.7607e+01   2.6992e+01   2.0870e-02   4.3725e-03   2.8733e+02
20260923_00:00:00   3.2601e-01   8.0801e+01   2.6293e+01   4.9152e-02   2.7040e-02   2.8686e+02
20260923_03:00:00   2.7429e-01   6.9980e+01   2.4568e+01   6.5260e-03   2.8863e-02   2.8671e+02
20260923_06:00:00   2.5964e-01   6.6746e+01   2.3983e+01   0.0000e+00   1.3120e-02   2.8273e+02
20260923_09:00:00   2.2440e-01   5.8951e+01   2.0047e+01   0.0000e+00   1.6201e-02   2.8872e+02
20260923_12:00:00   2.0244e-01   5.3919e+01   1.8077e+01   0.0000e+00   1.0920e-01   2.9195e+02
20260923_15:00:00   1.9307e-01   5.1780e+01   1.7068e+01   0.0000e+00   6.9762e-02   2.8959e+02
20260923_18:00:00   1.9231e-01   5.1768e+01   1.7483e+01   0.0000e+00   1.2667e-02   2.9161e+02
20260923_21:00:00   2.1046e-01   5.6055e+01   2.0191e+01   0.0000e+00   6.8105e-03   2.9004e+02
20260924_00:00:00   2.3655e-01   6.1952e+01   2.3243e+01   0.0000e+00   1.2766e-02   2.8737e+02
20260924_03:00:00   2.5440e-01   6.5887e+01   2.5194e+01   0.0000e+00   2.2445e-02   2.8277e+02
20260924_06:00:00   2.9810e-01   7.5250e+01   2.9324e+01   0.0000e+00   6.4780e-03   2.8334e+02
20260924_09:00:00   2.9893e-01   7.5353e+01   2.9091e+01   0.0000e+00   3.5780e-03   2.9623e+02
20260924_12:00:00   2.9482e-01   7.4382e+01   2.8757e+01   0.0000e+00   0.0000e+00   2.9989e+02
20260924_15:00:00   3.3869e-01   8.3174e+01   3.0989e+01   2.5800e-02   5.2020e-07   2.9545e+02
20260924_18:00:00   3.3383e-01   8.2558e+01   2.9013e+01   3.9692e-02   0.0000e+00   2.9421e+02
20260924_21:00:00   3.4121e-01   8.4174e+01   3.1260e+01   2.4500e-02   0.0000e+00   2.9557e+02
20260925_00:00:00   1.5214e-01   4.1773e+01   1.3709e+01   0.0000e+00   1.4254e-04   2.9819e+02
20260925_03:00:00   1.3643e-01   3.7748e+01   1.1160e+01   0.0000e+00   7.7860e-06   3.0169e+02
20260925_06:00:00   1.3792e-01   3.7968e+01   1.1083e+01   0.0000e+00   0.0000e+00   3.0239e+02
20260925_09:00:00   1.4241e-01   3.8964e+01   1.1609e+01   0.0000e+00   2.2140e-05   3.0376e+02
20260925_12:00:00   1.5025e-01   4.0776e+01   1.2514e+01   0.0000e+00   0.0000e+00   3.0540e+02
20260925_15:00:00   1.6216e-01   4.3613e+01   1.4083e+01   0.0000e+00   0.0000e+00   3.0250e+02
20260925_18:00:00   1.7472e-01   4.6677e+01   1.5758e+01   0.0000e+00   0.0000e+00   3.0285e+02
20260925_21:00:00   1.8220e-01   4.8552e+01   1.6613e+01   0.0000e+00   0.0000e+00   3.0220e+02
20260926_00:00:00   1.8299e-01   4.8764e+01   1.6315e+01   0.0000e+00   0.0000e+00   3.0459e+02
20260926_03:00:00   1.7866e-01   4.7685e+01   1.5912e+01   0.0000e+00   0.0000e+00   3.0474e+02
20260926_06:00:00   1.7457e-01   4.6607e+01   1.5604e+01   0.0000e+00   0.0000e+00   3.0446e+02
20260926_09:00:00   1.7985e-01   4.7766e+01   1.6219e+01   0.0000e+00   0.0000e+00   3.0562e+02
20260926_12:00:00   1.8568e-01   4.9079e+01   1.6926e+01   0.0000e+00   0.0000e+00   3.0763e+02
20260926_15:00:00   1.9920e-01   5.2241e+01   1.8439e+01   0.0000e+00   0.0000e+00   3.0900e+02
20260926_18:00:00   2.0363e-01   5.3420e+01   1.8967e+01   0.0000e+00   0.0000e+00   3.1007e+02
20260926_21:00:00   2.1448e-01   5.5947e+01   2.0242e+01   0.0000e+00   0.0000e+00   3.0525e+02
20260927_00:00:00   2.0905e-01   5.4610e+01   1.9741e+01   0.0000e+00   0.0000e+00   3.0700e+02
20260927_03:00:00   1.9394e-01   5.0977e+01   1.8261e+01   0.0000e+00   0.0000e+00   3.0805e+02
20260927_06:00:00   1.7941e-01   4.7521e+01   1.6473e+01   0.0000e+00   0.0000e+00   3.0674e+02
20260927_09:00:00   1.7791e-01   4.7062e+01   1.6331e+01   0.0000e+00   0.0000e+00   3.0714e+02
20260927_12:00:00   1.7973e-01   4.7429e+01   1.6482e+01   0.0000e+00   0.0000e+00   3.0501e+02
20260927_15:00:00   1.8838e-01   4.9478e+01   1.7351e+01   0.0000e+00   0.0000e+00   3.0335e+02
20260927_18:00:00   1.9117e-01   5.0339e+01   1.7624e+01   0.0000e+00   0.0000e+00   3.0331e+02
20260927_21:00:00   2.0751e-01   5.4246e+01   1.9501e+01   0.0000e+00   0.0000e+00   3.0301e+02
20260928_00:00:00   2.1347e-01   5.5670e+01   2.0329e+01   0.0000e+00   0.0000e+00   3.0321e+02
20260928_03:00:00   2.2827e-01   5.8895e+01   2.2326e+01   0.0000e+00   1.3108e-05   3.0036e+02
20260928_06:00:00   2.4423e-01   6.2073e+01   2.4869e+01   2.0800e-06   1.0404e-07   3.0284e+02
20260928_09:00:00   2.5441e-01   6.4159e+01   2.4791e+01   1.4432e-02   7.3541e-05   3.0886e+02
20260928_12:00:00   2.8525e-01   7.0551e+01   2.5103e+01   4.6140e-02   1.3046e-04   3.1452e+02
20260928_15:00:00   2.8605e-01   7.0793e+01   2.6904e+01   2.7020e-02   1.8302e-04   3.1570e+02
20260928_18:00:00   2.7045e-01   6.7673e+01   2.7482e+01   2.5152e-03   7.7800e-06   3.1661e+02
20260928_21:00:00   4.2019e-01   9.6270e+01   2.8783e+01   1.5540e-01   1.2483e-03   3.1539e+02
20260929_00:00:00   8.8305e-01   1.6161e+02   2.9000e+01   6.6173e-01   1.3544e-02   3.2033e+02
20260929_03:00:00   2.7181e-01   6.7367e+01   2.1697e+01   4.5432e-02   8.4163e-04   3.2604e+02
20260929_06:00:00   1.5957e-01   4.2651e+01   1.0652e+01   1.2086e-02   2.0300e-04   3.2346e+02
20260929_09:00:00   3.1387e-01   7.5689e+01   1.0429e+01   1.8381e-01   1.8798e-05   3.1791e+02
20260929_12:00:00   2.3597e-01   5.9462e+01   9.0662e+00   1.0906e-01   2.9016e-06   3.1033e+02
20260929_15:00:00   1.2879e-01   3.5219e+01   8.0176e+00   0.0000e+00   0.0000e+00   3.1689e+02
20260929_18:00:00   1.3194e-01   3.6115e+01   8.7549e+00   0.0000e+00   0.0000e+00   3.2159e+02
20260929_21:00:00   1.3829e-01   3.7754e+01   9.6054e+00   0.0000e+00   0.0000e+00   3.2073e+02
20260930_00:00:00   1.3917e-01   3.7963e+01   9.6946e+00   0.0000e+00   0.0000e+00   3.1919e+02
