#            date       tau255        Tb[K]      pwv[mm] lwp[kg*m^-2] iwp[kg*m^-2]       o3[DU]
20260809_06:00:00   2.1570e-01   5.7801e+01   2.2270e+01   0.0000e+00   1.1974e-03   3.2583e+02
20260809_07:00:00   2.6603e-01   6.9230e+01   2.8001e+01   0.0000e+00   1.5194e-03   3.2838e+02
20260809_08:00:00   3.0164e-01   7.7184e+01   3.1302e+01   0.0000e+00   4.5009e-03   3.2774e+02
20260809_09:00:00   3.4528e-01   8.6287e+01   3.5850e+01   0.0000e+00   1.2268e-02   3.2520e+02
20260809_10:00:00   3.8241e-01   9.3483e+01   4.0085e+01   0.0000e+00   4.5575e-04   3.2434e+02
20260809_11:00:00   3.9136e-01   9.5079e+01   4.1629e+01   0.0000e+00   1.1335e-02   3.2385e+02
20260809_12:00:00   4.2894e-01   1.0173e+02   4.3406e+01   3.0001e-02   1.0044e-01   3.1975e+02
20260809_13:00:00   7.4385e-01   1.4823e+02   4.2963e+01   3.8656e-01   2.2188e-01   3.1642e+02
20260809_14:00:00   4.3897e-01   1.0374e+02   4.0873e+01   5.8141e-02   4.4246e-02   3.1897e+02
20260809_15:00:00   5.7323e-01   1.2581e+02   4.1920e+01   1.9595e-01   1.7593e-03   3.1832e+02
20260809_16:00:00   3.9524e-01   9.6497e+01   4.1282e+01   0.0000e+00   0.0000e+00   3.1652e+02
20260809_17:00:00   4.4420e-01   1.0602e+02   4.5622e+01   5.8530e-07   0.0000e+00   3.1517e+02
20260809_18:00:00   4.6791e-01   1.1054e+02   4.7564e+01   3.0620e-03   4.8980e-04   3.1406e+02
20260809_19:00:00   4.6819e-01   1.1100e+02   4.7310e+01   1.8630e-04   0.0000e+00   3.1487e+02
20260809_20:00:00   4.4902e-01   1.0781e+02   4.6420e+01   0.0000e+00   0.0000e+00   3.1511e+02
20260809_21:00:00   4.3845e-01   1.0601e+02   4.4809e+01   6.5000e-03   3.6960e-06   3.1504e+02
20260809_22:00:00   4.2116e-01   1.0286e+02   4.2810e+01   8.7360e-03   0.0000e+00   3.1583e+02
20260809_23:00:00   4.0723e-01   1.0027e+02   4.2285e+01   7.5360e-04   0.0000e+00   3.1818e+02
20260810_00:00:00   4.1052e-01   1.0087e+02   4.3012e+01   9.1760e-05   0.0000e+00   3.1823e+02
20260810_01:00:00   4.2278e-01   1.0320e+02   4.3854e+01   0.0000e+00   4.6220e-05   3.1832e+02
20260810_02:00:00   4.1633e-01   1.0188e+02   4.2591e+01   0.0000e+00   2.0800e-07   3.1785e+02
20260810_03:00:00   4.0809e-01   1.0020e+02   4.1794e+01   0.0000e+00   5.5340e-06   3.1627e+02
20260810_04:00:00   3.9426e-01   9.7378e+01   4.1445e+01   0.0000e+00   0.0000e+00   3.1591e+02
20260810_05:00:00   3.9789e-01   9.7908e+01   4.2777e+01   0.0000e+00   5.9440e-06   3.1826e+02
20260810_06:00:00   4.2090e-01   1.0191e+02   4.5075e+01   0.0000e+00   4.4280e-06   3.1766e+02
20260810_07:00:00   4.0186e-01   9.8225e+01   4.3237e+01   0.0000e+00   2.3140e-04   3.2032e+02
20260810_08:00:00   3.9026e-01   9.5759e+01   4.1491e+01   4.5700e-03   1.8691e-03   3.2124e+02
20260810_09:00:00   3.3970e-01   8.5746e+01   3.6812e+01   0.0000e+00   9.1208e-04   3.2230e+02
20260810_10:00:00   3.4795e-01   8.7166e+01   3.8334e+01   0.0000e+00   3.9206e-04   3.2515e+02
20260810_11:00:00   3.6964e-01   9.1313e+01   4.0254e+01   0.0000e+00   3.9526e-03   3.2588e+02
20260810_12:00:00   3.7920e-01   9.3185e+01   4.1185e+01   0.0000e+00   3.3160e-04   3.2591e+02
20260810_13:00:00   3.6005e-01   8.9454e+01   3.9217e+01   0.0000e+00   4.3159e-03   3.2289e+02
20260810_14:00:00   4.0181e-01   9.7382e+01   4.2613e+01   3.8140e-03   1.7854e-02   3.2088e+02
20260810_15:00:00   4.1883e-01   1.0027e+02   4.2609e+01   2.8828e-02   1.8557e-01   3.2210e+02
20260810_16:00:00   3.8205e-01   9.3780e+01   4.1267e+01   0.0000e+00   6.8340e-02   3.2458e+02
20260810_17:00:00   4.0256e-01   9.7838e+01   4.3060e+01   8.8539e-04   1.8373e-02   3.2000e+02
20260810_18:00:00   4.4595e-01   1.0600e+02   4.5187e+01   1.5867e-02   2.2735e-02   3.1839e+02
20260810_19:00:00   4.4348e-01   1.0552e+02   4.4536e+01   2.2080e-02   3.0353e-02   3.1839e+02
20260810_20:00:00   4.2021e-01   1.0160e+02   4.3984e+01   3.1460e-04   8.3411e-03   3.1838e+02
20260810_21:00:00   4.2979e-01   1.0346e+02   4.4658e+01   3.7180e-03   1.1401e-02   3.1914e+02
20260810_22:00:00   4.4241e-01   1.0586e+02   4.5856e+01   2.4440e-03   4.2120e-02   3.1930e+02
20260810_23:00:00   4.5915e-01   1.0893e+02   4.8015e+01   0.0000e+00   3.4569e-04   3.1586e+02
20260811_00:00:00   4.6435e-01   1.0995e+02   4.8352e+01   0.0000e+00   2.2996e-03   3.1699e+02
20260811_01:00:00   4.5890e-01   1.0903e+02   4.7944e+01   3.8740e-05   1.5419e-03   3.1663e+02
20260811_02:00:00   4.3273e-01   1.0442e+02   4.4102e+01   0.0000e+00   1.6970e-02   3.1825e+02
20260811_03:00:00   3.7958e-01   9.4308e+01   3.8878e+01   0.0000e+00   5.5380e-04   3.1957e+02
20260811_04:00:00   3.6073e-01   9.0457e+01   3.7361e+01   0.0000e+00   0.0000e+00   3.1821e+02
20260811_05:00:00   3.9762e-01   9.7534e+01   4.0553e+01   0.0000e+00   0.0000e+00   3.1694e+02
20260811_06:00:00   3.9167e-01   9.6341e+01   3.9681e+01   0.0000e+00   0.0000e+00   3.1587e+02
20260811_07:00:00   3.6334e-01   9.0817e+01   3.7115e+01   0.0000e+00   0.0000e+00   3.1747e+02
20260811_08:00:00   3.5911e-01   8.9831e+01   3.7338e+01   0.0000e+00   0.0000e+00   3.1866e+02
20260811_09:00:00   3.6172e-01   9.0259e+01   3.7717e+01   0.0000e+00   0.0000e+00   3.1967e+02
20260811_10:00:00   3.8121e-01   9.3993e+01   3.9634e+01   0.0000e+00   1.2363e-03   3.1922e+02
20260811_11:00:00   3.8231e-01   9.4198e+01   4.0128e+01   0.0000e+00   1.1711e-03   3.1913e+02
20260811_12:00:00   3.7964e-01   9.3566e+01   4.0508e+01   0.0000e+00   1.5001e-04   3.2040e+02
20260811_13:00:00   3.5831e-01   8.9350e+01   3.9123e+01   0.0000e+00   8.6169e-03   3.2173e+02
20260811_14:00:00   3.7113e-01   9.1718e+01   4.1419e+01   5.1700e-05   1.8513e-02   3.2123e+02
20260811_15:00:00   5.3696e-01   1.2002e+02   4.3592e+01   1.6853e-01   1.5452e-01   3.1918e+02
20260811_16:00:00   3.4556e-01   8.6624e+01   3.9436e+01   2.2140e-05   1.8440e-03   3.1802e+02
20260811_17:00:00   3.8447e-01   9.4636e+01   4.2228e+01   2.2460e-03   4.2091e-03   3.1528e+02
20260811_18:00:00   3.6757e-01   9.1559e+01   4.0911e+01   0.0000e+00   2.3052e-03   3.1531e+02
20260811_19:00:00   3.7281e-01   9.2867e+01   4.1418e+01   0.0000e+00   1.0978e-02   3.1290e+02
20260811_20:00:00   3.7470e-01   9.3367e+01   4.1834e+01   0.0000e+00   1.6534e-02   3.1384e+02
20260811_21:00:00   3.9659e-01   9.7683e+01   4.3998e+01   0.0000e+00   1.6098e-02   3.1220e+02
20260811_22:00:00   3.9593e-01   9.7775e+01   4.4080e+01   0.0000e+00   1.0822e-02   3.1118e+02
20260811_23:00:00   3.9151e-01   9.7024e+01   4.3649e+01   0.0000e+00   1.1727e-02   3.1044e+02
20260812_00:00:00   4.1976e-01   1.0225e+02   4.6397e+01   0.0000e+00   1.3964e-03   3.0863e+02
20260812_01:00:00   4.0241e-01   9.9025e+01   4.3415e+01   0.0000e+00   7.2301e-02   3.0772e+02
20260812_02:00:00   3.8283e-01   9.4877e+01   4.1659e+01   0.0000e+00   1.6205e-01   3.0617e+02
20260812_03:00:00   3.6103e-01   9.0288e+01   3.9192e+01   6.8840e-07   3.3704e-01   3.0995e+02
20260812_04:00:00   3.7986e-01   9.3585e+01   4.0226e+01   8.8025e-03   5.2169e-01   3.0668e+02
20260812_05:00:00   4.8326e-01   1.1258e+02   4.7322e+01   2.3533e-02   1.8230e-02   3.0285e+02
20260812_06:00:00   3.9837e-01   9.7396e+01   4.1447e+01   0.0000e+00   3.6295e-05   3.0613e+02
20260812_07:00:00   3.7090e-01   9.2162e+01   3.8853e+01   0.0000e+00   0.0000e+00   3.0748e+02
20260812_08:00:00   3.7206e-01   9.2355e+01   3.8743e+01   0.0000e+00   0.0000e+00   3.0753e+02
20260812_09:00:00   3.5935e-01   8.9813e+01   3.7365e+01   0.0000e+00   0.0000e+00   3.0853e+02
20260812_10:00:00   3.9244e-01   9.6153e+01   3.9442e+01   0.0000e+00   0.0000e+00   3.0758e+02
20260812_11:00:00   3.8088e-01   9.3806e+01   3.8464e+01   0.0000e+00   2.0800e-07   3.0743e+02
20260812_12:00:00   3.6142e-01   8.9827e+01   3.6993e+01   0.0000e+00   0.0000e+00   3.0633e+02
20260812_13:00:00   3.7915e-01   9.3178e+01   3.8556e+01   0.0000e+00   0.0000e+00   3.0727e+02
20260812_14:00:00   3.8435e-01   9.4097e+01   3.9166e+01   0.0000e+00   2.3100e-06   3.0719e+02
20260812_15:00:00   3.8536e-01   9.4191e+01   3.9540e+01   0.0000e+00   8.2540e-04   3.0541e+02
20260812_16:00:00   3.7362e-01   9.1921e+01   3.8725e+01   0.0000e+00   4.6117e-02   3.0534e+02
20260812_17:00:00   3.7618e-01   9.2349e+01   3.9213e+01   0.0000e+00   6.7094e-02   3.0590e+02
20260812_18:00:00   3.6984e-01   9.1061e+01   3.9198e+01   0.0000e+00   3.5526e-02   3.0680e+02
20260812_19:00:00   3.7137e-01   9.1266e+01   4.0132e+01   0.0000e+00   1.4978e-01   3.0740e+02
20260812_20:00:00   3.8012e-01   9.2878e+01   4.1380e+01   0.0000e+00   1.1817e-01   3.0718e+02
20260812_21:00:00   3.7853e-01   9.2695e+01   4.1039e+01   0.0000e+00   5.3228e-02   3.0697e+02
20260812_22:00:00   3.7110e-01   9.1518e+01   3.9886e+01   0.0000e+00   8.6012e-03   3.0889e+02
20260812_23:00:00   3.7889e-01   9.3265e+01   3.9617e+01   3.9460e-04   1.9108e-03   3.1040e+02
20260813_00:00:00   4.2553e-01   1.0171e+02   4.1285e+01   3.7180e-02   1.4787e-03   3.0869e+02
20260813_01:00:00   3.9817e-01   9.6872e+01   4.1776e+01   0.0000e+00   1.2702e-04   3.0818e+02
20260813_02:00:00   4.0935e-01   9.8686e+01   4.1135e+01   2.4060e-02   3.7815e-04   3.0698e+02
20260813_03:00:00   3.6988e-01   9.1449e+01   3.8848e+01   0.0000e+00   6.0884e-04   3.0637e+02
20260813_04:00:00   3.7607e-01   9.2624e+01   3.8912e+01   0.0000e+00   6.9111e-03   3.0677e+02
20260813_05:00:00   3.5494e-01   8.8457e+01   3.6635e+01   0.0000e+00   1.8642e-05   3.0566e+02
20260813_06:00:00   3.5237e-01   8.7809e+01   3.6588e+01   0.0000e+00   0.0000e+00   3.0742e+02
20260813_07:00:00   4.0342e-01   9.7482e+01   4.1182e+01   0.0000e+00   3.6698e-03   3.0740e+02
20260813_08:00:00   3.8283e-01   9.3618e+01   3.9224e+01   0.0000e+00   3.4730e-04   3.0747e+02
20260813_09:00:00   3.7857e-01   9.2757e+01   3.8754e+01   0.0000e+00   4.1620e-06   3.0576e+02
20260813_10:00:00   3.7863e-01   9.2586e+01   3.9255e+01   0.0000e+00   9.4725e-03   3.0664e+02
20260813_11:00:00   3.8265e-01   9.3153e+01   4.0421e+01   0.0000e+00   1.9240e-01   3.0736e+02
20260813_12:00:00   3.7636e-01   9.1892e+01   4.0711e+01   0.0000e+00   1.9906e-01   3.0726e+02
20260813_13:00:00   4.4773e-01   1.0449e+02   4.4947e+01   3.1608e-02   9.0007e-01   3.0619e+02
20260813_14:00:00   7.6825e-01   1.5185e+02   4.8399e+01   3.5282e-01   1.2684e+00   3.0657e+02
20260813_15:00:00   6.6652e-01   1.3854e+02   4.8369e+01   2.4263e-01   8.1095e-01   3.0835e+02
20260813_16:00:00   9.6406e-01   1.7445e+02   5.0485e+01   5.5098e-01   8.8332e-01   3.0941e+02
20260813_17:00:00   1.1019e+00   1.8825e+02   5.1303e+01   7.0091e-01   9.2361e-01   3.0716e+02
20260813_18:00:00   1.3056e+00   2.0463e+02   5.1824e+01   9.1680e-01   1.1260e+00   3.0439e+02
20260813_19:00:00   1.0822e+00   1.8540e+02   5.1727e+01   6.6191e-01   9.3718e-01   3.0427e+02
20260813_20:00:00   8.8203e-01   1.6517e+02   5.1675e+01   4.3645e-01   7.7011e-01   3.0387e+02
20260813_21:00:00   1.9384e+00   2.4028e+02   5.3867e+01   1.6288e+00   3.8909e-01   3.0232e+02
20260813_22:00:00   1.6855e+00   2.3159e+02   5.4853e+01   1.3722e+00   1.3130e-01   3.0304e+02
20260813_23:00:00   2.5293e+00   2.6240e+02   5.5202e+01   2.3877e+00   5.5508e-02   3.0358e+02
20260814_00:00:00   1.7088e+00   2.3430e+02   5.3055e+01   1.4591e+00   6.2141e-03   3.0614e+02
20260814_01:00:00   1.2719e+00   2.0645e+02   5.2142e+01   9.4654e-01   2.9953e-03   3.0645e+02
20260814_02:00:00   1.3840e+00   2.1398e+02   5.2896e+01   1.0588e+00   1.3859e-01   3.0698e+02
20260814_03:00:00   9.3512e-01   1.7449e+02   4.9830e+01   5.5571e-01   1.0248e-04   3.0783e+02
20260814_04:00:00   7.4480e-01   1.5108e+02   4.7520e+01   3.4894e-01   1.7812e-04   3.0734e+02
20260814_05:00:00   5.2256e-01   1.1755e+02   4.6542e+01   8.9088e-02   7.4560e-06   3.0790e+02
20260814_06:00:00   4.4067e-01   1.0326e+02   4.5425e+01   4.9757e-03   4.9280e-07   3.0903e+02
20260814_09:00:00   4.5337e-01   1.0536e+02   4.7561e+01   1.7257e-03   6.0151e-05   3.1031e+02
20260814_12:00:00   5.0712e-01   1.1424e+02   5.0053e+01   4.1260e-02   9.0749e-02   3.0618e+02
20260814_15:00:00   7.5951e-01   1.5028e+02   5.0509e+01   3.2616e-01   3.3911e-01   3.0673e+02
20260814_18:00:00   4.5559e-01   1.0563e+02   4.8817e+01   2.5660e-03   1.6398e-01   3.0890e+02
20260814_21:00:00   4.7421e-01   1.0928e+02   5.0385e+01   4.1742e-04   2.4290e-02   3.0766e+02
20260815_00:00:00   4.7408e-01   1.0932e+02   5.0562e+01   2.0800e-06   4.6264e-03   3.0771e+02
20260815_03:00:00   4.5908e-01   1.0704e+02   4.8556e+01   1.3788e-03   1.8466e-04   3.0747e+02
20260815_06:00:00   4.7638e-01   1.0992e+02   4.9320e+01   3.8180e-04   0.0000e+00   3.0688e+02
20260815_09:00:00   5.6069e-01   1.2400e+02   5.4456e+01   4.8761e-02   3.5982e-01   3.0348e+02
20260815_12:00:00   5.2503e-01   1.1823e+02   5.4431e+01   2.6949e-03   1.3824e-01   3.0764e+02
20260815_15:00:00   5.3423e-01   1.2040e+02   5.2196e+01   3.4684e-02   1.5087e-02   3.0610e+02
20260815_18:00:00   7.1063e-01   1.4689e+02   5.1445e+01   2.5472e-01   2.5915e-02   3.0340e+02
20260815_21:00:00   6.4151e-01   1.3880e+02   5.0294e+01   2.1193e-01   2.2761e-03   3.0605e+02
20260816_00:00:00   5.2655e-01   1.2005e+02   5.4908e+01   8.9810e-05   8.0504e-03   3.0286e+02
20260816_03:00:00   5.6968e-01   1.2715e+02   5.8858e+01   1.2316e-04   1.6103e-01   3.0308e+02
20260816_06:00:00   5.9335e-01   1.3111e+02   5.5980e+01   5.7659e-02   1.6769e-02   3.0492e+02
20260816_09:00:00   4.6872e-01   1.0989e+02   4.7347e+01   6.8566e-03   0.0000e+00   3.0404e+02
20260816_12:00:00   3.8456e-01   9.3673e+01   3.9048e+01   2.7240e-04   2.4885e-03   3.0593e+02
20260816_15:00:00   4.8151e-01   1.1168e+02   3.2960e+01   1.9479e-01   2.7778e-04   3.0592e+02
20260816_18:00:00   3.7801e-01   9.2405e+01   3.3465e+01   6.5703e-02   3.3661e-04   3.0437e+02
20260816_21:00:00   2.6822e-01   6.9752e+01   2.5460e+01   1.9513e-07   6.4228e-05   3.0800e+02
20260817_00:00:00   2.3470e-01   6.1909e+01   2.1974e+01   0.0000e+00   4.5100e-05   3.0762e+02
20260817_03:00:00   2.4759e-01   6.4768e+01   2.3879e+01   0.0000e+00   2.0559e-03   3.0793e+02
20260817_06:00:00   2.5609e-01   6.6607e+01   2.4633e+01   0.0000e+00   0.0000e+00   3.0603e+02
20260817_09:00:00   2.6159e-01   6.7727e+01   2.5595e+01   0.0000e+00   2.8604e-03   3.0664e+02
20260817_12:00:00   2.5530e-01   6.6241e+01   2.5223e+01   0.0000e+00   1.7820e-03   3.0885e+02
20260817_15:00:00   2.4995e-01   6.5031e+01   2.5067e+01   0.0000e+00   1.4979e-02   3.0611e+02
20260817_18:00:00   2.8773e-01   7.3097e+01   2.9811e+01   0.0000e+00   8.4059e-02   3.0371e+02
20260817_21:00:00   3.0540e-01   7.6777e+01   3.2190e+01   4.5547e-03   1.1976e-01   3.0050e+02
20260818_00:00:00   6.0044e-01   1.2807e+02   3.5901e+01   3.0758e-01   4.4600e-03   2.9915e+02
20260818_03:00:00   3.1137e-01   7.8204e+01   3.3373e+01   2.6020e-07   2.7653e-04   3.0115e+02
20260818_06:00:00   3.1725e-01   7.9173e+01   3.3889e+01   3.9937e-03   1.1641e-03   3.0868e+02
20260818_09:00:00   3.2639e-01   8.1283e+01   3.5251e+01   0.0000e+00   4.0055e-03   3.0715e+02
20260818_12:00:00   3.6973e-01   8.9438e+01   4.0898e+01   5.0159e-04   4.5919e-01   3.0692e+02
20260818_15:00:00   4.0269e-01   9.6494e+01   4.2181e+01   3.8820e-03   0.0000e+00   3.1731e+02
20260818_18:00:00   4.3557e-01   1.0354e+02   4.3996e+01   0.0000e+00   0.0000e+00   3.1230e+02
20260818_21:00:00   4.3763e-01   1.0464e+02   4.3720e+01   1.9508e-05   0.0000e+00   3.1450e+02
20260819_00:00:00   3.9603e-01   9.7131e+01   3.9271e+01   0.0000e+00   0.0000e+00   3.2211e+02
20260819_03:00:00   3.6779e-01   9.1462e+01   3.6848e+01   0.0000e+00   3.6689e-04   3.2351e+02
20260819_06:00:00   4.1770e-01   1.0063e+02   4.3970e+01   0.0000e+00   0.0000e+00   3.2025e+02
20260819_09:00:00   3.5023e-01   8.7321e+01   3.5004e+01   0.0000e+00   0.0000e+00   3.2303e+02
20260819_12:00:00   2.3736e-01   6.2810e+01   2.2606e+01   0.0000e+00   0.0000e+00   3.2230e+02
20260819_15:00:00   2.3229e-01   6.1459e+01   2.1410e+01   0.0000e+00   2.0804e-06   3.2230e+02
20260819_18:00:00   2.6906e-01   6.9599e+01   2.4983e+01   1.1756e-04   9.3220e-06   3.2148e+02
20260819_21:00:00   3.0958e-01   7.8253e+01   2.7606e+01   1.1750e-02   0.0000e+00   3.1999e+02
20260820_00:00:00   2.9018e-01   7.4070e+01   2.6757e+01   0.0000e+00   0.0000e+00   3.1892e+02
20260820_03:00:00   2.8734e-01   7.3400e+01   2.6714e+01   0.0000e+00   0.0000e+00   3.1925e+02
20260820_06:00:00   2.8021e-01   7.1786e+01   2.6377e+01   0.0000e+00   8.5894e-04   3.2161e+02
20260820_09:00:00   2.7408e-01   7.0301e+01   2.6099e+01   0.0000e+00   2.6788e-03   3.2652e+02
20260820_12:00:00   2.7542e-01   7.0420e+01   2.6494e+01   0.0000e+00   0.0000e+00   3.2472e+02
20260820_15:00:00   2.9597e-01   7.4692e+01   2.9120e+01   0.0000e+00   0.0000e+00   3.3022e+02
20260820_18:00:00   2.8414e-01   7.2522e+01   2.7947e+01   0.0000e+00   0.0000e+00   3.2984e+02
20260820_21:00:00   2.6870e-01   6.9343e+01   2.6819e+01   0.0000e+00   1.9327e-02   3.2594e+02
20260821_00:00:00   2.5045e-01   6.5350e+01   2.5928e+01   0.0000e+00   1.3737e-03   3.2603e+02
20260821_03:00:00   2.6886e-01   6.9227e+01   2.8697e+01   0.0000e+00   3.7860e-05   3.2359e+02
20260821_06:00:00   2.7893e-01   7.1445e+01   3.0271e+01   0.0000e+00   0.0000e+00   3.1966e+02
20260821_09:00:00   3.0026e-01   7.5850e+01   3.1997e+01   0.0000e+00   0.0000e+00   3.1945e+02
20260821_12:00:00   3.3370e-01   8.2748e+01   3.6077e+01   0.0000e+00   2.1384e-03   3.1551e+02
20260821_15:00:00   3.3202e-01   8.2993e+01   3.5223e+01   3.3280e-04   3.8163e-03   3.1647e+02
20260821_18:00:00   3.5965e-01   8.9157e+01   3.7948e+01   0.0000e+00   2.0958e-03   3.1630e+02
20260821_21:00:00   4.4379e-01   1.0579e+02   4.5836e+01   4.7505e-03   3.3541e-05   3.1339e+02
20260822_00:00:00   3.7586e-01   9.3598e+01   3.8742e+01   0.0000e+00   0.0000e+00   3.1334e+02
20260822_03:00:00   3.5204e-01   8.8042e+01   3.6453e+01   0.0000e+00   7.4100e-03   3.1321e+02
20260822_06:00:00   3.3446e-01   8.4240e+01   3.5134e+01   0.0000e+00   3.0440e-04   3.1357e+02
20260822_09:00:00   3.3856e-01   8.4787e+01   3.5186e+01   0.0000e+00   0.0000e+00   3.1438e+02
20260822_12:00:00   5.5422e-01   1.2163e+02   3.3164e+01   2.7505e-01   2.6220e-05   3.1764e+02
20260822_15:00:00   2.4141e-01   6.3395e+01   2.4520e+01   0.0000e+00   6.5220e-05   3.1880e+02
20260822_18:00:00   2.0981e-01   5.6400e+01   1.9825e+01   0.0000e+00   0.0000e+00   3.1892e+02
20260822_21:00:00   2.4200e-01   6.3660e+01   2.3137e+01   0.0000e+00   0.0000e+00   3.1646e+02
20260823_00:00:00   2.3470e-01   6.1969e+01   2.2828e+01   0.0000e+00   0.0000e+00   3.1557e+02
20260823_03:00:00   2.3815e-01   6.2781e+01   2.2749e+01   0.0000e+00   0.0000e+00   3.1231e+02
20260823_06:00:00   2.3050e-01   6.0854e+01   2.2061e+01   0.0000e+00   0.0000e+00   3.1499e+02
20260823_09:00:00   2.3195e-01   6.0942e+01   2.2489e+01   0.0000e+00   1.6719e-04   3.1570e+02
20260823_12:00:00   2.3674e-01   6.1812e+01   2.3355e+01   0.0000e+00   0.0000e+00   3.1374e+02
20260823_15:00:00   2.4705e-01   6.4164e+01   2.4504e+01   0.0000e+00   0.0000e+00   3.1192e+02
20260823_18:00:00   2.6611e-01   6.8641e+01   2.6537e+01   0.0000e+00   0.0000e+00   3.1467e+02
20260823_21:00:00   2.8125e-01   7.2003e+01   2.8882e+01   0.0000e+00   0.0000e+00   3.1014e+02
20260824_00:00:00   2.8228e-01   7.2389e+01   2.9107e+01   0.0000e+00   0.0000e+00   3.1014e+02
20260824_03:00:00   2.9218e-01   7.4437e+01   3.0117e+01   0.0000e+00   0.0000e+00   3.1149e+02
20260824_06:00:00   2.9384e-01   7.4687e+01   3.0209e+01   0.0000e+00   0.0000e+00   3.1013e+02
20260824_09:00:00   2.8955e-01   7.3745e+01   2.9626e+01   0.0000e+00   0.0000e+00   3.0820e+02
20260824_12:00:00   3.0069e-01   7.5858e+01   3.0760e+01   0.0000e+00   0.0000e+00   3.0806e+02
20260824_15:00:00   3.0076e-01   7.6026e+01   3.0618e+01   0.0000e+00   0.0000e+00   3.0724e+02
20260824_18:00:00   3.0440e-01   7.7142e+01   3.1278e+01   0.0000e+00   0.0000e+00   3.1021e+02
20260824_21:00:00   3.0017e-01   7.6559e+01   3.1320e+01   0.0000e+00   0.0000e+00   3.1247e+02
20260825_00:00:00   2.9504e-01   7.5619e+01   3.0931e+01   0.0000e+00   0.0000e+00   3.1308e+02
20260825_03:00:00   2.8829e-01   7.4106e+01   3.0212e+01   0.0000e+00   0.0000e+00   3.0860e+02
20260825_06:00:00   2.7459e-01   7.1044e+01   2.8753e+01   0.0000e+00   0.0000e+00   3.0482e+02
