#            date       tau255        Tb[K]      pwv[mm] lwp[kg*m^-2] iwp[kg*m^-2]       o3[DU]
20260903_18:00:00   3.7396e-01   9.3036e+01   3.9458e+01   0.0000e+00   0.0000e+00   2.7814e+02
20260903_19:00:00   3.7980e-01   9.4118e+01   3.9839e+01   1.8350e-03   1.0404e-06   2.7663e+02
20260903_20:00:00   3.9270e-01   9.6512e+01   4.0821e+01   1.6314e-02   1.9394e-03   2.7819e+02
20260903_21:00:00   3.5776e-01   8.9719e+01   3.9081e+01   0.0000e+00   2.0200e-03   2.7662e+02
20260903_22:00:00   3.5304e-01   8.8744e+01   3.9566e+01   0.0000e+00   0.0000e+00   2.7491e+02
20260903_23:00:00   3.5449e-01   8.8956e+01   4.0721e+01   0.0000e+00   0.0000e+00   2.7540e+02
20260904_00:00:00   3.5756e-01   8.9696e+01   4.0428e+01   0.0000e+00   0.0000e+00   2.8111e+02
20260904_01:00:00   3.6768e-01   9.1797e+01   4.0648e+01   0.0000e+00   0.0000e+00   2.8484e+02
20260904_02:00:00   3.6535e-01   9.1342e+01   3.9948e+01   0.0000e+00   0.0000e+00   2.8688e+02
20260904_03:00:00   3.4756e-01   8.7824e+01   3.7521e+01   0.0000e+00   0.0000e+00   2.8750e+02
20260904_04:00:00   3.3945e-01   8.6155e+01   3.6712e+01   0.0000e+00   0.0000e+00   2.8704e+02
20260904_05:00:00   3.3615e-01   8.5388e+01   3.6901e+01   0.0000e+00   0.0000e+00   2.8727e+02
20260904_06:00:00   3.3897e-01   8.5903e+01   3.7382e+01   0.0000e+00   0.0000e+00   2.8714e+02
20260904_07:00:00   3.3805e-01   8.5639e+01   3.7591e+01   0.0000e+00   0.0000e+00   2.8796e+02
20260904_08:00:00   3.4657e-01   8.7309e+01   3.8590e+01   0.0000e+00   0.0000e+00   2.8849e+02
20260904_09:00:00   3.4610e-01   8.7258e+01   3.8440e+01   0.0000e+00   0.0000e+00   2.8829e+02
20260904_10:00:00   3.4412e-01   8.6891e+01   3.8079e+01   0.0000e+00   0.0000e+00   2.8799e+02
20260904_11:00:00   3.5767e-01   8.9539e+01   3.9061e+01   0.0000e+00   0.0000e+00   2.8772e+02
20260904_12:00:00   3.6544e-01   9.1146e+01   3.9680e+01   0.0000e+00   0.0000e+00   2.8728e+02
20260904_13:00:00   3.7425e-01   9.2947e+01   4.0314e+01   0.0000e+00   0.0000e+00   2.8617e+02
20260904_14:00:00   3.8234e-01   9.4565e+01   4.0977e+01   0.0000e+00   0.0000e+00   2.8659e+02
20260904_15:00:00   3.8538e-01   9.5226e+01   4.0986e+01   0.0000e+00   0.0000e+00   2.8602e+02
20260904_16:00:00   3.8263e-01   9.4846e+01   4.0620e+01   0.0000e+00   0.0000e+00   2.8607e+02
20260904_17:00:00   3.8224e-01   9.4930e+01   4.0480e+01   0.0000e+00   0.0000e+00   2.8737e+02
20260904_18:00:00   3.7445e-01   9.3446e+01   3.9986e+01   0.0000e+00   1.1068e-05   2.8937e+02
20260904_19:00:00   3.6879e-01   9.2349e+01   3.9707e+01   0.0000e+00   1.5794e-03   2.8996e+02
20260904_20:00:00   3.6782e-01   9.2132e+01   4.0017e+01   0.0000e+00   3.2340e-04   2.9046e+02
20260904_21:00:00   3.6514e-01   9.1577e+01   4.0368e+01   0.0000e+00   2.9735e-03   2.8954e+02
20260904_22:00:00   3.5911e-01   9.0416e+01   3.9733e+01   0.0000e+00   8.3143e-03   2.8998e+02
20260904_23:00:00   3.4756e-01   8.8086e+01   3.8720e+01   0.0000e+00   3.8325e-02   2.9104e+02
20260905_00:00:00   3.6411e-01   9.1160e+01   4.0933e+01   1.9803e-04   4.2626e-01   2.8895e+02
20260905_01:00:00   4.3672e-01   1.0448e+02   4.4855e+01   1.9969e-02   4.8077e-01   2.8979e+02
20260905_02:00:00   3.4671e-01   8.7309e+01   3.9380e+01   0.0000e+00   5.6530e-01   2.9056e+02
20260905_03:00:00   3.6349e-01   9.0477e+01   4.1905e+01   0.0000e+00   4.0240e-01   2.9273e+02
20260905_04:00:00   3.6509e-01   9.0888e+01   4.2342e+01   0.0000e+00   5.4471e-02   2.9224e+02
20260905_05:00:00   3.8717e-01   9.5182e+01   4.3378e+01   0.0000e+00   1.1814e-02   2.9038e+02
20260905_06:00:00   3.9672e-01   9.7062e+01   4.4107e+01   0.0000e+00   2.1555e-02   2.9050e+02
20260905_07:00:00   3.9767e-01   9.7228e+01   4.4202e+01   0.0000e+00   3.6140e-02   2.8985e+02
20260905_08:00:00   3.9324e-01   9.6227e+01   4.3882e+01   0.0000e+00   2.4258e-03   2.8901e+02
20260905_09:00:00   4.0076e-01   9.7604e+01   4.4099e+01   0.0000e+00   1.0672e-03   2.8949e+02
20260905_10:00:00   3.9259e-01   9.5933e+01   4.3046e+01   0.0000e+00   4.2064e-04   2.9091e+02
20260905_11:00:00   3.7454e-01   9.2601e+01   4.0660e+01   0.0000e+00   0.0000e+00   2.9247e+02
20260905_12:00:00   3.5617e-01   8.9100e+01   3.8372e+01   0.0000e+00   9.6130e-05   2.9257e+02
20260905_13:00:00   3.5331e-01   8.8582e+01   3.7955e+01   0.0000e+00   5.7394e-04   2.9291e+02
20260905_14:00:00   3.5456e-01   8.8807e+01   3.8444e+01   0.0000e+00   1.6894e-03   2.9366e+02
20260905_15:00:00   3.5981e-01   8.9835e+01   3.8993e+01   0.0000e+00   1.8718e-03   2.9427e+02
20260905_16:00:00   3.6619e-01   9.1185e+01   3.9387e+01   0.0000e+00   0.0000e+00   2.9424e+02
20260905_17:00:00   3.7115e-01   9.2297e+01   3.9789e+01   0.0000e+00   0.0000e+00   2.9341e+02
20260905_18:00:00   3.7243e-01   9.2677e+01   3.9999e+01   0.0000e+00   0.0000e+00   2.9295e+02
20260905_19:00:00   3.8269e-01   9.4794e+01   4.1163e+01   0.0000e+00   0.0000e+00   2.9297e+02
20260905_20:00:00   3.8814e-01   9.5922e+01   4.1917e+01   0.0000e+00   0.0000e+00   2.9251e+02
20260905_21:00:00   3.9098e-01   9.6564e+01   4.2201e+01   0.0000e+00   0.0000e+00   2.9157e+02
20260905_22:00:00   3.9470e-01   9.7333e+01   4.2550e+01   0.0000e+00   0.0000e+00   2.9203e+02
20260905_23:00:00   4.0365e-01   9.9128e+01   4.3383e+01   0.0000e+00   0.0000e+00   2.9171e+02
20260906_00:00:00   4.1197e-01   1.0085e+02   4.3407e+01   0.0000e+00   2.7680e-05   2.9060e+02
20260906_01:00:00   3.9105e-01   9.6630e+01   4.1568e+01   0.0000e+00   0.0000e+00   2.8711e+02
20260906_02:00:00   3.9348e-01   9.6988e+01   4.1573e+01   0.0000e+00   0.0000e+00   2.8496e+02
20260906_03:00:00   3.9990e-01   9.8126e+01   4.1854e+01   0.0000e+00   0.0000e+00   2.8418e+02
20260906_04:00:00   3.9288e-01   9.6645e+01   4.1004e+01   0.0000e+00   0.0000e+00   2.8463e+02
20260906_05:00:00   3.8279e-01   9.4423e+01   4.0301e+01   0.0000e+00   0.0000e+00   2.8527e+02
20260906_06:00:00   3.7434e-01   9.2571e+01   3.9837e+01   0.0000e+00   2.0800e-07   2.8672e+02
20260906_07:00:00   3.8226e-01   9.3856e+01   4.0785e+01   0.0000e+00   1.7148e-04   2.8707e+02
20260906_08:00:00   3.8392e-01   9.4012e+01   4.0786e+01   0.0000e+00   1.3156e-03   2.8658e+02
20260906_09:00:00   3.8521e-01   9.4138e+01   4.0973e+01   0.0000e+00   1.0220e-03   2.8714e+02
20260906_10:00:00   3.8022e-01   9.3163e+01   4.0451e+01   0.0000e+00   1.3108e-05   2.8487e+02
20260906_11:00:00   3.8206e-01   9.3524e+01   4.0331e+01   0.0000e+00   3.6941e-05   2.8412e+02
20260906_12:00:00   3.8776e-01   9.4318e+01   4.1622e+01   0.0000e+00   1.8785e-03   2.8353e+02
20260906_13:00:00   3.8651e-01   9.4068e+01   4.1265e+01   0.0000e+00   4.8296e-03   2.8525e+02
20260906_14:00:00   3.9589e-01   9.5524e+01   4.2932e+01   0.0000e+00   1.2452e-01   2.8711e+02
20260906_15:00:00   3.8773e-01   9.4016e+01   4.2176e+01   0.0000e+00   1.3117e-01   2.8666e+02
20260906_16:00:00   3.7727e-01   9.2091e+01   4.0997e+01   0.0000e+00   5.1104e-02   2.8981e+02
20260906_17:00:00   3.7409e-01   9.1560e+01   4.0671e+01   0.0000e+00   6.5610e-02   2.8906e+02
20260906_18:00:00   3.8075e-01   9.2859e+01   4.1349e+01   0.0000e+00   1.1832e-01   2.8908e+02
20260906_19:00:00   3.7128e-01   9.1123e+01   4.0832e+01   0.0000e+00   3.9757e-02   2.8773e+02
20260906_20:00:00   3.7772e-01   9.2362e+01   4.1708e+01   0.0000e+00   1.2615e-01   2.8681e+02
20260906_21:00:00   3.7865e-01   9.2465e+01   4.1964e+01   0.0000e+00   1.4293e-01   2.8641e+02
20260906_22:00:00   3.7241e-01   9.1266e+01   4.1273e+01   0.0000e+00   1.4118e-01   2.8743e+02
20260906_23:00:00   3.7570e-01   9.1941e+01   4.1244e+01   0.0000e+00   1.4013e-01   2.8712e+02
20260907_00:00:00   3.8661e-01   9.3859e+01   4.2349e+01   0.0000e+00   4.5114e-01   2.8634e+02
20260907_01:00:00   3.7616e-01   9.1708e+01   4.1507e+01   0.0000e+00   2.2113e-01   2.8334e+02
20260907_02:00:00   4.1981e-01   9.9209e+01   4.1639e+01   4.4337e-02   5.4821e-01   2.8385e+02
20260907_03:00:00   5.9900e-01   1.2857e+02   4.2025e+01   2.3711e-01   3.9086e-01   2.8259e+02
20260907_04:00:00   3.8276e-01   9.2513e+01   4.1417e+01   3.4341e-03   2.9020e-01   2.8114e+02
20260907_05:00:00   4.0089e-01   9.5643e+01   4.0967e+01   3.1842e-02   2.8105e-01   2.8180e+02
20260907_06:00:00   3.5051e-01   8.6158e+01   3.8036e+01   8.4620e-03   4.6908e-02   2.8392e+02
20260907_07:00:00   3.7971e-01   9.1689e+01   3.7354e+01   4.3582e-02   5.7638e-05   2.8419e+02
20260907_08:00:00   5.3860e-01   1.1909e+02   3.8754e+01   2.0417e-01   1.5122e-04   2.8508e+02
20260907_09:00:00   3.8711e-01   9.3380e+01   4.0238e+01   1.6289e-02   1.5406e-05   2.8385e+02
20260907_10:00:00   3.9313e-01   9.4564e+01   4.1450e+01   5.0401e-03   2.4265e-05   2.8073e+02
20260907_11:00:00   3.8825e-01   9.3745e+01   4.1157e+01   1.1964e-05   7.6440e-05   2.8149e+02
20260907_12:00:00   3.8985e-01   9.4037e+01   4.1172e+01   5.0460e-05   3.0661e-05   2.8068e+02
20260907_13:00:00   3.9800e-01   9.5492e+01   4.1374e+01   3.4636e-03   3.9280e-05   2.8077e+02
20260907_14:00:00   3.9821e-01   9.5572e+01   4.0859e+01   8.2561e-03   0.0000e+00   2.8186e+02
20260907_15:00:00   3.8388e-01   9.2983e+01   4.0151e+01   9.3640e-05   0.0000e+00   2.8080e+02
20260907_16:00:00   3.8094e-01   9.2522e+01   4.0115e+01   0.0000e+00   1.2300e-05   2.7982e+02
20260907_17:00:00   3.7081e-01   9.0663e+01   3.9364e+01   0.0000e+00   1.1590e-05   2.7949e+02
20260907_18:00:00   3.6428e-01   8.9432e+01   3.8947e+01   0.0000e+00   1.9398e-04   2.7933e+02
20260907_19:00:00   3.6135e-01   8.8923e+01   3.8818e+01   0.0000e+00   1.4609e-03   2.7909e+02
20260907_20:00:00   3.5914e-01   8.8554e+01   3.8834e+01   0.0000e+00   1.3108e-05   2.7852e+02
20260907_21:00:00   3.5480e-01   8.7774e+01   3.8382e+01   0.0000e+00   1.3862e-05   2.7956e+02
20260907_22:00:00   3.5492e-01   8.7746e+01   3.8539e+01   0.0000e+00   7.0960e-06   2.8074e+02
20260907_23:00:00   3.4925e-01   8.6570e+01   3.8433e+01   0.0000e+00   8.0418e-04   2.8185e+02
20260908_00:00:00   3.4483e-01   8.5613e+01   3.8174e+01   0.0000e+00   1.4544e-03   2.8278e+02
20260908_01:00:00   3.4137e-01   8.4836e+01   3.8093e+01   0.0000e+00   1.5626e-03   2.8170e+02
20260908_02:00:00   3.3889e-01   8.4380e+01   3.7985e+01   0.0000e+00   2.3008e-04   2.8151e+02
20260908_03:00:00   3.3524e-01   8.3672e+01   3.7876e+01   0.0000e+00   8.6373e-03   2.8126e+02
20260908_04:00:00   3.4283e-01   8.5157e+01   3.8927e+01   0.0000e+00   1.4063e-02   2.8062e+02
20260908_05:00:00   3.4928e-01   8.6440e+01   3.9496e+01   0.0000e+00   9.3463e-04   2.8198e+02
20260908_06:00:00   3.5041e-01   8.6668e+01   3.9701e+01   0.0000e+00   2.1496e-03   2.8173e+02
20260908_07:00:00   3.4912e-01   8.6440e+01   3.9729e+01   0.0000e+00   1.6216e-03   2.8080e+02
20260908_08:00:00   3.5579e-01   8.7729e+01   4.0339e+01   0.0000e+00   2.7989e-03   2.8133e+02
20260908_09:00:00   3.6342e-01   8.9179e+01   4.1005e+01   0.0000e+00   4.1456e-03   2.7983e+02
20260908_10:00:00   3.7410e-01   9.1356e+01   4.2023e+01   0.0000e+00   7.0494e-03   2.7974e+02
20260908_11:00:00   3.8350e-01   9.3321e+01   4.2948e+01   0.0000e+00   5.7987e-03   2.8069e+02
20260908_12:00:00   3.8739e-01   9.4114e+01   4.3310e+01   0.0000e+00   4.0440e-03   2.8208e+02
20260908_13:00:00   3.9138e-01   9.4982e+01   4.3660e+01   0.0000e+00   3.3807e-03   2.8350e+02
20260908_14:00:00   3.9520e-01   9.5844e+01   4.3928e+01   0.0000e+00   1.7655e-03   2.8356e+02
20260908_15:00:00   3.9840e-01   9.6545e+01   4.4293e+01   0.0000e+00   7.2525e-04   2.8198e+02
20260908_16:00:00   4.0185e-01   9.7388e+01   4.4770e+01   0.0000e+00   2.6220e-05   2.7918e+02
20260908_17:00:00   4.0350e-01   9.7843e+01   4.5137e+01   0.0000e+00   0.0000e+00   2.7840e+02
20260908_18:00:00   3.9875e-01   9.7098e+01   4.5294e+01   0.0000e+00   0.0000e+00   2.7877e+02
20260908_21:00:00   4.0560e-01   9.9238e+01   4.5565e+01   1.6012e-03   9.8560e-07   2.7807e+02
20260909_00:00:00   5.2159e-01   1.1924e+02   4.7135e+01   1.2062e-01   1.6676e-04   2.7949e+02
20260909_03:00:00   8.6719e-01   1.6636e+02   4.7278e+01   5.1719e-01   1.3390e-04   2.7920e+02
20260909_06:00:00   4.8151e-01   1.1203e+02   4.4596e+01   1.0965e-01   3.0660e-06   2.7954e+02
20260909_09:00:00   3.7996e-01   9.3600e+01   4.4022e+01   6.6840e-05   8.1813e-04   2.8044e+02
20260909_12:00:00   4.3134e-01   1.0338e+02   4.7374e+01   0.0000e+00   8.9798e-06   2.7923e+02
20260909_15:00:00   5.3888e-01   1.2136e+02   5.0574e+01   8.6741e-02   1.2769e-03   2.8122e+02
20260909_18:00:00   3.5206e-01   8.6975e+01   3.5129e+01   4.5374e-02   7.7939e-04   2.7960e+02
20260909_21:00:00   6.1034e-01   1.2967e+02   3.4045e+01   3.5608e-01   2.5628e-03   2.8121e+02
20260910_00:00:00   2.9648e-01   7.5670e+01   3.4743e+01   0.0000e+00   6.6285e-04   2.8169e+02
20260910_03:00:00   3.4347e-01   8.5758e+01   3.9607e+01   6.8960e-04   7.7483e-05   2.7846e+02
20260910_06:00:00   3.7171e-01   9.1514e+01   4.2735e+01   6.0880e-05   3.6950e-04   2.7546e+02
20260910_09:00:00   7.0107e-01   1.4476e+02   4.7674e+01   3.2175e-01   6.2552e-04   2.7610e+02
20260910_12:00:00   3.7045e-01   9.1149e+01   4.2245e+01   6.1600e-07   1.1390e-04   2.7891e+02
20260910_15:00:00   3.5379e-01   8.7778e+01   4.0708e+01   0.0000e+00   4.0358e-04   2.7687e+02
20260910_18:00:00   3.7774e-01   9.2845e+01   4.3042e+01   0.0000e+00   6.4156e-05   2.7526e+02
20260910_21:00:00   3.9804e-01   9.7047e+01   4.4913e+01   0.0000e+00   4.9380e-04   2.7534e+02
20260911_00:00:00   3.6852e-01   9.1699e+01   4.1010e+01   0.0000e+00   0.0000e+00   2.7377e+02
20260911_03:00:00   4.0588e-01   9.8860e+01   4.4198e+01   3.6420e-06   1.3282e-05   2.7402e+02
20260911_06:00:00   5.5112e-01   1.2258e+02   4.6278e+01   1.5588e-01   1.9616e-01   2.7367e+02
20260911_09:00:00   7.8768e-01   1.5468e+02   4.3028e+01   4.4517e-01   2.5915e-02   2.7459e+02
20260911_12:00:00   5.2592e-01   1.1737e+02   3.8498e+01   1.8984e-01   1.0858e-03   2.7876e+02
20260911_15:00:00   3.4697e-01   8.6013e+01   3.8744e+01   2.4320e-03   4.5100e-05   2.7479e+02
20260911_18:00:00   8.2902e-01   1.5908e+02   4.0785e+01   5.3073e-01   2.5580e-03   2.7488e+02
20260911_21:00:00   4.9397e-01   1.1234e+02   3.9276e+01   1.6446e-01   3.4100e-04   2.7306e+02
20260912_00:00:00   3.4298e-01   8.6013e+01   3.7780e+01   0.0000e+00   5.9680e-06   2.7245e+02
20260912_03:00:00   3.5444e-01   8.8369e+01   3.8377e+01   0.0000e+00   2.4640e-06   2.7113e+02
20260912_06:00:00   3.5194e-01   8.7733e+01   3.7819e+01   0.0000e+00   6.5540e-06   2.7194e+02
20260912_09:00:00   3.5247e-01   8.7617e+01   3.7480e+01   2.4043e-03   4.9041e-05   2.7289e+02
20260912_12:00:00   4.0596e-01   9.7472e+01   3.8440e+01   6.1641e-02   5.3294e-05   2.7438e+02
20260912_15:00:00   3.5585e-01   8.8328e+01   3.8054e+01   1.0518e-02   0.0000e+00   2.7446e+02
20260912_18:00:00   3.3523e-01   8.4740e+01   3.6779e+01   4.5580e-05   0.0000e+00   2.7557e+02
20260912_21:00:00   3.3243e-01   8.4800e+01   3.6616e+01   0.0000e+00   2.2140e-06   2.7721e+02
20260913_00:00:00   3.2980e-01   8.4438e+01   3.6291e+01   0.0000e+00   0.0000e+00   2.7797e+02
20260913_03:00:00   3.7424e-01   9.2927e+01   4.1645e+01   2.6080e-03   1.5890e-04   2.7770e+02
20260913_06:00:00   3.6613e-01   9.1200e+01   4.0716e+01   3.0238e-04   1.9714e-06   2.7973e+02
20260913_09:00:00   3.7082e-01   9.2078e+01   4.0910e+01   0.0000e+00   0.0000e+00   2.7845e+02
20260913_12:00:00   3.5113e-01   8.8032e+01   3.8962e+01   3.9220e-04   1.6646e-06   2.8142e+02
20260913_15:00:00   3.3906e-01   8.5677e+01   3.7779e+01   0.0000e+00   0.0000e+00   2.8390e+02
20260913_18:00:00   3.5786e-01   8.9505e+01   3.9739e+01   2.8380e-03   0.0000e+00   2.8413e+02
20260913_21:00:00   1.2282e+00   2.0017e+02   4.1953e+01   9.8470e-01   2.2900e-04   2.8403e+02
20260914_00:00:00   8.9096e-01   1.6766e+02   4.1429e+01   6.0476e-01   9.8148e-04   2.8427e+02
20260914_03:00:00   3.4346e-01   8.6485e+01   3.9398e+01   1.8472e-03   7.0740e-06   2.8049e+02
20260914_06:00:00   3.7550e-01   9.2371e+01   4.0904e+01   2.3160e-02   1.4510e-05   2.8348e+02
20260914_09:00:00   4.2277e-01   1.0085e+02   4.5493e+01   2.1939e-02   2.1045e-03   2.8328e+02
20260914_12:00:00   3.9667e-01   9.6131e+01   4.4164e+01   6.5540e-06   0.0000e+00   2.8330e+02
20260914_15:00:00   4.3067e-01   1.0270e+02   4.6172e+01   0.0000e+00   0.0000e+00   2.8182e+02
20260914_18:00:00   4.8546e-01   1.1281e+02   4.9638e+01   2.6478e-02   1.0486e-05   2.8300e+02
20260914_21:00:00   1.0617e+00   1.8837e+02   4.9803e+01   7.1593e-01   0.0000e+00   2.8367e+02
20260915_00:00:00   4.2911e-01   1.0317e+02   4.6082e+01   1.1595e-02   1.3136e-04   2.8402e+02
20260915_03:00:00   3.8939e-01   9.5889e+01   4.2688e+01   2.3180e-03   0.0000e+00   2.8480e+02
20260915_06:00:00   4.3558e-01   1.0374e+02   4.0539e+01   8.7059e-02   0.0000e+00   2.8554e+02
20260915_09:00:00   3.4067e-01   8.5862e+01   3.8695e+01   1.2258e-03   3.1459e-04   2.8571e+02
20260915_12:00:00   3.3967e-01   8.5617e+01   3.7556e+01   0.0000e+00   0.0000e+00   2.8913e+02
20260915_15:00:00   3.4235e-01   8.5869e+01   3.8689e+01   0.0000e+00   1.5778e-03   2.9060e+02
20260915_18:00:00   3.2489e-01   8.2980e+01   3.4918e+01   2.0058e-03   3.4680e-04   2.9989e+02
20260915_21:00:00   3.1751e-01   8.1753e+01   3.3275e+01   0.0000e+00   0.0000e+00   2.9783e+02
20260916_00:00:00   2.8936e-01   7.5457e+01   3.0502e+01   0.0000e+00   0.0000e+00   2.9844e+02
20260916_03:00:00   2.1435e-01   5.7803e+01   2.3255e+01   0.0000e+00   0.0000e+00   2.9647e+02
20260916_06:00:00   1.7653e-01   4.8369e+01   1.8719e+01   0.0000e+00   0.0000e+00   2.9401e+02
20260916_09:00:00   1.8070e-01   4.9207e+01   1.9130e+01   0.0000e+00   0.0000e+00   2.9708e+02
20260916_12:00:00   1.8504e-01   5.0227e+01   1.9813e+01   0.0000e+00   0.0000e+00   2.9771e+02
20260916_15:00:00   1.8741e-01   5.0912e+01   1.9893e+01   0.0000e+00   0.0000e+00   2.9746e+02
20260916_18:00:00   1.9874e-01   5.3669e+01   2.1506e+01   0.0000e+00   0.0000e+00   2.9503e+02
20260916_21:00:00   2.0901e-01   5.6185e+01   2.3276e+01   0.0000e+00   0.0000e+00   2.9149e+02
20260917_00:00:00   2.4187e-01   6.3843e+01   2.6898e+01   0.0000e+00   1.7244e-04   2.8907e+02
20260917_03:00:00   2.7331e-01   7.0968e+01   3.0642e+01   0.0000e+00   4.4656e-03   2.9035e+02
20260917_06:00:00   2.8619e-01   7.3971e+01   3.2329e+01   3.5460e-04   1.9088e-02   2.9007e+02
20260917_09:00:00   9.3384e-01   1.7046e+02   4.6806e+01   5.7101e-01   7.8650e-01   2.8807e+02
20260917_12:00:00   1.2615e+00   2.0052e+02   4.7782e+01   9.3222e-01   5.3404e-01   2.8990e+02
20260917_15:00:00   4.2588e-01   1.0083e+02   4.3963e+01   3.4080e-02   3.7836e-02   2.9079e+02
20260917_18:00:00   4.2275e-01   9.9850e+01   4.0075e+01   8.3724e-02   6.4520e-01   2.8977e+02
20260917_21:00:00   3.3535e-01   8.3752e+01   3.8583e+01   1.1104e-03   3.1279e-01   2.9102e+02
20260918_00:00:00   3.0756e-01   7.8072e+01   3.5842e+01   0.0000e+00   4.8504e-01   2.9325e+02
20260918_03:00:00   3.0579e-01   7.8063e+01   3.5254e+01   1.7040e-04   3.5239e-02   2.8788e+02
20260918_06:00:00   3.2952e-01   8.2539e+01   3.4647e+01   3.4431e-02   5.4203e-02   2.8887e+02
20260918_09:00:00   5.5950e-01   1.2219e+02   3.8457e+01   2.4233e-01   1.3334e-01   2.9201e+02
20260918_12:00:00   3.2809e-01   8.2729e+01   3.5599e+01   0.0000e+00   0.0000e+00   2.9265e+02
20260918_15:00:00   2.8890e-01   7.4069e+01   3.1058e+01   0.0000e+00   9.5840e-04   2.9016e+02
20260918_18:00:00   2.2391e-01   5.9249e+01   2.4130e+01   1.3726e-03   3.4500e-05   2.8934e+02
20260918_21:00:00   2.2852e-01   6.0503e+01   2.4612e+01   0.0000e+00   0.0000e+00   2.8758e+02
20260919_00:00:00   1.8472e-01   5.0365e+01   1.9200e+01   0.0000e+00   0.0000e+00   2.8971e+02
20260919_03:00:00   1.9412e-01   5.2395e+01   2.0532e+01   0.0000e+00   0.0000e+00   2.9029e+02
20260919_06:00:00   1.9148e-01   5.1694e+01   2.0427e+01   0.0000e+00   0.0000e+00   2.8522e+02
20260919_09:00:00   1.9469e-01   5.2431e+01   2.0526e+01   0.0000e+00   0.0000e+00   2.8090e+02
20260919_12:00:00   1.8485e-01   5.0178e+01   1.9170e+01   0.0000e+00   0.0000e+00   2.8715e+02
20260919_15:00:00   2.2816e-01   6.0404e+01   2.5060e+01   0.0000e+00   0.0000e+00   2.8561e+02
20260919_18:00:00   2.5562e-01   6.7166e+01   2.8759e+01   0.0000e+00   2.9580e-06   2.8561e+02
