#            date       tau255        Tb[K]      pwv[mm] lwp[kg*m^-2] iwp[kg*m^-2]       o3[DU]
20260922_00:00:00   9.4527e-01   1.7306e+02   3.3791e+01   7.1445e-01   2.8235e-04   3.0081e+02
20260922_01:00:00   1.1209e+00   1.9013e+02   3.3717e+01   9.1794e-01   3.0605e-03   2.9877e+02
20260922_02:00:00   1.0104e+00   1.7922e+02   3.3491e+01   7.8837e-01   2.1500e-02   2.9979e+02
20260922_03:00:00   9.7686e-01   1.7551e+02   3.3183e+01   7.4985e-01   3.8071e-02   3.0219e+02
20260922_04:00:00   1.0911e+00   1.8638e+02   3.2470e+01   8.8470e-01   3.3612e-03   3.0554e+02
20260922_05:00:00   9.7049e-01   1.7425e+02   3.2058e+01   7.4627e-01   2.5440e-03   3.0538e+02
20260922_06:00:00   9.2952e-01   1.6990e+02   3.1816e+01   7.0158e-01   1.5677e-03   3.0514e+02
20260922_07:00:00   9.3685e-01   1.7088e+02   3.1560e+01   7.1635e-01   2.7805e-03   3.0432e+02
20260922_08:00:00   1.0671e+00   1.8389e+02   3.1453e+01   8.6705e-01   2.2832e-03   3.0492e+02
20260922_09:00:00   1.4099e+00   2.0987e+02   3.1863e+01   1.2411e+00   9.0159e-02   3.0494e+02
20260922_10:00:00   1.2489e+00   1.9755e+02   3.2259e+01   1.0460e+00   4.7014e-01   3.0465e+02
20260922_11:00:00   1.0245e+00   1.7814e+02   3.2030e+01   7.9293e-01   2.9804e-01   3.0624e+02
20260922_12:00:00   1.0111e+00   1.7703e+02   3.1376e+01   7.8646e-01   1.3943e-01   3.0896e+02
20260922_13:00:00   1.0181e+00   1.7809e+02   3.0326e+01   8.0891e-01   1.0554e-02   3.1230e+02
20260922_14:00:00   7.8028e-01   1.5159e+02   2.9519e+01   5.4560e-01   1.3726e-03   3.1511e+02
20260922_15:00:00   6.4759e-01   1.3369e+02   2.9013e+01   3.9855e-01   3.7169e-04   3.1357e+02
20260922_16:00:00   6.2496e-01   1.3033e+02   2.8562e+01   3.7654e-01   1.2204e-04   3.1002e+02
20260922_17:00:00   5.2601e-01   1.1511e+02   2.8414e+01   2.6428e-01   1.0146e-04   3.0493e+02
20260922_18:00:00   3.9885e-01   9.3161e+01   2.8160e+01   1.1996e-01   1.1122e-05   3.0329e+02
20260922_19:00:00   3.5806e-01   8.5485e+01   2.8226e+01   7.0252e-02   7.0090e-07   3.0300e+02
20260922_20:00:00   4.4879e-01   1.0223e+02   2.8193e+01   1.7526e-01   3.5040e-07   3.0069e+02
20260922_21:00:00   3.3639e-01   8.1339e+01   2.7773e+01   4.9190e-02   0.0000e+00   2.9839e+02
20260922_22:00:00   3.0126e-01   7.4362e+01   2.7519e+01   1.1710e-02   3.4080e-05   2.9695e+02
20260922_23:00:00   3.1127e-01   7.6403e+01   2.7483e+01   2.3282e-02   1.5730e-05   2.9406e+02
20260923_00:00:00   3.8961e-01   9.1418e+01   2.7301e+01   1.1370e-01   0.0000e+00   2.9283e+02
20260923_01:00:00   3.7550e-01   8.8784e+01   2.6407e+01   1.0862e-01   8.9720e-06   2.9325e+02
20260923_02:00:00   2.8934e-01   7.1885e+01   2.5324e+01   2.3960e-02   2.6220e-06   2.9399e+02
20260923_03:00:00   2.6685e-01   6.7214e+01   2.4750e+01   5.5260e-03   1.1336e-05   2.9500e+02
20260923_04:00:00   2.6311e-01   6.6417e+01   2.4690e+01   1.6066e-03   7.4560e-06   2.9422e+02
20260923_05:00:00   2.5878e-01   6.5500e+01   2.4368e+01   0.0000e+00   3.7280e-06   2.9294e+02
20260923_06:00:00   2.5318e-01   6.4311e+01   2.3840e+01   0.0000e+00   0.0000e+00   2.9264e+02
20260923_07:00:00   2.4890e-01   6.3386e+01   2.3456e+01   0.0000e+00   0.0000e+00   2.9304e+02
20260923_08:00:00   2.4420e-01   6.2341e+01   2.3043e+01   0.0000e+00   0.0000e+00   2.9543e+02
20260923_09:00:00   2.4152e-01   6.1768e+01   2.2788e+01   0.0000e+00   0.0000e+00   2.9710e+02
20260923_10:00:00   2.3960e-01   6.1361e+01   2.2545e+01   0.0000e+00   0.0000e+00   2.9948e+02
20260923_11:00:00   2.3719e-01   6.0888e+01   2.2242e+01   0.0000e+00   0.0000e+00   2.9791e+02
20260923_12:00:00   2.3607e-01   6.0666e+01   2.2032e+01   0.0000e+00   0.0000e+00   2.9501e+02
20260923_13:00:00   2.3647e-01   6.0729e+01   2.1980e+01   0.0000e+00   0.0000e+00   2.9651e+02
20260923_14:00:00   2.2772e-01   5.8926e+01   2.1191e+01   0.0000e+00   0.0000e+00   2.9529e+02
20260923_15:00:00   2.2165e-01   5.7672e+01   2.0636e+01   0.0000e+00   0.0000e+00   2.9483e+02
20260923_16:00:00   2.2097e-01   5.7588e+01   2.0452e+01   0.0000e+00   0.0000e+00   2.9633e+02
20260923_17:00:00   2.2174e-01   5.7881e+01   2.0400e+01   0.0000e+00   3.5500e-04   2.9543e+02
20260923_18:00:00   2.3194e-01   6.0250e+01   2.1171e+01   0.0000e+00   1.2320e-06   2.9350e+02
20260923_19:00:00   2.7577e-01   6.9861e+01   2.2020e+01   4.0029e-02   0.0000e+00   2.9242e+02
20260923_20:00:00   3.4179e-01   8.3543e+01   2.2321e+01   1.1646e-01   0.0000e+00   2.9103e+02
20260923_21:00:00   3.6876e-01   8.8905e+01   2.2553e+01   1.4680e-01   0.0000e+00   2.8891e+02
20260923_22:00:00   2.6597e-01   6.7921e+01   2.3365e+01   1.5814e-02   8.4634e-05   2.8664e+02
20260923_23:00:00   2.5834e-01   6.6257e+01   2.4149e+01   0.0000e+00   8.8301e-06   2.8469e+02
20260924_00:00:00   2.6616e-01   6.7919e+01   2.4877e+01   1.5914e-04   0.0000e+00   2.8314e+02
20260924_01:00:00   2.6666e-01   6.7953e+01   2.5064e+01   1.3302e-03   1.5506e-04   2.8164e+02
20260924_02:00:00   2.6106e-01   6.6696e+01   2.4769e+01   1.9512e-04   6.2358e-04   2.8068e+02
20260924_03:00:00   2.5550e-01   6.5457e+01   2.4394e+01   0.0000e+00   4.6574e-03   2.7973e+02
20260924_04:00:00   2.5024e-01   6.4312e+01   2.4029e+01   0.0000e+00   2.8870e-03   2.7950e+02
20260924_05:00:00   2.4974e-01   6.4168e+01   2.4005e+01   0.0000e+00   1.0229e-02   2.7883e+02
20260924_06:00:00   2.4636e-01   6.3411e+01   2.3653e+01   6.1600e-07   4.3108e-03   2.7832e+02
20260924_07:00:00   2.4508e-01   6.3088e+01   2.3467e+01   0.0000e+00   3.7857e-03   2.7795e+02
20260924_08:00:00   2.4040e-01   6.2034e+01   2.2970e+01   0.0000e+00   1.7560e-03   2.7719e+02
20260924_09:00:00   2.3287e-01   6.0346e+01   2.2272e+01   0.0000e+00   6.9624e-03   2.7707e+02
20260924_10:00:00   2.3533e-01   6.0807e+01   2.2549e+01   0.0000e+00   1.4983e-01   2.7837e+02
20260924_11:00:00   2.4103e-01   6.1973e+01   2.3574e+01   0.0000e+00   3.2095e-01   2.7896e+02
20260924_12:00:00   2.6430e-01   6.6877e+01   2.6807e+01   0.0000e+00   2.3398e-01   2.7840e+02
20260924_13:00:00   2.7130e-01   6.8398e+01   2.7507e+01   0.0000e+00   8.6843e-02   2.7844e+02
20260924_14:00:00   2.7763e-01   6.9707e+01   2.8407e+01   0.0000e+00   1.0367e-02   2.7894e+02
20260924_15:00:00   2.8485e-01   7.1258e+01   2.9350e+01   6.5760e-04   8.0458e-03   2.7887e+02
20260924_16:00:00   3.0573e-01   7.5636e+01   3.0782e+01   1.0510e-02   1.1908e-01   2.7844e+02
20260924_17:00:00   3.4211e-01   8.2856e+01   3.3529e+01   2.5960e-02   3.2846e-01   2.7835e+02
20260924_18:00:00   3.8653e-01   9.1672e+01   3.5157e+01   6.4452e-02   5.7811e-01   2.7939e+02
20260924_19:00:00   3.6774e-01   8.7946e+01   3.6811e+01   2.4875e-02   5.2339e-01   2.8043e+02
20260924_20:00:00   4.6807e-01   1.0603e+02   3.8668e+01   1.2007e-01   1.4252e-01   2.8055e+02
20260924_21:00:00   6.3282e-01   1.3134e+02   3.8180e+01   3.0989e-01   6.1120e-02   2.7978e+02
20260924_22:00:00   7.4090e-01   1.4634e+02   3.7749e+01   4.3876e-01   2.7151e-01   2.7973e+02
20260924_23:00:00   7.1712e-01   1.4331e+02   3.7611e+01   4.1402e-01   9.6358e-02   2.7959e+02
20260925_00:00:00   8.3607e-01   1.5823e+02   3.8584e+01   5.3831e-01   3.4379e-01   2.7931e+02
20260925_01:00:00   9.6566e-01   1.7254e+02   3.9251e+01   6.7823e-01   1.0726e-01   2.7975e+02
20260925_02:00:00   8.5015e-01   1.6002e+02   3.8612e+01   5.5457e-01   4.8451e-02   2.7978e+02
20260925_03:00:00   9.2379e-01   1.6825e+02   3.9770e+01   6.2345e-01   1.3793e-01   2.7872e+02
20260925_04:00:00   1.1225e+00   1.8752e+02   4.0569e+01   8.4053e-01   1.1569e-01   2.7824e+02
20260925_05:00:00   9.8380e-01   1.7477e+02   3.9461e+01   7.0003e-01   6.1165e-02   2.7824e+02
20260925_06:00:00   7.3128e-01   1.4543e+02   3.9634e+01   4.0795e-01   6.7194e-02   2.7747e+02
20260925_07:00:00   1.0805e+00   1.8428e+02   4.0879e+01   7.9065e-01   9.7420e-02   2.7670e+02
20260925_08:00:00   1.0618e+00   1.8256e+02   4.1769e+01   7.5744e-01   5.0145e-02   2.7763e+02
20260925_09:00:00   8.6984e-01   1.6302e+02   4.1983e+01   5.3754e-01   1.1501e-01   2.7827e+02
20260925_10:00:00   1.0362e+00   1.7964e+02   4.2940e+01   7.0499e-01   3.8953e-01   2.7976e+02
20260925_11:00:00   1.1444e+00   1.9064e+02   4.3770e+01   8.2596e-01   1.7383e-01   2.8124e+02
20260925_12:00:00   1.7043e+00   2.2765e+02   4.4053e+01   1.4573e+00   1.4729e-01   2.8278e+02
20260925_13:00:00   1.3041e+00   2.0301e+02   4.3755e+01   1.0018e+00   6.2947e-02   2.8337e+02
20260925_14:00:00   7.7281e-01   1.5185e+02   4.3394e+01   4.0882e-01   3.1715e-02   2.8167e+02
20260925_15:00:00   1.1997e+00   1.9469e+02   4.3778e+01   8.8168e-01   1.4127e-01   2.7991e+02
20260925_16:00:00   1.6949e+00   2.2773e+02   4.3610e+01   1.4584e+00   3.9610e-02   2.7885e+02
20260925_17:00:00   1.5298e+00   2.1797e+02   4.3676e+01   1.2617e+00   9.3604e-02   2.7877e+02
20260925_18:00:00   8.7948e-01   1.6342e+02   4.3833e+01   5.1524e-01   9.0714e-01   2.7940e+02
20260925_19:00:00   5.8079e-01   1.2485e+02   4.3649e+01   1.8330e-01   1.9322e-01   2.8017e+02
20260925_20:00:00   1.1565e+00   1.9245e+02   4.4285e+01   8.4413e-01   2.2828e-01   2.8092e+02
20260925_21:00:00   1.0168e+00   1.7881e+02   4.4700e+01   6.7056e-01   3.0060e-01   2.8162e+02
20260925_22:00:00   9.7761e-01   1.7482e+02   4.4537e+01   6.2604e-01   3.4632e-01   2.8286e+02
20260925_23:00:00   9.1859e-01   1.6867e+02   4.4744e+01   5.5757e-01   3.9992e-01   2.8401e+02
20260926_00:00:00   8.5222e-01   1.6139e+02   4.4868e+01   4.8276e-01   5.3272e-01   2.8533e+02
20260926_01:00:00   7.9954e-01   1.5472e+02   4.4946e+01   4.1713e-01   4.6958e-01   2.8469e+02
20260926_02:00:00   9.0269e-01   1.6701e+02   4.4394e+01   5.4447e-01   1.5989e-01   2.8411e+02
20260926_03:00:00   1.2903e+00   2.0368e+02   4.4622e+01   9.9935e-01   2.1769e-01   2.8295e+02
20260926_04:00:00   1.0731e+00   1.8440e+02   4.4854e+01   7.2949e-01   1.3711e-01   2.8147e+02
20260926_05:00:00   1.1542e+00   1.9236e+02   4.4700e+01   8.2986e-01   5.9505e-02   2.8050e+02
20260926_06:00:00   6.2441e-01   1.3143e+02   4.4033e+01   2.2230e-01   1.0882e-01   2.7975e+02
20260926_07:00:00   6.3286e-01   1.3291e+02   4.4495e+01   2.3316e-01   1.4879e-01   2.7993e+02
20260926_08:00:00   1.2191e+00   1.9838e+02   4.4801e+01   9.1646e-01   2.4442e-01   2.8061e+02
20260926_09:00:00   9.3953e-01   1.7168e+02   4.5109e+01   5.8346e-01   9.6145e-01   2.8273e+02
20260926_10:00:00   1.4064e+00   2.1184e+02   4.5573e+01   1.1146e+00   6.2889e-01   2.8194e+02
20260926_11:00:00   1.7112e+00   2.2982e+02   4.5608e+01   1.4664e+00   3.7561e-01   2.8060e+02
20260926_12:00:00   1.6738e+00   2.2792e+02   4.5206e+01   1.4292e+00   5.3831e-01   2.8209e+02
20260926_13:00:00   1.0071e+00   1.7959e+02   4.4391e+01   6.7933e-01   6.0573e-01   2.8323e+02
20260926_14:00:00   9.3458e-01   1.7127e+02   4.3970e+01   5.8879e-01   3.1874e-01   2.8471e+02
20260926_15:00:00   9.2788e-01   1.6983e+02   4.3862e+01   5.7367e-01   2.6496e-01   2.8535e+02
20260926_16:00:00   1.2387e+00   1.9837e+02   4.3963e+01   9.2484e-01   3.9021e-01   2.8592e+02
20260926_17:00:00   9.4587e-01   1.7098e+02   4.2971e+01   5.9966e-01   4.5540e-01   2.8603e+02
20260926_18:00:00   9.8658e-01   1.7515e+02   4.3104e+01   6.4509e-01   5.2662e-01   2.8648e+02
20260926_19:00:00   1.0989e+00   1.8616e+02   4.2710e+01   7.8279e-01   1.5926e-01   2.8570e+02
20260926_20:00:00   1.5368e+00   2.2020e+02   4.3608e+01   1.2913e+00   3.5884e-02   2.8501e+02
20260926_21:00:00   1.9004e+00   2.3879e+02   4.3800e+01   1.7122e+00   9.0495e-02   2.8530e+02
20260926_22:00:00   1.5879e+00   2.2243e+02   4.3684e+01   1.3338e+00   1.5804e-01   2.8671e+02
20260926_23:00:00   1.2558e+00   2.0022e+02   4.3532e+01   9.5384e-01   8.6590e-02   2.8711e+02
20260927_00:00:00   8.7638e-01   1.6446e+02   4.3788e+01   5.2096e-01   6.4074e-01   2.8733e+02
20260927_03:00:00   1.2780e+00   2.0425e+02   4.3156e+01   1.0192e+00   1.0667e-01   2.8783e+02
20260927_06:00:00   8.5460e-01   1.6330e+02   4.1520e+01   5.3588e-01   2.1961e-03   2.9110e+02
20260927_09:00:00   1.4075e+00   2.1053e+02   4.2326e+01   1.1270e+00   3.2236e-01   2.8805e+02
20260927_12:00:00   9.7023e-01   1.7360e+02   3.9907e+01   6.5916e-01   1.0995e-01   2.8764e+02
20260927_15:00:00   5.0375e-01   1.1249e+02   3.8320e+01   1.5337e-01   1.5554e-04   2.8893e+02
20260927_18:00:00   4.3573e-01   1.0077e+02   3.8589e+01   6.7109e-02   3.0672e-05   2.9107e+02
20260927_21:00:00   3.7564e-01   8.9892e+01   3.8190e+01   1.7926e-03   9.5999e-04   2.8676e+02
20260928_00:00:00   3.4026e-01   8.3179e+01   3.4521e+01   7.0600e-06   6.6580e-05   2.8724e+02
20260928_03:00:00   3.1188e-01   7.7581e+01   3.0331e+01   3.1691e-05   0.0000e+00   2.8752e+02
20260928_06:00:00   3.0078e-01   7.5290e+01   2.8336e+01   4.0654e-05   0.0000e+00   2.8971e+02
20260928_09:00:00   2.8991e-01   7.3015e+01   2.7151e+01   0.0000e+00   0.0000e+00   2.9009e+02
20260928_12:00:00   2.9180e-01   7.3355e+01   2.7495e+01   0.0000e+00   0.0000e+00   2.8651e+02
20260928_15:00:00   2.9707e-01   7.4531e+01   2.7600e+01   4.3560e-03   0.0000e+00   2.8455e+02
20260928_18:00:00   3.2222e-01   7.9955e+01   2.8414e+01   2.5464e-02   0.0000e+00   2.8900e+02
20260928_21:00:00   3.0488e-01   7.6614e+01   2.8081e+01   8.1210e-03   3.0498e-04   2.8786e+02
20260929_00:00:00   4.3780e-01   1.0258e+02   2.7771e+01   1.7361e-01   2.6905e-03   2.8824e+02
20260929_03:00:00   3.1933e-01   7.9576e+01   2.7007e+01   3.5220e-02   2.9662e-03   2.8959e+02
20260929_06:00:00   2.7977e-01   7.1099e+01   2.6425e+01   0.0000e+00   1.7506e-05   2.8580e+02
20260929_09:00:00   2.9985e-01   7.5221e+01   2.9019e+01   0.0000e+00   2.6020e-07   2.8799e+02
20260929_12:00:00   3.2762e-01   8.0798e+01   3.1743e+01   0.0000e+00   0.0000e+00   2.8978e+02
20260929_15:00:00   3.7687e-01   9.0432e+01   3.4692e+01   1.8928e-02   4.5680e-04   2.9233e+02
20260929_18:00:00   6.3945e-01   1.3491e+02   3.4881e+01   3.3601e-01   1.1972e-03   2.8578e+02
20260929_21:00:00   7.9028e-01   1.5382e+02   4.2712e+01   4.1874e-01   1.0681e-01   2.8454e+02
20260930_00:00:00   5.8303e-01   1.2565e+02   4.3447e+01   1.7281e-01   4.4810e-01   2.8443e+02
20260930_03:00:00   1.2334e+00   2.0055e+02   4.3462e+01   9.3989e-01   2.2895e-01   2.9003e+02
20260930_06:00:00   6.7468e-01   1.4057e+02   2.7965e+01   4.5534e-01   2.3400e-05   2.9674e+02
20260930_09:00:00   5.4254e-01   1.1860e+02   2.1746e+01   3.4708e-01   0.0000e+00   3.0574e+02
20260930_12:00:00   9.9297e-01   1.7483e+02   2.2632e+01   8.4494e-01   9.7843e-04   3.0914e+02
20260930_15:00:00   8.3237e-01   1.5725e+02   2.3911e+01   6.6067e-01   6.7984e-03   3.0875e+02
20260930_18:00:00   1.2225e+00   1.9471e+02   2.4289e+01   1.0981e+00   6.6783e-03   3.0846e+02
20260930_21:00:00   4.8120e-01   1.0648e+02   2.2252e+01   2.7412e-01   9.9383e-03   3.1035e+02
20261001_00:00:00   1.7510e-01   4.6348e+01   1.4710e+01   0.0000e+00   5.0516e-04   3.0907e+02
20261001_03:00:00   1.5327e-01   4.1244e+01   1.2500e+01   0.0000e+00   0.0000e+00   3.0828e+02
20261001_06:00:00   1.4303e-01   3.8896e+01   1.1249e+01   0.0000e+00   0.0000e+00   3.0680e+02
20261001_09:00:00   1.1690e-01   3.2694e+01   7.6491e+00   0.0000e+00   1.3094e-04   3.0819e+02
20261001_12:00:00   1.0115e-01   2.8868e+01   5.5725e+00   0.0000e+00   0.0000e+00   2.9671e+02
20261001_15:00:00   1.0552e-01   2.9947e+01   6.7010e+00   0.0000e+00   0.0000e+00   2.9530e+02
20261001_18:00:00   1.2345e-01   3.4422e+01   9.5167e+00   0.0000e+00   0.0000e+00   2.9127e+02
20261001_21:00:00   1.3699e-01   3.7947e+01   1.1443e+01   0.0000e+00   0.0000e+00   2.8426e+02
20261002_00:00:00   1.5345e-01   4.1981e+01   1.3980e+01   0.0000e+00   0.0000e+00   2.8028e+02
20261002_03:00:00   1.7564e-01   4.7284e+01   1.6990e+01   0.0000e+00   8.3280e-04   2.7701e+02
20261002_06:00:00   2.1508e-01   5.6563e+01   2.0989e+01   0.0000e+00   1.8642e-05   2.8123e+02
20261002_09:00:00   2.2578e-01   5.9086e+01   2.2394e+01   0.0000e+00   0.0000e+00   2.8376e+02
20261002_12:00:00   2.1017e-01   5.5585e+01   2.0889e+01   0.0000e+00   0.0000e+00   2.7954e+02
20261002_15:00:00   2.2446e-01   5.9048e+01   2.2539e+01   0.0000e+00   0.0000e+00   2.8012e+02
20261002_18:00:00   2.3635e-01   6.2025e+01   2.3768e+01   0.0000e+00   2.1080e-05   2.8334e+02
20261002_21:00:00   2.4775e-01   6.4912e+01   2.4504e+01   0.0000e+00   1.7186e-04   2.8714e+02
20261003_00:00:00   3.3937e-01   8.4360e+01   3.4520e+01   0.0000e+00   8.1768e-05   2.8887e+02
20261003_03:00:00   3.6819e-01   8.9860e+01   3.7599e+01   0.0000e+00   2.1629e-02   2.8889e+02
20261003_06:00:00   3.3543e-01   8.2876e+01   3.5384e+01   3.6960e-06   5.1053e-01   2.9149e+02
20261003_09:00:00   3.7239e-01   8.9850e+01   3.7217e+01   0.0000e+00   3.6627e-01   2.8738e+02
20261003_12:00:00   3.4744e-01   8.4779e+01   3.0283e+01   4.1842e-02   5.0360e-02   2.9045e+02
20261003_15:00:00   1.6465e-01   4.4760e+01   1.4028e+01   0.0000e+00   4.2623e-03   2.9321e+02
20261003_18:00:00   1.6017e-01   4.3786e+01   1.2269e+01   0.0000e+00   0.0000e+00   3.0580e+02
20261003_21:00:00   1.4171e-01   3.9235e+01   1.0367e+01   0.0000e+00   0.0000e+00   3.0566e+02
20261004_00:00:00   1.3646e-01   3.7771e+01   1.0113e+01   0.0000e+00   0.0000e+00   3.0609e+02
20261004_03:00:00   1.3909e-01   3.8242e+01   1.0750e+01   0.0000e+00   5.6900e-05   3.0315e+02
20261004_06:00:00   1.3950e-01   3.8259e+01   1.1037e+01   0.0000e+00   0.0000e+00   3.0193e+02
20261004_09:00:00   1.4341e-01   3.9160e+01   1.1656e+01   0.0000e+00   0.0000e+00   2.9910e+02
20261004_12:00:00   1.3862e-01   3.8030e+01   1.0873e+01   0.0000e+00   0.0000e+00   2.9516e+02
20261004_15:00:00   1.3802e-01   3.7899e+01   1.0885e+01   0.0000e+00   1.8704e-03   2.9351e+02
20261004_18:00:00   1.6119e-01   4.3572e+01   1.4252e+01   0.0000e+00   1.7377e-04   2.9590e+02
20261004_21:00:00   1.7781e-01   4.7597e+01   1.6725e+01   0.0000e+00   3.0595e-03   2.9445e+02
20261005_00:00:00   1.8041e-01   4.8278e+01   1.7083e+01   0.0000e+00   2.5634e-03   2.9592e+02
20261005_03:00:00   1.8181e-01   4.8512e+01   1.7523e+01   0.0000e+00   1.3885e-03   2.9519e+02
20261005_06:00:00   1.7625e-01   4.7119e+01   1.6963e+01   0.0000e+00   1.9924e-03   2.9652e+02
20261005_09:00:00   2.2268e-01   5.7523e+01   2.2996e+01   0.0000e+00   4.3289e-02   2.9760e+02
20261005_12:00:00   9.7366e-01   1.7486e+02   3.1793e+01   7.7901e-01   4.9794e-02   3.0312e+02
20261005_15:00:00   3.0393e-01   7.4950e+01   3.0474e+01   2.4640e-06   1.3440e-02   3.0295e+02
20261005_18:00:00   2.9211e-01   7.3066e+01   2.8692e+01   0.0000e+00   1.4190e-05   3.0231e+02
20261005_21:00:00   3.2972e-01   8.1002e+01   3.0360e+01   2.1281e-02   2.5813e-02   3.0053e+02
20261006_00:00:00   4.9758e-01   1.1254e+02   2.6296e+01   2.5065e-01   0.0000e+00   2.9908e+02
20261006_03:00:00   3.0603e-01   7.6345e+01   2.3334e+01   4.9040e-02   0.0000e+00   2.9803e+02
20261006_06:00:00   2.2731e-01   5.9312e+01   1.9222e+01   0.0000e+00   1.6350e-03   2.9349e+02
20261006_09:00:00   2.1098e-01   5.5504e+01   1.7614e+01   0.0000e+00   1.9530e-03   2.9213e+02
20261006_12:00:00   2.0493e-01   5.3920e+01   1.7581e+01   0.0000e+00   9.2058e-05   2.8818e+02
20261006_15:00:00   2.0984e-01   5.4930e+01   1.8594e+01   2.7680e-06   0.0000e+00   2.8521e+02
20261006_18:00:00   2.2420e-01   5.8296e+01   1.9895e+01   7.6240e-03   0.0000e+00   2.8176e+02
20261006_21:00:00   2.1814e-01   5.7127e+01   2.0294e+01   0.0000e+00   0.0000e+00   2.8039e+02
20261007_00:00:00   2.2504e-01   5.8690e+01   2.1372e+01   1.9513e-07   0.0000e+00   2.7281e+02
20261007_03:00:00   2.2428e-01   5.8536e+01   2.1408e+01   0.0000e+00   0.0000e+00   2.6839e+02
20261007_06:00:00   2.2250e-01   5.8121e+01   2.1245e+01   0.0000e+00   0.0000e+00   2.7073e+02
20261007_09:00:00   2.1409e-01   5.6242e+01   2.0372e+01   0.0000e+00   0.0000e+00   2.7173e+02
20261007_12:00:00   2.1003e-01   5.5352e+01   1.9896e+01   0.0000e+00   1.3108e-05   2.7042e+02
20261007_15:00:00   2.0278e-01   5.3853e+01   1.9038e+01   0.0000e+00   0.0000e+00   2.6930e+02
20261007_18:00:00   2.2926e-01   6.0231e+01   2.2329e+01   0.0000e+00   0.0000e+00   2.6744e+02
20261007_21:00:00   2.6843e-01   6.9338e+01   2.6770e+01   0.0000e+00   0.0000e+00   2.6429e+02
20261008_00:00:00   2.4879e-01   6.5312e+01   2.5110e+01   0.0000e+00   0.0000e+00   2.6172e+02
