#            date       tau255        Tb[K]      pwv[mm] lwp[kg*m^-2] iwp[kg*m^-2]       o3[DU]
20260725_12:00:00   4.6935e-01   1.1000e+02   3.6502e+01   9.2508e-02   0.0000e+00   3.0888e+02
20260725_13:00:00   5.3343e-01   1.2142e+02   3.4270e+01   2.0977e-01   0.0000e+00   3.0791e+02
20260725_14:00:00   4.0275e-01   9.7832e+01   3.3620e+01   5.5061e-02   0.0000e+00   3.0747e+02
20260725_15:00:00   3.5820e-01   8.9285e+01   3.1794e+01   2.0737e-02   0.0000e+00   3.0712e+02
20260725_16:00:00   3.9408e-01   9.6605e+01   3.3587e+01   4.9048e-02   0.0000e+00   3.0565e+02
20260725_17:00:00   4.9867e-01   1.1623e+02   3.5607e+01   1.6070e-01   0.0000e+00   3.0575e+02
20260725_18:00:00   5.7113e-01   1.2874e+02   3.6525e+01   2.4971e-01   0.0000e+00   3.0598e+02
20260725_19:00:00   4.3595e-01   1.0488e+02   3.6909e+01   6.5536e-02   0.0000e+00   3.0475e+02
20260725_20:00:00   3.8529e-01   9.5177e+01   3.7151e+01   2.6565e-04   0.0000e+00   3.0222e+02
20260725_21:00:00   3.7519e-01   9.3415e+01   3.5983e+01   3.2820e-04   0.0000e+00   3.0078e+02
20260725_22:00:00   3.6968e-01   9.2532e+01   3.5301e+01   0.0000e+00   0.0000e+00   3.0204e+02
20260725_23:00:00   3.4680e-01   8.8164e+01   3.2210e+01   0.0000e+00   1.4666e-04   3.0204e+02
20260726_00:00:00   3.3194e-01   8.5078e+01   3.1437e+01   0.0000e+00   2.4740e-05   3.0307e+02
20260726_01:00:00   3.2684e-01   8.3992e+01   3.1888e+01   0.0000e+00   1.3836e-04   3.0189e+02
20260726_02:00:00   3.2707e-01   8.4031e+01   3.2380e+01   0.0000e+00   6.6420e-05   2.9962e+02
20260726_03:00:00   3.3687e-01   8.6046e+01   3.3627e+01   0.0000e+00   1.5252e-05   2.9795e+02
20260726_04:00:00   3.4235e-01   8.7196e+01   3.4430e+01   0.0000e+00   6.6972e-04   2.9638e+02
20260726_05:00:00   3.6245e-01   9.1183e+01   3.6612e+01   0.0000e+00   9.2425e-03   2.9805e+02
20260726_06:00:00   3.6666e-01   9.2036e+01   3.7247e+01   0.0000e+00   5.5357e-02   2.9784e+02
20260726_07:00:00   3.7857e-01   9.4288e+01   3.9223e+01   0.0000e+00   1.6520e-01   2.9841e+02
20260726_08:00:00   4.3885e-01   1.0564e+02   4.5978e+01   0.0000e+00   4.4888e-02   2.9997e+02
20260726_09:00:00   4.2624e-01   1.0324e+02   4.5864e+01   5.5340e-06   2.1012e-01   3.0427e+02
20260726_10:00:00   4.2688e-01   1.0341e+02   4.6656e+01   0.0000e+00   2.4797e-01   3.0400e+02
20260726_11:00:00   4.0308e-01   9.8848e+01   4.4394e+01   0.0000e+00   1.3938e-01   3.0487e+02
20260726_12:00:00   3.6801e-01   9.1803e+01   4.1543e+01   0.0000e+00   5.3547e-02   3.0675e+02
20260726_13:00:00   3.8115e-01   9.4460e+01   4.2463e+01   0.0000e+00   1.5081e-02   3.0586e+02
20260726_14:00:00   4.0694e-01   9.9682e+01   4.4280e+01   0.0000e+00   8.9105e-03   3.0467e+02
20260726_15:00:00   3.9682e-01   9.7852e+01   4.3647e+01   0.0000e+00   5.3020e-05   3.0490e+02
20260726_16:00:00   4.9773e-01   1.1615e+02   5.0839e+01   2.5496e-02   6.0026e-04   3.0267e+02
20260726_17:00:00   4.6802e-01   1.1098e+02   5.0302e+01   7.3987e-03   6.4084e-03   3.0026e+02
20260726_18:00:00   6.1468e-01   1.3333e+02   4.8990e+01   1.9170e-01   7.8817e-02   2.9960e+02
20260726_19:00:00   5.1461e-01   1.1846e+02   5.0196e+01   6.6920e-02   9.3792e-02   2.9983e+02
20260726_20:00:00   4.5586e-01   1.0895e+02   4.9963e+01   6.7840e-04   9.3338e-02   3.0056e+02
20260726_21:00:00   7.8311e-01   1.5722e+02   5.4714e+01   3.1062e-01   3.9943e-01   3.0080e+02
20260726_22:00:00   4.9028e-01   1.1519e+02   5.4142e+01   1.9304e-04   4.6623e-01   3.0305e+02
20260726_23:00:00   5.7144e-01   1.2686e+02   5.1512e+01   1.2663e-01   2.0463e-01   3.0522e+02
20260727_00:00:00   4.1142e-01   9.9344e+01   4.3941e+01   4.5495e-02   1.3167e-01   3.0337e+02
20260727_01:00:00   5.9881e-01   1.3044e+02   4.5049e+01   2.4222e-01   4.1948e-02   3.0231e+02
20260727_02:00:00   3.8125e-01   9.4849e+01   4.3320e+01   5.4580e-03   1.7792e-04   2.9987e+02
20260727_03:00:00   3.7991e-01   9.4799e+01   4.3248e+01   5.3740e-04   1.4870e-02   3.0122e+02
20260727_04:00:00   3.7792e-01   9.4179e+01   4.3299e+01   3.2040e-05   2.0738e-04   3.0040e+02
20260727_05:00:00   5.2328e-01   1.1824e+02   4.3089e+01   1.6955e-01   1.2070e-02   3.0110e+02
20260727_06:00:00   3.8091e-01   9.4675e+01   4.2483e+01   0.0000e+00   1.1061e-03   2.9978e+02
20260727_07:00:00   3.3711e-01   8.5718e+01   3.7469e+01   0.0000e+00   8.7536e-05   3.0101e+02
20260727_08:00:00   3.0544e-01   7.9136e+01   3.4021e+01   0.0000e+00   0.0000e+00   3.0275e+02
20260727_09:00:00   3.0075e-01   7.8008e+01   3.3760e+01   0.0000e+00   0.0000e+00   3.0300e+02
20260727_10:00:00   3.0904e-01   7.9740e+01   3.4600e+01   0.0000e+00   0.0000e+00   3.0182e+02
20260727_11:00:00   3.5731e-01   8.9650e+01   3.8784e+01   0.0000e+00   0.0000e+00   3.0065e+02
20260727_12:00:00   3.6903e-01   9.2036e+01   3.9685e+01   0.0000e+00   0.0000e+00   2.9898e+02
20260727_13:00:00   3.6897e-01   9.2087e+01   3.9641e+01   0.0000e+00   0.0000e+00   2.9764e+02
20260727_14:00:00   3.7486e-01   9.3358e+01   4.0424e+01   0.0000e+00   0.0000e+00   2.9744e+02
20260727_15:00:00   3.8286e-01   9.5071e+01   4.1137e+01   0.0000e+00   0.0000e+00   2.9787e+02
20260727_16:00:00   3.8293e-01   9.5223e+01   4.1114e+01   0.0000e+00   0.0000e+00   2.9863e+02
20260727_17:00:00   3.8202e-01   9.5259e+01   4.1081e+01   0.0000e+00   0.0000e+00   2.9949e+02
20260727_18:00:00   3.7772e-01   9.4579e+01   4.0922e+01   0.0000e+00   0.0000e+00   2.9959e+02
20260727_19:00:00   3.9268e-01   9.7652e+01   4.2541e+01   0.0000e+00   0.0000e+00   3.0052e+02
20260727_20:00:00   3.9109e-01   9.7395e+01   4.2663e+01   0.0000e+00   5.0700e-05   3.0033e+02
20260727_21:00:00   3.8563e-01   9.6368e+01   4.2115e+01   0.0000e+00   9.3080e-06   3.0036e+02
20260727_22:00:00   3.9042e-01   9.7482e+01   4.2378e+01   0.0000e+00   4.7642e-05   3.0049e+02
20260727_23:00:00   4.0122e-01   9.9704e+01   4.3546e+01   0.0000e+00   0.0000e+00   3.0111e+02
20260728_00:00:00   4.0756e-01   1.0094e+02   4.4461e+01   0.0000e+00   0.0000e+00   3.0177e+02
20260728_01:00:00   3.9509e-01   9.8438e+01   4.3510e+01   0.0000e+00   0.0000e+00   3.0189e+02
20260728_02:00:00   3.1481e-01   8.1892e+01   3.4812e+01   0.0000e+00   0.0000e+00   3.0297e+02
20260728_03:00:00   2.9468e-01   7.7440e+01   3.2809e+01   0.0000e+00   0.0000e+00   3.0206e+02
20260728_04:00:00   2.8507e-01   7.5161e+01   3.1926e+01   0.0000e+00   0.0000e+00   3.0083e+02
20260728_05:00:00   2.8253e-01   7.4356e+01   3.2077e+01   0.0000e+00   0.0000e+00   3.0323e+02
20260728_06:00:00   2.9860e-01   7.7748e+01   3.3975e+01   0.0000e+00   0.0000e+00   3.0446e+02
20260728_07:00:00   3.1850e-01   8.1910e+01   3.6159e+01   0.0000e+00   0.0000e+00   3.0452e+02
20260728_08:00:00   3.1496e-01   8.0981e+01   3.6173e+01   0.0000e+00   0.0000e+00   3.0579e+02
20260728_09:00:00   3.0725e-01   7.9203e+01   3.5443e+01   0.0000e+00   0.0000e+00   3.0550e+02
20260728_10:00:00   3.0293e-01   7.8215e+01   3.4862e+01   0.0000e+00   0.0000e+00   3.0669e+02
20260728_11:00:00   3.0800e-01   7.9274e+01   3.5205e+01   0.0000e+00   0.0000e+00   3.0592e+02
20260728_12:00:00   3.1008e-01   7.9711e+01   3.5249e+01   0.0000e+00   2.4420e-05   3.0490e+02
20260728_13:00:00   3.1374e-01   8.0444e+01   3.5494e+01   0.0000e+00   6.0847e-05   3.0408e+02
20260728_14:00:00   3.0471e-01   7.8537e+01   3.4422e+01   0.0000e+00   3.2365e-04   3.0458e+02
20260728_15:00:00   3.0966e-01   7.9593e+01   3.4895e+01   0.0000e+00   3.8383e-02   3.0555e+02
20260728_16:00:00   3.4218e-01   8.6347e+01   3.8221e+01   0.0000e+00   5.3184e-02   3.0512e+02
20260728_17:00:00   3.5051e-01   8.8010e+01   3.9408e+01   0.0000e+00   6.2607e-02   3.0452e+02
20260728_18:00:00   3.5645e-01   8.9157e+01   4.0565e+01   0.0000e+00   4.7851e-02   3.0340e+02
20260728_19:00:00   3.8532e-01   9.4869e+01   4.3480e+01   2.0040e-03   3.8810e-02   3.0214e+02
20260728_20:00:00   4.5672e-01   1.0773e+02   4.5234e+01   6.5994e-02   2.1510e-01   3.0174e+02
20260728_21:00:00   3.9817e-01   9.7390e+01   4.4892e+01   2.9627e-03   8.1345e-02   3.0238e+02
20260728_22:00:00   4.0898e-01   9.9569e+01   4.5402e+01   1.2320e-06   1.2145e-02   3.0319e+02
20260728_23:00:00   3.6460e-01   9.0792e+01   4.0939e+01   0.0000e+00   1.6238e-02   3.0326e+02
20260729_00:00:00   3.4025e-01   8.5668e+01   3.8935e+01   1.3974e-04   2.5181e-02   3.0373e+02
20260729_01:00:00   3.8067e-01   9.4042e+01   4.2203e+01   3.5016e-05   9.0226e-03   3.0319e+02
20260729_02:00:00   3.9888e-01   9.7655e+01   4.3102e+01   3.0976e-05   4.4880e-04   3.0039e+02
20260729_03:00:00   3.9667e-01   9.7109e+01   4.2586e+01   0.0000e+00   2.4100e-03   3.0020e+02
20260729_04:00:00   4.1050e-01   9.9603e+01   4.3575e+01   6.7760e-06   7.7780e-04   2.9922e+02
20260729_05:00:00   3.9957e-01   9.7449e+01   4.1737e+01   2.3660e-03   1.0064e-05   3.0036e+02
20260729_06:00:00   3.7893e-01   9.3225e+01   4.0056e+01   3.1860e-04   1.1928e-03   3.0103e+02
20260729_07:00:00   3.5086e-01   8.7541e+01   3.7522e+01   1.3108e-04   1.9098e-03   3.0089e+02
20260729_08:00:00   3.5191e-01   8.7577e+01   3.7646e+01   0.0000e+00   0.0000e+00   3.0027e+02
20260729_09:00:00   3.3456e-01   8.3924e+01   3.5744e+01   3.9320e-05   0.0000e+00   3.0243e+02
20260729_10:00:00   3.1873e-01   8.0552e+01   3.4205e+01   0.0000e+00   2.5700e-03   3.0356e+02
20260729_11:00:00   2.9791e-01   7.6141e+01   3.1895e+01   0.0000e+00   8.4120e-04   3.0433e+02
20260729_12:00:00   2.7890e-01   7.1977e+01   2.9667e+01   0.0000e+00   2.1904e-04   3.0501e+02
20260729_13:00:00   2.7283e-01   7.0612e+01   2.8815e+01   0.0000e+00   0.0000e+00   3.0515e+02
20260729_14:00:00   2.7178e-01   7.0355e+01   2.8661e+01   0.0000e+00   0.0000e+00   3.0450e+02
20260729_15:00:00   2.7257e-01   7.0622e+01   2.8294e+01   0.0000e+00   0.0000e+00   3.0562e+02
20260729_16:00:00   2.8483e-01   7.3304e+01   2.9356e+01   0.0000e+00   0.0000e+00   3.0540e+02
20260729_17:00:00   2.9030e-01   7.4618e+01   2.9429e+01   0.0000e+00   0.0000e+00   3.0634e+02
20260729_18:00:00   2.9520e-01   7.5818e+01   2.9336e+01   0.0000e+00   0.0000e+00   3.0855e+02
20260729_19:00:00   2.9837e-01   7.6618e+01   2.9372e+01   0.0000e+00   0.0000e+00   3.1041e+02
20260729_20:00:00   2.9793e-01   7.6668e+01   2.9090e+01   0.0000e+00   0.0000e+00   3.1079e+02
20260729_21:00:00   2.9210e-01   7.5539e+01   2.8425e+01   0.0000e+00   0.0000e+00   3.1075e+02
20260729_22:00:00   2.9299e-01   7.5821e+01   2.8216e+01   0.0000e+00   0.0000e+00   3.1462e+02
20260729_23:00:00   3.0263e-01   7.7878e+01   2.9134e+01   0.0000e+00   0.0000e+00   3.1558e+02
20260730_00:00:00   3.0820e-01   7.9025e+01   2.9626e+01   0.0000e+00   0.0000e+00   3.1403e+02
20260730_01:00:00   2.9939e-01   7.7097e+01   2.8775e+01   0.0000e+00   0.0000e+00   3.1393e+02
20260730_02:00:00   2.8799e-01   7.4607e+01   2.7697e+01   0.0000e+00   0.0000e+00   3.1213e+02
20260730_03:00:00   2.8830e-01   7.4636e+01   2.7607e+01   0.0000e+00   0.0000e+00   3.1325e+02
20260730_04:00:00   2.8784e-01   7.4457e+01   2.7432e+01   0.0000e+00   2.2140e-05   3.1341e+02
20260730_05:00:00   2.7559e-01   7.1665e+01   2.6600e+01   0.0000e+00   1.4894e-03   3.1297e+02
20260730_06:00:00   2.6265e-01   6.8723e+01   2.5574e+01   0.0000e+00   1.1442e-04   3.1276e+02
20260730_07:00:00   2.4752e-01   6.5241e+01   2.4358e+01   0.0000e+00   9.3220e-06   3.1068e+02
20260730_08:00:00   2.3751e-01   6.2813e+01   2.3803e+01   0.0000e+00   1.4765e-05   3.0942e+02
20260730_09:00:00   2.2511e-01   6.0020e+01   2.2130e+01   0.0000e+00   1.3311e-03   3.0962e+02
20260730_10:00:00   2.1894e-01   5.8614e+01   2.1310e+01   0.0000e+00   2.5140e-04   3.1041e+02
20260730_11:00:00   2.1755e-01   5.8226e+01   2.1372e+01   0.0000e+00   2.1464e-03   3.1127e+02
20260730_12:00:00   2.1671e-01   5.7966e+01   2.1308e+01   0.0000e+00   9.4250e-03   3.1095e+02
20260730_15:00:00   2.1366e-01   5.7142e+01   2.1597e+01   0.0000e+00   2.2839e-01   3.0910e+02
20260730_18:00:00   2.0704e-01   5.5398e+01   2.2156e+01   0.0000e+00   1.6686e-01   3.1261e+02
20260730_21:00:00   2.3092e-01   6.0472e+01   2.6415e+01   0.0000e+00   1.0606e-01   3.1171e+02
20260731_00:00:00   7.2644e-01   1.4476e+02   3.4515e+01   4.8801e-01   1.8544e-01   3.0823e+02
20260731_03:00:00   1.1436e+00   1.8970e+02   3.3686e+01   9.6227e-01   1.1777e-02   3.0638e+02
20260731_06:00:00   5.3741e-01   1.1794e+02   2.9372e+01   3.0778e-01   2.5664e-05   3.1532e+02
20260731_09:00:00   4.0933e-01   9.6180e+01   3.0708e+01   1.4679e-01   2.3786e-05   3.2474e+02
20260731_12:00:00   5.0845e-01   1.1274e+02   3.2189e+01   2.3294e-01   1.6604e-03   3.3499e+02
20260731_15:00:00   5.1700e-01   1.1485e+02   3.6146e+01   1.8956e-01   5.2540e-02   3.3085e+02
20260731_18:00:00   5.0835e-01   1.1420e+02   3.9177e+01   1.4194e-01   1.3830e-04   3.2134e+02
20260731_21:00:00   3.7804e-01   9.1820e+01   3.8540e+01   1.0726e-03   4.4194e-05   3.1577e+02
20260801_00:00:00   3.6606e-01   8.9643e+01   3.6955e+01   1.7916e-03   1.9349e-04   3.1828e+02
20260801_03:00:00   3.5211e-01   8.6854e+01   3.5681e+01   0.0000e+00   9.6700e-06   3.1831e+02
20260801_06:00:00   3.2797e-01   8.2038e+01   3.2377e+01   0.0000e+00   0.0000e+00   3.2505e+02
20260801_09:00:00   3.2507e-01   8.1347e+01   3.2072e+01   0.0000e+00   0.0000e+00   3.2788e+02
20260801_12:00:00   3.1062e-01   7.8289e+01   3.0891e+01   0.0000e+00   0.0000e+00   3.2498e+02
20260801_15:00:00   3.0751e-01   7.7769e+01   3.0922e+01   0.0000e+00   0.0000e+00   3.2240e+02
20260801_18:00:00   3.5863e-01   8.8287e+01   3.7093e+01   0.0000e+00   0.0000e+00   3.2491e+02
20260801_21:00:00   3.8906e-01   9.4599e+01   3.9389e+01   5.6160e-04   1.0376e-05   3.2622e+02
20260802_00:00:00   3.7678e-01   9.2559e+01   3.7866e+01   0.0000e+00   0.0000e+00   3.2510e+02
20260802_03:00:00   3.2884e-01   8.3005e+01   3.3300e+01   0.0000e+00   0.0000e+00   3.1897e+02
20260802_06:00:00   3.2719e-01   8.2644e+01   3.3296e+01   0.0000e+00   4.1822e-04   3.1226e+02
20260802_09:00:00   3.9518e-01   9.5556e+01   3.4442e+01   6.7100e-02   0.0000e+00   3.0627e+02
20260802_12:00:00   3.4939e-01   8.6842e+01   3.4889e+01   0.0000e+00   0.0000e+00   3.0867e+02
20260802_15:00:00   3.4204e-01   8.5598e+01   3.4223e+01   0.0000e+00   0.0000e+00   3.0891e+02
20260802_18:00:00   3.4565e-01   8.6711e+01   3.4671e+01   0.0000e+00   0.0000e+00   3.0849e+02
20260802_21:00:00   3.3612e-01   8.5086e+01   3.3600e+01   0.0000e+00   1.3108e-05   3.1003e+02
20260803_00:00:00   3.1341e-01   8.0488e+01   3.1384e+01   0.0000e+00   0.0000e+00   3.0804e+02
20260803_03:00:00   2.9524e-01   7.6614e+01   2.9383e+01   0.0000e+00   3.4480e-04   3.0605e+02
20260803_06:00:00   2.7628e-01   7.2336e+01   2.7346e+01   0.0000e+00   2.4820e-03   3.0882e+02
20260803_09:00:00   2.6436e-01   6.9462e+01   2.6246e+01   0.0000e+00   2.7680e-05   3.0730e+02
20260803_12:00:00   2.6269e-01   6.8932e+01   2.5970e+01   0.0000e+00   0.0000e+00   3.0765e+02
20260803_15:00:00   2.7660e-01   7.2081e+01   2.7135e+01   0.0000e+00   0.0000e+00   3.0447e+02
20260803_18:00:00   2.7090e-01   7.1061e+01   2.6943e+01   0.0000e+00   0.0000e+00   3.0389e+02
20260803_21:00:00   2.6576e-01   7.0096e+01   2.6931e+01   0.0000e+00   2.6380e-04   3.0452e+02
20260804_00:00:00   2.7790e-01   7.2970e+01   2.8312e+01   0.0000e+00   0.0000e+00   3.0422e+02
20260804_03:00:00   2.7516e-01   7.2324e+01   2.7906e+01   0.0000e+00   0.0000e+00   3.0525e+02
20260804_06:00:00   2.6403e-01   6.9693e+01   2.6614e+01   0.0000e+00   6.0460e-05   3.0504e+02
20260804_09:00:00   2.7849e-01   7.2920e+01   2.7173e+01   0.0000e+00   7.2200e-04   3.0339e+02
20260804_12:00:00   3.1503e-01   8.0560e+01   3.1543e+01   0.0000e+00   3.9680e-04   3.0569e+02
20260804_15:00:00   3.2083e-01   8.1801e+01   3.3477e+01   0.0000e+00   0.0000e+00   3.0470e+02
20260804_18:00:00   3.4043e-01   8.6179e+01   3.5615e+01   0.0000e+00   9.9460e-05   3.0198e+02
20260804_21:00:00   3.3617e-01   8.5584e+01   3.5125e+01   0.0000e+00   5.5185e-03   3.0241e+02
20260805_00:00:00   2.8786e-01   7.5087e+01   3.1881e+01   0.0000e+00   2.7664e-01   3.0451e+02
20260805_03:00:00   4.5593e-01   1.0776e+02   4.6427e+01   2.1597e-02   1.0086e-01   3.0213e+02
20260805_06:00:00   4.6266e-01   1.0868e+02   4.9355e+01   6.1196e-04   1.5779e-01   3.0358e+02
20260805_09:00:00   4.2318e-01   1.0026e+02   4.1723e+01   5.8737e-02   4.0054e-01   3.0425e+02
20260805_12:00:00   6.5954e-01   1.3751e+02   4.0416e+01   3.1476e-01   1.2603e-01   3.0504e+02
20260805_15:00:00   4.4179e-01   1.0441e+02   4.0135e+01   6.3638e-02   4.2902e-04   3.0300e+02
20260805_18:00:00   3.9506e-01   9.6798e+01   4.1489e+01   9.4341e-04   0.0000e+00   3.0364e+02
20260805_21:00:00   3.8844e-01   9.5836e+01   4.1983e+01   0.0000e+00   0.0000e+00   3.0228e+02
20260806_00:00:00   3.9309e-01   9.6885e+01   4.3428e+01   0.0000e+00   0.0000e+00   2.9979e+02
20260806_03:00:00   3.5079e-01   8.8670e+01   3.9010e+01   0.0000e+00   0.0000e+00   2.9912e+02
20260806_06:00:00   3.6698e-01   9.1606e+01   4.2134e+01   2.4140e-04   2.6563e-04   2.9649e+02
20260806_09:00:00   3.8091e-01   9.4032e+01   4.2981e+01   1.0404e-06   1.1991e-03   2.9661e+02
20260806_12:00:00   3.6663e-01   9.0789e+01   4.2851e+01   1.0870e-04   5.3518e-02   2.9870e+02
20260806_15:00:00   4.0723e-01   9.7998e+01   3.9080e+01   7.8383e-02   3.5429e-02   3.0054e+02
20260806_18:00:00   3.0754e-01   7.9805e+01   3.5589e+01   0.0000e+00   2.8740e-03   2.9715e+02
20260806_21:00:00   2.4908e-01   6.7189e+01   2.9452e+01   0.0000e+00   0.0000e+00   2.9787e+02
20260807_00:00:00   2.3122e-01   6.3462e+01   2.3948e+01   0.0000e+00   0.0000e+00   2.9894e+02
20260807_03:00:00   2.2665e-01   6.2075e+01   2.3397e+01   0.0000e+00   0.0000e+00   2.9871e+02
20260807_06:00:00   2.4881e-01   6.7177e+01   2.6536e+01   0.0000e+00   0.0000e+00   2.9666e+02
20260807_09:00:00   3.3675e-01   8.6098e+01   3.6888e+01   0.0000e+00   0.0000e+00   2.9539e+02
20260807_12:00:00   3.2358e-01   8.3208e+01   3.6245e+01   0.0000e+00   0.0000e+00   2.9625e+02
20260807_15:00:00   3.2488e-01   8.3597e+01   3.6681e+01   0.0000e+00   0.0000e+00   2.9663e+02
20260807_18:00:00   2.8001e-01   7.4484e+01   3.1815e+01   0.0000e+00   0.0000e+00   2.9626e+02
20260807_21:00:00   2.6955e-01   7.1921e+01   3.1713e+01   0.0000e+00   0.0000e+00   2.9756e+02
20260808_00:00:00   2.6469e-01   7.0577e+01   3.1299e+01   0.0000e+00   2.2720e-06   2.9560e+02
20260808_03:00:00   2.5786e-01   6.9420e+01   2.9414e+01   0.0000e+00   1.3992e-03   2.9577e+02
20260808_06:00:00   3.0956e-01   8.0534e+01   3.5374e+01   0.0000e+00   4.8590e-02   2.9511e+02
20260808_09:00:00   3.3374e-01   8.5189e+01   3.7931e+01   0.0000e+00   6.0968e-03   2.9383e+02
20260808_12:00:00   3.2219e-01   8.2693e+01   3.6279e+01   0.0000e+00   1.5290e-03   2.9706e+02
20260808_15:00:00   4.2744e-01   1.0253e+02   3.7162e+01   1.1120e-01   3.0818e-04   2.9671e+02
20260808_18:00:00   3.3239e-01   8.4758e+01   3.7272e+01   4.1180e-03   4.7148e-03   2.9616e+02
20260808_21:00:00   3.1201e-01   8.0549e+01   3.6183e+01   6.1880e-04   3.9420e-06   2.9884e+02
20260809_00:00:00   3.6744e-01   9.1553e+01   4.0494e+01   2.2960e-02   3.5616e-02   2.9898e+02
20260809_03:00:00   5.8713e-01   1.2918e+02   4.6372e+01   1.9847e-01   1.5300e-03   2.9765e+02
20260809_06:00:00   4.4418e-01   1.0600e+02   4.5772e+01   3.5802e-02   1.5190e-02   2.9628e+02
20260809_09:00:00   8.2190e-01   1.5868e+02   4.7457e+01   4.5327e-01   2.5494e-01   2.9524e+02
20260809_12:00:00   3.8740e-01   9.5346e+01   4.3008e+01   0.0000e+00   1.7970e-03   2.9624e+02
20260809_15:00:00   4.0696e-01   9.8876e+01   4.4122e+01   0.0000e+00   1.8878e-05   2.9595e+02
20260809_18:00:00   4.0468e-01   9.9188e+01   4.3036e+01   0.0000e+00   0.0000e+00   2.9845e+02
20260809_21:00:00   4.5037e-01   1.0778e+02   4.6482e+01   3.7715e-02   7.1822e-04   2.9695e+02
20260810_00:00:00   1.9944e+00   2.4316e+02   5.9166e+01   1.6499e+00   7.9321e-01   2.9490e+02
20260810_03:00:00   1.5136e+00   2.1919e+02   5.8687e+01   1.0962e+00   6.1986e-01   2.9381e+02
20260810_06:00:00   4.5044e-01   1.0708e+02   5.0309e+01   3.2313e-03   2.2960e-02   2.9791e+02
20260810_09:00:00   8.9992e-01   1.6931e+02   5.0630e+01   5.0755e-01   9.6686e-03   2.9713e+02
20260810_12:00:00   4.5100e-01   1.0705e+02   5.0081e+01   8.0634e-03   7.0572e-04   2.9644e+02
