#            date       tau255        Tb[K]      pwv[mm] lwp[kg*m^-2] iwp[kg*m^-2]       o3[DU]
20261009_18:00:00   2.6806e-01   6.8807e+01   2.6728e+01   0.0000e+00   0.0000e+00   2.7075e+02
20261009_19:00:00   2.6295e-01   6.7876e+01   2.6070e+01   0.0000e+00   0.0000e+00   2.6811e+02
20261009_20:00:00   2.6803e-01   6.9146e+01   2.6487e+01   0.0000e+00   0.0000e+00   2.6789e+02
20261009_21:00:00   2.7808e-01   7.1507e+01   2.7521e+01   0.0000e+00   0.0000e+00   2.6966e+02
20261009_22:00:00   2.8221e-01   7.2631e+01   2.7728e+01   0.0000e+00   0.0000e+00   2.6905e+02
20261009_23:00:00   2.6635e-01   6.9254e+01   2.6443e+01   0.0000e+00   0.0000e+00   2.7058e+02
20261010_00:00:00   2.5285e-01   6.6217e+01   2.5405e+01   0.0000e+00   0.0000e+00   2.6904e+02
20261010_01:00:00   2.4564e-01   6.4563e+01   2.4877e+01   0.0000e+00   0.0000e+00   2.6918e+02
20261010_02:00:00   2.4287e-01   6.3899e+01   2.4745e+01   0.0000e+00   0.0000e+00   2.6939e+02
20261010_03:00:00   2.4748e-01   6.4906e+01   2.5185e+01   0.0000e+00   0.0000e+00   2.6846e+02
20261010_04:00:00   2.4547e-01   6.4464e+01   2.4798e+01   0.0000e+00   0.0000e+00   2.6718e+02
20261010_05:00:00   2.3792e-01   6.2728e+01   2.3936e+01   0.0000e+00   0.0000e+00   2.6709e+02
20261010_06:00:00   2.3061e-01   6.1026e+01   2.3162e+01   0.0000e+00   0.0000e+00   2.6845e+02
20261010_07:00:00   2.2444e-01   5.9606e+01   2.2484e+01   0.0000e+00   0.0000e+00   2.6713e+02
20261010_08:00:00   2.1674e-01   5.7842e+01   2.1597e+01   0.0000e+00   0.0000e+00   2.6578e+02
20261010_09:00:00   2.1481e-01   5.7383e+01   2.1371e+01   0.0000e+00   0.0000e+00   2.6596e+02
20261010_10:00:00   2.1524e-01   5.7461e+01   2.1409e+01   0.0000e+00   0.0000e+00   2.6967e+02
20261010_11:00:00   2.1296e-01   5.6945e+01   2.1047e+01   0.0000e+00   0.0000e+00   2.7000e+02
20261010_12:00:00   2.0690e-01   5.5537e+01   2.0265e+01   0.0000e+00   0.0000e+00   2.7256e+02
20261010_13:00:00   2.0047e-01   5.4051e+01   1.9349e+01   0.0000e+00   0.0000e+00   2.7481e+02
20261010_14:00:00   1.9472e-01   5.2752e+01   1.8575e+01   0.0000e+00   0.0000e+00   2.7650e+02
20261010_15:00:00   1.9898e-01   5.3769e+01   1.9011e+01   0.0000e+00   0.0000e+00   2.7935e+02
20261010_16:00:00   2.0537e-01   5.5276e+01   1.9618e+01   0.0000e+00   0.0000e+00   2.8101e+02
20261010_17:00:00   2.0679e-01   5.5664e+01   1.9777e+01   0.0000e+00   6.5540e-06   2.8290e+02
20261010_18:00:00   2.0792e-01   5.5998e+01   1.9841e+01   0.0000e+00   5.8980e-05   2.8207e+02
20261010_19:00:00   2.1578e-01   5.7850e+01   2.0597e+01   0.0000e+00   1.0510e-03   2.8321e+02
20261010_20:00:00   2.1006e-01   5.6566e+01   2.0015e+01   0.0000e+00   4.0560e-05   2.8312e+02
20261010_21:00:00   2.0968e-01   5.6479e+01   1.9979e+01   0.0000e+00   0.0000e+00   2.8376e+02
20261010_22:00:00   1.9866e-01   5.3883e+01   1.8897e+01   0.0000e+00   1.3108e-05   2.8356e+02
20261010_23:00:00   1.9394e-01   5.2729e+01   1.8419e+01   0.0000e+00   0.0000e+00   2.8385e+02
20261011_00:00:00   1.9127e-01   5.2077e+01   1.8165e+01   0.0000e+00   1.3108e-04   2.8312e+02
20261011_01:00:00   1.9073e-01   5.1927e+01   1.8063e+01   0.0000e+00   4.8640e-04   2.8259e+02
20261011_02:00:00   1.8750e-01   5.1125e+01   1.7742e+01   0.0000e+00   7.9480e-03   2.8309e+02
20261011_03:00:00   1.8465e-01   5.0425e+01   1.7380e+01   0.0000e+00   9.4580e-03   2.8707e+02
20261011_04:00:00   1.8606e-01   5.0690e+01   1.7429e+01   0.0000e+00   1.4634e-03   2.9583e+02
20261011_05:00:00   1.8678e-01   5.0793e+01   1.7444e+01   0.0000e+00   0.0000e+00   2.9739e+02
20261011_06:00:00   1.8589e-01   5.0533e+01   1.7321e+01   0.0000e+00   0.0000e+00   2.9335e+02
20261011_07:00:00   1.8832e-01   5.1084e+01   1.7467e+01   0.0000e+00   0.0000e+00   2.9057e+02
20261011_08:00:00   1.9628e-01   5.2936e+01   1.8094e+01   0.0000e+00   0.0000e+00   2.8800e+02
20261011_09:00:00   1.9383e-01   5.2406e+01   1.7680e+01   0.0000e+00   0.0000e+00   2.8788e+02
20261011_10:00:00   1.8725e-01   5.0898e+01   1.6822e+01   0.0000e+00   0.0000e+00   2.8592e+02
20261011_11:00:00   1.8507e-01   5.0377e+01   1.6408e+01   0.0000e+00   0.0000e+00   2.8467e+02
20261011_12:00:00   1.9064e-01   5.1714e+01   1.6976e+01   0.0000e+00   0.0000e+00   2.8307e+02
20261011_13:00:00   1.9642e-01   5.3086e+01   1.7578e+01   0.0000e+00   0.0000e+00   2.8149e+02
20261011_14:00:00   2.0194e-01   5.4392e+01   1.8315e+01   0.0000e+00   0.0000e+00   2.8288e+02
20261011_15:00:00   2.0734e-01   5.5662e+01   1.8985e+01   0.0000e+00   0.0000e+00   2.8130e+02
20261011_16:00:00   2.1114e-01   5.6613e+01   1.9485e+01   0.0000e+00   0.0000e+00   2.8113e+02
20261011_17:00:00   2.1566e-01   5.7726e+01   2.0043e+01   0.0000e+00   0.0000e+00   2.8020e+02
20261011_18:00:00   2.1820e-01   5.8404e+01   2.0373e+01   0.0000e+00   4.2572e-05   2.7819e+02
20261011_19:00:00   2.2033e-01   5.8946e+01   2.0894e+01   0.0000e+00   0.0000e+00   2.7800e+02
20261011_20:00:00   2.2305e-01   5.9689e+01   2.1180e+01   0.0000e+00   0.0000e+00   2.7718e+02
20261011_21:00:00   2.2897e-01   6.1104e+01   2.2044e+01   0.0000e+00   2.6020e-07   2.7674e+02
20261011_22:00:00   2.2827e-01   6.0967e+01   2.2278e+01   0.0000e+00   4.6657e-04   2.7565e+02
20261011_23:00:00   2.2450e-01   6.0122e+01   2.1900e+01   0.0000e+00   9.6202e-04   2.7332e+02
20261012_00:00:00   2.2799e-01   6.0884e+01   2.2479e+01   0.0000e+00   1.5816e-03   2.7044e+02
20261012_01:00:00   2.2182e-01   5.9457e+01   2.1940e+01   0.0000e+00   1.0711e-02   2.7119e+02
20261012_02:00:00   2.1120e-01   5.6987e+01   2.0899e+01   0.0000e+00   2.0851e-02   2.7255e+02
20261012_03:00:00   2.1763e-01   5.8315e+01   2.2344e+01   0.0000e+00   2.1820e-02   2.6925e+02
20261012_04:00:00   2.4368e-01   6.4048e+01   2.5805e+01   0.0000e+00   3.0576e-02   2.6745e+02
20261012_05:00:00   2.6139e-01   6.7830e+01   2.8279e+01   0.0000e+00   8.1388e-02   2.6706e+02
20261012_06:00:00   2.7155e-01   7.0044e+01   2.9474e+01   0.0000e+00   8.5200e-02   2.6702e+02
20261012_07:00:00   2.8304e-01   7.2526e+01   3.0769e+01   0.0000e+00   4.7251e-02   2.6704e+02
20261012_08:00:00   3.0709e-01   7.7534e+01   3.3607e+01   0.0000e+00   2.3809e-02   2.6879e+02
20261012_09:00:00   3.3917e-01   8.4012e+01   3.7047e+01   0.0000e+00   8.9309e-04   2.7230e+02
20261012_10:00:00   3.4119e-01   8.4456e+01   3.6977e+01   0.0000e+00   1.2032e-03   2.6781e+02
20261012_11:00:00   3.4165e-01   8.4543e+01   3.6941e+01   0.0000e+00   1.9714e-06   2.6489e+02
20261012_12:00:00   3.4894e-01   8.5963e+01   3.7821e+01   0.0000e+00   0.0000e+00   2.6603e+02
20261012_13:00:00   3.5365e-01   8.6955e+01   3.8195e+01   1.3108e-05   0.0000e+00   2.6717e+02
20261012_14:00:00   3.5392e-01   8.7080e+01   3.8179e+01   0.0000e+00   0.0000e+00   2.6779e+02
20261012_15:00:00   3.5926e-01   8.8135e+01   3.8889e+01   0.0000e+00   2.7680e-06   2.6529e+02
20261012_16:00:00   3.6327e-01   8.8970e+01   3.9222e+01   0.0000e+00   7.0107e-05   2.6468e+02
20261012_17:00:00   3.6177e-01   8.8849e+01   3.8678e+01   0.0000e+00   1.2508e-04   2.6294e+02
20261012_18:00:00   3.5776e-01   8.8228e+01   3.8276e+01   0.0000e+00   0.0000e+00   2.6032e+02
20261012_19:00:00   3.4745e-01   8.6381e+01   3.6956e+01   0.0000e+00   0.0000e+00   2.5730e+02
20261012_20:00:00   3.5467e-01   8.7911e+01   3.7474e+01   0.0000e+00   0.0000e+00   2.5784e+02
20261012_21:00:00   3.7308e-01   9.1591e+01   3.9105e+01   0.0000e+00   0.0000e+00   2.5584e+02
20261012_22:00:00   3.7736e-01   9.2472e+01   3.9448e+01   0.0000e+00   0.0000e+00   2.5529e+02
20261012_23:00:00   3.7156e-01   9.1356e+01   3.8620e+01   0.0000e+00   0.0000e+00   2.5371e+02
20261013_00:00:00   3.7578e-01   9.2128e+01   3.8895e+01   0.0000e+00   0.0000e+00   2.5184e+02
20261013_01:00:00   3.7808e-01   9.2619e+01   3.8739e+01   0.0000e+00   0.0000e+00   2.5236e+02
20261013_02:00:00   3.8315e-01   9.3550e+01   3.9279e+01   0.0000e+00   0.0000e+00   2.5169e+02
20261013_03:00:00   3.9540e-01   9.5910e+01   4.0182e+01   0.0000e+00   0.0000e+00   2.5175e+02
20261013_04:00:00   3.7714e-01   9.2418e+01   3.7988e+01   0.0000e+00   0.0000e+00   2.5047e+02
20261013_05:00:00   3.6324e-01   8.9615e+01   3.5794e+01   0.0000e+00   0.0000e+00   2.4948e+02
20261013_06:00:00   3.4680e-01   8.6137e+01   3.3419e+01   0.0000e+00   0.0000e+00   2.5040e+02
20261013_07:00:00   3.2088e-01   8.0630e+01   3.1037e+01   0.0000e+00   0.0000e+00   2.5209e+02
20261013_08:00:00   3.0451e-01   7.6974e+01   2.9449e+01   0.0000e+00   0.0000e+00   2.5341e+02
20261013_09:00:00   2.9293e-01   7.4365e+01   2.8142e+01   0.0000e+00   0.0000e+00   2.5302e+02
20261013_10:00:00   2.9518e-01   7.4658e+01   2.8246e+01   0.0000e+00   0.0000e+00   2.5217e+02
20261013_11:00:00   2.8507e-01   7.2346e+01   2.7128e+01   0.0000e+00   0.0000e+00   2.5213e+02
20261013_12:00:00   2.7007e-01   6.8994e+01   2.5852e+01   0.0000e+00   0.0000e+00   2.5028e+02
20261013_13:00:00   2.5548e-01   6.5766e+01   2.4361e+01   0.0000e+00   0.0000e+00   2.4868e+02
20261013_14:00:00   2.5703e-01   6.5969e+01   2.4842e+01   0.0000e+00   0.0000e+00   2.4884e+02
20261013_15:00:00   2.5853e-01   6.6277e+01   2.5077e+01   2.0560e-04   0.0000e+00   2.4865e+02
20261013_16:00:00   2.6285e-01   6.7200e+01   2.5787e+01   0.0000e+00   0.0000e+00   2.4876e+02
20261013_17:00:00   2.6782e-01   6.8272e+01   2.6300e+01   0.0000e+00   0.0000e+00   2.4790e+02
20261013_18:00:00   2.6698e-01   6.8161e+01   2.6316e+01   0.0000e+00   0.0000e+00   2.4717e+02
20261013_19:00:00   2.6044e-01   6.6805e+01   2.5783e+01   0.0000e+00   0.0000e+00   2.4609e+02
20261013_20:00:00   2.5656e-01   6.5945e+01   2.5410e+01   0.0000e+00   0.0000e+00   2.4404e+02
20261013_21:00:00   2.5350e-01   6.5257e+01   2.5162e+01   0.0000e+00   0.0000e+00   2.4410e+02
20261013_22:00:00   2.4930e-01   6.4311e+01   2.4761e+01   0.0000e+00   0.0000e+00   2.4405e+02
20261013_23:00:00   2.4501e-01   6.3316e+01   2.4412e+01   0.0000e+00   0.0000e+00   2.4423e+02
20261014_00:00:00   2.4125e-01   6.2457e+01   2.4006e+01   0.0000e+00   0.0000e+00   2.4562e+02
20261014_01:00:00   2.4057e-01   6.2260e+01   2.3877e+01   0.0000e+00   0.0000e+00   2.4573e+02
20261014_02:00:00   2.3954e-01   6.1989e+01   2.3660e+01   0.0000e+00   0.0000e+00   2.4589e+02
20261014_03:00:00   2.3432e-01   6.0809e+01   2.3122e+01   0.0000e+00   0.0000e+00   2.4672e+02
20261014_04:00:00   2.2777e-01   5.9346e+01   2.2404e+01   0.0000e+00   0.0000e+00   2.4937e+02
20261014_05:00:00   2.2773e-01   5.9317e+01   2.2297e+01   0.0000e+00   0.0000e+00   2.5101e+02
20261014_06:00:00   2.3173e-01   6.0142e+01   2.2704e+01   0.0000e+00   0.0000e+00   2.5173e+02
20261014_07:00:00   2.3012e-01   5.9734e+01   2.2654e+01   0.0000e+00   0.0000e+00   2.5181e+02
20261014_08:00:00   2.2946e-01   5.9526e+01   2.2613e+01   0.0000e+00   5.5340e-06   2.5253e+02
20261014_09:00:00   2.3134e-01   5.9864e+01   2.2940e+01   0.0000e+00   3.5060e-03   2.5350e+02
20261014_10:00:00   2.3071e-01   5.9698e+01   2.2671e+01   0.0000e+00   2.4840e-04   2.5510e+02
20261014_11:00:00   2.2932e-01   5.9381e+01   2.2631e+01   0.0000e+00   1.8562e-03   2.5641e+02
20261014_12:00:00   2.2673e-01   5.8795e+01   2.2407e+01   0.0000e+00   6.6745e-03   2.5795e+02
20261014_13:00:00   2.2610e-01   5.8627e+01   2.2475e+01   0.0000e+00   1.4373e-02   2.5787e+02
20261014_14:00:00   2.3351e-01   6.0148e+01   2.3806e+01   0.0000e+00   5.1487e-03   2.5931e+02
20261014_15:00:00   2.3865e-01   6.1264e+01   2.4610e+01   0.0000e+00   3.7166e-03   2.6063e+02
20261014_16:00:00   2.4328e-01   6.2273e+01   2.5320e+01   0.0000e+00   2.8947e-02   2.6129e+02
20261014_17:00:00   2.4673e-01   6.3034e+01   2.5676e+01   0.0000e+00   5.2342e-02   2.6135e+02
20261014_18:00:00   2.5165e-01   6.4171e+01   2.6471e+01   0.0000e+00   3.0213e-02   2.6184e+02
20261014_21:00:00   2.8614e-01   7.1624e+01   3.0241e+01   0.0000e+00   6.1198e-02   2.5967e+02
20261015_00:00:00   3.8006e-01   9.0547e+01   3.6013e+01   4.2136e-02   4.5157e-02   2.5733e+02
20261015_03:00:00   3.6630e-01   8.7787e+01   3.8180e+01   7.3049e-04   3.8033e-02   2.5979e+02
20261015_06:00:00   3.9161e-01   9.2297e+01   3.8450e+01   2.6489e-02   1.1340e-01   2.6157e+02
20261015_09:00:00   3.7643e-01   8.9773e+01   3.6188e+01   3.4881e-02   3.6973e-01   2.5891e+02
20261015_12:00:00   3.9890e-01   9.4234e+01   3.8097e+01   3.9793e-02   5.6498e-02   2.5936e+02
20261015_15:00:00   7.7790e-01   1.5398e+02   4.1043e+01   4.5660e-01   8.2080e-02   2.6165e+02
20261015_18:00:00   4.0548e-01   9.6143e+01   3.7043e+01   3.8723e-02   6.1600e-07   2.6894e+02
20261015_21:00:00   7.3132e-01   1.5008e+02   3.2813e+01   4.8335e-01   0.0000e+00   2.7263e+02
20261016_00:00:00   5.3502e-01   1.1968e+02   3.0661e+01   2.4281e-01   0.0000e+00   2.7143e+02
20261016_03:00:00   2.2706e-01   5.9523e+01   2.0958e+01   0.0000e+00   0.0000e+00   2.7048e+02
20261016_06:00:00   2.2384e-01   5.8420e+01   1.9626e+01   0.0000e+00   0.0000e+00   2.7120e+02
20261016_09:00:00   2.8886e-01   7.2013e+01   1.8866e+01   8.6065e-02   0.0000e+00   2.7424e+02
20261016_12:00:00   2.0608e-01   5.3580e+01   1.8538e+01   0.0000e+00   0.0000e+00   2.7461e+02
20261016_15:00:00   1.5447e-01   4.1390e+01   1.2364e+01   0.0000e+00   1.8270e-04   2.8202e+02
20261016_18:00:00   1.4590e-01   3.9274e+01   8.8769e+00   1.1370e-02   1.7050e-04   2.9723e+02
20261016_21:00:00   1.8622e-01   4.8054e+01   1.1358e+01   3.7980e-02   1.0986e-03   2.9437e+02
20261017_00:00:00   3.2699e-01   7.7306e+01   1.1933e+01   1.8836e-01   1.0308e-03   3.0502e+02
20261017_03:00:00   2.1452e-01   5.3775e+01   1.1415e+01   6.7075e-02   4.1341e-03   3.2084e+02
20261017_06:00:00   2.9645e-01   7.0603e+01   1.2851e+01   1.4373e-01   1.6643e-02   3.3154e+02
20261017_09:00:00   3.0173e-01   7.1264e+01   1.1964e+01   1.5680e-01   1.7300e-02   3.3661e+02
20261017_12:00:00   1.5454e-01   4.0191e+01   1.0484e+01   6.0302e-03   3.8337e-04   3.3850e+02
20261017_15:00:00   1.4606e-01   3.8259e+01   9.3795e+00   4.9855e-03   7.0553e-04   3.3785e+02
20261017_18:00:00   1.8355e-01   4.6824e+01   7.6093e+00   6.1140e-02   2.2692e-03   3.1946e+02
20261017_21:00:00   1.1434e-01   3.1244e+01   5.9724e+00   3.3200e-05   5.0206e-04   2.9872e+02
20261018_00:00:00   1.0515e-01   2.9084e+01   5.2720e+00   0.0000e+00   0.0000e+00   2.9062e+02
20261018_03:00:00   1.0096e-01   2.8122e+01   5.1796e+00   0.0000e+00   0.0000e+00   2.8734e+02
20261018_06:00:00   9.8507e-02   2.7588e+01   5.0590e+00   0.0000e+00   0.0000e+00   2.8435e+02
20261018_09:00:00   9.4839e-02   2.6731e+01   4.5063e+00   0.0000e+00   0.0000e+00   2.8784e+02
20261018_12:00:00   9.6856e-02   2.7254e+01   4.8003e+00   0.0000e+00   0.0000e+00   2.8960e+02
20261018_15:00:00   1.0084e-01   2.8282e+01   5.4377e+00   0.0000e+00   1.2320e-06   2.8290e+02
20261018_18:00:00   1.0704e-01   2.9919e+01   6.6663e+00   0.0000e+00   1.8454e-05   2.7783e+02
20261018_21:00:00   1.2590e-01   3.4719e+01   9.8034e+00   0.0000e+00   0.0000e+00   2.7393e+02
20261019_00:00:00   1.5612e-01   4.1972e+01   1.3662e+01   0.0000e+00   1.9466e-05   2.7297e+02
20261019_03:00:00   1.6491e-01   4.4023e+01   1.4642e+01   0.0000e+00   0.0000e+00   2.7386e+02
20261019_06:00:00   1.5707e-01   4.2267e+01   1.3399e+01   0.0000e+00   0.0000e+00   2.7222e+02
20261019_09:00:00   1.5499e-01   4.1797e+01   1.2982e+01   0.0000e+00   0.0000e+00   2.7248e+02
20261019_12:00:00   1.5290e-01   4.1325e+01   1.2622e+01   0.0000e+00   0.0000e+00   2.7547e+02
20261019_15:00:00   1.5343e-01   4.1502e+01   1.2665e+01   0.0000e+00   0.0000e+00   2.7430e+02
20261019_18:00:00   1.5946e-01   4.3000e+01   1.3595e+01   0.0000e+00   3.1460e-05   2.7525e+02
20261019_21:00:00   1.6841e-01   4.5158e+01   1.4877e+01   0.0000e+00   4.8099e-03   2.6716e+02
20261020_00:00:00   1.8987e-01   5.0002e+01   1.8383e+01   0.0000e+00   1.6391e-02   2.6300e+02
20261020_03:00:00   2.4175e-01   6.1116e+01   2.5072e+01   2.2036e-03   3.5274e-02   2.6518e+02
20261020_06:00:00   6.3880e-01   1.3067e+02   2.7589e+01   4.2176e-01   4.5281e-01   2.6312e+02
20261020_09:00:00   1.7193e-01   4.5271e+01   1.6868e+01   0.0000e+00   4.1644e-01   2.6389e+02
20261020_12:00:00   1.3761e-01   3.7406e+01   1.2008e+01   0.0000e+00   6.5514e-03   2.6577e+02
20261020_15:00:00   1.5154e-01   4.0651e+01   1.3385e+01   3.3695e-03   5.3166e-03   2.6680e+02
20261020_18:00:00   2.9592e-01   7.2053e+01   1.8455e+01   1.2180e-01   4.5156e-03   2.6586e+02
20261020_21:00:00   1.7993e-01   4.7607e+01   1.7707e+01   0.0000e+00   2.1492e-04   2.6630e+02
20261021_00:00:00   1.6878e-01   4.5269e+01   1.5990e+01   0.0000e+00   0.0000e+00   2.7071e+02
20261021_03:00:00   1.8799e-01   4.9603e+01   1.8258e+01   0.0000e+00   1.8855e-02   2.7233e+02
20261021_06:00:00   2.0567e-01   5.3493e+01   2.0488e+01   5.0940e-04   8.3989e-04   2.7286e+02
20261021_09:00:00   1.9597e-01   5.1508e+01   1.8992e+01   0.0000e+00   9.8560e-07   2.7419e+02
20261021_12:00:00   2.3518e-01   6.0201e+01   2.3709e+01   0.0000e+00   9.9328e-03   2.7700e+02
20261021_15:00:00   9.4228e-01   1.6998e+02   3.0570e+01   7.2307e-01   5.0550e-03   2.8040e+02
20261021_18:00:00   6.6205e-01   1.3542e+02   3.2228e+01   3.7582e-01   9.2762e-03   2.8017e+02
20261021_21:00:00   8.0659e-01   1.5666e+02   3.3479e+01   5.4856e-01   3.6468e-02   2.7841e+02
20261022_00:00:00   1.2375e+00   2.0158e+02   3.4477e+01   1.0644e+00   2.0867e-01   2.8418e+02
20261022_03:00:00   1.1326e+00   1.9303e+02   3.3259e+01   9.6078e-01   6.1767e-02   2.9270e+02
20261022_06:00:00   1.1335e+00   1.9267e+02   3.3442e+01   9.5833e-01   1.6023e-01   2.9404e+02
20261022_09:00:00   1.6972e+00   2.2942e+02   3.4885e+01   1.5654e+00   8.1759e-01   3.0022e+02
20261022_12:00:00   1.2344e+00   1.9855e+02   3.4141e+01   1.0257e+00   5.0190e-01   3.1502e+02
20261022_15:00:00   1.9265e+00   2.3682e+02   3.1503e+01   1.8331e+00   6.9941e-01   3.1478e+02
20261022_18:00:00   1.5060e+00   2.1684e+02   3.1254e+01   1.3718e+00   2.9543e-01   3.0115e+02
20261022_21:00:00   6.1710e-01   1.2941e+02   2.6068e+01   3.8858e-01   1.6346e-05   2.7730e+02
20261023_00:00:00   2.5890e-01   6.5688e+01   2.0025e+01   2.6570e-02   0.0000e+00   2.6864e+02
20261023_03:00:00   2.2003e-01   5.7260e+01   1.6915e+01   1.7196e-02   0.0000e+00   2.7187e+02
20261023_06:00:00   1.7848e-01   4.7705e+01   1.4414e+01   0.0000e+00   0.0000e+00   2.6946e+02
20261023_09:00:00   1.5706e-01   4.2575e+01   1.2439e+01   0.0000e+00   0.0000e+00   2.6881e+02
20261023_12:00:00   1.5563e-01   4.2164e+01   1.2508e+01   0.0000e+00   2.0302e-03   2.7406e+02
20261023_15:00:00   1.5312e-01   4.1613e+01   1.2137e+01   0.0000e+00   0.0000e+00   2.7541e+02
20261023_18:00:00   1.5260e-01   4.1629e+01   1.1854e+01   0.0000e+00   0.0000e+00   2.7830e+02
20261023_21:00:00   1.7182e-01   4.6167e+01   1.4907e+01   0.0000e+00   0.0000e+00   2.8293e+02
20261024_00:00:00   1.9224e-01   5.0804e+01   1.7418e+01   0.0000e+00   0.0000e+00   2.7759e+02
20261024_03:00:00   2.1185e-01   5.5216e+01   1.8525e+01   4.3520e-03   0.0000e+00   2.7929e+02
20261024_06:00:00   1.7874e-01   4.7549e+01   1.4455e+01   0.0000e+00   0.0000e+00   2.8789e+02
20261024_09:00:00   2.7550e-01   6.8528e+01   1.3392e+01   1.1616e-01   0.0000e+00   2.9547e+02
20261024_12:00:00   1.6189e-01   4.3046e+01   1.1146e+01   7.6126e-03   1.4114e-03   3.0484e+02
20261024_15:00:00   1.4474e-01   3.8871e+01   9.8391e+00   3.9020e-07   0.0000e+00   3.1572e+02
20261024_18:00:00   1.4162e-01   3.8094e+01   8.9163e+00   4.4480e-03   2.7120e-05   3.2915e+02
20261024_21:00:00   1.2744e-01   3.4631e+01   8.0838e+00   0.0000e+00   0.0000e+00   3.3033e+02
20261025_00:00:00   1.4250e-01   3.8050e+01   9.8308e+00   1.6734e-04   4.7237e-04   3.2931e+02
20261025_03:00:00   1.3994e-01   3.7359e+01   9.6047e+00   0.0000e+00   2.9720e-06   3.4818e+02
20261025_06:00:00   1.3789e-01   3.6888e+01   9.3522e+00   0.0000e+00   1.1068e-06   3.4793e+02
20261025_09:00:00   1.4024e-01   3.7470e+01   9.8070e+00   0.0000e+00   1.5676e-03   3.4071e+02
20261025_12:00:00   1.4322e-01   3.8068e+01   1.0609e+01   0.0000e+00   1.8035e-02   3.3616e+02
20261025_15:00:00   1.6752e-01   4.3452e+01   1.3661e+01   0.0000e+00   2.6287e-01   3.3070e+02
20261025_18:00:00   1.6389e-01   4.2730e+01   1.3282e+01   0.0000e+00   1.1422e-02   3.2778e+02
