#            date       tau255        Tb[K]      pwv[mm] lwp[kg*m^-2] iwp[kg*m^-2]       o3[DU]
20260927_06:00:00   4.1090e-01   9.6466e+01   3.5856e+01   7.7877e-02   3.0416e-02   2.9020e+02
20260927_07:00:00   5.1529e-01   1.1453e+02   3.7228e+01   1.8713e-01   3.6405e-02   2.9156e+02
20260927_08:00:00   8.2296e-01   1.5684e+02   3.8498e+01   5.1977e-01   1.1697e-01   2.9258e+02
20260927_09:00:00   9.5913e-01   1.7174e+02   3.9261e+01   6.6084e-01   3.9774e-01   2.9233e+02
20260927_10:00:00   8.3001e-01   1.5772e+02   3.9913e+01   5.0532e-01   4.0073e-01   2.9350e+02
20260927_11:00:00   7.8454e-01   1.5226e+02   4.0272e+01   4.4716e-01   3.4866e-01   2.9593e+02
20260927_12:00:00   8.2351e-01   1.5724e+02   4.0650e+01   4.8606e-01   2.7120e-01   2.9837e+02
20260927_13:00:00   7.9022e-01   1.5312e+02   4.0816e+01   4.4329e-01   2.5560e-01   2.9810e+02
20260927_14:00:00   5.8914e-01   1.2558e+02   4.0644e+01   2.1447e-01   3.1243e-01   2.9742e+02
20260927_15:00:00   4.6891e-01   1.0634e+02   4.0420e+01   8.0178e-02   3.5176e-01   2.9719e+02
20260927_16:00:00   4.1821e-01   9.7494e+01   3.9954e+01   2.8467e-02   3.4187e-01   2.9750e+02
20260927_17:00:00   4.1019e-01   9.6061e+01   3.9351e+01   2.7297e-02   3.3009e-01   2.9709e+02
20260927_18:00:00   4.0286e-01   9.4717e+01   3.8591e+01   2.9101e-02   2.4537e-01   2.9618e+02
20260927_19:00:00   3.7769e-01   9.0066e+01   3.8064e+01   7.6857e-03   1.5462e-01   2.9538e+02
20260927_20:00:00   3.7312e-01   8.9264e+01   3.8077e+01   3.6424e-03   7.7107e-02   2.9541e+02
20260927_21:00:00   3.7217e-01   8.9098e+01   3.8167e+01   1.7188e-03   8.6823e-03   2.9690e+02
20260927_22:00:00   3.7002e-01   8.8742e+01   3.7899e+01   1.9272e-03   5.6359e-03   2.9773e+02
20260927_23:00:00   3.6108e-01   8.7062e+01   3.6908e+01   2.0798e-03   2.2024e-02   2.9552e+02
20260928_00:00:00   3.4633e-01   8.4247e+01   3.5558e+01   4.7914e-04   5.4476e-03   2.9486e+02
20260928_01:00:00   3.3861e-01   8.2761e+01   3.4698e+01   2.3740e-04   1.9607e-03   2.9279e+02
20260928_02:00:00   3.3586e-01   8.2277e+01   3.4139e+01   5.5960e-04   1.0486e-04   2.9009e+02
20260928_03:00:00   3.3786e-01   8.2646e+01   3.4124e+01   8.5060e-04   0.0000e+00   2.8962e+02
20260928_04:00:00   3.3434e-01   8.1888e+01   3.3788e+01   7.9740e-04   0.0000e+00   2.8882e+02
20260928_05:00:00   3.2445e-01   7.9829e+01   3.2951e+01   1.0598e-03   0.0000e+00   2.8811e+02
20260928_06:00:00   3.1385e-01   7.7614e+01   3.1919e+01   1.6546e-03   0.0000e+00   2.8745e+02
20260928_07:00:00   3.0639e-01   7.6071e+01   3.1214e+01   1.9886e-03   0.0000e+00   2.8648e+02
20260928_08:00:00   3.0467e-01   7.5681e+01   3.0953e+01   2.5340e-03   0.0000e+00   2.8612e+02
20260928_09:00:00   3.0797e-01   7.6321e+01   3.0847e+01   5.2560e-03   0.0000e+00   2.8559e+02
20260928_10:00:00   3.1695e-01   7.8155e+01   3.0892e+01   1.3344e-02   0.0000e+00   2.8788e+02
20260928_11:00:00   3.3918e-01   8.2618e+01   3.0978e+01   3.7320e-02   0.0000e+00   2.8985e+02
20260928_12:00:00   3.4853e-01   8.4456e+01   3.0983e+01   4.7220e-02   0.0000e+00   2.8921e+02
20260928_13:00:00   4.4725e-01   1.0290e+02   3.0854e+01   1.6420e-01   0.0000e+00   2.8943e+02
20260928_14:00:00   5.0033e-01   1.1217e+02   3.0704e+01   2.2940e-01   0.0000e+00   2.8889e+02
20260928_15:00:00   4.2875e-01   9.9678e+01   3.0108e+01   1.5128e-01   0.0000e+00   2.8844e+02
20260928_16:00:00   3.8577e-01   9.1730e+01   2.9562e+01   1.0670e-01   0.0000e+00   2.8871e+02
20260928_17:00:00   2.8873e-01   7.2493e+01   2.8205e+01   8.8920e-03   0.0000e+00   2.8784e+02
20260928_18:00:00   2.6078e-01   6.6669e+01   2.6265e+01   7.5420e-04   0.0000e+00   2.8528e+02
20260928_19:00:00   2.4832e-01   6.4029e+01   2.5017e+01   0.0000e+00   0.0000e+00   2.8505e+02
20260928_20:00:00   2.3050e-01   6.0187e+01   2.3139e+01   0.0000e+00   0.0000e+00   2.8406e+02
20260928_21:00:00   2.1515e-01   5.6764e+01   2.1337e+01   0.0000e+00   0.0000e+00   2.8532e+02
20260928_22:00:00   2.0194e-01   5.3793e+01   1.9767e+01   0.0000e+00   4.5200e-04   2.8186e+02
20260928_23:00:00   1.8669e-01   5.0298e+01   1.7972e+01   0.0000e+00   1.4656e-03   2.7845e+02
20260929_00:00:00   1.7435e-01   4.7352e+01   1.6344e+01   0.0000e+00   2.7380e-03   2.7575e+02
20260929_01:00:00   1.6650e-01   4.5483e+01   1.5406e+01   0.0000e+00   3.2859e-03   2.7365e+02
20260929_02:00:00   1.6292e-01   4.4598e+01   1.5048e+01   0.0000e+00   7.6900e-03   2.7327e+02
20260929_03:00:00   1.6327e-01   4.4659e+01   1.5226e+01   0.0000e+00   5.6295e-05   2.7362e+02
20260929_04:00:00   1.6248e-01   4.4452e+01   1.5385e+01   0.0000e+00   1.2216e-04   2.7178e+02
20260929_05:00:00   1.6528e-01   4.5059e+01   1.5923e+01   0.0000e+00   1.1392e-04   2.7006e+02
20260929_06:00:00   1.7858e-01   4.8198e+01   1.7692e+01   0.0000e+00   4.7760e-04   2.6978e+02
20260929_07:00:00   2.0764e-01   5.4970e+01   2.1040e+01   0.0000e+00   7.4472e-04   2.6778e+02
20260929_08:00:00   2.2713e-01   5.9378e+01   2.3054e+01   0.0000e+00   5.5911e-04   2.6558e+02
20260929_09:00:00   2.2419e-01   5.8718e+01   2.2746e+01   0.0000e+00   1.0078e-02   2.6548e+02
20260929_10:00:00   2.2686e-01   5.9276e+01   2.3094e+01   0.0000e+00   1.6236e-03   2.6505e+02
20260929_11:00:00   2.3484e-01   6.1045e+01   2.4006e+01   0.0000e+00   1.0717e-03   2.6477e+02
20260929_12:00:00   2.4298e-01   6.2855e+01   2.4975e+01   0.0000e+00   3.8834e-03   2.6398e+02
20260929_13:00:00   2.4127e-01   6.2473e+01   2.4906e+01   0.0000e+00   3.3205e-03   2.6334e+02
20260929_14:00:00   2.5015e-01   6.4336e+01   2.6234e+01   0.0000e+00   1.3294e-02   2.6444e+02
20260929_15:00:00   2.5929e-01   6.6362e+01   2.7270e+01   0.0000e+00   7.6767e-03   2.6492e+02
20260929_16:00:00   2.7367e-01   6.9569e+01   2.8879e+01   0.0000e+00   1.4593e-02   2.6420e+02
20260929_17:00:00   2.8635e-01   7.2313e+01   3.0397e+01   0.0000e+00   6.5212e-03   2.6444e+02
20260929_18:00:00   2.9765e-01   7.4848e+01   3.1533e+01   4.1500e-05   4.9890e-03   2.6562e+02
20260929_19:00:00   3.1919e-01   7.9279e+01   3.4129e+01   2.4785e-03   7.1782e-04   2.6507e+02
20260929_20:00:00   3.1255e-01   7.8006e+01   3.4153e+01   0.0000e+00   3.0556e-02   2.6271e+02
20260929_21:00:00   3.3372e-01   8.2344e+01   3.6579e+01   0.0000e+00   1.1845e-01   2.6134e+02
20260929_22:00:00   3.2916e-01   8.1468e+01   3.6341e+01   0.0000e+00   1.7055e-02   2.6160e+02
20260929_23:00:00   3.2557e-01   8.0791e+01   3.5947e+01   0.0000e+00   1.2628e-01   2.6218e+02
20260930_00:00:00   3.5752e-01   8.7068e+01   3.7292e+01   2.4440e-02   9.9558e-02   2.6125e+02
20260930_01:00:00   8.2870e-01   1.5923e+02   4.0080e+01   5.4426e-01   1.7085e-01   2.6043e+02
20260930_02:00:00   3.4747e-01   8.4984e+01   3.8827e+01   2.5458e-03   2.9702e-01   2.6064e+02
20260930_03:00:00   3.5268e-01   8.5996e+01   3.9820e+01   7.9080e-05   1.9391e-01   2.6077e+02
20260930_04:00:00   5.2107e-01   1.1566e+02   4.0544e+01   1.8486e-01   6.6798e-02   2.6052e+02
20260930_05:00:00   1.2930e+00   2.0308e+02   4.2999e+01   1.0382e+00   2.2050e-01   2.6102e+02
20260930_06:00:00   3.6822e-01   8.8959e+01   4.0247e+01   1.3861e-02   1.2935e-01   2.5959e+02
20260930_07:00:00   3.3282e-01   8.2066e+01   3.7743e+01   9.6418e-04   1.4660e-02   2.5985e+02
20260930_08:00:00   3.2649e-01   8.0868e+01   3.7367e+01   0.0000e+00   5.6998e-02   2.5969e+02
20260930_09:00:00   3.4179e-01   8.4051e+01   3.8699e+01   2.6020e-07   1.9290e-02   2.5950e+02
20260930_10:00:00   3.9664e-01   9.4247e+01   4.0809e+01   4.1507e-02   6.9401e-02   2.5850e+02
20260930_11:00:00   4.9253e-01   1.1074e+02   4.1172e+01   1.4660e-01   3.3242e-02   2.5823e+02
20260930_12:00:00   3.8703e-01   9.2681e+01   4.2261e+01   1.5592e-02   4.6089e-02   2.5806e+02
20260930_13:00:00   5.2644e-01   1.1655e+02   4.2467e+01   1.6738e-01   4.6170e-02   2.5781e+02
20260930_14:00:00   6.3335e-01   1.3289e+02   4.4012e+01   2.7055e-01   2.6302e-02   2.5719e+02
20260930_15:00:00   4.0458e-01   9.6263e+01   4.3329e+01   2.2136e-02   9.4691e-02   2.5668e+02
20260930_16:00:00   3.7759e-01   9.1414e+01   4.2135e+01   1.0486e-04   1.8257e-01   2.5694e+02
20260930_17:00:00   3.9382e-01   9.4534e+01   4.2612e+01   9.6480e-03   1.7048e-02   2.5604e+02
20260930_18:00:00   4.1048e-01   9.7595e+01   4.3123e+01   1.8634e-02   2.4922e-01   2.5537e+02
20260930_19:00:00   3.8008e-01   9.2123e+01   4.1304e+01   3.3640e-04   6.4684e-01   2.5579e+02
20260930_20:00:00   3.5848e-01   8.7953e+01   3.9541e+01   0.0000e+00   5.3615e-01   2.5657e+02
20260930_21:00:00   3.8611e-01   9.3332e+01   4.3185e+01   0.0000e+00   8.7307e-02   2.5485e+02
20260930_22:00:00   9.2639e-01   1.7039e+02   4.6013e+01   5.8806e-01   2.3180e-01   2.5385e+02
20260930_23:00:00   6.8339e-01   1.4146e+02   4.7177e+01   2.9643e-01   5.5691e-02   2.5249e+02
20261001_00:00:00   8.9430e-01   1.6865e+02   4.6575e+01   5.4352e-01   2.6844e-02   2.5261e+02
20261001_01:00:00   6.7691e-01   1.4191e+02   4.2423e+01   3.3824e-01   1.9006e-04   2.5321e+02
20261001_02:00:00   6.9552e-01   1.4514e+02   4.3489e+01   3.4433e-01   4.7911e-04   2.5364e+02
20261001_03:00:00   5.4957e-01   1.2293e+02   4.1745e+01   1.7152e-01   4.5737e-02   2.5491e+02
20261001_04:00:00   4.2968e-01   1.0200e+02   4.2513e+01   2.3395e-02   8.6973e-02   2.5479e+02
20261001_05:00:00   4.3373e-01   1.0254e+02   4.5136e+01   1.5632e-03   1.7226e-01   2.5456e+02
20261001_06:00:00   4.4162e-01   1.0366e+02   4.6601e+01   0.0000e+00   3.0386e-01   2.5430e+02
20261001_07:00:00   4.3455e-01   1.0245e+02   4.5746e+01   0.0000e+00   4.0969e-01   2.5444e+02
20261001_08:00:00   4.3530e-01   1.0261e+02   4.5337e+01   4.3542e-04   8.2618e-02   2.5520e+02
20261001_09:00:00   4.5449e-01   1.0571e+02   4.5652e+01   2.4889e-02   3.5271e-01   2.5561e+02
20261001_10:00:00   6.6355e-01   1.3788e+02   4.6444e+01   2.4918e-01   2.3661e-01   2.5512e+02
20261001_11:00:00   5.2754e-01   1.1809e+02   4.7179e+01   8.4934e-02   4.5071e-01   2.5585e+02
20261001_12:00:00   4.7035e-01   1.0773e+02   4.4768e+01   4.6554e-02   3.6701e-01   2.5878e+02
20261001_13:00:00   4.7653e-01   1.0772e+02   4.0201e+01   1.1164e-01   2.5693e-01   2.5918e+02
20261001_14:00:00   4.0475e-01   9.5141e+01   3.8412e+01   5.2879e-02   4.7929e-01   2.5949e+02
20261001_15:00:00   5.5001e-01   1.1948e+02   3.6954e+01   2.3364e-01   4.1672e-01   2.5924e+02
20261001_16:00:00   5.0234e-01   1.1109e+02   3.1608e+01   2.3841e-01   4.9054e-01   2.6038e+02
20261001_17:00:00   4.9597e-01   1.0983e+02   2.6785e+01   2.8094e-01   2.4662e-01   2.6228e+02
20261001_18:00:00   2.6856e-01   6.7474e+01   2.8311e+01   9.4860e-03   4.9162e-01   2.6229e+02
20261001_19:00:00   2.3916e-01   6.1177e+01   2.5603e+01   0.0000e+00   3.5699e-01   2.6341e+02
20261001_20:00:00   2.3387e-01   5.9972e+01   2.4602e+01   0.0000e+00   3.7124e-01   2.6613e+02
20261001_21:00:00   2.2138e-01   5.7239e+01   2.2866e+01   0.0000e+00   3.5444e-01   2.6704e+02
20261001_22:00:00   1.9148e-01   5.0558e+01   1.8745e+01   0.0000e+00   2.3614e-01   2.6930e+02
20261001_23:00:00   1.5595e-01   4.2357e+01   1.3523e+01   0.0000e+00   2.5384e-01   2.7216e+02
20261002_00:00:00   1.4612e-01   3.9924e+01   1.2279e+01   0.0000e+00   2.8988e-01   2.7316e+02
20261002_01:00:00   1.3878e-01   3.8157e+01   1.1167e+01   0.0000e+00   3.1417e-01   2.7363e+02
20261002_02:00:00   1.3032e-01   3.6082e+01   9.8921e+00   0.0000e+00   3.0271e-01   2.7474e+02
20261002_03:00:00   1.2448e-01   3.4658e+01   9.1305e+00   0.0000e+00   2.6518e-01   2.7652e+02
20261002_04:00:00   1.2106e-01   3.3817e+01   8.6590e+00   0.0000e+00   2.3194e-01   2.7653e+02
20261002_05:00:00   1.1888e-01   3.3245e+01   8.5557e+00   0.0000e+00   1.4968e-01   2.7731e+02
20261002_06:00:00   1.2294e-01   3.4192e+01   9.1813e+00   0.0000e+00   1.0333e-01   2.7581e+02
20261002_09:00:00   1.2456e-01   3.4539e+01   9.2494e+00   0.0000e+00   0.0000e+00   2.8228e+02
20261002_12:00:00   1.2230e-01   3.4013e+01   8.2959e+00   0.0000e+00   0.0000e+00   2.8553e+02
20261002_15:00:00   1.0531e-01   2.9846e+01   5.8087e+00   0.0000e+00   0.0000e+00   2.8499e+02
20261002_18:00:00   1.1531e-01   3.2345e+01   7.1517e+00   0.0000e+00   0.0000e+00   2.9111e+02
20261002_21:00:00   1.2400e-01   3.4554e+01   8.0689e+00   0.0000e+00   0.0000e+00   2.9371e+02
20261003_00:00:00   1.1521e-01   3.2425e+01   7.0452e+00   0.0000e+00   0.0000e+00   2.8755e+02
20261003_03:00:00   1.1398e-01   3.2042e+01   7.0024e+00   0.0000e+00   1.0934e-04   2.8631e+02
20261003_06:00:00   1.1298e-01   3.1714e+01   6.9464e+00   0.0000e+00   1.2846e-04   2.8444e+02
20261003_09:00:00   1.1114e-01   3.1138e+01   7.0201e+00   0.0000e+00   0.0000e+00   2.8376e+02
20261003_12:00:00   1.1424e-01   3.1807e+01   7.8029e+00   0.0000e+00   0.0000e+00   2.8499e+02
20261003_15:00:00   1.2159e-01   3.3606e+01   8.9298e+00   0.0000e+00   7.7340e-05   2.9103e+02
20261003_18:00:00   1.4844e-01   4.0029e+01   1.3084e+01   0.0000e+00   5.2020e-07   2.9286e+02
20261003_21:00:00   1.6085e-01   4.3074e+01   1.4918e+01   0.0000e+00   4.7726e-03   2.9339e+02
20261004_00:00:00   1.6823e-01   4.4815e+01   1.6173e+01   0.0000e+00   2.2783e-03   2.9629e+02
20261004_03:00:00   1.6973e-01   4.5167e+01   1.6643e+01   0.0000e+00   7.7550e-03   2.9340e+02
20261004_06:00:00   1.6333e-01   4.3686e+01   1.5402e+01   0.0000e+00   5.6770e-03   2.9464e+02
20261004_09:00:00   1.7013e-01   4.5235e+01   1.6108e+01   0.0000e+00   1.1233e-02   2.9482e+02
20261004_12:00:00   1.6579e-01   4.4122e+01   1.5588e+01   0.0000e+00   1.9903e-02   3.0050e+02
20261004_15:00:00   1.8960e-01   4.9381e+01   1.8421e+01   2.0800e-06   5.1522e-01   3.0530e+02
20261004_18:00:00   3.1012e-01   7.5219e+01   1.8088e+01   1.2752e-01   2.8060e-04   3.1407e+02
20261004_21:00:00   1.8641e-01   4.9459e+01   1.6926e+01   0.0000e+00   0.0000e+00   3.1240e+02
20261005_00:00:00   1.9038e-01   5.0515e+01   1.7253e+01   0.0000e+00   0.0000e+00   3.1128e+02
20261005_03:00:00   2.0662e-01   5.4281e+01   1.8643e+01   0.0000e+00   0.0000e+00   3.0944e+02
20261005_06:00:00   3.3236e-01   8.0904e+01   1.9696e+01   1.2684e-01   3.7324e-03   3.1435e+02
20261005_09:00:00   1.9084e-01   5.0524e+01   1.5799e+01   0.0000e+00   4.5103e-04   3.1902e+02
20261005_12:00:00   1.7728e-01   4.7045e+01   1.4888e+01   0.0000e+00   1.6542e-02   3.1763e+02
20261005_15:00:00   1.7617e-01   4.6759e+01   1.5038e+01   0.0000e+00   7.2534e-04   3.1875e+02
20261005_18:00:00   2.0221e-01   5.2854e+01   1.8184e+01   0.0000e+00   0.0000e+00   3.2116e+02
20261005_21:00:00   2.1892e-01   5.6847e+01   2.0019e+01   0.0000e+00   9.4396e-04   3.2008e+02
20261006_00:00:00   2.1538e-01   5.6049e+01   2.0004e+01   0.0000e+00   1.2274e-04   3.1758e+02
20261006_03:00:00   1.8483e-01   4.8754e+01   1.7580e+01   0.0000e+00   9.3208e-03   3.1155e+02
20261006_06:00:00   1.8737e-01   4.9277e+01   1.7782e+01   0.0000e+00   5.2183e-03   3.1001e+02
20261006_09:00:00   1.9221e-01   5.0347e+01   1.8326e+01   0.0000e+00   0.0000e+00   3.0628e+02
20261006_12:00:00   1.9157e-01   5.0235e+01   1.8037e+01   0.0000e+00   0.0000e+00   3.0756e+02
20261006_15:00:00   1.8316e-01   4.8441e+01   1.6371e+01   0.0000e+00   0.0000e+00   3.0539e+02
20261006_18:00:00   1.7512e-01   4.6711e+01   1.5415e+01   0.0000e+00   0.0000e+00   3.0039e+02
20261006_21:00:00   1.7745e-01   4.7258e+01   1.5773e+01   0.0000e+00   3.4080e-06   3.0119e+02
20261007_00:00:00   1.7839e-01   4.7363e+01   1.6047e+01   0.0000e+00   0.0000e+00   2.9794e+02
20261007_03:00:00   1.8865e-01   4.9284e+01   1.7968e+01   0.0000e+00   7.3402e-03   2.9558e+02
20261007_06:00:00   1.8783e-01   4.8889e+01   1.7367e+01   0.0000e+00   5.2859e-03   2.9895e+02
20261007_09:00:00   2.1119e-01   5.3895e+01   1.8517e+01   8.1890e-03   7.0545e-02   2.9780e+02
20261007_12:00:00   2.2402e-01   5.6465e+01   1.6555e+01   3.4405e-02   1.5668e-01   3.0195e+02
20261007_15:00:00   1.3557e-01   3.6490e+01   8.9135e+00   0.0000e+00   0.0000e+00   3.1808e+02
20261007_18:00:00   1.1313e-01   3.1131e+01   6.1333e+00   0.0000e+00   0.0000e+00   3.2296e+02
20261007_21:00:00   1.2178e-01   3.3233e+01   7.3768e+00   0.0000e+00   0.0000e+00   3.1603e+02
20261008_00:00:00   1.2948e-01   3.5110e+01   8.2074e+00   0.0000e+00   0.0000e+00   3.0948e+02
20261008_03:00:00   1.2205e-01   3.3309e+01   7.2039e+00   0.0000e+00   2.9720e-06   2.9542e+02
20261008_06:00:00   1.2032e-01   3.2863e+01   6.9623e+00   0.0000e+00   0.0000e+00   2.9051e+02
20261008_09:00:00   1.2256e-01   3.3351e+01   7.3778e+00   0.0000e+00   4.8179e-06   2.8768e+02
20261008_12:00:00   1.2386e-01   3.3621e+01   7.7109e+00   0.0000e+00   2.5125e-06   2.8612e+02
20261008_15:00:00   1.2284e-01   3.3452e+01   7.6070e+00   0.0000e+00   0.0000e+00   2.8211e+02
20261008_18:00:00   1.2284e-01   3.3590e+01   7.8397e+00   0.0000e+00   9.4731e-06   2.8117e+02
20261008_21:00:00   1.2940e-01   3.5193e+01   8.9930e+00   0.0000e+00   2.7817e-03   2.8682e+02
20261009_00:00:00   1.2522e-01   3.4250e+01   8.5303e+00   0.0000e+00   0.0000e+00   2.8230e+02
20261009_03:00:00   1.1811e-01   3.2619e+01   7.5151e+00   0.0000e+00   0.0000e+00   2.7750e+02
20261009_06:00:00   1.1538e-01   3.1979e+01   7.1408e+00   0.0000e+00   2.6020e-07   2.7733e+02
20261009_09:00:00   1.1375e-01   3.1583e+01   7.0399e+00   0.0000e+00   8.9661e-05   2.8166e+02
20261009_12:00:00   1.1436e-01   3.1728e+01   7.1333e+00   0.0000e+00   0.0000e+00   2.8682e+02
20261009_15:00:00   1.1314e-01   3.1528e+01   7.0227e+00   0.0000e+00   0.0000e+00   2.8635e+02
20261009_18:00:00   1.1846e-01   3.2949e+01   8.0008e+00   0.0000e+00   6.8420e-05   2.8444e+02
20261009_21:00:00   1.2117e-01   3.3699e+01   8.8783e+00   0.0000e+00   1.2062e-04   2.7981e+02
20261010_00:00:00   1.1964e-01   3.3405e+01   8.7970e+00   0.0000e+00   6.6560e-05   2.7890e+02
20261010_03:00:00   1.1748e-01   3.2903e+01   8.5387e+00   0.0000e+00   2.0941e-03   2.8031e+02
20261010_06:00:00   1.1493e-01   3.2285e+01   8.2170e+00   0.0000e+00   0.0000e+00   2.8092e+02
20261010_09:00:00   1.1452e-01   3.2228e+01   8.1810e+00   0.0000e+00   0.0000e+00   2.7963e+02
20261010_12:00:00   1.2569e-01   3.5047e+01   9.6040e+00   0.0000e+00   0.0000e+00   2.8392e+02
20261010_15:00:00   1.3704e-01   3.7919e+01   1.0970e+01   0.0000e+00   0.0000e+00   2.8366e+02
20261010_18:00:00   1.4810e-01   4.0783e+01   1.2269e+01   0.0000e+00   0.0000e+00   2.8112e+02
20261010_21:00:00   1.5387e-01   4.2406e+01   1.2918e+01   0.0000e+00   0.0000e+00   2.7350e+02
20261011_00:00:00   1.5426e-01   4.2548e+01   1.3299e+01   0.0000e+00   0.0000e+00   2.6397e+02
20261011_03:00:00   1.6189e-01   4.4384e+01   1.4321e+01   0.0000e+00   0.0000e+00   2.5921e+02
20261011_06:00:00   1.7171e-01   4.6730e+01   1.5515e+01   0.0000e+00   0.0000e+00   2.5454e+02
20261011_09:00:00   1.7131e-01   4.6625e+01   1.5687e+01   0.0000e+00   0.0000e+00   2.5400e+02
20261011_12:00:00   1.7552e-01   4.7686e+01   1.6228e+01   0.0000e+00   0.0000e+00   2.5515e+02
20261011_15:00:00   1.7412e-01   4.7464e+01   1.5960e+01   0.0000e+00   0.0000e+00   2.5493e+02
20261011_18:00:00   1.8406e-01   4.9947e+01   1.7235e+01   0.0000e+00   0.0000e+00   2.5489e+02
20261011_21:00:00   1.8867e-01   5.1248e+01   1.7616e+01   0.0000e+00   0.0000e+00   2.5500e+02
20261012_00:00:00   1.9380e-01   5.2493e+01   1.7972e+01   0.0000e+00   0.0000e+00   2.6672e+02
20261012_03:00:00   1.9885e-01   5.3616e+01   1.8467e+01   0.0000e+00   0.0000e+00   2.7506e+02
20261012_06:00:00   2.0488e-01   5.4922e+01   1.9108e+01   0.0000e+00   0.0000e+00   2.7976e+02
20261012_09:00:00   2.1109e-01   5.6251e+01   1.9749e+01   0.0000e+00   0.0000e+00   2.8631e+02
20261012_12:00:00   2.1128e-01   5.6226e+01   1.9739e+01   0.0000e+00   0.0000e+00   2.9339e+02
20261012_15:00:00   2.0496e-01   5.4811e+01   1.8889e+01   0.0000e+00   0.0000e+00   2.9330e+02
20261012_18:00:00   1.9905e-01   5.3617e+01   1.8077e+01   0.0000e+00   0.0000e+00   2.9527e+02
20261012_21:00:00   2.1146e-01   5.6473e+01   1.9946e+01   0.0000e+00   0.0000e+00   2.9186e+02
20261013_00:00:00   2.3060e-01   6.0628e+01   2.2533e+01   0.0000e+00   0.0000e+00   2.9469e+02
20261013_03:00:00   2.3772e-01   6.2079e+01   2.3381e+01   0.0000e+00   0.0000e+00   2.8996e+02
20261013_06:00:00   2.3550e-01   6.1535e+01   2.2931e+01   0.0000e+00   0.0000e+00   2.7765e+02
