#            date       tau255        Tb[K]      pwv[mm] lwp[kg*m^-2] iwp[kg*m^-2]       o3[DU]
20260727_18:00:00   4.7677e-01   1.1310e+02   5.1234e+01   2.9560e-05   1.8480e-06   3.0181e+02
20260727_19:00:00   4.8574e-01   1.1472e+02   5.1507e+01   6.5689e-03   0.0000e+00   3.0205e+02
20260727_20:00:00   4.7001e-01   1.1223e+02   5.0094e+01   0.0000e+00   0.0000e+00   3.0127e+02
20260727_21:00:00   4.1438e-01   1.0217e+02   4.3522e+01   0.0000e+00   0.0000e+00   3.0065e+02
20260727_22:00:00   3.9366e-01   9.8350e+01   3.9389e+01   0.0000e+00   0.0000e+00   3.0153e+02
20260727_23:00:00   3.4809e-01   8.8958e+01   3.5144e+01   0.0000e+00   0.0000e+00   3.0450e+02
20260728_00:00:00   2.9731e-01   7.7845e+01   3.1283e+01   0.0000e+00   0.0000e+00   3.0568e+02
20260728_01:00:00   2.0964e-01   5.7261e+01   2.3628e+01   0.0000e+00   0.0000e+00   3.0493e+02
20260728_02:00:00   2.0183e-01   5.5387e+01   2.2866e+01   0.0000e+00   0.0000e+00   3.0405e+02
20260728_03:00:00   2.0187e-01   5.5629e+01   2.2018e+01   0.0000e+00   0.0000e+00   3.0485e+02
20260728_04:00:00   2.1318e-01   5.8308e+01   2.3095e+01   0.0000e+00   0.0000e+00   3.0563e+02
20260728_05:00:00   2.2562e-01   6.1088e+01   2.4568e+01   0.0000e+00   2.6020e-07   3.0567e+02
20260728_06:00:00   2.5048e-01   6.6673e+01   2.7412e+01   0.0000e+00   7.6037e-04   3.0621e+02
20260728_07:00:00   2.6997e-01   7.0925e+01   2.9606e+01   0.0000e+00   5.8664e-05   3.0539e+02
20260728_08:00:00   2.7365e-01   7.1466e+01   3.0808e+01   0.0000e+00   2.6041e-03   3.0639e+02
20260728_09:00:00   2.8416e-01   7.3529e+01   3.2272e+01   0.0000e+00   5.3732e-04   3.0680e+02
20260728_10:00:00   3.0734e-01   7.8313e+01   3.4573e+01   0.0000e+00   2.8961e-04   3.0772e+02
20260728_11:00:00   3.4508e-01   8.5966e+01   3.8554e+01   0.0000e+00   2.2381e-03   3.0571e+02
20260728_12:00:00   3.6001e-01   8.8805e+01   4.0264e+01   0.0000e+00   2.4133e-02   3.0490e+02
20260728_13:00:00   3.5617e-01   8.7880e+01   4.0185e+01   0.0000e+00   2.2625e-01   3.0696e+02
20260728_14:00:00   3.5079e-01   8.6732e+01   3.9531e+01   0.0000e+00   9.3896e-02   3.0907e+02
20260728_15:00:00   3.5450e-01   8.7494e+01   3.9818e+01   0.0000e+00   6.3237e-02   3.0938e+02
20260728_16:00:00   3.5344e-01   8.7268e+01   3.9617e+01   0.0000e+00   1.9796e-02   3.0880e+02
20260728_17:00:00   3.3284e-01   8.3088e+01   3.7778e+01   9.6120e-05   8.5868e-03   3.0805e+02
20260728_18:00:00   3.5110e-01   8.6607e+01   3.8957e+01   7.3017e-03   1.3668e-02   3.0664e+02
20260728_19:00:00   4.1053e-01   9.7155e+01   3.7669e+01   8.7668e-02   1.7190e-01   3.0632e+02
20260728_20:00:00   3.9863e-01   9.5146e+01   3.7168e+01   8.0673e-02   1.1375e-02   3.0603e+02
20260728_21:00:00   3.6048e-01   8.8373e+01   3.5931e+01   4.1665e-02   7.5995e-05   3.0571e+02
20260728_22:00:00   3.2845e-01   8.2245e+01   3.5232e+01   1.1260e-02   1.3282e-05   3.0635e+02
20260728_23:00:00   3.1227e-01   7.8963e+01   3.4525e+01   0.0000e+00   1.0486e-05   3.0665e+02
20260729_00:00:00   2.9975e-01   7.6423e+01   3.2629e+01   0.0000e+00   0.0000e+00   3.0767e+02
20260729_01:00:00   2.8522e-01   7.3413e+01   3.0760e+01   0.0000e+00   0.0000e+00   3.0863e+02
20260729_02:00:00   2.8099e-01   7.2607e+01   2.9863e+01   0.0000e+00   0.0000e+00   3.0928e+02
20260729_03:00:00   2.7182e-01   7.0702e+01   2.8105e+01   0.0000e+00   0.0000e+00   3.0968e+02
20260729_04:00:00   2.5754e-01   6.7671e+01   2.5942e+01   0.0000e+00   0.0000e+00   3.1046e+02
20260729_05:00:00   2.6385e-01   6.9064e+01   2.6506e+01   0.0000e+00   0.0000e+00   3.1062e+02
20260729_06:00:00   2.6736e-01   6.9812e+01   2.6589e+01   0.0000e+00   0.0000e+00   3.0970e+02
20260729_07:00:00   2.7116e-01   7.0614e+01   2.6646e+01   0.0000e+00   0.0000e+00   3.0879e+02
20260729_08:00:00   2.6134e-01   6.8413e+01   2.5760e+01   0.0000e+00   0.0000e+00   3.0702e+02
20260729_09:00:00   2.6608e-01   6.9325e+01   2.7034e+01   0.0000e+00   0.0000e+00   3.0509e+02
20260729_10:00:00   2.7183e-01   7.0432e+01   2.8000e+01   0.0000e+00   0.0000e+00   3.0406e+02
20260729_11:00:00   2.6706e-01   6.9359e+01   2.7499e+01   0.0000e+00   0.0000e+00   3.0607e+02
20260729_12:00:00   2.5686e-01   6.7136e+01   2.6165e+01   0.0000e+00   0.0000e+00   3.0961e+02
20260729_13:00:00   2.5964e-01   6.7710e+01   2.6456e+01   0.0000e+00   0.0000e+00   3.1087e+02
20260729_14:00:00   2.6706e-01   6.9323e+01   2.7428e+01   0.0000e+00   0.0000e+00   3.1227e+02
20260729_15:00:00   2.7894e-01   7.1850e+01   2.9001e+01   0.0000e+00   0.0000e+00   3.1298e+02
20260729_16:00:00   2.8780e-01   7.3750e+01   3.0295e+01   0.0000e+00   0.0000e+00   3.1326e+02
20260729_17:00:00   2.9858e-01   7.6073e+01   3.1390e+01   0.0000e+00   0.0000e+00   3.1391e+02
20260729_18:00:00   3.0307e-01   7.7112e+01   3.1974e+01   0.0000e+00   0.0000e+00   3.1155e+02
20260729_19:00:00   3.1287e-01   7.9277e+01   3.2952e+01   0.0000e+00   0.0000e+00   3.1058e+02
20260729_20:00:00   3.2070e-01   8.1013e+01   3.3821e+01   0.0000e+00   0.0000e+00   3.1030e+02
20260729_21:00:00   3.1483e-01   7.9992e+01   3.2914e+01   0.0000e+00   0.0000e+00   3.1124e+02
20260729_22:00:00   3.0996e-01   7.9124e+01   3.2463e+01   0.0000e+00   0.0000e+00   3.1221e+02
20260729_23:00:00   3.1069e-01   7.9306e+01   3.2682e+01   0.0000e+00   0.0000e+00   3.1207e+02
20260730_00:00:00   3.0389e-01   7.7903e+01   3.2048e+01   0.0000e+00   0.0000e+00   3.1165e+02
20260730_01:00:00   2.9762e-01   7.6585e+01   3.1421e+01   0.0000e+00   0.0000e+00   3.1141e+02
20260730_02:00:00   3.0004e-01   7.6998e+01   3.1872e+01   0.0000e+00   0.0000e+00   3.0963e+02
20260730_03:00:00   3.0629e-01   7.8214e+01   3.2572e+01   0.0000e+00   0.0000e+00   3.1125e+02
20260730_04:00:00   3.0472e-01   7.7827e+01   3.2317e+01   0.0000e+00   0.0000e+00   3.1055e+02
20260730_05:00:00   2.9497e-01   7.5767e+01   3.1333e+01   0.0000e+00   1.5392e-04   3.1202e+02
20260730_06:00:00   2.9155e-01   7.5007e+01   3.1008e+01   0.0000e+00   8.6963e-04   3.1262e+02
20260730_07:00:00   2.8457e-01   7.3559e+01   2.9973e+01   0.0000e+00   1.8467e-03   3.1074e+02
20260730_08:00:00   2.8193e-01   7.2990e+01   2.9477e+01   0.0000e+00   1.3426e-02   3.1178e+02
20260730_09:00:00   2.7080e-01   7.0647e+01   2.8096e+01   0.0000e+00   3.7363e-04   3.1281e+02
20260730_10:00:00   2.6725e-01   6.9810e+01   2.8053e+01   0.0000e+00   4.3904e-03   3.1420e+02
20260730_11:00:00   2.6508e-01   6.9262e+01   2.7894e+01   0.0000e+00   5.8922e-03   3.1418e+02
20260730_12:00:00   2.6608e-01   6.9397e+01   2.8177e+01   0.0000e+00   3.0686e-04   3.1413e+02
20260730_13:00:00   2.7089e-01   7.0397e+01   2.8508e+01   0.0000e+00   8.9683e-04   3.1542e+02
20260730_14:00:00   2.7252e-01   7.0750e+01   2.8761e+01   0.0000e+00   6.6434e-03   3.1518e+02
20260730_15:00:00   2.8280e-01   7.2958e+01   2.9913e+01   0.0000e+00   2.4152e-03   3.1493e+02
20260730_16:00:00   3.0242e-01   7.7040e+01   3.2531e+01   0.0000e+00   1.6833e-01   3.1414e+02
20260730_17:00:00   3.0459e-01   7.7422e+01   3.3354e+01   0.0000e+00   3.6697e-01   3.1203e+02
20260730_18:00:00   3.0858e-01   7.8289e+01   3.3991e+01   0.0000e+00   2.6920e-01   3.1206e+02
20260730_19:00:00   3.1025e-01   7.8660e+01   3.4536e+01   0.0000e+00   4.1615e-01   3.1227e+02
20260730_20:00:00   3.2797e-01   8.2263e+01   3.6614e+01   0.0000e+00   6.5497e-01   3.1323e+02
20260730_21:00:00   3.3317e-01   8.3228e+01   3.7827e+01   2.2700e-04   5.8664e-01   3.1336e+02
20260730_22:00:00   3.6862e-01   9.0059e+01   4.0847e+01   8.2488e-03   8.3997e-01   3.1209e+02
20260730_23:00:00   5.7011e-01   1.2422e+02   4.5522e+01   1.8338e-01   7.5990e-01   3.1189e+02
20260731_00:00:00   1.3279e+00   2.0599e+02   4.8646e+01   1.0050e+00   3.4205e-01   3.1213e+02
20260731_01:00:00   9.1368e-01   1.6887e+02   4.6789e+01   5.6580e-01   6.9160e-01   3.1252e+02
20260731_02:00:00   1.5148e+00   2.1827e+02   4.8865e+01   1.2241e+00   3.8304e-01   3.1136e+02
20260731_03:00:00   9.0781e-01   1.6893e+02   4.5161e+01   5.9066e-01   3.3021e-03   3.1574e+02
20260731_04:00:00   9.6061e-01   1.7531e+02   4.7032e+01   6.2780e-01   1.6019e-02   3.1332e+02
20260731_05:00:00   7.3345e-01   1.4828e+02   5.0766e+01   3.1238e-01   3.6234e-02   3.1243e+02
20260731_06:00:00   8.8231e-01   1.6730e+02   4.9526e+01   5.0797e-01   1.0425e-01   3.1346e+02
20260731_07:00:00   1.1497e+00   1.9447e+02   5.2815e+01   7.7459e-01   1.1030e-01   3.1266e+02
20260731_08:00:00   1.5865e+00   2.2488e+02   5.3772e+01   1.2573e+00   7.7408e-01   3.1166e+02
20260731_09:00:00   8.6830e-01   1.6550e+02   5.3787e+01   4.2437e-01   5.3109e-01   3.0903e+02
20260731_10:00:00   1.1505e+00   1.9228e+02   5.4583e+01   7.1425e-01   8.5293e-01   3.0600e+02
20260731_11:00:00   1.4910e+00   2.1914e+02   5.5504e+01   1.1204e+00   1.2596e+00   3.0678e+02
20260731_12:00:00   1.4622e+00   2.1836e+02   5.5315e+01   1.1064e+00   5.0362e-01   3.0985e+02
20260731_13:00:00   7.4917e-01   1.5056e+02   5.4095e+01   2.7100e-01   6.7614e-02   3.1332e+02
20260731_14:00:00   9.9936e-01   1.8041e+02   5.3177e+01   5.9053e-01   3.1724e-01   3.1502e+02
20260731_15:00:00   2.1255e+00   2.4976e+02   5.3577e+01   1.9096e+00   6.6818e-01   3.1449e+02
20260731_16:00:00   2.2608e+00   2.5151e+02   5.3381e+01   2.0320e+00   1.1394e+00   3.1402e+02
20260731_17:00:00   1.4961e+00   2.1896e+02   5.2756e+01   1.1529e+00   1.2437e+00   3.1578e+02
20260731_18:00:00   1.2869e+00   2.0506e+02   5.1224e+01   9.3062e-01   1.1379e+00   3.1887e+02
20260731_19:00:00   1.7400e+00   2.3469e+02   4.9036e+01   1.5074e+00   2.7864e-02   3.2081e+02
20260731_20:00:00   1.7957e+00   2.3689e+02   4.7736e+01   1.5753e+00   8.3414e-03   3.2257e+02
20260731_21:00:00   1.8220e+00   2.3773e+02   4.6441e+01   1.6086e+00   1.0742e-02   3.2389e+02
20260731_22:00:00   1.1089e+00   1.9036e+02   4.6331e+01   7.6266e-01   6.9040e-04   3.2483e+02
20260731_23:00:00   6.6932e-01   1.4018e+02   4.4848e+01   2.6538e-01   1.5730e-05   3.2213e+02
20260801_00:00:00   6.4189e-01   1.3601e+02   4.4083e+01   2.4130e-01   0.0000e+00   3.1805e+02
20260801_01:00:00   4.1601e-01   9.8567e+01   4.1109e+01   1.8642e-05   0.0000e+00   3.1631e+02
20260801_02:00:00   3.8669e-01   9.3134e+01   3.8292e+01   0.0000e+00   0.0000e+00   3.1832e+02
20260801_03:00:00   3.8370e-01   9.2577e+01   3.7740e+01   0.0000e+00   0.0000e+00   3.1926e+02
20260801_04:00:00   3.6014e-01   8.8096e+01   3.4981e+01   0.0000e+00   0.0000e+00   3.1889e+02
20260801_05:00:00   3.3014e-01   8.2226e+01   3.1940e+01   0.0000e+00   0.0000e+00   3.1885e+02
20260801_06:00:00   3.3886e-01   8.4004e+01   3.2741e+01   0.0000e+00   0.0000e+00   3.1808e+02
20260801_07:00:00   3.5677e-01   8.7528e+01   3.4569e+01   0.0000e+00   0.0000e+00   3.1890e+02
20260801_08:00:00   3.5365e-01   8.6944e+01   3.4554e+01   0.0000e+00   0.0000e+00   3.1916e+02
20260801_09:00:00   3.4810e-01   8.5845e+01   3.4526e+01   0.0000e+00   0.0000e+00   3.1882e+02
20260801_10:00:00   3.4814e-01   8.5892e+01   3.4784e+01   0.0000e+00   0.0000e+00   3.1912e+02
20260801_11:00:00   3.5472e-01   8.7127e+01   3.5559e+01   0.0000e+00   0.0000e+00   3.2312e+02
20260801_12:00:00   3.6108e-01   8.8316e+01   3.6142e+01   0.0000e+00   0.0000e+00   3.2181e+02
20260801_13:00:00   3.7008e-01   9.0077e+01   3.6961e+01   0.0000e+00   0.0000e+00   3.2013e+02
20260801_14:00:00   3.7036e-01   9.0164e+01   3.7041e+01   0.0000e+00   2.6020e-07   3.1875e+02
20260801_15:00:00   3.6798e-01   8.9776e+01   3.7103e+01   0.0000e+00   1.6564e-06   3.1992e+02
20260801_16:00:00   3.6394e-01   8.9161e+01   3.6722e+01   0.0000e+00   1.7880e-05   3.2258e+02
20260801_17:00:00   3.7123e-01   9.0760e+01   3.7144e+01   0.0000e+00   6.3040e-04   3.2687e+02
20260801_18:00:00   3.7741e-01   9.2174e+01   3.7480e+01   0.0000e+00   2.0604e-03   3.2785e+02
20260801_21:00:00   3.9601e-01   9.6028e+01   3.8688e+01   4.1252e-03   8.1245e-03   3.3117e+02
20260802_00:00:00   3.8596e-01   9.3791e+01   3.9612e+01   0.0000e+00   2.8818e-03   3.2825e+02
20260802_03:00:00   3.5346e-01   8.7161e+01   3.7191e+01   0.0000e+00   1.1590e-03   3.2651e+02
20260802_06:00:00   3.1147e-01   7.8754e+01   3.2014e+01   0.0000e+00   0.0000e+00   3.2803e+02
20260802_09:00:00   3.2239e-01   8.1026e+01   3.2168e+01   0.0000e+00   0.0000e+00   3.2920e+02
20260802_12:00:00   3.1533e-01   7.9580e+01   3.0972e+01   0.0000e+00   0.0000e+00   3.2718e+02
20260802_15:00:00   3.1417e-01   7.9524e+01   3.0635e+01   0.0000e+00   0.0000e+00   3.1853e+02
20260802_18:00:00   3.3288e-01   8.3763e+01   3.2015e+01   0.0000e+00   0.0000e+00   3.1103e+02
20260802_21:00:00   3.5249e-01   8.7993e+01   3.3690e+01   1.3836e-04   0.0000e+00   3.1225e+02
20260803_00:00:00   3.2959e-01   8.3355e+01   3.1873e+01   0.0000e+00   0.0000e+00   3.1341e+02
20260803_03:00:00   2.9863e-01   7.6781e+01   2.9016e+01   0.0000e+00   0.0000e+00   3.1329e+02
20260803_06:00:00   2.9134e-01   7.5098e+01   2.8016e+01   0.0000e+00   0.0000e+00   3.1371e+02
20260803_09:00:00   3.0037e-01   7.6914e+01   2.8538e+01   0.0000e+00   0.0000e+00   3.1475e+02
20260803_12:00:00   2.9082e-01   7.4813e+01   2.7466e+01   0.0000e+00   0.0000e+00   3.1083e+02
20260803_15:00:00   3.0378e-01   7.7676e+01   2.8176e+01   0.0000e+00   0.0000e+00   3.0937e+02
20260803_18:00:00   3.2585e-01   8.2669e+01   3.0165e+01   0.0000e+00   0.0000e+00   3.1096e+02
20260803_21:00:00   3.3333e-01   8.4438e+01   3.0749e+01   1.5612e-03   0.0000e+00   3.0858e+02
20260804_00:00:00   3.1977e-01   8.1832e+01   2.9678e+01   0.0000e+00   0.0000e+00   3.0694e+02
20260804_03:00:00   3.3428e-01   8.4746e+01   3.1154e+01   0.0000e+00   0.0000e+00   3.0576e+02
20260804_06:00:00   3.3483e-01   8.4732e+01   3.0961e+01   0.0000e+00   0.0000e+00   3.0418e+02
20260804_09:00:00   3.0874e-01   7.9224e+01   2.8683e+01   0.0000e+00   0.0000e+00   3.0405e+02
20260804_12:00:00   3.1660e-01   8.0747e+01   2.9374e+01   0.0000e+00   0.0000e+00   3.0394e+02
20260804_15:00:00   3.2155e-01   8.1896e+01   3.0278e+01   0.0000e+00   0.0000e+00   3.0483e+02
20260804_18:00:00   3.5018e-01   8.8078e+01   3.2884e+01   0.0000e+00   0.0000e+00   3.0395e+02
20260804_21:00:00   3.5150e-01   8.8669e+01   3.3407e+01   0.0000e+00   0.0000e+00   3.0275e+02
20260805_00:00:00   3.4762e-01   8.8038e+01   3.3129e+01   0.0000e+00   0.0000e+00   3.0448e+02
20260805_03:00:00   3.4031e-01   8.6376e+01   3.2351e+01   0.0000e+00   0.0000e+00   3.0424e+02
20260805_06:00:00   3.3866e-01   8.5852e+01   3.1987e+01   0.0000e+00   0.0000e+00   3.0682e+02
20260805_09:00:00   3.6439e-01   9.0676e+01   3.4377e+01   0.0000e+00   0.0000e+00   3.0838e+02
20260805_12:00:00   3.5525e-01   8.8693e+01   3.3509e+01   4.2940e-03   0.0000e+00   3.0917e+02
20260805_15:00:00   3.5169e-01   8.8067e+01   3.4126e+01   0.0000e+00   0.0000e+00   3.0913e+02
20260805_18:00:00   3.8061e-01   9.4155e+01   3.6372e+01   0.0000e+00   0.0000e+00   3.0713e+02
20260805_21:00:00   3.6564e-01   9.1320e+01   3.6219e+01   0.0000e+00   0.0000e+00   3.0788e+02
20260806_00:00:00   3.4777e-01   8.6755e+01   3.7329e+01   0.0000e+00   1.3170e-01   3.0660e+02
20260806_03:00:00   3.1046e-01   7.8753e+01   3.3293e+01   0.0000e+00   0.0000e+00   3.0646e+02
20260806_06:00:00   4.1920e-01   1.0005e+02   4.3765e+01   0.0000e+00   2.9486e-05   3.0608e+02
20260806_09:00:00   4.4278e-01   1.0393e+02   4.6269e+01   3.7262e-03   6.9463e-04   3.0505e+02
20260806_12:00:00   9.3199e-01   1.7095e+02   5.0056e+01   5.0878e-01   6.4173e-02   3.0620e+02
20260806_15:00:00   9.9053e-01   1.7681e+02   5.0068e+01   5.7164e-01   4.7033e-01   3.0679e+02
20260806_18:00:00   7.9295e-01   1.5523e+02   4.8322e+01   3.7479e-01   4.4861e-01   3.0725e+02
20260806_21:00:00   5.8528e-01   1.2821e+02   4.7246e+01   1.5193e-01   1.2257e-01   3.0977e+02
20260807_00:00:00   5.1536e-01   1.1642e+02   4.6107e+01   7.4969e-02   2.1382e-02   3.1053e+02
20260807_03:00:00   4.3051e-01   1.0121e+02   4.2231e+01   5.7089e-03   2.4935e-02   3.2400e+02
20260807_06:00:00   4.6483e-01   1.0768e+02   3.6772e+01   1.0048e-01   9.7211e-04   3.2051e+02
20260807_09:00:00   4.0834e-01   9.7029e+01   3.5292e+01   4.6882e-02   3.9120e-05   3.2215e+02
20260807_12:00:00   3.4480e-01   8.4552e+01   3.3029e+01   1.8532e-03   0.0000e+00   3.2633e+02
20260807_15:00:00   3.2409e-01   8.0509e+01   3.0291e+01   4.9600e-03   2.8668e-03   3.2585e+02
20260807_18:00:00   3.8879e-01   9.3422e+01   3.4137e+01   5.0594e-02   1.1302e-03   3.2678e+02
20260807_21:00:00   4.4416e-01   1.0410e+02   3.1425e+01   1.4458e-01   7.3755e-03   3.2325e+02
20260808_00:00:00   3.2072e-01   8.0128e+01   3.1096e+01   1.2422e-03   1.7254e-02   3.1821e+02
20260808_03:00:00   3.1368e-01   7.8551e+01   3.1065e+01   0.0000e+00   1.1670e-03   3.1968e+02
20260808_06:00:00   3.1207e-01   7.7980e+01   3.1707e+01   0.0000e+00   1.4829e-03   3.2139e+02
20260808_09:00:00   3.5545e-01   8.6534e+01   3.5730e+01   0.0000e+00   6.3462e-03   3.2114e+02
20260808_12:00:00   4.3228e-01   1.0108e+02   4.1025e+01   2.1287e-02   1.8361e-02   3.2399e+02
20260808_15:00:00   1.1630e+00   1.9589e+02   4.4252e+01   8.5851e-01   2.2153e-02   3.2382e+02
20260808_18:00:00   1.1256e+00   1.9321e+02   4.1910e+01   8.6241e-01   2.3962e-03   3.2305e+02
20260808_21:00:00   6.4722e-01   1.3745e+02   3.9270e+01   2.9777e-01   1.3924e-03   3.2459e+02
20260809_00:00:00   6.2167e-01   1.3365e+02   4.1255e+01   2.5606e-01   3.4286e-03   3.2239e+02
20260809_03:00:00   4.4240e-01   1.0336e+02   4.4375e+01   3.6587e-03   2.9799e-03   3.2275e+02
20260809_06:00:00   4.4693e-01   1.0451e+02   4.1087e+01   3.8194e-02   1.6598e-02   3.2214e+02
20260809_09:00:00   5.3912e-01   1.2021e+02   4.2530e+01   1.3276e-01   2.4517e-01   3.2019e+02
20260809_12:00:00   7.7602e-01   1.5634e+02   4.0224e+01   4.5969e-01   4.3555e-02   3.2437e+02
20260809_15:00:00   5.0103e-01   1.1470e+02   3.7260e+01   1.4670e-01   9.1200e-03   3.2773e+02
20260809_18:00:00   4.2349e-01   1.0096e+02   3.9033e+01   2.0939e-02   3.2507e-03   3.2075e+02
20260809_21:00:00   4.4500e-01   1.0543e+02   4.0345e+01   4.1487e-02   3.5420e-04   3.1629e+02
20260810_00:00:00   4.2225e-01   1.0130e+02   4.2123e+01   6.3470e-04   3.5480e-06   3.1708e+02
20260810_03:00:00   4.2493e-01   1.0193e+02   4.3476e+01   0.0000e+00   0.0000e+00   3.1395e+02
20260810_06:00:00   4.5880e-01   1.0830e+02   4.6946e+01   0.0000e+00   0.0000e+00   3.1366e+02
20260810_09:00:00   4.4538e-01   1.0590e+02   4.6360e+01   0.0000e+00   0.0000e+00   3.1547e+02
20260810_12:00:00   4.3640e-01   1.0445e+02   4.5267e+01   0.0000e+00   0.0000e+00   3.1634e+02
20260810_15:00:00   4.1623e-01   1.0081e+02   4.4064e+01   6.1600e-07   0.0000e+00   3.1280e+02
20260810_18:00:00   4.3229e-01   1.0440e+02   4.5316e+01   0.0000e+00   0.0000e+00   3.1125e+02
20260810_21:00:00   4.3011e-01   1.0446e+02   4.5775e+01   0.0000e+00   0.0000e+00   3.1506e+02
20260811_00:00:00   3.8688e-01   9.6474e+01   4.1522e+01   0.0000e+00   0.0000e+00   3.1479e+02
20260811_03:00:00   3.5564e-01   9.0143e+01   3.8940e+01   0.0000e+00   4.1219e-03   3.1112e+02
20260811_06:00:00   3.5184e-01   8.9056e+01   3.8646e+01   0.0000e+00   3.6922e-03   3.1101e+02
20260811_09:00:00   3.1344e-01   8.0779e+01   3.5518e+01   0.0000e+00   9.7621e-05   3.0929e+02
20260811_12:00:00   3.1279e-01   8.0561e+01   3.5519e+01   0.0000e+00   2.6220e-05   3.0937e+02
20260811_15:00:00   3.2360e-01   8.2810e+01   3.6807e+01   0.0000e+00   4.7364e-06   3.0804e+02
20260811_18:00:00   3.3758e-01   8.6155e+01   3.7705e+01   0.0000e+00   1.3108e-05   3.0809e+02
20260811_21:00:00   3.4852e-01   8.8753e+01   3.8676e+01   0.0000e+00   0.0000e+00   3.0592e+02
20260812_00:00:00   3.4944e-01   8.9054e+01   3.7602e+01   0.0000e+00   0.0000e+00   3.0547e+02
20260812_03:00:00   3.3461e-01   8.5616e+01   3.7107e+01   1.2927e-04   1.9682e-03   3.0436e+02
20260812_06:00:00   6.0364e-01   1.3143e+02   4.3516e+01   2.6314e-01   1.8831e-03   3.0104e+02
20260812_09:00:00   8.5280e-01   1.6320e+02   4.6296e+01   5.1476e-01   2.5305e-02   3.0213e+02
20260812_12:00:00   4.2121e-01   1.0110e+02   4.6685e+01   1.2114e-02   6.3303e-01   3.0322e+02
20260812_15:00:00   4.6840e-01   1.0937e+02   4.9372e+01   2.9984e-02   5.4397e-02   3.0331e+02
20260812_18:00:00   4.9641e-01   1.1426e+02   4.8380e+01   5.6322e-02   1.1600e-03   3.0294e+02
