#            date       tau255        Tb[K]      pwv[mm] lwp[kg*m^-2] iwp[kg*m^-2]       o3[DU]
20260911_00:00:00   1.9394e-01   5.2666e+01   1.7022e+01   0.0000e+00   0.0000e+00   3.0751e+02
20260911_01:00:00   1.8895e-01   5.1489e+01   1.6521e+01   0.0000e+00   0.0000e+00   3.0586e+02
20260911_02:00:00   1.8791e-01   5.1228e+01   1.6418e+01   0.0000e+00   0.0000e+00   3.0478e+02
20260911_03:00:00   1.9089e-01   5.1893e+01   1.6800e+01   0.0000e+00   0.0000e+00   3.0511e+02
20260911_04:00:00   1.8607e-01   5.0743e+01   1.6398e+01   0.0000e+00   0.0000e+00   3.0483e+02
20260911_05:00:00   1.8523e-01   5.0521e+01   1.6356e+01   0.0000e+00   0.0000e+00   3.0438e+02
20260911_06:00:00   1.8991e-01   5.1584e+01   1.6835e+01   0.0000e+00   0.0000e+00   3.0323e+02
20260911_07:00:00   1.9402e-01   5.2512e+01   1.7238e+01   0.0000e+00   0.0000e+00   3.0344e+02
20260911_08:00:00   1.9561e-01   5.2872e+01   1.7432e+01   0.0000e+00   0.0000e+00   3.0296e+02
20260911_09:00:00   1.9501e-01   5.2750e+01   1.7307e+01   0.0000e+00   0.0000e+00   3.0161e+02
20260911_10:00:00   1.9666e-01   5.3126e+01   1.7429e+01   0.0000e+00   0.0000e+00   2.9919e+02
20260911_11:00:00   1.9825e-01   5.3492e+01   1.7524e+01   0.0000e+00   0.0000e+00   2.9889e+02
20260911_12:00:00   1.9697e-01   5.3201e+01   1.7396e+01   0.0000e+00   0.0000e+00   3.0001e+02
20260911_13:00:00   1.9900e-01   5.3679e+01   1.7583e+01   0.0000e+00   0.0000e+00   3.0134e+02
20260911_14:00:00   1.9806e-01   5.3511e+01   1.7525e+01   0.0000e+00   0.0000e+00   3.0546e+02
20260911_15:00:00   1.9790e-01   5.3528e+01   1.7557e+01   0.0000e+00   0.0000e+00   3.1011e+02
20260911_16:00:00   2.0378e-01   5.4968e+01   1.8287e+01   0.0000e+00   0.0000e+00   3.1186e+02
20260911_17:00:00   1.9592e-01   5.3200e+01   1.7758e+01   0.0000e+00   0.0000e+00   3.1003e+02
20260911_18:00:00   2.0403e-01   5.5147e+01   1.8732e+01   0.0000e+00   0.0000e+00   3.0713e+02
20260911_19:00:00   2.0170e-01   5.4706e+01   1.8526e+01   0.0000e+00   0.0000e+00   3.0616e+02
20260911_20:00:00   1.9656e-01   5.3586e+01   1.8039e+01   0.0000e+00   0.0000e+00   3.0720e+02
20260911_21:00:00   1.9563e-01   5.3417e+01   1.8061e+01   0.0000e+00   1.3252e-05   3.0656e+02
20260911_22:00:00   1.9845e-01   5.4109e+01   1.8460e+01   0.0000e+00   2.7120e-04   3.0414e+02
20260911_23:00:00   1.9869e-01   5.4214e+01   1.8461e+01   0.0000e+00   1.0404e-06   3.0448e+02
20260912_00:00:00   2.0752e-01   5.6320e+01   1.9303e+01   0.0000e+00   7.5300e-06   3.0384e+02
20260912_01:00:00   2.1495e-01   5.8066e+01   1.9947e+01   0.0000e+00   2.3595e-04   3.0242e+02
20260912_02:00:00   2.2723e-01   6.0902e+01   2.1122e+01   0.0000e+00   1.0306e-03   3.0118e+02
20260912_03:00:00   2.5131e-01   6.6348e+01   2.3480e+01   0.0000e+00   2.4082e-03   3.0107e+02
20260912_04:00:00   2.6933e-01   7.0298e+01   2.5381e+01   0.0000e+00   3.4213e-03   3.0119e+02
20260912_05:00:00   2.7459e-01   7.1348e+01   2.6386e+01   0.0000e+00   4.8986e-03   3.0166e+02
20260912_06:00:00   2.6023e-01   6.8236e+01   2.5261e+01   0.0000e+00   3.0769e-03   3.0187e+02
20260912_07:00:00   2.6538e-01   6.9224e+01   2.7141e+01   0.0000e+00   9.4005e-03   3.0090e+02
20260912_08:00:00   3.1848e-01   8.0199e+01   3.3517e+01   0.0000e+00   8.3747e-03   2.9888e+02
20260912_09:00:00   3.2072e-01   8.0547e+01   3.4367e+01   6.0960e-04   1.7495e-02   3.0012e+02
20260912_10:00:00   3.5443e-01   8.7083e+01   3.7900e+01   6.5200e-03   1.0705e-01   2.9940e+02
20260912_11:00:00   3.6861e-01   8.9839e+01   3.9852e+01   0.0000e+00   1.7789e-02   3.0048e+02
20260912_12:00:00   3.6356e-01   8.9049e+01   3.8468e+01   0.0000e+00   5.6171e-04   3.0332e+02
20260912_13:00:00   3.4375e-01   8.5319e+01   3.5539e+01   0.0000e+00   1.5826e-03   3.0634e+02
20260912_14:00:00   3.3110e-01   8.2907e+01   3.3944e+01   0.0000e+00   2.2002e-03   3.0636e+02
20260912_15:00:00   3.2678e-01   8.2043e+01   3.2804e+01   0.0000e+00   5.1360e-04   3.0533e+02
20260912_16:00:00   3.0693e-01   7.8050e+01   3.0157e+01   0.0000e+00   0.0000e+00   3.0373e+02
20260912_17:00:00   2.9726e-01   7.5908e+01   2.9666e+01   0.0000e+00   0.0000e+00   3.0320e+02
20260912_18:00:00   2.9684e-01   7.5705e+01   3.0409e+01   0.0000e+00   0.0000e+00   3.0407e+02
20260912_19:00:00   2.8947e-01   7.3964e+01   3.0463e+01   0.0000e+00   8.3240e-06   3.0405e+02
20260912_20:00:00   2.7187e-01   6.9938e+01   2.9355e+01   0.0000e+00   7.3355e-04   3.0436e+02
20260912_21:00:00   2.6757e-01   6.8819e+01   2.9152e+01   0.0000e+00   3.4196e-04   3.0690e+02
20260912_22:00:00   2.5634e-01   6.6323e+01   2.7954e+01   0.0000e+00   2.3518e-05   3.1071e+02
20260912_23:00:00   2.5721e-01   6.6502e+01   2.7915e+01   0.0000e+00   7.9289e-04   3.1242e+02
20260913_00:00:00   2.6153e-01   6.7395e+01   2.8273e+01   0.0000e+00   1.7157e-03   3.1401e+02
20260913_01:00:00   2.5527e-01   6.6028e+01   2.7416e+01   0.0000e+00   5.2440e-06   3.1481e+02
20260913_02:00:00   2.4793e-01   6.4364e+01   2.6561e+01   0.0000e+00   3.0280e-06   3.1694e+02
20260913_03:00:00   2.3727e-01   6.1893e+01   2.5494e+01   0.0000e+00   5.2020e-07   3.1630e+02
20260913_04:00:00   2.2903e-01   6.0056e+01   2.4378e+01   0.0000e+00   2.2360e-04   3.1694e+02
20260913_05:00:00   2.2184e-01   5.8475e+01   2.3432e+01   0.0000e+00   2.3021e-04   3.1415e+02
20260913_06:00:00   2.2827e-01   5.9787e+01   2.4221e+01   0.0000e+00   1.5713e-03   3.1518e+02
20260913_07:00:00   2.3857e-01   6.2069e+01   2.5266e+01   0.0000e+00   3.0600e-03   3.1495e+02
20260913_08:00:00   2.4782e-01   6.4069e+01   2.6431e+01   0.0000e+00   2.5107e-03   3.1576e+02
20260913_09:00:00   2.5668e-01   6.5812e+01   2.7502e+01   0.0000e+00   4.2759e-03   3.1788e+02
20260913_10:00:00   2.5402e-01   6.5287e+01   2.6973e+01   0.0000e+00   3.6427e-03   3.1762e+02
20260913_11:00:00   2.5632e-01   6.5821e+01   2.7005e+01   0.0000e+00   3.7131e-03   3.1799e+02
20260913_12:00:00   2.5953e-01   6.6428e+01   2.7518e+01   0.0000e+00   2.8177e-03   3.1794e+02
20260913_13:00:00   2.6282e-01   6.6963e+01   2.8173e+01   0.0000e+00   1.4294e-03   3.1739e+02
20260913_14:00:00   2.6765e-01   6.7910e+01   2.9149e+01   0.0000e+00   7.8789e-04   3.1771e+02
20260913_15:00:00   2.6699e-01   6.7721e+01   2.9208e+01   0.0000e+00   1.3783e-02   3.1696e+02
20260913_16:00:00   2.7092e-01   6.8372e+01   2.9476e+01   0.0000e+00   7.7032e-03   3.1454e+02
20260913_17:00:00   2.6956e-01   6.8120e+01   2.9328e+01   0.0000e+00   4.1805e-03   3.1348e+02
20260913_18:00:00   3.2123e-01   7.8512e+01   3.1665e+01   3.6481e-02   4.5445e-01   3.1376e+02
20260913_19:00:00   3.1975e-01   7.8395e+01   3.2507e+01   2.3833e-02   5.6614e-02   3.1447e+02
20260913_20:00:00   3.0520e-01   7.5651e+01   3.2871e+01   4.4180e-03   9.7576e-03   3.1655e+02
20260913_21:00:00   2.9882e-01   7.4542e+01   3.1973e+01   0.0000e+00   1.6601e-03   3.1582e+02
20260913_22:00:00   2.7849e-01   7.0440e+01   2.9401e+01   0.0000e+00   3.1620e-04   3.1565e+02
20260913_23:00:00   2.6853e-01   6.8361e+01   2.8307e+01   0.0000e+00   1.3108e-05   3.1660e+02
20260914_00:00:00   2.6397e-01   6.7412e+01   2.7736e+01   0.0000e+00   1.7802e-04   3.1685e+02
20260914_01:00:00   2.5827e-01   6.6225e+01   2.6970e+01   0.0000e+00   5.1440e-05   3.1582e+02
20260914_02:00:00   2.5719e-01   6.6026e+01   2.6872e+01   0.0000e+00   0.0000e+00   3.1422e+02
20260914_03:00:00   2.5386e-01   6.5380e+01   2.6238e+01   0.0000e+00   0.0000e+00   3.1040e+02
20260914_04:00:00   2.5745e-01   6.6159e+01   2.6664e+01   0.0000e+00   0.0000e+00   3.0802e+02
20260914_05:00:00   2.6140e-01   6.6994e+01   2.7257e+01   0.0000e+00   0.0000e+00   3.0588e+02
20260914_06:00:00   2.6417e-01   6.7544e+01   2.7752e+01   0.0000e+00   0.0000e+00   3.0474e+02
20260914_07:00:00   2.6432e-01   6.7575e+01   2.8054e+01   0.0000e+00   0.0000e+00   3.0533e+02
20260914_08:00:00   2.6707e-01   6.8160e+01   2.8489e+01   0.0000e+00   0.0000e+00   3.0496e+02
20260914_09:00:00   2.7776e-01   7.0419e+01   2.9584e+01   0.0000e+00   3.2620e-05   3.0392e+02
20260914_10:00:00   2.9384e-01   7.3767e+01   3.1378e+01   0.0000e+00   4.8469e-05   3.0325e+02
20260914_11:00:00   3.0960e-01   7.7020e+01   3.3185e+01   0.0000e+00   3.2880e-03   3.0171e+02
20260914_12:00:00   3.2086e-01   7.9261e+01   3.4780e+01   4.8500e-04   4.3759e-03   3.0037e+02
20260914_13:00:00   3.2692e-01   8.0423e+01   3.5726e+01   1.9246e-04   3.7039e-02   3.0159e+02
20260914_14:00:00   3.9723e-01   9.4007e+01   3.8099e+01   5.9031e-02   1.9940e-01   3.0093e+02
20260914_15:00:00   4.4866e-01   1.0351e+02   4.1266e+01   8.1150e-02   5.4703e-01   2.9818e+02
20260914_16:00:00   6.8849e-01   1.4006e+02   4.2055e+01   3.4286e-01   3.3610e-01   2.9677e+02
20260914_17:00:00   6.0754e-01   1.2890e+02   4.2993e+01   2.4449e-01   2.8294e-01   2.9477e+02
20260914_18:00:00   3.9884e-01   9.4844e+01   4.3539e+01   1.2196e-03   6.8087e-02   2.9454e+02
20260914_19:00:00   3.8516e-01   9.2512e+01   4.2320e+01   0.0000e+00   8.0503e-03   2.9581e+02
20260914_20:00:00   4.1986e-01   9.9290e+01   4.6042e+01   6.0960e-04   1.8452e-02   2.9605e+02
20260914_21:00:00   4.3536e-01   1.0236e+02   4.6810e+01   1.3944e-02   1.8534e-01   2.9722e+02
20260914_22:00:00   4.1177e-01   9.8175e+01   4.5522e+01   4.2491e-04   4.8392e-02   2.9810e+02
20260914_23:00:00   3.9749e-01   9.5726e+01   4.3652e+01   5.9682e-06   1.9549e-03   2.9472e+02
20260915_00:00:00   3.9486e-01   9.5209e+01   4.3322e+01   0.0000e+00   2.2908e-03   2.9287e+02
20260915_01:00:00   3.9883e-01   9.6449e+01   4.3270e+01   0.0000e+00   4.7467e-04   2.9265e+02
20260915_02:00:00   3.9274e-01   9.5599e+01   4.2749e+01   8.0502e-05   4.9808e-04   2.9378e+02
20260915_03:00:00   3.8872e-01   9.4932e+01   4.2699e+01   0.0000e+00   2.6730e-03   2.9346e+02
20260915_04:00:00   3.8548e-01   9.4475e+01   4.2332e+01   0.0000e+00   7.3865e-03   2.9158e+02
20260915_05:00:00   4.3080e-01   1.0291e+02   4.6384e+01   8.7868e-03   3.8631e-02   2.9177e+02
20260915_06:00:00   5.4426e-01   1.2199e+02   4.9527e+01   9.7186e-02   1.6021e-02   2.9195e+02
20260915_07:00:00   4.9614e-01   1.1390e+02   5.2217e+01   4.1809e-03   5.9814e-02   2.9234e+02
20260915_08:00:00   1.0589e+00   1.8478e+02   5.3296e+01   6.3481e-01   2.9438e-01   2.9275e+02
20260915_09:00:00   7.8848e-01   1.5573e+02   5.2722e+01   3.4156e-01   1.1310e-01   2.9378e+02
20260915_10:00:00   5.4737e-01   1.2199e+02   5.3219e+01   5.3844e-02   6.4538e-02   2.9560e+02
20260915_11:00:00   5.0322e-01   1.1487e+02   5.2678e+01   6.3021e-03   4.3106e-01   2.9585e+02
20260915_12:00:00   5.3077e-01   1.1940e+02   5.2827e+01   3.3345e-02   3.4195e-01   2.9624e+02
20260915_13:00:00   5.0041e-01   1.1445e+02   5.1980e+01   3.4428e-03   5.5108e-02   2.9602e+02
20260915_14:00:00   4.9350e-01   1.1318e+02   5.0293e+01   1.4453e-02   8.4361e-02   2.9460e+02
20260915_15:00:00   5.0861e-01   1.1571e+02   5.0813e+01   2.3057e-02   2.5920e-01   2.9296e+02
20260915_16:00:00   4.9632e-01   1.1376e+02   5.0568e+01   1.1996e-02   1.0992e-01   2.9222e+02
20260915_17:00:00   6.0005e-01   1.3082e+02   5.1960e+01   1.2238e-01   3.6537e-02   2.9254e+02
20260915_18:00:00   7.0290e-01   1.4482e+02   5.2835e+01   2.2080e-01   2.2499e-01   2.9267e+02
20260915_19:00:00   8.3145e-01   1.6072e+02   5.3929e+01   3.4967e-01   3.6843e-01   2.9365e+02
20260915_20:00:00   1.0774e+00   1.8561e+02   5.3852e+01   6.2661e-01   9.8950e-01   2.9357e+02
20260915_21:00:00   5.2750e-01   1.1811e+02   5.1183e+01   3.6126e-02   9.3776e-01   2.9319e+02
20260915_22:00:00   7.5972e-01   1.5090e+02   4.9166e+01   3.3472e-01   8.0841e-01   2.9262e+02
20260915_23:00:00   6.6716e-01   1.3879e+02   4.9500e+01   2.2343e-01   2.2608e-01   2.9266e+02
20260916_00:00:00   6.1188e-01   1.3053e+02   4.8286e+01   1.7928e-01   2.4151e-01   2.9300e+02
20260916_03:00:00   5.0759e-01   1.1450e+02   4.8221e+01   6.5825e-02   1.0168e-01   2.9408e+02
20260916_06:00:00   7.5127e-01   1.5041e+02   5.1636e+01   2.9474e-01   4.4355e-01   2.9217e+02
20260916_09:00:00   4.9498e-01   1.1262e+02   5.0037e+01   1.0405e-02   8.1251e-01   2.9046e+02
20260916_12:00:00   1.0630e+00   1.8429e+02   5.1245e+01   6.4930e-01   7.7117e-01   2.9103e+02
20260916_15:00:00   6.2844e-01   1.3360e+02   5.0910e+01   1.6437e-01   1.9327e-01   2.9035e+02
20260916_18:00:00   5.8162e-01   1.2758e+02   5.2611e+01   8.9647e-02   2.6350e-02   2.9003e+02
20260916_21:00:00   5.7154e-01   1.2673e+02   5.0891e+01   8.3945e-02   1.2237e-03   2.8830e+02
20260917_00:00:00   4.9903e-01   1.1542e+02   4.9003e+01   1.6743e-03   1.9350e-04   2.8752e+02
20260917_03:00:00   5.6795e-01   1.2699e+02   5.1343e+01   7.5462e-02   2.3392e-02   2.8768e+02
20260917_06:00:00   5.4244e-01   1.2274e+02   5.1025e+01   7.8743e-02   1.8786e-02   2.8741e+02
20260917_09:00:00   5.4499e-01   1.2293e+02   4.7822e+01   1.1625e-01   5.4934e-05   2.8686e+02
20260917_12:00:00   4.3810e-01   1.0411e+02   4.3764e+01   2.8989e-02   2.8894e-03   2.9101e+02
20260917_15:00:00   4.1761e-01   1.0047e+02   4.4281e+01   4.7720e-04   1.2320e-05   2.8885e+02
20260917_18:00:00   4.2555e-01   1.0240e+02   4.5392e+01   1.0386e-03   0.0000e+00   2.8886e+02
20260917_21:00:00   4.2983e-01   1.0359e+02   4.5999e+01   0.0000e+00   0.0000e+00   2.8920e+02
20260918_00:00:00   4.3966e-01   1.0558e+02   4.6559e+01   1.6844e-03   5.2020e-07   2.8795e+02
20260918_03:00:00   4.9589e-01   1.1487e+02   4.6298e+01   7.5696e-02   3.0296e-04   2.8760e+02
20260918_06:00:00   4.9604e-01   1.1423e+02   4.7986e+01   5.4132e-02   1.9481e-04   2.8719e+02
20260918_09:00:00   5.2040e-01   1.1816e+02   5.0252e+01   4.7291e-02   5.2241e-03   2.8722e+02
20260918_12:00:00   5.6621e-01   1.2500e+02   4.9185e+01   1.0695e-01   3.2254e-03   2.8917e+02
20260918_15:00:00   7.1468e-01   1.4662e+02   5.0672e+01   2.6899e-01   6.9616e-02   2.8942e+02
20260918_18:00:00   8.1452e-01   1.5955e+02   4.8962e+01   4.0398e-01   8.9924e-02   2.8766e+02
20260918_21:00:00   1.0203e+00   1.8085e+02   5.0104e+01   6.1471e-01   3.6729e-01   2.8477e+02
20260919_00:00:00   6.9346e-01   1.4442e+02   4.6441e+01   2.9055e-01   5.1559e-03   2.8926e+02
20260919_03:00:00   1.6932e+00   2.3156e+02   4.3277e+01   1.4786e+00   6.8176e-03   3.0042e+02
20260919_06:00:00   1.1451e+00   1.9535e+02   3.4970e+01   9.5435e-01   0.0000e+00   3.1148e+02
20260919_09:00:00   1.0646e+00   1.8697e+02   3.2214e+01   8.8207e-01   0.0000e+00   3.0555e+02
20260919_12:00:00   6.9809e-01   1.4288e+02   3.2515e+01   4.2554e-01   0.0000e+00   2.9475e+02
20260919_15:00:00   5.9433e-01   1.2763e+02   3.0023e+01   3.1931e-01   0.0000e+00   2.9471e+02
20260919_18:00:00   4.7572e-01   1.0865e+02   3.0086e+01   1.8131e-01   1.4244e-04   2.9569e+02
20260919_21:00:00   3.4778e-01   8.4883e+01   2.5497e+01   8.0185e-02   0.0000e+00   2.9895e+02
20260920_00:00:00   2.3056e-01   6.0218e+01   1.9926e+01   3.0700e-04   0.0000e+00   2.9812e+02
20260920_03:00:00   1.9980e-01   5.3292e+01   1.6186e+01   0.0000e+00   0.0000e+00   2.9568e+02
20260920_06:00:00   1.7244e-01   4.6751e+01   1.3689e+01   0.0000e+00   0.0000e+00   2.9460e+02
20260920_09:00:00   1.8161e-01   4.8776e+01   1.4585e+01   0.0000e+00   0.0000e+00   2.9328e+02
20260920_12:00:00   1.8444e-01   4.9351e+01   1.4945e+01   0.0000e+00   0.0000e+00   2.9562e+02
20260920_15:00:00   1.8467e-01   4.9470e+01   1.4933e+01   0.0000e+00   0.0000e+00   2.9635e+02
20260920_18:00:00   1.8737e-01   5.0238e+01   1.5379e+01   0.0000e+00   0.0000e+00   2.9431e+02
20260920_21:00:00   1.9315e-01   5.1683e+01   1.6277e+01   0.0000e+00   0.0000e+00   2.8713e+02
20260921_00:00:00   1.9312e-01   5.1704e+01   1.6199e+01   0.0000e+00   0.0000e+00   2.8736e+02
20260921_03:00:00   1.9277e-01   5.1539e+01   1.6280e+01   0.0000e+00   0.0000e+00   2.8636e+02
20260921_06:00:00   2.0013e-01   5.3171e+01   1.6801e+01   0.0000e+00   0.0000e+00   2.8535e+02
20260921_09:00:00   1.9845e-01   5.2706e+01   1.6603e+01   0.0000e+00   0.0000e+00   2.8290e+02
20260921_12:00:00   1.9592e-01   5.2026e+01   1.6287e+01   0.0000e+00   0.0000e+00   2.8416e+02
20260921_15:00:00   1.9416e-01   5.1648e+01   1.6139e+01   0.0000e+00   0.0000e+00   2.8850e+02
20260921_18:00:00   1.9245e-01   5.1420e+01   1.6157e+01   0.0000e+00   0.0000e+00   2.9071e+02
20260921_21:00:00   1.8690e-01   5.0275e+01   1.5810e+01   0.0000e+00   0.0000e+00   2.9055e+02
20260922_00:00:00   1.8167e-01   4.9105e+01   1.5214e+01   0.0000e+00   0.0000e+00   2.9395e+02
20260922_03:00:00   1.8443e-01   4.9676e+01   1.5682e+01   0.0000e+00   0.0000e+00   2.9645e+02
20260922_06:00:00   1.8609e-01   4.9975e+01   1.6257e+01   0.0000e+00   0.0000e+00   2.9865e+02
20260922_09:00:00   2.4049e-01   6.1887e+01   2.4058e+01   0.0000e+00   0.0000e+00   2.9827e+02
20260922_12:00:00   2.6556e-01   6.7361e+01   2.5927e+01   5.0480e-03   0.0000e+00   3.0428e+02
20260922_15:00:00   2.2995e-01   5.9998e+01   2.1862e+01   0.0000e+00   0.0000e+00   3.0432e+02
20260922_18:00:00   2.0825e-01   5.5658e+01   1.9326e+01   0.0000e+00   0.0000e+00   3.0519e+02
20260922_21:00:00   2.0159e-01   5.4491e+01   1.8589e+01   0.0000e+00   1.3880e-03   2.9964e+02
20260923_00:00:00   2.0070e-01   5.4292e+01   1.9401e+01   0.0000e+00   8.7620e-07   2.9526e+02
20260923_03:00:00   2.1281e-01   5.6943e+01   2.1749e+01   0.0000e+00   1.1272e-04   2.9488e+02
20260923_06:00:00   2.6117e-01   6.7710e+01   2.7389e+01   0.0000e+00   0.0000e+00   2.9806e+02
20260923_09:00:00   2.3393e-01   6.1216e+01   2.4613e+01   0.0000e+00   0.0000e+00   2.9806e+02
20260923_12:00:00   1.7215e-01   4.6635e+01   1.7307e+01   0.0000e+00   0.0000e+00   3.0078e+02
20260923_15:00:00   1.7757e-01   4.7781e+01   1.7888e+01   0.0000e+00   0.0000e+00   3.0183e+02
20260923_18:00:00   1.8755e-01   5.0110e+01   1.8971e+01   0.0000e+00   0.0000e+00   2.9884e+02
20260923_21:00:00   1.9751e-01   5.2308e+01   2.0136e+01   0.0000e+00   0.0000e+00   3.0063e+02
20260924_00:00:00   1.8189e-01   4.8548e+01   1.7880e+01   0.0000e+00   0.0000e+00   2.9953e+02
20260924_03:00:00   1.6069e-01   4.3385e+01   1.5156e+01   0.0000e+00   0.0000e+00   3.0086e+02
20260924_06:00:00   1.5488e-01   4.1896e+01   1.4199e+01   0.0000e+00   0.0000e+00   3.0455e+02
20260924_09:00:00   1.5602e-01   4.2019e+01   1.4416e+01   0.0000e+00   4.4304e-04   3.0675e+02
20260924_12:00:00   1.5870e-01   4.2561e+01   1.4794e+01   0.0000e+00   1.2320e-06   3.0907e+02
20260924_15:00:00   1.6438e-01   4.3935e+01   1.5502e+01   0.0000e+00   0.0000e+00   3.1075e+02
20260924_18:00:00   1.9119e-01   5.0326e+01   1.8897e+01   0.0000e+00   1.4860e-05   3.0858e+02
20260924_21:00:00   1.9972e-01   5.2619e+01   1.9962e+01   0.0000e+00   0.0000e+00   3.0693e+02
20260925_00:00:00   2.1697e-01   5.6682e+01   2.2376e+01   0.0000e+00   0.0000e+00   3.0449e+02
20260925_03:00:00   2.2360e-01   5.8233e+01   2.3395e+01   0.0000e+00   6.8865e-04   3.0359e+02
20260925_06:00:00   2.2980e-01   5.9858e+01   2.4462e+01   0.0000e+00   1.2508e-03   3.0062e+02
20260925_09:00:00   2.4482e-01   6.3206e+01   2.7169e+01   0.0000e+00   3.4015e-03   2.9891e+02
20260925_12:00:00   2.4579e-01   6.3657e+01   2.7597e+01   0.0000e+00   1.0977e-01   3.0269e+02
20260925_15:00:00   2.7785e-01   7.1037e+01   3.1434e+01   0.0000e+00   3.2916e-02   2.9659e+02
20260925_18:00:00   3.0664e-01   7.7843e+01   3.4074e+01   0.0000e+00   1.0312e-04   2.9826e+02
20260925_21:00:00   3.4902e-01   8.6714e+01   3.7835e+01   0.0000e+00   2.1290e-03   2.9424e+02
20260926_00:00:00   3.2781e-01   8.2109e+01   3.5370e+01   0.0000e+00   4.4032e-03   2.9269e+02
20260926_03:00:00   2.7792e-01   7.0724e+01   3.0319e+01   0.0000e+00   8.3077e-03   2.9162e+02
20260926_06:00:00   2.4035e-01   6.1911e+01   2.5729e+01   0.0000e+00   1.8199e-03   2.9319e+02
20260926_09:00:00   2.0916e-01   5.4400e+01   2.1802e+01   0.0000e+00   1.1804e-03   2.9791e+02
20260926_12:00:00   2.0358e-01   5.2906e+01   2.1097e+01   0.0000e+00   1.2310e-04   2.9595e+02
20260926_15:00:00   2.0940e-01   5.3969e+01   2.1648e+01   0.0000e+00   1.6080e-01   2.9740e+02
20260926_18:00:00   2.0853e-01   5.3812e+01   2.1120e+01   3.1879e-03   5.3608e-02   2.9614e+02
20260926_21:00:00   2.4622e-01   6.1961e+01   2.1521e+01   4.6447e-02   6.1413e-02   2.9787e+02
20260927_00:00:00   7.6618e-01   1.4816e+02   2.9147e+01   5.5846e-01   2.1574e-01   2.9931e+02
