#            date       tau255        Tb[K]      pwv[mm] lwp[kg*m^-2] iwp[kg*m^-2]       o3[DU]
20260916_00:00:00   6.8929e-01   1.4115e+02   4.5980e+01   2.9951e-01   1.5079e-01   2.8944e+02
20260916_01:00:00   5.1511e-01   1.1521e+02   4.4626e+01   1.2266e-01   2.8196e-01   2.8832e+02
20260916_02:00:00   3.8784e-01   9.2938e+01   4.2900e+01   0.0000e+00   4.7212e-01   2.8678e+02
20260916_03:00:00   3.6801e-01   8.9135e+01   4.0941e+01   0.0000e+00   3.2937e-01   2.8765e+02
20260916_04:00:00   3.6807e-01   8.9185e+01   4.0601e+01   0.0000e+00   1.0763e-01   2.8932e+02
20260916_05:00:00   3.7427e-01   9.0514e+01   4.1115e+01   0.0000e+00   1.2851e-01   2.8940e+02
20260916_06:00:00   3.8805e-01   9.3061e+01   4.1756e+01   8.2481e-04   1.2918e-01   2.8999e+02
20260916_07:00:00   9.3399e-01   1.7321e+02   4.2574e+01   6.4422e-01   1.5277e-01   2.8763e+02
20260916_08:00:00   1.2347e+00   2.0223e+02   4.3244e+01   1.0020e+00   1.0118e-01   2.8669e+02
20260916_09:00:00   8.6154e-01   1.6530e+02   4.3046e+01   5.5742e-01   1.4742e-01   2.8891e+02
20260916_10:00:00   4.3293e-01   1.0137e+02   4.1134e+01   5.8093e-02   2.2380e-01   2.8888e+02
20260916_11:00:00   4.0913e-01   9.6756e+01   4.3090e+01   8.5491e-03   1.7101e-01   2.8886e+02
20260916_12:00:00   4.6097e-01   1.0597e+02   4.3945e+01   5.9722e-02   2.7345e-01   2.8877e+02
20260916_13:00:00   4.2039e-01   9.8760e+01   4.3915e+01   1.0778e-02   2.9441e-01   2.9018e+02
20260916_14:00:00   4.4028e-01   1.0251e+02   4.3548e+01   3.8725e-02   3.4312e-02   2.9001e+02
20260916_15:00:00   4.5690e-01   1.0566e+02   4.4212e+01   4.8980e-02   5.3359e-04   2.8938e+02
20260916_16:00:00   4.3817e-01   1.0237e+02   4.5547e+01   8.1265e-03   4.6357e-03   2.8925e+02
20260916_17:00:00   6.1725e-01   1.3203e+02   4.8800e+01   1.7774e-01   2.0852e-02   2.8801e+02
20260916_18:00:00   5.4955e-01   1.2144e+02   4.9657e+01   8.3594e-02   2.6266e-01   2.8860e+02
20260916_19:00:00   5.0815e-01   1.1480e+02   5.0101e+01   2.6553e-02   4.0164e-01   2.8930e+02
20260916_20:00:00   4.8665e-01   1.1145e+02   4.9933e+01   2.3233e-03   2.3439e-02   2.9015e+02
20260916_21:00:00   5.0258e-01   1.1429e+02   5.1332e+01   6.2926e-03   2.1545e-02   2.9032e+02
20260916_22:00:00   5.2904e-01   1.1893e+02   5.1967e+01   3.1924e-02   5.4070e-03   2.9029e+02
20260916_23:00:00   5.4825e-01   1.2215e+02   5.3371e+01   3.7146e-02   2.5519e-02   2.9023e+02
20260917_00:00:00   5.2421e-01   1.1814e+02   5.3426e+01   4.5704e-03   1.6163e-01   2.9068e+02
20260917_01:00:00   5.5413e-01   1.2295e+02   5.4257e+01   3.0527e-02   2.5391e-02   2.8779e+02
20260917_02:00:00   5.5984e-01   1.2394e+02   5.4941e+01   3.0068e-02   2.6713e-02   2.8704e+02
20260917_03:00:00   5.4973e-01   1.2251e+02   5.4856e+01   1.9184e-02   2.9441e-03   2.8637e+02
20260917_04:00:00   5.4079e-01   1.2130e+02   5.4296e+01   1.3370e-02   1.1720e-03   2.8530e+02
20260917_05:00:00   5.3428e-01   1.2031e+02   5.4101e+01   5.3159e-03   6.6448e-04   2.8502e+02
20260917_06:00:00   5.3396e-01   1.2026e+02   5.4282e+01   3.3684e-03   1.6084e-03   2.8518e+02
20260917_07:00:00   5.3047e-01   1.1983e+02   5.3889e+01   2.6220e-05   1.7199e-03   2.8544e+02
20260917_08:00:00   5.3244e-01   1.2019e+02   5.4110e+01   0.0000e+00   4.2851e-03   2.8532e+02
20260917_09:00:00   5.3954e-01   1.2125e+02   5.4536e+01   2.3930e-03   9.8532e-03   2.8565e+02
20260917_10:00:00   5.5762e-01   1.2434e+02   5.4564e+01   2.8022e-02   1.8306e-02   2.8490e+02
20260917_11:00:00   5.8630e-01   1.2904e+02   5.5753e+01   5.2682e-02   7.4608e-02   2.8490e+02
20260917_12:00:00   5.9887e-01   1.3113e+02   5.5833e+01   6.4805e-02   1.0713e-02   2.8418e+02
20260917_13:00:00   6.4415e-01   1.3802e+02   5.6763e+01   1.1092e-01   4.4222e-02   2.8449e+02
20260917_14:00:00   6.8105e-01   1.4277e+02   5.6830e+01   1.5081e-01   4.3593e-01   2.8539e+02
20260917_15:00:00   7.2946e-01   1.4934e+02   5.6786e+01   2.0625e-01   1.4225e-01   2.8518e+02
20260917_16:00:00   1.1616e+00   1.9776e+02   5.6888e+01   7.4521e-01   3.3692e-01   2.8342e+02
20260917_17:00:00   8.3669e-01   1.6464e+02   5.5074e+01   3.8795e-01   3.5944e-02   2.8222e+02
20260917_18:00:00   8.1913e-01   1.6155e+02   5.3099e+01   3.8108e-01   3.3664e-02   2.8260e+02
20260917_19:00:00   6.9421e-01   1.4561e+02   5.3575e+01   2.3196e-01   2.5906e-01   2.8187e+02
20260917_20:00:00   6.2047e-01   1.3483e+02   5.1092e+01   1.6766e-01   8.1544e-02   2.8210e+02
20260917_21:00:00   5.3200e-01   1.2019e+02   4.8356e+01   8.1092e-02   3.6534e-03   2.8245e+02
20260917_22:00:00   5.1379e-01   1.1733e+02   4.8571e+01   5.3847e-02   1.5372e-03   2.8228e+02
20260917_23:00:00   4.8106e-01   1.1153e+02   4.7966e+01   1.2653e-02   6.1063e-04   2.8291e+02
20260918_00:00:00   4.6519e-01   1.0869e+02   4.6304e+01   1.3984e-02   4.5121e-03   2.8197e+02
20260918_01:00:00   4.4017e-01   1.0423e+02   4.3774e+01   1.0021e-02   1.2614e-03   2.8175e+02
20260918_02:00:00   4.1937e-01   1.0044e+02   4.2275e+01   3.0173e-03   7.3711e-04   2.8170e+02
20260918_03:00:00   4.0578e-01   9.7931e+01   4.1058e+01   0.0000e+00   1.3552e-04   2.8146e+02
20260918_04:00:00   4.0854e-01   9.8376e+01   4.1444e+01   0.0000e+00   8.2289e-04   2.8088e+02
20260918_05:00:00   4.1328e-01   9.9250e+01   4.2062e+01   0.0000e+00   3.4978e-04   2.8100e+02
20260918_06:00:00   4.2241e-01   1.0093e+02   4.2813e+01   0.0000e+00   3.0601e-04   2.8146e+02
20260918_07:00:00   4.3767e-01   1.0357e+02   4.4745e+01   0.0000e+00   4.9937e-04   2.8178e+02
20260918_08:00:00   4.3908e-01   1.0373e+02   4.5199e+01   0.0000e+00   3.3134e-04   2.8213e+02
20260918_09:00:00   4.3748e-01   1.0345e+02   4.4634e+01   0.0000e+00   1.0803e-03   2.8269e+02
20260918_10:00:00   4.4867e-01   1.0548e+02   4.5823e+01   2.6020e-06   2.6915e-04   2.8201e+02
20260918_11:00:00   5.0434e-01   1.1518e+02   4.8444e+01   4.2431e-02   3.4718e-04   2.8008e+02
20260918_12:00:00   5.0151e-01   1.1464e+02   4.9063e+01   3.5343e-02   7.8672e-04   2.8156e+02
20260918_13:00:00   5.1580e-01   1.1709e+02   4.9562e+01   4.7779e-02   1.2683e-03   2.8248e+02
20260918_14:00:00   5.0888e-01   1.1581e+02   5.0467e+01   2.8616e-02   6.3580e-03   2.8285e+02
20260918_15:00:00   5.1185e-01   1.1668e+02   4.8276e+01   5.5656e-02   4.4821e-03   2.8339e+02
20260918_16:00:00   5.2545e-01   1.1937e+02   4.6487e+01   8.3019e-02   6.4054e-04   2.8304e+02
20260918_17:00:00   5.3819e-01   1.2185e+02   4.4824e+01   1.1055e-01   8.9932e-05   2.8376e+02
20260918_18:00:00   5.5205e-01   1.2432e+02   4.5004e+01   1.2831e-01   0.0000e+00   2.8496e+02
20260918_19:00:00   5.3795e-01   1.2210e+02   4.4706e+01   1.0759e-01   0.0000e+00   2.8467e+02
20260918_20:00:00   5.4095e-01   1.2292e+02   4.3884e+01   1.2103e-01   0.0000e+00   2.8423e+02
20260918_21:00:00   4.8383e-01   1.1313e+02   4.4204e+01   4.0537e-02   1.1068e-05   2.8332e+02
20260918_22:00:00   4.6702e-01   1.1028e+02   4.5289e+01   0.0000e+00   2.9977e-05   2.8258e+02
20260918_23:00:00   4.4666e-01   1.0681e+02   4.4013e+01   0.0000e+00   2.7720e-05   2.8321e+02
20260919_00:00:00   4.3913e-01   1.0542e+02   4.3823e+01   0.0000e+00   0.0000e+00   2.8433e+02
20260919_01:00:00   4.2844e-01   1.0340e+02   4.3149e+01   0.0000e+00   0.0000e+00   2.8236e+02
20260919_02:00:00   4.2498e-01   1.0269e+02   4.2813e+01   0.0000e+00   0.0000e+00   2.8315e+02
20260919_03:00:00   4.3781e-01   1.0494e+02   4.4017e+01   7.0550e-07   0.0000e+00   2.8341e+02
20260919_04:00:00   4.3494e-01   1.0434e+02   4.4092e+01   1.7146e-05   0.0000e+00   2.8748e+02
20260919_05:00:00   4.0152e-01   9.8049e+01   4.1559e+01   8.1050e-07   0.0000e+00   2.8934e+02
20260919_06:00:00   4.0023e-01   9.7652e+01   4.2007e+01   1.0540e-03   1.5581e-05   2.8777e+02
20260919_07:00:00   4.3531e-01   1.0374e+02   4.6018e+01   0.0000e+00   1.2888e-04   2.8730e+02
20260919_08:00:00   4.5626e-01   1.0712e+02   4.8563e+01   5.8719e-04   1.8401e-02   2.8351e+02
20260919_09:00:00   4.8150e-01   1.1121e+02   5.1095e+01   4.9901e-04   5.6513e-01   2.8001e+02
20260919_10:00:00   5.3750e-01   1.2019e+02   5.0055e+01   8.1289e-02   5.7289e-01   2.8099e+02
20260919_11:00:00   7.7911e-01   1.5421e+02   5.0666e+01   3.4841e-01   5.4781e-02   2.7936e+02
20260919_12:00:00   1.0437e+00   1.8251e+02   4.8589e+01   6.7495e-01   3.2038e-01   2.8094e+02
20260919_13:00:00   1.2501e+00   2.0079e+02   5.2133e+01   8.6866e-01   3.7449e-01   2.8039e+02
20260919_14:00:00   5.1131e-01   1.1607e+02   5.2318e+01   2.6838e-02   3.4621e-01   2.8016e+02
20260919_15:00:00   5.6453e-01   1.2464e+02   5.3377e+01   7.0912e-02   2.1563e-01   2.7942e+02
20260919_16:00:00   4.8290e-01   1.1165e+02   5.1827e+01   0.0000e+00   1.2105e-02   2.7776e+02
20260919_17:00:00   4.8824e-01   1.1278e+02   5.1600e+01   0.0000e+00   1.0166e-03   2.7602e+02
20260919_18:00:00   4.9310e-01   1.1387e+02   5.1813e+01   0.0000e+00   8.3222e-04   2.7647e+02
20260919_19:00:00   4.9554e-01   1.1429e+02   5.2131e+01   4.5911e-03   6.3380e-05   2.7691e+02
20260919_20:00:00   5.0462e-01   1.1603e+02   5.2570e+01   6.5279e-04   7.3740e-05   2.7749e+02
20260919_21:00:00   5.3159e-01   1.2079e+02   5.3115e+01   2.7480e-02   1.8088e-03   2.7793e+02
20260919_22:00:00   5.2478e-01   1.1956e+02   5.4261e+01   4.6284e-03   2.2404e-03   2.7743e+02
20260919_23:00:00   5.6855e-01   1.2685e+02   5.5034e+01   4.4051e-02   3.3257e-03   2.7422e+02
20260920_00:00:00   5.3913e-01   1.2198e+02   5.5156e+01   9.6744e-04   2.5985e-03   2.7209e+02
20260920_01:00:00   5.5817e-01   1.2504e+02   5.5286e+01   9.9599e-03   2.9142e-03   2.7222e+02
20260920_02:00:00   5.8768e-01   1.2976e+02   5.3561e+01   6.8862e-02   4.8387e-03   2.7446e+02
20260920_03:00:00   5.2607e-01   1.1932e+02   5.2629e+01   9.6719e-03   5.1465e-03   2.7565e+02
20260920_04:00:00   5.2080e-01   1.1811e+02   5.2365e+01   1.0665e-02   3.7232e-03   2.7454e+02
20260920_05:00:00   5.1695e-01   1.1735e+02   5.1329e+01   2.4536e-02   4.0996e-03   2.7465e+02
20260920_06:00:00   5.4157e-01   1.2150e+02   4.9957e+01   7.7112e-02   1.4340e-01   2.7340e+02
20260920_07:00:00   5.5882e-01   1.2420e+02   5.0102e+01   9.3311e-02   2.1785e-01   2.7278e+02
20260920_08:00:00   7.9370e-01   1.5871e+02   4.9281e+01   4.0123e-01   7.5319e-02   2.7345e+02
20260920_09:00:00   9.0717e-01   1.7282e+02   4.8316e+01   5.6395e-01   1.0011e-01   2.7407e+02
20260920_10:00:00   6.6853e-01   1.4133e+02   4.7494e+01   2.7258e-01   8.1974e-02   2.7530e+02
20260920_11:00:00   6.4214e-01   1.3735e+02   4.6721e+01   2.4555e-01   9.3810e-03   2.7466e+02
20260920_12:00:00   6.3724e-01   1.3641e+02   4.6848e+01   2.3108e-01   1.8094e-01   2.7335e+02
20260920_13:00:00   1.0221e+00   1.8481e+02   4.6745e+01   7.2444e-01   4.8203e-01   2.7304e+02
20260920_14:00:00   8.8089e-01   1.6909e+02   4.6009e+01   5.6117e-01   2.0468e-01   2.7296e+02
20260920_15:00:00   9.1541e-01   1.7244e+02   4.6704e+01   5.8681e-01   1.8949e-01   2.7379e+02
20260920_16:00:00   1.4255e+00   2.1732e+02   4.7917e+01   1.1867e+00   1.9230e-01   2.7209e+02
20260920_17:00:00   1.1343e+00   1.9274e+02   4.7662e+01   8.0829e-01   3.9244e-01   2.7146e+02
20260920_18:00:00   7.4044e-01   1.4834e+02   4.5922e+01   3.5329e-01   4.0240e-02   2.7350e+02
20260920_19:00:00   5.7052e-01   1.2523e+02   4.4962e+01   1.8346e-01   2.7088e-01   2.7494e+02
20260920_20:00:00   7.7118e-01   1.5393e+02   4.6477e+01   3.9751e-01   7.2659e-02   2.7473e+02
20260920_21:00:00   8.0272e-01   1.5829e+02   4.8036e+01   4.1814e-01   4.8259e-03   2.7679e+02
20260920_22:00:00   1.3495e+00   2.1102e+02   4.9222e+01   1.0468e+00   1.7556e-03   2.7709e+02
20260920_23:00:00   1.4261e+00   2.1648e+02   4.8401e+01   1.1452e+00   1.1199e-03   2.7726e+02
20260921_00:00:00   2.2223e+00   2.5274e+02   5.0113e+01   2.0447e+00   4.9963e-03   2.7734e+02
20260921_03:00:00   8.6789e-01   1.6698e+02   4.6144e+01   5.2666e-01   2.1340e-02   2.7509e+02
20260921_06:00:00   1.0688e+00   1.8878e+02   4.3358e+01   8.0933e-01   5.6418e-02   2.7598e+02
20260921_09:00:00   1.0205e+00   1.8431e+02   3.7741e+01   8.0938e-01   1.8074e-01   2.8126e+02
20260921_12:00:00   8.2634e-01   1.6180e+02   3.1741e+01   6.1320e-01   5.9720e-03   2.8659e+02
20260921_15:00:00   5.0784e-01   1.1467e+02   2.9756e+01   2.3516e-01   9.1760e-05   2.8884e+02
20260921_18:00:00   4.9282e-01   1.1171e+02   2.8240e+01   2.2508e-01   0.0000e+00   2.9074e+02
20260921_21:00:00   3.8833e-01   9.2614e+01   2.6672e+01   1.1132e-01   0.0000e+00   2.9296e+02
20260922_00:00:00   4.0064e-01   9.4892e+01   2.5305e+01   1.4649e-01   0.0000e+00   2.9002e+02
20260922_03:00:00   2.9739e-01   7.4399e+01   2.2372e+01   5.2620e-02   0.0000e+00   2.9260e+02
20260922_06:00:00   2.4702e-01   6.3479e+01   2.1934e+01   1.9662e-05   0.0000e+00   2.9670e+02
20260922_09:00:00   2.4034e-01   6.1823e+01   2.2118e+01   0.0000e+00   0.0000e+00   2.9264e+02
20260922_12:00:00   2.3522e-01   6.0807e+01   2.1105e+01   4.5223e-03   0.0000e+00   2.9199e+02
20260922_15:00:00   2.6254e-01   6.6853e+01   2.4530e+01   5.6820e-07   0.0000e+00   2.8821e+02
20260922_18:00:00   3.5636e-01   8.6373e+01   2.6275e+01   8.4980e-02   0.0000e+00   2.8599e+02
20260922_21:00:00   3.0643e-01   7.6764e+01   2.8381e+01   0.0000e+00   4.1641e-06   2.8546e+02
20260923_00:00:00   3.0468e-01   7.6619e+01   2.9043e+01   0.0000e+00   9.4657e-03   2.8655e+02
20260923_03:00:00   3.0970e-01   7.7692e+01   3.0877e+01   0.0000e+00   2.0064e-04   2.8673e+02
20260923_06:00:00   3.2464e-01   8.0530e+01   3.3854e+01   0.0000e+00   1.9396e-05   2.8384e+02
20260923_09:00:00   3.3359e-01   8.2212e+01   3.5515e+01   0.0000e+00   9.7194e-02   2.8144e+02
20260923_12:00:00   4.0811e-01   9.6138e+01   3.9608e+01   4.0265e-02   4.9191e-01   2.7969e+02
20260923_15:00:00   5.6999e-01   1.2358e+02   4.3281e+01   1.7202e-01   6.3594e-01   2.8201e+02
20260923_18:00:00   8.0485e-01   1.5893e+02   3.5576e+01   5.4574e-01   5.4306e-02   2.8623e+02
20260923_21:00:00   1.5607e-01   4.2953e+01   1.2501e+01   0.0000e+00   0.0000e+00   2.9155e+02
20260924_00:00:00   1.6671e-01   4.5104e+01   1.4596e+01   0.0000e+00   0.0000e+00   2.9386e+02
20260924_03:00:00   1.4626e-01   4.0080e+01   1.2171e+01   0.0000e+00   0.0000e+00   3.0696e+02
20260924_06:00:00   1.3700e-01   3.7799e+01   1.1063e+01   0.0000e+00   0.0000e+00   3.2089e+02
20260924_09:00:00   1.4898e-01   4.0478e+01   1.2638e+01   0.0000e+00   0.0000e+00   3.2862e+02
20260924_12:00:00   1.4946e-01   4.0435e+01   1.2565e+01   0.0000e+00   0.0000e+00   3.2784e+02
20260924_15:00:00   1.4109e-01   3.8504e+01   1.1022e+01   0.0000e+00   0.0000e+00   3.3631e+02
20260924_18:00:00   1.4589e-01   3.9844e+01   1.1162e+01   0.0000e+00   7.8920e-05   3.2768e+02
20260924_21:00:00   1.4432e-01   3.9575e+01   1.1114e+01   0.0000e+00   2.7598e-05   3.2788e+02
20260925_00:00:00   1.5426e-01   4.1949e+01   1.2405e+01   0.0000e+00   0.0000e+00   3.2684e+02
20260925_03:00:00   1.4167e-01   3.8879e+01   1.1056e+01   0.0000e+00   1.0394e-03   3.2245e+02
20260925_06:00:00   1.3604e-01   3.7439e+01   1.0767e+01   0.0000e+00   0.0000e+00   3.2116e+02
20260925_09:00:00   1.4169e-01   3.8736e+01   1.1640e+01   0.0000e+00   0.0000e+00   3.2331e+02
20260925_12:00:00   1.4751e-01   4.0103e+01   1.2340e+01   0.0000e+00   0.0000e+00   3.2361e+02
20260925_15:00:00   1.5349e-01   4.1587e+01   1.3064e+01   0.0000e+00   0.0000e+00   3.2172e+02
20260925_18:00:00   1.5690e-01   4.2587e+01   1.3266e+01   0.0000e+00   0.0000e+00   3.1962e+02
20260925_21:00:00   1.5921e-01   4.3315e+01   1.3333e+01   0.0000e+00   0.0000e+00   3.1721e+02
20260926_00:00:00   1.5251e-01   4.1824e+01   1.2596e+01   0.0000e+00   0.0000e+00   3.1617e+02
20260926_03:00:00   1.5024e-01   4.1310e+01   1.2253e+01   0.0000e+00   0.0000e+00   3.1798e+02
20260926_06:00:00   1.5200e-01   4.1744e+01   1.2437e+01   0.0000e+00   0.0000e+00   3.1860e+02
20260926_09:00:00   1.5983e-01   4.3591e+01   1.3366e+01   0.0000e+00   0.0000e+00   3.1403e+02
20260926_12:00:00   1.6942e-01   4.5850e+01   1.4552e+01   0.0000e+00   0.0000e+00   3.1072e+02
20260926_15:00:00   1.7032e-01   4.6185e+01   1.4876e+01   0.0000e+00   0.0000e+00   3.0784e+02
20260926_18:00:00   1.7938e-01   4.8467e+01   1.5835e+01   0.0000e+00   0.0000e+00   3.0713e+02
20260926_21:00:00   1.7307e-01   4.7190e+01   1.5407e+01   0.0000e+00   0.0000e+00   3.0640e+02
20260927_00:00:00   1.6050e-01   4.4238e+01   1.4130e+01   0.0000e+00   1.9807e-04   3.0730e+02
20260927_03:00:00   1.6597e-01   4.5524e+01   1.5720e+01   0.0000e+00   7.9420e-05   3.0589e+02
20260927_06:00:00   1.8964e-01   5.1004e+01   1.9167e+01   0.0000e+00   1.4878e-04   3.0055e+02
20260927_09:00:00   2.2360e-01   5.8608e+01   2.3817e+01   0.0000e+00   4.1285e-03   2.9541e+02
20260927_12:00:00   2.3741e-01   6.1588e+01   2.5866e+01   0.0000e+00   2.4321e-03   2.9519e+02
20260927_15:00:00   2.3955e-01   6.2126e+01   2.6349e+01   0.0000e+00   9.5998e-03   2.9527e+02
20260927_18:00:00   2.3381e-01   6.0939e+01   2.6089e+01   0.0000e+00   1.6532e-02   2.8988e+02
20260927_21:00:00   1.9183e-01   5.1347e+01   2.0968e+01   0.0000e+00   9.1634e-02   2.8944e+02
20260928_00:00:00   1.7726e-01   4.8010e+01   1.8981e+01   0.0000e+00   2.2191e-01   2.8981e+02
20260928_03:00:00   1.8716e-01   5.0282e+01   2.0738e+01   0.0000e+00   1.0399e-02   2.8924e+02
20260928_06:00:00   2.3217e-01   6.0390e+01   2.6274e+01   2.5599e-04   3.6553e-02   2.8544e+02
20260928_09:00:00   2.0289e-01   5.4108e+01   2.1967e+01   0.0000e+00   4.5963e-03   2.8468e+02
20260928_12:00:00   2.3560e-01   6.1348e+01   2.5868e+01   0.0000e+00   1.6540e-03   2.8399e+02
20260928_15:00:00   2.2280e-01   5.8615e+01   2.4150e+01   0.0000e+00   1.7666e-04   2.8643e+02
20260928_18:00:00   2.3458e-01   6.1523e+01   2.5404e+01   0.0000e+00   1.0832e-03   2.8142e+02
20260928_21:00:00   2.3904e-01   6.2724e+01   2.6061e+01   0.0000e+00   2.6020e-07   2.7992e+02
20260929_00:00:00   2.5218e-01   6.5461e+01   2.8286e+01   0.0000e+00   2.8343e-02   2.7830e+02
20260929_03:00:00   2.4533e-01   6.3834e+01   2.7616e+01   0.0000e+00   6.7748e-02   2.7610e+02
20260929_06:00:00   2.4752e-01   6.4205e+01   2.7891e+01   0.0000e+00   2.3569e-02   2.7630e+02
20260929_09:00:00   3.4386e-01   8.3645e+01   3.3900e+01   4.8019e-02   4.3212e-01   2.7394e+02
20260929_12:00:00   3.4646e-01   8.4349e+01   3.6015e+01   2.5440e-02   3.8324e-01   2.7435e+02
20260929_15:00:00   4.5894e-01   1.0436e+02   3.4588e+01   1.6528e-01   1.8188e-02   2.7652e+02
20260929_18:00:00   6.6842e-01   1.3677e+02   3.3571e+01   4.1569e-01   4.9775e-01   2.7492e+02
20260929_21:00:00   7.0984e-01   1.4231e+02   3.6849e+01   4.1945e-01   3.5430e-01   2.7536e+02
20260930_00:00:00   3.8056e-01   9.0766e+01   3.7348e+01   3.6066e-02   2.1610e-01   2.7502e+02
20260930_03:00:00   5.8502e-01   1.2492e+02   3.6972e+01   2.6499e-01   4.0443e-02   2.7494e+02
20260930_06:00:00   4.1444e-01   9.6783e+01   3.3201e+01   9.9221e-02   6.2797e-03   2.7399e+02
20260930_09:00:00   3.1304e-01   7.7358e+01   3.0860e+01   1.1818e-03   2.6840e-05   2.7167e+02
20260930_12:00:00   4.0389e-01   9.4577e+01   2.9276e+01   1.2320e-01   1.1607e-03   2.7363e+02
20260930_15:00:00   3.1084e-01   7.6548e+01   2.9709e+01   1.3800e-02   7.0230e-04   2.7643e+02
20260930_18:00:00   3.0480e-01   7.5422e+01   3.0856e+01   6.1600e-06   2.2705e-04   2.7653e+02
20260930_21:00:00   3.6365e-01   8.6825e+01   3.4800e+01   3.0357e-02   1.2780e-01   2.7678e+02
20261001_00:00:00   3.5113e-01   8.4378e+01   3.3681e+01   3.0916e-02   2.3912e-02   2.7687e+02
20261001_03:00:00   3.0669e-01   7.5816e+01   2.9783e+01   7.9862e-03   8.1813e-03   2.7820e+02
20261001_06:00:00   3.8641e-01   9.0574e+01   2.6626e+01   1.2833e-01   5.8849e-03   2.8090e+02
20261001_09:00:00   3.9067e-01   9.1251e+01   2.6596e+01   1.3281e-01   7.0126e-03   2.8165e+02
20261001_12:00:00   3.1086e-01   7.6383e+01   3.0149e+01   1.2520e-02   7.1065e-03   2.8220e+02
20261001_15:00:00   3.0229e-01   7.4831e+01   2.9948e+01   6.6160e-04   7.4698e-04   2.8284e+02
20261001_18:00:00   3.0519e-01   7.5773e+01   2.9734e+01   8.8440e-06   6.2350e-03   2.8267e+02
20261001_21:00:00   2.9805e-01   7.4560e+01   2.9235e+01   8.2180e-04   8.7721e-03   2.8464e+02
20261002_00:00:00   3.0465e-01   7.5839e+01   2.9972e+01   4.9960e-03   3.2788e-03   2.8707e+02
