#            date       tau255        Tb[K]      pwv[mm] lwp[kg*m^-2] iwp[kg*m^-2]       o3[DU]
20261006_12:00:00   1.5368e-01   4.2013e+01   1.4012e+01   0.0000e+00   0.0000e+00   3.0155e+02
20261006_13:00:00   1.5342e-01   4.1948e+01   1.4036e+01   0.0000e+00   0.0000e+00   3.0036e+02
20261006_14:00:00   1.5466e-01   4.2284e+01   1.4172e+01   0.0000e+00   0.0000e+00   3.0329e+02
20261006_15:00:00   1.5283e-01   4.1905e+01   1.3931e+01   0.0000e+00   0.0000e+00   3.0301e+02
20261006_16:00:00   1.5785e-01   4.3229e+01   1.4456e+01   0.0000e+00   0.0000e+00   2.9682e+02
20261006_17:00:00   1.6270e-01   4.4520e+01   1.5012e+01   0.0000e+00   0.0000e+00   2.9702e+02
20261006_18:00:00   1.8069e-01   4.8888e+01   1.7142e+01   0.0000e+00   0.0000e+00   2.9957e+02
20261006_19:00:00   2.0350e-01   5.4351e+01   1.9447e+01   0.0000e+00   0.0000e+00   2.9975e+02
20261006_20:00:00   2.2533e-01   5.9437e+01   2.1809e+01   0.0000e+00   0.0000e+00   2.9760e+02
20261006_21:00:00   2.3771e-01   6.2293e+01   2.3265e+01   0.0000e+00   0.0000e+00   2.9961e+02
20261006_22:00:00   2.4143e-01   6.3214e+01   2.3603e+01   0.0000e+00   0.0000e+00   3.0098e+02
20261006_23:00:00   2.4978e-01   6.5072e+01   2.4398e+01   0.0000e+00   0.0000e+00   3.0229e+02
20261007_00:00:00   2.5120e-01   6.5441e+01   2.4294e+01   0.0000e+00   0.0000e+00   3.0239e+02
20261007_01:00:00   2.4428e-01   6.3941e+01   2.3241e+01   0.0000e+00   0.0000e+00   3.0077e+02
20261007_02:00:00   2.3665e-01   6.2202e+01   2.2275e+01   0.0000e+00   2.6020e-07   2.9650e+02
20261007_03:00:00   2.2954e-01   6.0629e+01   2.1616e+01   0.0000e+00   0.0000e+00   2.9660e+02
20261007_04:00:00   2.2963e-01   6.0647e+01   2.1604e+01   0.0000e+00   0.0000e+00   2.9605e+02
20261007_05:00:00   2.2354e-01   5.9250e+01   2.1093e+01   0.0000e+00   0.0000e+00   2.9246e+02
20261007_06:00:00   2.2048e-01   5.8521e+01   2.0909e+01   0.0000e+00   0.0000e+00   2.9346e+02
20261007_07:00:00   2.2224e-01   5.8863e+01   2.1268e+01   0.0000e+00   0.0000e+00   2.9604e+02
20261007_08:00:00   2.2806e-01   6.0130e+01   2.1777e+01   0.0000e+00   0.0000e+00   2.9814e+02
20261007_09:00:00   2.3090e-01   6.0760e+01   2.2027e+01   0.0000e+00   0.0000e+00   2.9744e+02
20261007_10:00:00   2.1885e-01   5.7962e+01   2.0928e+01   0.0000e+00   0.0000e+00   2.9537e+02
20261007_11:00:00   2.0259e-01   5.4084e+01   1.9467e+01   0.0000e+00   1.4922e-06   2.9151e+02
20261007_12:00:00   1.9141e-01   5.1385e+01   1.8464e+01   0.0000e+00   3.4699e-03   2.9223e+02
20261007_13:00:00   1.8592e-01   5.0010e+01   1.7985e+01   0.0000e+00   3.3457e-03   2.9387e+02
20261007_14:00:00   1.7927e-01   4.8445e+01   1.7095e+01   0.0000e+00   2.6345e-04   2.9155e+02
20261007_15:00:00   1.7861e-01   4.8263e+01   1.7080e+01   0.0000e+00   1.9776e-04   2.8922e+02
20261007_16:00:00   1.8411e-01   4.9542e+01   1.7754e+01   0.0000e+00   1.8406e-03   2.9090e+02
20261007_17:00:00   1.8639e-01   5.0057e+01   1.8241e+01   0.0000e+00   2.8336e-03   2.9213e+02
20261007_18:00:00   1.9483e-01   5.1976e+01   1.9411e+01   0.0000e+00   1.8269e-02   2.9053e+02
20261007_19:00:00   2.0445e-01   5.4137e+01   2.0629e+01   0.0000e+00   4.8620e-02   2.9065e+02
20261007_20:00:00   2.0183e-01   5.3548e+01   2.0410e+01   0.0000e+00   4.3567e-03   2.8953e+02
20261007_21:00:00   2.0719e-01   5.4821e+01   2.0909e+01   0.0000e+00   2.9969e-04   2.9007e+02
20261007_22:00:00   2.0279e-01   5.3878e+01   2.0175e+01   0.0000e+00   7.7960e-05   2.9231e+02
20261007_23:00:00   2.0157e-01   5.3619e+01   1.9881e+01   0.0000e+00   1.6810e-04   2.9442e+02
20261008_00:00:00   2.0010e-01   5.3205e+01   1.9800e+01   0.0000e+00   2.2503e-03   2.9415e+02
20261008_01:00:00   1.9707e-01   5.2511e+01   1.9282e+01   0.0000e+00   1.5985e-03   2.9555e+02
20261008_02:00:00   1.9131e-01   5.1141e+01   1.8624e+01   0.0000e+00   2.3001e-03   2.9699e+02
20261008_03:00:00   1.8928e-01   5.0623e+01   1.8433e+01   0.0000e+00   6.1941e-04   2.9620e+02
20261008_04:00:00   1.9410e-01   5.1699e+01   1.8873e+01   0.0000e+00   2.6914e-03   2.9616e+02
20261008_05:00:00   1.9096e-01   5.0941e+01   1.8373e+01   0.0000e+00   8.3324e-04   2.9793e+02
20261008_06:00:00   1.9005e-01   5.0658e+01   1.8170e+01   0.0000e+00   8.5600e-04   2.9907e+02
20261008_07:00:00   1.8056e-01   4.8330e+01   1.7191e+01   0.0000e+00   1.9682e-04   3.0029e+02
20261008_08:00:00   1.7817e-01   4.7660e+01   1.7020e+01   0.0000e+00   2.9338e-04   2.9901e+02
20261008_09:00:00   1.7567e-01   4.6994e+01   1.6874e+01   0.0000e+00   3.4577e-03   2.9924e+02
20261008_10:00:00   1.7672e-01   4.7169e+01   1.7041e+01   0.0000e+00   2.7769e-03   2.9812e+02
20261008_11:00:00   1.7693e-01   4.7143e+01   1.7151e+01   0.0000e+00   1.5080e-03   2.9524e+02
20261008_12:00:00   1.7751e-01   4.7201e+01   1.7260e+01   0.0000e+00   5.1625e-03   2.9429e+02
20261008_13:00:00   1.7570e-01   4.6712e+01   1.7060e+01   0.0000e+00   2.2519e-02   2.9296e+02
20261008_14:00:00   1.7396e-01   4.6274e+01   1.6866e+01   0.0000e+00   1.0923e-02   2.9390e+02
20261008_15:00:00   1.7214e-01   4.5878e+01   1.6574e+01   0.0000e+00   1.9979e-03   2.9044e+02
20261008_16:00:00   1.7215e-01   4.5932e+01   1.6460e+01   0.0000e+00   3.8706e-05   2.8942e+02
20261008_17:00:00   1.7250e-01   4.6059e+01   1.6518e+01   0.0000e+00   9.3760e-06   2.8812e+02
20261008_18:00:00   1.7574e-01   4.6872e+01   1.6860e+01   0.0000e+00   7.4560e-06   2.8574e+02
20261008_19:00:00   1.7589e-01   4.7028e+01   1.6647e+01   0.0000e+00   2.4532e-06   2.8228e+02
20261008_20:00:00   1.7707e-01   4.7351e+01   1.6843e+01   0.0000e+00   2.8445e-03   2.7989e+02
20261008_21:00:00   1.7721e-01   4.7414e+01   1.6952e+01   0.0000e+00   5.5115e-03   2.7905e+02
20261008_22:00:00   1.8187e-01   4.8483e+01   1.7597e+01   0.0000e+00   1.5846e-02   2.7846e+02
20261008_23:00:00   1.8658e-01   4.9508e+01   1.8347e+01   0.0000e+00   1.2687e-02   2.7620e+02
20261009_00:00:00   1.8874e-01   4.9943e+01   1.8810e+01   0.0000e+00   6.3257e-03   2.7403e+02
20261009_01:00:00   1.8957e-01   5.0130e+01   1.9000e+01   0.0000e+00   1.6745e-02   2.7242e+02
20261009_02:00:00   1.9309e-01   5.0897e+01   1.9535e+01   0.0000e+00   6.5754e-03   2.6988e+02
20261009_03:00:00   1.9299e-01   5.0850e+01   1.9567e+01   0.0000e+00   1.7977e-02   2.7080e+02
20261009_04:00:00   1.9505e-01   5.1298e+01   1.9842e+01   0.0000e+00   9.4596e-03   2.7187e+02
20261009_05:00:00   2.0093e-01   5.2603e+01   2.0504e+01   0.0000e+00   4.7605e-02   2.7315e+02
20261009_06:00:00   2.0779e-01   5.4185e+01   2.1384e+01   0.0000e+00   6.3892e-03   2.7335e+02
20261009_07:00:00   2.2172e-01   5.7353e+01   2.2986e+01   0.0000e+00   2.5049e-02   2.7230e+02
20261009_08:00:00   2.4843e-01   6.3363e+01   2.5835e+01   0.0000e+00   3.3185e-03   2.7241e+02
20261009_09:00:00   3.0901e-01   7.6141e+01   2.9131e+01   3.2204e-02   7.8798e-03   2.7245e+02
20261009_10:00:00   4.2114e-01   9.8104e+01   3.0530e+01   1.4492e-01   2.2076e-03   2.7277e+02
20261009_11:00:00   3.2882e-01   8.0175e+01   3.1710e+01   2.3922e-02   1.0873e-01   2.7385e+02
20261009_12:00:00   3.1987e-01   7.8475e+01   3.1512e+01   1.6838e-02   3.0510e-01   2.7741e+02
20261009_13:00:00   2.9543e-01   7.3607e+01   3.0558e+01   0.0000e+00   3.7244e-02   2.7997e+02
20261009_14:00:00   3.0046e-01   7.4609e+01   3.1485e+01   5.0520e-05   4.7883e-01   2.7979e+02
20261009_15:00:00   3.1469e-01   7.7575e+01   3.2951e+01   0.0000e+00   4.3619e-01   2.7761e+02
20261009_16:00:00   3.1362e-01   7.7672e+01   3.3025e+01   5.7220e-05   6.0494e-02   2.7829e+02
20261009_17:00:00   3.0590e-01   7.6227e+01   3.2213e+01   0.0000e+00   7.0732e-02   2.7813e+02
20261009_18:00:00   2.7715e-01   7.0421e+01   2.8923e+01   6.1100e-04   1.2848e-02   2.7860e+02
20261009_19:00:00   2.6146e-01   6.7286e+01   2.7056e+01   0.0000e+00   4.7578e-04   2.7659e+02
20261009_20:00:00   2.6142e-01   6.7504e+01   2.6843e+01   0.0000e+00   0.0000e+00   2.7751e+02
20261009_21:00:00   2.5761e-01   6.6882e+01   2.6387e+01   0.0000e+00   5.2020e-07   2.7695e+02
20261009_22:00:00   2.4183e-01   6.3515e+01   2.4574e+01   0.0000e+00   4.2160e-06   2.7692e+02
20261009_23:00:00   2.2220e-01   5.9064e+01   2.2454e+01   0.0000e+00   0.0000e+00   2.7601e+02
20261010_00:00:00   2.1465e-01   5.7345e+01   2.1562e+01   0.0000e+00   0.0000e+00   2.7771e+02
20261010_01:00:00   2.0880e-01   5.6030e+01   2.0772e+01   0.0000e+00   0.0000e+00   2.8019e+02
20261010_02:00:00   1.9601e-01   5.3099e+01   1.9152e+01   0.0000e+00   0.0000e+00   2.8238e+02
20261010_03:00:00   1.8472e-01   5.0466e+01   1.7742e+01   0.0000e+00   0.0000e+00   2.8333e+02
20261010_04:00:00   1.7953e-01   4.9271e+01   1.6949e+01   0.0000e+00   0.0000e+00   2.8387e+02
20261010_05:00:00   1.8186e-01   4.9839e+01   1.7146e+01   0.0000e+00   0.0000e+00   2.8384e+02
20261010_06:00:00   1.9000e-01   5.1824e+01   1.7973e+01   0.0000e+00   0.0000e+00   2.8394e+02
20261010_07:00:00   1.9558e-01   5.3156e+01   1.8613e+01   0.0000e+00   0.0000e+00   2.8132e+02
20261010_08:00:00   1.9945e-01   5.4056e+01   1.9040e+01   0.0000e+00   0.0000e+00   2.7914e+02
20261010_09:00:00   1.9708e-01   5.3498e+01   1.8692e+01   0.0000e+00   0.0000e+00   2.7764e+02
20261010_10:00:00   1.9035e-01   5.1890e+01   1.7873e+01   0.0000e+00   0.0000e+00   2.7749e+02
20261010_11:00:00   1.8458e-01   5.0532e+01   1.7098e+01   0.0000e+00   0.0000e+00   2.7830e+02
20261010_12:00:00   1.9000e-01   5.1841e+01   1.7574e+01   0.0000e+00   0.0000e+00   2.7981e+02
20261010_13:00:00   1.9091e-01   5.2030e+01   1.7665e+01   0.0000e+00   0.0000e+00   2.8040e+02
20261010_14:00:00   1.9215e-01   5.2303e+01   1.7870e+01   0.0000e+00   0.0000e+00   2.8021e+02
20261010_15:00:00   1.9786e-01   5.3643e+01   1.8537e+01   0.0000e+00   0.0000e+00   2.8058e+02
20261010_16:00:00   1.9090e-01   5.2037e+01   1.7765e+01   0.0000e+00   0.0000e+00   2.8078e+02
20261010_17:00:00   1.9704e-01   5.3511e+01   1.8464e+01   0.0000e+00   0.0000e+00   2.8084e+02
20261010_18:00:00   1.9543e-01   5.3183e+01   1.8245e+01   0.0000e+00   0.0000e+00   2.8194e+02
20261010_19:00:00   1.9701e-01   5.3580e+01   1.8543e+01   0.0000e+00   0.0000e+00   2.8132e+02
20261010_20:00:00   1.9378e-01   5.2841e+01   1.8253e+01   0.0000e+00   0.0000e+00   2.8019e+02
20261010_21:00:00   1.9007e-01   5.1970e+01   1.7902e+01   0.0000e+00   0.0000e+00   2.7983e+02
20261010_22:00:00   1.8335e-01   5.0379e+01   1.7092e+01   0.0000e+00   0.0000e+00   2.8032e+02
20261010_23:00:00   1.8621e-01   5.1008e+01   1.7566e+01   0.0000e+00   0.0000e+00   2.8280e+02
20261011_00:00:00   1.9150e-01   5.2189e+01   1.8386e+01   0.0000e+00   0.0000e+00   2.8771e+02
20261011_01:00:00   1.9666e-01   5.3362e+01   1.9139e+01   0.0000e+00   0.0000e+00   2.9425e+02
20261011_02:00:00   1.9819e-01   5.3585e+01   1.9715e+01   0.0000e+00   0.0000e+00   2.8891e+02
20261011_03:00:00   2.0140e-01   5.4222e+01   2.0288e+01   0.0000e+00   0.0000e+00   2.8662e+02
20261011_04:00:00   1.9620e-01   5.2924e+01   1.9754e+01   0.0000e+00   2.3180e-05   2.8737e+02
20261011_05:00:00   1.9343e-01   5.2217e+01   1.9321e+01   0.0000e+00   0.0000e+00   2.9178e+02
20261011_06:00:00   1.9881e-01   5.3483e+01   1.9757e+01   0.0000e+00   0.0000e+00   2.9231e+02
20261011_07:00:00   2.0584e-01   5.5139e+01   2.0353e+01   0.0000e+00   0.0000e+00   2.8978e+02
20261011_08:00:00   2.1362e-01   5.6926e+01   2.0920e+01   0.0000e+00   6.5540e-06   2.8955e+02
20261011_09:00:00   2.1271e-01   5.6687e+01   2.0710e+01   0.0000e+00   0.0000e+00   2.9066e+02
20261011_10:00:00   2.1303e-01   5.6736e+01   2.0630e+01   0.0000e+00   0.0000e+00   2.9067e+02
20261011_11:00:00   2.1439e-01   5.7022e+01   2.0588e+01   0.0000e+00   0.0000e+00   2.8895e+02
20261011_12:00:00   2.0828e-01   5.5629e+01   1.9848e+01   0.0000e+00   0.0000e+00   2.8775e+02
20261011_15:00:00   2.1882e-01   5.7947e+01   2.1012e+01   0.0000e+00   0.0000e+00   2.7689e+02
20261011_18:00:00   2.4959e-01   6.4948e+01   2.3806e+01   0.0000e+00   0.0000e+00   2.7409e+02
20261011_21:00:00   2.3447e-01   6.1750e+01   2.2062e+01   0.0000e+00   0.0000e+00   2.7152e+02
20261012_00:00:00   2.3644e-01   6.2132e+01   2.2164e+01   0.0000e+00   0.0000e+00   2.7087e+02
20261012_03:00:00   2.2416e-01   5.9238e+01   2.1321e+01   0.0000e+00   5.0043e-04   2.6073e+02
20261012_06:00:00   2.4044e-01   6.2697e+01   2.3515e+01   0.0000e+00   1.5476e-03   2.6094e+02
20261012_09:00:00   2.5866e-01   6.6550e+01   2.6296e+01   0.0000e+00   1.2582e-03   2.6209e+02
20261012_12:00:00   3.0334e-01   7.5749e+01   3.1640e+01   1.3102e-03   0.0000e+00   2.5933e+02
20261012_15:00:00   3.4295e-01   8.3760e+01   3.3150e+01   2.4240e-02   0.0000e+00   2.5644e+02
20261012_18:00:00   3.4642e-01   8.4608e+01   3.5525e+01   8.7443e-04   0.0000e+00   2.5314e+02
20261012_21:00:00   4.1025e-01   9.6791e+01   3.8044e+01   4.5598e-02   0.0000e+00   2.5035e+02
20261013_00:00:00   3.8528e-01   9.2090e+01   3.9060e+01   7.5719e-03   3.9184e-04   2.4541e+02
20261013_03:00:00   4.3519e-01   1.0129e+02   4.0751e+01   4.8549e-02   2.1220e-05   2.4653e+02
20261013_06:00:00   4.4268e-01   1.0270e+02   4.2557e+01   3.1863e-02   0.0000e+00   2.4759e+02
20261013_09:00:00   6.7325e-01   1.3928e+02   4.1266e+01   3.1216e-01   0.0000e+00   2.4666e+02
20261013_12:00:00   6.0401e-01   1.2890e+02   3.8785e+01   2.5420e-01   0.0000e+00   2.4707e+02
20261013_15:00:00   5.0169e-01   1.1275e+02   3.7566e+01   1.5634e-01   0.0000e+00   2.4791e+02
20261013_18:00:00   3.8128e-01   9.1400e+01   3.6860e+01   2.6625e-02   2.5556e-04   2.4632e+02
20261013_21:00:00   3.6811e-01   8.9243e+01   3.8550e+01   6.1600e-06   1.8201e-03   2.4651e+02
20261014_00:00:00   3.6181e-01   8.7943e+01   3.9118e+01   0.0000e+00   1.8539e-02   2.4703e+02
20261014_03:00:00   3.5004e-01   8.5532e+01   3.8806e+01   0.0000e+00   6.6238e-02   2.4351e+02
20261014_06:00:00   3.3188e-01   8.1950e+01   3.6874e+01   3.9020e-06   5.3853e-03   2.4451e+02
20261014_09:00:00   2.8988e-01   7.3418e+01   3.1824e+01   0.0000e+00   8.3836e-04   2.4623e+02
20261014_12:00:00   2.8263e-01   7.2002e+01   3.0436e+01   0.0000e+00   7.0620e-05   2.4774e+02
20261014_15:00:00   2.7449e-01   7.0511e+01   2.8245e+01   0.0000e+00   8.3700e-05   2.5060e+02
20261014_18:00:00   2.6619e-01   6.9003e+01   2.6768e+01   0.0000e+00   0.0000e+00   2.4842e+02
20261014_21:00:00   2.6763e-01   6.9485e+01   2.7617e+01   0.0000e+00   0.0000e+00   2.5190e+02
20261015_00:00:00   2.9589e-01   7.5310e+01   3.2052e+01   0.0000e+00   1.8472e-04   2.5335e+02
20261015_03:00:00   3.3748e-01   8.3324e+01   3.7788e+01   0.0000e+00   1.3898e-03   2.5668e+02
20261015_06:00:00   3.3323e-01   8.2657e+01   3.7025e+01   0.0000e+00   5.6720e-06   2.5825e+02
20261015_09:00:00   5.3732e-01   1.1922e+02   4.3824e+01   1.5879e-01   3.7360e-03   2.5504e+02
20261015_12:00:00   1.0510e+00   1.8245e+02   4.8934e+01   6.6022e-01   6.5808e-01   2.5651e+02
20261015_15:00:00   4.2870e-01   1.0096e+02   4.2352e+01   6.4005e-03   1.0149e-02   2.6102e+02
20261015_18:00:00   3.6202e-01   8.8873e+01   2.8998e+01   7.0801e-02   2.2140e-02   2.6502e+02
20261015_21:00:00   3.9096e-01   9.4115e+01   3.4740e+01   2.8848e-02   5.6340e-03   2.6498e+02
20261016_00:00:00   3.1270e-01   7.7676e+01   2.8175e+01   1.0601e-02   0.0000e+00   2.6322e+02
20261016_03:00:00   5.8766e-01   1.2495e+02   2.1438e+01   4.1079e-01   0.0000e+00   2.6871e+02
20261016_06:00:00   3.2041e-01   7.7393e+01   1.6228e+01   1.4244e-01   0.0000e+00   2.7154e+02
20261016_09:00:00   3.3943e-01   8.0722e+01   1.3429e+01   1.9081e-01   2.3906e-05   2.7240e+02
20261016_12:00:00   1.4454e-01   3.8973e+01   1.0448e+01   0.0000e+00   1.5299e-06   2.7723e+02
20261016_15:00:00   1.2260e-01   3.3681e+01   7.6963e+00   0.0000e+00   0.0000e+00   2.7465e+02
20261016_18:00:00   1.3384e-01   3.6345e+01   9.1348e+00   0.0000e+00   0.0000e+00   2.7260e+02
20261016_21:00:00   1.4220e-01   3.8250e+01   1.0590e+01   0.0000e+00   1.1916e-03   2.7408e+02
20261017_00:00:00   1.4001e-01   3.7649e+01   1.0305e+01   0.0000e+00   2.8999e-03   2.7785e+02
20261017_03:00:00   1.3645e-01   3.6724e+01   9.7733e+00   0.0000e+00   2.9359e-03   2.7513e+02
20261017_06:00:00   1.3770e-01   3.7048e+01   9.7414e+00   0.0000e+00   1.0404e-07   2.7207e+02
20261017_09:00:00   1.4958e-01   3.9763e+01   1.1850e+01   0.0000e+00   9.4383e-02   2.7017e+02
20261017_12:00:00   3.3317e-01   7.8404e+01   2.0239e+01   1.3231e-01   2.4481e-01   2.6733e+02
20261017_15:00:00   6.2089e-01   1.2740e+02   2.0728e+01   4.4122e-01   1.3208e-01   2.6829e+02
20261017_18:00:00   1.6102e+00   2.1924e+02   2.3473e+01   1.5413e+00   1.5722e-01   2.6417e+02
20261017_21:00:00   1.0115e+00   1.7621e+02   2.4824e+01   8.6186e-01   5.3672e-02   2.6443e+02
20261018_00:00:00   1.1006e+00   1.8461e+02   2.5513e+01   9.4379e-01   4.1469e-02   2.6053e+02
20261018_03:00:00   1.1511e+00   1.9117e+02   2.6889e+01   1.0065e+00   7.7371e-02   2.6142e+02
20261018_06:00:00   1.3423e+00   2.0550e+02   3.0393e+01   1.1771e+00   1.3241e-01   2.6153e+02
20261018_09:00:00   1.5252e+00   2.2026e+02   2.9766e+01   1.4335e+00   2.8280e-02   2.6106e+02
20261018_12:00:00   1.2114e+00   1.9750e+02   3.1825e+01   1.0418e+00   1.0073e-01   2.6131e+02
20261018_15:00:00   9.3854e-01   1.7055e+02   2.9792e+01   7.4120e-01   4.3583e-01   2.6234e+02
20261018_18:00:00   4.3331e-01   9.9253e+01   2.3664e+01   2.0588e-01   3.0382e-01   2.6418e+02
20261018_21:00:00   4.4413e-01   1.0107e+02   1.6681e+01   2.8421e-01   1.1700e-01   2.6679e+02
20261019_00:00:00   5.5528e-01   1.1879e+02   1.6112e+01   4.0614e-01   0.0000e+00   2.7779e+02
20261019_03:00:00   1.3988e-01   3.7819e+01   8.9295e+00   7.2600e-03   1.6982e-05   2.9245e+02
20261019_06:00:00   1.2641e-01   3.4494e+01   8.4963e+00   0.0000e+00   2.8741e-06   2.9176e+02
20261019_09:00:00   1.1767e-01   3.2401e+01   7.1897e+00   0.0000e+00   0.0000e+00   2.8703e+02
20261019_12:00:00   1.2286e-01   3.3618e+01   8.0740e+00   0.0000e+00   1.4956e-05   2.8728e+02
20261019_15:00:00   1.3165e-01   3.5705e+01   9.3803e+00   0.0000e+00   0.0000e+00   2.9243e+02
20261019_18:00:00   1.5711e-01   4.1705e+01   1.2800e+01   0.0000e+00   2.2140e-06   2.9664e+02
20261019_21:00:00   1.6194e-01   4.2938e+01   1.3325e+01   0.0000e+00   0.0000e+00   3.0004e+02
20261020_00:00:00   1.8006e-01   4.6994e+01   1.5067e+01   1.4758e-03   1.4245e-04   3.0169e+02
20261020_03:00:00   1.7843e-01   4.6398e+01   1.5289e+01   0.0000e+00   2.0192e-01   3.0279e+02
20261020_06:00:00   2.0377e-01   5.1955e+01   1.7639e+01   0.0000e+00   5.0065e-01   3.0538e+02
20261020_09:00:00   1.9453e-01   5.0018e+01   1.6654e+01   0.0000e+00   1.6704e-02   3.1885e+02
20261020_12:00:00   1.8962e-01   4.8724e+01   1.6108e+01   0.0000e+00   4.8383e-01   3.1487e+02
20261020_15:00:00   2.2708e-01   5.6921e+01   1.7185e+01   2.7696e-02   6.3298e-01   2.9880e+02
20261020_18:00:00   3.2033e-01   7.6387e+01   1.7182e+01   1.2937e-01   3.1848e-01   2.9103e+02
20261020_21:00:00   7.7460e-01   1.4706e+02   1.4136e+01   6.6430e-01   1.0952e-01   3.0964e+02
20261021_00:00:00   4.7695e-01   1.0471e+02   1.2620e+01   3.4648e-01   5.2521e-05   3.2300e+02
20261021_03:00:00   1.9167e-01   4.9293e+01   1.0579e+01   4.4776e-02   1.9981e-04   3.2650e+02
20261021_06:00:00   1.3029e-01   3.5206e+01   8.4019e+00   0.0000e+00   0.0000e+00   3.1731e+02
20261021_09:00:00   1.3433e-01   3.6074e+01   9.2777e+00   0.0000e+00   2.3162e-03   3.1475e+02
20261021_12:00:00   1.3253e-01   3.5686e+01   9.4052e+00   0.0000e+00   2.5456e-04   3.1265e+02
20261021_15:00:00   1.3976e-01   3.7508e+01   1.0517e+01   0.0000e+00   0.0000e+00   2.9974e+02
20261021_18:00:00   1.3890e-01   3.7611e+01   1.0465e+01   0.0000e+00   0.0000e+00   2.9236e+02
20261021_21:00:00   1.2384e-01   3.4292e+01   8.4542e+00   0.0000e+00   0.0000e+00   2.8967e+02
20261022_00:00:00   1.6128e-01   4.3369e+01   1.3628e+01   0.0000e+00   7.3580e-04   2.7934e+02
20261022_03:00:00   1.6291e-01   4.3732e+01   1.4646e+01   0.0000e+00   1.5355e-02   2.7443e+02
20261022_06:00:00   1.7644e-01   4.6836e+01   1.7020e+01   0.0000e+00   2.7280e-03   2.7157e+02
20261022_09:00:00   1.9218e-01   5.0619e+01   1.8610e+01   0.0000e+00   2.7336e-02   2.6630e+02
20261022_12:00:00   2.0896e-01   5.4870e+01   1.9710e+01   0.0000e+00   0.0000e+00   2.6740e+02
