#            date       tau255        Tb[K]      pwv[mm] lwp[kg*m^-2] iwp[kg*m^-2]       o3[DU]
20260916_12:00:00   3.9333e-01   9.3859e+01   4.2205e+01   1.8058e-03   1.7479e-01   2.8843e+02
20260916_13:00:00   4.0169e-01   9.5441e+01   4.3261e+01   2.6220e-05   7.9169e-02   2.9050e+02
20260916_14:00:00   4.2058e-01   9.8898e+01   4.4674e+01   2.7991e-03   1.0923e-01   2.9148e+02
20260916_15:00:00   5.4682e-01   1.2104e+02   4.6423e+01   1.3016e-01   9.6676e-04   2.8971e+02
20260916_16:00:00   5.1810e-01   1.1643e+02   4.7630e+01   7.4213e-02   1.2079e-02   2.8770e+02
20260916_17:00:00   4.9627e-01   1.1281e+02   4.8980e+01   2.9981e-02   7.3430e-02   2.8705e+02
20260916_18:00:00   5.1349e-01   1.1578e+02   5.1056e+01   2.4501e-02   3.6437e-01   2.8684e+02
20260916_19:00:00   5.2460e-01   1.1764e+02   5.2142e+01   2.2495e-02   5.9496e-01   2.8696e+02
20260916_20:00:00   4.9081e-01   1.1198e+02   5.0911e+01   6.3074e-05   5.3102e-01   2.8780e+02
20260916_21:00:00   5.1121e-01   1.1556e+02   5.1241e+01   1.6616e-02   2.5748e-01   2.8736e+02
20260916_22:00:00   4.7573e-01   1.0968e+02   4.9648e+01   2.6419e-04   2.2293e-02   2.8883e+02
20260916_23:00:00   4.9939e-01   1.1376e+02   5.1651e+01   9.6184e-04   1.5574e-01   2.9000e+02
20260917_00:00:00   5.1688e-01   1.1679e+02   5.3144e+01   1.3399e-03   1.6848e-02   2.8976e+02
20260917_01:00:00   6.7694e-01   1.4081e+02   5.3670e+01   1.7450e-01   6.1661e-02   2.9030e+02
20260917_02:00:00   5.4211e-01   1.2110e+02   5.4052e+01   1.9282e-02   2.0454e-03   2.9089e+02
20260917_03:00:00   5.4346e-01   1.2140e+02   5.3620e+01   2.7070e-02   1.2971e-03   2.9023e+02
20260917_04:00:00   5.6320e-01   1.2449e+02   5.4464e+01   3.9440e-02   9.1349e-04   2.8898e+02
20260917_05:00:00   6.1917e-01   1.3293e+02   5.4122e+01   1.0459e-01   4.6576e-03   2.8981e+02
20260917_06:00:00   1.2411e+00   1.9964e+02   5.6887e+01   7.7437e-01   7.1033e-01   2.8932e+02
20260917_07:00:00   7.2856e-01   1.4830e+02   5.7548e+01   1.8504e-01   5.0807e-01   2.8755e+02
20260917_08:00:00   6.6868e-01   1.4079e+02   5.6454e+01   1.4044e-01   1.7480e-01   2.8619e+02
20260917_09:00:00   6.8822e-01   1.4447e+02   5.6252e+01   1.8062e-01   1.7145e-01   2.8614e+02
20260917_10:00:00   8.1155e-01   1.6169e+02   5.5217e+01   3.5664e-01   5.4099e-02   2.8733e+02
20260917_11:00:00   7.2075e-01   1.4941e+02   5.4828e+01   2.4319e-01   2.5698e-02   2.8747e+02
20260917_12:00:00   6.5052e-01   1.3922e+02   5.3808e+01   1.6081e-01   4.6765e-03   2.8703e+02
20260917_13:00:00   6.2254e-01   1.3499e+02   5.3103e+01   1.2935e-01   5.9901e-04   2.8719e+02
20260917_14:00:00   5.4736e-01   1.2282e+02   5.2346e+01   3.7340e-02   8.4180e-05   2.8690e+02
20260917_15:00:00   5.2995e-01   1.1992e+02   5.2024e+01   1.6960e-02   2.5463e-04   2.8525e+02
20260917_16:00:00   5.7845e-01   1.2804e+02   5.3540e+01   6.5423e-02   1.3786e-03   2.8349e+02
20260917_17:00:00   6.4735e-01   1.3882e+02   5.5763e+01   1.2803e-01   2.0415e-03   2.8269e+02
20260917_18:00:00   6.2204e-01   1.3471e+02   5.6349e+01   8.6636e-02   1.3206e-02   2.8276e+02
20260917_19:00:00   6.1498e-01   1.3385e+02   5.4632e+01   9.7348e-02   5.3842e-03   2.8320e+02
20260917_20:00:00   6.1089e-01   1.3337e+02   5.4417e+01   9.5047e-02   1.6560e-02   2.8256e+02
20260917_21:00:00   6.1795e-01   1.3456e+02   5.4251e+01   1.0014e-01   6.1621e-05   2.8279e+02
20260917_22:00:00   6.4772e-01   1.3919e+02   5.3751e+01   1.4379e-01   1.2910e-04   2.8247e+02
20260917_23:00:00   6.0704e-01   1.3280e+02   5.3348e+01   9.1384e-02   5.3734e-04   2.8199e+02
20260918_00:00:00   5.6518e-01   1.2599e+02   5.3348e+01   4.5932e-02   1.3850e-04   2.8141e+02
20260918_01:00:00   6.1435e-01   1.3388e+02   5.3514e+01   1.1450e-01   2.6446e-04   2.8139e+02
20260918_02:00:00   6.6282e-01   1.4129e+02   5.3437e+01   1.8120e-01   1.4530e-05   2.8211e+02
20260918_03:00:00   5.6589e-01   1.2560e+02   5.2770e+01   5.7494e-02   2.2342e-06   2.8146e+02
20260918_04:00:00   7.4664e-01   1.5090e+02   5.1589e+01   2.7791e-01   3.3155e-05   2.8073e+02
20260918_05:00:00   5.4809e-01   1.2224e+02   4.9471e+01   7.7421e-02   9.1920e-05   2.8061e+02
20260918_06:00:00   4.8363e-01   1.1164e+02   4.9337e+01   3.2603e-03   5.8943e-04   2.8237e+02
20260918_07:00:00   4.7754e-01   1.1054e+02   4.9493e+01   0.0000e+00   1.5971e-04   2.8182e+02
20260918_08:00:00   4.7897e-01   1.1075e+02   4.9368e+01   0.0000e+00   1.1788e-04   2.8148e+02
20260918_09:00:00   4.7699e-01   1.1041e+02   4.8522e+01   0.0000e+00   6.2789e-04   2.8053e+02
20260918_10:00:00   4.6589e-01   1.0858e+02   4.7263e+01   1.1856e-04   1.1948e-04   2.7923e+02
20260918_11:00:00   4.6404e-01   1.0827e+02   4.6563e+01   1.1141e-03   5.8220e-04   2.8027e+02
20260918_12:00:00   4.6759e-01   1.0877e+02   4.7214e+01   3.9045e-03   1.9022e-04   2.8053e+02
20260918_13:00:00   4.5886e-01   1.0719e+02   4.6398e+01   4.1078e-03   1.4266e-03   2.8144e+02
20260918_14:00:00   4.5462e-01   1.0639e+02   4.6323e+01   2.3453e-03   2.9894e-03   2.8320e+02
20260918_15:00:00   4.6503e-01   1.0844e+02   4.6632e+01   1.0858e-02   3.5240e-03   2.8198e+02
20260918_16:00:00   4.4755e-01   1.0556e+02   4.5051e+01   6.8741e-03   3.1972e-03   2.8071e+02
20260918_17:00:00   4.8567e-01   1.1259e+02   4.6313e+01   3.8483e-02   1.1818e-03   2.8082e+02
20260918_18:00:00   5.2901e-01   1.2020e+02   4.8290e+01   6.7189e-02   2.9911e-04   2.8052e+02
20260918_19:00:00   5.2931e-01   1.2066e+02   4.6955e+01   7.0410e-02   0.0000e+00   2.8077e+02
20260918_20:00:00   5.4718e-01   1.2400e+02   4.7148e+01   9.3484e-02   0.0000e+00   2.8123e+02
20260918_21:00:00   4.8050e-01   1.1259e+02   4.7347e+01   1.9230e-03   0.0000e+00   2.8049e+02
20260918_22:00:00   4.7540e-01   1.1193e+02   4.7262e+01   0.0000e+00   0.0000e+00   2.7938e+02
20260918_23:00:00   4.5938e-01   1.0918e+02   4.6362e+01   0.0000e+00   0.0000e+00   2.7910e+02
20260919_00:00:00   4.4545e-01   1.0659e+02   4.5674e+01   0.0000e+00   0.0000e+00   2.7937e+02
20260919_01:00:00   4.4888e-01   1.0706e+02   4.6578e+01   7.5446e-04   0.0000e+00   2.7918e+02
20260919_02:00:00   4.5362e-01   1.0778e+02   4.7429e+01   0.0000e+00   1.4922e-06   2.7847e+02
20260919_03:00:00   4.6739e-01   1.1007e+02   4.8849e+01   1.2320e-06   1.0903e-04   2.7990e+02
20260919_04:00:00   4.5609e-01   1.0787e+02   4.8298e+01   2.2136e-04   1.3012e-03   2.7924e+02
20260919_05:00:00   5.7349e-01   1.2675e+02   4.8915e+01   1.3011e-01   4.6664e-03   2.7605e+02
20260919_06:00:00   8.0755e-01   1.5898e+02   4.8757e+01   4.0167e-01   4.5128e-02   2.7655e+02
20260919_07:00:00   5.0814e-01   1.1627e+02   5.0126e+01   4.9378e-02   1.8717e-01   2.7685e+02
20260919_08:00:00   7.6709e-01   1.5329e+02   5.1593e+01   3.3057e-01   3.7339e-01   2.7855e+02
20260919_09:00:00   7.4285e-01   1.4989e+02   5.1709e+01   2.9848e-01   1.5338e-01   2.7912e+02
20260919_10:00:00   8.5835e-01   1.6360e+02   5.1717e+01   4.3216e-01   5.0199e-01   2.7938e+02
20260919_11:00:00   8.3734e-01   1.6138e+02   5.1130e+01   4.1822e-01   5.9564e-02   2.7870e+02
20260919_12:00:00   5.8074e-01   1.2695e+02   5.1615e+01   1.1597e-01   4.8388e-02   2.7833e+02
20260919_13:00:00   4.9117e-01   1.1288e+02   5.2041e+01   1.1738e-02   5.7077e-02   2.7920e+02
20260919_14:00:00   7.0083e-01   1.4426e+02   5.1812e+01   2.5575e-01   7.5015e-02   2.7951e+02
20260919_15:00:00   4.7187e-01   1.0972e+02   5.0619e+01   8.6760e-03   3.1921e-02   2.7818e+02
20260919_16:00:00   4.5667e-01   1.0719e+02   4.9528e+01   4.3255e-04   5.5540e-03   2.7761e+02
20260919_17:00:00   4.5949e-01   1.0786e+02   4.9403e+01   0.0000e+00   9.8785e-04   2.7652e+02
20260919_18:00:00   4.6359e-01   1.0869e+02   4.9491e+01   0.0000e+00   3.7865e-05   2.7702e+02
20260919_19:00:00   4.6215e-01   1.0846e+02   4.9591e+01   0.0000e+00   1.3836e-05   2.7936e+02
20260919_20:00:00   4.6778e-01   1.0957e+02   4.9759e+01   7.0340e-04   6.3847e-05   2.7932e+02
20260919_21:00:00   4.9214e-01   1.1404e+02   5.1075e+01   5.1360e-03   1.0846e-04   2.7820e+02
20260919_22:00:00   4.9014e-01   1.1391e+02   5.0808e+01   3.4840e-04   0.0000e+00   2.7865e+02
20260919_23:00:00   5.1358e-01   1.1784e+02   5.1915e+01   1.5388e-02   2.3444e-05   2.8022e+02
20260920_00:00:00   5.1872e-01   1.1874e+02   5.2748e+01   7.6078e-03   1.3442e-06   2.7938e+02
20260920_01:00:00   5.1946e-01   1.1889e+02   5.2972e+01   0.0000e+00   5.2020e-07   2.7617e+02
20260920_02:00:00   5.0995e-01   1.1715e+02   5.1758e+01   0.0000e+00   2.7920e-06   2.7464e+02
20260920_03:00:00   5.1732e-01   1.1813e+02   5.2897e+01   0.0000e+00   1.0690e-03   2.7578e+02
20260920_04:00:00   5.2779e-01   1.1956e+02   5.4237e+01   1.2783e-04   8.1722e-02   2.7262e+02
20260920_05:00:00   6.7993e-01   1.4155e+02   5.4939e+01   1.6984e-01   3.9245e-01   2.7083e+02
20260920_06:00:00   9.3456e-01   1.7282e+02   5.6318e+01   4.3934e-01   1.1193e+00   2.6998e+02
20260920_07:00:00   9.2377e-01   1.7175e+02   5.5119e+01   4.4718e-01   1.2366e+00   2.7154e+02
20260920_08:00:00   1.2670e+00   2.0226e+02   5.2596e+01   8.7383e-01   8.1416e-01   2.7437e+02
20260920_09:00:00   5.3328e-01   1.1923e+02   4.9809e+01   7.0718e-02   4.6017e-01   2.7348e+02
20260920_10:00:00   5.3973e-01   1.2050e+02   5.0396e+01   7.1523e-02   3.2796e-01   2.7289e+02
20260920_11:00:00   5.6172e-01   1.2431e+02   4.9553e+01   1.1131e-01   2.2314e-02   2.7319e+02
20260920_12:00:00   6.1745e-01   1.3337e+02   4.8735e+01   1.9146e-01   1.4432e-03   2.7254e+02
20260920_13:00:00   6.6384e-01   1.4032e+02   4.8616e+01   2.5016e-01   1.8767e-03   2.7523e+02
20260920_14:00:00   6.9136e-01   1.4438e+02   4.7299e+01   3.0147e-01   2.0859e-03   2.7527e+02
20260920_15:00:00   8.1451e-01   1.6100e+02   4.6826e+01   4.6185e-01   8.4117e-04   2.7485e+02
20260920_16:00:00   8.1386e-01   1.6073e+02   4.6437e+01   4.6426e-01   3.2180e-03   2.7388e+02
20260920_17:00:00   7.2324e-01   1.4858e+02   4.6082e+01   3.5529e-01   5.4098e-03   2.7382e+02
20260920_18:00:00   6.9725e-01   1.4466e+02   4.6134e+01   3.1581e-01   2.0085e-02   2.7503e+02
20260920_19:00:00   6.6055e-01   1.3933e+02   4.5385e+01   2.8016e-01   4.7980e-03   2.7621e+02
20260920_20:00:00   7.9554e-01   1.5781e+02   4.6633e+01   4.3517e-01   2.1834e-02   2.7598e+02
20260920_21:00:00   8.4973e-01   1.6453e+02   4.6419e+01   5.0566e-01   2.8985e-02   2.7560e+02
20260920_22:00:00   7.5169e-01   1.5197e+02   4.6021e+01   3.8881e-01   3.7791e-02   2.7468e+02
20260920_23:00:00   7.7328e-01   1.5451e+02   4.7063e+01   3.9834e-01   1.5082e-01   2.7488e+02
20260921_00:00:00   8.2456e-01   1.6103e+02   4.7716e+01   4.5225e-01   5.2595e-02   2.7318e+02
20260921_01:00:00   7.7247e-01   1.5418e+02   4.7037e+01   3.9310e-01   6.6133e-02   2.7182e+02
20260921_02:00:00   1.5571e+00   2.2329e+02   4.8192e+01   1.2925e+00   3.9930e-01   2.7266e+02
20260921_03:00:00   1.4344e+00   2.1562e+02   4.8117e+01   1.1463e+00   4.6261e-01   2.7254e+02
20260921_04:00:00   1.0381e+00   1.8235e+02   4.7552e+01   6.7456e-01   4.2365e-01   2.7112e+02
20260921_05:00:00   1.9172e+00   2.3955e+02   4.8019e+01   1.6753e+00   2.1083e-01   2.6988e+02
20260921_06:00:00   9.8890e-01   1.7895e+02   4.5727e+01   6.5346e-01   6.4255e-02   2.7101e+02
20260921_07:00:00   1.2439e+00   2.0341e+02   4.3811e+01   9.9955e-01   2.6961e-02   2.7232e+02
20260921_08:00:00   1.3555e+00   2.1196e+02   4.2413e+01   1.1479e+00   8.4403e-03   2.7234e+02
20260921_09:00:00   1.6795e+00   2.3233e+02   3.9540e+01   1.5825e+00   1.2272e-02   2.7281e+02
20260921_10:00:00   1.3629e+00   2.1268e+02   3.7839e+01   1.2172e+00   2.3749e-03   2.7585e+02
20260921_11:00:00   1.0506e+00   1.8595e+02   3.6761e+01   8.4074e-01   2.5653e-02   2.7976e+02
20260921_12:00:00   8.3167e-01   1.6161e+02   3.5630e+01   5.7971e-01   1.7623e-02   2.8036e+02
20260921_15:00:00   5.8737e-01   1.2739e+02   3.3079e+01   3.0311e-01   0.0000e+00   2.8069e+02
20260921_18:00:00   5.8773e-01   1.2744e+02   3.2035e+01   3.0830e-01   0.0000e+00   2.8528e+02
20260921_21:00:00   8.5225e-01   1.6374e+02   3.1034e+01   6.4435e-01   0.0000e+00   2.8442e+02
20260922_00:00:00   8.2575e-01   1.5991e+02   3.1923e+01   5.9782e-01   0.0000e+00   2.8895e+02
20260922_03:00:00   6.6967e-01   1.3905e+02   3.0084e+01   4.2570e-01   0.0000e+00   2.9089e+02
20260922_06:00:00   7.8581e-01   1.5513e+02   2.9758e+01   5.7451e-01   0.0000e+00   2.8922e+02
20260922_09:00:00   8.4657e-01   1.6279e+02   2.7695e+01   6.6535e-01   0.0000e+00   2.8570e+02
20260922_12:00:00   7.8274e-01   1.5471e+02   2.5478e+01   6.0862e-01   0.0000e+00   2.8453e+02
20260922_15:00:00   4.1610e-01   9.7888e+01   2.3679e+01   1.8290e-01   0.0000e+00   2.8473e+02
20260922_18:00:00   4.9426e-01   1.1188e+02   2.3966e+01   2.7564e-01   0.0000e+00   2.8400e+02
20260922_21:00:00   5.4752e-01   1.2063e+02   2.2941e+01   3.5145e-01   0.0000e+00   2.8383e+02
20260923_00:00:00   3.5173e-01   8.5369e+01   2.3424e+01   1.2115e-01   0.0000e+00   2.8605e+02
20260923_03:00:00   2.7829e-01   7.0347e+01   2.3238e+01   4.1659e-02   0.0000e+00   2.8327e+02
20260923_06:00:00   2.8591e-01   7.1960e+01   2.5181e+01   3.4202e-02   2.0040e-04   2.8470e+02
20260923_09:00:00   3.4794e-01   8.4680e+01   2.6455e+01   9.7971e-02   0.0000e+00   2.8467e+02
20260923_12:00:00   2.8436e-01   7.1658e+01   2.8572e+01   0.0000e+00   1.2868e-04   2.8760e+02
20260923_15:00:00   2.9432e-01   7.3875e+01   2.9597e+01   0.0000e+00   1.3856e-03   2.8584e+02
20260923_18:00:00   3.1269e-01   7.7949e+01   3.1891e+01   0.0000e+00   1.9294e-03   2.8622e+02
20260923_21:00:00   3.1540e-01   7.8908e+01   3.1899e+01   0.0000e+00   6.8846e-04   2.8373e+02
20260924_00:00:00   2.9063e-01   7.4064e+01   2.8639e+01   0.0000e+00   2.7182e-03   2.8334e+02
20260924_03:00:00   2.6845e-01   6.9409e+01   2.5801e+01   0.0000e+00   8.7440e-03   2.8327e+02
20260924_06:00:00   2.7240e-01   7.0181e+01   2.6447e+01   0.0000e+00   6.4700e-03   2.8597e+02
20260924_09:00:00   2.7130e-01   6.9929e+01   2.6706e+01   0.0000e+00   2.3377e-02   2.8415e+02
20260924_12:00:00   3.1660e-01   7.9341e+01   3.1545e+01   0.0000e+00   2.9569e-02   2.8663e+02
20260924_15:00:00   3.4315e-01   8.4812e+01   3.3463e+01   0.0000e+00   3.6469e-02   2.8317e+02
20260924_18:00:00   3.3220e-01   8.2593e+01   3.2305e+01   1.5602e-06   1.9972e-01   2.8494e+02
20260924_21:00:00   4.1777e-01   9.9451e+01   3.4512e+01   8.5590e-02   8.0177e-02   2.8576e+02
20260925_00:00:00   2.9575e-01   7.4811e+01   2.9090e+01   0.0000e+00   1.7675e-02   2.8539e+02
20260925_03:00:00   2.2163e-01   5.8266e+01   2.1858e+01   0.0000e+00   4.5570e-02   2.8790e+02
20260925_06:00:00   1.9602e-01   5.2178e+01   1.8960e+01   0.0000e+00   1.3472e-01   2.8922e+02
20260925_09:00:00   1.9051e-01   5.0695e+01   1.8083e+01   0.0000e+00   7.4702e-02   2.8768e+02
20260925_12:00:00   1.8706e-01   4.9671e+01   1.7666e+01   0.0000e+00   1.3716e-01   2.9159e+02
20260925_15:00:00   1.8866e-01   4.9976e+01   1.7786e+01   0.0000e+00   7.4098e-03   2.9897e+02
20260925_18:00:00   1.9760e-01   5.2015e+01   1.8739e+01   0.0000e+00   6.9100e-03   2.9855e+02
20260925_21:00:00   1.9731e-01   5.1922e+01   1.9112e+01   0.0000e+00   5.5340e-06   3.0049e+02
20260926_00:00:00   2.0168e-01   5.2766e+01   1.9682e+01   0.0000e+00   0.0000e+00   3.0560e+02
20260926_03:00:00   2.0241e-01   5.2814e+01   1.9866e+01   0.0000e+00   0.0000e+00   3.0903e+02
20260926_06:00:00   2.1842e-01   5.6192e+01   2.0064e+01   1.4619e-02   4.6260e-04   3.1117e+02
20260926_09:00:00   2.3194e-01   5.8963e+01   2.0347e+01   2.5614e-02   1.1169e-02   3.1150e+02
20260926_12:00:00   3.4411e-01   8.1826e+01   2.2173e+01   1.3276e-01   1.8786e-04   3.1305e+02
20260926_15:00:00   3.0145e-01   7.3385e+01   2.1133e+01   9.4793e-02   3.9242e-02   3.1552e+02
20260926_18:00:00   2.5766e-01   6.4559e+01   2.1463e+01   3.9235e-02   1.6822e-03   3.2077e+02
20260926_21:00:00   4.6737e-01   1.0418e+02   2.2384e+01   2.6625e-01   3.7872e-03   3.1981e+02
20260927_00:00:00   5.8028e-01   1.2219e+02   2.2317e+01   3.9546e-01   3.7775e-02   3.2024e+02
20260927_03:00:00   3.0336e-01   7.3926e+01   2.2553e+01   7.7548e-02   5.0467e-03   3.1733e+02
20260927_06:00:00   6.9812e-01   1.3897e+02   2.2771e+01   5.1971e-01   1.5608e-02   3.2391e+02
20260927_09:00:00   2.3619e-01   5.9890e+01   2.1158e+01   1.1633e-02   1.4574e-03   3.2643e+02
20260927_12:00:00   4.9429e-01   1.0833e+02   2.1601e+01   2.9688e-01   1.7602e-02   3.2638e+02
20260927_15:00:00   5.2410e-01   1.1295e+02   1.9955e+01   3.3701e-01   3.4266e-02   3.2503e+02
20260927_18:00:00   2.5951e-01   6.4719e+01   1.8432e+01   5.3380e-02   7.9995e-03   3.2194e+02
20260927_21:00:00   2.3152e-01   5.8951e+01   1.8809e+01   2.2257e-02   2.3739e-02   3.2209e+02
20260928_00:00:00   2.0092e-01   5.2438e+01   1.7521e+01   4.0960e-04   1.9030e-04   3.2457e+02
20260928_03:00:00   1.8391e-01   4.8601e+01   1.5374e+01   0.0000e+00   7.3040e-06   3.2150e+02
20260928_06:00:00   1.7277e-01   4.6029e+01   1.3930e+01   0.0000e+00   0.0000e+00   3.2457e+02
20260928_09:00:00   1.6226e-01   4.3592e+01   1.2504e+01   0.0000e+00   0.0000e+00   3.2165e+02
20260928_12:00:00   1.5606e-01   4.2098e+01   1.1775e+01   0.0000e+00   0.0000e+00   3.1278e+02
20260928_15:00:00   1.5196e-01   4.1191e+01   1.1485e+01   0.0000e+00   0.0000e+00   3.1110e+02
20260928_18:00:00   1.5627e-01   4.2360e+01   1.2074e+01   0.0000e+00   0.0000e+00   3.1037e+02
20260928_21:00:00   1.6288e-01   4.4033e+01   1.3138e+01   0.0000e+00   0.0000e+00   3.1006e+02
20260929_00:00:00   1.6192e-01   4.3883e+01   1.3129e+01   0.0000e+00   0.0000e+00   3.1266e+02
20260929_03:00:00   1.6158e-01   4.3770e+01   1.3389e+01   0.0000e+00   0.0000e+00   3.0991e+02
20260929_06:00:00   1.5997e-01   4.3358e+01   1.3300e+01   0.0000e+00   0.0000e+00   3.0755e+02
20260929_09:00:00   1.5783e-01   4.2842e+01   1.2939e+01   0.0000e+00   0.0000e+00   3.0810e+02
20260929_12:00:00   1.5461e-01   4.2103e+01   1.2547e+01   0.0000e+00   0.0000e+00   3.0378e+02
20260929_15:00:00   1.5498e-01   4.2297e+01   1.2475e+01   0.0000e+00   0.0000e+00   3.0271e+02
20260929_18:00:00   1.6011e-01   4.3665e+01   1.3065e+01   0.0000e+00   0.0000e+00   2.9976e+02
20260929_21:00:00   1.5496e-01   4.2611e+01   1.2533e+01   0.0000e+00   0.0000e+00   2.9656e+02
20260930_00:00:00   1.4120e-01   3.9343e+01   1.0988e+01   0.0000e+00   0.0000e+00   2.9708e+02
20260930_03:00:00   1.3015e-01   3.6599e+01   9.7142e+00   0.0000e+00   0.0000e+00   2.9966e+02
20260930_06:00:00   1.1842e-01   3.3624e+01   8.2763e+00   0.0000e+00   0.0000e+00   3.0005e+02
20260930_09:00:00   1.1274e-01   3.2167e+01   7.4720e+00   0.0000e+00   0.0000e+00   3.0262e+02
20260930_12:00:00   1.1286e-01   3.2174e+01   7.4347e+00   0.0000e+00   0.0000e+00   3.0229e+02
20260930_15:00:00   1.1468e-01   3.2677e+01   7.5992e+00   0.0000e+00   0.0000e+00   3.0382e+02
20260930_18:00:00   1.1894e-01   3.3861e+01   8.1294e+00   0.0000e+00   0.0000e+00   3.0619e+02
20260930_21:00:00   1.2053e-01   3.4371e+01   8.4036e+00   0.0000e+00   0.0000e+00   3.0848e+02
20261001_00:00:00   1.2036e-01   3.4372e+01   8.3434e+00   0.0000e+00   0.0000e+00   3.1199e+02
20261001_03:00:00   1.1910e-01   3.4013e+01   8.3369e+00   0.0000e+00   0.0000e+00   3.0633e+02
20261001_06:00:00   1.2149e-01   3.4552e+01   8.7571e+00   0.0000e+00   0.0000e+00   3.0361e+02
20261001_09:00:00   1.1858e-01   3.3761e+01   8.5119e+00   0.0000e+00   0.0000e+00   3.0016e+02
20261001_12:00:00   1.1569e-01   3.2987e+01   8.1504e+00   0.0000e+00   0.0000e+00   2.9800e+02
20261001_15:00:00   1.1980e-01   3.4053e+01   8.6014e+00   0.0000e+00   0.0000e+00   2.9788e+02
20261001_18:00:00   1.2709e-01   3.6016e+01   9.4617e+00   0.0000e+00   0.0000e+00   2.9627e+02
20261001_21:00:00   1.3261e-01   3.7523e+01   1.0163e+01   0.0000e+00   0.0000e+00   2.9518e+02
20261002_00:00:00   1.3041e-01   3.7021e+01   9.9575e+00   0.0000e+00   0.0000e+00   2.9070e+02
20261002_03:00:00   1.3526e-01   3.8248e+01   1.0640e+01   0.0000e+00   0.0000e+00   2.8813e+02
20261002_06:00:00   1.5499e-01   4.3028e+01   1.2741e+01   0.0000e+00   3.9239e-03   2.8708e+02
20261002_09:00:00   1.4849e-01   4.1353e+01   1.2030e+01   0.0000e+00   3.7720e-03   2.8903e+02
20261002_12:00:00   1.4660e-01   4.0747e+01   1.2095e+01   0.0000e+00   2.2574e-03   2.8788e+02
