#            date       tau255        Tb[K]      pwv[mm] lwp[kg*m^-2] iwp[kg*m^-2]       o3[DU]
20260728_00:00:00   2.5639e-01   6.8481e+01   2.7660e+01   0.0000e+00   0.0000e+00   3.0461e+02
20260728_01:00:00   1.9689e-01   5.4126e+01   2.1948e+01   0.0000e+00   0.0000e+00   3.0371e+02
20260728_02:00:00   1.9654e-01   5.4158e+01   2.1172e+01   0.0000e+00   0.0000e+00   3.0419e+02
20260728_03:00:00   2.0768e-01   5.7042e+01   2.1085e+01   0.0000e+00   0.0000e+00   3.0565e+02
20260728_04:00:00   2.3567e-01   6.3485e+01   2.4413e+01   0.0000e+00   0.0000e+00   3.0813e+02
20260728_05:00:00   2.4634e-01   6.5815e+01   2.5991e+01   0.0000e+00   5.6761e-04   3.0792e+02
20260728_06:00:00   2.5708e-01   6.8128e+01   2.7237e+01   0.0000e+00   8.3118e-03   3.0714e+02
20260728_07:00:00   2.7359e-01   7.1602e+01   2.9481e+01   0.0000e+00   2.7739e-03   3.0579e+02
20260728_08:00:00   2.8715e-01   7.4222e+01   3.1582e+01   0.0000e+00   2.1796e-03   3.0754e+02
20260728_09:00:00   2.9612e-01   7.6009e+01   3.2202e+01   0.0000e+00   7.4784e-03   3.0895e+02
20260728_10:00:00   3.2002e-01   8.0972e+01   3.4746e+01   0.0000e+00   6.1927e-03   3.0888e+02
20260728_11:00:00   3.4257e-01   8.5419e+01   3.7556e+01   0.0000e+00   2.4921e-03   3.0535e+02
20260728_12:00:00   3.4978e-01   8.6725e+01   3.8511e+01   0.0000e+00   2.2140e-06   3.0671e+02
20260728_13:00:00   3.5412e-01   8.7437e+01   3.8964e+01   0.0000e+00   1.2320e-06   3.0868e+02
20260728_14:00:00   3.5755e-01   8.8156e+01   3.9194e+01   0.0000e+00   0.0000e+00   3.0997e+02
20260728_15:00:00   3.5323e-01   8.7351e+01   3.8793e+01   0.0000e+00   1.7473e-03   3.1120e+02
20260728_16:00:00   3.4634e-01   8.5867e+01   3.8641e+01   9.8480e-05   5.3062e-03   3.0997e+02
20260728_17:00:00   3.3851e-01   8.4187e+01   3.8081e+01   0.0000e+00   4.9585e-02   3.0881e+02
20260728_18:00:00   3.3250e-01   8.2994e+01   3.7303e+01   4.2820e-05   8.6539e-03   3.0821e+02
20260728_19:00:00   3.2598e-01   8.1616e+01   3.6636e+01   1.0992e-05   4.1025e-02   3.0863e+02
20260728_20:00:00   3.2881e-01   8.2145e+01   3.6703e+01   3.3168e-03   8.4468e-02   3.0890e+02
20260728_21:00:00   3.7244e-01   9.0553e+01   3.8825e+01   3.2308e-02   9.7219e-02   3.0717e+02
20260728_22:00:00   7.6808e-01   1.5144e+02   4.0035e+01   4.6720e-01   7.2134e-03   3.0738e+02
20260728_23:00:00   5.4067e-01   1.1960e+02   4.1117e+01   2.0220e-01   8.0924e-02   3.0764e+02
20260729_00:00:00   3.2360e-01   8.1209e+01   3.6280e+01   1.2730e-03   1.1878e-03   3.0848e+02
20260729_01:00:00   3.3307e-01   8.3379e+01   3.6170e+01   1.2756e-03   2.8780e-05   3.0923e+02
20260729_02:00:00   3.1627e-01   7.9978e+01   3.4314e+01   0.0000e+00   2.0800e-07   3.0927e+02
20260729_03:00:00   3.1002e-01   7.8602e+01   3.3445e+01   0.0000e+00   0.0000e+00   3.0928e+02
20260729_04:00:00   2.9894e-01   7.6340e+01   3.1648e+01   0.0000e+00   0.0000e+00   3.0817e+02
20260729_05:00:00   2.9205e-01   7.4898e+01   3.0486e+01   0.0000e+00   0.0000e+00   3.0315e+02
20260729_06:00:00   2.8963e-01   7.4390e+01   2.9962e+01   0.0000e+00   0.0000e+00   3.0519e+02
20260729_07:00:00   2.9121e-01   7.4768e+01   2.9889e+01   0.0000e+00   0.0000e+00   3.0587e+02
20260729_08:00:00   2.9957e-01   7.6550e+01   3.0453e+01   0.0000e+00   0.0000e+00   3.0608e+02
20260729_09:00:00   2.9366e-01   7.5348e+01   2.9490e+01   0.0000e+00   0.0000e+00   3.0599e+02
20260729_10:00:00   2.9035e-01   7.4604e+01   2.9207e+01   0.0000e+00   0.0000e+00   3.0549e+02
20260729_11:00:00   2.9191e-01   7.4871e+01   2.9332e+01   0.0000e+00   0.0000e+00   3.0865e+02
20260729_12:00:00   2.8554e-01   7.3513e+01   2.8619e+01   0.0000e+00   0.0000e+00   3.1144e+02
20260729_13:00:00   2.8439e-01   7.3254e+01   2.8355e+01   0.0000e+00   0.0000e+00   3.1151e+02
20260729_14:00:00   2.8080e-01   7.2516e+01   2.7716e+01   0.0000e+00   0.0000e+00   3.1292e+02
20260729_15:00:00   2.8410e-01   7.3211e+01   2.8308e+01   0.0000e+00   0.0000e+00   3.1230e+02
20260729_16:00:00   2.9199e-01   7.4940e+01   2.9092e+01   0.0000e+00   0.0000e+00   3.1152e+02
20260729_17:00:00   2.9486e-01   7.5629e+01   2.9428e+01   0.0000e+00   0.0000e+00   3.1246e+02
20260729_18:00:00   3.0540e-01   7.7900e+01   3.0824e+01   0.0000e+00   0.0000e+00   3.1176e+02
20260729_19:00:00   3.0279e-01   7.7497e+01   3.0505e+01   0.0000e+00   0.0000e+00   3.1307e+02
20260729_20:00:00   3.0535e-01   7.8072e+01   3.1229e+01   0.0000e+00   0.0000e+00   3.1342e+02
20260729_21:00:00   3.0675e-01   7.8411e+01   3.1559e+01   0.0000e+00   0.0000e+00   3.1250e+02
20260729_22:00:00   3.0566e-01   7.8248e+01   3.1364e+01   0.0000e+00   0.0000e+00   3.1273e+02
20260729_23:00:00   3.0563e-01   7.8278e+01   3.1439e+01   0.0000e+00   0.0000e+00   3.1273e+02
20260730_00:00:00   3.0321e-01   7.7811e+01   3.1064e+01   0.0000e+00   0.0000e+00   3.1305e+02
20260730_01:00:00   2.9823e-01   7.6739e+01   3.0478e+01   0.0000e+00   0.0000e+00   3.1285e+02
20260730_02:00:00   2.9143e-01   7.5243e+01   2.9844e+01   0.0000e+00   0.0000e+00   3.1194e+02
20260730_03:00:00   2.8373e-01   7.3549e+01   2.9111e+01   0.0000e+00   0.0000e+00   3.1225e+02
20260730_04:00:00   2.8210e-01   7.3119e+01   2.9012e+01   0.0000e+00   0.0000e+00   3.1107e+02
20260730_05:00:00   2.8180e-01   7.3014e+01   2.8969e+01   0.0000e+00   8.7620e-07   3.1218e+02
20260730_06:00:00   2.7893e-01   7.2349e+01   2.8729e+01   0.0000e+00   8.3239e-04   3.1136e+02
20260730_07:00:00   2.7612e-01   7.1677e+01   2.8465e+01   0.0000e+00   1.0227e-02   3.1183e+02
20260730_08:00:00   2.7798e-01   7.2013e+01   2.8630e+01   0.0000e+00   1.3608e-03   3.1254e+02
20260730_09:00:00   2.8724e-01   7.3958e+01   2.9534e+01   0.0000e+00   2.6779e-05   3.1238e+02
20260730_10:00:00   2.9820e-01   7.6205e+01   3.0776e+01   0.0000e+00   3.0448e-03   3.1152e+02
20260730_11:00:00   2.9936e-01   7.6411e+01   3.1092e+01   0.0000e+00   1.2507e-03   3.1061e+02
20260730_12:00:00   3.0484e-01   7.7521e+01   3.1568e+01   0.0000e+00   0.0000e+00   3.1276e+02
20260730_13:00:00   3.0818e-01   7.8173e+01   3.1866e+01   0.0000e+00   3.3740e-05   3.1411e+02
20260730_14:00:00   3.1454e-01   7.9447e+01   3.2608e+01   0.0000e+00   7.9200e-05   3.1426e+02
20260730_15:00:00   3.1051e-01   7.8726e+01   3.2284e+01   0.0000e+00   4.4603e-04   3.1374e+02
20260730_16:00:00   3.1222e-01   7.9136e+01   3.2425e+01   0.0000e+00   5.8436e-04   3.1408e+02
20260730_17:00:00   3.1677e-01   8.0072e+01   3.3191e+01   0.0000e+00   2.0077e-02   3.1383e+02
20260730_18:00:00   3.2680e-01   8.2103e+01   3.4675e+01   0.0000e+00   2.4605e-01   3.1334e+02
20260730_19:00:00   3.2508e-01   8.1649e+01   3.5272e+01   0.0000e+00   2.1706e-01   3.1359e+02
20260730_20:00:00   3.2419e-01   8.1343e+01   3.5673e+01   0.0000e+00   5.1273e-01   3.1358e+02
20260730_21:00:00   3.1924e-01   8.0304e+01   3.5707e+01   0.0000e+00   3.0423e-01   3.1439e+02
20260730_22:00:00   3.2170e-01   8.0824e+01   3.6050e+01   0.0000e+00   5.4521e-01   3.1615e+02
20260730_23:00:00   3.2042e-01   8.0571e+01   3.6065e+01   0.0000e+00   2.2669e-01   3.1616e+02
20260731_00:00:00   3.2725e-01   8.1916e+01   3.6798e+01   1.1964e-04   3.2841e-01   3.1509e+02
20260731_01:00:00   3.8796e-01   9.3322e+01   3.9173e+01   5.0262e-02   3.6067e-01   3.1289e+02
20260731_02:00:00   6.7779e-01   1.3892e+02   4.1106e+01   3.6079e-01   5.0014e-01   3.1310e+02
20260731_03:00:00   7.8878e-01   1.5371e+02   3.9944e+01   4.9801e-01   1.9386e-02   3.1578e+02
20260731_04:00:00   7.1223e-01   1.4427e+02   3.8585e+01   4.2232e-01   4.0185e-02   3.1357e+02
20260731_05:00:00   9.3344e-01   1.7052e+02   3.8305e+01   6.7904e-01   4.7665e-02   3.1544e+02
20260731_06:00:00   6.2813e-01   1.3210e+02   3.6463e+01   3.4919e-01   3.2416e-03   3.1662e+02
20260731_07:00:00   3.8399e-01   9.2471e+01   3.6805e+01   6.6962e-02   2.8119e-02   3.1522e+02
20260731_08:00:00   7.0597e-01   1.4351e+02   4.0446e+01   4.0095e-01   1.1045e-01   3.1305e+02
20260731_09:00:00   1.0865e+00   1.8695e+02   4.4600e+01   8.0038e-01   1.9468e-01   3.1114e+02
20260731_10:00:00   1.1786e+00   1.9595e+02   4.7128e+01   8.8490e-01   5.3707e-02   3.0807e+02
20260731_11:00:00   1.2893e+00   2.0386e+02   5.0065e+01   9.5335e-01   8.6492e-01   3.0610e+02
20260731_12:00:00   1.3859e+00   2.0960e+02   5.2365e+01   1.0149e+00   1.0607e+00   3.1027e+02
20260731_13:00:00   1.5560e+00   2.2118e+02   5.2989e+01   1.2083e+00   1.6714e+00   3.1117e+02
20260731_14:00:00   1.8388e+00   2.3886e+02   5.0406e+01   1.6129e+00   1.1857e-01   3.1439e+02
20260731_15:00:00   1.2285e+00   2.0231e+02   4.4879e+01   9.5648e-01   1.3668e-03   3.1894e+02
20260731_16:00:00   1.3897e+00   2.1489e+02   4.4414e+01   1.1582e+00   3.8589e-05   3.2261e+02
20260731_17:00:00   1.5266e+00   2.2358e+02   4.6533e+01   1.2884e+00   2.9362e-04   3.2233e+02
20260731_18:00:00   1.3689e+00   2.1399e+02   4.5234e+01   1.1296e+00   8.3240e-07   3.2560e+02
20260731_19:00:00   1.2754e+00   2.0698e+02   4.7596e+01   1.0009e+00   1.8256e-03   3.2349e+02
20260731_20:00:00   1.6881e+00   2.3334e+02   5.1700e+01   1.4569e+00   1.3629e-01   3.1986e+02
20260731_21:00:00   1.8437e+00   2.4051e+02   5.2367e+01   1.6238e+00   5.1404e-01   3.1516e+02
20260731_22:00:00   1.8868e+00   2.4156e+02   5.2325e+01   1.6493e+00   5.9817e-01   3.1578e+02
20260731_23:00:00   2.0133e+00   2.4677e+02   5.1967e+01   1.8060e+00   3.2918e-01   3.1450e+02
20260801_00:00:00   2.6108e+00   2.6353e+02   5.1359e+01   2.5114e+00   1.7636e-01   3.1319e+02
20260801_01:00:00   2.4909e+00   2.6002e+02   5.0180e+01   2.3686e+00   2.0378e-01   3.1283e+02
20260801_02:00:00   2.2191e+00   2.5174e+02   4.8954e+01   2.0513e+00   2.0077e-01   3.1383e+02
20260801_03:00:00   2.0586e+00   2.4565e+02   4.8268e+01   1.8589e+00   8.2467e-02   3.1499e+02
20260801_04:00:00   1.6572e+00   2.2820e+02   4.7647e+01   1.4036e+00   5.6320e-03   3.1746e+02
20260801_05:00:00   1.7031e+00   2.3077e+02   4.7372e+01   1.4674e+00   2.2048e-02   3.1849e+02
20260801_06:00:00   1.7053e+00   2.3071e+02   4.6657e+01   1.4776e+00   1.4462e-01   3.1788e+02
20260801_07:00:00   1.3709e+00   2.1045e+02   4.5984e+01   1.0909e+00   2.8977e-02   3.1937e+02
20260801_08:00:00   1.1334e+00   1.9094e+02   4.5888e+01   8.0398e-01   3.8702e-02   3.1847e+02
20260801_09:00:00   1.0894e+00   1.8775e+02   4.5490e+01   7.6604e-01   1.1173e-02   3.1948e+02
20260801_10:00:00   1.4848e+00   2.1855e+02   4.5882e+01   1.2225e+00   1.0134e-02   3.1952e+02
20260801_11:00:00   8.9296e-01   1.6686e+02   4.4602e+01   5.3861e-01   5.0458e-02   3.1937e+02
20260801_12:00:00   4.7364e-01   1.0775e+02   4.3220e+01   6.7765e-02   1.5548e-01   3.2021e+02
20260801_13:00:00   6.2679e-01   1.3200e+02   4.3594e+01   2.3286e-01   3.4430e-02   3.1915e+02
20260801_14:00:00   6.5873e-01   1.3670e+02   4.3951e+01   2.6290e-01   1.9850e-02   3.2047e+02
20260801_15:00:00   4.4116e-01   1.0231e+02   4.3414e+01   2.0873e-02   5.5068e-03   3.2077e+02
20260801_16:00:00   4.6283e-01   1.0658e+02   4.2168e+01   5.7102e-02   3.2195e-03   3.2074e+02
20260801_17:00:00   4.0793e-01   9.6864e+01   3.9028e+01   1.4180e-02   3.6234e-03   3.2181e+02
20260801_18:00:00   3.9229e-01   9.4187e+01   3.7460e+01   9.4170e-03   4.8313e-03   3.2210e+02
20260801_19:00:00   4.5805e-01   1.0664e+02   3.7113e+01   9.1812e-02   2.3148e-02   3.2524e+02
20260801_20:00:00   3.9169e-01   9.4350e+01   3.6779e+01   9.7620e-03   5.9680e-03   3.2621e+02
20260801_21:00:00   3.8383e-01   9.2943e+01   3.6538e+01   4.5884e-05   3.4844e-03   3.2893e+02
20260801_22:00:00   3.8802e-01   9.3815e+01   3.6993e+01   2.9491e-05   1.9930e-03   3.3001e+02
20260801_23:00:00   3.7772e-01   9.1918e+01   3.6037e+01   0.0000e+00   6.5540e-05   3.2695e+02
20260802_00:00:00   3.7229e-01   9.0852e+01   3.6037e+01   0.0000e+00   0.0000e+00   3.2591e+02
20260802_03:00:00   3.3293e-01   8.3104e+01   3.2446e+01   0.0000e+00   0.0000e+00   3.3506e+02
20260802_06:00:00   3.1245e-01   7.8774e+01   3.0440e+01   0.0000e+00   0.0000e+00   3.3685e+02
20260802_09:00:00   2.8893e-01   7.3836e+01   2.7976e+01   0.0000e+00   0.0000e+00   3.3292e+02
20260802_12:00:00   2.8010e-01   7.1926e+01   2.6385e+01   0.0000e+00   0.0000e+00   3.3367e+02
20260802_15:00:00   2.7314e-01   7.0553e+01   2.5532e+01   0.0000e+00   0.0000e+00   3.3404e+02
20260802_18:00:00   2.8233e-01   7.2820e+01   2.6153e+01   0.0000e+00   0.0000e+00   3.2240e+02
20260802_21:00:00   3.0550e-01   7.7888e+01   2.7944e+01   6.9280e-03   0.0000e+00   3.1307e+02
20260803_00:00:00   3.3094e-01   8.3221e+01   3.1300e+01   0.0000e+00   0.0000e+00   3.1069e+02
20260803_03:00:00   3.1756e-01   8.0425e+01   3.0604e+01   0.0000e+00   0.0000e+00   3.1319e+02
20260803_06:00:00   3.0149e-01   7.6888e+01   2.9468e+01   0.0000e+00   0.0000e+00   3.1470e+02
20260803_09:00:00   3.2430e-01   8.1679e+01   3.1484e+01   0.0000e+00   0.0000e+00   3.1559e+02
20260803_12:00:00   3.2337e-01   8.1568e+01   3.0926e+01   0.0000e+00   0.0000e+00   3.1389e+02
20260803_15:00:00   3.6910e-01   9.0925e+01   3.4944e+01   0.0000e+00   0.0000e+00   3.0999e+02
20260803_18:00:00   4.0879e-01   9.9013e+01   3.8922e+01   0.0000e+00   0.0000e+00   3.0965e+02
20260803_21:00:00   4.2265e-01   1.0179e+02   4.0659e+01   2.7180e-03   0.0000e+00   3.1018e+02
20260804_00:00:00   4.1845e-01   1.0100e+02   4.1291e+01   0.0000e+00   0.0000e+00   3.1360e+02
20260804_03:00:00   4.3593e-01   1.0413e+02   4.2470e+01   0.0000e+00   0.0000e+00   3.1080e+02
20260804_06:00:00   3.9778e-01   9.7029e+01   3.7980e+01   0.0000e+00   0.0000e+00   3.0798e+02
20260804_09:00:00   3.8261e-01   9.3951e+01   3.6470e+01   0.0000e+00   0.0000e+00   3.1085e+02
20260804_12:00:00   4.3013e-01   1.0261e+02   4.0661e+01   0.0000e+00   0.0000e+00   3.1153e+02
20260804_15:00:00   4.5426e-01   1.0703e+02   4.3007e+01   5.3625e-03   0.0000e+00   3.1307e+02
20260804_18:00:00   4.3822e-01   1.0426e+02   4.3168e+01   9.8310e-06   0.0000e+00   3.1444e+02
20260804_21:00:00   4.7275e-01   1.1097e+02   4.3257e+01   3.8480e-02   0.0000e+00   3.1319e+02
20260805_00:00:00   4.3848e-01   1.0480e+02   4.3119e+01   0.0000e+00   7.3920e-06   3.1070e+02
20260805_03:00:00   4.2304e-01   1.0189e+02   4.2219e+01   0.0000e+00   0.0000e+00   3.0871e+02
20260805_06:00:00   4.0457e-01   9.8409e+01   3.9588e+01   0.0000e+00   0.0000e+00   3.1000e+02
20260805_09:00:00   4.0908e-01   9.9135e+01   3.9064e+01   0.0000e+00   0.0000e+00   3.1221e+02
20260805_12:00:00   3.8621e-01   9.4675e+01   3.7301e+01   0.0000e+00   0.0000e+00   3.1600e+02
20260805_15:00:00   3.8352e-01   9.4266e+01   3.6772e+01   0.0000e+00   0.0000e+00   3.1717e+02
20260805_18:00:00   3.9439e-01   9.6656e+01   3.7724e+01   1.4592e-03   0.0000e+00   3.1607e+02
20260805_21:00:00   4.2971e-01   1.0362e+02   3.9342e+01   2.7160e-02   0.0000e+00   3.0926e+02
20260806_00:00:00   3.8425e-01   9.5047e+01   3.7005e+01   0.0000e+00   0.0000e+00   3.0625e+02
20260806_03:00:00   3.6809e-01   9.1827e+01   3.5055e+01   0.0000e+00   0.0000e+00   3.0242e+02
20260806_06:00:00   3.6483e-01   9.0981e+01   3.4987e+01   0.0000e+00   0.0000e+00   3.0086e+02
20260806_09:00:00   3.5858e-01   8.9522e+01   3.4963e+01   0.0000e+00   0.0000e+00   3.0119e+02
20260806_12:00:00   3.6385e-01   9.0464e+01   3.5257e+01   0.0000e+00   0.0000e+00   2.9996e+02
20260806_15:00:00   3.6415e-01   9.0678e+01   3.5026e+01   7.0840e-06   0.0000e+00   2.9937e+02
20260806_18:00:00   3.7231e-01   9.2606e+01   3.6025e+01   5.3620e-04   0.0000e+00   2.9755e+02
20260806_21:00:00   3.8382e-01   9.5187e+01   3.7262e+01   0.0000e+00   0.0000e+00   2.9640e+02
20260807_00:00:00   3.6566e-01   9.1743e+01   3.5498e+01   0.0000e+00   0.0000e+00   2.9719e+02
20260807_03:00:00   3.4295e-01   8.7127e+01   3.3251e+01   0.0000e+00   0.0000e+00   2.9549e+02
20260807_06:00:00   3.3382e-01   8.5152e+01   3.1922e+01   0.0000e+00   0.0000e+00   2.9618e+02
20260807_09:00:00   3.2846e-01   8.3822e+01   3.1393e+01   0.0000e+00   0.0000e+00   2.9428e+02
20260807_12:00:00   3.2429e-01   8.2886e+01   3.0788e+01   0.0000e+00   0.0000e+00   2.9705e+02
20260807_15:00:00   3.3972e-01   8.6232e+01   3.1989e+01   0.0000e+00   0.0000e+00   2.9766e+02
20260807_18:00:00   3.4675e-01   8.8042e+01   3.2661e+01   0.0000e+00   0.0000e+00   2.9775e+02
20260807_21:00:00   3.3585e-01   8.6076e+01   3.1800e+01   0.0000e+00   0.0000e+00   2.9529e+02
20260808_00:00:00   3.2717e-01   8.4309e+01   3.0749e+01   0.0000e+00   0.0000e+00   2.9745e+02
20260808_03:00:00   3.0867e-01   8.0317e+01   2.9064e+01   0.0000e+00   0.0000e+00   2.9809e+02
20260808_06:00:00   3.2141e-01   8.2743e+01   3.0075e+01   0.0000e+00   0.0000e+00   3.0049e+02
20260808_09:00:00   3.1216e-01   8.0627e+01   2.9227e+01   0.0000e+00   0.0000e+00   2.9907e+02
20260808_12:00:00   3.3780e-01   8.5909e+01   3.2134e+01   0.0000e+00   0.0000e+00   3.0034e+02
20260808_15:00:00   3.7001e-01   9.2640e+01   3.5700e+01   0.0000e+00   0.0000e+00   2.9818e+02
20260808_18:00:00   3.9738e-01   9.8379e+01   3.8186e+01   0.0000e+00   0.0000e+00   2.9874e+02
20260808_21:00:00   3.9145e-01   9.7516e+01   3.8206e+01   0.0000e+00   0.0000e+00   2.9826e+02
20260809_00:00:00   3.9032e-01   9.7338e+01   3.8605e+01   0.0000e+00   0.0000e+00   3.0007e+02
20260809_03:00:00   3.7618e-01   9.4448e+01   3.7526e+01   0.0000e+00   0.0000e+00   3.0015e+02
20260809_06:00:00   3.8718e-01   9.6360e+01   3.8727e+01   0.0000e+00   0.0000e+00   3.0080e+02
20260809_09:00:00   4.0404e-01   9.9373e+01   4.0166e+01   0.0000e+00   0.0000e+00   3.0051e+02
20260809_12:00:00   3.9892e-01   9.8264e+01   4.0819e+01   0.0000e+00   0.0000e+00   2.9859e+02
20260809_15:00:00   3.8593e-01   9.5780e+01   3.8979e+01   0.0000e+00   0.0000e+00   2.9951e+02
20260809_18:00:00   3.9020e-01   9.6992e+01   3.9492e+01   0.0000e+00   0.0000e+00   3.0075e+02
20260809_21:00:00   3.8990e-01   9.7230e+01   3.9818e+01   0.0000e+00   0.0000e+00   3.0356e+02
20260810_00:00:00   3.6599e-01   9.2490e+01   3.7858e+01   0.0000e+00   0.0000e+00   3.0051e+02
20260810_03:00:00   3.5578e-01   9.0293e+01   3.6560e+01   0.0000e+00   0.0000e+00   3.0184e+02
20260810_06:00:00   3.4664e-01   8.8304e+01   3.5181e+01   0.0000e+00   0.0000e+00   3.0084e+02
20260810_09:00:00   3.3951e-01   8.6715e+01   3.4315e+01   0.0000e+00   0.0000e+00   2.9954e+02
20260810_12:00:00   3.6141e-01   9.1044e+01   3.6752e+01   0.0000e+00   8.8440e-06   2.9944e+02
20260810_15:00:00   3.5060e-01   8.8775e+01   3.6206e+01   0.0000e+00   6.5703e-04   2.9750e+02
20260810_18:00:00   3.5424e-01   8.9903e+01   3.6766e+01   0.0000e+00   5.6880e-03   2.9674e+02
20260810_21:00:00   3.6545e-01   9.2573e+01   3.7630e+01   0.0000e+00   4.4160e-04   2.9892e+02
20260811_00:00:00   3.5270e-01   8.9951e+01   3.6555e+01   0.0000e+00   0.0000e+00   2.9636e+02
20260811_03:00:00   2.8030e-01   7.4295e+01   2.9619e+01   0.0000e+00   0.0000e+00   2.9719e+02
20260811_06:00:00   2.8454e-01   7.5025e+01   2.9364e+01   0.0000e+00   0.0000e+00   2.9790e+02
20260811_09:00:00   3.2888e-01   8.4352e+01   3.4024e+01   0.0000e+00   3.8747e-05   2.9743e+02
20260811_12:00:00   3.2984e-01   8.4429e+01   3.4914e+01   0.0000e+00   0.0000e+00   3.0004e+02
20260811_15:00:00   3.6333e-01   9.1419e+01   3.7369e+01   0.0000e+00   0.0000e+00   2.9719e+02
20260811_18:00:00   3.5602e-01   9.0193e+01   3.7374e+01   0.0000e+00   5.8120e-05   2.9976e+02
20260811_21:00:00   3.6144e-01   9.1562e+01   3.8062e+01   0.0000e+00   0.0000e+00   2.9894e+02
20260812_00:00:00   3.4267e-01   8.7532e+01   3.6915e+01   0.0000e+00   0.0000e+00   3.0125e+02
20260812_03:00:00   3.4844e-01   8.8392e+01   3.8313e+01   0.0000e+00   0.0000e+00   2.9904e+02
20260812_06:00:00   3.1811e-01   8.2300e+01   3.4421e+01   0.0000e+00   0.0000e+00   2.9963e+02
20260812_09:00:00   3.3177e-01   8.4639e+01   3.6332e+01   0.0000e+00   0.0000e+00   2.9674e+02
20260812_12:00:00   3.9244e-01   9.5825e+01   3.9739e+01   3.6580e-02   0.0000e+00   2.9613e+02
20260812_15:00:00   3.7342e-01   9.2411e+01   4.0813e+01   0.0000e+00   0.0000e+00   2.9762e+02
20260812_18:00:00   4.4908e-01   1.0685e+02   4.8909e+01   0.0000e+00   0.0000e+00   2.9683e+02
20260812_21:00:00   9.2084e-01   1.7200e+02   5.1390e+01   5.1418e-01   2.3369e-02   2.9424e+02
20260813_00:00:00   6.5359e-01   1.3911e+02   5.3311e+01   1.8482e-01   2.4826e-03   2.9540e+02
