#            date       tau255        Tb[K]      pwv[mm] lwp[kg*m^-2] iwp[kg*m^-2]       o3[DU]
20261007_00:00:00   2.7248e-01   7.0203e+01   2.6576e+01   0.0000e+00   0.0000e+00   3.0047e+02
20261007_01:00:00   2.6996e-01   6.9736e+01   2.6030e+01   0.0000e+00   0.0000e+00   2.9999e+02
20261007_02:00:00   2.5064e-01   6.5563e+01   2.3673e+01   0.0000e+00   1.2320e-06   2.9691e+02
20261007_03:00:00   2.4636e-01   6.4645e+01   2.3270e+01   0.0000e+00   0.0000e+00   2.9565e+02
20261007_04:00:00   2.4697e-01   6.4803e+01   2.3358e+01   0.0000e+00   0.0000e+00   2.9576e+02
20261007_05:00:00   2.4344e-01   6.3980e+01   2.3195e+01   0.0000e+00   0.0000e+00   2.9312e+02
20261007_06:00:00   2.4318e-01   6.3918e+01   2.3066e+01   0.0000e+00   0.0000e+00   2.9195e+02
20261007_07:00:00   2.4041e-01   6.3270e+01   2.2836e+01   0.0000e+00   0.0000e+00   2.9303e+02
20261007_08:00:00   2.3797e-01   6.2675e+01   2.2683e+01   0.0000e+00   0.0000e+00   2.9433e+02
20261007_09:00:00   2.3971e-01   6.3022e+01   2.2812e+01   0.0000e+00   1.7522e-06   2.9320e+02
20261007_10:00:00   2.3880e-01   6.2789e+01   2.2556e+01   0.0000e+00   5.2076e-05   2.9270e+02
20261007_11:00:00   2.2921e-01   6.0582e+01   2.1592e+01   0.0000e+00   2.7920e-06   2.9198e+02
20261007_12:00:00   2.0438e-01   5.4702e+01   1.9082e+01   0.0000e+00   7.6416e-04   2.9235e+02
20261007_13:00:00   1.9607e-01   5.2678e+01   1.8124e+01   0.0000e+00   7.3900e-03   2.9001e+02
20261007_14:00:00   1.9274e-01   5.1778e+01   1.8158e+01   0.0000e+00   3.7280e-05   2.8895e+02
20261007_15:00:00   1.9438e-01   5.2029e+01   1.8712e+01   0.0000e+00   7.8209e-05   2.9018e+02
20261007_16:00:00   1.9157e-01   5.1288e+01   1.8605e+01   0.0000e+00   1.8763e-03   2.9135e+02
20261007_17:00:00   1.8930e-01   5.0695e+01   1.8422e+01   0.0000e+00   8.5346e-04   2.8969e+02
20261007_18:00:00   1.8516e-01   4.9681e+01   1.8044e+01   0.0000e+00   4.0154e-04   2.8957e+02
20261007_19:00:00   1.8536e-01   4.9726e+01   1.8034e+01   0.0000e+00   7.4280e-04   2.9061e+02
20261007_20:00:00   1.8573e-01   4.9832e+01   1.8034e+01   0.0000e+00   6.6700e-04   2.9062e+02
20261007_21:00:00   1.8447e-01   4.9589e+01   1.7685e+01   0.0000e+00   4.2580e-04   2.9405e+02
20261007_22:00:00   1.7978e-01   4.8492e+01   1.7010e+01   0.0000e+00   2.5840e-04   2.9615e+02
20261007_23:00:00   1.6982e-01   4.6106e+01   1.5837e+01   0.0000e+00   1.4922e-06   2.9546e+02
20261008_00:00:00   1.6435e-01   4.4732e+01   1.5307e+01   0.0000e+00   3.7434e-05   2.9612e+02
20261008_01:00:00   1.6040e-01   4.3747e+01   1.4922e+01   0.0000e+00   4.0220e-04   2.9627e+02
20261008_02:00:00   1.5961e-01   4.3522e+01   1.4849e+01   0.0000e+00   2.2925e-03   2.9801e+02
20261008_03:00:00   1.5735e-01   4.2951e+01   1.4562e+01   0.0000e+00   3.6587e-03   3.0199e+02
20261008_04:00:00   1.5995e-01   4.3529e+01   1.5016e+01   0.0000e+00   7.7120e-03   3.0196e+02
20261008_05:00:00   1.6562e-01   4.4820e+01   1.5886e+01   0.0000e+00   1.1859e-02   3.0029e+02
20261008_06:00:00   1.6990e-01   4.5807e+01   1.6498e+01   0.0000e+00   8.5269e-03   2.9999e+02
20261008_07:00:00   1.7834e-01   4.7752e+01   1.7529e+01   0.0000e+00   2.3498e-02   3.0042e+02
20261008_08:00:00   1.8507e-01   4.9303e+01   1.8264e+01   0.0000e+00   1.1704e-02   2.9890e+02
20261008_09:00:00   1.8519e-01   4.9284e+01   1.8177e+01   0.0000e+00   3.5696e-03   2.9776e+02
20261008_10:00:00   1.8709e-01   4.9669e+01   1.8404e+01   0.0000e+00   1.8768e-03   2.9783e+02
20261008_11:00:00   1.8871e-01   4.9959e+01   1.8615e+01   0.0000e+00   1.2480e-03   2.9418e+02
20261008_12:00:00   1.8916e-01   4.9964e+01   1.8703e+01   0.0000e+00   3.3198e-03   2.9287e+02
20261008_13:00:00   1.8260e-01   4.8462e+01   1.7805e+01   0.0000e+00   5.9876e-03   2.8912e+02
20261008_14:00:00   1.8196e-01   4.8292e+01   1.7835e+01   0.0000e+00   3.5315e-03   2.8830e+02
20261008_15:00:00   1.8662e-01   4.9365e+01   1.8524e+01   0.0000e+00   9.4114e-04   2.8709e+02
20261008_16:00:00   1.9448e-01   5.1161e+01   1.9500e+01   0.0000e+00   1.7256e-03   2.8391e+02
20261008_17:00:00   1.9789e-01   5.1968e+01   1.9938e+01   0.0000e+00   1.8056e-04   2.8016e+02
20261008_18:00:00   1.9838e-01   5.2182e+01   1.9936e+01   0.0000e+00   1.1898e-04   2.7780e+02
20261008_19:00:00   2.0090e-01   5.2883e+01   2.0014e+01   0.0000e+00   1.7522e-06   2.7827e+02
20261008_20:00:00   1.9719e-01   5.2183e+01   1.9376e+01   0.0000e+00   1.9214e-05   2.7844e+02
20261008_21:00:00   1.9306e-01   5.1379e+01   1.8559e+01   0.0000e+00   9.2260e-06   2.7523e+02
20261008_22:00:00   1.9328e-01   5.1471e+01   1.8556e+01   0.0000e+00   2.5560e-04   2.7352e+02
20261008_23:00:00   1.9086e-01   5.0905e+01   1.8301e+01   0.0000e+00   9.1820e-04   2.7312e+02
20261009_00:00:00   1.8782e-01   5.0201e+01   1.7907e+01   0.0000e+00   2.6962e-03   2.7320e+02
20261009_01:00:00   1.8749e-01   5.0060e+01   1.8128e+01   0.0000e+00   2.0424e-03   2.7266e+02
20261009_02:00:00   1.9446e-01   5.1553e+01   1.9282e+01   0.0000e+00   1.5865e-04   2.7269e+02
20261009_03:00:00   2.0454e-01   5.3804e+01   2.0644e+01   0.0000e+00   9.1026e-04   2.7298e+02
20261009_04:00:00   2.2835e-01   5.9110e+01   2.3594e+01   0.0000e+00   5.6649e-03   2.7420e+02
20261009_05:00:00   2.6559e-01   6.7091e+01   2.7824e+01   8.3008e-05   9.2493e-02   2.7610e+02
20261009_06:00:00   2.9089e-01   7.2420e+01   3.0323e+01   1.4666e-04   3.8185e-01   2.7587e+02
20261009_07:00:00   3.5993e-01   8.6322e+01   3.2124e+01   5.8716e-02   5.3748e-01   2.7643e+02
20261009_08:00:00   3.2085e-01   7.8658e+01   3.2689e+01   6.3300e-03   4.2440e-01   2.7543e+02
20261009_09:00:00   3.3127e-01   8.0725e+01   3.2355e+01   2.0540e-02   3.9436e-01   2.7382e+02
20261009_10:00:00   3.2351e-01   7.9303e+01   3.1188e+01   2.3824e-02   5.3600e-02   2.7184e+02
20261009_11:00:00   3.0041e-01   7.4796e+01   3.0105e+01   3.3459e-03   1.2330e-04   2.7480e+02
20261009_12:00:00   2.9075e-01   7.2825e+01   2.9637e+01   4.8110e-04   1.4568e-03   2.7497e+02
20261009_13:00:00   2.9180e-01   7.3044e+01   3.0158e+01   1.8480e-06   8.3300e-03   2.7526e+02
20261009_14:00:00   2.9705e-01   7.4223e+01   3.0585e+01   1.6960e-03   1.8284e-02   2.7613e+02
20261009_15:00:00   2.9351e-01   7.3695e+01   3.0263e+01   0.0000e+00   7.8839e-03   2.7619e+02
20261009_16:00:00   2.8639e-01   7.2384e+01   2.9389e+01   0.0000e+00   1.6599e-03   2.7676e+02
20261009_17:00:00   2.7583e-01   7.0250e+01   2.8295e+01   0.0000e+00   1.3427e-03   2.7842e+02
20261009_18:00:00   2.6428e-01   6.7883e+01   2.6754e+01   0.0000e+00   8.5840e-05   2.7702e+02
20261009_19:00:00   2.4652e-01   6.4173e+01   2.4608e+01   0.0000e+00   0.0000e+00   2.7675e+02
20261009_20:00:00   2.4380e-01   6.3750e+01   2.3914e+01   0.0000e+00   0.0000e+00   2.7665e+02
20261009_21:00:00   2.5373e-01   6.6168e+01   2.4818e+01   0.0000e+00   0.0000e+00   2.7656e+02
20261009_22:00:00   2.5213e-01   6.5974e+01   2.4949e+01   0.0000e+00   0.0000e+00   2.7520e+02
20261009_23:00:00   2.3095e-01   6.1234e+01   2.2946e+01   0.0000e+00   0.0000e+00   2.7420e+02
20261010_00:00:00   2.1972e-01   5.8616e+01   2.1884e+01   0.0000e+00   0.0000e+00   2.7508e+02
20261010_01:00:00   2.1047e-01   5.6448e+01   2.1022e+01   0.0000e+00   0.0000e+00   2.7714e+02
20261010_02:00:00   2.0062e-01   5.4106e+01   2.0136e+01   0.0000e+00   0.0000e+00   2.7825e+02
20261010_03:00:00   1.9529e-01   5.2834e+01   1.9614e+01   0.0000e+00   0.0000e+00   2.7844e+02
20261010_04:00:00   1.8840e-01   5.1208e+01   1.8858e+01   0.0000e+00   0.0000e+00   2.8125e+02
20261010_05:00:00   1.8795e-01   5.1123e+01   1.8747e+01   0.0000e+00   0.0000e+00   2.8196e+02
20261010_06:00:00   1.8988e-01   5.1584e+01   1.8886e+01   0.0000e+00   0.0000e+00   2.8266e+02
20261010_07:00:00   1.8915e-01   5.1427e+01   1.8723e+01   0.0000e+00   0.0000e+00   2.8290e+02
20261010_08:00:00   1.8387e-01   5.0206e+01   1.7953e+01   0.0000e+00   0.0000e+00   2.8288e+02
20261010_09:00:00   1.7945e-01   4.9188e+01   1.7223e+01   0.0000e+00   0.0000e+00   2.8225e+02
20261010_10:00:00   1.7609e-01   4.8388e+01   1.6667e+01   0.0000e+00   0.0000e+00   2.8156e+02
20261010_11:00:00   1.7481e-01   4.8064e+01   1.6438e+01   0.0000e+00   0.0000e+00   2.8142e+02
20261010_12:00:00   1.7437e-01   4.7940e+01   1.6308e+01   0.0000e+00   0.0000e+00   2.8264e+02
20261010_13:00:00   1.7404e-01   4.7868e+01   1.6236e+01   0.0000e+00   0.0000e+00   2.8472e+02
20261010_14:00:00   1.7928e-01   4.9097e+01   1.6703e+01   0.0000e+00   0.0000e+00   2.8575e+02
20261010_15:00:00   1.7720e-01   4.8662e+01   1.6460e+01   0.0000e+00   0.0000e+00   2.8851e+02
20261010_16:00:00   1.8773e-01   5.1168e+01   1.7591e+01   0.0000e+00   3.9320e-05   2.9035e+02
20261010_17:00:00   1.8963e-01   5.1675e+01   1.7787e+01   0.0000e+00   1.3191e-02   2.8600e+02
20261010_18:00:00   2.0070e-01   5.4289e+01   1.9097e+01   0.0000e+00   2.6627e-02   2.8157e+02
20261010_19:00:00   2.0107e-01   5.4436e+01   1.9150e+01   0.0000e+00   1.7182e-02   2.8005e+02
20261010_20:00:00   2.0750e-01   5.5961e+01   1.9812e+01   0.0000e+00   3.0761e-02   2.8253e+02
20261010_21:00:00   2.0901e-01   5.6309e+01   2.0016e+01   0.0000e+00   3.1152e-02   2.8330e+02
20261010_22:00:00   2.1412e-01   5.7471e+01   2.0579e+01   0.0000e+00   1.5448e-02   2.8289e+02
20261010_23:00:00   2.1943e-01   5.8642e+01   2.1173e+01   0.0000e+00   4.7355e-02   2.8270e+02
20261011_00:00:00   2.2564e-01   6.0025e+01   2.1816e+01   0.0000e+00   6.4298e-02   2.8299e+02
20261011_01:00:00   2.2387e-01   5.9561e+01   2.1623e+01   0.0000e+00   9.6861e-02   2.8314e+02
20261011_02:00:00   2.1508e-01   5.7416e+01   2.0754e+01   0.0000e+00   6.2376e-02   2.8399e+02
20261011_03:00:00   2.1260e-01   5.6731e+01   2.0505e+01   0.0000e+00   2.1856e-02   2.8629e+02
20261011_04:00:00   2.1377e-01   5.6921e+01   2.0622e+01   0.0000e+00   3.6915e-03   2.9261e+02
20261011_05:00:00   2.1924e-01   5.8122e+01   2.1058e+01   0.0000e+00   7.9209e-03   2.9154e+02
20261011_06:00:00   2.2065e-01   5.8417e+01   2.1160e+01   0.0000e+00   7.2159e-03   2.9215e+02
20261011_07:00:00   2.2017e-01   5.8281e+01   2.0841e+01   0.0000e+00   2.6777e-03   2.9004e+02
20261011_08:00:00   2.1646e-01   5.7457e+01   2.0167e+01   0.0000e+00   1.3108e-05   2.9031e+02
20261011_09:00:00   2.0998e-01   5.6014e+01   1.9383e+01   0.0000e+00   0.0000e+00   2.9123e+02
20261011_10:00:00   2.1161e-01   5.6391e+01   1.9465e+01   0.0000e+00   0.0000e+00   2.9065e+02
20261011_11:00:00   2.1736e-01   5.7728e+01   2.0066e+01   0.0000e+00   0.0000e+00   2.8907e+02
20261011_12:00:00   2.2491e-01   5.9433e+01   2.0836e+01   0.0000e+00   0.0000e+00   2.8725e+02
20261011_13:00:00   2.3110e-01   6.0840e+01   2.1675e+01   0.0000e+00   0.0000e+00   2.8474e+02
20261011_14:00:00   2.4049e-01   6.2932e+01   2.2806e+01   0.0000e+00   0.0000e+00   2.8098e+02
20261011_15:00:00   2.4213e-01   6.3359e+01   2.3088e+01   0.0000e+00   0.0000e+00   2.7956e+02
20261011_16:00:00   2.3784e-01   6.2520e+01   2.2798e+01   0.0000e+00   0.0000e+00   2.7812e+02
20261011_17:00:00   2.3647e-01   6.2316e+01   2.2808e+01   0.0000e+00   0.0000e+00   2.7570e+02
20261011_18:00:00   2.3882e-01   6.2944e+01   2.3312e+01   0.0000e+00   0.0000e+00   2.7710e+02
20261011_19:00:00   2.4095e-01   6.3525e+01   2.3524e+01   0.0000e+00   0.0000e+00   2.7472e+02
20261011_20:00:00   2.3930e-01   6.3245e+01   2.3621e+01   0.0000e+00   0.0000e+00   2.7079e+02
20261011_21:00:00   2.4780e-01   6.5199e+01   2.4922e+01   0.0000e+00   0.0000e+00   2.6642e+02
20261011_22:00:00   2.6040e-01   6.8008e+01   2.6474e+01   0.0000e+00   1.7522e-06   2.6439e+02
20261011_23:00:00   2.7350e-01   7.0807e+01   2.7997e+01   0.0000e+00   0.0000e+00   2.6538e+02
20261012_00:00:00   2.7955e-01   7.2134e+01   2.8418e+01   0.0000e+00   0.0000e+00   2.6484e+02
20261012_03:00:00   3.1635e-01   7.9648e+01   3.2988e+01   0.0000e+00   2.5119e-03   2.6334e+02
20261012_06:00:00   3.1945e-01   7.9928e+01   3.3206e+01   0.0000e+00   1.6814e-03   2.6283e+02
20261012_09:00:00   3.2135e-01   7.9770e+01   3.4003e+01   0.0000e+00   1.5782e-02   2.6113e+02
20261012_12:00:00   3.5495e-01   8.6078e+01   3.7256e+01   0.0000e+00   9.9735e-02   2.5699e+02
20261012_15:00:00   3.4904e-01   8.4734e+01   3.6605e+01   0.0000e+00   7.1222e-03   2.5784e+02
20261012_18:00:00   3.5228e-01   8.5555e+01   3.6313e+01   1.4199e-03   0.0000e+00   2.5129e+02
20261012_21:00:00   4.9680e-01   1.1253e+02   3.5564e+01   1.8118e-01   0.0000e+00   2.4774e+02
20261013_00:00:00   6.6672e-01   1.3903e+02   4.0117e+01   3.3601e-01   1.0020e-05   2.4462e+02
20261013_03:00:00   5.8278e-01   1.2589e+02   3.9431e+01   2.2920e-01   0.0000e+00   2.4425e+02
20261013_06:00:00   4.6275e-01   1.0543e+02   3.6713e+01   1.1009e-01   2.0320e-03   2.5433e+02
20261013_09:00:00   5.4881e-01   1.1956e+02   3.3262e+01   2.5526e-01   7.0613e-03   2.5621e+02
20261013_12:00:00   3.0373e-01   7.4755e+01   2.8001e+01   1.7434e-02   0.0000e+00   2.5208e+02
20261013_15:00:00   2.9532e-01   7.3259e+01   1.5911e+01   1.1416e-01   0.0000e+00   2.5900e+02
20261013_18:00:00   2.6156e-01   6.6075e+01   1.2572e+01   1.0943e-01   8.3020e-06   2.5599e+02
20261013_21:00:00   2.0479e-01   5.3669e+01   1.1743e+01   5.4520e-02   4.0780e-05   2.5528e+02
20261014_00:00:00   1.7089e-01   4.5871e+01   1.1337e+01   2.2890e-02   1.0004e-02   2.5196e+02
20261014_03:00:00   1.4818e-01   4.0483e+01   1.1138e+01   0.0000e+00   4.7838e-02   2.4902e+02
20261014_06:00:00   1.5243e-01   4.1450e+01   1.2468e+01   0.0000e+00   4.2757e-02   2.5070e+02
20261014_09:00:00   1.8839e-01   4.9821e+01   1.8309e+01   0.0000e+00   1.4806e-01   2.4697e+02
20261014_12:00:00   2.2983e-01   5.9107e+01   2.4181e+01   0.0000e+00   6.8601e-02   2.4660e+02
20261014_15:00:00   7.0727e-01   1.4067e+02   3.5980e+01   4.2794e-01   4.4611e-01   2.4587e+02
20261014_18:00:00   6.3691e-01   1.3292e+02   4.2539e+01   2.7819e-01   3.7279e-01   2.4713e+02
20261014_21:00:00   3.8091e-01   9.0894e+01   4.0404e+01   1.6564e-04   6.7262e-03   2.4986e+02
20261015_00:00:00   5.5304e-01   1.2072e+02   4.5432e+01   1.5743e-01   1.1060e-01   2.4979e+02
20261015_03:00:00   5.2031e-01   1.1702e+02   4.1438e+01   1.5019e-01   4.7361e-03   2.5521e+02
20261015_06:00:00   5.9716e-01   1.3017e+02   3.8838e+01   2.6012e-01   1.6215e-02   2.5549e+02
20261015_09:00:00   3.6055e-01   8.8766e+01   3.7294e+01   0.0000e+00   2.3285e-02   2.5430e+02
20261015_12:00:00   4.9119e-01   1.1217e+02   4.9230e+01   2.7329e-02   3.9295e-01   2.5602e+02
20261015_15:00:00   4.8320e-01   1.1092e+02   4.9789e+01   3.5579e-03   1.3705e-01   2.5767e+02
20261015_18:00:00   1.4861e+00   2.1771e+02   4.9064e+01   1.1696e+00   2.4189e-01   2.6026e+02
20261015_21:00:00   5.1660e-01   1.1564e+02   3.8737e+01   1.7927e-01   3.0978e-01   2.6382e+02
20261016_00:00:00   2.4077e-01   6.1701e+01   2.2064e+01   3.2153e-03   0.0000e+00   2.7115e+02
20261016_03:00:00   1.5863e-01   4.2758e+01   1.2677e+01   0.0000e+00   0.0000e+00   2.7103e+02
20261016_06:00:00   1.4431e-01   3.9058e+01   1.1215e+01   0.0000e+00   0.0000e+00   2.7336e+02
20261016_09:00:00   1.3181e-01   3.5892e+01   9.4310e+00   0.0000e+00   1.5646e-04   2.7186e+02
20261016_12:00:00   1.2418e-01   3.4005e+01   7.9372e+00   0.0000e+00   0.0000e+00   2.7240e+02
20261016_15:00:00   1.2803e-01   3.4872e+01   7.9907e+00   0.0000e+00   1.0404e-07   2.7542e+02
20261016_18:00:00   1.3578e-01   3.6663e+01   8.8853e+00   0.0000e+00   2.4100e-04   2.7916e+02
20261016_21:00:00   1.4038e-01   3.7665e+01   9.5469e+00   5.2020e-07   6.8602e-04   2.8558e+02
20261017_00:00:00   1.3589e-01   3.6447e+01   8.8161e+00   0.0000e+00   8.3921e-05   2.9645e+02
20261017_03:00:00   1.2717e-01   3.4242e+01   7.7723e+00   0.0000e+00   9.1407e-06   3.0476e+02
20261017_06:00:00   1.3002e-01   3.4888e+01   7.7378e+00   5.2648e-04   6.3512e-04   3.1145e+02
20261017_09:00:00   1.5552e-01   4.0583e+01   1.1222e+01   0.0000e+00   7.3711e-05   3.1217e+02
20261017_12:00:00   1.6606e-01   4.3052e+01   1.0161e+01   1.9111e-02   5.0593e-04   3.0023e+02
20261017_15:00:00   2.8877e-01   6.9128e+01   8.2898e+00   1.7272e-01   2.3596e-03   2.9672e+02
20261017_18:00:00   2.2167e-01   5.5510e+01   6.8128e+00   1.1214e-01   1.0214e-03   2.9224e+02
20261017_21:00:00   1.1913e-01   3.2537e+01   7.1455e+00   0.0000e+00   3.4320e-05   3.0101e+02
20261018_00:00:00   1.2466e-01   3.3790e+01   8.5523e+00   0.0000e+00   2.0800e-07   3.0618e+02
20261018_03:00:00   1.2676e-01   3.4196e+01   9.2361e+00   0.0000e+00   8.1580e-06   3.0782e+02
20261018_06:00:00   1.2043e-01   3.2616e+01   8.3823e+00   0.0000e+00   1.7016e-05   3.0978e+02
20261018_09:00:00   1.2183e-01   3.2938e+01   8.4603e+00   0.0000e+00   0.0000e+00   3.1218e+02
20261018_12:00:00   1.0593e-01   2.9235e+01   5.9645e+00   0.0000e+00   4.8878e-03   3.1633e+02
20261018_15:00:00   1.1350e-01   3.1033e+01   7.1017e+00   0.0000e+00   6.7413e-04   3.1673e+02
20261018_18:00:00   1.2487e-01   3.3842e+01   8.6591e+00   0.0000e+00   5.9684e-07   3.2374e+02
20261018_21:00:00   1.2868e-01   3.4924e+01   9.2039e+00   0.0000e+00   8.3878e-05   3.2373e+02
20261019_00:00:00   1.3582e-01   3.6667e+01   1.0190e+01   0.0000e+00   1.6061e-02   3.2457e+02
20261019_03:00:00   1.3787e-01   3.7159e+01   1.0491e+01   0.0000e+00   5.4647e-02   3.2835e+02
20261019_06:00:00   1.3746e-01   3.7104e+01   1.0385e+01   0.0000e+00   6.6019e-02   3.2426e+02
20261019_09:00:00   1.4695e-01   3.9334e+01   1.1742e+01   0.0000e+00   4.4408e-02   3.2716e+02
20261019_12:00:00   1.4817e-01   3.9630e+01   1.1860e+01   0.0000e+00   4.0441e-02   3.2723e+02
20261019_15:00:00   1.5897e-01   4.2167e+01   1.3043e+01   0.0000e+00   1.6944e-02   3.2692e+02
20261019_18:00:00   1.6284e-01   4.3090e+01   1.3712e+01   0.0000e+00   2.4932e-03   3.2184e+02
20261019_21:00:00   1.6166e-01   4.2925e+01   1.3551e+01   0.0000e+00   2.9948e-03   3.2169e+02
20261020_00:00:00   1.5568e-01   4.1546e+01   1.3001e+01   0.0000e+00   8.4769e-04   3.2015e+02
20261020_03:00:00   1.6280e-01   4.3052e+01   1.4024e+01   0.0000e+00   4.3177e-03   3.2178e+02
20261020_06:00:00   1.6847e-01   4.4238e+01   1.4820e+01   0.0000e+00   7.7307e-02   3.2724e+02
20261020_09:00:00   1.6703e-01   4.3894e+01   1.4599e+01   0.0000e+00   9.9961e-03   3.3274e+02
20261020_12:00:00   1.5943e-01   4.2253e+01   1.3354e+01   0.0000e+00   8.8402e-04   3.3153e+02
20261020_15:00:00   1.4750e-01   3.9639e+01   1.1438e+01   0.0000e+00   1.2209e-03   3.3146e+02
20261020_18:00:00   1.6010e-01   4.2541e+01   1.3492e+01   0.0000e+00   3.0657e-02   3.3014e+02
20261020_21:00:00   1.7676e-01   4.6454e+01   1.5655e+01   0.0000e+00   1.2957e-03   3.2328e+02
20261021_00:00:00   1.7888e-01   4.6992e+01   1.5986e+01   0.0000e+00   3.4337e-05   3.1290e+02
20261021_03:00:00   1.8414e-01   4.8111e+01   1.6565e+01   0.0000e+00   7.0118e-03   3.0754e+02
20261021_06:00:00   1.9744e-01   5.0880e+01   1.8124e+01   0.0000e+00   3.8477e-01   3.0131e+02
20261021_09:00:00   2.0057e-01   5.1494e+01   1.8446e+01   2.7680e-06   3.2747e-02   3.0439e+02
20261021_12:00:00   5.2826e-01   1.1302e+02   1.9728e+01   3.5387e-01   2.6040e-01   3.1030e+02
20261021_15:00:00   9.1786e-01   1.6546e+02   2.3011e+01   7.5330e-01   3.6861e-01   3.1271e+02
20261021_18:00:00   1.1751e+00   1.8922e+02   1.9615e+01   1.0662e+00   2.6564e-01   3.1575e+02
20261021_21:00:00   2.1479e-01   5.4837e+01   1.6091e+01   2.0867e-02   1.0232e-02   3.2312e+02
20261022_00:00:00   3.7971e-01   8.7610e+01   1.7459e+01   1.9334e-01   1.7957e-02   3.2980e+02
20261022_03:00:00   2.6493e-01   6.5150e+01   1.7997e+01   5.6542e-02   4.0357e-02   3.0656e+02
20261022_06:00:00   2.0637e-01   5.2687e+01   1.6774e+01   1.8748e-03   5.1082e-04   3.0953e+02
20261022_09:00:00   1.7054e-01   4.4715e+01   1.3094e+01   0.0000e+00   8.0530e-06   3.1692e+02
20261022_12:00:00   1.3907e-01   3.7447e+01   9.8106e+00   0.0000e+00   0.0000e+00   3.1119e+02
20261022_15:00:00   1.1915e-01   3.2667e+01   7.8707e+00   0.0000e+00   0.0000e+00   3.0381e+02
20261022_18:00:00   1.2729e-01   3.4699e+01   9.1825e+00   0.0000e+00   0.0000e+00   3.0877e+02
20261022_21:00:00   1.2457e-01   3.4233e+01   8.7474e+00   0.0000e+00   0.0000e+00   3.0444e+02
20261023_00:00:00   1.2197e-01   3.3693e+01   8.1624e+00   0.0000e+00   0.0000e+00   3.0510e+02
