#            date       tau255        Tb[K]      pwv[mm] lwp[kg*m^-2] iwp[kg*m^-2]       o3[DU]
20260928_12:00:00   2.6903e-01   6.8369e+01   2.6304e+01   0.0000e+00   0.0000e+00   2.8895e+02
20260928_13:00:00   2.6287e-01   6.7096e+01   2.5577e+01   0.0000e+00   0.0000e+00   2.9247e+02
20260928_14:00:00   2.5802e-01   6.6079e+01   2.5043e+01   0.0000e+00   0.0000e+00   2.9502e+02
20260928_15:00:00   2.5189e-01   6.4801e+01   2.4355e+01   0.0000e+00   0.0000e+00   2.9358e+02
20260928_16:00:00   2.4603e-01   6.3588e+01   2.3647e+01   0.0000e+00   0.0000e+00   2.9220e+02
20260928_17:00:00   2.3828e-01   6.1976e+01   2.2743e+01   0.0000e+00   0.0000e+00   2.9233e+02
20260928_18:00:00   2.4135e-01   6.2747e+01   2.2892e+01   0.0000e+00   0.0000e+00   2.9255e+02
20260928_19:00:00   2.4480e-01   6.3588e+01   2.3127e+01   0.0000e+00   0.0000e+00   2.9113e+02
20260928_20:00:00   2.4582e-01   6.3890e+01   2.3124e+01   0.0000e+00   0.0000e+00   2.8896e+02
20260928_21:00:00   2.4370e-01   6.3486e+01   2.2984e+01   0.0000e+00   0.0000e+00   2.8899e+02
20260928_22:00:00   2.4822e-01   6.4493e+01   2.3525e+01   0.0000e+00   0.0000e+00   2.8693e+02
20260928_23:00:00   2.4316e-01   6.3416e+01   2.2929e+01   0.0000e+00   4.3860e-05   2.8473e+02
20260929_00:00:00   2.3807e-01   6.2274e+01   2.2254e+01   0.0000e+00   2.2720e-06   2.8357e+02
20260929_01:00:00   2.3091e-01   6.0659e+01   2.1442e+01   0.0000e+00   1.3314e-03   2.8030e+02
20260929_02:00:00   2.1181e-01   5.6341e+01   1.9387e+01   0.0000e+00   1.4604e-03   2.7646e+02
20260929_03:00:00   1.9823e-01   5.3135e+01   1.7931e+01   0.0000e+00   1.4701e-03   2.7561e+02
20260929_04:00:00   1.8759e-01   5.0593e+01   1.6822e+01   0.0000e+00   9.7382e-04   2.7597e+02
20260929_05:00:00   1.7499e-01   4.7553e+01   1.5905e+01   0.0000e+00   5.5457e-04   2.7623e+02
20260929_06:00:00   1.6982e-01   4.6231e+01   1.5864e+01   0.0000e+00   5.1100e-04   2.7625e+02
20260929_07:00:00   1.6856e-01   4.5890e+01   1.5947e+01   0.0000e+00   5.9500e-04   2.7584e+02
20260929_08:00:00   1.6753e-01   4.5587e+01   1.5960e+01   0.0000e+00   4.2985e-03   2.7579e+02
20260929_09:00:00   1.7126e-01   4.6451e+01   1.6392e+01   0.0000e+00   8.2003e-03   2.7638e+02
20260929_10:00:00   1.8260e-01   4.9101e+01   1.8016e+01   0.0000e+00   2.1882e-02   2.7441e+02
20260929_11:00:00   1.9682e-01   5.2337e+01   2.0003e+01   0.0000e+00   1.9851e-02   2.7080e+02
20260929_12:00:00   2.2051e-01   5.7661e+01   2.3030e+01   0.0000e+00   1.9985e-03   2.6748e+02
20260929_13:00:00   2.4375e-01   6.2798e+01   2.5759e+01   0.0000e+00   4.4094e-03   2.6649e+02
20260929_14:00:00   2.5238e-01   6.4706e+01   2.6808e+01   0.0000e+00   1.0505e-02   2.6809e+02
20260929_15:00:00   2.6086e-01   6.6500e+01   2.7843e+01   0.0000e+00   2.2678e-01   2.6901e+02
20260929_16:00:00   2.6511e-01   6.7544e+01   2.8116e+01   0.0000e+00   6.6425e-03   2.6835e+02
20260929_17:00:00   2.7246e-01   6.9198e+01   2.8969e+01   0.0000e+00   7.7515e-03   2.6829e+02
20260929_18:00:00   2.9208e-01   7.3308e+01   3.2057e+01   0.0000e+00   5.5788e-03   2.6889e+02
20260929_19:00:00   3.1164e-01   7.7464e+01   3.4220e+01   0.0000e+00   4.2390e-03   2.6938e+02
20260929_20:00:00   3.2733e-01   8.0787e+01   3.5586e+01   2.0800e-06   2.2128e-02   2.6844e+02
20260929_21:00:00   3.4674e-01   8.4720e+01   3.5312e+01   2.5821e-02   1.2960e-02   2.6621e+02
20260929_22:00:00   3.7381e-01   9.0037e+01   3.7507e+01   3.4284e-02   7.1974e-02   2.6579e+02
20260929_23:00:00   3.3507e-01   8.2632e+01   3.7020e+01   5.9995e-04   8.3081e-02   2.6703e+02
20260930_00:00:00   3.3024e-01   8.1699e+01   3.6652e+01   4.8358e-05   1.1304e-01   2.6855e+02
20260930_01:00:00   3.4236e-01   8.4087e+01   3.7708e+01   0.0000e+00   3.0681e-01   2.6761e+02
20260930_02:00:00   3.9109e-01   9.3576e+01   3.9041e+01   4.4020e-02   3.8567e-01   2.6533e+02
20260930_03:00:00   4.8902e-01   1.1040e+02   4.1711e+01   1.2593e-01   5.7257e-01   2.6454e+02
20260930_04:00:00   9.9614e-01   1.7674e+02   4.5145e+01   6.5668e-01   5.8062e-01   2.6496e+02
20260930_05:00:00   1.1731e+00   1.9324e+02   4.5343e+01   8.5808e-01   7.1926e-01   2.6412e+02
20260930_06:00:00   7.7234e-01   1.5154e+02   4.6524e+01   3.7811e-01   8.1897e-01   2.6388e+02
20260930_07:00:00   7.3276e-01   1.4673e+02   4.8194e+01   3.0658e-01   8.8613e-01   2.6339e+02
20260930_08:00:00   1.2288e+00   1.9856e+02   4.9819e+01   8.5694e-01   9.2592e-01   2.6127e+02
20260930_09:00:00   1.1908e+00   1.9582e+02   5.1226e+01   7.9475e-01   8.6760e-01   2.6045e+02
20260930_10:00:00   1.0633e+00   1.8396e+02   5.1101e+01   6.4280e-01   6.8182e-01   2.5966e+02
20260930_11:00:00   8.4856e-01   1.6159e+02   5.0812e+01   4.0423e-01   7.5722e-01   2.5918e+02
20260930_12:00:00   1.1787e+00   1.9436e+02   5.1597e+01   7.7148e-01   9.8113e-01   2.5887e+02
20260930_13:00:00   1.2562e+00   2.0144e+02   5.2484e+01   8.5586e-01   8.8053e-01   2.5942e+02
20260930_14:00:00   8.5040e-01   1.6189e+02   5.1633e+01   3.9870e-01   8.1383e-01   2.5960e+02
20260930_15:00:00   1.1549e+00   1.9237e+02   5.0894e+01   7.6124e-01   7.5139e-01   2.5915e+02
20260930_16:00:00   9.3649e-01   1.7123e+02   5.0045e+01   5.2618e-01   1.0681e+00   2.5870e+02
20260930_17:00:00   1.4073e+00   2.1310e+02   5.3140e+01   1.0391e+00   6.6909e-01   2.5828e+02
20260930_18:00:00   1.6479e+00   2.2750e+02   5.3450e+01   1.3114e+00   4.3069e-01   2.5848e+02
20260930_19:00:00   1.7538e+00   2.3334e+02   5.4765e+01   1.4234e+00   1.0073e+00   2.5773e+02
20260930_20:00:00   1.7377e+00   2.3212e+02   5.5120e+01   1.3870e+00   8.0827e-01   2.5825e+02
20260930_21:00:00   1.2896e+00   2.0350e+02   5.3659e+01   8.7554e-01   4.0349e-01   2.5682e+02
20260930_22:00:00   9.5468e-01   1.7346e+02   5.1248e+01   5.2633e-01   6.6150e-01   2.5690e+02
20260930_23:00:00   7.2848e-01   1.4660e+02   4.8845e+01   3.0398e-01   5.6686e-01   2.5731e+02
20261001_00:00:00   6.2963e-01   1.3291e+02   4.8264e+01   2.0039e-01   7.0135e-01   2.5732e+02
20261001_01:00:00   8.0609e-01   1.5628e+02   4.6878e+01   4.1914e-01   8.5238e-02   2.5629e+02
20261001_02:00:00   1.2415e+00   1.9952e+02   4.7801e+01   8.9753e-01   3.3334e-02   2.5491e+02
20261001_03:00:00   7.9485e-01   1.5613e+02   4.9414e+01   3.8370e-01   3.4368e-02   2.5370e+02
20261001_04:00:00   1.7385e+00   2.3145e+02   5.0803e+01   1.4455e+00   5.5897e-01   2.5252e+02
20261001_05:00:00   1.3069e+00   2.0669e+02   4.8805e+01   9.9389e-01   8.1223e-02   2.5281e+02
20261001_06:00:00   8.4375e-01   1.6346e+02   4.9497e+01   4.5267e-01   1.2627e-04   2.5416e+02
20261001_07:00:00   6.7525e-01   1.4139e+02   4.9437e+01   2.5053e-01   8.6108e-04   2.5392e+02
20261001_08:00:00   5.0484e-01   1.1477e+02   4.9659e+01   3.4603e-02   2.6330e-04   2.5471e+02
20261001_09:00:00   4.9493e-01   1.1341e+02   4.7402e+01   3.3101e-02   1.4030e-02   2.5616e+02
20261001_10:00:00   5.1300e-01   1.1654e+02   4.6279e+01   6.9552e-02   2.5041e-02   2.5554e+02
20261001_11:00:00   4.5583e-01   1.0632e+02   4.4727e+01   1.8213e-02   3.7582e-02   2.5538e+02
20261001_12:00:00   4.5493e-01   1.0596e+02   4.4305e+01   2.4872e-02   2.5888e-02   2.5541e+02
20261001_13:00:00   5.5216e-01   1.2273e+02   4.4519e+01   1.4454e-01   4.3529e-01   2.5539e+02
20261001_14:00:00   6.7480e-01   1.4137e+02   4.5893e+01   2.8397e-01   5.4412e-01   2.5519e+02
20261001_15:00:00   7.8842e-01   1.5624e+02   4.7874e+01   3.9569e-01   7.5729e-01   2.5325e+02
20261001_16:00:00   5.9750e-01   1.2848e+02   4.7916e+01   1.5699e-01   9.7594e-01   2.5347e+02
20261001_17:00:00   5.6915e-01   1.2358e+02   4.7557e+01   1.2258e-01   1.0301e+00   2.5478e+02
20261001_18:00:00   7.1515e-01   1.4504e+02   4.7590e+01   2.9500e-01   8.5789e-01   2.5602e+02
20261001_19:00:00   6.1736e-01   1.3106e+02   4.5686e+01   2.0953e-01   3.8383e-01   2.5824e+02
20261001_20:00:00   4.5467e-01   1.0445e+02   4.4392e+01   3.6799e-02   4.8840e-01   2.5958e+02
20261001_21:00:00   6.4945e-01   1.3573e+02   4.4594e+01   2.6025e-01   2.7194e-01   2.5929e+02
20261001_22:00:00   1.1153e+00   1.9115e+02   4.3930e+01   8.3415e-01   2.7055e-01   2.5900e+02
20261001_23:00:00   1.0973e+00   1.8805e+02   4.1530e+01   8.2781e-01   4.2626e-01   2.5892e+02
20261002_00:00:00   4.5650e-01   1.0415e+02   3.9366e+01   9.9636e-02   5.9095e-01   2.5942e+02
20261002_01:00:00   3.4401e-01   8.3341e+01   3.6964e+01   1.9662e-05   3.4432e-01   2.6063e+02
20261002_02:00:00   3.7696e-01   8.9380e+01   3.7430e+01   2.6561e-02   5.1150e-01   2.6385e+02
20261002_03:00:00   4.1674e-01   9.6503e+01   3.6823e+01   7.6743e-02   7.3062e-01   2.6653e+02
20261002_04:00:00   3.4214e-01   8.2429e+01   3.4798e+01   1.5862e-02   6.5821e-01   2.6907e+02
20261002_05:00:00   3.0060e-01   7.3995e+01   3.1971e+01   1.0819e-03   7.5274e-01   2.7295e+02
20261002_06:00:00   2.9838e-01   7.3472e+01   2.9952e+01   2.2396e-02   3.5649e-01   2.7469e+02
20261002_07:00:00   4.4119e-01   9.9586e+01   2.8248e+01   1.9836e-01   3.7614e-01   2.7791e+02
20261002_08:00:00   2.7605e-01   6.8554e+01   2.6338e+01   3.1219e-02   6.9947e-01   2.8031e+02
20261002_09:00:00   2.3402e-01   5.9578e+01   2.3030e+01   1.4113e-02   8.0250e-01   2.7876e+02
20261002_10:00:00   2.1647e-01   5.5753e+01   2.2409e+01   7.9820e-05   6.9735e-01   2.7382e+02
20261002_11:00:00   2.1177e-01   5.4683e+01   2.1873e+01   6.5540e-05   3.7398e-01   2.7683e+02
20261002_12:00:00   1.8148e-01   4.7948e+01   1.8212e+01   0.0000e+00   5.4740e-03   2.7464e+02
20261002_13:00:00   1.6678e-01   4.4633e+01   1.5936e+01   0.0000e+00   9.8111e-05   2.7580e+02
20261002_14:00:00   1.5989e-01   4.3083e+01   1.4633e+01   0.0000e+00   0.0000e+00   2.7378e+02
20261002_15:00:00   1.6386e-01   4.4000e+01   1.5182e+01   0.0000e+00   1.9028e-05   2.7368e+02
20261002_16:00:00   1.6905e-01   4.5222e+01   1.5854e+01   0.0000e+00   1.4902e-03   2.7531e+02
20261002_17:00:00   1.7523e-01   4.6643e+01   1.6678e+01   0.0000e+00   7.0850e-03   2.7783e+02
20261002_18:00:00   1.8601e-01   4.9096e+01   1.8014e+01   0.0000e+00   4.8364e-03   2.8156e+02
20261002_19:00:00   1.9182e-01   5.0423e+01   1.8698e+01   0.0000e+00   2.1414e-04   2.8520e+02
20261002_20:00:00   1.9525e-01   5.1250e+01   1.8985e+01   0.0000e+00   0.0000e+00   2.8694e+02
20261002_21:00:00   1.9796e-01   5.1893e+01   1.9230e+01   0.0000e+00   1.4574e-06   2.8473e+02
20261002_22:00:00   1.9993e-01   5.2393e+01   1.9205e+01   0.0000e+00   3.7280e-06   2.8113e+02
20261002_23:00:00   2.0276e-01   5.3041e+01   1.9538e+01   0.0000e+00   7.0100e-07   2.7895e+02
20261003_00:00:00   2.0558e-01   5.3671e+01   1.9813e+01   0.0000e+00   5.2020e-07   2.7748e+02
20261003_01:00:00   2.0845e-01   5.4316e+01   2.0244e+01   0.0000e+00   3.1110e-05   2.7635e+02
20261003_02:00:00   2.0481e-01   5.3509e+01   1.9886e+01   0.0000e+00   8.7763e-05   2.7635e+02
20261003_03:00:00   2.0377e-01   5.3270e+01   1.9746e+01   0.0000e+00   4.0780e-06   2.7531e+02
20261003_04:00:00   2.0214e-01   5.2927e+01   1.9612e+01   0.0000e+00   4.7795e-06   2.7473e+02
20261003_05:00:00   2.0781e-01   5.4167e+01   2.0495e+01   0.0000e+00   4.4292e-06   2.7380e+02
20261003_06:00:00   2.1439e-01   5.5597e+01   2.1344e+01   0.0000e+00   0.0000e+00   2.7285e+02
20261003_07:00:00   2.1571e-01   5.5867e+01   2.1373e+01   0.0000e+00   0.0000e+00   2.7144e+02
20261003_08:00:00   2.1473e-01   5.5679e+01   2.1079e+01   0.0000e+00   0.0000e+00   2.7027e+02
20261003_09:00:00   2.1617e-01   5.6021e+01   2.1101e+01   0.0000e+00   0.0000e+00   2.6876e+02
20261003_10:00:00   2.1397e-01   5.5557e+01   2.0839e+01   0.0000e+00   0.0000e+00   2.6798e+02
20261003_11:00:00   2.0953e-01   5.4576e+01   2.0337e+01   0.0000e+00   0.0000e+00   2.6918e+02
20261003_12:00:00   2.0430e-01   5.3412e+01   1.9639e+01   0.0000e+00   0.0000e+00   2.7177e+02
20261003_15:00:00   1.9829e-01   5.2143e+01   1.8688e+01   0.0000e+00   0.0000e+00   2.8147e+02
20261003_18:00:00   1.9619e-01   5.1930e+01   1.8312e+01   0.0000e+00   0.0000e+00   2.8594e+02
20261003_21:00:00   1.7943e-01   4.8215e+01   1.6445e+01   0.0000e+00   0.0000e+00   2.8348e+02
20261004_00:00:00   2.2980e-01   5.9536e+01   2.2453e+01   0.0000e+00   0.0000e+00   2.8675e+02
20261004_03:00:00   6.7718e-01   1.3892e+02   2.7347e+01   4.7160e-01   9.4861e-04   2.8530e+02
20261004_06:00:00   5.5911e-01   1.2084e+02   2.7397e+01   3.2462e-01   3.1640e-04   2.9782e+02
20261004_09:00:00   3.1904e-01   7.8410e+01   2.3535e+01   6.4140e-02   0.0000e+00   3.0042e+02
20261004_12:00:00   2.1403e-01   5.6074e+01   1.7661e+01   0.0000e+00   0.0000e+00   2.8817e+02
20261004_15:00:00   1.6716e-01   4.5034e+01   1.3226e+01   0.0000e+00   0.0000e+00   2.9226e+02
20261004_18:00:00   1.4674e-01   4.0206e+01   1.1220e+01   0.0000e+00   0.0000e+00   2.8989e+02
20261004_21:00:00   1.4365e-01   3.9562e+01   1.0633e+01   0.0000e+00   0.0000e+00   2.9569e+02
20261005_00:00:00   1.3780e-01   3.8153e+01   9.8931e+00   0.0000e+00   0.0000e+00   2.9973e+02
20261005_03:00:00   1.3230e-01   3.6752e+01   9.3804e+00   0.0000e+00   0.0000e+00   2.9527e+02
20261005_06:00:00   1.3221e-01   3.6580e+01   9.8314e+00   0.0000e+00   0.0000e+00   2.9309e+02
20261005_09:00:00   1.3181e-01   3.6251e+01   1.0503e+01   0.0000e+00   4.7254e-05   2.9075e+02
20261005_12:00:00   1.3696e-01   3.7299e+01   1.1585e+01   0.0000e+00   2.0056e-03   2.9134e+02
20261005_15:00:00   1.8637e-01   4.8545e+01   1.4380e+01   3.1800e-02   6.0038e-03   2.9318e+02
20261005_18:00:00   1.6998e-01   4.4993e+01   1.5762e+01   0.0000e+00   4.1282e-03   2.9458e+02
20261005_21:00:00   1.8632e-01   4.8679e+01   1.7952e+01   0.0000e+00   1.5899e-01   2.9746e+02
20261006_00:00:00   1.8183e-01   4.7788e+01   1.6817e+01   0.0000e+00   1.1727e-01   3.0042e+02
20261006_03:00:00   1.5595e-01   4.2039e+01   1.2619e+01   0.0000e+00   1.9644e-03   3.1370e+02
20261006_06:00:00   1.4539e-01   3.9542e+01   1.1020e+01   0.0000e+00   1.7078e-03   3.1436e+02
20261006_09:00:00   1.2900e-01   3.5557e+01   8.8433e+00   0.0000e+00   0.0000e+00   3.0986e+02
20261006_12:00:00   1.2649e-01   3.4891e+01   8.5588e+00   0.0000e+00   0.0000e+00   3.1438e+02
20261006_15:00:00   1.2826e-01   3.5345e+01   8.7737e+00   0.0000e+00   0.0000e+00   3.2082e+02
20261006_18:00:00   1.2980e-01   3.5837e+01   8.8881e+00   0.0000e+00   0.0000e+00   3.1911e+02
20261006_21:00:00   1.2993e-01   3.5983e+01   9.0957e+00   0.0000e+00   3.4320e-04   3.1861e+02
20261007_00:00:00   1.3479e-01   3.7199e+01   9.9052e+00   0.0000e+00   7.0137e-04   3.1619e+02
20261007_03:00:00   1.5176e-01   4.1250e+01   1.2493e+01   0.0000e+00   1.1629e-02   3.0468e+02
20261007_06:00:00   1.8415e-01   4.8682e+01   1.6776e+01   0.0000e+00   9.4418e-02   3.0153e+02
20261007_09:00:00   2.1376e-01   5.5175e+01   2.0952e+01   0.0000e+00   3.7573e-02   2.9908e+02
20261007_12:00:00   2.2073e-01   5.6738e+01   2.1632e+01   4.3360e-04   3.8607e-04   2.9502e+02
20261007_15:00:00   2.0756e-01   5.4106e+01   1.9676e+01   1.2478e-03   2.0180e-05   2.9260e+02
20261007_18:00:00   2.2183e-01   5.7378e+01   2.2267e+01   0.0000e+00   1.3882e-03   2.9303e+02
20261007_21:00:00   2.7358e-01   6.8695e+01   2.6539e+01   1.8028e-02   8.3876e-04   2.9507e+02
20261008_00:00:00   5.6152e-01   1.2110e+02   3.2641e+01   2.7341e-01   2.0497e-01   2.9212e+02
20261008_03:00:00   6.1359e-01   1.2926e+02   2.8678e+01   3.5124e-01   1.0800e-05   3.0070e+02
20261008_06:00:00   2.1429e-01   5.6129e+01   1.8219e+01   0.0000e+00   0.0000e+00   3.0488e+02
20261008_09:00:00   1.3588e-01   3.7474e+01   9.6033e+00   0.0000e+00   0.0000e+00   3.0262e+02
20261008_12:00:00   1.3611e-01   3.7336e+01   9.6745e+00   0.0000e+00   0.0000e+00   3.0001e+02
20261008_15:00:00   1.3926e-01   3.8031e+01   9.6503e+00   0.0000e+00   0.0000e+00   2.9947e+02
20261008_18:00:00   1.3348e-01   3.6670e+01   9.1509e+00   0.0000e+00   0.0000e+00   2.9473e+02
20261008_21:00:00   1.3352e-01   3.6703e+01   9.4023e+00   0.0000e+00   0.0000e+00   2.9079e+02
20261009_00:00:00   1.2890e-01   3.5556e+01   9.1015e+00   0.0000e+00   1.4654e-03   2.9321e+02
20261009_03:00:00   1.2563e-01   3.4650e+01   9.1848e+00   0.0000e+00   8.6790e-03   2.9249e+02
20261009_06:00:00   1.3143e-01   3.5912e+01   1.0358e+01   0.0000e+00   2.5165e-02   2.9615e+02
20261009_09:00:00   1.3516e-01   3.6877e+01   1.0619e+01   0.0000e+00   0.0000e+00   2.9035e+02
20261009_12:00:00   1.4505e-01   3.9327e+01   1.1905e+01   0.0000e+00   2.0039e-05   2.9467e+02
20261009_15:00:00   1.6124e-01   4.3215e+01   1.3976e+01   0.0000e+00   2.1326e-03   2.9869e+02
20261009_18:00:00   1.8464e-01   4.8725e+01   1.7377e+01   0.0000e+00   3.6279e-03   3.0007e+02
20261009_21:00:00   2.0496e-01   5.3570e+01   1.9880e+01   0.0000e+00   1.0040e-04   2.9916e+02
20261010_00:00:00   4.6849e-01   1.0542e+02   2.4485e+01   2.5030e-01   1.5469e-02   2.9499e+02
20261010_03:00:00   2.2637e-01   5.8702e+01   2.1700e+01   0.0000e+00   3.8674e-03   2.9556e+02
20261010_06:00:00   2.3439e-01   6.0437e+01   2.2374e+01   0.0000e+00   2.0623e-04   3.0123e+02
20261010_09:00:00   2.0330e-01   5.3079e+01   1.9808e+01   0.0000e+00   7.3396e-05   3.0397e+02
20261010_12:00:00   1.9742e-01   5.1532e+01   1.9155e+01   0.0000e+00   1.4444e-02   2.9984e+02
20261010_15:00:00   1.9860e-01   5.1708e+01   1.8958e+01   0.0000e+00   1.1925e-02   2.9410e+02
20261010_18:00:00   2.1479e-01   5.5352e+01   2.0423e+01   0.0000e+00   0.0000e+00   2.9528e+02
20261010_21:00:00   2.1649e-01   5.5894e+01   2.0277e+01   0.0000e+00   2.1785e-03   2.9359e+02
20261011_00:00:00   2.2044e-01   5.6698e+01   2.0757e+01   0.0000e+00   4.8077e-03   2.9106e+02
20261011_03:00:00   2.0909e-01   5.4142e+01   1.9785e+01   0.0000e+00   6.7454e-04   2.8885e+02
20261011_06:00:00   2.0298e-01   5.2731e+01   1.9190e+01   0.0000e+00   5.3897e-03   2.8200e+02
20261011_09:00:00   1.8681e-01   4.9194e+01   1.6805e+01   0.0000e+00   9.2030e-04   2.7583e+02
20261011_12:00:00   1.7227e-01   4.6009e+01   1.4365e+01   0.0000e+00   9.5980e-04   2.7887e+02
20261011_15:00:00   1.7054e-01   4.5789e+01   1.4270e+01   0.0000e+00   1.8114e-04   2.7814e+02
20261011_18:00:00   1.8801e-01   5.0058e+01   1.7277e+01   0.0000e+00   0.0000e+00   2.7213e+02
20261011_21:00:00   2.3066e-01   5.9909e+01   2.3404e+01   0.0000e+00   3.0735e-04   2.7448e+02
20261012_00:00:00   2.5249e-01   6.4881e+01   2.6208e+01   0.0000e+00   3.8867e-02   2.8410e+02
20261012_03:00:00   2.3864e-01   6.2053e+01   2.4440e+01   0.0000e+00   4.7249e-02   2.8251e+02
20261012_06:00:00   2.2627e-01   5.9429e+01   2.2142e+01   0.0000e+00   1.2889e-02   2.8102e+02
20261012_09:00:00   2.0366e-01   5.3649e+01   2.0845e+01   0.0000e+00   1.0899e-01   2.7248e+02
20261012_12:00:00   2.0563e-01   5.3549e+01   2.0744e+01   0.0000e+00   2.7514e-01   2.6613e+02
20261012_15:00:00   1.5149e-01   4.1160e+01   1.1745e+01   0.0000e+00   0.0000e+00   2.6634e+02
20261012_18:00:00   1.6839e-01   4.5044e+01   1.2746e+01   5.3640e-03   0.0000e+00   2.5902e+02
20261012_21:00:00   2.0040e-01   5.2185e+01   1.2214e+01   4.7520e-02   0.0000e+00   2.6119e+02
20261013_00:00:00   1.5074e-01   4.0689e+01   1.1439e+01   0.0000e+00   0.0000e+00   2.6660e+02
20261013_03:00:00   1.4197e-01   3.8561e+01   1.0530e+01   0.0000e+00   0.0000e+00   2.7273e+02
20261013_06:00:00   1.3301e-01   3.6395e+01   9.7218e+00   0.0000e+00   0.0000e+00   2.6935e+02
20261013_09:00:00   1.3697e-01   3.7243e+01   1.0719e+01   0.0000e+00   5.2561e-06   2.6975e+02
20261013_12:00:00   1.4010e-01   3.7964e+01   1.1215e+01   0.0000e+00   2.3037e-03   2.7605e+02
20261013_15:00:00   1.4556e-01   3.9287e+01   1.1903e+01   0.0000e+00   3.8847e-03   2.7286e+02
20261013_18:00:00   1.5557e-01   4.1726e+01   1.3469e+01   0.0000e+00   2.3879e-05   2.7541e+02
20261013_21:00:00   1.5340e-01   4.1485e+01   1.2993e+01   0.0000e+00   0.0000e+00   2.7888e+02
20261014_00:00:00   1.6263e-01   4.3740e+01   1.4105e+01   0.0000e+00   5.6288e-04   2.8110e+02
20261014_03:00:00   1.9481e-01   5.1027e+01   1.8011e+01   0.0000e+00   4.2190e-03   2.7823e+02
20261014_06:00:00   2.1708e-01   5.5773e+01   2.0989e+01   3.6140e-04   8.6135e-02   2.8125e+02
20261014_09:00:00   2.9299e-01   7.1591e+01   2.1780e+01   7.7636e-02   6.3488e-02   2.8844e+02
20261014_12:00:00   3.4187e-01   8.1270e+01   2.2711e+01   1.2410e-01   3.0474e-01   2.9495e+02
