#            date       tau255        Tb[K]      pwv[mm] lwp[kg*m^-2] iwp[kg*m^-2]       o3[DU]
20260804_12:00:00   2.6581e-01   6.9278e+01   2.5442e+01   0.0000e+00   0.0000e+00   3.1120e+02
20260804_13:00:00   2.6989e-01   7.0179e+01   2.5952e+01   0.0000e+00   5.3702e-04   3.0886e+02
20260804_14:00:00   2.8126e-01   7.2659e+01   2.7480e+01   0.0000e+00   4.1865e-04   3.0848e+02
20260804_15:00:00   3.0375e-01   7.7430e+01   3.0595e+01   0.0000e+00   4.0736e-04   3.0586e+02
20260804_16:00:00   3.4294e-01   8.5401e+01   3.5402e+01   0.0000e+00   2.8464e-03   3.0268e+02
20260804_17:00:00   3.6971e-01   9.0707e+01   3.8614e+01   0.0000e+00   4.2108e-03   3.0165e+02
20260804_18:00:00   3.8836e-01   9.4332e+01   4.1189e+01   0.0000e+00   3.3193e-02   3.0046e+02
20260804_19:00:00   4.2706e-01   1.0165e+02   4.4942e+01   4.4160e-04   8.1169e-03   3.0107e+02
20260804_20:00:00   4.4504e-01   1.0507e+02   4.6353e+01   7.6476e-03   4.0764e-02   3.0297e+02
20260804_21:00:00   4.7056e-01   1.0972e+02   4.8120e+01   1.7054e-02   6.5321e-02   3.0598e+02
20260804_22:00:00   5.0166e-01   1.1532e+02   4.8951e+01   4.0220e-02   3.9764e-03   3.0779e+02
20260804_23:00:00   5.0917e-01   1.1667e+02   4.9506e+01   3.8300e-02   2.6220e-05   3.0863e+02
20260805_00:00:00   4.8267e-01   1.1202e+02   4.9962e+01   1.6702e-03   2.4036e-04   3.0795e+02
20260805_01:00:00   4.8141e-01   1.1174e+02   5.0445e+01   3.1220e-06   3.0867e-03   3.0744e+02
20260805_02:00:00   4.9047e-01   1.1323e+02   5.0945e+01   2.0872e-03   3.6198e-02   3.0832e+02
20260805_03:00:00   4.9388e-01   1.1370e+02   5.1661e+01   0.0000e+00   7.6151e-02   3.0813e+02
20260805_04:00:00   6.3872e-01   1.3581e+02   5.2485e+01   1.4932e-01   1.1105e+00   3.0773e+02
20260805_05:00:00   5.0228e-01   1.1469e+02   5.0840e+01   1.4890e-02   1.2479e-01   3.0652e+02
20260805_06:00:00   5.6159e-01   1.2387e+02   5.1239e+01   7.4405e-02   7.9785e-01   3.0766e+02
20260805_07:00:00   8.8001e-01   1.6617e+02   5.2592e+01   4.1817e-01   5.5054e-01   3.0587e+02
20260805_08:00:00   5.0060e-01   1.1417e+02   5.1097e+01   1.7773e-03   3.1943e-01   3.0769e+02
20260805_09:00:00   5.2431e-01   1.1817e+02   4.9749e+01   4.5019e-02   3.4006e-01   3.1178e+02
20260805_10:00:00   4.7047e-01   1.0895e+02   4.7657e+01   3.8079e-03   4.4415e-01   3.1168e+02
20260805_11:00:00   4.7681e-01   1.1017e+02   4.7488e+01   3.5230e-03   2.1073e-02   3.1067e+02
20260805_12:00:00   4.9634e-01   1.1383e+02   4.5695e+01   3.7975e-02   3.9103e-03   3.1117e+02
20260805_13:00:00   7.7247e-01   1.5535e+02   4.5996e+01   3.7006e-01   3.0468e-02   3.1118e+02
20260805_14:00:00   4.9235e-01   1.1310e+02   4.5233e+01   3.3972e-02   1.8171e-02   3.1257e+02
20260805_15:00:00   7.1959e-01   1.4830e+02   4.6383e+01   2.9680e-01   7.4352e-04   3.1211e+02
20260805_16:00:00   5.6923e-01   1.2604e+02   4.7084e+01   1.1204e-01   7.4111e-04   3.1235e+02
20260805_17:00:00   6.3350e-01   1.3615e+02   4.8312e+01   1.8167e-01   1.2166e-02   3.1287e+02
20260805_18:00:00   5.8479e-01   1.2848e+02   4.9959e+01   1.0508e-01   2.5951e-01   3.1402e+02
20260805_19:00:00   6.1496e-01   1.3289e+02   5.0557e+01   1.3432e-01   2.1520e-01   3.1227e+02
20260805_20:00:00   3.5013e+00   2.7462e+02   5.4607e+01   3.4459e+00   2.3299e+00   3.0904e+02
20260805_21:00:00   9.4081e-01   1.7168e+02   4.6495e+01   5.6924e-01   1.3438e+00   3.0888e+02
20260805_22:00:00   4.2653e-01   9.9874e+01   4.2075e+01   3.3109e-02   7.5173e-01   3.1398e+02
20260805_23:00:00   3.6333e-01   8.8453e+01   3.6578e+01   1.0626e-03   6.2831e-01   3.1873e+02
20260806_00:00:00   2.7908e-01   7.1780e+01   2.7265e+01   0.0000e+00   6.9642e-02   3.2212e+02
20260806_01:00:00   2.7368e-01   7.0751e+01   2.6076e+01   0.0000e+00   1.2320e-06   3.2500e+02
20260806_02:00:00   2.8276e-01   7.2680e+01   2.6372e+01   0.0000e+00   0.0000e+00   3.2903e+02
20260806_03:00:00   2.7533e-01   7.1102e+01   2.5587e+01   0.0000e+00   0.0000e+00   3.3423e+02
20260806_04:00:00   2.6363e-01   6.8540e+01   2.4501e+01   0.0000e+00   0.0000e+00   3.3803e+02
20260806_05:00:00   2.4791e-01   6.5027e+01   2.3088e+01   0.0000e+00   0.0000e+00   3.4221e+02
20260806_06:00:00   2.4145e-01   6.3511e+01   2.2526e+01   0.0000e+00   0.0000e+00   3.4457e+02
20260806_07:00:00   2.3423e-01   6.1828e+01   2.2018e+01   0.0000e+00   0.0000e+00   3.4324e+02
20260806_08:00:00   2.2428e-01   5.9547e+01   2.1165e+01   0.0000e+00   0.0000e+00   3.4160e+02
20260806_09:00:00   2.3192e-01   6.1184e+01   2.1829e+01   0.0000e+00   0.0000e+00   3.4028e+02
20260806_10:00:00   2.2902e-01   6.0528e+01   2.1354e+01   0.0000e+00   0.0000e+00   3.4135e+02
20260806_11:00:00   2.2241e-01   5.9062e+01   2.0604e+01   0.0000e+00   0.0000e+00   3.4371e+02
20260806_12:00:00   2.2035e-01   5.8587e+01   2.0339e+01   0.0000e+00   0.0000e+00   3.4369e+02
20260806_13:00:00   2.2785e-01   6.0264e+01   2.0987e+01   0.0000e+00   0.0000e+00   3.4444e+02
20260806_14:00:00   2.3134e-01   6.1110e+01   2.1274e+01   0.0000e+00   0.0000e+00   3.4676e+02
20260806_15:00:00   2.4137e-01   6.3429e+01   2.2113e+01   0.0000e+00   0.0000e+00   3.4885e+02
20260806_16:00:00   2.5296e-01   6.6086e+01   2.3201e+01   0.0000e+00   0.0000e+00   3.4586e+02
20260806_17:00:00   2.6032e-01   6.7838e+01   2.3955e+01   0.0000e+00   0.0000e+00   3.4604e+02
20260806_18:00:00   2.7812e-01   7.1828e+01   2.5580e+01   0.0000e+00   0.0000e+00   3.4467e+02
20260806_19:00:00   2.8537e-01   7.3491e+01   2.6565e+01   0.0000e+00   0.0000e+00   3.4347e+02
20260806_20:00:00   2.9404e-01   7.5424e+01   2.7771e+01   0.0000e+00   0.0000e+00   3.4738e+02
20260806_21:00:00   2.9697e-01   7.6134e+01   2.8232e+01   0.0000e+00   0.0000e+00   3.5134e+02
20260806_22:00:00   2.9836e-01   7.6566e+01   2.7970e+01   0.0000e+00   0.0000e+00   3.5238e+02
20260806_23:00:00   3.0716e-01   7.8472e+01   2.8396e+01   2.7020e-03   0.0000e+00   3.5342e+02
20260807_00:00:00   3.3723e-01   8.4730e+01   2.9389e+01   3.0700e-02   0.0000e+00   3.5312e+02
20260807_01:00:00   4.2868e-01   1.0271e+02   3.0762e+01   1.2988e-01   0.0000e+00   3.4956e+02
20260807_02:00:00   4.0934e-01   9.9139e+01   3.0029e+01   1.1468e-01   0.0000e+00   3.5327e+02
20260807_03:00:00   3.0876e-01   7.8882e+01   2.9075e+01   0.0000e+00   0.0000e+00   3.4901e+02
20260807_04:00:00   3.1358e-01   7.9903e+01   2.9395e+01   0.0000e+00   0.0000e+00   3.4401e+02
20260807_05:00:00   3.2590e-01   8.2477e+01   2.9901e+01   0.0000e+00   6.1900e-05   3.4323e+02
20260807_06:00:00   3.1832e-01   8.0944e+01   2.8695e+01   0.0000e+00   3.2520e-03   3.4120e+02
20260807_07:00:00   3.1655e-01   8.0545e+01   2.8742e+01   0.0000e+00   9.6660e-04   3.3893e+02
20260807_08:00:00   3.0982e-01   7.9027e+01   2.9081e+01   0.0000e+00   3.5525e-04   3.3816e+02
20260807_09:00:00   3.1683e-01   8.0308e+01   3.0635e+01   0.0000e+00   2.4337e-03   3.3029e+02
20260807_10:00:00   3.3933e-01   8.4782e+01   3.3046e+01   0.0000e+00   0.0000e+00   3.2941e+02
20260807_11:00:00   3.2549e-01   8.1998e+01   3.1746e+01   0.0000e+00   5.8747e-03   3.2606e+02
20260807_12:00:00   3.0696e-01   7.8201e+01   2.9987e+01   0.0000e+00   8.8011e-03   3.2720e+02
20260807_13:00:00   3.0786e-01   7.8265e+01   3.0662e+01   0.0000e+00   1.5582e-02   3.2775e+02
20260807_14:00:00   3.0817e-01   7.8295e+01   3.0988e+01   0.0000e+00   4.6303e-02   3.2517e+02
20260807_15:00:00   3.1488e-01   7.9867e+01   3.1042e+01   4.5880e-05   1.6910e-03   3.2611e+02
20260807_16:00:00   3.2392e-01   8.2005e+01   3.0948e+01   1.0987e-03   1.4994e-05   3.2475e+02
20260807_17:00:00   3.4738e-01   8.6930e+01   3.3153e+01   5.6212e-04   7.0100e-07   3.2467e+02
20260807_18:00:00   3.5304e-01   8.8111e+01   3.4176e+01   1.8068e-03   0.0000e+00   3.2528e+02
20260807_19:00:00   3.8956e-01   9.5322e+01   3.7770e+01   4.8960e-03   1.2256e-05   3.2501e+02
20260807_20:00:00   3.9083e-01   9.5668e+01   3.8033e+01   4.3091e-03   1.0557e-05   3.2378e+02
20260807_21:00:00   3.8824e-01   9.5424e+01   3.7844e+01   1.7696e-04   5.2440e-06   3.2255e+02
20260807_22:00:00   3.6401e-01   9.0924e+01   3.4807e+01   0.0000e+00   0.0000e+00   3.2009e+02
20260807_23:00:00   3.3919e-01   8.6005e+01   3.2555e+01   0.0000e+00   0.0000e+00   3.1880e+02
20260808_00:00:00   3.1607e-01   8.1238e+01   3.0372e+01   0.0000e+00   4.6154e-03   3.1915e+02
20260808_01:00:00   3.4658e-01   8.7357e+01   3.3967e+01   0.0000e+00   2.2149e-01   3.1182e+02
20260808_02:00:00   3.6724e-01   9.1402e+01   3.6663e+01   0.0000e+00   1.1184e-01   3.1183e+02
20260808_03:00:00   3.4559e-01   8.6800e+01   3.5326e+01   0.0000e+00   2.6739e-02   3.1240e+02
20260808_04:00:00   2.8654e-01   7.4083e+01   3.0644e+01   0.0000e+00   5.2032e-03   3.1361e+02
20260808_05:00:00   2.5597e-01   6.7225e+01   2.7570e+01   0.0000e+00   6.4561e-03   3.1378e+02
20260808_06:00:00   2.5451e-01   6.7089e+01   2.6628e+01   0.0000e+00   4.2944e-03   3.1290e+02
20260808_07:00:00   2.5805e-01   6.7873e+01   2.6728e+01   0.0000e+00   2.5162e-03   3.1493e+02
20260808_08:00:00   2.6152e-01   6.8660e+01   2.6844e+01   0.0000e+00   1.3814e-03   3.1839e+02
20260808_09:00:00   2.6734e-01   6.9918e+01   2.6969e+01   0.0000e+00   1.3406e-04   3.2252e+02
20260808_10:00:00   2.6189e-01   6.8776e+01   2.6206e+01   0.0000e+00   0.0000e+00   3.2018e+02
20260808_11:00:00   2.6834e-01   7.0282e+01   2.6569e+01   0.0000e+00   0.0000e+00   3.1818e+02
20260808_12:00:00   2.9735e-01   7.6493e+01   2.9901e+01   0.0000e+00   0.0000e+00   3.1739e+02
20260808_13:00:00   3.1377e-01   7.9979e+01   3.1690e+01   0.0000e+00   0.0000e+00   3.1738e+02
20260808_14:00:00   3.2934e-01   8.3313e+01   3.3599e+01   0.0000e+00   0.0000e+00   3.1755e+02
20260808_15:00:00   3.4946e-01   8.7581e+01   3.5543e+01   0.0000e+00   0.0000e+00   3.1813e+02
20260808_16:00:00   3.7178e-01   9.2278e+01   3.7531e+01   0.0000e+00   0.0000e+00   3.1950e+02
20260808_17:00:00   3.7989e-01   9.4111e+01   3.8288e+01   0.0000e+00   5.2440e-06   3.2008e+02
20260808_18:00:00   3.8249e-01   9.4784e+01   3.8659e+01   0.0000e+00   5.1319e-04   3.2006e+02
20260808_19:00:00   4.3265e-01   1.0419e+02   4.2238e+01   1.4804e-02   7.7347e-03   3.1761e+02
20260808_20:00:00   4.3402e-01   1.0465e+02   4.3207e+01   1.3273e-02   3.4119e-02   3.1501e+02
20260808_21:00:00   4.9969e-01   1.1637e+02   4.7665e+01   2.9102e-02   1.0971e-01   3.1379e+02
20260808_22:00:00   4.3914e-01   1.0554e+02   4.4214e+01   2.5316e-03   4.4096e-02   3.1622e+02
20260808_23:00:00   4.0617e-01   9.9393e+01   4.1836e+01   3.3617e-04   1.7405e-02   3.1609e+02
20260809_00:00:00   4.0674e-01   9.9533e+01   4.1843e+01   0.0000e+00   3.8510e-02   3.1390e+02
20260809_01:00:00   3.9244e-01   9.6710e+01   4.1097e+01   0.0000e+00   2.7764e-01   3.1167e+02
20260809_02:00:00   4.0092e-01   9.8322e+01   4.2942e+01   0.0000e+00   3.3813e-01   3.1308e+02
20260809_03:00:00   4.8017e-01   1.1233e+02   5.0784e+01   1.9110e-03   1.2193e+00   3.1019e+02
20260809_04:00:00   4.0560e-01   9.8715e+01   4.4411e+01   1.5260e-03   5.1732e-01   3.1337e+02
20260809_05:00:00   3.3127e-01   8.3719e+01   3.6235e+01   8.6240e-06   4.3560e-01   3.1251e+02
20260809_06:00:00   6.2103e-01   1.3284e+02   4.3921e+01   2.5230e-01   1.6429e-01   3.1214e+02
20260809_07:00:00   4.1679e-01   1.0100e+02   4.5249e+01   3.0640e-04   7.6323e-02   3.1044e+02
20260809_08:00:00   3.8966e-01   9.5832e+01   4.2223e+01   1.7248e-05   6.2552e-03   3.1255e+02
20260809_09:00:00   3.8151e-01   9.4180e+01   4.1409e+01   0.0000e+00   2.4742e-03   3.1140e+02
20260809_10:00:00   3.8617e-01   9.4859e+01   4.1943e+01   2.4900e-04   2.5314e-04   3.1295e+02
20260809_11:00:00   3.5993e-01   8.9795e+01   3.8987e+01   0.0000e+00   2.5920e-05   3.1321e+02
20260809_12:00:00   3.5877e-01   8.9510e+01   3.8940e+01   0.0000e+00   0.0000e+00   3.1499e+02
20260809_15:00:00   3.3804e-01   8.5461e+01   3.6591e+01   0.0000e+00   0.0000e+00   3.1740e+02
20260809_18:00:00   3.4495e-01   8.7007e+01   3.7397e+01   0.0000e+00   1.3108e-05   3.1510e+02
20260809_21:00:00   3.4017e-01   8.6304e+01   3.5549e+01   0.0000e+00   0.0000e+00   3.1491e+02
20260810_00:00:00   2.9228e-01   7.6592e+01   2.8772e+01   0.0000e+00   0.0000e+00   3.1271e+02
20260810_03:00:00   3.7765e-01   9.4203e+01   3.8991e+01   0.0000e+00   1.1639e-02   3.1120e+02
20260810_06:00:00   3.7017e-01   9.2542e+01   3.9669e+01   0.0000e+00   5.7560e-05   3.1333e+02
20260810_09:00:00   3.4489e-01   8.6995e+01   3.8309e+01   0.0000e+00   1.0676e-04   3.1586e+02
20260810_12:00:00   3.3800e-01   8.5167e+01   3.8579e+01   5.2020e-07   8.7542e-03   3.1871e+02
20260810_15:00:00   3.2788e-01   8.2681e+01   3.8480e+01   6.0364e-06   4.2568e-01   3.1707e+02
20260810_18:00:00   4.0847e-01   9.7590e+01   3.8421e+01   8.6076e-02   1.9941e-01   3.2064e+02
20260810_21:00:00   3.2879e-01   8.3255e+01   3.7592e+01   5.5340e-06   3.0144e-02   3.2155e+02
20260811_00:00:00   4.1326e-01   1.0061e+02   4.5299e+01   0.0000e+00   2.0586e-03   3.2001e+02
20260811_03:00:00   5.0291e-01   1.1677e+02   5.2636e+01   0.0000e+00   2.1501e-04   3.1792e+02
20260811_06:00:00   1.8956e+00   2.4049e+02   5.9787e+01   1.5124e+00   1.6432e+00   3.0276e+02
20260811_09:00:00   4.3110e-01   1.0239e+02   4.5264e+01   1.6815e-03   4.8925e-01   3.1068e+02
20260811_12:00:00   3.8909e-01   9.4461e+01   3.8196e+01   8.5780e-05   2.7861e-04   3.1733e+02
20260811_15:00:00   3.4176e-01   8.4966e+01   3.2432e+01   2.8702e-03   0.0000e+00   3.2252e+02
20260811_18:00:00   2.7848e-01   7.2046e+01   2.5794e+01   0.0000e+00   0.0000e+00   3.2736e+02
20260811_21:00:00   2.9443e-01   7.5168e+01   2.9564e+01   0.0000e+00   1.5783e-04   3.2733e+02
20260812_00:00:00   3.0340e-01   7.6706e+01   3.2079e+01   0.0000e+00   6.3628e-03   3.2835e+02
20260812_03:00:00   2.9697e-01   7.4933e+01   3.2501e+01   0.0000e+00   3.7038e-02   3.2635e+02
20260812_06:00:00   3.7948e-01   9.0274e+01   3.4188e+01   7.7038e-02   2.5702e-03   3.2229e+02
20260812_09:00:00   2.9608e-01   7.4099e+01   3.1238e+01   5.5305e-03   2.2127e-03   3.2518e+02
20260812_12:00:00   2.9168e-01   7.2752e+01   2.8483e+01   2.4946e-02   1.1972e-02   3.2095e+02
20260812_15:00:00   2.5135e-01   6.4505e+01   2.5638e+01   0.0000e+00   0.0000e+00   3.2191e+02
20260812_18:00:00   2.2711e-01   5.9351e+01   2.2281e+01   0.0000e+00   0.0000e+00   3.3189e+02
20260812_21:00:00   2.2655e-01   5.9320e+01   2.1489e+01   0.0000e+00   1.9500e-03   3.3626e+02
20260813_00:00:00   2.3150e-01   6.0312e+01   2.2639e+01   0.0000e+00   1.5068e-03   3.3843e+02
20260813_03:00:00   2.2932e-01   5.9755e+01   2.2504e+01   0.0000e+00   5.8020e-04   3.4005e+02
20260813_06:00:00   2.1727e-01   5.6931e+01   2.1251e+01   0.0000e+00   0.0000e+00   3.4416e+02
20260813_09:00:00   2.3107e-01   5.9840e+01   2.3004e+01   0.0000e+00   4.5760e-04   3.4447e+02
20260813_12:00:00   2.5137e-01   6.3972e+01   2.5690e+01   0.0000e+00   2.2634e-02   3.3750e+02
20260813_15:00:00   3.1905e-01   7.7689e+01   3.0455e+01   2.7559e-02   5.0998e-01   3.3735e+02
20260813_18:00:00   3.4118e-01   8.2053e+01   3.1996e+01   3.1333e-02   6.4847e-01   3.3676e+02
20260813_21:00:00   3.2649e-01   7.9548e+01   3.1579e+01   1.3904e-02   1.0742e-01   3.3629e+02
20260814_00:00:00   2.8229e-01   7.1130e+01   2.6388e+01   0.0000e+00   7.0674e-05   3.3899e+02
20260814_03:00:00   2.4696e-01   6.3680e+01   2.2415e+01   0.0000e+00   3.0620e-04   3.3530e+02
20260814_06:00:00   2.3659e-01   6.1431e+01   2.0998e+01   0.0000e+00   9.0020e-04   3.3402e+02
20260814_09:00:00   2.1970e-01   5.7739e+01   1.8903e+01   0.0000e+00   0.0000e+00   3.3299e+02
20260814_12:00:00   2.1130e-01   5.5791e+01   1.8270e+01   0.0000e+00   5.5479e-03   3.3138e+02
20260814_15:00:00   2.1586e-01   5.6957e+01   1.8596e+01   0.0000e+00   0.0000e+00   3.3073e+02
20260814_18:00:00   2.3581e-01   6.1561e+01   2.1086e+01   0.0000e+00   5.2020e-07   3.3084e+02
20260814_21:00:00   2.8128e-01   7.1389e+01   2.3158e+01   3.6425e-02   1.6350e-03   3.2618e+02
20260815_00:00:00   3.4146e-01   8.3734e+01   2.3004e+01   1.1156e-01   3.1414e-02   3.2795e+02
20260815_03:00:00   2.3478e-01   6.1445e+01   2.1365e+01   0.0000e+00   6.1882e-03   3.3324e+02
20260815_06:00:00   2.1896e-01   5.7916e+01   1.9503e+01   0.0000e+00   1.9662e-05   3.3440e+02
20260815_09:00:00   2.1368e-01   5.6673e+01   1.8729e+01   0.0000e+00   0.0000e+00   3.3516e+02
20260815_12:00:00   2.2377e-01   5.8895e+01   1.9395e+01   0.0000e+00   0.0000e+00   3.3520e+02
20260815_15:00:00   2.3119e-01   6.0691e+01   1.9942e+01   0.0000e+00   0.0000e+00   3.3245e+02
20260815_18:00:00   2.3333e-01   6.1429e+01   2.0288e+01   2.5720e-04   0.0000e+00   3.2895e+02
20260815_21:00:00   2.3696e-01   6.2387e+01   2.0846e+01   2.2140e-05   0.0000e+00   3.2628e+02
20260816_00:00:00   2.3242e-01   6.1430e+01   2.0526e+01   0.0000e+00   0.0000e+00   3.2370e+02
20260816_03:00:00   2.2676e-01   6.0059e+01   2.0163e+01   0.0000e+00   0.0000e+00   3.2249e+02
20260816_06:00:00   2.1639e-01   5.7585e+01   1.9318e+01   0.0000e+00   0.0000e+00   3.2441e+02
20260816_09:00:00   2.2900e-01   6.0318e+01   2.0940e+01   0.0000e+00   3.6080e-04   3.2804e+02
20260816_12:00:00   2.2941e-01   6.0350e+01   2.1123e+01   0.0000e+00   0.0000e+00   3.3433e+02
20260816_15:00:00   2.4658e-01   6.4188e+01   2.3146e+01   0.0000e+00   5.5340e-06   3.3214e+02
20260816_18:00:00   2.6417e-01   6.8253e+01   2.5018e+01   0.0000e+00   4.4277e-05   3.2742e+02
20260816_21:00:00   2.5845e-01   6.7230e+01   2.4577e+01   0.0000e+00   1.6001e-03   3.2794e+02
20260817_00:00:00   2.4280e-01   6.3896e+01   2.2793e+01   0.0000e+00   0.0000e+00   3.3201e+02
20260817_03:00:00   2.1773e-01   5.8041e+01   2.0963e+01   0.0000e+00   0.0000e+00   3.3377e+02
20260817_06:00:00   2.3588e-01   6.1978e+01   2.3004e+01   0.0000e+00   3.3840e-06   3.3145e+02
20260817_09:00:00   2.4073e-01   6.2870e+01   2.3982e+01   0.0000e+00   2.0444e-04   3.3103e+02
20260817_12:00:00   2.5752e-01   6.6451e+01   2.5737e+01   0.0000e+00   1.8482e-03   3.2879e+02
20260817_15:00:00   2.7864e-01   7.1054e+01   2.7800e+01   0.0000e+00   2.3448e-03   3.3151e+02
20260817_18:00:00   2.8754e-01   7.3119e+01   2.9399e+01   0.0000e+00   9.1670e-04   3.3047e+02
20260817_21:00:00   3.0060e-01   7.5963e+01   3.1102e+01   0.0000e+00   8.8037e-03   3.2617e+02
20260818_00:00:00   3.7793e-01   9.1201e+01   3.6945e+01   3.0052e-02   3.1672e-02   3.2456e+02
20260818_03:00:00   4.5438e-01   1.0482e+02   3.6538e+01   1.1578e-01   5.4793e-02   3.2177e+02
20260818_06:00:00   4.0182e-01   9.5369e+01   3.8734e+01   3.7785e-02   1.8895e-01   3.2301e+02
20260818_09:00:00   7.9522e-01   1.5415e+02   4.0612e+01   4.6081e-01   3.4095e-02   3.1813e+02
20260818_12:00:00   1.0148e+00   1.7855e+02   3.9533e+01   7.1011e-01   9.5464e-03   3.1500e+02
20260818_15:00:00   4.1892e-01   9.8332e+01   3.6105e+01   7.4985e-02   1.5458e-04   3.1761e+02
20260818_18:00:00   3.9449e-01   9.4018e+01   3.4475e+01   6.5689e-02   5.2440e-06   3.1668e+02
20260818_21:00:00   3.3105e-01   8.2279e+01   3.3826e+01   0.0000e+00   0.0000e+00   3.2054e+02
20260819_00:00:00   3.4096e-01   8.4556e+01   3.4754e+01   0.0000e+00   5.8542e-04   3.2139e+02
20260819_03:00:00   3.7192e-01   9.0510e+01   3.4338e+01   3.9005e-02   0.0000e+00   3.1612e+02
20260819_06:00:00   3.3559e-01   8.3473e+01   3.3685e+01   0.0000e+00   0.0000e+00   3.1658e+02
20260819_09:00:00   3.2450e-01   8.1066e+01   3.2540e+01   0.0000e+00   6.5118e-04   3.1522e+02
20260819_12:00:00   3.3416e-01   8.2668e+01   3.2433e+01   2.0760e-02   1.8334e-05   3.1256e+02
20260819_15:00:00   3.2391e-01   8.0793e+01   3.3757e+01   0.0000e+00   7.5496e-04   3.1256e+02
20260819_18:00:00   3.4103e-01   8.4560e+01   3.6255e+01   0.0000e+00   1.0982e-04   3.1309e+02
20260819_21:00:00   3.4553e-01   8.5917e+01   3.6399e+01   2.6020e-06   2.7174e-02   3.1388e+02
20260820_00:00:00   3.3522e-01   8.3914e+01   3.5104e+01   0.0000e+00   8.0398e-02   3.1185e+02
20260820_03:00:00   3.3375e-01   8.3486e+01   3.5156e+01   0.0000e+00   7.9560e-02   3.1086e+02
20260820_06:00:00   3.2805e-01   8.2268e+01   3.5184e+01   0.0000e+00   2.6590e-03   3.0736e+02
20260820_09:00:00   4.5376e-01   1.0546e+02   3.8845e+01   9.4640e-02   5.6443e-03   3.0663e+02
20260820_12:00:00   5.2398e-01   1.1716e+02   4.3065e+01   1.3372e-01   1.0366e-02   3.0533e+02
