#            date       tau255        Tb[K]      pwv[mm] lwp[kg*m^-2] iwp[kg*m^-2]       o3[DU]
20260924_12:00:00   2.2839e-01   5.9322e+01   2.2016e+01   0.0000e+00   5.2178e-04   2.8273e+02
20260924_13:00:00   2.3345e-01   6.0422e+01   2.2798e+01   0.0000e+00   1.8697e-03   2.8258e+02
20260924_14:00:00   2.5079e-01   6.4152e+01   2.4642e+01   0.0000e+00   6.3054e-05   2.8159e+02
20260924_15:00:00   2.5574e-01   6.5240e+01   2.5574e+01   0.0000e+00   1.6205e-03   2.8014e+02
20260924_16:00:00   2.6023e-01   6.6230e+01   2.6570e+01   5.7620e-05   6.7738e-04   2.8057e+02
20260924_17:00:00   2.7759e-01   6.9949e+01   2.8180e+01   2.2714e-03   4.0474e-05   2.8231e+02
20260924_18:00:00   2.8207e-01   7.1003e+01   2.8956e+01   1.0334e-03   7.3810e-06   2.8321e+02
20260924_19:00:00   2.9136e-01   7.3025e+01   2.9944e+01   3.3470e-03   1.0170e-03   2.8303e+02
20260924_20:00:00   3.0200e-01   7.5255e+01   3.0819e+01   9.4090e-03   3.9136e-03   2.8310e+02
20260924_21:00:00   3.3325e-01   8.1606e+01   3.2083e+01   3.4518e-02   5.1954e-03   2.8482e+02
20260924_22:00:00   3.8972e-01   9.2617e+01   3.3252e+01   9.1603e-02   1.1296e-01   2.8595e+02
20260924_23:00:00   3.5548e-01   8.5867e+01   3.4114e+01   4.0701e-02   4.8723e-01   2.8718e+02
20260925_00:00:00   3.3520e-01   8.1773e+01   3.5172e+01   6.3939e-03   3.6349e-01   2.8687e+02
20260925_01:00:00   3.4555e-01   8.3776e+01   3.5757e+01   1.2748e-02   3.4785e-01   2.8685e+02
20260925_02:00:00   4.4422e-01   1.0194e+02   3.7034e+01   1.1197e-01   6.1847e-01   2.8610e+02
20260925_03:00:00   6.7318e-01   1.3773e+02   3.7617e+01   3.7038e-01   3.0533e-01   2.8491e+02
20260925_04:00:00   8.0698e-01   1.5527e+02   3.8882e+01   5.0773e-01   4.8139e-02   2.8437e+02
20260925_05:00:00   7.5997e-01   1.4944e+02   4.0065e+01   4.3906e-01   1.2857e-02   2.8404e+02
20260925_06:00:00   7.4835e-01   1.4794e+02   4.0233e+01   4.2122e-01   1.2674e-01   2.8345e+02
20260925_07:00:00   7.8348e-01   1.5236e+02   4.0434e+01   4.5788e-01   1.1322e-01   2.8328e+02
20260925_08:00:00   8.5706e-01   1.6112e+02   4.0903e+01   5.3463e-01   3.3660e-02   2.8280e+02
20260925_09:00:00   9.9123e-01   1.7582e+02   4.1300e+01   6.8324e-01   4.5211e-02   2.8266e+02
20260925_10:00:00   1.1389e+00   1.8961e+02   4.1908e+01   8.4042e-01   2.6948e-01   2.8322e+02
20260925_11:00:00   1.1536e+00   1.9093e+02   4.2401e+01   8.4835e-01   6.3736e-01   2.8301e+02
20260925_12:00:00   9.6214e-01   1.7286e+02   4.2866e+01   6.2429e-01   6.6790e-01   2.8377e+02
20260925_13:00:00   6.7030e-01   1.3758e+02   4.3076e+01   2.8726e-01   6.3347e-01   2.8424e+02
20260925_14:00:00   8.1714e-01   1.5635e+02   4.2760e+01   4.5635e-01   3.4577e-01   2.8562e+02
20260925_15:00:00   7.3613e-01   1.4644e+02   4.2723e+01   3.6657e-01   2.1678e-01   2.8667e+02
20260925_16:00:00   9.0234e-01   1.6668e+02   4.2299e+01   5.6184e-01   2.1795e-02   2.8881e+02
20260925_17:00:00   9.8387e-01   1.7517e+02   4.1835e+01   6.5859e-01   1.0342e-01   2.9093e+02
20260925_18:00:00   7.0831e-01   1.4274e+02   4.1391e+01   3.4687e-01   1.7253e-01   2.9242e+02
20260925_19:00:00   5.2770e-01   1.1621e+02   4.0917e+01   1.4457e-01   2.5529e-01   2.9184e+02
20260925_20:00:00   5.2032e-01   1.1493e+02   4.0419e+01   1.3959e-01   7.1168e-02   2.9130e+02
20260925_21:00:00   5.0420e-01   1.1233e+02   3.9385e+01   1.2922e-01   6.3953e-02   2.9223e+02
20260925_22:00:00   4.4007e-01   1.0171e+02   3.8173e+01   6.7438e-02   1.0029e-02   2.9299e+02
20260925_23:00:00   3.8739e-01   9.2124e+01   3.6747e+01   1.8147e-02   1.4674e-03   2.9350e+02
20260926_00:00:00   3.6373e-01   8.7683e+01   3.5889e+01   1.1766e-03   2.3051e-03   2.9175e+02
20260926_01:00:00   3.5866e-01   8.6720e+01   3.5522e+01   6.9460e-04   1.1113e-03   2.9115e+02
20260926_02:00:00   3.5411e-01   8.5836e+01   3.4821e+01   8.5233e-04   2.8618e-03   2.9097e+02
20260926_03:00:00   3.4656e-01   8.4323e+01   3.4371e+01   1.7986e-04   4.7811e-03   2.9064e+02
20260926_04:00:00   3.3197e-01   8.1353e+01   3.3214e+01   0.0000e+00   1.4151e-02   2.9003e+02
20260926_05:00:00   3.1376e-01   7.7614e+01   3.1634e+01   0.0000e+00   1.4303e-02   2.8986e+02
20260926_06:00:00   2.9838e-01   7.4349e+01   3.0772e+01   0.0000e+00   3.9383e-02   2.8966e+02
20260926_07:00:00   2.8952e-01   7.2342e+01   3.0325e+01   0.0000e+00   1.4693e-02   2.8925e+02
20260926_08:00:00   2.8924e-01   7.2172e+01   3.0612e+01   7.1940e-05   3.3814e-02   2.9017e+02
20260926_09:00:00   3.1851e-01   7.7968e+01   3.1889e+01   2.3175e-02   2.5523e-01   2.9048e+02
20260926_10:00:00   3.4472e-01   8.3040e+01   3.2962e+01   4.4466e-02   5.8895e-02   2.8976e+02
20260926_11:00:00   3.1477e-01   7.7096e+01   3.2887e+01   1.1084e-02   1.6528e-01   2.8920e+02
20260926_12:00:00   3.4236e-01   8.2468e+01   3.3655e+01   3.4719e-02   4.5109e-01   2.8813e+02
20260926_13:00:00   3.8442e-01   9.0470e+01   3.5191e+01   6.4671e-02   5.4353e-01   2.9063e+02
20260926_14:00:00   4.8933e-01   1.0894e+02   3.5981e+01   1.7362e-01   5.0955e-01   2.9048e+02
20260926_15:00:00   7.4345e-01   1.4659e+02   3.8008e+01   4.3916e-01   5.7094e-01   2.9206e+02
20260926_16:00:00   1.0574e+00   1.8192e+02   3.9520e+01   7.8060e-01   5.9530e-01   2.9133e+02
20260926_17:00:00   1.1544e+00   1.9143e+02   4.1850e+01   8.6466e-01   6.8554e-01   2.9122e+02
20260926_18:00:00   9.8331e-01   1.7512e+02   4.2990e+01   6.4777e-01   6.3870e-01   2.9119e+02
20260926_19:00:00   7.7107e-01   1.5078e+02   4.2908e+01   4.0277e-01   3.9656e-01   2.9047e+02
20260926_20:00:00   7.6415e-01   1.4999e+02   4.2589e+01   3.9889e-01   3.7525e-01   2.8948e+02
20260926_21:00:00   8.6128e-01   1.6155e+02   4.2219e+01   5.1275e-01   3.3635e-01   2.8985e+02
20260926_22:00:00   6.6107e-01   1.3614e+02   4.2016e+01   2.8746e-01   3.6511e-01   2.9143e+02
20260926_23:00:00   6.1019e-01   1.2866e+02   4.2179e+01   2.2590e-01   3.7820e-01   2.9232e+02
20260927_00:00:00   6.2983e-01   1.3197e+02   4.2685e+01   2.4398e-01   6.0333e-01   2.9218e+02
20260927_01:00:00   8.3802e-01   1.5984e+02   4.2189e+01   4.9161e-01   2.2999e-01   2.9228e+02
20260927_02:00:00   5.1356e-01   1.1424e+02   4.1742e+01   1.2367e-01   1.3260e-01   2.9293e+02
20260927_03:00:00   4.8620e-01   1.0981e+02   4.1915e+01   9.1837e-02   7.6710e-02   2.9358e+02
20260927_04:00:00   5.4943e-01   1.2041e+02   4.2395e+01   1.6101e-01   7.9835e-02   2.9539e+02
20260927_05:00:00   6.7471e-01   1.3908e+02   4.2771e+01   3.0020e-01   1.0494e-01   2.9530e+02
20260927_06:00:00   9.1816e-01   1.6932e+02   4.3144e+01   5.7518e-01   1.2423e-01   2.9531e+02
20260927_07:00:00   1.0346e+00   1.8162e+02   4.3209e+01   7.1175e-01   1.0113e-01   2.9494e+02
20260927_08:00:00   1.2140e+00   1.9733e+02   4.3041e+01   9.1588e-01   5.6967e-02   2.9385e+02
20260927_09:00:00   1.1212e+00   1.8925e+02   4.3006e+01   8.0704e-01   5.3921e-02   2.9402e+02
20260927_10:00:00   1.1260e+00   1.8967e+02   4.2860e+01   8.1355e-01   9.1631e-02   2.9354e+02
20260927_11:00:00   1.3677e+00   2.0846e+02   4.2980e+01   1.0855e+00   1.6321e-01   2.9431e+02
20260927_12:00:00   1.3289e+00   2.0512e+02   4.3092e+01   1.0322e+00   2.6316e-01   2.9467e+02
20260927_13:00:00   1.0271e+00   1.7966e+02   4.2999e+01   6.8836e-01   3.2044e-01   2.9553e+02
20260927_14:00:00   7.4877e-01   1.4859e+02   4.2520e+01   3.7767e-01   2.3996e-01   2.9467e+02
20260927_15:00:00   6.5111e-01   1.3559e+02   4.2022e+01   2.7599e-01   1.3668e-01   2.9430e+02
20260927_16:00:00   5.5974e-01   1.2220e+02   4.1632e+01   1.7984e-01   3.3403e-02   2.9329e+02
20260927_17:00:00   4.7514e-01   1.0804e+02   4.1248e+01   8.2474e-02   7.5726e-03   2.9254e+02
20260927_18:00:00   4.0584e-01   9.5655e+01   4.0189e+01   8.6554e-03   1.4832e-03   2.9282e+02
20260927_19:00:00   4.0980e-01   9.6563e+01   3.8857e+01   2.0884e-02   1.3108e-05   2.9091e+02
20260927_20:00:00   4.2417e-01   9.9418e+01   3.7652e+01   4.6912e-02   0.0000e+00   2.9353e+02
20260927_21:00:00   4.0153e-01   9.5287e+01   3.7063e+01   2.6292e-02   0.0000e+00   2.9456e+02
20260927_22:00:00   3.8867e-01   9.2933e+01   3.6597e+01   1.5557e-02   0.0000e+00   2.9265e+02
20260927_23:00:00   3.7407e-01   9.0196e+01   3.5749e+01   7.2816e-03   0.0000e+00   2.8969e+02
20260928_00:00:00   3.7008e-01   8.9344e+01   3.4998e+01   1.1770e-02   0.0000e+00   2.8742e+02
20260928_01:00:00   3.4866e-01   8.5200e+01   3.3589e+01   7.0080e-03   3.5440e-05   2.8647e+02
20260928_02:00:00   3.2829e-01   8.1165e+01   3.2403e+01   0.0000e+00   6.3840e-05   2.8690e+02
20260928_03:00:00   3.2692e-01   8.0773e+01   3.2129e+01   0.0000e+00   1.1790e-03   2.8758e+02
20260928_04:00:00   3.2551e-01   8.0410e+01   3.2044e+01   0.0000e+00   1.0404e-06   2.8639e+02
20260928_05:00:00   3.0634e-01   7.6591e+01   3.0407e+01   0.0000e+00   1.2223e-03   2.8474e+02
20260928_06:00:00   3.0882e-01   7.6960e+01   3.0771e+01   0.0000e+00   5.6767e-04   2.8371e+02
20260928_07:00:00   2.9788e-01   7.4688e+01   2.9554e+01   0.0000e+00   2.9463e-03   2.8385e+02
20260928_08:00:00   2.9252e-01   7.3537e+01   2.9047e+01   0.0000e+00   2.6040e-03   2.8417e+02
20260928_09:00:00   2.9228e-01   7.3428e+01   2.9038e+01   0.0000e+00   3.2169e-03   2.8527e+02
20260928_10:00:00   2.8756e-01   7.2428e+01   2.8584e+01   0.0000e+00   2.2188e-03   2.8443e+02
20260928_11:00:00   2.8101e-01   7.1102e+01   2.7944e+01   0.0000e+00   1.7074e-03   2.8462e+02
20260928_12:00:00   2.8174e-01   7.1224e+01   2.8073e+01   0.0000e+00   6.1202e-03   2.8504e+02
20260928_13:00:00   2.8235e-01   7.1323e+01   2.8170e+01   0.0000e+00   2.0294e-02   2.8625e+02
20260928_14:00:00   2.8530e-01   7.1949e+01   2.8366e+01   0.0000e+00   2.7425e-03   2.8744e+02
20260928_15:00:00   2.7658e-01   7.0286e+01   2.7494e+01   0.0000e+00   4.1681e-02   2.8888e+02
20260928_16:00:00   2.8439e-01   7.1890e+01   2.8230e+01   0.0000e+00   7.8601e-02   2.8918e+02
20260928_17:00:00   2.8681e-01   7.2477e+01   2.8399e+01   0.0000e+00   5.7398e-04   2.8897e+02
20260928_18:00:00   2.8730e-01   7.2730e+01   2.8533e+01   0.0000e+00   5.8660e-05   2.8863e+02
20260928_19:00:00   2.9950e-01   7.5371e+01   2.9807e+01   0.0000e+00   0.0000e+00   2.8754e+02
20260928_20:00:00   3.0214e-01   7.6078e+01   2.9781e+01   0.0000e+00   0.0000e+00   2.8734e+02
20260928_21:00:00   3.0113e-01   7.5937e+01   2.9720e+01   0.0000e+00   0.0000e+00   2.8645e+02
20260928_22:00:00   2.8537e-01   7.2738e+01   2.8366e+01   0.0000e+00   5.5340e-06   2.8482e+02
20260928_23:00:00   2.8690e-01   7.3053e+01   2.8693e+01   0.0000e+00   2.0820e-04   2.8423e+02
20260929_00:00:00   2.7733e-01   7.1023e+01   2.7947e+01   0.0000e+00   2.3758e-03   2.8422e+02
20260929_01:00:00   2.6468e-01   6.8237e+01   2.6881e+01   0.0000e+00   7.7514e-03   2.8267e+02
20260929_02:00:00   2.5401e-01   6.5855e+01   2.6151e+01   0.0000e+00   4.4625e-02   2.7978e+02
20260929_03:00:00   2.5871e-01   6.6790e+01   2.6964e+01   0.0000e+00   2.2823e-02   2.7705e+02
20260929_04:00:00   2.6701e-01   6.8607e+01   2.8010e+01   0.0000e+00   5.8205e-02   2.7534e+02
20260929_05:00:00   2.8764e-01   7.2981e+01   3.0624e+01   0.0000e+00   1.5481e-01   2.7368e+02
20260929_06:00:00   3.1359e-01   7.8216e+01   3.4073e+01   5.2760e-05   3.5195e-01   2.7279e+02
20260929_07:00:00   3.4877e-01   8.4899e+01   3.7336e+01   1.1500e-02   5.7076e-01   2.7023e+02
20260929_08:00:00   3.6246e-01   8.7541e+01   3.9335e+01   5.2485e-03   2.9611e-01   2.7020e+02
20260929_09:00:00   4.5469e-01   1.0400e+02   4.0393e+01   9.8320e-02   3.9562e-01   2.7008e+02
20260929_10:00:00   5.5251e-01   1.2013e+02   4.1821e+01   1.9077e-01   4.8145e-01   2.7057e+02
20260929_11:00:00   9.3247e-01   1.6898e+02   4.3650e+01   5.9210e-01   3.6624e-01   2.6879e+02
20260929_12:00:00   1.0996e+00   1.8579e+02   4.4948e+01   7.6479e-01   4.8924e-01   2.6917e+02
20260929_15:00:00   9.2747e-01   1.6995e+02   4.9483e+01   5.1061e-01   7.3821e-01   2.7032e+02
20260929_18:00:00   1.1330e+00   1.9171e+02   5.0996e+01   7.4570e-01   6.1606e-01   2.6566e+02
20260929_21:00:00   1.5930e+00   2.2436e+02   4.9992e+01   1.2862e+00   5.8037e-01   2.6546e+02
20260930_00:00:00   4.6813e-01   1.0792e+02   4.4283e+01   5.6971e-02   5.9366e-01   2.6649e+02
20260930_03:00:00   5.3861e-01   1.2014e+02   4.3401e+01   1.3713e-01   1.3869e-01   2.6730e+02
20260930_06:00:00   5.8287e-01   1.2700e+02   3.8165e+01   2.5734e-01   2.0328e-02   2.6749e+02
20260930_09:00:00   2.8372e-01   7.1934e+01   2.7853e+01   0.0000e+00   1.4721e-01   2.6645e+02
20260930_12:00:00   2.4717e-01   6.3930e+01   2.3890e+01   0.0000e+00   6.2368e-02   2.6599e+02
20260930_15:00:00   2.1766e-01   5.7387e+01   2.1122e+01   0.0000e+00   7.0123e-02   2.6549e+02
20260930_18:00:00   2.6467e-01   6.7619e+01   2.7736e+01   0.0000e+00   1.8961e-01   2.6455e+02
20260930_21:00:00   3.5219e-01   8.5518e+01   3.8337e+01   0.0000e+00   4.7616e-01   2.6098e+02
20261001_00:00:00   8.7312e-01   1.6315e+02   4.5681e+01   4.9806e-01   7.2382e-01   2.5732e+02
20261001_03:00:00   1.1037e+00   1.8807e+02   4.8921e+01   7.3011e-01   5.7480e-01   2.5819e+02
20261001_06:00:00   2.0789e+00   2.4638e+02   5.1855e+01   1.8335e+00   8.8734e-01   2.5882e+02
20261001_09:00:00   1.3321e+00   2.0851e+02   5.1323e+01   9.9437e-01   7.6842e-01   2.5901e+02
20261001_12:00:00   1.3942e+00   2.1245e+02   5.0493e+01   1.0723e+00   7.0043e-01   2.6342e+02
20261001_15:00:00   1.5663e+00   2.2392e+02   4.8267e+01   1.3141e+00   5.5971e-01   2.6592e+02
20261001_18:00:00   1.8180e+00   2.3581e+02   4.7321e+01   1.5963e+00   3.9525e-01   2.6745e+02
20261001_21:00:00   7.1635e-01   1.4360e+02   4.3168e+01   3.4715e-01   7.0250e-01   2.6814e+02
20261002_00:00:00   4.4274e-01   1.0152e+02   4.0519e+01   6.3904e-02   6.4756e-01   2.7273e+02
20261002_03:00:00   4.1801e-01   9.7298e+01   3.8559e+01   6.4659e-02   3.2386e-01   2.7340e+02
20261002_06:00:00   7.3477e-01   1.4510e+02   3.7003e+01   4.2947e-01   2.1209e-01   2.7594e+02
20261002_09:00:00   3.2256e-01   7.9006e+01   3.3683e+01   0.0000e+00   3.4962e-03   2.7904e+02
20261002_12:00:00   2.7973e-01   7.0009e+01   2.9575e+01   0.0000e+00   5.7593e-02   2.8155e+02
20261002_15:00:00   2.6543e-01   6.7011e+01   2.7518e+01   0.0000e+00   2.5618e-01   2.8239e+02
20261002_18:00:00   2.6565e-01   6.7458e+01   2.6576e+01   0.0000e+00   4.3376e-02   2.7864e+02
20261002_21:00:00   2.4818e-01   6.4051e+01   2.3824e+01   0.0000e+00   0.0000e+00   2.7806e+02
20261003_00:00:00   2.4744e-01   6.4040e+01   2.2824e+01   0.0000e+00   0.0000e+00   2.8219e+02
20261003_03:00:00   2.5254e-01   6.5119e+01   2.2661e+01   0.0000e+00   0.0000e+00   2.8585e+02
20261003_06:00:00   2.4921e-01   6.4352e+01   2.2434e+01   0.0000e+00   0.0000e+00   2.8896e+02
20261003_09:00:00   2.5815e-01   6.6306e+01   2.2922e+01   0.0000e+00   0.0000e+00   2.9349e+02
20261003_12:00:00   3.3772e-01   8.2996e+01   2.4417e+01   7.6757e-02   0.0000e+00   2.9286e+02
20261003_15:00:00   5.4225e-01   1.2053e+02   2.6504e+01   3.0477e-01   1.0829e-03   2.9351e+02
20261003_18:00:00   5.3661e-01   1.1977e+02   2.6748e+01   3.0086e-01   1.0686e-02   2.9458e+02
20261003_21:00:00   3.8291e-01   9.2134e+01   2.9187e+01   1.0686e-01   6.0706e-04   3.0231e+02
20261004_00:00:00   5.5557e-01   1.2338e+02   2.7908e+01   3.3790e-01   0.0000e+00   2.9670e+02
20261004_03:00:00   3.0079e-01   7.5955e+01   2.9196e+01   7.6100e-04   0.0000e+00   3.0003e+02
20261004_06:00:00   3.1354e-01   7.8890e+01   2.9812e+01   0.0000e+00   0.0000e+00   2.9944e+02
20261004_09:00:00   3.1103e-01   7.8536e+01   3.0027e+01   0.0000e+00   0.0000e+00   2.9650e+02
20261004_12:00:00   3.0956e-01   7.8389e+01   3.0133e+01   0.0000e+00   0.0000e+00   2.9485e+02
20261004_15:00:00   3.0054e-01   7.6737e+01   2.9253e+01   0.0000e+00   0.0000e+00   2.9615e+02
20261004_18:00:00   3.0115e-01   7.7253e+01   2.8710e+01   0.0000e+00   0.0000e+00   2.9219e+02
20261004_21:00:00   2.9694e-01   7.6566e+01   2.8102e+01   0.0000e+00   0.0000e+00   2.8868e+02
20261005_00:00:00   2.8445e-01   7.3887e+01   2.6909e+01   0.0000e+00   0.0000e+00   2.8925e+02
20261005_03:00:00   3.2708e-01   8.2685e+01   3.2290e+01   0.0000e+00   0.0000e+00   2.8926e+02
20261005_06:00:00   3.8253e-01   9.3419e+01   3.9647e+01   0.0000e+00   5.1109e-04   2.8737e+02
20261005_09:00:00   3.9688e-01   9.6221e+01   4.0057e+01   0.0000e+00   4.2424e-03   2.8285e+02
20261005_12:00:00   4.2697e-01   1.0153e+02   4.4193e+01   0.0000e+00   7.4179e-03   2.8303e+02
20261005_15:00:00   4.8290e-01   1.1142e+02   4.8745e+01   4.8120e-06   1.4159e-03   2.8214e+02
20261005_18:00:00   8.0126e-01   1.5790e+02   5.0497e+01   3.4049e-01   2.4907e-04   2.7828e+02
20261005_21:00:00   1.5252e+00   2.1991e+02   5.4399e+01   1.1274e+00   5.6110e-01   2.7872e+02
20261006_00:00:00   1.2590e+00   1.9979e+02   4.9108e+01   9.0498e-01   1.7773e+00   2.8020e+02
20261006_03:00:00   5.7896e-01   1.2537e+02   4.2992e+01   1.9724e-01   4.9409e-01   2.8094e+02
20261006_06:00:00   3.7013e-01   8.7343e+01   3.0171e+01   8.8855e-02   5.6208e-02   2.7588e+02
20261006_09:00:00   3.1715e-01   7.6464e+01   1.3689e+01   1.7183e-01   2.3413e-07   2.7766e+02
20261006_12:00:00   2.0414e-01   5.2354e+01   8.4756e+00   7.9330e-02   1.5174e-04   2.8515e+02
20261006_15:00:00   1.3073e-01   3.5656e+01   8.1363e+00   2.5603e-04   8.4673e-05   2.8861e+02
20261006_18:00:00   1.4503e-01   3.9039e+01   9.2465e+00   8.7060e-03   0.0000e+00   2.8990e+02
20261006_21:00:00   1.3269e-01   3.6188e+01   9.3208e+00   0.0000e+00   0.0000e+00   2.8892e+02
20261007_00:00:00   1.2301e-01   3.3890e+01   8.1128e+00   0.0000e+00   0.0000e+00   2.8736e+02
20261007_03:00:00   1.1907e-01   3.2861e+01   7.8333e+00   0.0000e+00   0.0000e+00   2.8782e+02
20261007_06:00:00   1.1900e-01   3.2820e+01   7.7104e+00   0.0000e+00   0.0000e+00   2.8746e+02
20261007_09:00:00   1.1898e-01   3.2773e+01   7.6887e+00   0.0000e+00   0.0000e+00   2.8700e+02
20261007_12:00:00   1.2616e-01   3.4458e+01   8.7326e+00   0.0000e+00   0.0000e+00   2.8548e+02
20261007_15:00:00   1.3633e-01   3.6889e+01   1.0326e+01   0.0000e+00   2.8481e-06   2.8600e+02
20261007_18:00:00   2.2217e-01   5.6151e+01   1.0935e+01   8.8600e-02   2.0179e-03   2.8255e+02
20261007_21:00:00   3.2238e-01   7.6719e+01   1.2621e+01   1.8700e-01   1.6532e-03   2.7993e+02
20261008_00:00:00   3.3937e-01   8.0252e+01   1.4167e+01   1.9466e-01   7.5182e-04   2.8756e+02
20261008_03:00:00   2.5613e-01   6.3743e+01   1.8829e+01   6.2860e-02   2.8361e-03   2.8698e+02
20261008_06:00:00   2.4914e-01   6.2418e+01   1.9563e+01   4.5779e-02   1.5490e-03   2.8259e+02
20261008_09:00:00   4.5417e-01   1.0126e+02   2.2927e+01   2.5095e-01   6.2156e-02   2.8290e+02
20261008_12:00:00   2.5750e-01   6.4189e+01   2.4756e+01   1.1554e-02   3.2808e-02   2.8050e+02
20261008_15:00:00   8.5352e-01   1.5858e+02   2.5714e+01   6.7558e-01   7.0276e-04   2.8268e+02
20261008_18:00:00   1.1147e+00   1.8601e+02   2.7044e+01   9.6000e-01   2.3801e-04   2.8006e+02
20261008_21:00:00   3.5174e-01   8.3817e+01   2.8565e+01   7.1133e-02   0.0000e+00   2.8069e+02
20261009_00:00:00   3.3073e-01   7.9916e+01   2.8865e+01   4.6641e-02   8.3980e-02   2.8084e+02
20261009_03:00:00   6.5377e-01   1.3495e+02   3.0980e+01   4.0274e-01   7.1105e-02   2.7870e+02
20261009_06:00:00   1.0852e+00   1.8568e+02   3.5925e+01   8.6692e-01   4.7305e-01   2.7817e+02
20261009_09:00:00   8.5661e-01   1.6194e+02   3.6998e+01   5.8613e-01   5.1335e-01   2.8023e+02
20261009_12:00:00   1.6887e+00   2.2781e+02   3.7626e+01   1.5265e+00   1.8610e-01   2.8042e+02
20261009_15:00:00   1.6180e+00   2.2623e+02   3.3885e+01   1.5185e+00   7.2386e-03   2.8303e+02
20261009_18:00:00   7.2902e-01   1.4665e+02   2.9562e+01   4.9711e-01   5.4760e-03   2.8170e+02
20261009_21:00:00   2.4399e-01   6.2285e+01   1.8176e+01   3.7696e-02   0.0000e+00   2.8607e+02
20261010_00:00:00   1.9359e-01   5.0656e+01   1.4754e+01   1.4844e-02   0.0000e+00   3.0085e+02
20261010_03:00:00   4.8609e-01   1.0702e+02   1.2717e+01   3.6940e-01   4.1220e-05   3.1544e+02
20261010_06:00:00   1.4597e-01   3.9311e+01   1.0406e+01   1.1568e-05   4.0780e-06   3.2912e+02
20261010_09:00:00   1.4144e-01   3.8175e+01   9.8392e+00   6.8840e-04   2.1060e-05   3.3541e+02
20261010_12:00:00   1.3935e-01   3.7610e+01   1.0057e+01   0.0000e+00   0.0000e+00   3.3787e+02
