#            date       tau255        Tb[K]      pwv[mm] lwp[kg*m^-2] iwp[kg*m^-2]       o3[DU]
20260917_06:00:00   5.1913e-01   1.1796e+02   5.2395e+01   0.0000e+00   2.7199e-03   2.8903e+02
20260917_07:00:00   5.4037e-01   1.2143e+02   5.5137e+01   3.2779e-04   2.2607e-02   2.8705e+02
20260917_08:00:00   6.2676e-01   1.3500e+02   5.6081e+01   9.9058e-02   5.4835e-01   2.8719e+02
20260917_09:00:00   5.9846e-01   1.3061e+02   5.5474e+01   7.0886e-02   5.5074e-01   2.8777e+02
20260917_10:00:00   5.8908e-01   1.2921e+02   5.5155e+01   6.6055e-02   3.5404e-01   2.8790e+02
20260917_11:00:00   7.6836e-01   1.5411e+02   5.5564e+01   2.6858e-01   4.8572e-01   2.8750e+02
20260917_12:00:00   5.6264e-01   1.2531e+02   5.2820e+01   6.4726e-02   4.5193e-02   2.8744e+02
20260917_13:00:00   5.4035e-01   1.2182e+02   5.0243e+01   6.0838e-02   7.0788e-05   2.8781e+02
20260917_14:00:00   5.3319e-01   1.2080e+02   4.9059e+01   5.6203e-02   0.0000e+00   2.8892e+02
20260917_15:00:00   5.6056e-01   1.2536e+02   5.0839e+01   6.6858e-02   0.0000e+00   2.8859e+02
20260917_16:00:00   5.5722e-01   1.2478e+02   5.0995e+01   6.1687e-02   4.7822e-04   2.8757e+02
20260917_17:00:00   5.7779e-01   1.2824e+02   5.0699e+01   9.5037e-02   9.2078e-05   2.8620e+02
20260917_18:00:00   5.5835e-01   1.2504e+02   5.0004e+01   8.0891e-02   2.6020e-07   2.8558e+02
20260917_19:00:00   6.0243e-01   1.3229e+02   5.0051e+01   1.3895e-01   0.0000e+00   2.8550e+02
20260917_20:00:00   6.2257e-01   1.3550e+02   4.9765e+01   1.7341e-01   0.0000e+00   2.8465e+02
20260917_21:00:00   5.6739e-01   1.2666e+02   4.7817e+01   1.2659e-01   9.0440e-05   2.8301e+02
20260917_22:00:00   4.7747e-01   1.1114e+02   4.5643e+01   3.0720e-02   1.4418e-04   2.8191e+02
20260917_23:00:00   4.7040e-01   1.0979e+02   4.4316e+01   3.6286e-02   0.0000e+00   2.8235e+02
20260918_00:00:00   4.5868e-01   1.0757e+02   4.1513e+01   5.8266e-02   3.3420e-04   2.8229e+02
20260918_01:00:00   5.1103e-01   1.1690e+02   3.9052e+01   1.5814e-01   6.2480e-04   2.8206e+02
20260918_02:00:00   5.1221e-01   1.1712e+02   3.7799e+01   1.7828e-01   0.0000e+00   2.8286e+02
20260918_03:00:00   3.6478e-01   8.9490e+01   3.6543e+01   6.9600e-03   2.7947e-04   2.8331e+02
20260918_04:00:00   3.6295e-01   8.9035e+01   3.7222e+01   4.4780e-04   0.0000e+00   2.8218e+02
20260918_05:00:00   3.9269e-01   9.4760e+01   4.0702e+01   6.1600e-07   0.0000e+00   2.8033e+02
20260918_06:00:00   4.2765e-01   1.0126e+02   4.3880e+01   0.0000e+00   0.0000e+00   2.7908e+02
20260918_07:00:00   4.4934e-01   1.0506e+02   4.6273e+01   0.0000e+00   4.1620e-07   2.7885e+02
20260918_08:00:00   4.5574e-01   1.0609e+02   4.7266e+01   5.5340e-06   2.6504e-06   2.7870e+02
20260918_09:00:00   4.6226e-01   1.0720e+02   4.7382e+01   5.9346e-03   7.9221e-05   2.7991e+02
20260918_10:00:00   4.6463e-01   1.0753e+02   4.7567e+01   7.8922e-03   1.0609e-03   2.8132e+02
20260918_11:00:00   4.6116e-01   1.0684e+02   4.7322e+01   5.3169e-03   3.2242e-03   2.8093e+02
20260918_12:00:00   5.5944e-01   1.2271e+02   4.8152e+01   1.1084e-01   7.8074e-03   2.8107e+02
20260918_13:00:00   1.0392e+00   1.8171e+02   4.9472e+01   6.3918e-01   1.2415e-01   2.8100e+02
20260918_14:00:00   1.1109e+00   1.8831e+02   4.9996e+01   7.1525e-01   8.2120e-02   2.8156e+02
20260918_15:00:00   8.0408e-01   1.5641e+02   4.9234e+01   3.8217e-01   1.6219e-01   2.8129e+02
20260918_16:00:00   5.7566e-01   1.2526e+02   4.8508e+01   1.3496e-01   3.4881e-01   2.7979e+02
20260918_17:00:00   5.1542e-01   1.1591e+02   4.8562e+01   6.7817e-02   3.3469e-01   2.7683e+02
20260918_18:00:00   4.5382e-01   1.0585e+02   4.8347e+01   0.0000e+00   3.5708e-01   2.7607e+02
20260918_19:00:00   4.4924e-01   1.0544e+02   4.7247e+01   1.0704e-03   2.6572e-01   2.7507e+02
20260918_20:00:00   4.5937e-01   1.0764e+02   4.7521e+01   9.1246e-04   1.2070e-01   2.7511e+02
20260918_21:00:00   4.7207e-01   1.1015e+02   4.8502e+01   2.4421e-03   2.3545e-03   2.7584e+02
20260918_22:00:00   4.9427e-01   1.1412e+02   5.0304e+01   1.0233e-02   5.6033e-03   2.7658e+02
20260918_23:00:00   5.3985e-01   1.2145e+02   5.1748e+01   4.4785e-02   1.6405e-03   2.7478e+02
20260919_00:00:00   5.1459e-01   1.1762e+02   5.3198e+01   2.3546e-03   4.6848e-03   2.7432e+02
20260919_01:00:00   9.6267e-01   1.7560e+02   5.5199e+01   4.9239e-01   8.1241e-02   2.7446e+02
20260919_02:00:00   9.6199e-01   1.7545e+02   5.6676e+01   4.7260e-01   6.6729e-01   2.7423e+02
20260919_03:00:00   7.7349e-01   1.5433e+02   5.5926e+01   2.6997e-01   6.2672e-01   2.7346e+02
20260919_04:00:00   5.5737e-01   1.2443e+02   5.4748e+01   3.8257e-02   1.5356e-01   2.7302e+02
20260919_05:00:00   5.9293e-01   1.3018e+02   5.4180e+01   8.7474e-02   2.0383e-01   2.7266e+02
20260919_06:00:00   7.7294e-01   1.5555e+02   5.6063e+01   2.8277e-01   2.9201e-01   2.7420e+02
20260919_07:00:00   8.7590e-01   1.6836e+02   5.3767e+01   4.3100e-01   1.5558e-01   2.7538e+02
20260919_08:00:00   7.1495e-01   1.4739e+02   5.3837e+01   2.4315e-01   1.5252e+00   2.7674e+02
20260919_09:00:00   8.1348e-01   1.5974e+02   5.2995e+01   3.5821e-01   3.2657e-01   2.7706e+02
20260919_10:00:00   5.3846e-01   1.2104e+02   5.1214e+01   5.7543e-02   1.3617e-01   2.7670e+02
20260919_11:00:00   5.9230e-01   1.2903e+02   5.1084e+01   1.3091e-01   5.8395e-01   2.7692e+02
20260919_12:00:00   4.9101e-01   1.1303e+02   5.1738e+01   5.6684e-03   4.9890e-01   2.7584e+02
20260919_13:00:00   5.2536e-01   1.1867e+02   5.2719e+01   3.2594e-02   1.3585e-01   2.7677e+02
20260919_14:00:00   4.9442e-01   1.1350e+02   5.1838e+01   8.5376e-03   5.0555e-02   2.7734e+02
20260919_15:00:00   4.8766e-01   1.1232e+02   5.1394e+01   4.9276e-03   6.6625e-02   2.7632e+02
20260919_16:00:00   5.8255e-01   1.2736e+02   5.1571e+01   1.1136e-01   2.9341e-02   2.7703e+02
20260919_17:00:00   7.4125e-01   1.4964e+02   5.1883e+01   2.8897e-01   8.4006e-02   2.7732e+02
20260919_18:00:00   5.7524e-01   1.2624e+02   5.1164e+01   1.0870e-01   9.8184e-03   2.7834e+02
20260919_19:00:00   4.7395e-01   1.1014e+02   5.0233e+01   0.0000e+00   2.5637e-03   2.7912e+02
20260919_20:00:00   4.7391e-01   1.1019e+02   5.0159e+01   1.7374e-03   1.4581e-03   2.7803e+02
20260919_21:00:00   4.6891e-01   1.0935e+02   4.9692e+01   1.0208e-03   2.7608e-03   2.7727e+02
20260919_22:00:00   4.9758e-01   1.1406e+02   4.9433e+01   4.1220e-02   3.8313e-03   2.7694e+02
20260919_23:00:00   5.0381e-01   1.1511e+02   4.9737e+01   4.1620e-02   5.7050e-03   2.7696e+02
20260920_00:00:00   5.7026e-01   1.2600e+02   5.0979e+01   9.5698e-02   5.2176e-04   2.7883e+02
20260920_01:00:00   6.5346e-01   1.3859e+02   5.1682e+01   1.7388e-01   1.8656e-04   2.7745e+02
20260920_02:00:00   5.0302e-01   1.1569e+02   5.1522e+01   7.0907e-04   1.5695e-04   2.7550e+02
20260920_03:00:00   5.0914e-01   1.1664e+02   5.2225e+01   3.5050e-07   2.2733e-03   2.7899e+02
20260920_04:00:00   5.8635e-01   1.2840e+02   5.4272e+01   7.0367e-02   9.4923e-02   2.7935e+02
20260920_05:00:00   1.6146e+00   2.2483e+02   5.9264e+01   1.1827e+00   1.8517e+00   2.7983e+02
20260920_06:00:00   1.5894e+00   2.2374e+02   5.7242e+01   1.1819e+00   1.0234e+00   2.8034e+02
20260920_07:00:00   7.5067e-01   1.5247e+02   5.4141e+01   2.7020e-01   6.1841e-01   2.8130e+02
20260920_08:00:00   5.0094e-01   1.1420e+02   5.1144e+01   6.9836e-03   3.8326e-01   2.8155e+02
20260920_09:00:00   4.7350e-01   1.0955e+02   4.9148e+01   5.5332e-03   4.3154e-01   2.8402e+02
20260920_10:00:00   7.1774e-01   1.4675e+02   5.1327e+01   2.6052e-01   3.0170e-01   2.8316e+02
20260920_11:00:00   8.1734e-01   1.5957e+02   5.1820e+01   3.7141e-01   8.5293e-02   2.8227e+02
20260920_12:00:00   8.1378e-01   1.5962e+02   5.1333e+01   3.7475e-01   3.8927e-02   2.8028e+02
20260920_13:00:00   7.6642e-01   1.5448e+02   4.9650e+01   3.4880e-01   4.6261e-03   2.7703e+02
20260920_14:00:00   1.2121e+00   2.0168e+02   4.9440e+01   8.9741e-01   1.2309e-02   2.7731e+02
20260920_15:00:00   9.6434e-01   1.7884e+02   4.7468e+01   6.3807e-01   1.3005e-02   2.7817e+02
20260920_16:00:00   9.5939e-01   1.7802e+02   4.7066e+01   6.3057e-01   7.4760e-03   2.7853e+02
20260920_17:00:00   8.9952e-01   1.7117e+02   4.5742e+01   5.6656e-01   1.8188e-02   2.7908e+02
20260920_18:00:00   8.2386e-01   1.6168e+02   4.4538e+01   4.7358e-01   1.4364e-02   2.7818e+02
20260920_19:00:00   8.2722e-01   1.6208e+02   4.2747e+01   4.9780e-01   3.7983e-03   2.7999e+02
20260920_20:00:00   6.5344e-01   1.3831e+02   4.2079e+01   2.9439e-01   3.8691e-03   2.8112e+02
20260920_21:00:00   7.6086e-01   1.5326e+02   4.2879e+01   4.2121e-01   1.5557e-02   2.8056e+02
20260920_22:00:00   9.3883e-01   1.7485e+02   4.3307e+01   6.3701e-01   3.3978e-02   2.7977e+02
20260920_23:00:00   9.8119e-01   1.7929e+02   4.4418e+01   6.7566e-01   1.8975e-02   2.7801e+02
20260921_00:00:00   9.7361e-01   1.7838e+02   4.4873e+01   6.5901e-01   2.7065e-03   2.7670e+02
20260921_01:00:00   9.3154e-01   1.7381e+02   4.4296e+01   6.1577e-01   8.4930e-03   2.7544e+02
20260921_02:00:00   9.0943e-01   1.7130e+02   4.3685e+01   5.9714e-01   3.6160e-02   2.7676e+02
20260921_03:00:00   9.6201e-01   1.7713e+02   4.3385e+01   6.6861e-01   2.0752e-01   2.7616e+02
20260921_04:00:00   1.1544e+00   1.9594e+02   4.3684e+01   8.9549e-01   2.4426e-01   2.7636e+02
20260921_05:00:00   1.2749e+00   2.0605e+02   4.2199e+01   1.0592e+00   1.1221e-01   2.7753e+02
20260921_06:00:00   1.1886e+00   1.9911e+02   3.9818e+01   9.8195e-01   1.0334e-01   2.7730e+02
20260921_07:00:00   1.2552e+00   2.0439e+02   3.9472e+01   1.0602e+00   1.7873e-01   2.7773e+02
20260921_08:00:00   1.3434e+00   2.1104e+02   3.8073e+01   1.1759e+00   7.8402e-02   2.8052e+02
20260921_09:00:00   1.1952e+00   1.9919e+02   3.6834e+01   1.0066e+00   2.1495e-02   2.8250e+02
20260921_10:00:00   1.1800e+00   1.9796e+02   3.5976e+01   9.9705e-01   1.0892e-02   2.8293e+02
20260921_11:00:00   1.1117e+00   1.9135e+02   3.5986e+01   9.0244e-01   2.3126e-02   2.8261e+02
20260921_12:00:00   1.0761e+00   1.8775e+02   3.4759e+01   8.6626e-01   1.9752e-02   2.8217e+02
20260921_13:00:00   1.1424e+00   1.9384e+02   3.3408e+01   9.5936e-01   2.0273e-02   2.8307e+02
20260921_14:00:00   1.0151e+00   1.8163e+02   3.2210e+01   8.1694e-01   8.1108e-05   2.8405e+02
20260921_15:00:00   8.8512e-01   1.6755e+02   3.1938e+01   6.6503e-01   4.0518e-03   2.8456e+02
20260921_16:00:00   9.5782e-01   1.7562e+02   3.2038e+01   7.5514e-01   3.9886e-03   2.8467e+02
20260921_17:00:00   1.0048e+00   1.8056e+02   3.1796e+01   8.1360e-01   1.0969e-03   2.8688e+02
20260921_18:00:00   1.1079e+00   1.9061e+02   3.2230e+01   9.3605e-01   0.0000e+00   2.8885e+02
20260921_19:00:00   1.2588e+00   2.0355e+02   3.2690e+01   1.1149e+00   0.0000e+00   2.8890e+02
20260921_20:00:00   1.4241e+00   2.1563e+02   3.2897e+01   1.3128e+00   2.0805e-06   2.8955e+02
20260921_21:00:00   1.4937e+00   2.1998e+02   3.3461e+01   1.3895e+00   2.1342e-04   2.9035e+02
20260921_22:00:00   1.2635e+00   2.0345e+02   3.3439e+01   1.1078e+00   0.0000e+00   2.9212e+02
20260921_23:00:00   1.1440e+00   1.9322e+02   3.2916e+01   9.6446e-01   0.0000e+00   2.9404e+02
20260922_00:00:00   9.0605e-01   1.6894e+02   3.2476e+01   6.7719e-01   0.0000e+00   2.9442e+02
20260922_01:00:00   9.5109e-01   1.7358e+02   3.1956e+01   7.2969e-01   0.0000e+00   2.9326e+02
20260922_02:00:00   1.0276e+00   1.8127e+02   3.1563e+01   8.2055e-01   0.0000e+00   2.9404e+02
20260922_03:00:00   9.9095e-01   1.7771e+02   3.1158e+01   7.8330e-01   0.0000e+00   2.9349e+02
20260922_04:00:00   9.8780e-01   1.7755e+02   3.1202e+01   7.8209e-01   0.0000e+00   2.9136e+02
20260922_05:00:00   9.9012e-01   1.7806e+02   3.1290e+01   7.8918e-01   0.0000e+00   2.9190e+02
20260922_06:00:00   1.1364e+00   1.9227e+02   3.1581e+01   9.6257e-01   2.0800e-07   2.9175e+02
20260922_09:00:00   1.4042e+00   2.1333e+02   3.1082e+01   1.2833e+00   0.0000e+00   2.9322e+02
20260922_12:00:00   9.0722e-01   1.6890e+02   2.9597e+01   7.0678e-01   0.0000e+00   2.9392e+02
20260922_15:00:00   6.9797e-01   1.4239e+02   2.7993e+01   4.7229e-01   0.0000e+00   2.8931e+02
20260922_18:00:00   4.3460e-01   1.0059e+02   2.7853e+01   1.6065e-01   5.5340e-06   2.8274e+02
20260922_21:00:00   4.5201e-01   1.0391e+02   2.7197e+01   1.8984e-01   2.8575e-03   2.8097e+02
20260923_00:00:00   3.3482e-01   8.1793e+01   2.6964e+01   5.4351e-02   3.6680e-03   2.8073e+02
20260923_03:00:00   3.8688e-01   9.2026e+01   2.6096e+01   1.3223e-01   9.8880e-05   2.8052e+02
20260923_06:00:00   3.4578e-01   8.4077e+01   2.6697e+01   8.1905e-02   4.0248e-03   2.8083e+02
20260923_09:00:00   2.9426e-01   7.3486e+01   2.7031e+01   1.8092e-02   1.0390e-02   2.8011e+02
20260923_12:00:00   2.8154e-01   7.0729e+01   2.7586e+01   2.1940e-03   6.3113e-03   2.7879e+02
20260923_15:00:00   2.9769e-01   7.4008e+01   2.9863e+01   5.5340e-06   1.0340e-01   2.8032e+02
20260923_18:00:00   3.0446e-01   7.5585e+01   3.0425e+01   2.9823e-03   2.9776e-01   2.8016e+02
20260923_21:00:00   3.5400e-01   8.5688e+01   3.4485e+01   2.7608e-02   1.4678e-01   2.8275e+02
20260924_00:00:00   3.5194e-01   8.5422e+01   3.5654e+01   3.5612e-03   4.4493e-03   2.8016e+02
20260924_03:00:00   3.3044e-01   8.1387e+01   3.2908e+01   1.4344e-03   1.0624e-05   2.8393e+02
20260924_06:00:00   3.1830e-01   7.9049e+01   3.0868e+01   0.0000e+00   2.4480e-03   2.8432e+02
20260924_09:00:00   3.2514e-01   8.0442e+01   3.1486e+01   0.0000e+00   1.5365e-03   2.8449e+02
20260924_12:00:00   3.2040e-01   7.9663e+01   3.0036e+01   0.0000e+00   2.5000e-03   2.8836e+02
20260924_15:00:00   3.9699e-01   9.5050e+01   2.7313e+01   1.2028e-01   7.9280e-04   2.9111e+02
20260924_18:00:00   2.6914e-01   6.9313e+01   2.4255e+01   7.1610e-05   5.1380e-04   2.9358e+02
20260924_21:00:00   2.6874e-01   6.9566e+01   2.3868e+01   1.2936e-05   2.2680e-03   2.9399e+02
20260925_00:00:00   3.7270e-01   9.1088e+01   2.4610e+01   1.1520e-01   1.2172e-03   2.9349e+02
20260925_03:00:00   2.7443e-01   7.0705e+01   2.4598e+01   5.3320e-04   1.1954e-03   2.9183e+02
20260925_06:00:00   2.7625e-01   7.1046e+01   2.4009e+01   8.0000e-03   6.4632e-03   2.9315e+02
20260925_09:00:00   2.7180e-01   6.9954e+01   2.3897e+01   2.7680e-06   5.2218e-04   2.8984e+02
20260925_12:00:00   2.6852e-01   6.9113e+01   2.3675e+01   0.0000e+00   2.9469e-03   2.9052e+02
20260925_15:00:00   2.5733e-01   6.6717e+01   2.2661e+01   0.0000e+00   1.2072e-02   2.8720e+02
20260925_18:00:00   2.5489e-01   6.6340e+01   2.2262e+01   2.5381e-03   1.4851e-03   2.8298e+02
20260925_21:00:00   2.5642e-01   6.6760e+01   2.3116e+01   5.6920e-04   1.0969e-01   2.8428e+02
20260926_00:00:00   2.4254e-01   6.3628e+01   2.2543e+01   0.0000e+00   2.3491e-02   2.8278e+02
20260926_03:00:00   2.3462e-01   6.1677e+01   2.1976e+01   0.0000e+00   4.8013e-02   2.8200e+02
20260926_06:00:00   2.4088e-01   6.2754e+01   2.3467e+01   0.0000e+00   7.8532e-02   2.8005e+02
20260926_09:00:00   2.3953e-01   6.2385e+01   2.3207e+01   0.0000e+00   4.4323e-02   2.7971e+02
20260926_12:00:00   2.7528e-01   6.9647e+01   2.6602e+01   2.0860e-02   6.5344e-03   2.8008e+02
20260926_15:00:00   3.2061e-01   7.9019e+01   3.3881e+01   1.1550e-02   4.5355e-01   2.8043e+02
20260926_18:00:00   4.0347e-01   9.5574e+01   4.2713e+01   2.4624e-03   2.7659e-01   2.8023e+02
20260926_21:00:00   3.7697e-01   9.1332e+01   3.8614e+01   0.0000e+00   1.9727e-01   2.8236e+02
20260927_00:00:00   4.6346e-01   1.0800e+02   3.7460e+01   1.2174e-01   3.2257e-02   2.8682e+02
20260927_03:00:00   4.2024e-01   1.0012e+02   3.8487e+01   5.2620e-02   1.5606e-03   2.8880e+02
20260927_06:00:00   3.9401e-01   9.4553e+01   4.1315e+01   0.0000e+00   3.3171e-01   2.8786e+02
20260927_09:00:00   4.0428e-01   9.6486e+01   4.1575e+01   1.3214e-04   5.1097e-02   2.8690e+02
20260927_12:00:00   3.6398e-01   8.9329e+01   3.4115e+01   1.5541e-02   5.2020e-07   2.9005e+02
20260927_15:00:00   5.3338e-01   1.2062e+02   3.2983e+01   2.3281e-01   1.4522e-03   2.8473e+02
20260927_18:00:00   4.6725e-01   1.0894e+02   3.5458e+01   1.2773e-01   5.9040e-05   2.7880e+02
20260927_21:00:00   6.1702e-01   1.3423e+02   3.5213e+01   3.2140e-01   0.0000e+00   2.7559e+02
20260928_00:00:00   6.2478e-01   1.3533e+02   3.4646e+01   3.3540e-01   0.0000e+00   2.7695e+02
20260928_03:00:00   4.6479e-01   1.0826e+02   3.7551e+01   1.0006e-01   2.6760e-04   2.7820e+02
20260928_06:00:00   4.0660e-01   9.7275e+01   3.8500e+01   1.9054e-02   2.6220e-05   2.7995e+02
20260928_09:00:00   4.1100e-01   9.7892e+01   3.8287e+01   3.8663e-02   1.5625e-03   2.7428e+02
20260928_12:00:00   3.6771e-01   8.9157e+01   3.7383e+01   3.3557e-05   9.8989e-02   2.7542e+02
20260928_15:00:00   3.7119e-01   8.9427e+01   3.8309e+01   3.4702e-04   2.0010e-01   2.7650e+02
20260928_18:00:00   4.0138e-01   9.5242e+01   4.0380e+01   1.0264e-02   4.6133e-01   2.7734e+02
20260928_21:00:00   6.0781e-01   1.3039e+02   4.0821e+01   2.4988e-01   7.5956e-02   2.7499e+02
20260929_00:00:00   4.1711e-01   9.8483e+01   4.2190e+01   1.7753e-04   2.7744e-02   2.7790e+02
20260929_03:00:00   1.5760e+00   2.2348e+02   4.8704e+01   1.2763e+00   1.3651e+00   2.7356e+02
20260929_06:00:00   1.1404e+00   1.9596e+02   4.0993e+01   8.9308e-01   9.5904e-04   2.8175e+02
20260929_09:00:00   4.3785e-01   1.0256e+02   2.6735e+01   1.8702e-01   0.0000e+00   2.8683e+02
20260929_12:00:00   3.1957e-01   7.8893e+01   2.6001e+01   5.7485e-02   0.0000e+00   2.9009e+02
20260929_15:00:00   2.6900e-01   6.7991e+01   2.3442e+01   2.3226e-02   5.8121e-05   3.0314e+02
20260929_18:00:00   3.9742e-01   9.3534e+01   2.8595e+01   1.2967e-01   5.1215e-02   2.9898e+02
20260929_21:00:00   9.9913e-01   1.7610e+02   3.5527e+01   7.3980e-01   4.6940e-01   2.8891e+02
20260930_00:00:00   1.2830e+00   2.0338e+02   3.2324e+01   1.1159e+00   2.0870e-04   2.8292e+02
20260930_03:00:00   6.8264e-01   1.3996e+02   3.5236e+01   3.8023e-01   7.0960e-06   2.7831e+02
20260930_06:00:00   3.1846e-01   7.8689e+01   3.0301e+01   5.2508e-03   2.0040e-05   2.7874e+02
20260930_09:00:00   2.7673e-01   7.0188e+01   2.6524e+01   0.0000e+00   1.1208e-04   2.8170e+02
20260930_12:00:00   2.5536e-01   6.5715e+01   2.4580e+01   0.0000e+00   6.8141e-06   2.7862e+02
20260930_15:00:00   2.8584e-01   7.2176e+01   2.8524e+01   3.9060e-03   6.6162e-05   2.7433e+02
20260930_18:00:00   2.8720e-01   7.2469e+01   2.9852e+01   8.0080e-06   3.4022e-01   2.7045e+02
20260930_21:00:00   3.1087e-01   7.7919e+01   3.1476e+01   0.0000e+00   8.1683e-02   2.7830e+02
20261001_00:00:00   3.0467e-01   7.6663e+01   3.0499e+01   0.0000e+00   1.0425e-02   2.8405e+02
20261001_03:00:00   3.4697e-01   8.5008e+01   3.5811e+01   0.0000e+00   2.9366e-01   2.8069e+02
20261001_06:00:00   7.8025e-01   1.5415e+02   4.2625e+01   4.2467e-01   4.2671e-01   2.7714e+02
20261001_09:00:00   4.2915e-01   1.0059e+02   3.9210e+01   4.0692e-02   4.3968e-02   2.7991e+02
20261001_12:00:00   4.1616e-01   9.8419e+01   3.3208e+01   7.2378e-02   1.3312e-02   2.7896e+02
20261001_15:00:00   4.6389e-01   1.0720e+02   3.1426e+01   1.5449e-01   2.7229e-03   2.7968e+02
20261001_18:00:00   5.1970e-01   1.1695e+02   3.3196e+01   2.0907e-01   6.1238e-03   2.7672e+02
20261001_21:00:00   1.4460e+00   2.1810e+02   3.9255e+01   1.2855e+00   1.1266e-01   2.7479e+02
20261002_00:00:00   6.1374e-01   1.2968e+02   2.7038e+01   3.9280e-01   1.4808e-02   2.7739e+02
20261002_03:00:00   1.9334e-01   5.1222e+01   1.6741e+01   0.0000e+00   1.7558e-03   2.7633e+02
20261002_06:00:00   1.9239e-01   5.1067e+01   1.5596e+01   0.0000e+00   2.0490e-02   2.7634e+02
20261002_09:00:00   1.6024e-01   4.3411e+01   1.2339e+01   0.0000e+00   5.8068e-03   2.7551e+02
20261002_12:00:00   1.4925e-01   4.0710e+01   1.1041e+01   0.0000e+00   2.6220e-05   2.8527e+02
20261002_15:00:00   1.5241e-01   4.1446e+01   1.1375e+01   0.0000e+00   0.0000e+00   2.8890e+02
20261002_18:00:00   1.7120e-01   4.6021e+01   1.3391e+01   0.0000e+00   0.0000e+00   2.9329e+02
20261002_21:00:00   1.6024e-01   4.3480e+01   1.2590e+01   0.0000e+00   0.0000e+00   2.9718e+02
20261003_00:00:00   1.6079e-01   4.3525e+01   1.3252e+01   0.0000e+00   0.0000e+00   2.9152e+02
20261003_03:00:00   1.6581e-01   4.4658e+01   1.4271e+01   0.0000e+00   0.0000e+00   2.8930e+02
20261003_06:00:00   1.6013e-01   4.3421e+01   1.3297e+01   0.0000e+00   0.0000e+00   2.9101e+02
