#            date       tau255        Tb[K]      pwv[mm] lwp[kg*m^-2] iwp[kg*m^-2]       o3[DU]
20260820_00:00:00   2.6074e-01   6.5697e+01   2.2138e+01   9.9969e-02   1.8695e-01   2.8887e+02
20260820_01:00:00   2.3081e-01   5.9740e+01   2.5163e+01   3.6221e-02   2.1953e-01   2.8804e+02
20260820_02:00:00   1.8537e-01   4.9925e+01   2.3556e+01   9.0120e-05   9.3825e-02   2.8676e+02
20260820_03:00:00   1.9481e-01   5.2131e+01   2.4220e+01   2.2520e-04   3.3570e-03   2.8674e+02
20260820_04:00:00   2.0978e-01   5.5419e+01   2.6072e+01   1.2900e-06   9.0223e-03   2.8726e+02
20260820_05:00:00   2.1765e-01   5.7146e+01   2.6527e+01   4.1461e-03   2.0809e-02   2.8676e+02
20260820_06:00:00   2.3310e-01   6.0363e+01   2.7896e+01   7.6230e-03   1.8423e-01   2.8681e+02
20260820_07:00:00   2.1250e-01   5.5871e+01   2.6479e+01   1.3086e-05   1.0803e-01   2.8436e+02
20260820_08:00:00   1.9723e-01   5.2485e+01   2.4793e+01   0.0000e+00   3.3517e-02   2.8272e+02
20260820_09:00:00   1.8988e-01   5.0892e+01   2.3649e+01   2.9340e-05   1.6374e-02   2.8407e+02
20260820_10:00:00   1.8573e-01   4.9999e+01   2.2929e+01   0.0000e+00   7.8830e-04   2.8590e+02
20260820_11:00:00   1.8786e-01   5.0467e+01   2.3156e+01   0.0000e+00   2.8480e-05   2.8911e+02
20260820_12:00:00   1.8335e-01   4.9441e+01   2.2585e+01   0.0000e+00   2.2820e-06   2.9099e+02
20260820_13:00:00   1.8640e-01   5.0135e+01   2.2855e+01   0.0000e+00   2.0500e-06   2.9007e+02
20260820_14:00:00   1.8341e-01   4.9464e+01   2.2614e+01   0.0000e+00   4.1440e-07   2.9044e+02
20260820_15:00:00   1.8012e-01   4.8719e+01   2.2326e+01   0.0000e+00   0.0000e+00   2.8815e+02
20260820_16:00:00   1.7686e-01   4.8036e+01   2.1955e+01   0.0000e+00   0.0000e+00   2.8595e+02
20260820_17:00:00   1.7327e-01   4.7298e+01   2.1587e+01   0.0000e+00   0.0000e+00   2.8545e+02
20260820_18:00:00   1.7138e-01   4.6924e+01   2.1443e+01   0.0000e+00   0.0000e+00   2.8710e+02
20260820_19:00:00   1.6853e-01   4.6281e+01   2.1175e+01   5.2136e-04   6.9860e-05   2.8550e+02
20260820_20:00:00   1.6685e-01   4.5850e+01   2.0281e+01   7.7206e-03   4.7525e-03   2.8335e+02
20260820_21:00:00   3.0295e-01   7.4731e+01   2.5389e+01   1.1643e-01   3.9243e-02   2.8342e+02
20260820_22:00:00   2.0366e-01   5.4218e+01   2.5390e+01   2.1597e-04   3.3025e-01   2.8502e+02
20260820_23:00:00   1.9273e-01   5.1687e+01   2.3732e+01   1.2712e-03   3.1827e-02   2.8540e+02
20260821_00:00:00   1.8541e-01   4.9952e+01   2.3328e+01   0.0000e+00   2.8945e-02   2.8461e+02
20260821_01:00:00   1.9315e-01   5.1554e+01   2.4306e+01   2.9640e-03   8.0523e-02   2.8637e+02
20260821_02:00:00   2.0407e-01   5.4019e+01   2.5660e+01   7.5861e-04   2.7877e-01   2.8757e+02
20260821_03:00:00   2.0389e-01   5.4067e+01   2.5518e+01   0.0000e+00   2.1231e-01   2.8745e+02
20260821_04:00:00   1.9907e-01   5.3048e+01   2.4565e+01   0.0000e+00   2.0857e-01   2.8910e+02
20260821_05:00:00   2.0682e-01   5.4691e+01   2.5726e+01   0.0000e+00   2.3632e-01   2.8936e+02
20260821_06:00:00   2.0795e-01   5.4961e+01   2.5907e+01   0.0000e+00   3.0689e-02   2.8962e+02
20260821_07:00:00   2.1205e-01   5.5861e+01   2.6236e+01   0.0000e+00   1.6076e-02   2.8970e+02
20260821_08:00:00   2.0524e-01   5.4357e+01   2.5399e+01   0.0000e+00   5.8160e-02   2.8812e+02
20260821_09:00:00   1.9887e-01   5.2958e+01   2.4498e+01   0.0000e+00   6.6181e-02   2.8951e+02
20260821_10:00:00   1.9541e-01   5.2199e+01   2.3843e+01   0.0000e+00   1.2699e-02   2.9002e+02
20260821_11:00:00   1.8271e-01   4.9300e+01   2.2231e+01   0.0000e+00   8.5563e-03   2.9200e+02
20260821_12:00:00   1.7593e-01   4.7748e+01   2.1271e+01   0.0000e+00   2.6340e-04   2.9270e+02
20260821_13:00:00   1.6931e-01   4.6244e+01   2.0352e+01   0.0000e+00   1.5879e-04   2.9307e+02
20260821_14:00:00   1.6687e-01   4.5700e+01   2.0034e+01   0.0000e+00   1.3397e-04   2.9384e+02
20260821_15:00:00   1.6421e-01   4.5116e+01   1.9717e+01   0.0000e+00   5.4507e-04   2.9515e+02
20260821_16:00:00   1.6204e-01   4.4665e+01   1.9381e+01   0.0000e+00   6.9570e-06   2.9448e+02
20260821_17:00:00   1.6165e-01   4.4623e+01   1.9460e+01   0.0000e+00   5.6227e-05   2.9420e+02
20260821_18:00:00   1.6308e-01   4.4959e+01   1.9963e+01   0.0000e+00   5.9418e-05   2.9327e+02
20260821_19:00:00   1.6293e-01   4.4908e+01   2.0254e+01   1.4412e-07   2.0487e-04   2.9165e+02
20260821_20:00:00   1.6701e-01   4.5832e+01   2.1048e+01   1.4150e-04   1.1649e-03   2.8940e+02
20260821_21:00:00   1.6569e-01   4.5530e+01   2.0916e+01   1.3599e-03   1.6023e-03   2.8874e+02
20260821_22:00:00   1.7675e-01   4.8015e+01   2.1128e+01   1.2470e-02   1.7200e-02   2.8949e+02
20260821_23:00:00   2.7834e-01   6.9941e+01   2.4842e+01   9.1165e-02   7.7816e-02   2.9130e+02
20260822_00:00:00   2.0560e-01   5.4749e+01   2.5469e+01   3.6900e-03   3.3968e-03   2.8990e+02
20260822_01:00:00   2.0509e-01   5.4599e+01   2.6160e+01   6.6876e-04   6.4338e-03   2.8780e+02
20260822_02:00:00   1.9687e-01   5.2840e+01   2.4969e+01   8.0540e-06   6.7299e-05   2.8621e+02
20260822_03:00:00   1.9581e-01   5.2636e+01   2.4307e+01   1.1064e-03   1.4829e-05   2.8546e+02
20260822_04:00:00   1.9433e-01   5.2293e+01   2.3786e+01   1.0612e-03   4.5505e-04   2.8739e+02
20260822_05:00:00   2.0399e-01   5.4424e+01   2.4661e+01   2.6060e-04   6.6220e-03   2.8673e+02
20260822_06:00:00   2.0342e-01   5.4309e+01   2.4774e+01   0.0000e+00   1.3221e-02   2.8857e+02
20260822_07:00:00   2.0184e-01   5.3934e+01   2.4620e+01   0.0000e+00   1.2345e-02   2.8839e+02
20260822_08:00:00   2.0122e-01   5.3778e+01   2.4504e+01   0.0000e+00   1.3254e-02   2.8917e+02
20260822_09:00:00   2.0081e-01   5.3619e+01   2.4504e+01   0.0000e+00   5.1477e-04   2.8899e+02
20260822_10:00:00   1.9617e-01   5.2562e+01   2.3893e+01   0.0000e+00   1.2423e-04   2.8569e+02
20260822_11:00:00   1.9458e-01   5.2182e+01   2.3493e+01   0.0000e+00   1.4624e-04   2.8505e+02
20260822_12:00:00   1.8840e-01   5.0779e+01   2.2655e+01   0.0000e+00   1.5614e-04   2.8576e+02
20260822_13:00:00   1.8201e-01   4.9325e+01   2.1752e+01   0.0000e+00   1.0640e-05   2.8684e+02
20260822_14:00:00   1.7216e-01   4.7086e+01   2.0360e+01   0.0000e+00   2.0140e-06   2.8838e+02
20260822_15:00:00   1.6651e-01   4.5804e+01   1.9518e+01   0.0000e+00   0.0000e+00   2.8732e+02
20260822_16:00:00   1.6327e-01   4.5117e+01   1.9104e+01   0.0000e+00   0.0000e+00   2.8576e+02
20260822_17:00:00   1.6359e-01   4.5264e+01   1.9247e+01   0.0000e+00   0.0000e+00   2.8793e+02
20260822_18:00:00   1.6533e-01   4.5673e+01   1.9774e+01   0.0000e+00   1.6126e-07   2.8881e+02
20260822_19:00:00   1.6040e-01   4.4455e+01   1.9423e+01   4.0260e-06   5.6671e-05   2.8574e+02
20260822_20:00:00   1.5615e-01   4.3451e+01   1.9008e+01   4.6300e-05   1.5893e-04   2.8572e+02
20260822_21:00:00   1.5363e-01   4.2888e+01   1.8761e+01   2.0140e-06   5.2608e-06   2.8634e+02
20260822_22:00:00   1.5912e-01   4.4085e+01   1.9609e+01   1.4706e-03   5.1191e-04   2.8590e+02
20260822_23:00:00   1.5021e-01   4.2008e+01   1.8507e+01   1.2926e-03   9.6662e-04   2.8722e+02
20260823_00:00:00   1.5242e-01   4.2506e+01   1.8856e+01   1.1051e-03   2.3801e-03   2.8878e+02
20260823_01:00:00   1.5222e-01   4.2460e+01   1.8905e+01   3.4103e-04   3.7240e-03   2.8809e+02
20260823_02:00:00   1.5496e-01   4.3144e+01   1.9244e+01   0.0000e+00   4.6892e-03   2.8731e+02
20260823_03:00:00   1.6925e-01   4.6422e+01   2.1221e+01   0.0000e+00   1.3514e-02   2.8623e+02
20260823_04:00:00   3.0680e-01   7.5207e+01   2.2922e+01   1.3885e-01   8.4226e-03   2.8678e+02
20260823_05:00:00   1.9055e-01   5.1167e+01   2.2153e+01   1.3481e-02   2.1384e-03   2.8551e+02
20260823_06:00:00   1.7932e-01   4.8731e+01   2.1983e+01   2.8523e-04   2.3518e-05   2.8556e+02
20260823_07:00:00   1.8002e-01   4.8895e+01   2.2109e+01   2.8040e-04   2.3063e-04   2.8579e+02
20260823_08:00:00   1.8172e-01   4.9265e+01   2.2269e+01   3.9661e-04   3.3611e-03   2.8533e+02
20260823_09:00:00   1.8661e-01   5.0369e+01   2.2721e+01   2.9800e-04   9.5477e-04   2.8363e+02
20260823_10:00:00   1.9047e-01   5.1248e+01   2.2994e+01   0.0000e+00   0.0000e+00   2.8616e+02
20260823_11:00:00   1.8065e-01   4.9035e+01   2.1582e+01   0.0000e+00   0.0000e+00   2.8736e+02
20260823_12:00:00   1.7989e-01   4.8857e+01   2.1413e+01   0.0000e+00   0.0000e+00   2.8853e+02
20260823_13:00:00   1.7709e-01   4.8221e+01   2.1049e+01   0.0000e+00   0.0000e+00   2.8708e+02
20260823_14:00:00   1.7508e-01   4.7775e+01   2.0764e+01   0.0000e+00   0.0000e+00   2.8612e+02
20260823_15:00:00   1.7568e-01   4.7900e+01   2.1090e+01   0.0000e+00   0.0000e+00   2.8373e+02
20260823_16:00:00   1.7662e-01   4.8141e+01   2.1453e+01   0.0000e+00   0.0000e+00   2.8216e+02
20260823_17:00:00   1.8207e-01   4.9454e+01   2.2318e+01   0.0000e+00   0.0000e+00   2.8324e+02
20260823_18:00:00   1.8657e-01   5.0472e+01   2.2532e+01   6.0680e-03   1.2310e-04   2.8498e+02
20260823_19:00:00   2.0877e-01   5.5145e+01   2.2629e+01   3.3729e-02   5.8116e-03   2.8525e+02
20260823_20:00:00   2.4272e-01   6.2258e+01   2.2285e+01   7.6603e-02   4.0147e-02   2.8432e+02
20260823_21:00:00   2.1450e-01   5.6347e+01   2.2970e+01   3.9955e-02   5.4032e-02   2.8559e+02
20260823_22:00:00   2.1241e-01   5.5872e+01   2.2807e+01   3.9028e-02   4.6013e-02   2.8561e+02
20260823_23:00:00   4.2362e-01   9.6784e+01   2.4154e+01   2.6335e-01   1.6272e-01   2.8407e+02
20260824_00:00:00   1.8572e-01   5.0264e+01   2.2593e+01   7.0240e-03   5.0910e-03   2.8439e+02
20260824_01:00:00   1.6889e-01   4.6356e+01   2.1407e+01   1.9210e-04   3.7980e-05   2.8498e+02
20260824_02:00:00   1.6326e-01   4.4965e+01   2.0888e+01   1.0772e-04   2.1440e-05   2.8658e+02
20260824_03:00:00   1.7113e-01   4.6705e+01   2.1839e+01   4.6102e-04   2.0863e-02   2.8813e+02
20260824_04:00:00   1.7114e-01   4.6739e+01   2.1704e+01   3.0200e-06   1.6474e-03   2.8822e+02
20260824_05:00:00   2.1886e-01   5.7323e+01   2.2981e+01   3.7919e-02   8.9163e-03   2.8637e+02
20260824_06:00:00   1.8785e-01   5.0668e+01   2.3109e+01   1.2684e-04   6.9724e-04   2.8601e+02
20260824_07:00:00   1.8344e-01   4.9654e+01   2.2652e+01   0.0000e+00   2.0642e-03   2.8693e+02
20260824_08:00:00   2.0545e-01   5.4532e+01   2.3436e+01   1.6918e-02   6.7802e-04   2.8650e+02
20260824_09:00:00   2.1909e-01   5.7499e+01   2.3486e+01   3.0981e-02   1.6406e-03   2.8764e+02
20260824_10:00:00   1.9841e-01   5.2963e+01   2.3034e+01   1.0426e-02   1.8452e-03   2.8782e+02
20260824_11:00:00   1.8802e-01   5.0632e+01   2.2672e+01   2.8080e-05   1.3224e-04   2.8935e+02
20260824_12:00:00   1.8327e-01   4.9560e+01   2.2066e+01   0.0000e+00   0.0000e+00   2.8990e+02
20260824_13:00:00   1.7958e-01   4.8725e+01   2.1652e+01   0.0000e+00   0.0000e+00   2.8933e+02
20260824_14:00:00   1.7671e-01   4.8081e+01   2.1293e+01   0.0000e+00   0.0000e+00   2.8952e+02
20260824_15:00:00   1.7337e-01   4.7349e+01   2.0907e+01   0.0000e+00   0.0000e+00   2.8952e+02
20260824_16:00:00   1.7186e-01   4.7047e+01   2.0719e+01   0.0000e+00   0.0000e+00   2.9033e+02
20260824_17:00:00   1.7018e-01   4.6737e+01   2.0553e+01   0.0000e+00   0.0000e+00   2.9171e+02
20260824_18:00:00   1.6888e-01   4.6508e+01   2.0495e+01   7.4500e-05   1.6106e-06   2.9029e+02
20260824_19:00:00   1.8049e-01   4.9140e+01   2.0930e+01   1.1579e-02   1.3044e-03   2.8852e+02
20260824_20:00:00   2.7023e-01   6.7783e+01   2.1051e+01   1.1518e-01   7.6338e-02   2.8785e+02
20260824_21:00:00   2.2770e-01   5.9316e+01   2.1735e+01   6.0167e-02   8.5246e-02   2.8795e+02
20260824_22:00:00   3.3176e-01   8.0106e+01   2.2830e+01   1.6795e-01   5.9827e-02   2.8707e+02
20260824_23:00:00   1.9190e-01   5.1657e+01   2.2654e+01   9.5297e-03   8.2476e-03   2.8758e+02
20260825_00:00:00   1.7590e-01   4.8156e+01   2.1304e+01   1.6622e-04   1.6300e-05   2.8797e+02
20260825_03:00:00   1.7205e-01   4.7275e+01   2.0672e+01   0.0000e+00   0.0000e+00   2.9000e+02
20260825_06:00:00   1.8439e-01   4.9964e+01   2.2306e+01   0.0000e+00   3.0323e-03   2.8953e+02
20260825_09:00:00   1.8303e-01   4.9590e+01   2.2049e+01   0.0000e+00   4.0907e-04   2.9013e+02
20260825_12:00:00   1.8247e-01   4.9399e+01   2.1897e+01   0.0000e+00   0.0000e+00   2.9142e+02
20260825_15:00:00   1.8204e-01   4.9295e+01   2.1698e+01   0.0000e+00   0.0000e+00   2.9033e+02
20260825_18:00:00   1.6258e-01   4.4961e+01   1.9688e+01   1.6106e-05   2.4160e-06   2.8699e+02
20260825_21:00:00   1.7121e-01   4.6692e+01   1.9715e+01   1.5368e-02   8.6472e-02   2.8455e+02
20260826_00:00:00   1.7346e-01   4.7281e+01   2.0919e+01   9.3678e-03   1.7773e-01   2.8699e+02
20260826_03:00:00   1.9103e-01   5.1235e+01   2.3631e+01   0.0000e+00   1.1176e-02   2.9297e+02
20260826_06:00:00   1.8818e-01   5.0583e+01   2.3632e+01   0.0000e+00   6.9693e-02   2.8928e+02
20260826_09:00:00   1.9942e-01   5.3123e+01   2.4616e+01   0.0000e+00   1.3001e-03   2.8887e+02
20260826_12:00:00   1.8941e-01   5.0907e+01   2.2994e+01   0.0000e+00   2.4160e-05   2.8851e+02
20260826_15:00:00   1.8239e-01   4.9351e+01   2.2228e+01   0.0000e+00   0.0000e+00   2.8867e+02
20260826_18:00:00   1.7478e-01   4.7735e+01   2.1482e+01   3.1361e-04   5.6377e-06   2.8927e+02
20260826_21:00:00   1.4719e-01   4.1197e+01   1.8034e+01   1.4875e-03   6.5538e-04   2.8508e+02
20260827_00:00:00   1.4139e-01   3.9582e+01   1.8129e+01   2.0140e-06   2.6736e-03   2.8292e+02
20260827_03:00:00   1.6792e-01   4.6078e+01   2.0324e+01   1.2610e-06   4.7998e-04   2.8667e+02
20260827_06:00:00   1.7323e-01   4.7289e+01   2.0938e+01   0.0000e+00   2.7968e-05   2.8419e+02
20260827_09:00:00   1.6448e-01   4.5231e+01   1.9733e+01   0.0000e+00   0.0000e+00   2.8350e+02
20260827_12:00:00   1.6077e-01   4.4251e+01   1.9264e+01   0.0000e+00   2.0040e-05   2.8620e+02
20260827_15:00:00   1.5621e-01   4.3170e+01   1.8859e+01   0.0000e+00   9.5238e-04   2.8719e+02
20260827_18:00:00   1.5164e-01   4.2198e+01   1.8716e+01   6.0400e-06   1.5160e-03   2.8887e+02
20260827_21:00:00   1.4104e-01   3.9635e+01   1.7549e+01   4.6100e-04   4.6768e-04   2.8725e+02
20260828_00:00:00   1.4580e-01   4.0869e+01   1.8296e+01   1.4015e-05   1.3900e-03   2.8776e+02
20260828_03:00:00   1.4167e-01   3.9664e+01   1.7954e+01   0.0000e+00   8.9289e-02   2.8830e+02
20260828_06:00:00   1.8168e-01   4.8938e+01   2.3255e+01   0.0000e+00   1.2029e-01   2.8459e+02
20260828_09:00:00   1.6602e-01   4.5495e+01   2.0444e+01   0.0000e+00   3.2235e-04   2.8813e+02
20260828_12:00:00   1.6698e-01   4.5661e+01   2.0448e+01   0.0000e+00   3.2999e-03   2.8809e+02
20260828_15:00:00   1.5761e-01   4.3536e+01   1.9119e+01   0.0000e+00   8.0210e-04   2.8964e+02
20260828_18:00:00   1.4954e-01   4.1765e+01   1.8241e+01   2.5980e-04   3.9547e-04   2.8545e+02
20260828_21:00:00   1.3939e-01   3.9213e+01   1.7198e+01   8.1800e-04   4.5957e-03   2.8406e+02
20260829_00:00:00   1.3774e-01   3.8911e+01   1.7034e+01   9.0220e-05   3.1196e-04   2.8592e+02
20260829_03:00:00   1.5742e-01   4.3537e+01   1.9963e+01   0.0000e+00   5.2760e-04   2.8533e+02
20260829_06:00:00   2.1636e-01   5.6664e+01   2.3960e+01   3.1601e-02   2.5300e-02   2.8264e+02
20260829_09:00:00   1.9177e-01   5.1403e+01   2.4175e+01   0.0000e+00   1.1318e-03   2.8182e+02
20260829_12:00:00   1.9036e-01   5.1109e+01   2.3550e+01   2.8190e-05   1.8917e-03   2.8289e+02
20260829_15:00:00   1.8025e-01   4.8937e+01   2.1841e+01   0.0000e+00   0.0000e+00   2.8360e+02
20260829_18:00:00   1.7468e-01   4.7740e+01   2.1785e+01   4.4293e-05   9.6643e-06   2.8335e+02
20260829_21:00:00   2.4823e-01   6.3188e+01   2.2688e+01   8.3167e-02   5.1770e-02   2.8252e+02
20260830_00:00:00   1.8988e-01   5.1073e+01   2.4455e+01   1.9722e-04   1.0313e-02   2.8338e+02
20260830_03:00:00   1.8191e-01   4.9052e+01   2.3404e+01   0.0000e+00   1.2211e-02   2.8298e+02
20260830_06:00:00   1.9892e-01   5.2908e+01   2.5187e+01   0.0000e+00   2.9989e-03   2.8127e+02
20260830_09:00:00   1.9133e-01   5.1166e+01   2.4161e+01   0.0000e+00   1.4906e-03   2.8074e+02
20260830_12:00:00   1.9075e-01   5.1011e+01   2.3931e+01   0.0000e+00   3.4268e-05   2.8016e+02
20260830_15:00:00   1.8782e-01   5.0449e+01   2.3270e+01   0.0000e+00   2.6400e-04   2.8111e+02
20260830_18:00:00   1.8908e-01   5.0893e+01   2.3677e+01   7.3483e-04   1.7718e-05   2.8251e+02
20260830_21:00:00   2.2083e-01   5.7626e+01   2.2723e+01   4.9391e-02   2.9853e-02   2.8190e+02
20260831_00:00:00   1.5923e-01   4.4026e+01   2.0315e+01   0.0000e+00   3.9000e-05   2.8138e+02
20260831_03:00:00   1.9033e-01   5.1136e+01   2.4271e+01   5.7320e-04   3.4884e-02   2.7933e+02
20260831_06:00:00   1.9251e-01   5.1498e+01   2.4535e+01   1.2900e-05   7.7954e-02   2.7854e+02
20260831_09:00:00   1.7371e-01   4.7374e+01   2.1258e+01   0.0000e+00   1.0695e-03   2.8010e+02
20260831_12:00:00   1.5643e-01   4.3253e+01   1.8608e+01   0.0000e+00   7.6780e-04   2.8059e+02
20260831_15:00:00   1.5436e-01   4.2793e+01   1.8284e+01   0.0000e+00   3.8460e-03   2.7774e+02
20260831_18:00:00   1.5997e-01   4.4247e+01   1.9484e+01   2.0140e-06   1.4417e-05   2.7769e+02
20260831_21:00:00   2.2938e-01   5.9386e+01   2.5285e+01   3.4667e-02   4.3606e-01   2.7852e+02
20260901_00:00:00   1.5902e-01   4.3648e+01   2.0658e+01   1.8022e-05   1.2430e-01   2.7683e+02
20260901_03:00:00   1.2974e-01   3.6767e+01   1.6135e+01   0.0000e+00   0.0000e+00   2.7814e+02
20260901_06:00:00   1.3120e-01   3.6943e+01   1.6278e+01   0.0000e+00   4.1505e-03   2.7854e+02
20260901_09:00:00   1.2626e-01   3.5837e+01   1.5168e+01   0.0000e+00   1.6106e-05   2.7728e+02
20260901_12:00:00   1.2132e-01   3.4618e+01   1.4304e+01   0.0000e+00   8.2580e-05   2.7849e+02
20260901_15:00:00   1.3299e-01   3.7332e+01   1.6271e+01   0.0000e+00   1.3700e-03   2.7843e+02
20260901_18:00:00   1.4026e-01   3.9175e+01   1.7535e+01   2.7120e-04   7.8475e-04   2.8179e+02
20260901_21:00:00   1.4868e-01   4.1364e+01   1.9021e+01   4.5160e-06   1.5949e-02   2.8078e+02
20260902_00:00:00   2.1528e-01   5.6086e+01   1.9510e+01   6.9705e-02   1.7922e-01   2.8132e+02
20260902_03:00:00   2.6029e-01   6.5696e+01   2.3217e+01   8.7238e-02   2.4786e-01   2.7996e+02
20260902_06:00:00   1.8908e-01   5.0655e+01   2.2336e+01   8.8462e-03   5.3149e-02   2.8005e+02
20260902_09:00:00   1.6083e-01   4.4119e+01   1.9611e+01   0.0000e+00   0.0000e+00   2.8048e+02
20260902_12:00:00   1.5216e-01   4.2173e+01   1.7917e+01   0.0000e+00   0.0000e+00   2.8377e+02
20260902_15:00:00   1.5776e-01   4.3492e+01   1.8756e+01   0.0000e+00   0.0000e+00   2.8268e+02
20260902_18:00:00   1.6052e-01   4.4259e+01   1.9378e+01   4.0260e-06   1.6107e-06   2.8279e+02
20260902_21:00:00   1.5432e-01   4.2809e+01   1.9207e+01   3.4620e-04   5.7183e-05   2.8058e+02
20260903_00:00:00   1.6853e-01   4.6172e+01   2.1396e+01   1.9350e-06   2.2320e-04   2.8122e+02
20260903_03:00:00   1.7815e-01   4.8316e+01   2.2612e+01   0.0000e+00   4.0206e-03   2.7964e+02
20260903_06:00:00   1.8905e-01   5.0633e+01   2.3699e+01   1.6126e-06   1.8179e-03   2.8134e+02
20260903_09:00:00   1.6710e-01   4.5613e+01   1.9831e+01   0.0000e+00   2.5221e-04   2.8119e+02
20260903_12:00:00   1.6290e-01   4.4566e+01   1.9022e+01   0.0000e+00   1.8940e-04   2.8080e+02
20260903_15:00:00   1.6110e-01   4.4162e+01   1.8663e+01   1.2900e-06   2.8509e-04   2.7928e+02
20260903_18:00:00   1.4832e-01   4.1309e+01   1.7160e+01   0.0000e+00   2.7961e-03   2.8064e+02
20260903_21:00:00   1.3986e-01   3.9275e+01   1.6529e+01   0.0000e+00   1.3784e-02   2.7920e+02
20260904_00:00:00   1.3407e-01   3.7844e+01   1.5928e+01   0.0000e+00   7.4864e-03   2.8061e+02
20260904_03:00:00   1.3819e-01   3.8794e+01   1.6509e+01   0.0000e+00   8.0636e-03   2.8379e+02
20260904_06:00:00   1.8500e-01   4.9696e+01   2.2354e+01   2.5904e-03   2.1400e-03   2.8531e+02
20260904_09:00:00   1.8251e-01   4.9101e+01   2.1648e+01   6.8960e-05   3.2145e-03   2.8452e+02
20260904_12:00:00   1.9634e-01   5.2217e+01   2.3088e+01   0.0000e+00   6.0069e-03   2.8385e+02
20260904_15:00:00   2.1130e-01   5.5348e+01   2.5694e+01   1.8022e-05   3.0751e-02   2.8484e+02
20260904_18:00:00   2.5186e-01   6.4094e+01   2.5742e+01   4.9653e-02   4.6824e-03   2.8635e+02
20260904_21:00:00   2.0766e-01   5.4689e+01   2.5922e+01   9.5479e-04   1.9224e-01   2.8606e+02
20260905_00:00:00   2.0047e-01   5.3324e+01   2.4361e+01   2.5684e-03   2.3745e-03   2.8726e+02
