#            date       tau255        Tb[K]      pwv[mm] lwp[kg*m^-2] iwp[kg*m^-2]       o3[DU]
20260729_00:00:00   2.2897e-01   6.0113e+01   2.8561e+01   9.6778e-03   3.2525e-01   2.9825e+02
20260729_01:00:00   2.3686e-01   6.1746e+01   2.9682e+01   1.2907e-03   9.1965e-01   2.9385e+02
20260729_02:00:00   2.1813e-01   5.7595e+01   2.8012e+01   1.5200e-04   5.5226e-01   2.9564e+02
20260729_03:00:00   2.1226e-01   5.6318e+01   2.7833e+01   0.0000e+00   1.6743e-01   2.9825e+02
20260729_04:00:00   2.2859e-01   5.9731e+01   2.8535e+01   1.4617e-02   1.3514e-01   2.9947e+02
20260729_05:00:00   2.9675e-01   7.3963e+01   3.1185e+01   5.8423e-02   9.1475e-02   3.0010e+02
20260729_06:00:00   2.3888e-01   6.2166e+01   3.0240e+01   1.8522e-03   9.8439e-02   2.9979e+02
20260729_07:00:00   2.2320e-01   5.8785e+01   2.8467e+01   0.0000e+00   1.6879e-01   2.9897e+02
20260729_08:00:00   2.3072e-01   6.0305e+01   2.9150e+01   2.1560e-03   4.3474e-02   2.9984e+02
20260729_09:00:00   2.1649e-01   5.7190e+01   2.7740e+01   1.0814e-04   1.5995e-02   2.9937e+02
20260729_10:00:00   2.1626e-01   5.7162e+01   2.7450e+01   1.2080e-05   1.0844e-02   3.0025e+02
20260729_11:00:00   2.1965e-01   5.7934e+01   2.7542e+01   2.2860e-04   2.8657e-03   2.9999e+02
20260729_12:00:00   2.1654e-01   5.7292e+01   2.6952e+01   1.6106e-05   4.2669e-03   3.0043e+02
20260729_13:00:00   2.1626e-01   5.7257e+01   2.6852e+01   0.0000e+00   1.8048e-03   3.0209e+02
20260729_14:00:00   2.1366e-01   5.6729e+01   2.6498e+01   0.0000e+00   1.2602e-03   3.0417e+02
20260729_15:00:00   2.1472e-01   5.7007e+01   2.6569e+01   0.0000e+00   5.7840e-04   3.0401e+02
20260729_16:00:00   2.1384e-01   5.6900e+01   2.6395e+01   0.0000e+00   5.0720e-05   3.0416e+02
20260729_17:00:00   2.1037e-01   5.6206e+01   2.6105e+01   0.0000e+00   0.0000e+00   3.0231e+02
20260729_18:00:00   2.0886e-01   5.5958e+01   2.6039e+01   1.4496e-04   8.0540e-07   3.0269e+02
20260729_19:00:00   2.0448e-01   5.5059e+01   2.5600e+01   7.7713e-04   1.8522e-05   3.0416e+02
20260729_20:00:00   2.1494e-01   5.7366e+01   2.5431e+01   1.5916e-02   3.5911e-04   3.0648e+02
20260729_21:00:00   2.0068e-01   5.4218e+01   2.4016e+01   1.2212e-02   2.4242e-05   3.0414e+02
20260729_22:00:00   2.8150e-01   7.0973e+01   2.5973e+01   8.8580e-02   1.2735e-02   3.0262e+02
20260729_23:00:00   2.1092e-01   5.6340e+01   2.4457e+01   2.1655e-02   5.7762e-04   3.0571e+02
20260730_00:00:00   2.2906e-01   6.0273e+01   2.5506e+01   3.1644e-02   5.0545e-03   3.0523e+02
20260730_01:00:00   3.3998e-01   8.2875e+01   2.7635e+01   1.3307e-01   7.1003e-03   3.0699e+02
20260730_02:00:00   2.2377e-01   5.9353e+01   2.6134e+01   1.4122e-02   1.3587e-04   3.0746e+02
20260730_03:00:00   4.2404e-01   9.7957e+01   3.2268e+01   1.8181e-01   8.4570e-02   3.0767e+02
20260730_04:00:00   2.3114e-01   6.0723e+01   2.7144e+01   0.0000e+00   2.1956e-01   3.0912e+02
20260730_05:00:00   2.2683e-01   5.9719e+01   2.7514e+01   5.0340e-05   1.1339e-01   3.0625e+02
20260730_06:00:00   2.1837e-01   5.7716e+01   2.7333e+01   0.0000e+00   7.0067e-02   3.0710e+02
20260730_07:00:00   2.1549e-01   5.7110e+01   2.7163e+01   0.0000e+00   1.3276e-02   3.0665e+02
20260730_08:00:00   2.1840e-01   5.7799e+01   2.7038e+01   7.4180e-06   3.5388e-03   3.0606e+02
20260730_09:00:00   2.1646e-01   5.7369e+01   2.6534e+01   0.0000e+00   5.9700e-05   3.0567e+02
20260730_10:00:00   2.1492e-01   5.7074e+01   2.5927e+01   0.0000e+00   3.6020e-08   3.0566e+02
20260730_11:00:00   2.1384e-01   5.6884e+01   2.5437e+01   0.0000e+00   0.0000e+00   3.0516e+02
20260730_12:00:00   2.1566e-01   5.7299e+01   2.5454e+01   0.0000e+00   0.0000e+00   3.0778e+02
20260730_13:00:00   2.0797e-01   5.5597e+01   2.4551e+01   0.0000e+00   0.0000e+00   3.0841e+02
20260730_14:00:00   1.9977e-01   5.3780e+01   2.3657e+01   0.0000e+00   0.0000e+00   3.0582e+02
20260730_15:00:00   1.9199e-01   5.2056e+01   2.2750e+01   0.0000e+00   0.0000e+00   3.0545e+02
20260730_16:00:00   1.9101e-01   5.1901e+01   2.2699e+01   0.0000e+00   0.0000e+00   3.0547e+02
20260730_17:00:00   1.9129e-01   5.2070e+01   2.2819e+01   0.0000e+00   0.0000e+00   3.0446e+02
20260730_18:00:00   1.9481e-01   5.2945e+01   2.3470e+01   2.0140e-06   0.0000e+00   3.0219e+02
20260730_19:00:00   2.0598e-01   5.5502e+01   2.4975e+01   2.2940e-03   8.8580e-06   3.0350e+02
20260730_20:00:00   3.5436e-01   8.5808e+01   2.6892e+01   1.5884e-01   3.5304e-03   3.0381e+02
20260730_21:00:00   4.8933e-01   1.0919e+02   2.8292e+01   3.0387e-01   9.4134e-02   3.0490e+02
20260730_22:00:00   5.9677e-01   1.2594e+02   2.7743e+01   4.2779e-01   1.3106e-02   3.0457e+02
20260730_23:00:00   5.3844e-01   1.1717e+02   2.9242e+01   3.4710e-01   4.9831e-02   3.0363e+02
20260731_00:00:00   1.9519e-01   5.2919e+01   2.5028e+01   1.2094e-03   1.7040e-04   3.0175e+02
20260731_01:00:00   1.8504e-01   5.0530e+01   2.4065e+01   0.0000e+00   0.0000e+00   3.0369e+02
20260731_02:00:00   1.9376e-01   5.2457e+01   2.4865e+01   2.3976e-03   5.2842e-05   3.0612e+02
20260731_03:00:00   2.2779e-01   5.9742e+01   2.4918e+01   3.9402e-02   2.3620e-04   3.0643e+02
20260731_04:00:00   1.9255e-01   5.2167e+01   2.4783e+01   0.0000e+00   0.0000e+00   3.0263e+02
20260731_05:00:00   1.9278e-01   5.2117e+01   2.5035e+01   0.0000e+00   1.4354e-03   3.0324e+02
20260731_06:00:00   1.9583e-01   5.2712e+01   2.5266e+01   3.6057e-05   8.2303e-05   3.0395e+02
20260731_07:00:00   1.9450e-01   5.2353e+01   2.4602e+01   2.9872e-03   8.6978e-05   3.0283e+02
20260731_08:00:00   4.5877e-01   1.0323e+02   2.4842e+01   2.9617e-01   2.1821e-03   3.0247e+02
20260731_09:00:00   2.4959e-01   6.3980e+01   2.4715e+01   6.2155e-02   1.0652e-03   3.0244e+02
20260731_10:00:00   1.8894e-01   5.1057e+01   2.3899e+01   0.0000e+00   1.9312e-05   3.0179e+02
20260731_11:00:00   1.9173e-01   5.1676e+01   2.4233e+01   0.0000e+00   9.4619e-05   3.0282e+02
20260731_12:00:00   1.9592e-01   5.2596e+01   2.4727e+01   0.0000e+00   0.0000e+00   3.0320e+02
20260731_13:00:00   1.9204e-01   5.1736e+01   2.4101e+01   0.0000e+00   0.0000e+00   3.0291e+02
20260731_14:00:00   1.8770e-01   5.0771e+01   2.3555e+01   0.0000e+00   0.0000e+00   3.0411e+02
20260731_15:00:00   1.8473e-01   5.0159e+01   2.2958e+01   0.0000e+00   0.0000e+00   3.0365e+02
20260731_16:00:00   1.8084e-01   4.9353e+01   2.2288e+01   0.0000e+00   0.0000e+00   3.0319e+02
20260731_17:00:00   1.8145e-01   4.9617e+01   2.2154e+01   8.0540e-06   0.0000e+00   3.0166e+02
20260731_18:00:00   1.8774e-01   5.1124e+01   2.2842e+01   2.3662e-04   4.4945e-05   2.9914e+02
20260731_19:00:00   3.3582e-01   8.1905e+01   2.4422e+01   1.5595e-01   1.5604e-02   2.9671e+02
20260731_20:00:00   4.8731e-01   1.0893e+02   2.5906e+01   3.1802e-01   5.3261e-02   2.9544e+02
20260731_21:00:00   1.8641e-01   5.0817e+01   2.3219e+01   1.9228e-03   1.2265e-03   2.9478e+02
20260731_22:00:00   1.8461e-01   5.0180e+01   2.1321e+01   1.8362e-02   6.8695e-03   2.9255e+02
20260731_23:00:00   1.4233e-01   4.0120e+01   1.7774e+01   2.9760e-03   3.4520e-03   2.9320e+02
20260801_00:00:00   1.3492e-01   3.8265e+01   1.6975e+01   1.5861e-03   3.7526e-03   2.9292e+02
20260801_01:00:00   1.6540e-01   4.5906e+01   2.0943e+01   4.9585e-04   2.4181e-03   2.9244e+02
20260801_02:00:00   1.8621e-01   5.0875e+01   2.2740e+01   4.8255e-04   3.7475e-03   2.9110e+02
20260801_03:00:00   1.7709e-01   4.8648e+01   2.1576e+01   4.0260e-06   1.0036e-03   2.9067e+02
20260801_04:00:00   1.8568e-01   5.0491e+01   2.2761e+01   0.0000e+00   8.2819e-03   2.9220e+02
20260801_05:00:00   1.9496e-01   5.2601e+01   2.3595e+01   8.8020e-04   5.6982e-03   2.9340e+02
20260801_06:00:00   2.0168e-01   5.4087e+01   2.4170e+01   1.5772e-03   2.0899e-02   2.9629e+02
20260801_07:00:00   2.0152e-01   5.4039e+01   2.4196e+01   9.5040e-05   6.3560e-03   2.9548e+02
20260801_08:00:00   2.0308e-01   5.4376e+01   2.4120e+01   3.4440e-04   5.7500e-04   2.9308e+02
20260801_09:00:00   2.0032e-01   5.3756e+01   2.3701e+01   0.0000e+00   8.6260e-07   2.9403e+02
20260801_10:00:00   1.9809e-01   5.3257e+01   2.3324e+01   0.0000e+00   4.5020e-06   2.9511e+02
20260801_11:00:00   2.0244e-01   5.4224e+01   2.3876e+01   0.0000e+00   0.0000e+00   2.9510e+02
20260801_12:00:00   2.0122e-01   5.3952e+01   2.3591e+01   0.0000e+00   0.0000e+00   2.9508e+02
20260801_13:00:00   1.9659e-01   5.2915e+01   2.2824e+01   0.0000e+00   0.0000e+00   2.9650e+02
20260801_14:00:00   1.8484e-01   5.0276e+01   2.1364e+01   0.0000e+00   0.0000e+00   2.9658e+02
20260801_15:00:00   1.7814e-01   4.8758e+01   2.0597e+01   0.0000e+00   0.0000e+00   2.9738e+02
20260801_16:00:00   1.7553e-01   4.8202e+01   2.0378e+01   0.0000e+00   0.0000e+00   2.9568e+02
20260801_17:00:00   1.7327e-01   4.7737e+01   2.0256e+01   0.0000e+00   0.0000e+00   2.9571e+02
20260801_18:00:00   1.6568e-01   4.6021e+01   1.9458e+01   0.0000e+00   0.0000e+00   2.9592e+02
20260801_19:00:00   1.5635e-01   4.3761e+01   1.8644e+01   4.5062e-04   1.2018e-04   2.9612e+02
20260801_20:00:00   1.5101e-01   4.2268e+01   1.7980e+01   4.2352e-03   1.7824e-03   2.9479e+02
20260801_21:00:00   1.4410e-01   4.0561e+01   1.8137e+01   5.6080e-05   1.2375e-02   2.9445e+02
20260801_22:00:00   2.3654e-01   6.1034e+01   2.3588e+01   6.0301e-02   1.5123e-02   2.9460e+02
20260801_23:00:00   2.0542e-01   5.4917e+01   2.5054e+01   1.9715e-05   9.7454e-04   2.9383e+02
20260802_00:00:00   2.0323e-01   5.4387e+01   2.4378e+01   1.1799e-03   1.9239e-02   2.9366e+02
20260802_01:00:00   2.1580e-01   5.6933e+01   2.6626e+01   9.5442e-04   2.0754e-01   2.9448e+02
20260802_02:00:00   1.9816e-01   5.2921e+01   2.4779e+01   0.0000e+00   1.5796e-01   2.9481e+02
20260802_03:00:00   1.8667e-01   5.0313e+01   2.3324e+01   0.0000e+00   2.0912e-02   2.9509e+02
20260802_04:00:00   1.7564e-01   4.7806e+01   2.2038e+01   0.0000e+00   3.2256e-04   2.9472e+02
20260802_05:00:00   1.7680e-01   4.7979e+01   2.2111e+01   3.4840e-05   1.1580e-02   2.9539e+02
20260802_06:00:00   1.8002e-01   4.8748e+01   2.2216e+01   0.0000e+00   5.7706e-03   2.9538e+02
20260802_07:00:00   1.8776e-01   5.0556e+01   2.2999e+01   7.2060e-08   2.1263e-03   2.9378e+02
20260802_08:00:00   1.9063e-01   5.1280e+01   2.2992e+01   0.0000e+00   8.5640e-05   2.9109e+02
20260802_09:00:00   1.8416e-01   4.9808e+01   2.2040e+01   0.0000e+00   5.1600e-07   2.9079e+02
20260802_10:00:00   1.7846e-01   4.8513e+01   2.1306e+01   0.0000e+00   0.0000e+00   2.9307e+02
20260802_11:00:00   1.7562e-01   4.7877e+01   2.0802e+01   0.0000e+00   3.1100e-06   2.9470e+02
20260802_12:00:00   1.7611e-01   4.7996e+01   2.0745e+01   0.0000e+00   3.7380e-05   2.9535e+02
20260802_13:00:00   1.7879e-01   4.8612e+01   2.1085e+01   0.0000e+00   1.0252e-04   2.9623e+02
20260802_14:00:00   1.7796e-01   4.8448e+01   2.0995e+01   0.0000e+00   2.8380e-06   2.9483e+02
20260802_15:00:00   1.7499e-01   4.7814e+01   2.0555e+01   0.0000e+00   1.1610e-06   2.9468e+02
20260802_16:00:00   1.7420e-01   4.7688e+01   2.0445e+01   0.0000e+00   0.0000e+00   2.9464e+02
20260802_17:00:00   1.7581e-01   4.8157e+01   2.0742e+01   0.0000e+00   0.0000e+00   2.9387e+02
20260802_18:00:00   1.7247e-01   4.7457e+01   2.0569e+01   0.0000e+00   0.0000e+00   2.9400e+02
20260802_19:00:00   1.7163e-01   4.7323e+01   2.0632e+01   1.0066e-05   2.4160e-06   2.9301e+02
20260802_20:00:00   1.7076e-01   4.7157e+01   2.0615e+01   1.2618e-03   5.3940e-04   2.9330e+02
20260802_21:00:00   1.7882e-01   4.8953e+01   2.0847e+01   1.0637e-02   7.5552e-03   2.9234e+02
20260802_22:00:00   1.8097e-01   4.9590e+01   2.1954e+01   4.2480e-05   2.4430e-06   2.9134e+02
20260802_23:00:00   1.7331e-01   4.7573e+01   2.1720e+01   5.6446e-04   2.0450e-04   2.9214e+02
20260803_00:00:00   1.6968e-01   4.6676e+01   2.1747e+01   0.0000e+00   2.5328e-04   2.9152e+02
20260803_03:00:00   1.7106e-01   4.6974e+01   2.1814e+01   7.2079e-04   2.6581e-03   2.8794e+02
20260803_06:00:00   1.7350e-01   4.7612e+01   2.1815e+01   0.0000e+00   0.0000e+00   2.9082e+02
20260803_09:00:00   1.8148e-01   4.9521e+01   2.1988e+01   0.0000e+00   0.0000e+00   2.9133e+02
20260803_12:00:00   1.7863e-01   4.8822e+01   2.1577e+01   0.0000e+00   0.0000e+00   2.9227e+02
20260803_15:00:00   1.6536e-01   4.5783e+01   1.9891e+01   0.0000e+00   0.0000e+00   2.9160e+02
20260803_18:00:00   1.6436e-01   4.5746e+01   2.0336e+01   0.0000e+00   0.0000e+00   2.8994e+02
20260803_21:00:00   1.5194e-01   4.2678e+01   1.8944e+01   3.4745e-03   3.6870e-03   2.9088e+02
20260804_00:00:00   1.5859e-01   4.3955e+01   2.0555e+01   2.3942e-03   1.2781e-01   2.8979e+02
20260804_03:00:00   1.7630e-01   4.7995e+01   2.3214e+01   7.7400e-07   1.3415e-01   2.9056e+02
20260804_06:00:00   1.8115e-01   4.9237e+01   2.2919e+01   0.0000e+00   3.3156e-03   2.8808e+02
20260804_09:00:00   1.8683e-01   5.0659e+01   2.3323e+01   0.0000e+00   1.0209e-02   2.9048e+02
20260804_12:00:00   1.7365e-01   4.7563e+01   2.1455e+01   0.0000e+00   1.7156e-04   2.8910e+02
20260804_15:00:00   1.6721e-01   4.6021e+01   2.0844e+01   0.0000e+00   5.8460e-05   2.8921e+02
20260804_18:00:00   1.7086e-01   4.6914e+01   2.2252e+01   1.2222e-04   2.3574e-03   2.8986e+02
20260804_21:00:00   2.2792e-01   5.8936e+01   2.5225e+01   3.8162e-02   1.5123e+00   2.9193e+02
20260805_00:00:00   4.2051e-01   9.5339e+01   2.4214e+01   2.6702e-01   1.8848e-01   2.8774e+02
20260805_03:00:00   1.9636e-01   5.2600e+01   2.4885e+01   0.0000e+00   8.0776e-04   2.8920e+02
20260805_06:00:00   2.2066e-01   5.7922e+01   2.7247e+01   0.0000e+00   2.8115e-02   2.9359e+02
20260805_09:00:00   2.1061e-01   5.5679e+01   2.5777e+01   0.0000e+00   4.2296e-02   2.9372e+02
20260805_12:00:00   2.0297e-01   5.4049e+01   2.3992e+01   0.0000e+00   7.0227e-03   2.9218e+02
20260805_15:00:00   1.9466e-01   5.2149e+01   2.3220e+01   0.0000e+00   1.7640e-02   2.9331e+02
20260805_18:00:00   1.8885e-01   5.0986e+01   2.3017e+01   0.0000e+00   2.1400e-04   2.9916e+02
20260805_21:00:00   2.0860e-01   5.5441e+01   2.5831e+01   5.8935e-04   6.6297e-01   2.9774e+02
20260806_00:00:00   1.9141e-01   5.1552e+01   2.3907e+01   0.0000e+00   1.1090e-05   2.9679e+02
20260806_03:00:00   2.6061e-01   6.6075e+01   2.8804e+01   3.2743e-02   8.1999e-01   2.9615e+02
20260806_06:00:00   2.2409e-01   5.8415e+01   2.7525e+01   0.0000e+00   1.6449e-01   2.9365e+02
20260806_09:00:00   2.2543e-01   5.8815e+01   2.7657e+01   0.0000e+00   3.3537e-01   2.9367e+02
20260806_12:00:00   2.1258e-01   5.5978e+01   2.6113e+01   0.0000e+00   1.5416e-02   2.9516e+02
20260806_15:00:00   2.1506e-01   5.6607e+01   2.6439e+01   0.0000e+00   5.7993e-04   2.9744e+02
20260806_18:00:00   2.1314e-01   5.6371e+01   2.6723e+01   8.0540e-06   3.2617e-03   2.9815e+02
20260806_21:00:00   2.1291e-01   5.6265e+01   2.6290e+01   6.1846e-03   7.4566e-01   2.9379e+02
20260807_00:00:00   1.9868e-01   5.2998e+01   2.5557e+01   4.8640e-07   2.3785e-02   2.9619e+02
20260807_03:00:00   2.2851e-01   5.9569e+01   2.8257e+01   4.2429e-04   3.8181e-03   2.9803e+02
20260807_06:00:00   2.5345e-01   6.4707e+01   2.8896e+01   2.4946e-02   1.5612e-01   2.9711e+02
20260807_09:00:00   2.3586e-01   6.0981e+01   2.9087e+01   2.2296e-05   1.0412e-01   2.9707e+02
20260807_12:00:00   2.3266e-01   6.0330e+01   2.8128e+01   0.0000e+00   5.3373e-02   2.9671e+02
20260807_15:00:00   2.2386e-01   5.8492e+01   2.7496e+01   4.8380e-07   1.2115e-02   2.9682e+02
20260807_18:00:00   2.3525e-01   6.1115e+01   2.9143e+01   9.2592e-04   5.9518e-03   2.9303e+02
20260807_21:00:00   2.4703e-01   6.3511e+01   2.7166e+01   3.5583e-02   1.1137e-01   2.9134e+02
20260808_00:00:00   2.9960e-01   7.4383e+01   2.5662e+01   1.1035e-01   1.0682e-02   2.9111e+02
20260808_03:00:00   2.1904e-01   5.7640e+01   2.6243e+01   1.0122e-02   6.8499e-03   2.9356e+02
20260808_06:00:00   5.9546e-01   1.2509e+02   2.8239e+01   4.1262e-01   6.5834e-02   2.9286e+02
20260808_09:00:00   2.1944e-01   5.7569e+01   2.6532e+01   3.9129e-03   1.4590e-03   2.9365e+02
20260808_12:00:00   2.3008e-01   5.9943e+01   2.4427e+01   2.6676e-02   3.3843e-05   2.9369e+02
20260808_15:00:00   2.0062e-01   5.3549e+01   2.3511e+01   0.0000e+00   0.0000e+00   2.9411e+02
20260808_18:00:00   1.9749e-01   5.2927e+01   2.2907e+01   7.3415e-03   1.3350e-04   2.9399e+02
20260808_21:00:00   2.5581e-01   6.4866e+01   2.2018e+01   8.9582e-02   1.2408e-02   2.9514e+02
20260809_00:00:00   3.3658e-01   8.1508e+01   2.4148e+01   1.6267e-01   2.5102e-02   2.9326e+02
20260809_03:00:00   1.8768e-01   5.0676e+01   2.2803e+01   1.7453e-05   5.1166e-03   2.9305e+02
20260809_06:00:00   2.0306e-01   5.4034e+01   2.4438e+01   6.4505e-04   2.7893e-03   2.9246e+02
20260809_09:00:00   2.0595e-01   5.4645e+01   2.4816e+01   7.0280e-05   3.6043e-04   2.9313e+02
20260809_12:00:00   2.2293e-01   5.8240e+01   2.7276e+01   3.7304e-04   1.6672e-03   2.9334e+02
20260809_15:00:00   1.8812e-01   5.0613e+01   2.3183e+01   0.0000e+00   1.2504e-04   2.9406e+02
20260809_18:00:00   2.1142e-01   5.5955e+01   2.3814e+01   2.2463e-02   1.8806e-04   2.9373e+02
20260809_21:00:00   2.5106e-01   6.4231e+01   2.3614e+01   7.4663e-02   1.4061e-02   2.9384e+02
20260810_00:00:00   1.8536e-01   5.0066e+01   2.1794e+01   1.6360e-02   9.4682e-04   2.9526e+02
20260810_03:00:00   1.6889e-01   4.6329e+01   2.1173e+01   1.8536e-04   1.2404e-04   2.9405e+02
20260810_06:00:00   1.8815e-01   5.0716e+01   2.3441e+01   1.9030e-04   6.6003e-05   2.9527e+02
20260810_09:00:00   2.0238e-01   5.3852e+01   2.2604e+01   1.9465e-02   1.2386e-03   2.9539e+02
20260810_12:00:00   2.4793e-01   6.3669e+01   2.2939e+01   6.8276e-02   3.3720e-04   2.9264e+02
20260810_15:00:00   1.7949e-01   4.8772e+01   2.1784e+01   0.0000e+00   0.0000e+00   2.9350e+02
20260810_18:00:00   1.7946e-01   4.8882e+01   2.2190e+01   1.4918e-03   2.4160e-05   2.9305e+02
20260810_21:00:00   6.2886e-01   1.2914e+02   2.5173e+01   4.8495e-01   2.0065e-01   2.9302e+02
20260811_00:00:00   1.8544e-01   5.0264e+01   2.3287e+01   6.0397e-05   2.2719e-04   2.9301e+02
20260811_03:00:00   3.0180e-01   7.4793e+01   2.7654e+01   8.4458e-02   3.2214e-02   2.9310e+02
20260811_06:00:00   2.1919e-01   5.7865e+01   2.6951e+01   0.0000e+00   3.0246e-04   2.9356e+02
20260811_09:00:00   2.2786e-01   5.9654e+01   2.7745e+01   0.0000e+00   8.0540e-07   2.9531e+02
20260811_12:00:00   2.2992e-01   6.0057e+01   2.7597e+01   0.0000e+00   0.0000e+00   2.9810e+02
20260811_15:00:00   2.2519e-01   5.9036e+01   2.7170e+01   0.0000e+00   0.0000e+00   2.9927e+02
20260811_18:00:00   2.0280e-01   5.4375e+01   2.4360e+01   0.0000e+00   0.0000e+00   2.9737e+02
20260811_21:00:00   1.9402e-01   5.2251e+01   2.4379e+01   3.5390e-04   1.8231e-01   2.9361e+02
20260812_00:00:00   4.4832e-01   1.0172e+02   2.8701e+01   2.4261e-01   1.7390e-01   2.9336e+02
20260812_03:00:00   2.4875e-01   6.3949e+01   2.9757e+01   1.0611e-03   9.9713e-03   2.9546e+02
20260812_06:00:00   2.2289e-01   5.8391e+01   2.7096e+01   0.0000e+00   1.7980e-01   2.9335e+02
20260812_09:00:00   2.3225e-01   6.0313e+01   2.7780e+01   0.0000e+00   8.2115e-03   2.9468e+02
20260812_12:00:00   2.2506e-01   5.8754e+01   2.7162e+01   0.0000e+00   5.7753e-02   2.9268e+02
20260812_15:00:00   2.2398e-01   5.8623e+01   2.6833e+01   0.0000e+00   1.5699e-03   2.9383e+02
20260812_18:00:00   2.1545e-01   5.7027e+01   2.5946e+01   8.0540e-06   3.9394e-05   2.9288e+02
20260812_21:00:00   2.3166e-01   6.0382e+01   2.4397e+01   4.1836e-02   1.0162e-03   2.8953e+02
20260813_00:00:00   2.1292e-01   5.6034e+01   2.1654e+01   4.8881e-02   2.4924e-03   2.9091e+02
20260813_03:00:00   2.2990e-01   6.0081e+01   2.6689e+01   1.0697e-02   1.5162e-02   2.9183e+02
20260813_06:00:00   2.1324e-01   5.6262e+01   2.6358e+01   0.0000e+00   9.8028e-03   2.9303e+02
20260813_09:00:00   2.0229e-01   5.3748e+01   2.4956e+01   0.0000e+00   1.4582e-04   2.9115e+02
20260813_12:00:00   1.9472e-01   5.2056e+01   2.3526e+01   0.0000e+00   2.6546e-04   2.9264e+02
20260813_15:00:00   1.9159e-01   5.1425e+01   2.3054e+01   0.0000e+00   1.1994e-04   2.9503e+02
20260813_18:00:00   2.0766e-01   5.5309e+01   2.5072e+01   9.8060e-04   0.0000e+00   2.9540e+02
20260813_21:00:00   3.5695e-01   8.5885e+01   2.6479e+01   1.6032e-01   3.8038e-03   2.9476e+02
20260814_00:00:00   1.9601e-01   5.2753e+01   2.3535e+01   6.1420e-03   5.7440e-05   2.9349e+02
