#            date       tau255        Tb[K]      pwv[mm] lwp[kg*m^-2] iwp[kg*m^-2]       o3[DU]
20261008_06:00:00   1.0756e-01   3.0664e+01   1.0952e+01   0.0000e+00   9.3340e-06   2.6915e+02
20261008_07:00:00   1.0639e-01   3.0350e+01   1.0754e+01   0.0000e+00   0.0000e+00   2.6842e+02
20261008_08:00:00   1.0651e-01   3.0360e+01   1.0813e+01   0.0000e+00   0.0000e+00   2.6823e+02
20261008_09:00:00   1.0440e-01   2.9831e+01   1.0506e+01   0.0000e+00   0.0000e+00   2.7055e+02
20261008_10:00:00   1.0447e-01   2.9840e+01   1.0467e+01   0.0000e+00   0.0000e+00   2.7369e+02
20261008_11:00:00   1.0434e-01   2.9797e+01   1.0377e+01   0.0000e+00   0.0000e+00   2.7388e+02
20261008_12:00:00   1.0354e-01   2.9591e+01   1.0195e+01   0.0000e+00   0.0000e+00   2.7377e+02
20261008_13:00:00   1.0305e-01   2.9452e+01   1.0097e+01   0.0000e+00   0.0000e+00   2.7449e+02
20261008_14:00:00   1.0250e-01   2.9314e+01   1.0016e+01   0.0000e+00   0.0000e+00   2.7559e+02
20261008_15:00:00   1.0291e-01   2.9426e+01   1.0069e+01   0.0000e+00   0.0000e+00   2.7743e+02
20261008_16:00:00   1.0217e-01   2.9262e+01   9.9938e+00   0.0000e+00   0.0000e+00   2.7941e+02
20261008_17:00:00   1.0116e-01   2.9042e+01   9.8770e+00   0.0000e+00   0.0000e+00   2.8094e+02
20261008_18:00:00   9.9650e-02   2.8700e+01   9.6734e+00   0.0000e+00   0.0000e+00   2.7946e+02
20261008_19:00:00   9.6883e-02   2.8034e+01   9.3382e+00   0.0000e+00   0.0000e+00   2.7585e+02
20261008_20:00:00   9.5209e-02   2.7628e+01   9.1756e+00   0.0000e+00   0.0000e+00   2.7553e+02
20261008_21:00:00   9.4324e-02   2.7411e+01   9.1366e+00   0.0000e+00   0.0000e+00   2.7493e+02
20261008_22:00:00   9.5488e-02   2.7704e+01   9.3879e+00   0.0000e+00   2.4160e-06   2.7437e+02
20261008_23:00:00   9.9345e-02   2.8662e+01   1.0017e+01   0.0000e+00   3.8344e-06   2.7304e+02
20261009_00:00:00   1.0576e-01   3.0248e+01   1.0943e+01   0.0000e+00   3.5480e-06   2.7208e+02
20261009_01:00:00   1.0935e-01   3.1124e+01   1.1422e+01   0.0000e+00   8.0620e-06   2.6963e+02
20261009_02:00:00   1.1464e-01   3.2403e+01   1.2197e+01   0.0000e+00   2.4186e-06   2.6891e+02
20261009_03:00:00   1.1988e-01   3.3664e+01   1.2901e+01   0.0000e+00   0.0000e+00   2.6765e+02
20261009_04:00:00   1.2134e-01   3.4040e+01   1.2966e+01   0.0000e+00   0.0000e+00   2.6894e+02
20261009_05:00:00   1.2101e-01   3.3974e+01   1.2767e+01   0.0000e+00   0.0000e+00   2.6882e+02
20261009_06:00:00   1.2004e-01   3.3748e+01   1.2496e+01   0.0000e+00   0.0000e+00   2.6947e+02
20261009_07:00:00   1.2067e-01   3.3906e+01   1.2435e+01   0.0000e+00   0.0000e+00   2.7054e+02
20261009_08:00:00   1.2319e-01   3.4518e+01   1.2663e+01   0.0000e+00   0.0000e+00   2.7019e+02
20261009_09:00:00   1.2399e-01   3.4710e+01   1.2664e+01   0.0000e+00   0.0000e+00   2.6965e+02
20261009_10:00:00   1.2319e-01   3.4513e+01   1.2485e+01   0.0000e+00   0.0000e+00   2.6913e+02
20261009_11:00:00   1.2225e-01   3.4274e+01   1.2341e+01   0.0000e+00   0.0000e+00   2.6840e+02
20261009_12:00:00   1.1941e-01   3.3580e+01   1.1941e+01   0.0000e+00   0.0000e+00   2.6818e+02
20261009_13:00:00   1.1623e-01   3.2799e+01   1.1478e+01   0.0000e+00   0.0000e+00   2.6748e+02
20261009_14:00:00   1.1467e-01   3.2423e+01   1.1211e+01   0.0000e+00   0.0000e+00   2.6577e+02
20261009_15:00:00   1.1437e-01   3.2370e+01   1.1111e+01   0.0000e+00   0.0000e+00   2.6693e+02
20261009_16:00:00   1.1353e-01   3.2192e+01   1.0990e+01   0.0000e+00   0.0000e+00   2.6928e+02
20261009_17:00:00   1.1468e-01   3.2517e+01   1.1144e+01   0.0000e+00   0.0000e+00   2.6939e+02
20261009_18:00:00   1.1449e-01   3.2515e+01   1.1183e+01   0.0000e+00   0.0000e+00   2.6910e+02
20261009_19:00:00   1.1452e-01   3.2559e+01   1.1255e+01   0.0000e+00   8.0540e-07   2.6902e+02
20261009_20:00:00   1.1254e-01   3.2083e+01   1.1103e+01   5.0333e-06   5.2349e-05   2.6937e+02
20261009_21:00:00   1.1718e-01   3.3165e+01   1.1232e+01   5.4073e-03   7.7021e-03   2.6966e+02
20261009_22:00:00   1.1353e-01   3.2288e+01   1.1454e+01   4.0303e-05   1.3249e-03   2.6802e+02
20261009_23:00:00   1.1188e-01   3.1865e+01   1.1264e+01   3.6240e-05   1.7185e-03   2.6685e+02
20261010_00:00:00   1.0399e-01   2.9908e+01   1.0190e+01   0.0000e+00   7.5657e-06   2.6677e+02
20261010_01:00:00   9.6837e-02   2.8116e+01   9.1494e+00   0.0000e+00   0.0000e+00   2.6600e+02
20261010_02:00:00   1.0812e-01   3.0858e+01   1.0923e+01   0.0000e+00   0.0000e+00   2.6686e+02
20261010_03:00:00   1.2294e-01   3.4395e+01   1.3128e+01   0.0000e+00   0.0000e+00   2.6746e+02
20261010_04:00:00   1.3226e-01   3.6561e+01   1.4409e+01   0.0000e+00   2.6292e-03   2.6780e+02
20261010_05:00:00   1.3745e-01   3.7908e+01   1.4753e+01   0.0000e+00   2.4300e-06   2.6690e+02
20261010_06:00:00   1.3750e-01   3.7978e+01   1.4637e+01   0.0000e+00   0.0000e+00   2.6662e+02
20261010_07:00:00   1.4386e-01   3.9433e+01   1.5663e+01   0.0000e+00   2.0180e-03   2.6419e+02
20261010_08:00:00   1.4539e-01   3.9743e+01   1.6062e+01   0.0000e+00   1.1978e-02   2.6336e+02
20261010_09:00:00   1.5104e-01   4.1020e+01   1.6780e+01   0.0000e+00   1.5858e-04   2.6412e+02
20261010_10:00:00   1.5158e-01   4.1135e+01   1.6760e+01   0.0000e+00   2.7660e-04   2.6335e+02
20261010_11:00:00   1.5094e-01   4.1012e+01   1.6508e+01   0.0000e+00   1.3119e-03   2.6057e+02
20261010_12:00:00   1.5188e-01   4.1235e+01   1.6457e+01   0.0000e+00   3.2279e-04   2.6182e+02
20261010_13:00:00   1.5098e-01   4.1055e+01   1.6213e+01   0.0000e+00   1.8204e-06   2.6513e+02
20261010_14:00:00   1.5274e-01   4.1475e+01   1.6215e+01   1.5156e-04   1.7148e-04   2.6718e+02
20261010_15:00:00   1.6536e-01   4.4387e+01   1.7570e+01   2.4927e-03   5.5278e-02   2.7144e+02
20261010_16:00:00   1.5329e-01   4.1663e+01   1.6491e+01   2.4600e-04   1.4116e-02   2.7085e+02
20261010_17:00:00   1.5687e-01   4.2554e+01   1.6235e+01   5.3260e-03   8.2219e-04   2.7005e+02
20261010_18:00:00   1.4964e-01   4.0883e+01   1.5711e+01   3.7719e-03   1.0463e-04   2.6822e+02
20261010_19:00:00   1.4908e-01   4.0697e+01   1.6303e+01   2.7506e-03   5.4596e-04   2.6352e+02
20261010_20:00:00   1.5470e-01   4.1889e+01   1.7605e+01   2.4700e-03   2.3774e-02   2.6014e+02
20261010_21:00:00   1.5326e-01   4.1529e+01   1.7555e+01   2.9862e-03   1.4830e-03   2.5942e+02
20261010_22:00:00   1.4732e-01   4.0142e+01   1.7117e+01   1.2724e-03   4.0459e-02   2.5850e+02
20261010_23:00:00   1.4439e-01   3.9491e+01   1.6790e+01   2.7034e-04   1.6252e-02   2.5759e+02
20261011_00:00:00   1.6502e-01   4.4279e+01   1.7937e+01   1.3692e-02   3.3525e-02   2.5851e+02
20261011_01:00:00   3.0392e-01   7.4198e+01   2.0916e+01   1.4009e-01   3.3253e-02   2.5853e+02
20261011_02:00:00   2.3920e-01   6.0741e+01   2.2045e+01   5.8819e-02   7.3556e-03   2.5659e+02
20261011_03:00:00   1.8555e-01   4.9035e+01   2.1766e+01   1.9670e-03   5.2936e-03   2.5362e+02
20261011_04:00:00   1.8583e-01   4.9082e+01   2.2084e+01   1.9386e-06   1.3338e-03   2.5380e+02
20261011_05:00:00   1.9685e-01   5.1566e+01   2.2951e+01   4.1680e-03   1.2954e-02   2.5339e+02
20261011_06:00:00   2.8950e-01   7.1065e+01   2.2958e+01   1.1064e-01   1.4781e-02   2.5391e+02
20261011_07:00:00   2.9209e-01   7.1666e+01   2.2699e+01   1.1339e-01   9.4245e-04   2.5318e+02
20261011_08:00:00   2.2483e-01   5.7722e+01   2.2475e+01   3.7502e-02   6.7921e-04   2.5320e+02
20261011_09:00:00   3.9122e-01   9.0270e+01   2.2648e+01   2.2158e-01   4.3542e-03   2.5277e+02
20261011_10:00:00   1.8822e-01   4.9715e+01   2.1987e+01   1.4678e-04   1.2986e-05   2.5159e+02
20261011_11:00:00   2.7544e-01   6.8462e+01   2.2438e+01   9.3820e-02   1.0456e-04   2.5203e+02
20261011_12:00:00   1.9214e-01   5.0615e+01   2.2317e+01   8.3255e-05   1.3892e-05   2.5212e+02
20261011_13:00:00   1.9092e-01   5.0389e+01   2.2064e+01   0.0000e+00   0.0000e+00   2.5176e+02
20261011_14:00:00   1.7874e-01   4.7719e+01   2.0379e+01   0.0000e+00   0.0000e+00   2.5167e+02
20261011_15:00:00   1.7839e-01   4.7696e+01   2.0228e+01   0.0000e+00   0.0000e+00   2.5135e+02
20261011_16:00:00   1.8497e-01   4.9208e+01   2.0943e+01   0.0000e+00   0.0000e+00   2.5108e+02
20261011_17:00:00   1.8661e-01   4.9673e+01   2.0964e+01   1.0912e-03   0.0000e+00   2.5032e+02
20261011_18:00:00   1.8328e-01   4.8989e+01   2.0567e+01   1.0198e-03   0.0000e+00   2.4921e+02
20261011_19:00:00   1.7345e-01   4.6845e+01   1.9455e+01   1.9350e-06   0.0000e+00   2.4928e+02
20261011_20:00:00   1.7850e-01   4.8009e+01   2.0054e+01   1.6064e-03   0.0000e+00   2.4931e+02
20261011_21:00:00   1.9947e-01   5.2763e+01   2.0093e+01   2.4479e-02   2.9994e-05   2.4843e+02
20261011_22:00:00   1.9605e-01   5.1912e+01   1.9416e+01   2.9715e-02   5.2940e-05   2.4810e+02
20261011_23:00:00   1.8882e-01   5.0308e+01   2.0706e+01   1.1178e-02   2.9800e-05   2.4564e+02
20261012_00:00:00   3.3159e-01   8.0021e+01   2.2437e+01   1.5858e-01   3.1491e-04   2.4416e+02
20261012_01:00:00   4.6980e-01   1.0460e+02   2.1980e+01   3.1566e-01   2.7914e-03   2.4377e+02
20261012_02:00:00   2.0376e-01   5.3507e+01   2.0938e+01   2.6818e-02   8.2990e-03   2.4637e+02
20261012_03:00:00   1.9179e-01   5.0878e+01   2.1802e+01   5.1335e-03   2.6042e-03   2.4802e+02
20261012_04:00:00   1.9596e-01   5.1838e+01   2.2312e+01   3.0093e-04   1.0966e-05   2.4809e+02
20261012_05:00:00   1.9987e-01   5.2682e+01   2.2768e+01   2.0158e-05   0.0000e+00   2.4927e+02
20261012_06:00:00   1.9503e-01   5.1656e+01   2.1857e+01   2.7260e-05   0.0000e+00   2.4912e+02
20261012_07:00:00   1.8118e-01   4.8609e+01   1.9641e+01   0.0000e+00   0.0000e+00   2.4791e+02
20261012_08:00:00   1.7640e-01   4.7539e+01   1.8850e+01   0.0000e+00   0.0000e+00   2.4744e+02
20261012_09:00:00   1.7571e-01   4.7391e+01   1.8665e+01   0.0000e+00   0.0000e+00   2.4728e+02
20261012_10:00:00   1.8146e-01   4.8687e+01   1.9386e+01   9.0120e-06   0.0000e+00   2.4607e+02
20261012_11:00:00   1.9698e-01   5.2159e+01   1.9604e+01   1.3788e-02   8.2297e-06   2.4422e+02
20261012_12:00:00   2.1697e-01   5.6559e+01   2.0231e+01   3.0185e-02   1.5236e-05   2.4256e+02
20261012_13:00:00   2.0971e-01   5.4964e+01   2.0487e+01   1.9564e-02   3.7440e-05   2.4088e+02
20261012_14:00:00   2.7882e-01   6.9582e+01   2.1850e+01   8.8414e-02   1.4142e-04   2.4332e+02
20261012_15:00:00   3.3657e-01   8.0931e+01   2.2316e+01   1.4967e-01   3.7541e-04   2.4388e+02
20261012_16:00:00   2.0073e-01   5.3037e+01   2.1774e+01   4.9357e-04   2.2820e-06   2.4161e+02
20261012_17:00:00   2.1844e-01   5.6996e+01   2.2723e+01   1.3318e-02   5.0760e-05   2.4009e+02
20261012_18:00:00   3.4621e-01   8.2906e+01   2.3407e+01   1.5063e-01   5.1632e-04   2.3883e+02
20261012_19:00:00   2.1856e-01   5.7120e+01   2.2915e+01   1.2734e-02   1.4654e-04   2.3840e+02
20261012_20:00:00   3.0026e-01   7.4033e+01   2.3278e+01   1.0392e-01   9.9040e-04   2.3824e+02
20261012_21:00:00   2.2738e-01   5.8980e+01   2.3298e+01   2.4779e-02   8.0010e-04   2.3838e+02
20261012_22:00:00   3.1331e-01   7.6574e+01   2.5296e+01   1.0632e-01   2.4747e-03   2.3670e+02
20261012_23:00:00   2.1959e-01   5.7323e+01   2.4411e+01   9.4240e-03   1.6590e-04   2.3700e+02
20261013_00:00:00   2.0962e-01   5.5133e+01   2.4378e+01   1.8620e-04   1.9750e-04   2.3796e+02
20261013_01:00:00   2.0876e-01   5.4946e+01   2.4337e+01   4.3287e-05   2.1409e-03   2.3764e+02
20261013_02:00:00   2.2635e-01   5.8740e+01   2.6412e+01   2.7584e-04   1.6634e-02   2.3804e+02
20261013_03:00:00   2.3700e-01   6.0972e+01   2.7745e+01   2.1619e-03   5.4444e-02   2.3830e+02
20261013_04:00:00   2.6039e-01   6.5911e+01   2.8372e+01   2.0822e-02   8.9692e-02   2.3675e+02
20261013_05:00:00   2.4442e-01   6.2543e+01   2.8252e+01   2.8745e-03   5.3124e-02   2.3566e+02
20261013_06:00:00   2.5534e-01   6.4814e+01   2.8662e+01   1.0019e-02   5.4755e-02   2.3490e+02
20261013_09:00:00   4.9841e-01   1.1046e+02   2.9435e+01   2.8161e-01   8.4525e-02   2.3591e+02
20261013_12:00:00   3.7270e-01   8.8155e+01   3.0318e+01   1.2717e-01   5.8438e-02   2.3453e+02
20261013_15:00:00   2.7387e-01   6.8794e+01   3.0198e+01   1.4572e-02   1.2635e-01   2.3722e+02
20261013_18:00:00   3.2276e-01   7.8575e+01   3.0430e+01   6.8856e-02   1.4722e-01   2.3915e+02
20261013_21:00:00   3.1659e-01   7.7082e+01   3.1222e+01   5.4668e-02   5.2629e-01   2.4012e+02
20261014_00:00:00   7.5280e-01   1.4700e+02   3.1263e+01   5.4967e-01   6.8225e-01   2.4302e+02
20261014_03:00:00   2.4592e-01   6.2560e+01   2.8576e+01   1.2411e-03   1.8609e-01   2.4565e+02
20261014_06:00:00   6.0144e-01   1.2741e+02   2.4489e+01   4.4118e-01   1.4284e-02   2.4670e+02
20261014_09:00:00   1.5099e-01   4.1340e+01   1.4854e+01   9.4510e-05   0.0000e+00   2.4945e+02
20261014_12:00:00   1.2914e-01   3.5913e+01   1.2112e+01   2.0140e-05   0.0000e+00   2.5225e+02
20261014_15:00:00   1.1750e-01   3.2940e+01   1.0771e+01   0.0000e+00   0.0000e+00   2.5549e+02
20261014_18:00:00   3.1431e-01   7.5732e+01   1.2128e+01   2.1179e-01   5.6505e-04   2.5861e+02
20261014_21:00:00   1.0847e-01   3.0507e+01   9.6187e+00   4.0124e-03   2.5625e-04   2.6099e+02
20261015_00:00:00   9.7979e-02   2.7890e+01   8.9535e+00   0.0000e+00   1.5768e-06   2.6041e+02
20261015_03:00:00   7.8228e-02   2.2951e+01   6.1867e+00   0.0000e+00   0.0000e+00   2.6364e+02
20261015_06:00:00   8.1222e-02   2.3705e+01   6.5230e+00   0.0000e+00   0.0000e+00   2.6553e+02
20261015_09:00:00   8.3541e-02   2.4252e+01   6.7221e+00   0.0000e+00   0.0000e+00   2.6484e+02
20261015_12:00:00   8.1986e-02   2.3881e+01   6.2479e+00   0.0000e+00   0.0000e+00   2.6678e+02
20261015_15:00:00   8.1879e-02   2.3885e+01   6.1139e+00   0.0000e+00   0.0000e+00   2.6768e+02
20261015_18:00:00   8.5457e-02   2.4896e+01   6.7260e+00   0.0000e+00   0.0000e+00   2.6978e+02
20261015_21:00:00   8.3777e-02   2.4563e+01   6.7207e+00   0.0000e+00   0.0000e+00   2.7102e+02
20261016_00:00:00   8.7722e-02   2.5543e+01   7.2761e+00   0.0000e+00   0.0000e+00   2.7269e+02
20261016_03:00:00   9.0684e-02   2.6199e+01   7.8203e+00   0.0000e+00   0.0000e+00   2.7013e+02
20261016_06:00:00   9.5934e-02   2.7378e+01   8.9805e+00   0.0000e+00   0.0000e+00   2.6713e+02
20261016_09:00:00   9.9537e-02   2.8173e+01   9.4341e+00   0.0000e+00   0.0000e+00   2.7347e+02
20261016_12:00:00   1.0340e-01   2.9063e+01   9.6837e+00   0.0000e+00   0.0000e+00   2.7490e+02
20261016_15:00:00   1.0843e-01   3.0233e+01   1.0201e+01   0.0000e+00   0.0000e+00   2.7002e+02
20261016_18:00:00   1.1620e-01   3.2201e+01   1.1192e+01   2.2244e-04   1.8451e-05   2.7091e+02
20261016_21:00:00   1.4827e-01   3.9783e+01   1.2360e+01   2.7445e-02   1.0254e-03   2.6775e+02
20261017_00:00:00   1.3791e-01   3.7358e+01   1.2140e+01   1.7406e-02   2.7441e-04   2.6446e+02
20261017_03:00:00   1.3869e-01   3.7501e+01   1.2221e+01   1.5450e-02   3.9479e-04   2.6491e+02
20261017_06:00:00   2.5900e-01   6.3950e+01   1.4082e+01   1.3287e-01   3.3665e-03   2.6289e+02
20261017_09:00:00   2.4198e-01   6.0699e+01   1.5135e+01   1.0418e-01   2.8940e-02   2.6486e+02
20261017_12:00:00   6.8758e-01   1.3619e+02   1.8622e+01   5.8091e-01   1.6893e-01   2.6518e+02
20261017_15:00:00   1.1750e+00   1.8908e+02   1.9947e+01   1.1196e+00   3.8437e-01   2.6562e+02
20261017_18:00:00   1.2533e+00   1.9505e+02   2.0576e+01   1.2021e+00   5.9837e-01   2.6395e+02
20261017_21:00:00   9.8696e-01   1.7163e+02   1.7981e+01   9.2270e-01   5.2373e-02   2.6526e+02
20261018_00:00:00   4.5214e-01   1.0055e+02   1.5744e+01   3.3393e-01   1.9751e-01   2.6400e+02
20261018_03:00:00   5.8002e-01   1.2170e+02   1.3211e+01   4.9851e-01   5.2897e-02   2.6240e+02
20261018_06:00:00   5.0858e-01   1.1081e+02   1.1402e+01   4.3326e-01   7.0936e-05   2.6056e+02
20261018_09:00:00   3.8263e-01   8.8950e+01   1.1639e+01   2.8807e-01   2.3748e-05   2.6092e+02
20261018_12:00:00   1.5308e-01   4.0952e+01   1.1196e+01   2.9813e-02   6.4700e-05   2.6118e+02
20261018_15:00:00   2.0090e-01   5.1607e+01   1.1220e+01   8.4859e-02   4.7920e-04   2.6426e+02
20261018_18:00:00   1.1296e-01   3.1612e+01   9.7678e+00   4.7300e-04   4.4880e-06   2.6577e+02
20261018_21:00:00   9.5326e-02   2.7332e+01   8.0517e+00   0.0000e+00   7.2060e-09   2.6491e+02
20261019_00:00:00   8.1741e-02   2.3951e+01   6.3383e+00   0.0000e+00   0.0000e+00   2.6518e+02
20261019_03:00:00   8.6410e-02   2.5062e+01   7.0691e+00   0.0000e+00   0.0000e+00   2.6687e+02
20261019_06:00:00   8.4742e-02   2.4637e+01   6.7359e+00   0.0000e+00   0.0000e+00   2.6653e+02
20261019_09:00:00   8.1873e-02   2.3917e+01   6.2754e+00   0.0000e+00   0.0000e+00   2.6527e+02
20261019_12:00:00   7.9435e-02   2.3311e+01   5.7990e+00   0.0000e+00   0.0000e+00   2.6518e+02
20261019_15:00:00   7.6093e-02   2.2500e+01   5.2489e+00   0.0000e+00   0.0000e+00   2.6707e+02
20261019_18:00:00   7.6533e-02   2.2712e+01   5.3149e+00   0.0000e+00   0.0000e+00   2.6800e+02
20261019_21:00:00   8.4939e-02   2.4954e+01   6.6787e+00   0.0000e+00   0.0000e+00   2.6301e+02
20261020_00:00:00   8.7577e-02   2.5648e+01   7.1041e+00   0.0000e+00   0.0000e+00   2.6347e+02
20261020_03:00:00   8.0189e-02   2.3716e+01   6.1012e+00   0.0000e+00   0.0000e+00   2.6313e+02
20261020_06:00:00   8.9366e-02   2.5990e+01   7.4282e+00   0.0000e+00   0.0000e+00   2.6111e+02
20261020_09:00:00   8.5118e-02   2.4868e+01   6.7876e+00   0.0000e+00   0.0000e+00   2.6160e+02
20261020_12:00:00   8.0301e-02   2.3607e+01   6.1140e+00   0.0000e+00   0.0000e+00   2.6173e+02
20261020_15:00:00   7.7894e-02   2.2965e+01   5.7551e+00   0.0000e+00   0.0000e+00   2.5907e+02
20261020_18:00:00   8.0317e-02   2.3635e+01   6.2612e+00   0.0000e+00   0.0000e+00   2.5775e+02
20261020_21:00:00   9.4226e-02   2.7205e+01   8.5047e+00   0.0000e+00   0.0000e+00   2.5863e+02
20261021_00:00:00   9.2797e-02   2.6890e+01   8.2744e+00   0.0000e+00   0.0000e+00   2.6026e+02
20261021_03:00:00   8.5283e-02   2.5003e+01   7.0508e+00   0.0000e+00   0.0000e+00   2.6348e+02
20261021_06:00:00   8.1083e-02   2.3910e+01   6.2268e+00   0.0000e+00   0.0000e+00   2.6345e+02
20261021_09:00:00   7.4219e-02   2.2100e+01   5.2328e+00   0.0000e+00   0.0000e+00   2.6537e+02
20261021_12:00:00   7.1670e-02   2.1415e+01   4.8122e+00   0.0000e+00   0.0000e+00   2.6448e+02
20261021_15:00:00   7.0863e-02   2.1216e+01   4.6791e+00   0.0000e+00   0.0000e+00   2.6260e+02
20261021_18:00:00   7.5873e-02   2.2574e+01   5.5324e+00   0.0000e+00   0.0000e+00   2.6241e+02
20261021_21:00:00   9.1738e-02   2.6703e+01   8.0287e+00   0.0000e+00   0.0000e+00   2.6203e+02
20261022_00:00:00   9.0219e-02   2.6325e+01   7.9262e+00   0.0000e+00   0.0000e+00   2.5910e+02
20261022_03:00:00   8.7506e-02   2.5591e+01   7.6395e+00   0.0000e+00   0.0000e+00   2.5874e+02
20261022_06:00:00   8.7752e-02   2.5571e+01   7.8116e+00   0.0000e+00   0.0000e+00   2.6286e+02
20261022_09:00:00   8.5983e-02   2.5079e+01   7.5107e+00   0.0000e+00   0.0000e+00   2.6510e+02
20261022_12:00:00   8.6482e-02   2.5165e+01   7.4600e+00   0.0000e+00   0.0000e+00   2.6704e+02
20261022_15:00:00   9.0458e-02   2.6109e+01   7.7853e+00   0.0000e+00   0.0000e+00   2.6631e+02
20261022_18:00:00   9.5212e-02   2.7280e+01   8.4516e+00   0.0000e+00   0.0000e+00   2.6660e+02
20261022_21:00:00   9.7133e-02   2.7819e+01   8.5194e+00   0.0000e+00   0.0000e+00   2.6635e+02
20261023_00:00:00   9.2695e-02   2.6716e+01   7.9271e+00   0.0000e+00   0.0000e+00   2.6794e+02
20261023_03:00:00   8.9198e-02   2.5819e+01   7.3221e+00   0.0000e+00   0.0000e+00   2.6962e+02
20261023_06:00:00   9.0749e-02   2.6160e+01   7.7054e+00   0.0000e+00   0.0000e+00   2.7091e+02
20261023_09:00:00   8.9756e-02   2.5934e+01   7.4492e+00   0.0000e+00   0.0000e+00   2.7262e+02
20261023_12:00:00   9.7007e-02   2.7732e+01   8.5250e+00   0.0000e+00   0.0000e+00   2.7409e+02
20261023_15:00:00   1.0498e-01   2.9708e+01   9.5198e+00   0.0000e+00   0.0000e+00   2.7632e+02
20261023_18:00:00   1.0574e-01   3.0023e+01   9.5993e+00   0.0000e+00   0.0000e+00   2.7834e+02
20261023_21:00:00   1.1083e-01   3.1359e+01   1.0442e+01   0.0000e+00   0.0000e+00   2.7695e+02
20261024_00:00:00   1.3916e-01   3.8097e+01   1.4408e+01   3.6020e-08   2.1379e-04   2.7180e+02
20261024_03:00:00   1.8444e-01   4.8386e+01   1.7343e+01   2.6662e-02   3.4143e-02   2.7331e+02
20261024_06:00:00   1.6875e-01   4.4687e+01   1.8099e+01   5.2814e-03   2.1064e-02   2.7747e+02
