#            date       tau255        Tb[K]      pwv[mm] lwp[kg*m^-2] iwp[kg*m^-2]       o3[DU]
20260813_12:00:00   2.4012e-01   6.1839e+01   2.8588e+01   2.8661e-03   2.0829e-03   3.0752e+02
20260813_13:00:00   2.4514e-01   6.2880e+01   2.9452e+01   2.4435e-05   7.7555e-04   3.0637e+02
20260813_14:00:00   2.4293e-01   6.2410e+01   2.9242e+01   0.0000e+00   4.2070e-03   3.0471e+02
20260813_15:00:00   2.3818e-01   6.1400e+01   2.8799e+01   0.0000e+00   5.1359e-02   3.0357e+02
20260813_16:00:00   2.2852e-01   5.9395e+01   2.7708e+01   1.2180e-04   1.3976e-02   3.0306e+02
20260813_17:00:00   2.3034e-01   5.9903e+01   2.7596e+01   3.7404e-03   1.7342e-04   3.0225e+02
20260813_18:00:00   2.8354e-01   7.1294e+01   2.7154e+01   7.0931e-02   2.7364e-03   3.0109e+02
20260813_19:00:00   3.1797e-01   7.8220e+01   2.7007e+01   1.1396e-01   1.1331e-02   3.0164e+02
20260813_20:00:00   2.8416e-01   7.1165e+01   2.5936e+01   8.6562e-02   1.2790e-03   3.0119e+02
20260813_21:00:00   2.1704e-01   5.6955e+01   2.4832e+01   2.2336e-02   5.7693e-04   2.9998e+02
20260813_22:00:00   2.2012e-01   5.7621e+01   2.4664e+01   2.9081e-02   2.6681e-03   3.0151e+02
20260813_23:00:00   2.3835e-01   6.1529e+01   2.4430e+01   5.1696e-02   7.3187e-03   2.9868e+02
20260814_00:00:00   2.2711e-01   5.9137e+01   2.4124e+01   4.1104e-02   4.4353e-03   2.9832e+02
20260814_01:00:00   3.4143e-01   8.2453e+01   2.5066e+01   1.5994e-01   1.0532e-03   2.9860e+02
20260814_02:00:00   4.4066e-01   1.0036e+02   2.5335e+01   2.6908e-01   3.0376e-03   2.9974e+02
20260814_03:00:00   2.6773e-01   6.7667e+01   2.4548e+01   8.0101e-02   1.2758e-03   2.9853e+02
20260814_04:00:00   1.9692e-01   5.2627e+01   2.4216e+01   1.9361e-03   2.3603e-04   2.9768e+02
20260814_05:00:00   2.3282e-01   6.0409e+01   2.4691e+01   3.7442e-02   4.0007e-03   2.9718e+02
20260814_06:00:00   2.3441e-01   6.0735e+01   2.4958e+01   3.6431e-02   8.4480e-04   2.9810e+02
20260814_07:00:00   2.0959e-01   5.5379e+01   2.5665e+01   5.2795e-04   4.6200e-05   2.9432e+02
20260814_08:00:00   2.1182e-01   5.5836e+01   2.5904e+01   2.3895e-04   2.0683e-05   2.9625e+02
20260814_09:00:00   2.0949e-01   5.5258e+01   2.5605e+01   2.9180e-04   2.4200e-05   2.9872e+02
20260814_10:00:00   2.0489e-01   5.4185e+01   2.5145e+01   3.0560e-04   6.2450e-04   3.0021e+02
20260814_11:00:00   2.6175e-01   6.6039e+01   2.5281e+01   6.3000e-02   6.6830e-03   2.9819e+02
20260814_12:00:00   2.1981e-01   5.7313e+01   2.5691e+01   1.2732e-02   3.9069e-03   2.9819e+02
20260814_13:00:00   2.1579e-01   5.6499e+01   2.5999e+01   4.3400e-03   4.7940e-04   3.0211e+02
20260814_14:00:00   2.3752e-01   6.1191e+01   2.6201e+01   2.5024e-02   3.1526e-04   3.0401e+02
20260814_15:00:00   2.3236e-01   6.0103e+01   2.5945e+01   2.1580e-02   3.8701e-04   3.0459e+02
20260814_16:00:00   2.1009e-01   5.5353e+01   2.5484e+01   1.4384e-03   5.6007e-05   3.0218e+02
20260814_17:00:00   2.0921e-01   5.5223e+01   2.5559e+01   1.0184e-03   1.6107e-06   3.0201e+02
20260814_18:00:00   2.3128e-01   6.0061e+01   2.5586e+01   2.7859e-02   2.7380e-05   3.0407e+02
20260814_19:00:00   2.5497e-01   6.5096e+01   2.5327e+01   5.7793e-02   2.3360e-05   3.0257e+02
20260814_20:00:00   3.0590e-01   7.5539e+01   2.4714e+01   1.2107e-01   4.1826e-04   3.0251e+02
20260814_21:00:00   1.9706e-01   5.2664e+01   2.3521e+01   9.5131e-03   1.5856e-04   3.0173e+02
20260814_22:00:00   1.8326e-01   4.9568e+01   2.2826e+01   1.0744e-03   5.4547e-06   2.9815e+02
20260814_23:00:00   1.8358e-01   4.9650e+01   2.2891e+01   1.4354e-03   9.1760e-06   2.9720e+02
20260815_00:00:00   1.8565e-01   5.0112e+01   2.3315e+01   2.9720e-04   1.6684e-06   2.9830e+02
20260815_01:00:00   2.9541e-01   7.3409e+01   2.4306e+01   1.1485e-01   3.3632e-04   2.9989e+02
20260815_02:00:00   5.0757e-01   1.1165e+02   2.4960e+01   3.4718e-01   4.4000e-03   3.0007e+02
20260815_03:00:00   2.2086e-01   5.7836e+01   2.4379e+01   2.8970e-02   1.2394e-03   3.0096e+02
20260815_04:00:00   2.4646e-01   6.3362e+01   2.5540e+01   4.6272e-02   1.0982e-04   3.0320e+02
20260815_05:00:00   7.5046e-01   1.4627e+02   2.7350e+01   5.9474e-01   1.5696e-02   3.0172e+02
20260815_06:00:00   3.3452e-01   8.0881e+01   2.7563e+01   1.2289e-01   1.9367e-02   3.0286e+02
20260815_07:00:00   2.1658e-01   5.6910e+01   2.6497e+01   3.3655e-04   1.2116e-04   3.0229e+02
20260815_08:00:00   2.1236e-01   5.5931e+01   2.6161e+01   0.0000e+00   6.1737e-04   3.0183e+02
20260815_09:00:00   2.1872e-01   5.7298e+01   2.6699e+01   0.0000e+00   1.6217e-03   3.0146e+02
20260815_10:00:00   2.2329e-01   5.8239e+01   2.7196e+01   1.4467e-04   2.4272e-03   3.0235e+02
20260815_11:00:00   2.2464e-01   5.8516e+01   2.7130e+01   1.8120e-03   3.6990e-03   3.0202e+02
20260815_12:00:00   2.2020e-01   5.7532e+01   2.6617e+01   8.7761e-04   3.3339e-04   3.0255e+02
20260815_13:00:00   2.3245e-01   6.0201e+01   2.6648e+01   1.4248e-02   1.2944e-03   3.0135e+02
20260815_14:00:00   2.1817e-01   5.7086e+01   2.6512e+01   2.6247e-04   4.2716e-04   2.9868e+02
20260815_15:00:00   2.1549e-01   5.6524e+01   2.6197e+01   0.0000e+00   8.0782e-06   2.9868e+02
20260815_16:00:00   2.1231e-01   5.5894e+01   2.5940e+01   0.0000e+00   7.9020e-06   3.0001e+02
20260815_17:00:00   2.1017e-01   5.5481e+01   2.5868e+01   1.4094e-05   1.9130e-05   3.0210e+02
20260815_18:00:00   2.0960e-01   5.5381e+01   2.5734e+01   2.7295e-03   1.5239e-04   2.9804e+02
20260815_19:00:00   2.3039e-01   5.9817e+01   2.5097e+01   3.3923e-02   3.5668e-03   2.9745e+02
20260815_20:00:00   2.0206e-01   5.3658e+01   2.3841e+01   1.4171e-02   1.6066e-02   2.9677e+02
20260815_21:00:00   1.8161e-01   4.9130e+01   2.2569e+01   2.5355e-03   1.5088e-04   2.9758e+02
20260815_22:00:00   1.7806e-01   4.8264e+01   2.1594e+01   7.2861e-03   4.6194e-04   2.9779e+02
20260815_23:00:00   1.6842e-01   4.6000e+01   2.0686e+01   4.2061e-03   7.7585e-04   2.9827e+02
20260816_00:00:00   1.5647e-01   4.3225e+01   1.9160e+01   2.7019e-03   9.4654e-04   2.9875e+02
20260816_01:00:00   1.9846e-01   5.2648e+01   1.9939e+01   4.2783e-02   1.3907e-02   2.9840e+02
20260816_02:00:00   2.1719e-01   5.6912e+01   2.2187e+01   4.4101e-02   4.1675e-02   2.9891e+02
20260816_03:00:00   2.3565e-01   6.1109e+01   2.3620e+01   4.7171e-02   3.7730e-03   2.9857e+02
20260816_04:00:00   3.0494e-01   7.5597e+01   2.5582e+01   9.8463e-02   1.1511e-03   2.9698e+02
20260816_05:00:00   2.2467e-01   5.8968e+01   2.4903e+01   1.3938e-02   1.4367e-04   2.9534e+02
20260816_06:00:00   2.0549e-01   5.4739e+01   2.4277e+01   0.0000e+00   3.5060e-05   2.9375e+02
20260816_07:00:00   2.0365e-01   5.4289e+01   2.4118e+01   0.0000e+00   3.2278e-05   2.9440e+02
20260816_08:00:00   2.0792e-01   5.5198e+01   2.4660e+01   0.0000e+00   7.0440e-05   2.9434e+02
20260816_09:00:00   2.1246e-01   5.6161e+01   2.5194e+01   0.0000e+00   1.8990e-05   2.9552e+02
20260816_10:00:00   2.1336e-01   5.6318e+01   2.5264e+01   0.0000e+00   1.9958e-05   2.9550e+02
20260816_11:00:00   2.1474e-01   5.6572e+01   2.5303e+01   6.0400e-06   1.7730e-06   2.9472e+02
20260816_12:00:00   2.1234e-01   5.6026e+01   2.4978e+01   0.0000e+00   3.1417e-06   2.9459e+02
20260816_13:00:00   2.1087e-01   5.5686e+01   2.4854e+01   0.0000e+00   8.6420e-06   2.9296e+02
20260816_14:00:00   2.0787e-01   5.5028e+01   2.4600e+01   0.0000e+00   1.8278e-06   2.9377e+02
20260816_15:00:00   2.0317e-01   5.4017e+01   2.4195e+01   0.0000e+00   8.6040e-07   2.9397e+02
20260816_16:00:00   2.0058e-01   5.3491e+01   2.4042e+01   0.0000e+00   4.3871e-05   2.9243e+02
20260816_17:00:00   2.0493e-01   5.4520e+01   2.4769e+01   1.8120e-05   1.3892e-05   2.9319e+02
20260816_18:00:00   2.1415e-01   5.6548e+01   2.4867e+01   1.1948e-02   4.2706e-04   2.9399e+02
20260816_19:00:00   2.2072e-01   5.7892e+01   2.4330e+01   2.6634e-02   2.7938e-02   2.9279e+02
20260816_20:00:00   2.6265e-01   6.6871e+01   2.4907e+01   7.0495e-02   1.3711e-01   2.9116e+02
20260816_21:00:00   6.0515e-01   1.2636e+02   2.6411e+01   4.4401e-01   1.1810e-01   2.9130e+02
20260816_22:00:00   1.2898e+00   1.9868e+02   2.9911e+01   1.1787e+00   2.2601e-01   2.9316e+02
20260816_23:00:00   7.8735e-01   1.4997e+02   3.1918e+01   5.9148e-01   9.0372e-01   2.9448e+02
20260817_00:00:00   4.2383e-01   9.6826e+01   2.9842e+01   1.9569e-01   1.4249e+00   2.9303e+02
20260817_01:00:00   2.3334e-01   6.0282e+01   2.7587e+01   1.1090e-02   3.8250e-01   2.9148e+02
20260817_02:00:00   2.2663e-01   5.8925e+01   2.6817e+01   9.4441e-03   5.2677e-02   2.9014e+02
20260817_03:00:00   4.8046e-01   1.0729e+02   2.8040e+01   2.8232e-01   1.0116e-02   2.9081e+02
20260817_04:00:00   3.8266e-01   9.0143e+01   2.7476e+01   1.7731e-01   1.3431e-03   2.9191e+02
20260817_05:00:00   2.8081e-01   7.0408e+01   2.7577e+01   6.0401e-02   1.0386e-03   2.9124e+02
20260817_06:00:00   3.4701e-01   8.3492e+01   2.8145e+01   1.2891e-01   5.4439e-03   2.9206e+02
20260817_07:00:00   2.2376e-01   5.8471e+01   2.7274e+01   0.0000e+00   3.7948e-02   2.9193e+02
20260817_08:00:00   2.2249e-01   5.8147e+01   2.7200e+01   0.0000e+00   1.7884e-01   2.9198e+02
20260817_09:00:00   2.2460e-01   5.8570e+01   2.7501e+01   0.0000e+00   1.3137e-01   2.9144e+02
20260817_10:00:00   2.3350e-01   6.0476e+01   2.8385e+01   0.0000e+00   1.0195e-01   2.9261e+02
20260817_11:00:00   2.6262e-01   6.6589e+01   2.8848e+01   2.7640e-02   1.7148e-01   2.9419e+02
20260817_12:00:00   2.5378e-01   6.4770e+01   2.9025e+01   1.6624e-02   6.9338e-02   2.9410e+02
20260817_13:00:00   2.3762e-01   6.1391e+01   2.8795e+01   5.8060e-06   4.9083e-02   2.9405e+02
20260817_14:00:00   2.3557e-01   6.0984e+01   2.8591e+01   0.0000e+00   1.8929e-02   2.9377e+02
20260817_15:00:00   2.3195e-01   6.0209e+01   2.8274e+01   0.0000e+00   5.1358e-03   2.9386e+02
20260817_16:00:00   2.2952e-01   5.9753e+01   2.7905e+01   0.0000e+00   8.6312e-04   2.9332e+02
20260817_17:00:00   2.2426e-01   5.8700e+01   2.7316e+01   8.0540e-06   3.6783e-04   2.9339e+02
20260817_18:00:00   2.2158e-01   5.8189e+01   2.7117e+01   4.3537e-04   4.3007e-05   2.9168e+02
20260817_19:00:00   2.2254e-01   5.8452e+01   2.6596e+01   8.5528e-03   1.9651e-05   2.9054e+02
20260817_20:00:00   2.7937e-01   7.0495e+01   2.6456e+01   7.5554e-02   1.3146e-03   2.8964e+02
20260817_21:00:00   7.5536e-01   1.4738e+02   2.8497e+01   5.9565e-01   6.5746e-02   2.9147e+02
20260817_22:00:00   9.5687e-01   1.6916e+02   3.0802e+01   7.9842e-01   6.9882e-01   2.9213e+02
20260817_23:00:00   2.6206e-01   6.6521e+01   2.7411e+01   4.6384e-02   3.7964e-01   2.9073e+02
20260818_00:00:00   2.1077e-01   5.5708e+01   2.3866e+01   2.2178e-02   4.9774e-02   2.8910e+02
20260818_01:00:00   1.9100e-01   5.1589e+01   2.3406e+01   1.6555e-03   8.4451e-04   2.8992e+02
20260818_02:00:00   2.0941e-01   5.5756e+01   2.4956e+01   2.6302e-03   2.3082e-03   2.9196e+02
20260818_03:00:00   2.5464e-01   6.5382e+01   2.5441e+01   4.8332e-02   1.3903e-02   2.9112e+02
20260818_04:00:00   4.3706e-01   1.0000e+02   2.6436e+01   2.4618e-01   9.6682e-02   2.9050e+02
20260818_05:00:00   2.8335e-01   7.1045e+01   2.6045e+01   7.2535e-02   2.6294e-02   2.9041e+02
20260818_06:00:00   2.0677e-01   5.5022e+01   2.4275e+01   3.5478e-04   1.9346e-04   2.8953e+02
20260818_07:00:00   1.9509e-01   5.2454e+01   2.2692e+01   0.0000e+00   2.8120e-05   2.8783e+02
20260818_08:00:00   1.8756e-01   5.0717e+01   2.1818e+01   0.0000e+00   2.0140e-06   2.8803e+02
20260818_09:00:00   1.7769e-01   4.8443e+01   2.0627e+01   0.0000e+00   0.0000e+00   2.8919e+02
20260818_10:00:00   1.7411e-01   4.7609e+01   2.0147e+01   0.0000e+00   0.0000e+00   2.8951e+02
20260818_11:00:00   1.7545e-01   4.7882e+01   2.0318e+01   0.0000e+00   0.0000e+00   2.8794e+02
20260818_12:00:00   1.7719e-01   4.8238e+01   2.0531e+01   0.0000e+00   0.0000e+00   2.8933e+02
20260818_15:00:00   1.7102e-01   4.6834e+01   1.9851e+01   0.0000e+00   0.0000e+00   2.8960e+02
20260818_18:00:00   1.8690e-01   5.0678e+01   2.2302e+01   3.6741e-04   1.0430e-05   2.8941e+02
20260818_21:00:00   4.9809e-01   1.0932e+02   2.9642e+01   2.9291e-01   8.2038e-01   2.8945e+02
20260819_00:00:00   1.7537e-01   4.7895e+01   2.2225e+01   9.4437e-05   3.4074e-03   2.8922e+02
20260819_03:00:00   1.8320e-01   4.9771e+01   2.3021e+01   3.2056e-04   4.4802e-04   2.8549e+02
20260819_06:00:00   1.7600e-01   4.7958e+01   2.1214e+01   5.3602e-03   3.2886e-04   2.8685e+02
20260819_09:00:00   1.7759e-01   4.8448e+01   2.1506e+01   0.0000e+00   1.0066e-06   2.8588e+02
20260819_12:00:00   1.7975e-01   4.8882e+01   2.1843e+01   0.0000e+00   4.4100e-05   2.8691e+02
20260819_15:00:00   1.7953e-01   4.8756e+01   2.2004e+01   0.0000e+00   0.0000e+00   2.8911e+02
20260819_18:00:00   2.5002e-01   6.4292e+01   2.4168e+01   6.4233e-02   8.7011e-04   2.8899e+02
20260819_21:00:00   4.3629e-01   9.9395e+01   2.6730e+01   2.5360e-01   1.5628e-01   2.8701e+02
20260820_00:00:00   1.8265e-01   4.9727e+01   2.2885e+01   8.6959e-04   6.8022e-04   2.9037e+02
20260820_03:00:00   1.7197e-01   4.7039e+01   2.1853e+01   0.0000e+00   1.0622e-05   2.8930e+02
20260820_06:00:00   1.7346e-01   4.7322e+01   2.1666e+01   1.0272e-03   2.1498e-03   2.9215e+02
20260820_09:00:00   1.7609e-01   4.7942e+01   2.1735e+01   0.0000e+00   0.0000e+00   2.9078e+02
20260820_12:00:00   1.7767e-01   4.8109e+01   2.1791e+01   0.0000e+00   5.1648e-03   2.9154e+02
20260820_15:00:00   1.7946e-01   4.8611e+01   2.1444e+01   0.0000e+00   2.3439e-03   2.9143e+02
20260820_18:00:00   2.2407e-01   5.8495e+01   2.1089e+01   5.7760e-02   3.8635e-04   2.9165e+02
20260820_21:00:00   1.5722e-01   4.3417e+01   1.9828e+01   2.9558e-04   9.1947e-04   2.9488e+02
20260821_00:00:00   1.3957e-01   3.9045e+01   1.7775e+01   0.0000e+00   0.0000e+00   2.9310e+02
20260821_03:00:00   1.5046e-01   4.1751e+01   1.9046e+01   0.0000e+00   2.1020e-03   2.9139e+02
20260821_06:00:00   1.4281e-01   3.9916e+01   1.7561e+01   0.0000e+00   3.6177e-03   2.9238e+02
20260821_09:00:00   1.4045e-01   3.9211e+01   1.7013e+01   0.0000e+00   6.0417e-04   2.9106e+02
20260821_12:00:00   1.2066e-01   3.4251e+01   1.4019e+01   0.0000e+00   0.0000e+00   3.0147e+02
20260821_15:00:00   1.3502e-01   3.7806e+01   1.6032e+01   0.0000e+00   0.0000e+00   3.0058e+02
20260821_18:00:00   1.5297e-01   4.2044e+01   1.7288e+01   9.0184e-03   3.7490e-02   3.0034e+02
20260821_21:00:00   1.6612e-01   4.5237e+01   2.0699e+01   9.0300e-05   1.2188e-01   3.0143e+02
20260822_00:00:00   1.8328e-01   4.9566e+01   2.1472e+01   8.7805e-03   8.4884e-03   3.0167e+02
20260822_03:00:00   1.7019e-01   4.6576e+01   1.9986e+01   2.3840e-04   6.2757e-04   3.0259e+02
20260822_06:00:00   1.8243e-01   4.9184e+01   2.1711e+01   0.0000e+00   1.0154e-01   3.0181e+02
20260822_09:00:00   2.0006e-01   5.3165e+01   2.3125e+01   0.0000e+00   3.0580e-02   3.0537e+02
20260822_12:00:00   1.8280e-01   4.9258e+01   2.0075e+01   0.0000e+00   0.0000e+00   3.1068e+02
20260822_15:00:00   1.7419e-01   4.7333e+01   1.9178e+01   0.0000e+00   0.0000e+00   3.1164e+02
20260822_18:00:00   1.7559e-01   4.7857e+01   1.9632e+01   3.0200e-06   0.0000e+00   3.1179e+02
20260822_21:00:00   2.2420e-01   5.8185e+01   2.1941e+01   5.0129e-02   5.6244e-01   3.0968e+02
20260823_00:00:00   1.6593e-01   4.5246e+01   2.0217e+01   0.0000e+00   6.7342e-03   3.0726e+02
20260823_03:00:00   1.7447e-01   4.7279e+01   2.0924e+01   0.0000e+00   1.3780e-03   3.0508e+02
20260823_06:00:00   1.7955e-01   4.8390e+01   2.0989e+01   0.0000e+00   3.5781e-03   3.0470e+02
20260823_09:00:00   1.8138e-01   4.8843e+01   2.0487e+01   0.0000e+00   0.0000e+00   2.9924e+02
20260823_12:00:00   1.8263e-01   4.9209e+01   2.0161e+01   0.0000e+00   0.0000e+00   2.9984e+02
20260823_15:00:00   1.7740e-01   4.8081e+01   1.9306e+01   0.0000e+00   0.0000e+00   3.0275e+02
20260823_18:00:00   1.7435e-01   4.7569e+01   1.9435e+01   9.5140e-06   0.0000e+00   2.9792e+02
20260823_21:00:00   1.6822e-01   4.6249e+01   1.9621e+01   2.6448e-05   2.9985e-06   2.9712e+02
20260824_00:00:00   1.8557e-01   5.0329e+01   2.2180e+01   4.0260e-06   2.4160e-06   2.9405e+02
20260824_03:00:00   1.9188e-01   5.1605e+01   2.2930e+01   8.3560e-05   2.6553e-05   2.9200e+02
20260824_06:00:00   1.8829e-01   5.0705e+01   2.2385e+01   0.0000e+00   0.0000e+00   2.8918e+02
20260824_09:00:00   1.8524e-01   4.9891e+01   2.1763e+01   0.0000e+00   0.0000e+00   2.8956e+02
20260824_12:00:00   1.7583e-01   4.7740e+01   2.0113e+01   0.0000e+00   0.0000e+00   2.9031e+02
20260824_15:00:00   1.5905e-01   4.3846e+01   1.7284e+01   0.0000e+00   0.0000e+00   2.9080e+02
20260824_18:00:00   1.5092e-01   4.2119e+01   1.6527e+01   5.1401e-04   1.6770e-06   2.8757e+02
20260824_21:00:00   1.7298e-01   4.7364e+01   2.0491e+01   1.1758e-03   1.1738e-04   2.8849e+02
20260825_00:00:00   1.5348e-01   4.2640e+01   1.8696e+01   0.0000e+00   2.5800e-07   2.8810e+02
20260825_03:00:00   1.6835e-01   4.6028e+01   1.9950e+01   1.3087e-04   8.8587e-06   2.8732e+02
20260825_06:00:00   1.6233e-01   4.4576e+01   1.8633e+01   0.0000e+00   0.0000e+00   2.8552e+02
20260825_09:00:00   1.3463e-01   3.7957e+01   1.4356e+01   0.0000e+00   0.0000e+00   2.8483e+02
20260825_12:00:00   1.3286e-01   3.7482e+01   1.3969e+01   0.0000e+00   0.0000e+00   2.8841e+02
20260825_15:00:00   1.2991e-01   3.6754e+01   1.3510e+01   0.0000e+00   0.0000e+00   2.9235e+02
20260825_18:00:00   1.2593e-01   3.5885e+01   1.3386e+01   0.0000e+00   0.0000e+00   2.8910e+02
20260825_21:00:00   1.2571e-01   3.5784e+01   1.4414e+01   1.4500e-04   2.9578e-04   2.9264e+02
20260826_00:00:00   1.4049e-01   3.9477e+01   1.6626e+01   0.0000e+00   0.0000e+00   2.9287e+02
20260826_03:00:00   1.6809e-01   4.5917e+01   1.9792e+01   0.0000e+00   2.8180e-05   2.9126e+02
20260826_06:00:00   1.6339e-01   4.4771e+01   1.8719e+01   0.0000e+00   9.0120e-06   2.9127e+02
20260826_09:00:00   1.5740e-01   4.3329e+01   1.7843e+01   0.0000e+00   0.0000e+00   2.8996e+02
20260826_12:00:00   1.5072e-01   4.1764e+01   1.6508e+01   0.0000e+00   0.0000e+00   2.9509e+02
20260826_15:00:00   1.4240e-01   3.9820e+01   1.5366e+01   0.0000e+00   0.0000e+00   2.9084e+02
20260826_18:00:00   1.4185e-01   3.9869e+01   1.5750e+01   0.0000e+00   0.0000e+00   2.9007e+02
20260826_21:00:00   1.4153e-01   3.9735e+01   1.6640e+01   1.4455e-03   5.5952e-04   2.9225e+02
20260827_00:00:00   1.6381e-01   4.5095e+01   2.0212e+01   0.0000e+00   2.1721e-04   2.8871e+02
20260827_03:00:00   2.1005e-01   5.5503e+01   2.2934e+01   1.8855e-02   1.9317e-02   2.8931e+02
20260827_06:00:00   1.9823e-01   5.3065e+01   2.2369e+01   0.0000e+00   0.0000e+00   2.8811e+02
20260827_09:00:00   1.8790e-01   5.0695e+01   2.0668e+01   0.0000e+00   0.0000e+00   2.8857e+02
20260827_12:00:00   1.8232e-01   4.9390e+01   1.9729e+01   0.0000e+00   0.0000e+00   2.8824e+02
20260827_15:00:00   1.6724e-01   4.5958e+01   1.7924e+01   0.0000e+00   0.0000e+00   2.9049e+02
20260827_18:00:00   1.5882e-01   4.4139e+01   1.7551e+01   2.5760e-05   0.0000e+00   2.9019e+02
20260827_21:00:00   1.5609e-01   4.3388e+01   1.8598e+01   1.7416e-05   5.9464e-04   2.8894e+02
20260828_00:00:00   1.7811e-01   4.8532e+01   2.1312e+01   8.2550e-05   4.2397e-04   2.8950e+02
20260828_03:00:00   2.1472e-01   5.6829e+01   2.4426e+01   0.0000e+00   4.2290e-02   2.8978e+02
20260828_06:00:00   2.0342e-01   5.4103e+01   2.3192e+01   0.0000e+00   2.5993e-03   2.8989e+02
20260828_09:00:00   2.0356e-01   5.4114e+01   2.2586e+01   0.0000e+00   1.6656e-04   2.8844e+02
20260828_12:00:00   1.9680e-01   5.2562e+01   2.1610e+01   0.0000e+00   1.1296e-03   2.9123e+02
20260828_15:00:00   1.8770e-01   5.0515e+01   2.0907e+01   0.0000e+00   0.0000e+00   2.9081e+02
20260828_18:00:00   1.8742e-01   5.0645e+01   2.1505e+01   0.0000e+00   0.0000e+00   2.9044e+02
20260828_21:00:00   2.0683e-01   5.4827e+01   2.3916e+01   1.5356e-02   3.3902e-01   2.8839e+02
20260829_00:00:00   2.4023e-01   6.2052e+01   2.7782e+01   9.0995e-03   2.2885e-01   2.8820e+02
20260829_03:00:00   2.4846e-01   6.3581e+01   2.9518e+01   9.6114e-06   2.6196e-01   2.8996e+02
20260829_06:00:00   2.2416e-01   5.8404e+01   2.6706e+01   0.0000e+00   6.1206e-03   2.9023e+02
20260829_09:00:00   2.1367e-01   5.6075e+01   2.5445e+01   0.0000e+00   6.7891e-03   2.9392e+02
20260829_12:00:00   1.9325e-01   5.1444e+01   2.3034e+01   0.0000e+00   1.5344e-03   2.9450e+02
