#            date       tau255        Tb[K]      pwv[mm] lwp[kg*m^-2] iwp[kg*m^-2]       o3[DU]
20260802_12:00:00   1.9395e-01   5.2114e+01   2.2757e+01   0.0000e+00   4.5860e-05   2.9360e+02
20260802_13:00:00   1.8777e-01   5.0714e+01   2.1982e+01   0.0000e+00   0.0000e+00   2.9297e+02
20260802_14:00:00   1.8483e-01   5.0056e+01   2.1663e+01   0.0000e+00   0.0000e+00   2.9448e+02
20260802_15:00:00   1.8360e-01   4.9804e+01   2.1645e+01   0.0000e+00   0.0000e+00   2.9668e+02
20260802_16:00:00   1.8374e-01   4.9891e+01   2.1751e+01   0.0000e+00   0.0000e+00   2.9798e+02
20260802_17:00:00   1.8354e-01   4.9910e+01   2.1910e+01   0.0000e+00   0.0000e+00   2.9919e+02
20260802_18:00:00   1.7908e-01   4.8948e+01   2.1560e+01   0.0000e+00   8.0540e-07   2.9899e+02
20260802_19:00:00   1.7897e-01   4.8960e+01   2.1678e+01   7.3340e-04   1.1650e-04   2.9589e+02
20260802_20:00:00   3.1877e-01   7.8216e+01   2.2970e+01   1.4973e-01   4.4623e-02   2.9009e+02
20260802_21:00:00   3.7668e-01   8.9135e+01   2.4357e+01   2.0370e-01   3.3660e-02   2.8900e+02
20260802_22:00:00   1.7872e-01   4.8842e+01   2.2273e+01   3.4457e-05   1.2128e-04   2.8901e+02
20260802_23:00:00   1.8202e-01   4.9620e+01   2.2835e+01   1.0409e-03   4.2666e-04   2.8887e+02
20260803_00:00:00   1.8430e-01   5.0168e+01   2.3421e+01   0.0000e+00   1.6398e-03   2.8996e+02
20260803_01:00:00   1.7679e-01   4.8394e+01   2.2526e+01   1.5538e-03   1.3704e-02   2.9137e+02
20260803_02:00:00   1.7090e-01   4.6929e+01   2.1942e+01   7.9760e-04   3.4055e-02   2.9267e+02
20260803_03:00:00   1.6490e-01   4.5552e+01   2.1249e+01   0.0000e+00   4.4897e-03   2.9207e+02
20260803_04:00:00   1.6677e-01   4.5988e+01   2.1395e+01   0.0000e+00   2.3187e-03   2.9379e+02
20260803_05:00:00   1.6853e-01   4.6345e+01   2.1725e+01   0.0000e+00   3.1697e-04   2.9336e+02
20260803_06:00:00   1.7460e-01   4.7830e+01   2.2249e+01   0.0000e+00   2.6772e-04   2.9181e+02
20260803_07:00:00   1.8086e-01   4.9338e+01   2.2803e+01   0.0000e+00   0.0000e+00   2.9171e+02
20260803_08:00:00   1.7725e-01   4.8504e+01   2.2314e+01   0.0000e+00   0.0000e+00   2.9234e+02
20260803_09:00:00   1.6832e-01   4.6382e+01   2.1062e+01   0.0000e+00   0.0000e+00   2.9502e+02
20260803_10:00:00   1.6669e-01   4.5967e+01   2.0748e+01   0.0000e+00   0.0000e+00   2.9642e+02
20260803_11:00:00   1.6585e-01   4.5731e+01   2.0632e+01   0.0000e+00   0.0000e+00   2.9770e+02
20260803_12:00:00   1.6586e-01   4.5706e+01   2.0626e+01   0.0000e+00   0.0000e+00   2.9920e+02
20260803_13:00:00   1.6568e-01   4.5631e+01   2.0531e+01   0.0000e+00   0.0000e+00   2.9912e+02
20260803_14:00:00   1.6460e-01   4.5404e+01   2.0301e+01   0.0000e+00   0.0000e+00   2.9994e+02
20260803_15:00:00   1.5982e-01   4.4300e+01   1.9638e+01   0.0000e+00   0.0000e+00   2.9980e+02
20260803_16:00:00   1.5699e-01   4.3696e+01   1.9307e+01   0.0000e+00   0.0000e+00   2.9793e+02
20260803_17:00:00   1.5298e-01   4.2782e+01   1.9011e+01   0.0000e+00   0.0000e+00   2.9652e+02
20260803_18:00:00   1.5571e-01   4.3436e+01   1.9582e+01   0.0000e+00   1.4418e-05   2.9568e+02
20260803_19:00:00   1.6075e-01   4.4598e+01   2.0473e+01   0.0000e+00   4.5420e-04   2.9569e+02
20260803_20:00:00   1.9669e-01   5.2562e+01   2.1197e+01   3.6437e-02   4.3361e-02   2.9494e+02
20260803_21:00:00   2.4257e-01   6.2289e+01   2.2999e+01   7.5220e-02   1.8636e-01   2.9465e+02
20260803_22:00:00   1.6908e-01   4.6366e+01   2.2459e+01   5.5860e-04   4.5469e-02   2.9635e+02
20260803_23:00:00   1.4710e-01   4.1055e+01   1.9552e+01   0.0000e+00   7.9023e-02   2.9757e+02
20260804_00:00:00   1.3424e-01   3.7965e+01   1.7509e+01   0.0000e+00   1.0784e-03   2.9795e+02
20260804_01:00:00   1.2612e-01   3.6023e+01   1.6139e+01   0.0000e+00   4.4956e-05   2.9626e+02
20260804_02:00:00   1.2340e-01   3.5319e+01   1.5625e+01   0.0000e+00   8.7902e-07   2.9708e+02
20260804_03:00:00   1.2099e-01   3.4674e+01   1.5176e+01   0.0000e+00   1.4412e-07   2.9651e+02
20260804_04:00:00   1.1872e-01   3.4042e+01   1.4784e+01   3.8700e-06   5.8105e-05   2.9558e+02
20260804_05:00:00   1.2273e-01   3.4943e+01   1.4937e+01   3.1900e-03   5.4720e-03   2.9590e+02
20260804_06:00:00   1.2256e-01   3.4953e+01   1.5245e+01   0.0000e+00   3.8169e-03   2.9824e+02
20260804_07:00:00   1.2233e-01   3.4900e+01   1.5171e+01   0.0000e+00   3.6040e-05   2.9781e+02
20260804_08:00:00   1.2246e-01   3.5014e+01   1.5032e+01   0.0000e+00   4.8317e-06   2.9688e+02
20260804_09:00:00   1.2290e-01   3.5215e+01   1.4833e+01   0.0000e+00   0.0000e+00   2.9445e+02
20260804_10:00:00   1.2215e-01   3.5009e+01   1.4688e+01   0.0000e+00   0.0000e+00   2.9757e+02
20260804_11:00:00   1.2050e-01   3.4583e+01   1.4449e+01   0.0000e+00   4.0260e-06   2.9713e+02
20260804_12:00:00   1.2373e-01   3.5384e+01   1.4800e+01   0.0000e+00   4.6420e-05   2.9931e+02
20260804_13:00:00   1.2736e-01   3.6205e+01   1.5139e+01   0.0000e+00   8.0900e-06   3.0127e+02
20260804_14:00:00   1.2750e-01   3.6239e+01   1.5162e+01   0.0000e+00   0.0000e+00   2.9770e+02
20260804_15:00:00   1.2983e-01   3.6815e+01   1.5564e+01   0.0000e+00   4.3940e-05   2.9452e+02
20260804_16:00:00   1.2923e-01   3.6695e+01   1.5571e+01   0.0000e+00   4.6840e-05   2.9456e+02
20260804_17:00:00   1.3070e-01   3.7105e+01   1.5859e+01   0.0000e+00   0.0000e+00   2.9368e+02
20260804_18:00:00   1.3426e-01   3.7985e+01   1.6560e+01   0.0000e+00   1.6106e-06   2.9439e+02
20260804_19:00:00   1.4187e-01   3.9786e+01   1.7555e+01   2.6598e-03   6.5322e-03   2.9470e+02
20260804_20:00:00   1.5292e-01   4.2368e+01   1.8724e+01   6.5360e-03   3.5830e-02   2.9619e+02
20260804_21:00:00   1.5554e-01   4.2971e+01   1.9242e+01   6.4945e-03   4.9883e-02   2.9752e+02
20260804_22:00:00   1.6163e-01   4.4211e+01   1.8774e+01   1.8307e-02   8.2490e-02   2.9765e+02
20260804_23:00:00   1.4111e-01   3.9461e+01   1.7781e+01   3.3911e-03   8.3957e-02   2.9825e+02
20260805_00:00:00   1.4776e-01   4.1049e+01   1.7963e+01   9.7060e-03   5.1725e-02   3.0005e+02
20260805_01:00:00   1.5231e-01   4.2540e+01   1.9373e+01   0.0000e+00   1.8588e-03   3.0160e+02
20260805_02:00:00   1.6477e-01   4.5422e+01   2.1221e+01   2.9020e-06   2.6756e-02   3.0088e+02
20260805_03:00:00   1.7338e-01   4.7347e+01   2.1903e+01   3.7840e-03   5.6079e-02   3.0014e+02
20260805_04:00:00   1.7855e-01   4.8681e+01   2.2636e+01   1.0114e-04   4.7723e-03   2.9778e+02
20260805_05:00:00   1.8841e-01   5.0846e+01   2.3445e+01   5.8421e-05   2.1788e-02   2.9684e+02
20260805_06:00:00   1.8106e-01   4.9117e+01   2.2376e+01   0.0000e+00   1.5715e-03   2.9855e+02
20260805_07:00:00   1.9675e-01   5.2689e+01   2.3938e+01   2.0140e-06   1.4224e-02   2.9958e+02
20260805_08:00:00   1.8362e-01   4.9774e+01   2.2212e+01   0.0000e+00   2.9100e-05   2.9817e+02
20260805_09:00:00   1.7374e-01   4.7493e+01   2.0860e+01   0.0000e+00   0.0000e+00   2.9621e+02
20260805_10:00:00   1.6604e-01   4.5684e+01   1.9717e+01   0.0000e+00   0.0000e+00   2.9768e+02
20260805_11:00:00   1.6675e-01   4.5853e+01   1.9751e+01   0.0000e+00   0.0000e+00   2.9974e+02
20260805_12:00:00   1.6168e-01   4.4668e+01   1.9101e+01   0.0000e+00   0.0000e+00   3.0086e+02
20260805_13:00:00   1.5118e-01   4.2161e+01   1.7754e+01   0.0000e+00   0.0000e+00   3.0045e+02
20260805_14:00:00   1.4853e-01   4.1533e+01   1.7386e+01   0.0000e+00   1.8022e-05   3.0029e+02
20260805_15:00:00   1.4881e-01   4.1645e+01   1.7445e+01   0.0000e+00   4.8880e-05   3.0082e+02
20260805_16:00:00   1.5003e-01   4.1997e+01   1.7769e+01   0.0000e+00   0.0000e+00   2.9962e+02
20260805_17:00:00   1.4881e-01   4.1759e+01   1.7850e+01   0.0000e+00   0.0000e+00   3.0166e+02
20260805_18:00:00   1.5530e-01   4.3308e+01   1.9121e+01   0.0000e+00   8.0540e-07   3.0297e+02
20260805_19:00:00   1.6428e-01   4.5287e+01   2.0569e+01   1.4576e-03   1.6674e-03   3.0404e+02
20260805_20:00:00   2.0095e-01   5.3109e+01   2.0080e+01   4.9723e-02   9.6789e-02   3.0606e+02
20260805_21:00:00   2.0919e-01   5.4385e+01   1.9375e+01   6.8192e-02   3.0565e-01   3.0581e+02
20260805_22:00:00   1.4038e-01   3.9312e+01   1.7689e+01   3.6935e-03   5.4841e-02   3.0553e+02
20260805_23:00:00   1.2480e-01   3.5627e+01   1.5695e+01   0.0000e+00   1.4661e-04   3.0387e+02
20260806_00:00:00   1.1133e-01   3.2233e+01   1.3709e+01   0.0000e+00   1.6630e-05   3.0346e+02
20260806_01:00:00   1.0468e-01   3.0488e+01   1.2655e+01   0.0000e+00   7.7412e-05   3.0420e+02
20260806_02:00:00   1.0539e-01   3.0591e+01   1.2759e+01   0.0000e+00   4.1807e-04   3.0384e+02
20260806_03:00:00   1.0851e-01   3.1245e+01   1.3247e+01   9.4140e-05   5.5249e-03   3.0475e+02
20260806_04:00:00   1.0907e-01   3.1347e+01   1.3357e+01   0.0000e+00   1.7906e-02   3.0334e+02
20260806_05:00:00   1.1634e-01   3.3240e+01   1.4267e+01   6.5800e-05   8.4692e-02   3.0193e+02
20260806_06:00:00   1.2261e-01   3.4980e+01   1.4908e+01   0.0000e+00   5.7721e-04   3.0243e+02
20260806_07:00:00   1.4772e-01   4.1320e+01   1.7741e+01   0.0000e+00   7.8530e-06   3.0134e+02
20260806_08:00:00   1.5199e-01   4.2388e+01   1.7900e+01   0.0000e+00   1.6316e-04   3.0100e+02
20260806_09:00:00   1.5465e-01   4.2984e+01   1.8141e+01   0.0000e+00   0.0000e+00   3.0271e+02
20260806_10:00:00   1.5612e-01   4.3289e+01   1.8262e+01   0.0000e+00   4.8780e-04   3.0481e+02
20260806_11:00:00   1.5008e-01   4.1805e+01   1.7451e+01   0.0000e+00   7.5280e-04   3.0491e+02
20260806_12:00:00   1.4698e-01   4.0988e+01   1.7138e+01   0.0000e+00   6.7630e-04   3.0338e+02
20260806_13:00:00   1.4288e-01   3.9973e+01   1.6648e+01   0.0000e+00   2.8963e-05   3.0390e+02
20260806_14:00:00   1.4224e-01   3.9809e+01   1.6654e+01   0.0000e+00   0.0000e+00   3.0009e+02
20260806_15:00:00   1.4435e-01   4.0359e+01   1.6943e+01   0.0000e+00   0.0000e+00   2.9895e+02
20260806_16:00:00   1.3813e-01   3.8900e+01   1.6217e+01   0.0000e+00   0.0000e+00   3.0156e+02
20260806_17:00:00   1.2823e-01   3.6510e+01   1.5115e+01   0.0000e+00   0.0000e+00   3.0341e+02
20260806_18:00:00   1.3220e-01   3.7499e+01   1.6062e+01   0.0000e+00   0.0000e+00   3.0345e+02
20260806_19:00:00   1.4567e-01   4.0650e+01   1.8392e+01   5.8200e-05   3.1060e-03   3.0392e+02
20260806_20:00:00   2.0141e-01   5.3010e+01   2.0418e+01   4.7584e-02   1.2429e-01   3.0584e+02
20260806_21:00:00   3.6340e-01   8.3669e+01   1.9964e+01   2.4114e-01   7.4377e-01   3.0660e+02
20260806_22:00:00   2.2907e-01   5.7866e+01   1.6657e+01   1.1208e-01   8.6468e-02   3.0749e+02
20260806_23:00:00   1.2312e-01   3.5246e+01   1.4988e+01   0.0000e+00   7.4164e-05   3.0921e+02
20260807_00:00:00   9.7452e-02   2.8778e+01   1.1062e+01   0.0000e+00   0.0000e+00   3.1022e+02
20260807_01:00:00   9.3671e-02   2.7757e+01   1.0534e+01   0.0000e+00   0.0000e+00   3.0800e+02
20260807_02:00:00   1.1421e-01   3.3005e+01   1.3488e+01   0.0000e+00   1.0781e-04   3.0950e+02
20260807_03:00:00   1.4517e-01   4.0703e+01   1.7108e+01   0.0000e+00   1.1222e-03   3.1017e+02
20260807_04:00:00   1.5074e-01   4.2061e+01   1.7428e+01   0.0000e+00   0.0000e+00   3.0809e+02
20260807_05:00:00   1.4460e-01   4.0541e+01   1.6615e+01   0.0000e+00   0.0000e+00   3.0744e+02
20260807_06:00:00   1.3977e-01   3.9384e+01   1.5823e+01   0.0000e+00   0.0000e+00   3.0748e+02
20260807_07:00:00   1.4621e-01   4.0961e+01   1.6686e+01   0.0000e+00   0.0000e+00   3.0938e+02
20260807_08:00:00   1.4377e-01   4.0337e+01   1.6265e+01   0.0000e+00   0.0000e+00   3.0973e+02
20260807_09:00:00   1.4501e-01   4.0594e+01   1.6168e+01   0.0000e+00   0.0000e+00   3.0842e+02
20260807_10:00:00   1.4199e-01   3.9859e+01   1.5711e+01   0.0000e+00   0.0000e+00   3.0752e+02
20260807_11:00:00   1.3794e-01   3.8877e+01   1.4994e+01   0.0000e+00   0.0000e+00   3.0857e+02
20260807_12:00:00   1.3247e-01   3.7542e+01   1.4186e+01   0.0000e+00   0.0000e+00   3.0603e+02
20260807_15:00:00   1.2455e-01   3.5621e+01   1.3068e+01   0.0000e+00   0.0000e+00   3.0711e+02
20260807_18:00:00   1.1826e-01   3.4171e+01   1.3181e+01   0.0000e+00   0.0000e+00   3.0340e+02
20260807_21:00:00   9.0666e-02   2.6883e+01   9.9016e+00   0.0000e+00   3.1593e-04   3.1185e+02
20260808_00:00:00   1.3700e-01   3.8589e+01   1.7289e+01   0.0000e+00   1.4147e-02   3.1192e+02
20260808_03:00:00   1.3318e-01   3.7337e+01   1.6800e+01   8.3020e-04   3.4745e-01   3.0690e+02
20260808_06:00:00   1.4120e-01   3.9510e+01   1.7420e+01   0.0000e+00   4.3461e-05   3.0273e+02
20260808_09:00:00   1.5220e-01   4.2198e+01   1.8497e+01   0.0000e+00   0.0000e+00   3.0587e+02
20260808_12:00:00   1.4298e-01   4.0066e+01   1.6625e+01   0.0000e+00   0.0000e+00   3.0773e+02
20260808_15:00:00   1.3548e-01   3.8311e+01   1.5349e+01   0.0000e+00   0.0000e+00   3.0651e+02
20260808_18:00:00   1.2140e-01   3.4889e+01   1.4119e+01   0.0000e+00   0.0000e+00   3.0624e+02
20260808_21:00:00   1.7281e-01   4.6574e+01   1.9499e+01   2.2835e-02   3.9884e-01   3.0275e+02
20260809_00:00:00   1.2926e-01   3.6585e+01   1.6253e+01   2.0140e-06   4.3726e-03   3.0329e+02
20260809_03:00:00   1.5673e-01   4.3253e+01   1.9501e+01   0.0000e+00   1.4412e-08   3.0058e+02
20260809_06:00:00   1.6878e-01   4.6240e+01   2.0543e+01   0.0000e+00   0.0000e+00   2.9851e+02
20260809_09:00:00   1.7944e-01   4.8713e+01   2.1522e+01   0.0000e+00   0.0000e+00   3.0197e+02
20260809_12:00:00   1.7344e-01   4.7317e+01   2.0244e+01   0.0000e+00   0.0000e+00   3.0299e+02
20260809_15:00:00   1.5978e-01   4.4197e+01   1.8398e+01   0.0000e+00   0.0000e+00   3.0339e+02
20260809_18:00:00   1.5228e-01   4.2602e+01   1.7807e+01   0.0000e+00   0.0000e+00   3.0345e+02
20260809_21:00:00   1.8472e-01   4.9708e+01   2.2107e+01   1.3598e-02   3.4294e-01   3.0110e+02
20260810_00:00:00   1.6354e-01   4.4608e+01   2.0824e+01   3.2830e-05   4.2656e-01   3.0246e+02
20260810_03:00:00   1.7607e-01   4.7754e+01   2.1696e+01   0.0000e+00   1.2578e-01   3.0085e+02
20260810_06:00:00   1.7057e-01   4.6643e+01   2.0263e+01   0.0000e+00   1.3100e-03   2.9987e+02
20260810_09:00:00   1.6718e-01   4.5835e+01   1.9278e+01   0.0000e+00   0.0000e+00   2.9904e+02
20260810_12:00:00   1.7239e-01   4.7055e+01   1.9471e+01   0.0000e+00   2.2644e-03   3.0216e+02
20260810_15:00:00   1.6841e-01   4.6174e+01   1.8874e+01   0.0000e+00   1.2712e-03   3.0410e+02
20260810_18:00:00   1.6743e-01   4.6097e+01   1.9004e+01   1.9592e-04   1.8344e-05   3.0482e+02
20260810_21:00:00   2.3501e-01   6.1053e+01   2.3113e+01   5.2541e-02   5.5412e-04   3.0481e+02
20260811_00:00:00   3.9509e-01   9.2763e+01   2.5345e+01   2.0932e-01   9.0963e-03   3.0498e+02
20260811_03:00:00   2.3944e-01   6.2006e+01   2.6265e+01   2.3189e-02   8.7329e-02   3.0378e+02
20260811_06:00:00   2.1090e-01   5.5856e+01   2.4344e+01   4.1700e-04   3.4208e-03   3.0261e+02
20260811_09:00:00   2.1299e-01   5.6221e+01   2.4525e+01   4.4940e-05   5.3834e-04   3.0452e+02
20260811_12:00:00   2.0988e-01   5.5515e+01   2.3743e+01   0.0000e+00   3.6080e-05   2.9875e+02
20260811_15:00:00   2.0316e-01   5.4055e+01   2.2781e+01   0.0000e+00   2.9820e-06   2.9979e+02
20260811_18:00:00   2.1687e-01   5.7115e+01   2.1738e+01   3.1940e-02   2.4966e-05   2.9844e+02
20260811_21:00:00   1.9402e-01   5.2006e+01   2.1284e+01   1.6432e-02   4.7145e-04   3.0125e+02
20260812_00:00:00   1.8203e-01   4.9277e+01   2.0723e+01   1.0778e-02   4.9016e-04   3.0065e+02
20260812_03:00:00   1.9033e-01   5.1270e+01   2.2445e+01   7.4146e-04   1.6387e-02   3.0162e+02
20260812_06:00:00   2.1618e-01   5.7039e+01   2.4906e+01   3.2741e-03   5.8413e-03   2.9995e+02
20260812_09:00:00   2.6323e-01   6.6848e+01   2.5377e+01   5.2138e-02   3.2805e-03   3.0007e+02
20260812_12:00:00   2.7195e-01   6.8620e+01   2.5440e+01   6.1508e-02   1.8474e-04   3.0199e+02
20260812_15:00:00   2.1947e-01   5.7681e+01   2.5646e+01   0.0000e+00   0.0000e+00   3.0113e+02
20260812_18:00:00   2.3201e-01   6.0569e+01   2.6723e+01   1.5086e-02   1.5312e-04   2.9988e+02
20260812_21:00:00   6.2261e-01   1.2975e+02   3.0705e+01   4.2385e-01   1.8095e-01   2.9884e+02
20260813_00:00:00   4.1984e-01   9.6401e+01   3.0679e+01   1.9475e-01   1.2621e+00   2.9879e+02
20260813_03:00:00   6.1233e-01   1.2779e+02   3.1263e+01   3.9917e-01   1.0128e-01   2.9724e+02
20260813_06:00:00   3.4566e-01   8.3129e+01   3.0690e+01   9.8446e-02   7.9146e-01   2.9935e+02
20260813_09:00:00   2.3994e-01   6.1864e+01   2.8779e+01   0.0000e+00   4.0365e-02   2.9710e+02
20260813_12:00:00   2.4390e-01   6.2718e+01   2.8946e+01   0.0000e+00   2.7668e-03   2.9800e+02
20260813_15:00:00   2.5179e-01   6.4452e+01   2.9898e+01   1.1980e-04   1.6787e-02   2.9888e+02
20260813_18:00:00   2.6201e-01   6.6719e+01   3.0202e+01   1.3643e-02   3.7216e-03   2.9774e+02
20260813_21:00:00   2.4369e-01   6.2977e+01   2.9712e+01   4.7609e-03   7.0314e-03   2.9793e+02
20260814_00:00:00   1.5554e+00   2.1736e+02   3.2400e+01   1.4647e+00   1.1998e-01   2.9902e+02
20260814_03:00:00   2.4423e-01   6.2622e+01   2.9372e+01   1.8456e-03   7.5581e-01   2.9830e+02
20260814_06:00:00   2.5839e-01   6.5528e+01   3.0750e+01   4.4107e-05   1.0823e+00   3.0023e+02
20260814_09:00:00   3.3909e-01   8.1911e+01   3.0940e+01   9.2662e-02   1.6663e-01   2.9931e+02
20260814_12:00:00   2.5753e-01   6.5643e+01   3.0550e+01   9.2681e-04   2.4475e-02   3.0019e+02
20260814_15:00:00   2.5610e-01   6.5363e+01   3.0588e+01   0.0000e+00   3.6333e-02   2.9935e+02
20260814_18:00:00   2.5332e-01   6.5009e+01   2.9652e+01   9.8183e-03   1.4288e-03   2.9869e+02
20260814_21:00:00   3.3376e-01   8.1573e+01   3.0457e+01   9.6974e-02   9.3076e-03   2.9789e+02
20260815_00:00:00   5.5092e-01   1.1962e+02   3.0038e+01   3.5093e-01   5.1626e-04   2.9666e+02
20260815_03:00:00   2.7004e-01   6.8476e+01   2.9685e+01   3.0386e-02   2.0974e-02   2.9713e+02
20260815_06:00:00   2.9160e-01   7.2551e+01   2.9226e+01   5.8153e-02   2.5247e-01   2.9606e+02
20260815_09:00:00   2.3957e-01   6.1981e+01   2.9036e+01   0.0000e+00   5.2131e-03   2.9752e+02
20260815_12:00:00   2.3854e-01   6.1756e+01   2.8117e+01   2.4883e-03   3.1817e-03   3.0075e+02
20260815_15:00:00   2.3453e-01   6.0915e+01   2.7949e+01   2.3220e-05   6.5176e-04   3.0077e+02
20260815_18:00:00   2.3156e-01   6.0492e+01   2.8284e+01   1.4630e-04   5.0395e-04   3.0036e+02
20260815_21:00:00   1.1827e+00   1.8809e+02   3.2948e+01   1.0416e+00   1.3550e+00   3.0279e+02
20260816_00:00:00   2.3362e-01   6.0471e+01   2.6333e+01   2.7784e-02   5.3576e-01   3.0038e+02
20260816_03:00:00   2.0096e-01   5.3604e+01   2.4448e+01   3.7545e-03   1.6563e-03   3.0162e+02
20260816_06:00:00   1.9346e-01   5.1722e+01   2.4320e+01   2.5115e-05   2.8400e-02   2.9888e+02
20260816_09:00:00   2.2340e-01   5.8252e+01   2.4019e+01   3.3680e-02   6.6600e-04   3.0054e+02
20260816_12:00:00   2.0132e-01   5.3385e+01   2.4938e+01   0.0000e+00   8.0540e-07   3.0044e+02
20260816_15:00:00   2.0244e-01   5.3607e+01   2.5232e+01   0.0000e+00   3.9900e-03   3.0147e+02
20260816_18:00:00   2.1153e-01   5.5766e+01   2.6672e+01   4.1825e-04   1.1493e-02   3.0073e+02
20260816_21:00:00   2.7259e-01   6.8618e+01   2.8659e+01   4.3668e-02   1.1244e+00   3.0223e+02
20260817_00:00:00   2.3310e-01   6.0219e+01   2.3803e+01   5.0543e-02   1.0929e-01   3.0125e+02
20260817_03:00:00   2.1957e-01   5.7684e+01   2.6648e+01   5.4184e-04   2.7371e-02   3.0256e+02
20260817_06:00:00   2.2457e-01   5.8858e+01   2.5925e+01   1.3108e-05   9.2528e-03   2.9924e+02
20260817_09:00:00   2.0667e-01   5.4895e+01   2.4350e+01   0.0000e+00   3.0306e-03   3.0149e+02
20260817_12:00:00   2.0557e-01   5.4530e+01   2.4034e+01   0.0000e+00   9.2782e-03   3.0223e+02
20260817_15:00:00   2.0239e-01   5.3878e+01   2.3366e+01   0.0000e+00   3.2333e-02   3.0147e+02
20260817_18:00:00   1.9607e-01   5.2615e+01   2.3334e+01   0.0000e+00   6.7526e-03   3.0129e+02
20260817_21:00:00   2.1050e-01   5.5928e+01   2.5681e+01   8.9234e-04   3.2682e-02   2.9987e+02
20260818_00:00:00   1.8920e-01   5.0734e+01   2.1149e+01   2.1929e-02   2.5063e-02   2.9922e+02
20260818_03:00:00   2.3429e-01   6.0588e+01   2.8218e+01   9.9007e-05   2.2095e-01   2.9874e+02
20260818_06:00:00   2.0627e-01   5.4541e+01   2.5369e+01   0.0000e+00   1.4442e-01   2.9899e+02
20260818_09:00:00   2.1978e-01   5.7418e+01   2.6807e+01   0.0000e+00   1.0940e-02   3.0037e+02
20260818_12:00:00   2.1159e-01   5.5698e+01   2.4833e+01   0.0000e+00   4.9194e-04   3.0094e+02
