#            date       tau255        Tb[K]      pwv[mm] lwp[kg*m^-2] iwp[kg*m^-2]       o3[DU]
20260803_18:00:00   1.4681e-01   4.1304e+01   1.8125e+01   0.0000e+00   7.2080e-06   3.0040e+02
20260803_19:00:00   1.6649e-01   4.5859e+01   2.0680e+01   3.7582e-03   2.4108e-02   2.9992e+02
20260803_20:00:00   3.3126e-01   8.0055e+01   2.2445e+01   1.7578e-01   1.4978e-01   2.9908e+02
20260803_21:00:00   1.6757e-01   4.5946e+01   2.1445e+01   1.2396e-03   5.5350e-02   2.9888e+02
20260803_22:00:00   1.4948e-01   4.1696e+01   1.9427e+01   3.8959e-05   3.3604e-02   3.0029e+02
20260803_23:00:00   1.4152e-01   3.9735e+01   1.8329e+01   8.4260e-05   2.2098e-02   3.0133e+02
20260804_00:00:00   1.3780e-01   3.8814e+01   1.7842e+01   1.8022e-05   1.5415e-02   3.0145e+02
20260804_01:00:00   1.2902e-01   3.6727e+01   1.6431e+01   0.0000e+00   1.8922e-04   2.9955e+02
20260804_02:00:00   1.2491e-01   3.5742e+01   1.5686e+01   0.0000e+00   9.0300e-07   2.9785e+02
20260804_03:00:00   1.2195e-01   3.4915e+01   1.5251e+01   0.0000e+00   0.0000e+00   2.9666e+02
20260804_04:00:00   1.1740e-01   3.3770e+01   1.4526e+01   0.0000e+00   1.4412e-08   2.9563e+02
20260804_05:00:00   1.1503e-01   3.3175e+01   1.4090e+01   0.0000e+00   0.0000e+00   2.9550e+02
20260804_06:00:00   1.1727e-01   3.3694e+01   1.4416e+01   0.0000e+00   0.0000e+00   2.9704e+02
20260804_07:00:00   1.1981e-01   3.4248e+01   1.4835e+01   0.0000e+00   7.2080e-05   2.9886e+02
20260804_08:00:00   1.2174e-01   3.4693e+01   1.5123e+01   0.0000e+00   6.0681e-03   2.9969e+02
20260804_09:00:00   1.1887e-01   3.4040e+01   1.4532e+01   0.0000e+00   3.6040e-05   2.9795e+02
20260804_10:00:00   1.1740e-01   3.3718e+01   1.4097e+01   0.0000e+00   0.0000e+00   2.9720e+02
20260804_11:00:00   1.1637e-01   3.3479e+01   1.3823e+01   0.0000e+00   1.0210e-05   2.9813e+02
20260804_12:00:00   1.1604e-01   3.3369e+01   1.3738e+01   0.0000e+00   1.2416e-04   2.9916e+02
20260804_13:00:00   1.1637e-01   3.3411e+01   1.3714e+01   0.0000e+00   3.1500e-05   3.0108e+02
20260804_14:00:00   1.1528e-01   3.3137e+01   1.3516e+01   0.0000e+00   1.0318e-05   3.0211e+02
20260804_15:00:00   1.1696e-01   3.3570e+01   1.3818e+01   0.0000e+00   1.3302e-04   3.0374e+02
20260804_16:00:00   1.2092e-01   3.4579e+01   1.4473e+01   0.0000e+00   1.0442e-03   3.0176e+02
20260804_17:00:00   1.2522e-01   3.5666e+01   1.5167e+01   0.0000e+00   3.2260e-07   3.0088e+02
20260804_18:00:00   1.3115e-01   3.7101e+01   1.6188e+01   2.0038e-05   1.2774e-04   2.9997e+02
20260804_19:00:00   1.4300e-01   3.9875e+01   1.7757e+01   2.7298e-03   4.5409e-02   2.9941e+02
20260804_20:00:00   1.5573e-01   4.2866e+01   1.9317e+01   6.2680e-03   8.0259e-02   3.0050e+02
20260804_21:00:00   1.6510e-01   4.5090e+01   1.9672e+01   1.4054e-02   1.2658e-01   3.0223e+02
20260804_22:00:00   1.5856e-01   4.3583e+01   1.9640e+01   8.0943e-03   1.5133e-01   3.0270e+02
20260804_23:00:00   1.4987e-01   4.1514e+01   1.8346e+01   9.1185e-03   1.1752e-01   3.0193e+02
20260805_00:00:00   1.6207e-01   4.4137e+01   1.7919e+01   2.6900e-02   1.3394e-01   3.0179e+02
20260805_01:00:00   1.4777e-01   4.1438e+01   1.8939e+01   0.0000e+00   2.5770e-04   3.0303e+02
20260805_02:00:00   1.5393e-01   4.3018e+01   1.9363e+01   0.0000e+00   0.0000e+00   3.0340e+02
20260805_03:00:00   1.5247e-01   4.2585e+01   1.9283e+01   0.0000e+00   1.5968e-04   3.0399e+02
20260805_04:00:00   1.5479e-01   4.3078e+01   1.9572e+01   2.7040e-05   1.8325e-03   3.0237e+02
20260805_05:00:00   1.6870e-01   4.6397e+01   2.0996e+01   0.0000e+00   3.3197e-03   3.0009e+02
20260805_06:00:00   1.6709e-01   4.5974e+01   2.0799e+01   0.0000e+00   8.5062e-04   3.0266e+02
20260805_07:00:00   1.7351e-01   4.7432e+01   2.1468e+01   0.0000e+00   1.5294e-03   3.0284e+02
20260805_08:00:00   1.7248e-01   4.7183e+01   2.1054e+01   0.0000e+00   8.2038e-05   3.0285e+02
20260805_09:00:00   1.6111e-01   4.4535e+01   1.9356e+01   0.0000e+00   0.0000e+00   3.0059e+02
20260805_10:00:00   1.5917e-01   4.4092e+01   1.8887e+01   0.0000e+00   0.0000e+00   3.0076e+02
20260805_11:00:00   1.5466e-01   4.2998e+01   1.8276e+01   0.0000e+00   0.0000e+00   2.9942e+02
20260805_12:00:00   1.4873e-01   4.1577e+01   1.7436e+01   0.0000e+00   0.0000e+00   2.9671e+02
20260805_13:00:00   1.4449e-01   4.0542e+01   1.6846e+01   0.0000e+00   0.0000e+00   2.9613e+02
20260805_14:00:00   1.4039e-01   3.9549e+01   1.6399e+01   0.0000e+00   0.0000e+00   2.9529e+02
20260805_15:00:00   1.4061e-01   3.9624e+01   1.6515e+01   0.0000e+00   1.7758e-04   2.9729e+02
20260805_16:00:00   1.4079e-01   3.9728e+01   1.6654e+01   0.0000e+00   1.4266e-04   2.9917e+02
20260805_17:00:00   1.4674e-01   4.1204e+01   1.7708e+01   0.0000e+00   0.0000e+00   2.9822e+02
20260805_18:00:00   1.5488e-01   4.3153e+01   1.9136e+01   0.0000e+00   8.0540e-07   3.0119e+02
20260805_19:00:00   1.6112e-01   4.4554e+01   2.0205e+01   2.9480e-04   1.8215e-04   3.0097e+02
20260805_20:00:00   1.7970e-01   4.8556e+01   1.9970e+01   2.5848e-02   2.9877e-02   3.0060e+02
20260805_21:00:00   1.7918e-01   4.8137e+01   1.9386e+01   3.2889e-02   1.3971e-01   3.0093e+02
20260805_22:00:00   1.4971e-01   4.1348e+01   1.9021e+01   4.6824e-03   2.7986e-01   3.0047e+02
20260805_23:00:00   1.3527e-01   3.8053e+01   1.7433e+01   3.0716e-04   1.0783e-01   3.0039e+02
20260806_00:00:00   1.2247e-01   3.5048e+01   1.5510e+01   0.0000e+00   9.6760e-07   2.9971e+02
20260806_01:00:00   1.1277e-01   3.2635e+01   1.3929e+01   0.0000e+00   0.0000e+00   2.9883e+02
20260806_02:00:00   1.0321e-01   3.0161e+01   1.2356e+01   0.0000e+00   0.0000e+00   3.0219e+02
20260806_03:00:00   1.0393e-01   3.0236e+01   1.2526e+01   0.0000e+00   7.0360e-06   3.0171e+02
20260806_04:00:00   1.0549e-01   3.0544e+01   1.2775e+01   0.0000e+00   1.7842e-03   3.0349e+02
20260806_05:00:00   1.0509e-01   3.0427e+01   1.2632e+01   0.0000e+00   8.6900e-03   3.0425e+02
20260806_06:00:00   1.1046e-01   3.1809e+01   1.3313e+01   0.0000e+00   3.3905e-02   3.0216e+02
20260806_07:00:00   1.2576e-01   3.5772e+01   1.5267e+01   0.0000e+00   9.4340e-04   3.0300e+02
20260806_08:00:00   1.2107e-01   3.4705e+01   1.4280e+01   0.0000e+00   2.7040e-05   3.0290e+02
20260806_09:00:00   1.2140e-01   3.4807e+01   1.4173e+01   0.0000e+00   3.7940e-05   3.0393e+02
20260806_10:00:00   1.2604e-01   3.6022e+01   1.4562e+01   0.0000e+00   2.8860e-04   3.0223e+02
20260806_11:00:00   1.3290e-01   3.7730e+01   1.5391e+01   0.0000e+00   2.3060e-03   3.0156e+02
20260806_12:00:00   1.3521e-01   3.8269e+01   1.5678e+01   0.0000e+00   2.9000e-03   3.0154e+02
20260806_13:00:00   1.3535e-01   3.8284e+01   1.5645e+01   0.0000e+00   2.1620e-03   3.0140e+02
20260806_14:00:00   1.3298e-01   3.7719e+01   1.5279e+01   0.0000e+00   0.0000e+00   3.0276e+02
20260806_15:00:00   1.3198e-01   3.7481e+01   1.5211e+01   0.0000e+00   0.0000e+00   3.0150e+02
20260806_16:00:00   1.2593e-01   3.5982e+01   1.4583e+01   0.0000e+00   0.0000e+00   3.0043e+02
20260806_17:00:00   1.1977e-01   3.4468e+01   1.3965e+01   0.0000e+00   0.0000e+00   2.9903e+02
20260806_18:00:00   1.1901e-01   3.4292e+01   1.4133e+01   0.0000e+00   0.0000e+00   2.9833e+02
20260806_19:00:00   1.1996e-01   3.4443e+01   1.4660e+01   0.0000e+00   0.0000e+00   2.9588e+02
20260806_20:00:00   1.2316e-01   3.5160e+01   1.5334e+01   0.0000e+00   4.4342e-04   2.9576e+02
20260806_21:00:00   1.3607e-01   3.8247e+01   1.7210e+01   1.9004e-03   1.2464e-02   2.9623e+02
20260806_22:00:00   2.1927e-01   5.6257e+01   1.8726e+01   8.4521e-02   5.8970e-01   2.9616e+02
20260806_23:00:00   1.2815e-01   3.6201e+01   1.6341e+01   1.1423e-03   3.2331e-01   2.9704e+02
20260807_00:00:00   1.2050e-01   3.4447e+01   1.5086e+01   0.0000e+00   2.9455e-02   2.9862e+02
20260807_01:00:00   1.2088e-01   3.4633e+01   1.4998e+01   0.0000e+00   1.5015e-04   2.9786e+02
20260807_02:00:00   1.1954e-01   3.4372e+01   1.4571e+01   0.0000e+00   1.4412e-08   2.9747e+02
20260807_03:00:00   1.3562e-01   3.8390e+01   1.6530e+01   0.0000e+00   3.0200e-06   2.9669e+02
20260807_04:00:00   1.5698e-01   4.3535e+01   1.9145e+01   7.2080e-06   1.9405e-04   2.9674e+02
20260807_05:00:00   1.6651e-01   4.5794e+01   2.0209e+01   0.0000e+00   1.2544e-03   2.9694e+02
20260807_06:00:00   1.6312e-01   4.5027e+01   1.9698e+01   0.0000e+00   0.0000e+00   2.9717e+02
20260807_07:00:00   1.4460e-01   4.0619e+01   1.7029e+01   0.0000e+00   0.0000e+00   2.9517e+02
20260807_08:00:00   1.4175e-01   3.9895e+01   1.6558e+01   0.0000e+00   0.0000e+00   2.9649e+02
20260807_09:00:00   1.4152e-01   3.9830e+01   1.6584e+01   0.0000e+00   0.0000e+00   2.9750e+02
20260807_10:00:00   1.4092e-01   3.9681e+01   1.6562e+01   0.0000e+00   0.0000e+00   2.9577e+02
20260807_11:00:00   1.3873e-01   3.9133e+01   1.6245e+01   0.0000e+00   0.0000e+00   2.9653e+02
20260807_12:00:00   1.3908e-01   3.9216e+01   1.6130e+01   0.0000e+00   0.0000e+00   2.9815e+02
20260807_13:00:00   1.3937e-01   3.9268e+01   1.6199e+01   0.0000e+00   0.0000e+00   2.9562e+02
20260807_14:00:00   1.4440e-01   4.0475e+01   1.6916e+01   0.0000e+00   0.0000e+00   2.9642e+02
20260807_15:00:00   1.4891e-01   4.1566e+01   1.7578e+01   0.0000e+00   0.0000e+00   2.9895e+02
20260807_16:00:00   1.4826e-01   4.1453e+01   1.7560e+01   0.0000e+00   0.0000e+00   2.9949e+02
20260807_17:00:00   1.4113e-01   3.9791e+01   1.6776e+01   0.0000e+00   0.0000e+00   3.0028e+02
20260807_18:00:00   1.3753e-01   3.8975e+01   1.6513e+01   0.0000e+00   0.0000e+00   3.0202e+02
20260807_19:00:00   1.3789e-01   3.9097e+01   1.6759e+01   4.0901e-04   1.1245e-03   3.0048e+02
20260807_20:00:00   1.3289e-01   3.7861e+01   1.5530e+01   4.0827e-03   2.0295e-02   3.0184e+02
20260807_21:00:00   2.2892e-01   5.8865e+01   2.0969e+01   7.4128e-02   1.0821e-01   2.9999e+02
20260807_22:00:00   1.9580e-01   5.1904e+01   2.2738e+01   2.1733e-02   5.9262e-01   3.0081e+02
20260807_23:00:00   1.6602e-01   4.5149e+01   2.0904e+01   1.7372e-03   4.9092e-01   3.0082e+02
20260808_00:00:00   1.5884e-01   4.3528e+01   2.0183e+01   6.4500e-08   3.7797e-01   3.0096e+02
20260808_01:00:00   1.4544e-01   4.0453e+01   1.8462e+01   0.0000e+00   1.4835e-01   2.9992e+02
20260808_02:00:00   1.4437e-01   4.0234e+01   1.8309e+01   0.0000e+00   7.9879e-02   3.0044e+02
20260808_03:00:00   1.5903e-01   4.3694e+01   2.0044e+01   0.0000e+00   4.7878e-03   2.9826e+02
20260808_04:00:00   1.5420e-01   4.2575e+01   1.9391e+01   0.0000e+00   3.6298e-03   2.9796e+02
20260808_05:00:00   1.4114e-01   3.9549e+01   1.7496e+01   0.0000e+00   9.7240e-04   2.9800e+02
20260808_06:00:00   1.3901e-01   3.9052e+01   1.7183e+01   0.0000e+00   2.0171e-03   2.9838e+02
20260808_07:00:00   1.4655e-01   4.0914e+01   1.7872e+01   0.0000e+00   2.1920e-04   2.9874e+02
20260808_08:00:00   1.5305e-01   4.2464e+01   1.8314e+01   0.0000e+00   2.2040e-04   2.9888e+02
20260808_09:00:00   1.5469e-01   4.2907e+01   1.8386e+01   0.0000e+00   3.2260e-07   3.0063e+02
20260808_10:00:00   1.5951e-01   4.3987e+01   1.9088e+01   0.0000e+00   2.8820e-08   3.0042e+02
20260808_11:00:00   1.5475e-01   4.2805e+01   1.8688e+01   0.0000e+00   1.4085e-03   2.9918e+02
20260808_12:00:00   1.4957e-01   4.1599e+01   1.7660e+01   0.0000e+00   4.2480e-05   2.9949e+02
20260808_13:00:00   1.4646e-01   4.0862e+01   1.7198e+01   0.0000e+00   0.0000e+00   2.9743e+02
20260808_14:00:00   1.4906e-01   4.1463e+01   1.7644e+01   0.0000e+00   0.0000e+00   2.9718e+02
20260808_15:00:00   1.5086e-01   4.1895e+01   1.8043e+01   0.0000e+00   0.0000e+00   2.9885e+02
20260808_16:00:00   1.5183e-01   4.2166e+01   1.8266e+01   0.0000e+00   0.0000e+00   2.9904e+02
20260808_17:00:00   1.4684e-01   4.1084e+01   1.7645e+01   0.0000e+00   0.0000e+00   2.9996e+02
20260808_18:00:00   1.4196e-01   3.9980e+01   1.7124e+01   0.0000e+00   0.0000e+00   2.9932e+02
20260808_21:00:00   1.3524e-01   3.8448e+01   1.6719e+01   0.0000e+00   0.0000e+00   3.0131e+02
20260809_00:00:00   2.2340e-01   5.8190e+01   2.4719e+01   3.0294e-02   4.8336e-01   3.0002e+02
20260809_03:00:00   1.5702e-01   4.3433e+01   1.9845e+01   0.0000e+00   1.5784e-01   3.0210e+02
20260809_06:00:00   1.5714e-01   4.3368e+01   2.0055e+01   0.0000e+00   8.8711e-04   2.9951e+02
20260809_09:00:00   1.5491e-01   4.2866e+01   1.9186e+01   0.0000e+00   0.0000e+00   3.0042e+02
20260809_12:00:00   1.5868e-01   4.3733e+01   1.9553e+01   0.0000e+00   0.0000e+00   3.0254e+02
20260809_15:00:00   1.5483e-01   4.2852e+01   1.8995e+01   0.0000e+00   0.0000e+00   3.0124e+02
20260809_18:00:00   1.4713e-01   4.1172e+01   1.8356e+01   0.0000e+00   0.0000e+00   3.0208e+02
20260809_21:00:00   1.4804e-01   4.1454e+01   1.8777e+01   4.7340e-04   9.5386e-03   3.0514e+02
20260810_00:00:00   3.3937e-01   8.1078e+01   2.5071e+01   1.6847e-01   2.4177e-01   3.0141e+02
20260810_03:00:00   1.8691e-01   5.0056e+01   2.3844e+01   0.0000e+00   3.3012e-01   3.0065e+02
20260810_06:00:00   1.9051e-01   5.1132e+01   2.4047e+01   0.0000e+00   6.0166e-02   3.0023e+02
20260810_09:00:00   1.9495e-01   5.2100e+01   2.4040e+01   0.0000e+00   1.3807e-03   3.0371e+02
20260810_12:00:00   1.7561e-01   4.7721e+01   2.1573e+01   0.0000e+00   5.5874e-05   3.0068e+02
20260810_15:00:00   1.7476e-01   4.7562e+01   2.1536e+01   0.0000e+00   2.7080e-03   2.9931e+02
20260810_18:00:00   1.8292e-01   4.9616e+01   2.2946e+01   0.0000e+00   4.3150e-06   3.0024e+02
20260810_21:00:00   2.1357e-01   5.6670e+01   2.6578e+01   4.4237e-03   1.0737e-02   2.9877e+02
20260811_00:00:00   2.1631e-01   5.6641e+01   2.4204e+01   3.0677e-02   7.1528e-01   2.9596e+02
20260811_03:00:00   1.8934e-01   5.0735e+01   2.4324e+01   0.0000e+00   1.3235e-01   2.9648e+02
20260811_06:00:00   2.1800e-01   5.7256e+01   2.7217e+01   1.4418e-04   2.2059e-02   2.9790e+02
20260811_09:00:00   2.3175e-01   6.0260e+01   2.8315e+01   0.0000e+00   1.9121e-02   2.9835e+02
20260811_12:00:00   2.2477e-01   5.8782e+01   2.7213e+01   0.0000e+00   5.3502e-03   2.9994e+02
20260811_15:00:00   2.1785e-01   5.7249e+01   2.6514e+01   0.0000e+00   7.9889e-05   3.0061e+02
20260811_18:00:00   2.2096e-01   5.8085e+01   2.7302e+01   5.0340e-06   4.6900e-03   2.9941e+02
20260811_21:00:00   2.4754e-01   6.3873e+01   2.6382e+01   4.5445e-02   1.7059e-02   3.0280e+02
20260812_00:00:00   2.4960e-01   6.4285e+01   2.9190e+01   9.0112e-03   4.0074e-01   3.0076e+02
20260812_03:00:00   2.5450e-01   6.5028e+01   2.9159e+01   1.4007e-02   3.9071e-01   3.0192e+02
20260812_06:00:00   2.2581e-01   5.8976e+01   2.7483e+01   0.0000e+00   9.1451e-02   3.0220e+02
20260812_09:00:00   2.2348e-01   5.8430e+01   2.7289e+01   4.1439e-05   5.6617e-03   3.0287e+02
20260812_12:00:00   2.2953e-01   5.9765e+01   2.7703e+01   0.0000e+00   5.0542e-03   3.0328e+02
20260812_15:00:00   2.2281e-01   5.8327e+01   2.6822e+01   0.0000e+00   2.0673e-02   3.0306e+02
20260812_18:00:00   2.1895e-01   5.7705e+01   2.6812e+01   2.0140e-05   7.2797e-04   3.0156e+02
20260812_21:00:00   2.3401e-01   6.1220e+01   2.7127e+01   1.8048e-02   5.2085e-04   2.9911e+02
20260813_00:00:00   2.0124e-01   5.3959e+01   2.5465e+01   2.1940e-05   5.3013e-03   2.9971e+02
20260813_03:00:00   4.2933e-01   9.9206e+01   2.8767e+01   2.2118e-01   2.6076e-02   3.0092e+02
20260813_06:00:00   2.5037e-01   6.4633e+01   3.0422e+01   5.6966e-04   2.1632e-03   3.0160e+02
20260813_09:00:00   2.3680e-01   6.1591e+01   2.9030e+01   5.4040e-08   2.1013e-05   3.0119e+02
20260813_12:00:00   2.3756e-01   6.1694e+01   2.8562e+01   0.0000e+00   2.0257e-03   3.0040e+02
20260813_15:00:00   2.2754e-01   5.9657e+01   2.7372e+01   0.0000e+00   4.3477e-03   3.0101e+02
20260813_18:00:00   2.3291e-01   6.1119e+01   2.8345e+01   1.0872e-04   2.0496e-02   3.0169e+02
20260813_21:00:00   4.1849e-01   9.7722e+01   3.0457e+01   2.0149e-01   3.7012e-02   3.0372e+02
20260814_00:00:00   1.7986e-01   4.8925e+01   2.2957e+01   4.6978e-03   5.0724e-02   3.0183e+02
20260814_03:00:00   6.1901e-01   1.2852e+02   3.3881e+01   3.8772e-01   8.7921e-01   2.9998e+02
20260814_06:00:00   2.4604e-01   6.3507e+01   3.0462e+01   0.0000e+00   4.1223e-01   3.0088e+02
20260814_09:00:00   2.6179e-01   6.7038e+01   3.1645e+01   0.0000e+00   2.4519e-02   3.0105e+02
20260814_12:00:00   2.4865e-01   6.4107e+01   3.0313e+01   0.0000e+00   6.6855e-03   3.0090e+02
20260814_15:00:00   2.3997e-01   6.2218e+01   2.9422e+01   0.0000e+00   3.5418e-02   3.0217e+02
20260814_18:00:00   2.3583e-01   6.1555e+01   2.9281e+01   0.0000e+00   5.4823e-03   3.0254e+02
20260814_21:00:00   2.7063e-01   6.9195e+01   3.1169e+01   2.4514e-02   1.1064e-01   3.0117e+02
20260815_00:00:00   2.0813e-01   5.5223e+01   2.6667e+01   7.2480e-05   2.7703e-01   3.0151e+02
20260815_03:00:00   2.4031e-01   6.2366e+01   3.0352e+01   1.8022e-05   2.2693e-01   3.0198e+02
20260815_06:00:00   2.5681e-01   6.5877e+01   3.1591e+01   6.3880e-04   2.4021e-02   3.0107e+02
20260815_09:00:00   2.7106e-01   6.8723e+01   3.2262e+01   1.0141e-02   1.8443e-02   2.9952e+02
20260815_12:00:00   2.4710e-01   6.3658e+01   3.0447e+01   3.8060e-05   3.5071e-02   2.9857e+02
20260815_15:00:00   2.3889e-01   6.1951e+01   2.9536e+01   0.0000e+00   5.0103e-03   2.9888e+02
20260815_18:00:00   2.3024e-01   6.0230e+01   2.8908e+01   1.2080e-05   7.2857e-03   2.9756e+02
20260815_21:00:00   2.1665e-01   5.7202e+01   2.7980e+01   0.0000e+00   7.8242e-02   2.9731e+02
20260816_00:00:00   2.0352e-01   5.4593e+01   2.5693e+01   0.0000e+00   1.5588e-02   2.9650e+02
20260816_03:00:00   2.5705e-01   6.5913e+01   2.7516e+01   4.3767e-02   2.2804e-03   2.9729e+02
20260816_06:00:00   2.5369e-01   6.5361e+01   2.7959e+01   3.0213e-02   2.8003e-03   2.9598e+02
20260816_09:00:00   2.1776e-01   5.7488e+01   2.6988e+01   1.9090e-03   4.7652e-03   2.9486e+02
20260816_12:00:00   2.1869e-01   5.7584e+01   2.7070e+01   0.0000e+00   1.0284e-03   2.9483e+02
20260816_15:00:00   2.0946e-01   5.5616e+01   2.5841e+01   0.0000e+00   2.3242e-04   2.9434e+02
20260816_18:00:00   2.3520e-01   6.1461e+01   2.6109e+01   2.7923e-02   6.7266e-05   2.9446e+02
20260816_21:00:00   5.4631e-01   1.1849e+02   2.7523e+01   3.7160e-01   2.9574e-02   2.9554e+02
20260817_00:00:00   5.8662e-01   1.2458e+02   2.8207e+01   4.0818e-01   4.4706e-02   2.9489e+02
20260817_03:00:00   2.1932e-01   5.7975e+01   2.7360e+01   1.6937e-04   6.1143e-02   2.9339e+02
20260817_06:00:00   2.5293e-01   6.5138e+01   2.8817e+01   2.4890e-02   4.5579e-03   2.9465e+02
20260817_09:00:00   2.5957e-01   6.6401e+01   2.9205e+01   2.5113e-02   5.0971e-03   2.9407e+02
20260817_12:00:00   2.4929e-01   6.4175e+01   2.7895e+01   2.7332e-02   6.6169e-03   2.9657e+02
20260817_15:00:00   2.1865e-01   5.7708e+01   2.6696e+01   8.2481e-05   5.7654e-06   2.9790e+02
20260817_18:00:00   2.3239e-01   6.0924e+01   2.7485e+01   9.7537e-03   4.0903e-05   2.9528e+02
20260817_21:00:00   1.4436e+00   2.0925e+02   3.1319e+01   1.3504e+00   4.8260e-01   2.9497e+02
20260818_00:00:00   2.1147e-01   5.5897e+01   2.5338e+01   7.2328e-03   1.3204e-02   2.9390e+02
20260818_03:00:00   1.9067e-01   5.1483e+01   2.2926e+01   0.0000e+00   1.5654e-02   2.9371e+02
20260818_06:00:00   2.0632e-01   5.5003e+01   2.3417e+01   0.0000e+00   0.0000e+00   2.9655e+02
20260818_09:00:00   2.0294e-01   5.4156e+01   2.2656e+01   0.0000e+00   0.0000e+00   2.9588e+02
20260818_12:00:00   1.9378e-01   5.2025e+01   2.1596e+01   0.0000e+00   0.0000e+00   2.9291e+02
20260818_15:00:00   1.9331e-01   5.1911e+01   2.1578e+01   0.0000e+00   0.0000e+00   2.9418e+02
20260818_18:00:00   1.8392e-01   4.9927e+01   2.0929e+01   8.7023e-06   0.0000e+00   2.9303e+02
20260818_21:00:00   1.6516e-01   4.5410e+01   1.9648e+01   6.8709e-04   4.2599e-04   2.9400e+02
20260819_00:00:00   1.7715e-01   4.8159e+01   1.9620e+01   1.6019e-02   5.3929e-03   2.9590e+02
20260819_03:00:00   1.9948e-01   5.2758e+01   2.4166e+01   9.4362e-04   5.2891e-01   2.9536e+02
20260819_06:00:00   1.9267e-01   5.1496e+01   2.2750e+01   1.7559e-03   3.7858e-02   2.9332e+02
20260819_09:00:00   1.9755e-01   5.2544e+01   2.3196e+01   1.4544e-03   8.3896e-03   2.9178e+02
20260819_12:00:00   1.9424e-01   5.1752e+01   2.3028e+01   0.0000e+00   2.1341e-02   2.9314e+02
20260819_15:00:00   1.9456e-01   5.1866e+01   2.3119e+01   0.0000e+00   2.6335e-03   2.9453e+02
20260819_18:00:00   1.8792e-01   5.0487e+01   2.2693e+01   2.0337e-04   9.7911e-04   2.9272e+02
