#            date       tau255        Tb[K]      pwv[mm] lwp[kg*m^-2] iwp[kg*m^-2]       o3[DU]
20260815_18:00:00   1.8094e-01   4.8841e+01   2.1852e+01   1.8022e-05   0.0000e+00   3.0171e+02
20260815_19:00:00   1.8252e-01   4.9215e+01   2.2299e+01   3.6679e-04   2.9763e-05   3.0079e+02
20260815_20:00:00   2.0081e-01   5.3323e+01   2.2180e+01   2.3815e-02   9.5842e-04   3.0000e+02
20260815_21:00:00   2.4924e-01   6.3641e+01   2.2120e+01   7.9633e-02   1.8060e-02   3.0006e+02
20260815_22:00:00   2.0664e-01   5.4568e+01   2.1024e+01   4.1209e-02   8.1817e-03   3.0002e+02
20260815_23:00:00   2.0065e-01   5.3278e+01   2.1638e+01   3.0257e-02   1.3207e-03   2.9895e+02
20260816_00:00:00   3.3905e-01   8.1279e+01   2.1969e+01   1.8463e-01   1.6386e-02   2.9652e+02
20260816_01:00:00   3.8097e-01   8.8885e+01   2.1215e+01   2.3782e-01   8.6857e-02   2.9443e+02
20260816_02:00:00   1.7242e-01   4.6726e+01   1.9336e+01   1.7790e-02   3.5600e-04   2.9381e+02
20260816_03:00:00   1.4979e-01   4.1492e+01   1.8181e+01   0.0000e+00   0.0000e+00   2.9452e+02
20260816_04:00:00   1.5079e-01   4.1698e+01   1.8238e+01   0.0000e+00   4.8380e-07   2.9504e+02
20260816_05:00:00   1.5023e-01   4.1534e+01   1.8004e+01   3.2260e-07   1.3866e-03   2.9530e+02
20260816_06:00:00   1.5374e-01   4.2314e+01   1.8495e+01   0.0000e+00   1.5276e-03   2.9478e+02
20260816_07:00:00   1.9809e-01   5.2249e+01   1.9321e+01   4.4149e-02   2.4734e-03   2.9202e+02
20260816_08:00:00   1.7873e-01   4.7940e+01   1.8673e+01   2.7658e-02   3.4722e-03   2.9152e+02
20260816_09:00:00   1.5089e-01   4.1597e+01   1.7883e+01   7.5920e-04   2.2713e-03   2.9061e+02
20260816_10:00:00   1.4622e-01   4.0494e+01   1.7273e+01   0.0000e+00   1.4528e-03   2.8950e+02
20260816_11:00:00   1.4599e-01   4.0416e+01   1.7234e+01   0.0000e+00   2.4140e-04   2.8862e+02
20260816_12:00:00   1.4685e-01   4.0575e+01   1.7422e+01   0.0000e+00   2.3280e-04   2.9194e+02
20260816_13:00:00   1.4844e-01   4.0902e+01   1.7792e+01   0.0000e+00   7.3174e-04   2.9499e+02
20260816_14:00:00   1.5077e-01   4.1391e+01   1.8103e+01   0.0000e+00   1.2036e-04   2.9606e+02
20260816_15:00:00   1.5126e-01   4.1461e+01   1.8252e+01   0.0000e+00   5.8420e-05   2.9546e+02
20260816_16:00:00   1.5301e-01   4.1878e+01   1.8645e+01   0.0000e+00   6.9305e-05   2.9288e+02
20260816_17:00:00   1.5428e-01   4.2219e+01   1.8963e+01   0.0000e+00   2.0720e-04   2.9184e+02
20260816_18:00:00   1.5541e-01   4.2536e+01   1.9235e+01   1.2684e-04   1.8612e-03   2.8934e+02
20260816_19:00:00   1.5901e-01   4.3455e+01   1.9664e+01   1.7618e-03   4.0383e-03   2.9050e+02
20260816_20:00:00   1.8025e-01   4.8334e+01   2.0630e+01   1.8606e-02   1.0203e-02   2.9228e+02
20260816_21:00:00   2.5361e-01   6.4278e+01   2.1585e+01   9.3388e-02   1.3132e-02   2.9328e+02
20260816_22:00:00   3.8178e-01   8.9316e+01   2.5829e+01   1.9387e-01   1.9390e-01   2.9355e+02
20260816_23:00:00   2.2846e-01   5.9411e+01   2.5658e+01   2.1656e-02   2.2639e-01   2.9318e+02
20260817_00:00:00   2.2370e-01   5.8280e+01   2.5443e+01   1.9442e-02   8.2053e-02   2.9294e+02
20260817_01:00:00   2.1131e-01   5.5543e+01   2.5155e+01   6.5837e-03   3.8633e-02   2.9309e+02
20260817_02:00:00   2.0676e-01   5.4549e+01   2.4439e+01   8.4720e-03   1.6030e-02   2.9362e+02
20260817_03:00:00   2.0101e-01   5.3366e+01   2.4260e+01   1.1302e-03   7.4471e-03   2.9249e+02
20260817_04:00:00   2.2000e-01   5.7637e+01   2.5775e+01   0.0000e+00   6.7928e-04   2.9354e+02
20260817_05:00:00   2.0650e-01   5.4533e+01   2.4330e+01   3.0200e-06   5.7766e-02   2.9392e+02
20260817_06:00:00   1.9758e-01   5.2470e+01   2.3581e+01   0.0000e+00   5.9934e-03   2.9243e+02
20260817_07:00:00   2.0032e-01   5.3047e+01   2.3957e+01   0.0000e+00   5.0242e-04   2.8976e+02
20260817_08:00:00   2.0847e-01   5.4851e+01   2.5036e+01   0.0000e+00   4.9859e-03   2.9084e+02
20260817_09:00:00   2.1677e-01   5.6678e+01   2.6083e+01   0.0000e+00   1.2203e-02   2.9248e+02
20260817_10:00:00   2.2065e-01   5.7504e+01   2.6421e+01   0.0000e+00   1.0786e-01   2.9460e+02
20260817_11:00:00   2.2558e-01   5.8532e+01   2.6936e+01   0.0000e+00   3.5110e-01   2.9346e+02
20260817_12:00:00   2.2382e-01   5.8154e+01   2.6881e+01   0.0000e+00   1.1905e-01   2.9286e+02
20260817_13:00:00   2.2314e-01   5.7980e+01   2.6787e+01   0.0000e+00   1.6580e-01   2.9248e+02
20260817_14:00:00   2.2212e-01   5.7747e+01   2.6705e+01   0.0000e+00   1.4967e-01   2.9271e+02
20260817_15:00:00   2.2008e-01   5.7312e+01   2.6548e+01   0.0000e+00   3.3120e-02   2.9104e+02
20260817_16:00:00   2.1750e-01   5.6790e+01   2.6394e+01   1.6106e-05   8.8599e-03   2.9040e+02
20260817_17:00:00   2.1526e-01   5.6382e+01   2.6203e+01   0.0000e+00   4.1613e-03   2.9239e+02
20260817_18:00:00   2.1297e-01   5.5973e+01   2.5798e+01   1.5773e-03   1.3566e-03   2.9426e+02
20260817_19:00:00   2.9866e-01   7.3854e+01   2.5232e+01   1.0473e-01   1.2655e-02   2.9597e+02
20260817_20:00:00   4.2049e-01   9.6291e+01   2.5862e+01   2.3623e-01   1.8817e-01   2.9770e+02
20260817_21:00:00   3.5144e-01   8.4090e+01   2.6137e+01   1.5408e-01   2.1800e-01   2.9554e+02
20260817_22:00:00   2.2122e-01   5.7950e+01   2.4446e+01   2.2786e-02   4.2026e-03   2.9464e+02
20260817_23:00:00   3.5935e-01   8.5908e+01   2.6334e+01   1.5834e-01   5.2502e-02   2.9502e+02
20260818_00:00:00   4.6624e-01   1.0479e+02   2.7913e+01   2.6932e-01   6.3254e-02   2.9579e+02
20260818_01:00:00   2.2448e-01   5.8550e+01   2.6444e+01   1.1720e-02   2.5077e-02   2.9481e+02
20260818_02:00:00   2.1649e-01   5.6937e+01   2.5882e+01   4.8360e-03   1.0031e-03   2.9369e+02
20260818_03:00:00   2.1938e-01   5.7668e+01   2.5898e+01   0.0000e+00   1.6321e-04   2.9523e+02
20260818_04:00:00   2.1896e-01   5.7568e+01   2.5715e+01   0.0000e+00   3.9622e-04   2.9467e+02
20260818_05:00:00   2.1118e-01   5.5857e+01   2.4894e+01   0.0000e+00   0.0000e+00   2.9214e+02
20260818_06:00:00   2.0347e-01   5.4148e+01   2.4068e+01   0.0000e+00   0.0000e+00   2.9055e+02
20260818_07:00:00   1.9938e-01   5.3236e+01   2.3587e+01   0.0000e+00   0.0000e+00   2.9047e+02
20260818_08:00:00   1.9922e-01   5.3190e+01   2.3462e+01   0.0000e+00   0.0000e+00   2.9107e+02
20260818_09:00:00   2.0286e-01   5.3996e+01   2.3639e+01   0.0000e+00   0.0000e+00   2.9074e+02
20260818_10:00:00   2.0059e-01   5.3489e+01   2.3201e+01   0.0000e+00   0.0000e+00   2.8941e+02
20260818_11:00:00   1.9315e-01   5.1779e+01   2.2347e+01   0.0000e+00   0.0000e+00   2.9069e+02
20260818_12:00:00   1.9159e-01   5.1388e+01   2.2129e+01   0.0000e+00   0.0000e+00   2.9076e+02
20260818_13:00:00   1.9067e-01   5.1175e+01   2.1974e+01   0.0000e+00   0.0000e+00   2.8968e+02
20260818_14:00:00   1.8842e-01   5.0706e+01   2.1668e+01   0.0000e+00   0.0000e+00   2.9061e+02
20260818_15:00:00   1.8865e-01   5.0789e+01   2.1749e+01   0.0000e+00   0.0000e+00   2.9012e+02
20260818_16:00:00   1.8435e-01   4.9886e+01   2.1304e+01   0.0000e+00   0.0000e+00   2.8946e+02
20260818_17:00:00   1.8207e-01   4.9439e+01   2.1198e+01   0.0000e+00   0.0000e+00   2.8994e+02
20260818_18:00:00   1.8047e-01   4.9129e+01   2.1187e+01   0.0000e+00   0.0000e+00   2.8902e+02
20260818_19:00:00   1.7950e-01   4.8955e+01   2.1226e+01   4.8900e-04   8.8200e-06   2.8814e+02
20260818_20:00:00   1.8104e-01   4.9308e+01   2.1206e+01   4.2566e-03   1.6934e-04   2.8872e+02
20260818_21:00:00   2.8160e-01   7.0867e+01   2.2260e+01   1.1158e-01   5.3143e-03   2.8879e+02
20260818_22:00:00   2.6018e-01   6.6472e+01   2.4087e+01   7.1673e-02   3.9643e-03   2.8966e+02
20260818_23:00:00   1.8358e-01   4.9914e+01   2.2273e+01   1.7629e-03   2.2931e-03   2.8867e+02
20260819_00:00:00   1.6475e-01   4.5573e+01   2.0059e+01   1.3512e-04   2.4260e-04   2.8789e+02
20260819_01:00:00   1.6448e-01   4.5466e+01   2.0102e+01   1.0358e-04   2.4640e-05   2.8899e+02
20260819_02:00:00   1.7211e-01   4.7109e+01   2.0697e+01   4.7560e-03   1.7228e-03   2.9006e+02
20260819_03:00:00   1.6322e-01   4.5094e+01   1.9970e+01   0.0000e+00   0.0000e+00   2.9116e+02
20260819_04:00:00   1.6487e-01   4.5415e+01   2.0196e+01   5.9040e-05   1.5436e-05   2.9040e+02
20260819_05:00:00   1.6444e-01   4.5295e+01   2.0030e+01   8.5500e-05   1.7130e-04   2.9015e+02
20260819_06:00:00   1.6251e-01   4.4870e+01   1.9619e+01   0.0000e+00   9.2120e-05   2.9087e+02
20260819_07:00:00   1.5901e-01   4.4022e+01   1.9197e+01   0.0000e+00   1.7064e-03   2.9100e+02
20260819_08:00:00   1.5901e-01   4.3951e+01   1.9263e+01   0.0000e+00   3.4445e-03   2.8894e+02
20260819_09:00:00   1.5308e-01   4.2508e+01   1.8549e+01   0.0000e+00   4.3365e-03   2.8937e+02
20260819_10:00:00   1.4411e-01   4.0320e+01   1.7356e+01   0.0000e+00   5.1102e-03   2.9076e+02
20260819_11:00:00   1.4074e-01   3.9458e+01   1.6906e+01   0.0000e+00   9.5083e-04   2.9130e+02
20260819_12:00:00   1.4456e-01   4.0375e+01   1.7344e+01   0.0000e+00   1.3426e-04   2.9049e+02
20260819_13:00:00   1.4393e-01   4.0215e+01   1.7248e+01   0.0000e+00   1.8667e-05   2.9277e+02
20260819_14:00:00   1.4254e-01   3.9844e+01   1.7146e+01   0.0000e+00   2.4662e-04   2.9208e+02
20260819_15:00:00   1.4240e-01   3.9795e+01   1.7207e+01   0.0000e+00   5.0000e-04   2.9161e+02
20260819_16:00:00   1.4579e-01   4.0668e+01   1.7680e+01   0.0000e+00   4.7860e-04   2.9159e+02
20260819_17:00:00   1.4727e-01   4.1046e+01   1.7970e+01   0.0000e+00   3.0601e-04   2.9096e+02
20260819_18:00:00   1.5035e-01   4.1777e+01   1.8502e+01   3.2843e-04   4.1907e-05   2.9015e+02
20260819_19:00:00   1.5214e-01   4.2184e+01   1.8662e+01   2.4320e-03   4.1109e-03   2.8949e+02
20260819_20:00:00   1.5513e-01   4.2895e+01   1.9158e+01   3.1265e-03   4.7266e-03   2.8955e+02
20260819_21:00:00   1.5847e-01   4.3702e+01   1.9643e+01   4.2834e-03   7.0823e-03   2.8950e+02
20260819_22:00:00   1.7289e-01   4.6915e+01   2.0159e+01   1.7598e-02   8.5139e-02   2.8768e+02
20260819_23:00:00   1.7559e-01   4.7500e+01   2.0238e+01   2.0540e-02   7.9245e-02   2.8805e+02
20260820_00:00:00   1.7095e-01   4.6478e+01   2.0748e+01   1.1726e-02   5.9363e-02   2.8987e+02
20260820_01:00:00   1.5392e-01   4.2555e+01   1.9805e+01   5.7741e-04   3.4332e-02   2.9046e+02
20260820_02:00:00   1.5380e-01   4.2510e+01   1.9660e+01   1.7440e-04   7.4505e-02   2.8939e+02
20260820_03:00:00   1.5046e-01   4.1788e+01   1.9112e+01   1.4702e-04   1.1077e-02   2.8947e+02
20260820_04:00:00   1.6988e-01   4.6222e+01   2.0175e+01   1.2479e-02   3.4714e-02   2.8665e+02
20260820_05:00:00   1.6343e-01   4.4864e+01   2.0511e+01   5.0600e-04   1.8733e-02   2.8725e+02
20260820_06:00:00   1.6247e-01   4.4673e+01   2.0277e+01   8.3535e-05   6.0824e-03   2.8841e+02
20260820_07:00:00   1.6089e-01   4.4309e+01   2.0022e+01   1.1484e-04   1.8857e-04   2.8995e+02
20260820_08:00:00   1.6668e-01   4.5584e+01   2.0397e+01   3.4420e-03   5.6302e-04   2.9008e+02
20260820_09:00:00   1.6304e-01   4.4741e+01   2.0219e+01   6.5820e-04   5.8461e-04   2.8991e+02
20260820_10:00:00   1.6217e-01   4.4526e+01   2.0145e+01   1.3914e-04   1.5971e-03   2.8839e+02
20260820_11:00:00   1.6256e-01   4.4601e+01   1.9987e+01   1.6400e-03   1.2200e-03   2.8941e+02
20260820_12:00:00   1.5867e-01   4.3709e+01   1.9537e+01   0.0000e+00   1.2900e-07   2.9137e+02
20260820_13:00:00   1.5938e-01   4.3861e+01   1.9496e+01   0.0000e+00   0.0000e+00   2.9186e+02
20260820_14:00:00   1.5881e-01   4.3711e+01   1.9420e+01   0.0000e+00   0.0000e+00   2.9004e+02
20260820_15:00:00   1.5744e-01   4.3407e+01   1.9359e+01   0.0000e+00   0.0000e+00   2.8859e+02
20260820_16:00:00   1.5564e-01   4.3001e+01   1.9318e+01   0.0000e+00   5.6700e-05   2.8898e+02
20260820_17:00:00   1.5704e-01   4.3344e+01   1.9755e+01   0.0000e+00   8.3683e-05   2.9165e+02
20260820_18:00:00   1.6057e-01   4.4203e+01   2.0438e+01   4.0260e-06   9.1838e-05   2.9227e+02
20260820_21:00:00   1.7074e-01   4.6757e+01   2.2000e+01   1.1707e-04   9.3196e-03   2.9668e+02
20260821_00:00:00   1.0482e+00   1.7612e+02   2.7227e+01   9.4198e-01   1.0124e+00   2.9146e+02
20260821_03:00:00   2.0195e-01   5.3574e+01   2.5730e+01   0.0000e+00   1.7452e-01   2.9069e+02
20260821_06:00:00   2.2586e-01   5.8865e+01   2.7593e+01   1.5792e-03   1.9386e-01   2.9064e+02
20260821_09:00:00   2.0470e-01   5.4349e+01   2.4755e+01   0.0000e+00   0.0000e+00   2.9460e+02
20260821_12:00:00   1.9176e-01   5.1439e+01   2.2969e+01   0.0000e+00   0.0000e+00   2.9472e+02
20260821_15:00:00   1.6746e-01   4.5869e+01   2.0139e+01   0.0000e+00   0.0000e+00   2.9333e+02
20260821_18:00:00   1.6539e-01   4.5526e+01   2.0311e+01   3.2260e-06   6.4500e-07   2.9432e+02
20260821_21:00:00   1.6768e-01   4.5974e+01   1.9828e+01   9.9042e-03   2.1933e-03   2.9098e+02
20260822_00:00:00   1.9953e-01   5.3246e+01   2.4695e+01   8.1100e-05   1.1139e-01   2.9026e+02
20260822_03:00:00   1.9876e-01   5.3004e+01   2.4796e+01   0.0000e+00   1.7020e-03   2.8861e+02
20260822_06:00:00   1.8600e-01   5.0128e+01   2.3080e+01   0.0000e+00   2.0140e-05   2.8578e+02
20260822_09:00:00   1.8418e-01   4.9671e+01   2.2454e+01   0.0000e+00   0.0000e+00   2.8586e+02
20260822_12:00:00   1.8571e-01   5.0057e+01   2.2244e+01   0.0000e+00   0.0000e+00   2.8833e+02
20260822_15:00:00   1.6739e-01   4.5920e+01   1.9731e+01   0.0000e+00   0.0000e+00   2.8881e+02
20260822_18:00:00   1.6601e-01   4.5774e+01   1.9724e+01   0.0000e+00   0.0000e+00   2.8880e+02
20260822_21:00:00   1.7483e-01   4.7668e+01   2.1245e+01   4.1704e-03   3.0605e-01   2.9049e+02
20260823_00:00:00   1.9065e-01   5.1169e+01   2.3977e+01   2.6598e-03   1.5081e-01   2.9036e+02
20260823_03:00:00   1.8147e-01   4.9126e+01   2.3158e+01   0.0000e+00   5.4044e-04   2.8936e+02
20260823_06:00:00   1.8980e-01   5.0950e+01   2.3720e+01   2.4963e-05   1.0687e-03   2.9107e+02
20260823_09:00:00   1.9058e-01   5.1245e+01   2.2855e+01   2.0140e-06   2.2652e-05   2.8948e+02
20260823_12:00:00   1.7963e-01   4.8776e+01   2.1129e+01   0.0000e+00   0.0000e+00   2.9217e+02
20260823_15:00:00   1.6982e-01   4.6604e+01   1.9698e+01   0.0000e+00   0.0000e+00   2.9183e+02
20260823_18:00:00   1.6666e-01   4.6100e+01   1.9724e+01   0.0000e+00   0.0000e+00   2.8838e+02
20260823_21:00:00   1.7031e-01   4.6977e+01   2.0154e+01   7.1924e-03   1.7122e-03   2.8576e+02
20260824_00:00:00   2.5211e-01   6.4586e+01   2.3151e+01   7.7349e-02   1.2502e-02   2.8476e+02
20260824_03:00:00   3.6051e-01   8.6028e+01   2.6112e+01   1.7147e-01   6.4605e-02   2.8592e+02
20260824_06:00:00   1.7693e-01   4.8376e+01   2.1630e+01   2.0740e-04   1.1148e-03   2.8739e+02
20260824_09:00:00   1.8332e-01   4.9801e+01   2.1992e+01   0.0000e+00   0.0000e+00   2.8311e+02
20260824_12:00:00   1.7047e-01   4.6814e+01   1.9940e+01   0.0000e+00   0.0000e+00   2.8372e+02
20260824_15:00:00   1.5902e-01   4.4173e+01   1.8507e+01   0.0000e+00   0.0000e+00   2.8630e+02
20260824_18:00:00   1.5699e-01   4.3786e+01   1.8890e+01   0.0000e+00   0.0000e+00   2.8552e+02
20260824_21:00:00   1.4837e-01   4.1671e+01   1.8295e+01   1.2856e-03   3.3276e-04   2.8595e+02
20260825_00:00:00   2.0077e-01   5.3663e+01   2.3966e+01   1.7114e-02   4.2911e-02   2.8786e+02
20260825_03:00:00   4.3870e-01   9.9183e+01   2.6280e+01   2.6076e-01   5.3806e-01   2.8958e+02
20260825_06:00:00   1.8981e-01   5.1052e+01   2.4022e+01   2.0140e-06   1.3583e-02   2.8827e+02
20260825_09:00:00   2.0234e-01   5.3915e+01   2.4848e+01   1.0015e-03   2.0609e-02   2.8850e+02
20260825_12:00:00   1.9701e-01   5.2664e+01   2.4486e+01   0.0000e+00   5.9310e-02   2.8673e+02
20260825_15:00:00   2.0690e-01   5.4830e+01   2.5699e+01   0.0000e+00   2.1453e-02   2.8705e+02
20260825_18:00:00   2.0653e-01   5.4857e+01   2.6202e+01   2.0140e-06   3.0068e-04   2.8925e+02
20260825_21:00:00   5.0241e-01   1.1018e+02   2.6135e+01   3.3790e-01   1.2803e-01   2.8792e+02
20260826_00:00:00   2.8005e-01   7.0055e+01   2.9838e+01   4.1902e-02   1.0067e+00   2.8638e+02
20260826_03:00:00   2.9574e-01   7.3363e+01   2.9537e+01   6.6380e-02   4.7907e-01   2.8699e+02
20260826_06:00:00   2.2899e-01   5.9491e+01   2.8536e+01   6.8193e-04   4.0274e-01   2.8718e+02
20260826_09:00:00   2.0989e-01   5.5248e+01   2.6566e+01   0.0000e+00   7.7115e-02   2.8548e+02
20260826_12:00:00   2.0637e-01   5.4443e+01   2.5887e+01   4.6338e-04   4.7147e-03   2.8666e+02
20260826_15:00:00   1.8586e-01   4.9921e+01   2.3259e+01   0.0000e+00   1.6827e-06   2.8692e+02
20260826_18:00:00   1.6966e-01   4.6324e+01   2.1397e+01   0.0000e+00   1.9549e-04   2.8679e+02
20260826_21:00:00   1.5841e-01   4.3665e+01   2.0227e+01   1.2075e-03   7.3156e-04   2.8520e+02
20260827_00:00:00   5.8065e-01   1.2188e+02   2.4323e+01   4.3896e-01   2.7994e-01   2.8422e+02
20260827_03:00:00   3.8189e-01   8.9757e+01   2.4350e+01   2.1281e-01   5.6531e-02   2.8442e+02
20260827_06:00:00   2.0721e-01   5.4895e+01   2.3631e+01   2.2018e-02   5.4498e-03   2.8229e+02
20260827_09:00:00   1.9060e-01   5.1240e+01   2.3729e+01   0.0000e+00   3.9734e-03   2.8418e+02
20260827_12:00:00   1.9445e-01   5.2004e+01   2.4145e+01   0.0000e+00   3.1273e-03   2.8637e+02
20260827_15:00:00   1.9382e-01   5.1896e+01   2.4068e+01   0.0000e+00   0.0000e+00   2.8721e+02
20260827_18:00:00   2.1390e-01   5.6517e+01   2.4215e+01   2.3473e-02   1.1261e-03   2.8483e+02
20260827_21:00:00   3.4100e-01   8.2473e+01   2.9897e+01   1.1268e-01   1.0141e+00   2.8228e+02
20260828_00:00:00   2.8785e-01   7.2351e+01   2.7978e+01   7.5436e-02   1.7811e-02   2.8140e+02
20260828_03:00:00   2.0953e-01   5.5773e+01   2.6117e+01   0.0000e+00   1.9463e-02   2.8212e+02
20260828_06:00:00   2.0947e-01   5.5700e+01   2.6121e+01   1.0248e-04   2.8281e-03   2.8464e+02
20260828_09:00:00   2.0127e-01   5.3895e+01   2.4491e+01   0.0000e+00   1.0964e-02   2.8354e+02
20260828_12:00:00   1.9406e-01   5.2257e+01   2.3468e+01   0.0000e+00   1.7589e-03   2.8544e+02
20260828_15:00:00   2.0168e-01   5.3970e+01   2.4271e+01   0.0000e+00   1.7441e-03   2.8398e+02
20260828_18:00:00   2.0326e-01   5.4527e+01   2.5063e+01   1.0066e-06   6.4500e-07   2.8294e+02
20260828_21:00:00   2.2647e-01   5.9697e+01   2.4983e+01   3.2346e-02   3.8245e-04   2.8336e+02
20260829_00:00:00   4.7097e-01   1.0559e+02   2.9244e+01   2.7728e-01   6.6401e-01   2.8304e+02
20260829_03:00:00   4.0596e-01   9.4332e+01   2.7363e+01   2.1764e-01   5.8435e-02   2.8564e+02
20260829_06:00:00   2.2046e-01   5.8054e+01   2.7501e+01   7.7521e-04   2.8727e-03   2.8454e+02
20260829_09:00:00   2.1340e-01   5.6526e+01   2.6498e+01   0.0000e+00   5.5653e-04   2.8227e+02
20260829_12:00:00   1.9491e-01   5.2394e+01   2.3967e+01   0.0000e+00   3.7839e-03   2.8020e+02
20260829_15:00:00   1.9017e-01   5.1364e+01   2.3319e+01   0.0000e+00   0.0000e+00   2.8110e+02
20260829_18:00:00   1.7488e-01   4.7963e+01   2.1831e+01   0.0000e+00   0.0000e+00   2.8019e+02
20260829_21:00:00   1.6619e-01   4.5750e+01   2.0433e+01   8.4822e-03   2.7214e-03   2.8262e+02
20260830_00:00:00   1.8236e-01   4.9576e+01   2.3188e+01   2.8840e-03   3.1857e-01   2.8077e+02
20260830_03:00:00   3.3545e-01   8.1168e+01   2.5159e+01   1.5324e-01   2.7083e-02   2.8276e+02
20260830_06:00:00   3.2565e-01   7.9616e+01   2.7220e+01   1.1646e-01   6.5013e-02   2.7849e+02
20260830_09:00:00   2.1014e-01   5.5934e+01   2.5262e+01   4.1060e-04   1.8544e-05   2.8246e+02
20260830_12:00:00   2.0101e-01   5.3888e+01   2.4040e+01   0.0000e+00   2.8120e-05   2.8074e+02
20260830_15:00:00   1.8581e-01   5.0431e+01   2.2231e+01   0.0000e+00   0.0000e+00   2.8277e+02
20260830_18:00:00   1.8625e-01   5.0685e+01   2.2928e+01   1.8120e-05   2.8194e-06   2.8298e+02
20260830_21:00:00   3.3443e-01   8.0866e+01   2.7713e+01   1.3330e-01   3.2187e-01   2.8207e+02
20260831_00:00:00   3.7411e-01   8.8423e+01   2.6232e+01   1.8980e-01   1.7510e-01   2.8022e+02
20260831_03:00:00   1.9334e-01   5.2051e+01   2.4776e+01   2.7962e-03   2.9343e-03   2.8115e+02
20260831_06:00:00   2.0328e-01   5.4132e+01   2.5885e+01   6.7044e-04   7.5363e-04   2.8054e+02
20260831_09:00:00   2.1962e-01   5.7716e+01   2.6460e+01   1.0780e-02   5.0011e-03   2.8327e+02
20260831_12:00:00   2.1556e-01   5.6887e+01   2.6777e+01   0.0000e+00   3.0525e-03   2.8200e+02
20260831_15:00:00   2.1718e-01   5.7181e+01   2.6937e+01   0.0000e+00   3.8511e-03   2.8424e+02
20260831_18:00:00   2.2103e-01   5.8217e+01   2.7749e+01   1.9029e-05   2.7692e-02   2.8255e+02
