#            date       tau255        Tb[K]      pwv[mm] lwp[kg*m^-2] iwp[kg*m^-2]       o3[DU]
20260917_06:00:00   2.3857e-01   6.1367e+01   2.8555e+01   4.6737e-05   7.6035e-02   2.8138e+02
20260917_07:00:00   2.3665e-01   6.0923e+01   2.8287e+01   7.2080e-05   2.0999e-02   2.8087e+02
20260917_08:00:00   2.5909e-01   6.5676e+01   2.9695e+01   9.4948e-03   4.8727e-02   2.7941e+02
20260917_09:00:00   6.3444e-01   1.3073e+02   3.1160e+01   4.1631e-01   9.9894e-02   2.7962e+02
20260917_10:00:00   4.2776e-01   9.8356e+01   3.1623e+01   1.7631e-01   2.6696e-01   2.8105e+02
20260917_11:00:00   5.2640e-01   1.1459e+02   3.0300e+01   3.0127e-01   5.4911e-01   2.8384e+02
20260917_12:00:00   7.7965e-01   1.5051e+02   3.0856e+01   5.8452e-01   1.2768e-01   2.8260e+02
20260917_13:00:00   9.1308e-01   1.6606e+02   3.1340e+01   7.2765e-01   3.8199e-01   2.7746e+02
20260917_14:00:00   8.7097e-01   1.6126e+02   3.1301e+01   6.7701e-01   3.1999e-01   2.7665e+02
20260917_15:00:00   5.1587e-01   1.1277e+02   3.0691e+01   2.8191e-01   3.2721e-01   2.7843e+02
20260917_16:00:00   2.7072e-01   6.8066e+01   3.0572e+01   4.9571e-03   4.7768e-02   2.7714e+02
20260917_17:00:00   2.5291e-01   6.4461e+01   2.9231e+01   8.3933e-04   7.1618e-04   2.7675e+02
20260917_18:00:00   2.3972e-01   6.1716e+01   2.8323e+01   6.9897e-05   1.5860e-04   2.7625e+02
20260917_19:00:00   2.5134e-01   6.4281e+01   2.9605e+01   8.4214e-05   5.8569e-04   2.7608e+02
20260917_20:00:00   2.9001e-01   7.2652e+01   2.8761e+01   5.1846e-02   4.6297e-04   2.7650e+02
20260917_21:00:00   4.3749e-01   1.0087e+02   2.8918e+01   2.2325e-01   2.3161e-04   2.7728e+02
20260917_22:00:00   2.7869e-01   7.0145e+01   2.7903e+01   5.3992e-02   1.5072e-03   2.7730e+02
20260917_23:00:00   5.4478e-01   1.1850e+02   2.9693e+01   3.3660e-01   3.3760e-04   2.7538e+02
20260918_00:00:00   6.1290e-01   1.2876e+02   2.8529e+01   4.2459e-01   5.8101e-04   2.7501e+02
20260918_01:00:00   3.3488e-01   8.1297e+01   2.8614e+01   1.0829e-01   9.6159e-02   2.7486e+02
20260918_02:00:00   3.5393e-01   8.4495e+01   2.7942e+01   1.3274e-01   2.4357e-01   2.7465e+02
20260918_03:00:00   7.3542e-01   1.4413e+02   3.0558e+01   5.3434e-01   3.4910e-01   2.7513e+02
20260918_04:00:00   3.0642e-01   7.5532e+01   2.9298e+01   6.0312e-02   8.6884e-02   2.7697e+02
20260918_05:00:00   5.9871e-01   1.2516e+02   3.0278e+01   3.8065e-01   1.7870e-01   2.7759e+02
20260918_06:00:00   2.6558e-01   6.7230e+01   2.8486e+01   1.9969e-02   8.9438e-03   2.7550e+02
20260918_07:00:00   6.8736e-01   1.3768e+02   3.0605e+01   4.7538e-01   1.2899e-01   2.7393e+02
20260918_08:00:00   3.5531e-01   8.4649e+01   2.9483e+01   1.1387e-01   1.9943e-01   2.7380e+02
20260918_09:00:00   2.6033e-01   6.6106e+01   2.8419e+01   1.6756e-02   4.6039e-03   2.7402e+02
20260918_10:00:00   2.5865e-01   6.5570e+01   2.9966e+01   2.7732e-03   3.2735e-02   2.7660e+02
20260918_11:00:00   2.8797e-01   7.1574e+01   3.0425e+01   2.8972e-02   3.6165e-01   2.7795e+02
20260918_12:00:00   2.6359e-01   6.6585e+01   2.9597e+01   9.3827e-03   2.5415e-01   2.7671e+02
20260918_13:00:00   3.8818e-01   9.0757e+01   3.0003e+01   1.4640e-01   5.9422e-02   2.7730e+02
20260918_14:00:00   3.0089e-01   7.4127e+01   3.0070e+01   4.7331e-02   6.1762e-02   2.7832e+02
20260918_15:00:00   2.9292e-01   7.2511e+01   2.9079e+01   4.6621e-02   1.5943e-03   2.7954e+02
20260918_16:00:00   2.4484e-01   6.2614e+01   2.8475e+01   8.0115e-04   5.2138e-03   2.7904e+02
20260918_17:00:00   2.4588e-01   6.2900e+01   2.8340e+01   3.5827e-03   1.3686e-01   2.7951e+02
20260918_18:00:00   2.4782e-01   6.3257e+01   2.8833e+01   1.9439e-03   3.1495e-01   2.7957e+02
20260918_19:00:00   2.3778e-01   6.0987e+01   2.8000e+01   9.2008e-05   5.5954e-01   2.7914e+02
20260918_20:00:00   2.2867e-01   5.9041e+01   2.7067e+01   1.8206e-03   1.2145e-01   2.7952e+02
20260918_21:00:00   2.2611e-01   5.8581e+01   2.6951e+01   1.1828e-03   1.7006e-02   2.7897e+02
20260918_22:00:00   3.1618e-01   7.7074e+01   2.7719e+01   9.3340e-02   3.1561e-03   2.7768e+02
20260918_23:00:00   2.1900e-01   5.7013e+01   2.6411e+01   0.0000e+00   4.5324e-03   2.7617e+02
20260919_00:00:00   2.0969e-01   5.5022e+01   2.4961e+01   1.0563e-03   1.6106e-06   2.7369e+02
20260919_01:00:00   2.0579e-01   5.4114e+01   2.4012e+01   3.9943e-03   2.0776e-05   2.7422e+02
20260919_02:00:00   2.1406e-01   5.5851e+01   2.4117e+01   1.1112e-02   1.0786e-02   2.7353e+02
20260919_03:00:00   2.1233e-01   5.5467e+01   2.5118e+01   1.1165e-03   1.0406e-03   2.7306e+02
20260919_04:00:00   3.2352e-01   7.8559e+01   2.7422e+01   9.9746e-02   2.5272e-01   2.7445e+02
20260919_05:00:00   2.7175e-01   6.8126e+01   2.5014e+01   6.1445e-02   2.5853e-01   2.7309e+02
20260919_06:00:00   2.0462e-01   5.3875e+01   2.2902e+01   8.1600e-04   2.0065e-03   2.7020e+02
20260919_07:00:00   2.0100e-01   5.3054e+01   2.2396e+01   8.6000e-05   2.4861e-04   2.7057e+02
20260919_08:00:00   1.9146e-01   5.0903e+01   2.1467e+01   0.0000e+00   1.5316e-04   2.7166e+02
20260919_09:00:00   1.8088e-01   4.8571e+01   1.9737e+01   0.0000e+00   0.0000e+00   2.7211e+02
20260919_10:00:00   1.7773e-01   4.7844e+01   1.9351e+01   0.0000e+00   4.2060e-04   2.7304e+02
20260919_11:00:00   1.7444e-01   4.7092e+01   1.8753e+01   0.0000e+00   2.6021e-03   2.7054e+02
20260919_12:00:00   1.6710e-01   4.5394e+01   1.7772e+01   0.0000e+00   5.8100e-04   2.6803e+02
20260919_13:00:00   1.6053e-01   4.3853e+01   1.6970e+01   0.0000e+00   1.1065e-03   2.6937e+02
20260919_14:00:00   1.5982e-01   4.3691e+01   1.6851e+01   0.0000e+00   4.9680e-04   2.7126e+02
20260919_15:00:00   1.5680e-01   4.3010e+01   1.6482e+01   0.0000e+00   0.0000e+00   2.7450e+02
20260919_16:00:00   1.6081e-01   4.3973e+01   1.7030e+01   0.0000e+00   0.0000e+00   2.7740e+02
20260919_17:00:00   1.6688e-01   4.5385e+01   1.8184e+01   3.4220e-05   0.0000e+00   2.8037e+02
20260919_18:00:00   1.6491e-01   4.4927e+01   1.8311e+01   5.5973e-04   6.4420e-06   2.8260e+02
20260919_19:00:00   1.6011e-01   4.3780e+01   1.8050e+01   3.8860e-04   2.0738e-05   2.8341e+02
20260919_20:00:00   1.5594e-01   4.2764e+01   1.7663e+01   9.7460e-04   7.9975e-05   2.8225e+02
20260919_21:00:00   1.5967e-01   4.3625e+01   1.7678e+01   5.0136e-03   6.2571e-04   2.8225e+02
20260919_22:00:00   3.4308e-01   8.2162e+01   2.0001e+01   1.9187e-01   3.8295e-02   2.8265e+02
20260919_23:00:00   1.7652e-01   4.7436e+01   2.0750e+01   1.2704e-03   4.7779e-02   2.8442e+02
20260920_00:00:00   1.6848e-01   4.5596e+01   2.0018e+01   1.2616e-04   2.4532e-03   2.8543e+02
20260920_01:00:00   2.6609e-01   6.6404e+01   2.4619e+01   5.8040e-02   8.5153e-01   2.8003e+02
20260920_02:00:00   1.6846e-01   4.5375e+01   1.9076e+01   2.2938e-03   2.0460e-01   2.7850e+02
20260920_03:00:00   1.5132e-01   4.1524e+01   1.6596e+01   0.0000e+00   6.9703e-02   2.7724e+02
20260920_04:00:00   1.3635e-01   3.8093e+01   1.4128e+01   0.0000e+00   7.6801e-04   2.7763e+02
20260920_05:00:00   1.3317e-01   3.7311e+01   1.3525e+01   0.0000e+00   0.0000e+00   2.7741e+02
20260920_06:00:00   1.2523e-01   3.5382e+01   1.2400e+01   0.0000e+00   0.0000e+00   2.8004e+02
20260920_07:00:00   1.2454e-01   3.5195e+01   1.2349e+01   0.0000e+00   0.0000e+00   2.8088e+02
20260920_08:00:00   1.2219e-01   3.4614e+01   1.1912e+01   0.0000e+00   0.0000e+00   2.7864e+02
20260920_09:00:00   1.1877e-01   3.3757e+01   1.1386e+01   0.0000e+00   0.0000e+00   2.7770e+02
20260920_10:00:00   1.1630e-01   3.3122e+01   1.1054e+01   0.0000e+00   0.0000e+00   2.7697e+02
20260920_11:00:00   1.1331e-01   3.2358e+01   1.0706e+01   0.0000e+00   0.0000e+00   2.7845e+02
20260920_12:00:00   1.0791e-01   3.1002e+01   1.0090e+01   0.0000e+00   0.0000e+00   2.7926e+02
20260920_13:00:00   1.0555e-01   3.0395e+01   9.8664e+00   0.0000e+00   0.0000e+00   2.7667e+02
20260920_14:00:00   1.0336e-01   2.9841e+01   9.6768e+00   0.0000e+00   0.0000e+00   2.7474e+02
20260920_15:00:00   1.0146e-01   2.9392e+01   9.4640e+00   0.0000e+00   0.0000e+00   2.7542e+02
20260920_16:00:00   1.0383e-01   3.0015e+01   9.7935e+00   0.0000e+00   0.0000e+00   2.7586e+02
20260920_17:00:00   1.1020e-01   3.1630e+01   1.0799e+01   0.0000e+00   0.0000e+00   2.7729e+02
20260920_18:00:00   1.1293e-01   3.2296e+01   1.1467e+01   0.0000e+00   8.6590e-05   2.7640e+02
20260920_19:00:00   1.0875e-01   3.1220e+01   1.1166e+01   0.0000e+00   1.6684e-04   2.7448e+02
20260920_20:00:00   9.9756e-02   2.8939e+01   1.0114e+01   0.0000e+00   3.4561e-04   2.7420e+02
20260920_21:00:00   9.8496e-02   2.8598e+01   1.0050e+01   0.0000e+00   2.3023e-03   2.7509e+02
20260920_22:00:00   9.9803e-02   2.8903e+01   1.0331e+01   0.0000e+00   7.7502e-03   2.7265e+02
20260920_23:00:00   9.8323e-02   2.8529e+01   1.0094e+01   0.0000e+00   4.8637e-03   2.7239e+02
20260921_00:00:00   9.5357e-02   2.7795e+01   9.6008e+00   0.0000e+00   4.7436e-03   2.7217e+02
20260921_01:00:00   9.2989e-02   2.7183e+01   9.2530e+00   0.0000e+00   4.3994e-03   2.7267e+02
20260921_02:00:00   9.2834e-02   2.7091e+01   9.3118e+00   0.0000e+00   7.3016e-03   2.7335e+02
20260921_03:00:00   9.4693e-02   2.7569e+01   9.5088e+00   0.0000e+00   3.0967e-03   2.7413e+02
20260921_04:00:00   9.3561e-02   2.7312e+01   9.1939e+00   0.0000e+00   1.8840e-03   2.7440e+02
20260921_05:00:00   9.1526e-02   2.6802e+01   8.8145e+00   0.0000e+00   2.6720e-03   2.7520e+02
20260921_06:00:00   8.9871e-02   2.6359e+01   8.6090e+00   0.0000e+00   1.7604e-03   2.7355e+02
20260921_07:00:00   8.8462e-02   2.5984e+01   8.3992e+00   0.0000e+00   2.1920e-03   2.7229e+02
20260921_08:00:00   9.0601e-02   2.6483e+01   8.7929e+00   0.0000e+00   3.1514e-03   2.7212e+02
20260921_09:00:00   9.2713e-02   2.6978e+01   9.1920e+00   0.0000e+00   1.6000e-02   2.7310e+02
20260921_10:00:00   9.4668e-02   2.7437e+01   9.5479e+00   0.0000e+00   1.0058e-02   2.7235e+02
20260921_11:00:00   9.4970e-02   2.7494e+01   9.5824e+00   0.0000e+00   8.5125e-03   2.7200e+02
20260921_12:00:00   9.5002e-02   2.7483e+01   9.5822e+00   0.0000e+00   7.8150e-03   2.7068e+02
20260921_13:00:00   9.3922e-02   2.7202e+01   9.4060e+00   0.0000e+00   1.5383e-02   2.7060e+02
20260921_14:00:00   9.2914e-02   2.6951e+01   9.2034e+00   0.0000e+00   2.5253e-02   2.6918e+02
20260921_15:00:00   9.4707e-02   2.7399e+01   9.4678e+00   0.0000e+00   2.2585e-02   2.6880e+02
20260921_16:00:00   9.9166e-02   2.8481e+01   1.0306e+01   0.0000e+00   5.9108e-02   2.6788e+02
20260921_17:00:00   1.0499e-01   2.9873e+01   1.1455e+01   0.0000e+00   4.9718e-02   2.6732e+02
20260921_18:00:00   1.0679e-01   3.0342e+01   1.1773e+01   0.0000e+00   2.1153e-02   2.6862e+02
20260921_19:00:00   1.0839e-01   3.0757e+01   1.2042e+01   0.0000e+00   2.5736e-02   2.6895e+02
20260921_20:00:00   1.0576e-01   3.0156e+01   1.1542e+01   0.0000e+00   3.7666e-02   2.6843e+02
20260921_21:00:00   1.0622e-01   3.0279e+01   1.1656e+01   0.0000e+00   3.1755e-02   2.7086e+02
20260921_22:00:00   1.0644e-01   3.0349e+01   1.1672e+01   0.0000e+00   7.8738e-02   2.7254e+02
20260921_23:00:00   1.0849e-01   3.0857e+01   1.1965e+01   0.0000e+00   5.0607e-02   2.7166e+02
20260922_00:00:00   1.0750e-01   3.0626e+01   1.1819e+01   0.0000e+00   1.2890e-02   2.7116e+02
20260922_01:00:00   1.0760e-01   3.0608e+01   1.1912e+01   0.0000e+00   1.0841e-01   2.7046e+02
20260922_02:00:00   1.1064e-01   3.1304e+01   1.2566e+01   0.0000e+00   7.5690e-02   2.7041e+02
20260922_03:00:00   1.1430e-01   3.2186e+01   1.3165e+01   0.0000e+00   5.3754e-02   2.7097e+02
20260922_04:00:00   1.1771e-01   3.2989e+01   1.3643e+01   0.0000e+00   6.0336e-02   2.7027e+02
20260922_05:00:00   1.2174e-01   3.3955e+01   1.4155e+01   0.0000e+00   5.5617e-02   2.7056e+02
20260922_06:00:00   1.3854e-01   3.8139e+01   1.6292e+01   0.0000e+00   2.2948e-02   2.7083e+02
20260922_09:00:00   1.5963e-01   4.3291e+01   1.8155e+01   0.0000e+00   1.4495e-02   2.7253e+02
20260922_12:00:00   1.7958e-01   4.7844e+01   2.0203e+01   0.0000e+00   1.2517e-02   2.7523e+02
20260922_15:00:00   2.4974e-01   6.3012e+01   1.9921e+01   7.8508e-02   2.1342e-02   2.7965e+02
20260922_18:00:00   1.7944e-01   4.8000e+01   1.9783e+01   2.5144e-03   1.0034e-03   2.7710e+02
20260922_21:00:00   1.9472e-01   5.1184e+01   1.7158e+01   4.7516e-02   2.4564e-03   2.7703e+02
20260923_00:00:00   2.5267e-01   6.3853e+01   2.1839e+01   6.0638e-02   1.1685e-02   2.7805e+02
20260923_03:00:00   1.8404e-01   4.8985e+01   2.0426e+01   2.9054e-05   2.0220e-03   2.7816e+02
20260923_06:00:00   1.8099e-01   4.8333e+01   1.9788e+01   0.0000e+00   1.5902e-04   2.7801e+02
20260923_09:00:00   1.7181e-01   4.6223e+01   1.8285e+01   0.0000e+00   2.2521e-03   2.7494e+02
20260923_12:00:00   1.6307e-01   4.4215e+01   1.7101e+01   0.0000e+00   3.2098e-03   2.7366e+02
20260923_15:00:00   1.5285e-01   4.1875e+01   1.5730e+01   0.0000e+00   7.5750e-03   2.7199e+02
20260923_18:00:00   1.4775e-01   4.0786e+01   1.5533e+01   4.0260e-06   1.0948e-02   2.6979e+02
20260923_21:00:00   1.4700e-01   4.0550e+01   1.6069e+01   1.5819e-03   1.7551e-01   2.6869e+02
20260924_00:00:00   1.9481e-01   5.1383e+01   1.8877e+01   3.4328e-02   1.7317e-01   2.6922e+02
20260924_03:00:00   2.0685e-01   5.4248e+01   2.3777e+01   5.0540e-04   3.2802e-01   2.7059e+02
20260924_06:00:00   2.4621e-01   6.2477e+01   2.7276e+01   1.1004e-02   3.1288e-01   2.6980e+02
20260924_09:00:00   5.7324e-01   1.2118e+02   2.7614e+01   3.7715e-01   4.5319e-01   2.7096e+02
20260924_12:00:00   7.3768e-01   1.4440e+02   2.7852e+01   5.6137e-01   7.8240e-01   2.6938e+02
20260924_15:00:00   1.0729e+00   1.8217e+02   2.9182e+01   9.3262e-01   4.0667e-01   2.6818e+02
20260924_18:00:00   3.2514e-01   7.8223e+01   2.8304e+01   8.9656e-02   3.9731e-01   2.6927e+02
20260924_21:00:00   2.5485e-01   6.4416e+01   2.8219e+01   1.4495e-02   1.8788e-01   2.6891e+02
20260925_00:00:00   8.1350e-01   1.5482e+02   3.0832e+01   6.2246e-01   6.3274e-01   2.6789e+02
20260925_03:00:00   1.2548e+00   1.9868e+02   3.1006e+01   1.1268e+00   4.2050e-01   2.6950e+02
20260925_06:00:00   7.8859e-01   1.5124e+02   2.9748e+01   5.9935e-01   6.4273e-01   2.7037e+02
20260925_09:00:00   5.4268e-01   1.1644e+02   2.7784e+01   3.3931e-01   4.2261e-01   2.7005e+02
20260925_12:00:00   2.2204e-01   5.7577e+01   2.3907e+01   2.9046e-03   1.0887e-04   2.7117e+02
20260925_15:00:00   2.0916e-01   5.4895e+01   2.2111e+01   1.9198e-05   0.0000e+00   2.6943e+02
20260925_18:00:00   2.0424e-01   5.4008e+01   2.1837e+01   2.9776e-03   0.0000e+00   2.7069e+02
20260925_21:00:00   1.9882e-01   5.3011e+01   2.1642e+01   5.6273e-04   0.0000e+00   2.7364e+02
20260926_00:00:00   1.9757e-01   5.2716e+01   2.2006e+01   1.2342e-03   0.0000e+00   2.7414e+02
20260926_03:00:00   2.1677e-01   5.6739e+01   2.4024e+01   1.1257e-02   9.7183e-05   2.7483e+02
20260926_06:00:00   2.2760e-01   5.8978e+01   2.6691e+01   0.0000e+00   1.4535e-01   2.7547e+02
20260926_09:00:00   2.1895e-01   5.7100e+01   2.5563e+01   0.0000e+00   1.1100e-02   2.7686e+02
20260926_12:00:00   1.9967e-01   5.2829e+01   2.2878e+01   0.0000e+00   8.9375e-04   2.7792e+02
20260926_15:00:00   2.0754e-01   5.4577e+01   2.3889e+01   0.0000e+00   6.3080e-05   2.7733e+02
20260926_18:00:00   2.1573e-01   5.6742e+01   2.2596e+01   1.5416e-02   0.0000e+00   2.7745e+02
20260926_21:00:00   1.7454e-01   4.7292e+01   2.0408e+01   1.3958e-03   5.6458e-03   2.7496e+02
20260927_00:00:00   2.8484e-01   7.0864e+01   2.3476e+01   1.0290e-01   1.0539e-02   2.7525e+02
20260927_03:00:00   2.0741e-01   5.4712e+01   2.4927e+01   7.8780e-04   8.2927e-02   2.7597e+02
20260927_06:00:00   1.8973e-01   5.0699e+01   2.2487e+01   1.4512e-05   6.4541e-03   2.8134e+02
20260927_09:00:00   1.8076e-01   4.8808e+01   1.9734e+01   0.0000e+00   0.0000e+00   2.8410e+02
20260927_12:00:00   1.5724e-01   4.3325e+01   1.6094e+01   0.0000e+00   0.0000e+00   2.8178e+02
20260927_15:00:00   1.1126e-01   3.1980e+01   1.0565e+01   0.0000e+00   0.0000e+00   2.8067e+02
20260927_18:00:00   9.7118e-02   2.8379e+01   9.5198e+00   0.0000e+00   0.0000e+00   2.7890e+02
20260927_21:00:00   9.6682e-02   2.8267e+01   9.8696e+00   0.0000e+00   0.0000e+00   2.7758e+02
20260928_00:00:00   9.4435e-02   2.7707e+01   9.4608e+00   0.0000e+00   0.0000e+00   2.7608e+02
20260928_03:00:00   9.0933e-02   2.6739e+01   8.8409e+00   0.0000e+00   0.0000e+00   2.7385e+02
20260928_06:00:00   7.4568e-02   2.2428e+01   6.1522e+00   0.0000e+00   0.0000e+00   2.7776e+02
20260928_09:00:00   7.5063e-02   2.2498e+01   6.1596e+00   0.0000e+00   1.1336e-03   2.7653e+02
20260928_12:00:00   7.7291e-02   2.3018e+01   6.3638e+00   0.0000e+00   2.0040e-05   2.7924e+02
20260928_15:00:00   7.5334e-02   2.2482e+01   6.0102e+00   0.0000e+00   0.0000e+00   2.7875e+02
20260928_18:00:00   8.2429e-02   2.4356e+01   7.2195e+00   0.0000e+00   0.0000e+00   2.8165e+02
20260928_21:00:00   7.5494e-02   2.2582e+01   6.7361e+00   0.0000e+00   2.6101e-04   2.7985e+02
20260929_00:00:00   7.3917e-02   2.2156e+01   6.6321e+00   0.0000e+00   5.0726e-04   2.7921e+02
20260929_03:00:00   8.2602e-02   2.4318e+01   8.1112e+00   0.0000e+00   1.4962e-03   2.7997e+02
20260929_06:00:00   9.3812e-02   2.7173e+01   9.7957e+00   0.0000e+00   0.0000e+00   2.7538e+02
20260929_09:00:00   9.8706e-02   2.8361e+01   1.0546e+01   0.0000e+00   4.6036e-03   2.7638e+02
20260929_12:00:00   1.0198e-01   2.9188e+01   1.0937e+01   0.0000e+00   1.4916e-03   2.7515e+02
20260929_15:00:00   9.7936e-02   2.8223e+01   1.0108e+01   0.0000e+00   6.4000e-05   2.7405e+02
20260929_18:00:00   1.0081e-01   2.9035e+01   1.0710e+01   0.0000e+00   1.5880e-03   2.7570e+02
20260929_21:00:00   9.8896e-02   2.8554e+01   1.0821e+01   0.0000e+00   6.6476e-04   2.7390e+02
20260930_00:00:00   1.1734e-01   3.3184e+01   1.3528e+01   0.0000e+00   7.1740e-05   2.7382e+02
20260930_03:00:00   1.2558e-01   3.5255e+01   1.4523e+01   0.0000e+00   0.0000e+00   2.7733e+02
20260930_06:00:00   1.3488e-01   3.7509e+01   1.5668e+01   0.0000e+00   0.0000e+00   2.7934e+02
20260930_09:00:00   1.2489e-01   3.5038e+01   1.4056e+01   0.0000e+00   0.0000e+00   2.7805e+02
20260930_12:00:00   1.2312e-01   3.4480e+01   1.3806e+01   0.0000e+00   0.0000e+00   2.8240e+02
20260930_15:00:00   1.2307e-01   3.4478e+01   1.3652e+01   0.0000e+00   0.0000e+00   2.8443e+02
20260930_18:00:00   1.1857e-01   3.3419e+01   1.3400e+01   0.0000e+00   1.1734e-02   2.8700e+02
20260930_21:00:00   1.0242e-01   2.9433e+01   1.1145e+01   0.0000e+00   0.0000e+00   2.9186e+02
20261001_00:00:00   9.6400e-02   2.7977e+01   1.0121e+01   0.0000e+00   0.0000e+00   2.9828e+02
20261001_03:00:00   9.6906e-02   2.8100e+01   1.0050e+01   0.0000e+00   0.0000e+00   2.9898e+02
20261001_06:00:00   1.0033e-01   2.9009e+01   1.0166e+01   0.0000e+00   0.0000e+00   2.9606e+02
20261001_09:00:00   8.0939e-02   2.4094e+01   7.0098e+00   0.0000e+00   0.0000e+00   2.9516e+02
20261001_12:00:00   7.5804e-02   2.2733e+01   6.0169e+00   0.0000e+00   0.0000e+00   2.9225e+02
20261001_15:00:00   7.2299e-02   2.1794e+01   5.4235e+00   0.0000e+00   0.0000e+00   2.9985e+02
20261001_18:00:00   7.8065e-02   2.3331e+01   6.4534e+00   0.0000e+00   0.0000e+00   2.9823e+02
20261001_21:00:00   9.2807e-02   2.7086e+01   9.0666e+00   0.0000e+00   0.0000e+00   2.9832e+02
20261002_00:00:00   1.1049e-01   3.1579e+01   1.1351e+01   0.0000e+00   0.0000e+00   2.9626e+02
20261002_03:00:00   1.1264e-01   3.2140e+01   1.0830e+01   0.0000e+00   0.0000e+00   2.9567e+02
20261002_06:00:00   1.2363e-01   3.4667e+01   1.2209e+01   0.0000e+00   0.0000e+00   2.9546e+02
20261002_09:00:00   1.3167e-01   3.6501e+01   1.2956e+01   0.0000e+00   0.0000e+00   2.9196e+02
20261002_12:00:00   1.2899e-01   3.5786e+01   1.2479e+01   1.2874e-05   0.0000e+00   2.9165e+02
20261002_15:00:00   1.2384e-01   3.4536e+01   1.1728e+01   0.0000e+00   0.0000e+00   2.9146e+02
20261002_18:00:00   1.2218e-01   3.4325e+01   1.1764e+01   0.0000e+00   0.0000e+00   2.8851e+02
20261002_21:00:00   1.3319e-01   3.7124e+01   1.3613e+01   0.0000e+00   8.0540e-07   2.8657e+02
20261003_00:00:00   1.4841e-01   4.0716e+01   1.5706e+01   2.9200e-05   8.0540e-07   2.8741e+02
20261003_03:00:00   1.3457e-01   3.7394e+01   1.3531e+01   0.0000e+00   0.0000e+00   2.8982e+02
20261003_06:00:00   1.2407e-01   3.4841e+01   1.2071e+01   0.0000e+00   0.0000e+00   2.8906e+02
