#            date       tau255        Tb[K]      pwv[mm] lwp[kg*m^-2] iwp[kg*m^-2]       o3[DU]
20260824_18:00:00   1.7955e-01   4.8700e+01   2.2165e+01   0.0000e+00   3.2021e-03   2.9147e+02
20260824_19:00:00   1.8965e-01   5.1036e+01   2.3332e+01   2.9521e-03   4.6779e-03   2.9028e+02
20260824_20:00:00   2.5809e-01   6.5759e+01   2.4344e+01   7.3386e-02   3.0110e-02   2.8897e+02
20260824_21:00:00   2.5103e-01   6.4210e+01   2.4631e+01   6.4884e-02   7.7769e-02   2.8889e+02
20260824_22:00:00   1.7685e-01   4.8098e+01   2.2375e+01   6.2208e-04   8.1743e-03   2.9024e+02
20260824_23:00:00   1.6599e-01   4.5604e+01   2.1039e+01   8.7400e-05   1.1628e-03   2.8846e+02
20260825_00:00:00   1.6638e-01   4.5615e+01   2.0781e+01   3.4604e-03   5.2317e-04   2.8837e+02
20260825_01:00:00   1.6136e-01   4.4522e+01   2.0268e+01   2.6264e-04   3.5418e-04   2.8835e+02
20260825_02:00:00   1.6226e-01   4.4777e+01   2.0064e+01   1.3290e-03   5.5653e-05   2.8774e+02
20260825_03:00:00   2.0077e-01   5.3283e+01   2.1654e+01   3.2018e-02   1.3588e-03   2.8724e+02
20260825_04:00:00   2.3708e-01   6.0994e+01   2.3063e+01   6.1919e-02   2.0328e-03   2.8840e+02
20260825_05:00:00   2.2938e-01   5.9396e+01   2.3521e+01   4.8515e-02   8.4841e-03   2.8923e+02
20260825_06:00:00   1.8459e-01   4.9779e+01   2.2657e+01   2.6917e-03   2.6189e-03   2.9127e+02
20260825_07:00:00   1.7978e-01   4.8659e+01   2.2339e+01   1.3560e-04   2.6861e-04   2.9434e+02
20260825_08:00:00   1.8235e-01   4.9202e+01   2.1472e+01   7.8636e-03   8.4539e-04   2.9510e+02
20260825_09:00:00   1.8237e-01   4.9203e+01   2.1478e+01   5.5180e-03   9.0001e-04   2.9203e+02
20260825_10:00:00   1.7409e-01   4.7350e+01   2.0906e+01   0.0000e+00   8.0140e-06   2.9123e+02
20260825_11:00:00   1.7854e-01   4.8314e+01   2.1468e+01   0.0000e+00   2.2275e-04   2.9156e+02
20260825_12:00:00   1.7561e-01   4.7640e+01   2.1027e+01   0.0000e+00   6.1379e-05   2.9148e+02
20260825_13:00:00   1.7681e-01   4.7898e+01   2.1097e+01   0.0000e+00   9.1612e-06   2.9022e+02
20260825_14:00:00   1.7249e-01   4.6934e+01   2.0465e+01   0.0000e+00   0.0000e+00   2.9099e+02
20260825_15:00:00   1.6574e-01   4.5431e+01   1.9543e+01   0.0000e+00   0.0000e+00   2.9096e+02
20260825_16:00:00   1.6450e-01   4.5192e+01   1.9437e+01   0.0000e+00   0.0000e+00   2.9004e+02
20260825_17:00:00   1.6477e-01   4.5334e+01   1.9520e+01   6.0400e-06   3.2220e-06   2.9230e+02
20260825_18:00:00   1.7738e-01   4.8198e+01   2.0046e+01   1.1462e-02   1.6938e-03   2.9575e+02
20260825_19:00:00   2.3551e-01   6.0731e+01   2.0851e+01   7.3084e-02   6.4807e-02   2.9515e+02
20260825_20:00:00   2.3660e-01   6.0816e+01   2.1438e+01   7.2441e-02   1.2411e-01   2.9431e+02
20260825_21:00:00   1.6466e-01   4.5262e+01   2.0470e+01   2.2482e-04   1.6938e-02   2.9247e+02
20260825_22:00:00   2.3037e-01   5.9432e+01   2.1822e+01   6.4776e-02   2.3471e-01   2.9137e+02
20260825_23:00:00   1.7243e-01   4.6887e+01   2.0805e+01   9.0526e-03   6.0975e-02   2.9053e+02
20260826_00:00:00   1.4754e-01   4.1136e+01   1.8491e+01   0.0000e+00   2.4694e-04   2.8961e+02
20260826_01:00:00   1.4215e-01   3.9792e+01   1.7856e+01   0.0000e+00   4.9595e-03   2.8975e+02
20260826_02:00:00   1.3973e-01   3.9116e+01   1.7674e+01   0.0000e+00   2.9951e-03   2.9015e+02
20260826_03:00:00   1.3931e-01   3.8965e+01   1.7536e+01   0.0000e+00   5.6633e-04   2.8889e+02
20260826_04:00:00   1.4646e-01   4.0696e+01   1.8387e+01   3.6121e-04   2.2544e-03   2.8493e+02
20260826_05:00:00   1.6594e-01   4.5286e+01   2.0670e+01   1.8022e-04   5.8024e-02   2.8287e+02
20260826_06:00:00   1.7761e-01   4.8041e+01   2.1159e+01   5.2140e-03   6.8600e-03   2.8429e+02
20260826_07:00:00   1.7695e-01   4.7895e+01   2.1265e+01   2.2380e-03   3.5263e-03   2.8543e+02
20260826_08:00:00   1.7077e-01   4.6491e+01   2.0815e+01   0.0000e+00   8.5400e-05   2.8956e+02
20260826_09:00:00   1.7112e-01   4.6553e+01   2.0880e+01   0.0000e+00   8.0540e-07   2.8777e+02
20260826_10:00:00   1.7094e-01   4.6532e+01   2.0694e+01   0.0000e+00   7.2080e-06   2.8573e+02
20260826_11:00:00   1.7236e-01   4.6862e+01   2.0625e+01   0.0000e+00   0.0000e+00   2.8503e+02
20260826_12:00:00   1.6904e-01   4.6085e+01   2.0137e+01   0.0000e+00   0.0000e+00   2.8363e+02
20260826_13:00:00   1.6782e-01   4.5799e+01   1.9978e+01   0.0000e+00   0.0000e+00   2.8282e+02
20260826_14:00:00   1.6726e-01   4.5692e+01   1.9885e+01   0.0000e+00   0.0000e+00   2.8508e+02
20260826_15:00:00   1.6955e-01   4.6236e+01   2.0234e+01   0.0000e+00   0.0000e+00   2.8699e+02
20260826_16:00:00   1.6809e-01   4.5939e+01   2.0172e+01   0.0000e+00   0.0000e+00   2.8674e+02
20260826_17:00:00   1.6818e-01   4.6009e+01   2.0358e+01   2.0140e-06   0.0000e+00   2.8637e+02
20260826_18:00:00   1.7579e-01   4.7788e+01   2.1581e+01   2.9284e-04   9.0890e-05   2.8550e+02
20260826_19:00:00   3.4103e-01   8.1862e+01   2.4018e+01   1.6843e-01   1.1930e-01   2.8575e+02
20260826_20:00:00   6.1442e-01   1.2609e+02   2.8063e+01   4.4204e-01   2.1253e+00   2.8988e+02
20260826_21:00:00   2.2741e-01   5.8585e+01   2.4401e+01   3.2879e-02   9.6631e-01   2.8648e+02
20260826_22:00:00   1.7614e-01   4.7797e+01   2.2207e+01   0.0000e+00   4.1725e-02   2.8198e+02
20260826_23:00:00   1.5756e-01   4.3689e+01   1.9672e+01   0.0000e+00   1.9378e-04   2.8103e+02
20260827_00:00:00   1.9544e-01   5.2147e+01   2.1492e+01   2.7906e-02   5.8377e-02   2.8376e+02
20260827_01:00:00   3.6672e-01   8.6701e+01   2.4221e+01   1.9107e-01   1.7540e-01   2.8469e+02
20260827_02:00:00   1.9367e-01   5.1832e+01   2.3989e+01   8.0540e-06   1.3406e-02   2.8322e+02
20260827_03:00:00   2.0688e-01   5.4637e+01   2.2150e+01   2.9738e-02   4.2024e-03   2.8180e+02
20260827_04:00:00   1.8664e-01   5.0350e+01   2.2329e+01   0.0000e+00   7.0955e-06   2.8361e+02
20260827_05:00:00   1.9762e-01   5.2771e+01   2.3404e+01   2.0140e-06   2.8998e-05   2.8547e+02
20260827_06:00:00   1.8875e-01   5.0723e+01   2.2488e+01   0.0000e+00   0.0000e+00   2.8558e+02
20260827_07:00:00   1.8176e-01   4.9125e+01   2.1609e+01   0.0000e+00   1.0088e-07   2.8341e+02
20260827_08:00:00   1.7288e-01   4.7075e+01   2.0631e+01   0.0000e+00   1.4556e-05   2.8199e+02
20260827_09:00:00   1.7027e-01   4.6467e+01   2.0309e+01   0.0000e+00   0.0000e+00   2.8177e+02
20260827_10:00:00   1.7168e-01   4.6771e+01   2.0512e+01   0.0000e+00   0.0000e+00   2.8325e+02
20260827_11:00:00   1.7481e-01   4.7448e+01   2.0981e+01   0.0000e+00   3.3150e-05   2.8414e+02
20260827_12:00:00   1.7930e-01   4.8443e+01   2.1520e+01   0.0000e+00   1.1749e-04   2.8578e+02
20260827_13:00:00   1.8098e-01   4.8801e+01   2.1704e+01   0.0000e+00   3.7140e-05   2.8617e+02
20260827_14:00:00   1.7821e-01   4.8180e+01   2.1374e+01   0.0000e+00   7.9140e-05   2.8682e+02
20260827_15:00:00   1.7091e-01   4.6553e+01   2.0469e+01   0.0000e+00   1.4396e-03   2.8504e+02
20260827_16:00:00   1.6486e-01   4.5204e+01   1.9725e+01   0.0000e+00   1.9955e-03   2.8319e+02
20260827_17:00:00   1.6329e-01   4.4892e+01   1.9665e+01   0.0000e+00   1.5875e-03   2.8448e+02
20260827_18:00:00   1.6457e-01   4.5248e+01   2.0090e+01   0.0000e+00   2.7759e-03   2.8358e+02
20260827_19:00:00   1.7506e-01   4.7697e+01   2.1714e+01   5.5922e-04   2.1313e-03   2.8299e+02
20260827_20:00:00   2.0933e-01   5.5349e+01   2.3019e+01   3.0003e-02   2.5364e-02   2.8262e+02
20260827_21:00:00   1.9024e-01   5.1054e+01   2.4035e+01   1.5516e-03   3.4980e-01   2.8254e+02
20260827_22:00:00   2.1852e-01   5.6911e+01   2.2660e+01   4.6712e-02   6.4398e-02   2.8210e+02
20260827_23:00:00   4.2087e-01   9.6171e+01   2.6411e+01   2.3341e-01   2.5113e-01   2.8197e+02
20260828_00:00:00   2.0387e-01   5.4075e+01   2.4859e+01   6.8707e-03   1.2776e-01   2.8113e+02
20260828_01:00:00   1.9449e-01   5.2018e+01   2.4233e+01   2.6760e-05   3.5646e-02   2.8257e+02
20260828_02:00:00   1.9727e-01   5.2591e+01   2.3970e+01   4.5183e-03   1.8174e-02   2.8110e+02
20260828_03:00:00   1.9003e-01   5.1003e+01   2.3348e+01   8.6100e-06   2.6481e-05   2.7949e+02
20260828_04:00:00   1.9099e-01   5.1191e+01   2.3413e+01   1.9832e-04   2.2026e-04   2.7889e+02
20260828_05:00:00   1.8747e-01   5.0389e+01   2.2869e+01   6.4500e-07   1.2900e-07   2.7941e+02
20260828_06:00:00   1.7919e-01   4.8494e+01   2.1938e+01   0.0000e+00   0.0000e+00   2.7758e+02
20260828_07:00:00   1.8100e-01   4.8904e+01   2.1780e+01   0.0000e+00   0.0000e+00   2.7715e+02
20260828_08:00:00   1.8310e-01   4.9416e+01   2.1905e+01   0.0000e+00   0.0000e+00   2.7593e+02
20260828_09:00:00   1.8817e-01   5.0602e+01   2.2339e+01   0.0000e+00   0.0000e+00   2.7537e+02
20260828_10:00:00   1.9289e-01   5.1694e+01   2.2873e+01   0.0000e+00   0.0000e+00   2.7862e+02
20260828_11:00:00   1.9569e-01   5.2298e+01   2.3214e+01   0.0000e+00   0.0000e+00   2.8256e+02
20260828_12:00:00   1.8684e-01   5.0286e+01   2.2272e+01   0.0000e+00   0.0000e+00   2.8291e+02
20260828_13:00:00   1.8229e-01   4.9248e+01   2.1766e+01   0.0000e+00   0.0000e+00   2.8342e+02
20260828_14:00:00   1.7760e-01   4.8166e+01   2.1193e+01   0.0000e+00   0.0000e+00   2.8458e+02
20260828_15:00:00   1.7356e-01   4.7252e+01   2.0789e+01   0.0000e+00   0.0000e+00   2.8511e+02
20260828_16:00:00   1.7023e-01   4.6508e+01   2.0547e+01   0.0000e+00   0.0000e+00   2.8500e+02
20260828_17:00:00   1.7403e-01   4.7470e+01   2.1242e+01   0.0000e+00   0.0000e+00   2.8424e+02
20260828_18:00:00   1.8397e-01   4.9839e+01   2.2717e+01   4.8120e-05   8.0540e-07   2.8242e+02
20260828_19:00:00   1.9515e-01   5.2435e+01   2.4347e+01   6.6090e-04   1.9604e-04   2.8196e+02
20260828_20:00:00   2.3900e-01   6.1884e+01   2.5324e+01   4.3918e-02   3.1911e-02   2.8299e+02
20260828_21:00:00   3.5314e-01   8.4268e+01   2.7822e+01   1.5028e-01   1.2074e+00   2.8429e+02
20260828_22:00:00   2.0510e-01   5.4312e+01   2.5729e+01   3.2260e-05   6.6680e-01   2.8446e+02
20260828_23:00:00   1.7482e-01   4.7434e+01   2.2558e+01   0.0000e+00   3.7279e-02   2.8263e+02
20260829_00:00:00   1.7707e-01   4.8068e+01   2.2675e+01   1.3046e-03   3.7331e-03   2.8181e+02
20260829_01:00:00   1.8064e-01   4.8944e+01   2.3282e+01   0.0000e+00   3.7183e-04   2.8268e+02
20260829_02:00:00   1.8112e-01   4.9058e+01   2.3256e+01   2.2720e-05   1.0186e-03   2.8087e+02
20260829_03:00:00   1.8698e-01   5.0340e+01   2.3977e+01   0.0000e+00   1.0649e-03   2.8047e+02
20260829_04:00:00   1.9077e-01   5.1169e+01   2.4356e+01   0.0000e+00   7.1215e-04   2.8143e+02
20260829_05:00:00   1.9860e-01   5.2880e+01   2.4886e+01   3.5940e-03   2.3313e-03   2.8006e+02
20260829_06:00:00   2.0707e-01   5.4796e+01   2.5683e+01   2.2318e-03   6.7123e-03   2.7981e+02
20260829_07:00:00   2.0122e-01   5.3536e+01   2.5373e+01   0.0000e+00   4.9641e-03   2.8037e+02
20260829_08:00:00   2.0035e-01   5.3350e+01   2.5161e+01   0.0000e+00   4.3140e-03   2.8200e+02
20260829_09:00:00   2.0146e-01   5.3579e+01   2.5315e+01   0.0000e+00   1.7172e-03   2.8311e+02
20260829_10:00:00   2.0391e-01   5.4102e+01   2.5616e+01   0.0000e+00   4.4603e-03   2.8328e+02
20260829_11:00:00   2.0608e-01   5.4573e+01   2.5627e+01   6.4060e-04   9.1689e-03   2.8357e+02
20260829_12:00:00   2.0723e-01   5.4810e+01   2.5809e+01   4.4260e-05   4.4691e-03   2.8336e+02
20260829_13:00:00   2.0951e-01   5.5321e+01   2.5993e+01   0.0000e+00   9.9341e-04   2.8242e+02
20260829_14:00:00   2.0725e-01   5.4840e+01   2.5720e+01   0.0000e+00   3.8662e-04   2.8369e+02
20260829_15:00:00   2.0122e-01   5.3555e+01   2.5030e+01   0.0000e+00   2.0331e-03   2.8468e+02
20260829_16:00:00   2.0007e-01   5.3367e+01   2.4903e+01   0.0000e+00   1.9574e-03   2.8281e+02
20260829_17:00:00   1.9910e-01   5.3246e+01   2.4784e+01   0.0000e+00   5.2419e-04   2.8310e+02
20260829_18:00:00   1.9638e-01   5.2707e+01   2.4582e+01   0.0000e+00   1.7022e-04   2.8440e+02
20260829_21:00:00   2.6213e-01   6.6467e+01   2.4193e+01   8.3706e-02   3.0223e-02   2.8093e+02
20260830_00:00:00   2.1592e-01   5.6884e+01   2.3301e+01   3.6998e-02   1.2529e-02   2.7959e+02
20260830_03:00:00   3.0661e-01   7.5637e+01   2.9434e+01   8.0260e-02   2.8096e-02   2.8253e+02
20260830_06:00:00   2.4125e-01   6.2377e+01   2.8806e+01   4.6810e-03   2.8210e-03   2.8128e+02
20260830_09:00:00   2.2851e-01   5.9522e+01   2.7781e+01   0.0000e+00   9.3702e-05   2.7984e+02
20260830_12:00:00   2.3383e-01   6.0654e+01   2.7952e+01   0.0000e+00   5.4435e-03   2.8219e+02
20260830_15:00:00   2.0709e-01   5.4912e+01   2.4692e+01   0.0000e+00   1.8639e-02   2.8457e+02
20260830_18:00:00   2.1030e-01   5.5835e+01   2.4625e+01   4.8503e-03   4.6536e-03   2.8217e+02
20260830_21:00:00   2.0870e-01   5.5417e+01   2.3789e+01   1.7134e-02   4.0023e-03   2.8094e+02
20260831_00:00:00   2.8403e-01   7.0930e+01   3.0194e+01   4.0830e-02   7.2819e-01   2.8105e+02
20260831_03:00:00   2.2415e-01   5.8530e+01   2.7143e+01   0.0000e+00   3.7717e-03   2.8147e+02
20260831_06:00:00   2.1496e-01   5.6397e+01   2.6078e+01   4.5160e-06   6.4556e-03   2.8497e+02
20260831_09:00:00   2.3603e-01   6.0729e+01   2.7516e+01   1.0470e-02   1.4998e-03   2.8195e+02
20260831_12:00:00   2.2783e-01   5.8935e+01   2.7489e+01   5.4642e-04   3.3316e-03   2.8313e+02
20260831_15:00:00   2.3330e-01   6.0118e+01   2.7590e+01   4.2964e-03   2.6193e-03   2.8157e+02
20260831_18:00:00   2.4049e-01   6.1888e+01   2.7832e+01   1.3367e-02   1.2663e-03   2.8195e+02
20260831_21:00:00   2.4527e-01   6.2831e+01   2.7495e+01   2.3829e-02   1.8312e-03   2.8129e+02
20260901_00:00:00   3.2169e-01   7.9018e+01   2.6470e+01   1.2128e-01   2.5471e-03   2.7693e+02
20260901_03:00:00   1.8423e-01   4.9626e+01   2.2256e+01   0.0000e+00   1.6180e-03   2.7606e+02
20260901_06:00:00   1.6180e-01   4.4414e+01   1.8845e+01   0.0000e+00   0.0000e+00   2.7618e+02
20260901_09:00:00   1.6027e-01   4.3999e+01   1.8366e+01   0.0000e+00   0.0000e+00   2.7493e+02
20260901_12:00:00   1.5842e-01   4.3495e+01   1.8113e+01   0.0000e+00   0.0000e+00   2.7784e+02
20260901_15:00:00   1.7445e-01   4.7269e+01   1.9981e+01   0.0000e+00   0.0000e+00   2.7626e+02
20260901_18:00:00   1.7203e-01   4.6944e+01   1.9409e+01   2.0544e-03   1.0470e-05   2.7621e+02
20260901_21:00:00   1.8233e-01   4.9209e+01   1.9704e+01   2.0110e-02   2.0667e-03   2.7758e+02
20260902_00:00:00   1.6213e-01   4.4506e+01   1.8045e+01   1.2234e-02   1.1032e-04   2.7690e+02
20260902_03:00:00   1.6189e-01   4.4427e+01   1.9582e+01   0.0000e+00   2.8860e-04   2.7732e+02
20260902_06:00:00   1.9623e-01   5.2218e+01   2.3569e+01   0.0000e+00   2.9461e-04   2.7714e+02
20260902_09:00:00   2.4457e-01   6.2472e+01   2.4452e+01   4.6420e-02   6.6287e-04   2.7760e+02
20260902_12:00:00   1.8622e-01   4.9714e+01   2.2065e+01   0.0000e+00   1.8300e-02   2.7669e+02
20260902_15:00:00   1.8215e-01   4.8788e+01   2.1257e+01   0.0000e+00   6.6877e-03   2.8206e+02
20260902_18:00:00   1.8162e-01   4.8715e+01   2.1200e+01   3.8980e-03   1.0656e-02   2.8655e+02
20260902_21:00:00   1.8347e-01   4.9105e+01   1.7924e+01   3.1647e-02   1.0260e-02   2.8754e+02
20260903_00:00:00   1.3717e-01   3.8454e+01   1.5672e+01   0.0000e+00   5.9740e-05   2.9786e+02
20260903_03:00:00   1.0433e-01   3.0336e+01   1.0823e+01   0.0000e+00   0.0000e+00   3.0062e+02
20260903_06:00:00   1.0692e-01   3.0964e+01   1.0928e+01   0.0000e+00   0.0000e+00   2.9648e+02
20260903_09:00:00   1.1112e-01   3.1940e+01   1.1412e+01   0.0000e+00   0.0000e+00   3.0044e+02
20260903_12:00:00   1.0394e-01   3.0090e+01   1.0336e+01   0.0000e+00   0.0000e+00   2.9761e+02
20260903_15:00:00   9.7489e-02   2.8470e+01   9.4536e+00   0.0000e+00   0.0000e+00   2.9600e+02
20260903_18:00:00   9.9521e-02   2.9019e+01   1.0275e+01   0.0000e+00   0.0000e+00   2.9488e+02
20260903_21:00:00   1.0005e-01   2.9181e+01   1.0831e+01   0.0000e+00   0.0000e+00   2.9598e+02
20260904_00:00:00   1.0781e-01   3.1262e+01   1.1860e+01   0.0000e+00   0.0000e+00   2.9729e+02
20260904_03:00:00   1.1418e-01   3.2927e+01   1.2481e+01   0.0000e+00   0.0000e+00   2.9663e+02
20260904_06:00:00   1.2544e-01   3.5691e+01   1.3785e+01   0.0000e+00   0.0000e+00   2.9721e+02
20260904_09:00:00   1.3160e-01   3.7071e+01   1.4590e+01   0.0000e+00   0.0000e+00   2.9590e+02
20260904_12:00:00   1.3668e-01   3.8219e+01   1.5208e+01   0.0000e+00   2.1620e-05   2.9684e+02
20260904_15:00:00   1.4840e-01   4.1104e+01   1.6451e+01   1.4094e-05   0.0000e+00   2.9856e+02
20260904_18:00:00   1.5082e-01   4.1851e+01   1.7246e+01   4.0980e-06   1.4544e-05   2.9732e+02
20260904_21:00:00   1.6275e-01   4.4763e+01   1.8979e+01   9.6815e-04   2.2826e-03   2.9401e+02
20260905_00:00:00   1.4233e-01   3.9763e+01   1.7044e+01   0.0000e+00   2.5800e-07   2.9225e+02
20260905_03:00:00   1.5202e-01   4.2042e+01   1.8301e+01   0.0000e+00   5.1600e-07   2.8964e+02
20260905_06:00:00   1.5705e-01   4.3128e+01   1.9069e+01   0.0000e+00   0.0000e+00   2.9062e+02
20260905_09:00:00   1.6394e-01   4.4638e+01   1.9781e+01   0.0000e+00   0.0000e+00   2.8528e+02
20260905_12:00:00   2.0608e-01   5.4043e+01   1.9665e+01   4.2259e-02   9.9926e-03   2.8356e+02
20260905_15:00:00   1.7245e-01   4.6710e+01   1.9723e+01   2.9287e-04   7.6040e-05   2.8408e+02
20260905_18:00:00   1.6697e-01   4.5593e+01   1.9298e+01   7.8320e-04   2.9000e-05   2.8271e+02
20260905_21:00:00   1.3695e-01   3.8502e+01   1.5787e+01   0.0000e+00   0.0000e+00   2.8208e+02
20260906_00:00:00   1.3705e-01   3.8555e+01   1.5788e+01   0.0000e+00   0.0000e+00   2.8203e+02
20260906_03:00:00   1.2407e-01   3.5340e+01   1.3792e+01   0.0000e+00   0.0000e+00   2.8039e+02
20260906_06:00:00   1.0579e-01   3.0781e+01   1.0999e+01   0.0000e+00   0.0000e+00   2.8025e+02
20260906_09:00:00   1.0045e-01   2.9330e+01   1.0175e+01   0.0000e+00   0.0000e+00   2.7858e+02
20260906_12:00:00   1.0641e-01   3.0713e+01   1.1234e+01   0.0000e+00   0.0000e+00   2.7572e+02
20260906_15:00:00   1.0044e-01   2.9229e+01   1.0236e+01   0.0000e+00   0.0000e+00   2.7822e+02
20260906_18:00:00   1.1499e-01   3.2882e+01   1.3042e+01   0.0000e+00   0.0000e+00   2.7971e+02
20260906_21:00:00   1.1524e-01   3.2965e+01   1.3570e+01   0.0000e+00   0.0000e+00   2.7662e+02
20260907_00:00:00   1.2741e-01   3.6076e+01   1.5345e+01   0.0000e+00   0.0000e+00   2.7586e+02
20260907_03:00:00   1.3777e-01   3.8528e+01   1.6681e+01   0.0000e+00   0.0000e+00   2.7587e+02
20260907_06:00:00   1.3260e-01   3.7272e+01   1.5697e+01   0.0000e+00   0.0000e+00   2.7431e+02
20260907_09:00:00   1.3368e-01   3.7520e+01   1.5530e+01   0.0000e+00   0.0000e+00   2.7275e+02
20260907_12:00:00   1.3339e-01   3.7448e+01   1.5303e+01   0.0000e+00   0.0000e+00   2.7168e+02
20260907_15:00:00   1.2000e-01   3.4101e+01   1.3636e+01   0.0000e+00   3.5200e-03   2.7405e+02
20260907_18:00:00   1.2255e-01   3.4809e+01   1.4293e+01   0.0000e+00   6.9460e-05   2.7282e+02
20260907_21:00:00   1.2739e-01   3.6003e+01   1.5572e+01   0.0000e+00   7.8123e-05   2.7202e+02
20260908_00:00:00   1.2048e-01   3.4215e+01   1.4829e+01   0.0000e+00   1.6393e-02   2.7371e+02
20260908_03:00:00   1.1332e-01   3.2399e+01   1.3705e+01   0.0000e+00   1.1266e-03   2.7538e+02
20260908_06:00:00   1.3582e-01   3.7877e+01   1.6900e+01   0.0000e+00   3.5436e-02   2.7441e+02
20260908_09:00:00   1.5524e-01   4.2667e+01   1.9167e+01   0.0000e+00   1.1759e-02   2.7345e+02
20260908_12:00:00   1.7238e-01   4.6511e+01   2.1539e+01   0.0000e+00   3.1676e-02   2.7545e+02
20260908_15:00:00   1.7285e-01   4.6637e+01   2.1483e+01   0.0000e+00   3.5520e-04   2.7838e+02
20260908_18:00:00   1.7251e-01   4.6641e+01   2.1825e+01   3.8784e-04   4.3479e-03   2.7880e+02
20260908_21:00:00   1.8672e-01   4.9849e+01   2.1731e+01   1.7773e-02   3.9859e-02   2.7938e+02
20260909_00:00:00   2.0522e-01   5.4247e+01   2.3812e+01   1.9245e-02   4.1862e-02   2.8059e+02
20260909_03:00:00   1.9426e-01   5.1598e+01   2.4386e+01   2.6480e-03   1.7014e-02   2.8406e+02
20260909_06:00:00   1.8229e-01   4.8985e+01   2.2485e+01   0.0000e+00   2.0140e-03   2.8444e+02
20260909_09:00:00   1.8300e-01   4.9164e+01   2.2105e+01   0.0000e+00   1.8022e-05   2.8060e+02
20260909_12:00:00   1.8135e-01   4.8761e+01   2.1805e+01   0.0000e+00   2.1328e-02   2.8180e+02
20260909_15:00:00   1.8662e-01   4.9932e+01   2.2550e+01   0.0000e+00   3.5443e-02   2.8005e+02
20260909_18:00:00   1.8811e-01   5.0384e+01   2.3117e+01   0.0000e+00   1.2100e-01   2.8130e+02
