#            date       tau255        Tb[K]      pwv[mm] lwp[kg*m^-2] iwp[kg*m^-2]       o3[DU]
20260805_18:00:00   1.4064e-01   3.9743e+01   1.7109e+01   0.0000e+00   0.0000e+00   3.0485e+02
20260805_19:00:00   1.5130e-01   4.2263e+01   1.8889e+01   1.0066e-05   4.0263e-05   3.0496e+02
20260805_20:00:00   1.5880e-01   4.3776e+01   1.9034e+01   1.0297e-02   3.5641e-02   3.0136e+02
20260805_21:00:00   1.6464e-01   4.4592e+01   1.7264e+01   3.3363e-02   1.5993e-01   3.0210e+02
20260805_22:00:00   1.2976e-01   3.6666e+01   1.6009e+01   3.7002e-03   5.3701e-02   3.0756e+02
20260805_23:00:00   1.3279e-01   3.7581e+01   1.6742e+01   0.0000e+00   9.5963e-04   3.0663e+02
20260806_00:00:00   1.2732e-01   3.6287e+01   1.5856e+01   0.0000e+00   5.2700e-06   3.0702e+02
20260806_01:00:00   1.1958e-01   3.4332e+01   1.4821e+01   0.0000e+00   3.5080e-04   3.0687e+02
20260806_02:00:00   1.1027e-01   3.1975e+01   1.3363e+01   0.0000e+00   8.0540e-07   3.0458e+02
20260806_03:00:00   1.0593e-01   3.0794e+01   1.2660e+01   1.4862e-05   5.0083e-05   3.0449e+02
20260806_04:00:00   1.0984e-01   3.1704e+01   1.3249e+01   0.0000e+00   3.6522e-03   3.0072e+02
20260806_05:00:00   1.3249e-01   3.7434e+01   1.6324e+01   0.0000e+00   9.0454e-03   3.0221e+02
20260806_06:00:00   1.4242e-01   3.9970e+01   1.7397e+01   0.0000e+00   2.6940e-03   3.0489e+02
20260806_07:00:00   1.6696e-01   4.5939e+01   2.0154e+01   0.0000e+00   1.2306e-03   3.0419e+02
20260806_08:00:00   1.6256e-01   4.4876e+01   1.9328e+01   0.0000e+00   1.6491e-02   3.0669e+02
20260806_09:00:00   1.5842e-01   4.3893e+01   1.8498e+01   0.0000e+00   3.2179e-02   3.0749e+02
20260806_10:00:00   1.5888e-01   4.3980e+01   1.8360e+01   0.0000e+00   4.9635e-03   3.0986e+02
20260806_11:00:00   1.6098e-01   4.4420e+01   1.8482e+01   0.0000e+00   3.5660e-03   3.0867e+02
20260806_12:00:00   1.5597e-01   4.3231e+01   1.7757e+01   0.0000e+00   2.6564e-05   3.1074e+02
20260806_13:00:00   1.4988e-01   4.1750e+01   1.7040e+01   0.0000e+00   9.6420e-04   3.1124e+02
20260806_14:00:00   1.4616e-01   4.0856e+01   1.6661e+01   0.0000e+00   2.5800e-06   3.0963e+02
20260806_15:00:00   1.4285e-01   4.0068e+01   1.6415e+01   0.0000e+00   0.0000e+00   3.0694e+02
20260806_16:00:00   1.3861e-01   3.9079e+01   1.6048e+01   0.0000e+00   0.0000e+00   3.0453e+02
20260806_17:00:00   1.3088e-01   3.7234e+01   1.5362e+01   0.0000e+00   0.0000e+00   3.0525e+02
20260806_18:00:00   1.2896e-01   3.6774e+01   1.5471e+01   0.0000e+00   0.0000e+00   3.0658e+02
20260806_19:00:00   1.3543e-01   3.8323e+01   1.6735e+01   1.8022e-05   1.6029e-05   3.0739e+02
20260806_20:00:00   1.3901e-01   3.9086e+01   1.7400e+01   8.8718e-04   4.4239e-03   3.0426e+02
20260806_21:00:00   2.1612e-01   5.5880e+01   1.9488e+01   7.2763e-02   5.6227e-01   3.0203e+02
20260806_22:00:00   1.6360e-01   4.4717e+01   2.0725e+01   2.8666e-04   6.7905e-01   2.9981e+02
20260806_23:00:00   1.2765e-01   3.6130e+01   1.6287e+01   0.0000e+00   4.2254e-02   3.0030e+02
20260807_00:00:00   1.1806e-01   3.3925e+01   1.4711e+01   2.0902e-05   1.9556e-03   3.0224e+02
20260807_01:00:00   1.2572e-01   3.5728e+01   1.5941e+01   0.0000e+00   4.5691e-02   3.0019e+02
20260807_02:00:00   1.2950e-01   3.6659e+01   1.6366e+01   5.7562e-05   2.8426e-02   3.0086e+02
20260807_03:00:00   1.4778e-01   4.1124e+01   1.8751e+01   1.7236e-04   6.3866e-02   3.0086e+02
20260807_04:00:00   2.0279e-01   5.4146e+01   2.5110e+01   1.3054e-04   9.6958e-02   3.0047e+02
20260807_05:00:00   1.8225e-01   4.9495e+01   2.2400e+01   0.0000e+00   4.1713e-04   2.9928e+02
20260807_06:00:00   1.7896e-01   4.8715e+01   2.1734e+01   0.0000e+00   2.1662e-03   3.0272e+02
20260807_07:00:00   1.7825e-01   4.8514e+01   2.1600e+01   0.0000e+00   8.4884e-05   3.0115e+02
20260807_08:00:00   1.6043e-01   4.4313e+01   1.9601e+01   0.0000e+00   8.7080e-07   3.0179e+02
20260807_09:00:00   1.5220e-01   4.2308e+01   1.8623e+01   0.0000e+00   4.1494e-05   3.0108e+02
20260807_10:00:00   1.5147e-01   4.2156e+01   1.8193e+01   0.0000e+00   7.1899e-05   2.9781e+02
20260807_11:00:00   1.4502e-01   4.0636e+01   1.7140e+01   0.0000e+00   0.0000e+00   2.9886e+02
20260807_12:00:00   1.4534e-01   4.0707e+01   1.7012e+01   0.0000e+00   0.0000e+00   3.0025e+02
20260807_13:00:00   1.4496e-01   4.0609e+01   1.6885e+01   0.0000e+00   0.0000e+00   3.0151e+02
20260807_14:00:00   1.4539e-01   4.0724e+01   1.6897e+01   0.0000e+00   0.0000e+00   3.0298e+02
20260807_15:00:00   1.4500e-01   4.0674e+01   1.6842e+01   0.0000e+00   0.0000e+00   3.0094e+02
20260807_16:00:00   1.4462e-01   4.0609e+01   1.7051e+01   0.0000e+00   0.0000e+00   3.0362e+02
20260807_17:00:00   1.3812e-01   3.9051e+01   1.6516e+01   0.0000e+00   0.0000e+00   3.0576e+02
20260807_18:00:00   1.3463e-01   3.8229e+01   1.6257e+01   0.0000e+00   2.0540e-05   3.0112e+02
20260807_19:00:00   1.2989e-01   3.7047e+01   1.5265e+01   3.6503e-03   9.0592e-03   2.9966e+02
20260807_20:00:00   1.6662e-01   4.5294e+01   1.9099e+01   2.0812e-02   4.8846e-02   2.9917e+02
20260807_21:00:00   2.3335e-01   5.9415e+01   2.2866e+01   6.2342e-02   8.6088e-01   2.9803e+02
20260807_22:00:00   1.6913e-01   4.5871e+01   2.1026e+01   9.8920e-04   7.6259e-01   2.9791e+02
20260807_23:00:00   1.3959e-01   3.8894e+01   1.7614e+01   3.6020e-08   1.6551e-01   3.0046e+02
20260808_00:00:00   1.3929e-01   3.8839e+01   1.7815e+01   0.0000e+00   1.1062e-02   2.9944e+02
20260808_01:00:00   1.6940e-01   4.5886e+01   2.1473e+01   1.9892e-03   2.6466e-01   2.9975e+02
20260808_02:00:00   1.7509e-01   4.7257e+01   2.2100e+01   0.0000e+00   2.4618e-01   3.0113e+02
20260808_03:00:00   1.7148e-01   4.6560e+01   2.1317e+01   0.0000e+00   2.2028e-02   3.0194e+02
20260808_04:00:00   1.5306e-01   4.2251e+01   1.9277e+01   0.0000e+00   2.2408e-02   3.0178e+02
20260808_05:00:00   1.4886e-01   4.1265e+01   1.8813e+01   0.0000e+00   2.7779e-02   3.0145e+02
20260808_06:00:00   1.5021e-01   4.1581e+01   1.8967e+01   0.0000e+00   6.2108e-03   3.0280e+02
20260808_07:00:00   1.5161e-01   4.1937e+01   1.8922e+01   0.0000e+00   7.1343e-03   3.0393e+02
20260808_08:00:00   1.5299e-01   4.2251e+01   1.8956e+01   0.0000e+00   4.0500e-03   3.0209e+02
20260808_09:00:00   1.5362e-01   4.2388e+01   1.8821e+01   0.0000e+00   6.9113e-05   3.0203e+02
20260808_10:00:00   1.5054e-01   4.1652e+01   1.8416e+01   0.0000e+00   6.3110e-07   3.0435e+02
20260808_11:00:00   1.4766e-01   4.1001e+01   1.7919e+01   0.0000e+00   0.0000e+00   3.0225e+02
20260808_12:00:00   1.4829e-01   4.1197e+01   1.7795e+01   0.0000e+00   0.0000e+00   3.0290e+02
20260808_13:00:00   1.4784e-01   4.1110e+01   1.7658e+01   0.0000e+00   0.0000e+00   3.0190e+02
20260808_14:00:00   1.4405e-01   4.0250e+01   1.7025e+01   0.0000e+00   0.0000e+00   3.0076e+02
20260808_15:00:00   1.3789e-01   3.8824e+01   1.6091e+01   0.0000e+00   0.0000e+00   2.9988e+02
20260808_16:00:00   1.3783e-01   3.8874e+01   1.6023e+01   0.0000e+00   0.0000e+00   3.0037e+02
20260808_17:00:00   1.3757e-01   3.8888e+01   1.6043e+01   0.0000e+00   0.0000e+00   2.9908e+02
20260808_18:00:00   1.3721e-01   3.8868e+01   1.6081e+01   0.0000e+00   0.0000e+00   3.0018e+02
20260808_19:00:00   1.3415e-01   3.8149e+01   1.5911e+01   0.0000e+00   0.0000e+00   3.0300e+02
20260808_20:00:00   1.2976e-01   3.7060e+01   1.5560e+01   0.0000e+00   1.6106e-06   3.0345e+02
20260808_21:00:00   1.3117e-01   3.7396e+01   1.5950e+01   2.6177e-05   1.7032e-04   3.0371e+02
20260808_22:00:00   1.3937e-01   3.9393e+01   1.7327e+01   0.0000e+00   6.8164e-03   3.0407e+02
20260808_23:00:00   3.8150e-01   8.8702e+01   2.1311e+01   2.4264e-01   3.5202e-02   3.0483e+02
20260809_00:00:00   7.0611e-01   1.3764e+02   2.7175e+01   5.5279e-01   1.9687e+00   3.0207e+02
20260809_01:00:00   1.8107e-01   4.8780e+01   2.2576e+01   1.5317e-04   5.2927e-01   3.0245e+02
20260809_02:00:00   1.6511e-01   4.5081e+01   2.0962e+01   0.0000e+00   2.8362e-01   3.0324e+02
20260809_03:00:00   1.6226e-01   4.4488e+01   2.0609e+01   0.0000e+00   1.9694e-01   3.0219e+02
20260809_04:00:00   1.4829e-01   4.1181e+01   1.8925e+01   0.0000e+00   5.3210e-03   3.0283e+02
20260809_05:00:00   1.5184e-01   4.2000e+01   1.9502e+01   0.0000e+00   7.6052e-03   3.0251e+02
20260809_06:00:00   1.5675e-01   4.3190e+01   2.0022e+01   0.0000e+00   1.5138e-03   3.0240e+02
20260809_07:00:00   1.6295e-01   4.4682e+01   2.0638e+01   0.0000e+00   5.4040e-08   3.0300e+02
20260809_08:00:00   1.6433e-01   4.5110e+01   2.0531e+01   0.0000e+00   0.0000e+00   3.0375e+02
20260809_09:00:00   1.6386e-01   4.4995e+01   2.0435e+01   0.0000e+00   0.0000e+00   3.0643e+02
20260809_10:00:00   1.6941e-01   4.6270e+01   2.1154e+01   0.0000e+00   0.0000e+00   3.0559e+02
20260809_11:00:00   1.7243e-01   4.6955e+01   2.1489e+01   0.0000e+00   0.0000e+00   3.0622e+02
20260809_12:00:00   1.7183e-01   4.6795e+01   2.1325e+01   0.0000e+00   0.0000e+00   3.0456e+02
20260809_13:00:00   1.7057e-01   4.6493e+01   2.1055e+01   0.0000e+00   0.0000e+00   3.0609e+02
20260809_14:00:00   1.6961e-01   4.6280e+01   2.0902e+01   0.0000e+00   0.0000e+00   3.0660e+02
20260809_15:00:00   1.6787e-01   4.5916e+01   2.0731e+01   0.0000e+00   4.0260e-06   3.0813e+02
20260809_16:00:00   1.6744e-01   4.5871e+01   2.0783e+01   0.0000e+00   2.0140e-06   3.0747e+02
20260809_17:00:00   1.6472e-01   4.5329e+01   2.0534e+01   0.0000e+00   0.0000e+00   3.0721e+02
20260809_18:00:00   1.6504e-01   4.5507e+01   2.0712e+01   0.0000e+00   0.0000e+00   3.0598e+02
20260809_19:00:00   1.5957e-01   4.4266e+01   2.0224e+01   2.0140e-05   4.0263e-06   3.0415e+02
20260809_20:00:00   1.4647e-01   4.1170e+01   1.8560e+01   8.4160e-05   3.7523e-04   3.0249e+02
20260809_21:00:00   1.4870e-01   4.1781e+01   1.8917e+01   8.2543e-05   1.9156e-04   3.0182e+02
20260809_22:00:00   2.2967e-01   5.9689e+01   2.3427e+01   5.6409e-02   4.7312e-02   3.0113e+02
20260809_23:00:00   9.1102e-01   1.6302e+02   2.7283e+01   7.9544e-01   1.0582e+00   2.9935e+02
20260810_00:00:00   4.3303e-01   9.7080e+01   3.0150e+01   2.1426e-01   2.7797e+00   2.9575e+02
20260810_01:00:00   1.9292e-01   5.1350e+01   2.4230e+01   0.0000e+00   8.6657e-01   3.0022e+02
20260810_02:00:00   1.7057e-01   4.6435e+01   2.1773e+01   0.0000e+00   3.2543e-01   3.0001e+02
20260810_03:00:00   1.6479e-01   4.5078e+01   2.1267e+01   0.0000e+00   3.4822e-01   3.0074e+02
20260810_04:00:00   1.6941e-01   4.6155e+01   2.1887e+01   3.6040e-05   6.4494e-02   3.0054e+02
20260810_05:00:00   1.7049e-01   4.6402e+01   2.1845e+01   0.0000e+00   2.7862e-03   3.0093e+02
20260810_06:00:00   1.8224e-01   4.9106e+01   2.3061e+01   0.0000e+00   8.5009e-03   3.0205e+02
20260810_07:00:00   1.7956e-01   4.8541e+01   2.2802e+01   3.6040e-05   1.0318e-03   3.0082e+02
20260810_08:00:00   1.8942e-01   5.0856e+01   2.3724e+01   0.0000e+00   1.0460e-03   3.0148e+02
20260810_09:00:00   1.8718e-01   5.0351e+01   2.3583e+01   0.0000e+00   4.8043e-03   2.9916e+02
20260810_10:00:00   1.8855e-01   5.0630e+01   2.3668e+01   0.0000e+00   1.5174e-03   2.9845e+02
20260810_11:00:00   1.8536e-01   4.9883e+01   2.3163e+01   0.0000e+00   1.4450e-04   2.9843e+02
20260810_12:00:00   1.8102e-01   4.8870e+01   2.2638e+01   0.0000e+00   0.0000e+00   2.9826e+02
20260810_13:00:00   1.7547e-01   4.7610e+01   2.1988e+01   0.0000e+00   0.0000e+00   2.9925e+02
20260810_14:00:00   1.7275e-01   4.6989e+01   2.1655e+01   0.0000e+00   9.6760e-07   3.0210e+02
20260810_15:00:00   1.6783e-01   4.5860e+01   2.1148e+01   0.0000e+00   1.6126e-07   2.9965e+02
20260810_16:00:00   1.6666e-01   4.5643e+01   2.1060e+01   0.0000e+00   2.7440e-04   2.9862e+02
20260810_17:00:00   1.6787e-01   4.6014e+01   2.1276e+01   0.0000e+00   1.5332e-03   2.9906e+02
20260810_18:00:00   1.7266e-01   4.7200e+01   2.2041e+01   0.0000e+00   1.8163e-03   2.9968e+02
20260810_21:00:00   2.5553e-01   6.5304e+01   2.5034e+01   6.8585e-02   1.8734e-01   2.9723e+02
20260811_00:00:00   3.1002e-01   7.5297e+01   2.5035e+01   1.3254e-01   1.2096e+00   3.0012e+02
20260811_03:00:00   2.2315e-01   5.8406e+01   2.7833e+01   1.8710e-03   1.2414e-01   2.9883e+02
20260811_06:00:00   2.1821e-01   5.7293e+01   2.6983e+01   0.0000e+00   2.9119e-02   2.9895e+02
20260811_09:00:00   2.2405e-01   5.8604e+01   2.7269e+01   0.0000e+00   1.9041e-02   3.0306e+02
20260811_12:00:00   2.0587e-01   5.4708e+01   2.4776e+01   0.0000e+00   3.6685e-05   3.0386e+02
20260811_15:00:00   1.9952e-01   5.3337e+01   2.4229e+01   0.0000e+00   0.0000e+00   3.0644e+02
20260811_18:00:00   2.0671e-01   5.5226e+01   2.5379e+01   0.0000e+00   0.0000e+00   3.0271e+02
20260811_21:00:00   2.1567e-01   5.7263e+01   2.5708e+01   1.5400e-02   1.2983e-01   3.0492e+02
20260812_00:00:00   2.9861e-01   7.4198e+01   2.5762e+01   1.1011e-01   3.9742e-02   3.0200e+02
20260812_03:00:00   1.9852e-01   5.3273e+01   2.5563e+01   0.0000e+00   3.0654e-02   3.0293e+02
20260812_06:00:00   2.2570e-01   5.9252e+01   2.8096e+01   0.0000e+00   4.7815e-03   3.0343e+02
20260812_09:00:00   2.1793e-01   5.7502e+01   2.7114e+01   0.0000e+00   1.1795e-03   3.0227e+02
20260812_12:00:00   1.9531e-01   5.2312e+01   2.4444e+01   0.0000e+00   4.0817e-03   3.0236e+02
20260812_15:00:00   1.8782e-01   5.0646e+01   2.3538e+01   0.0000e+00   5.6192e-04   3.0108e+02
20260812_18:00:00   1.8334e-01   4.9729e+01   2.3345e+01   0.0000e+00   3.4172e-03   3.0020e+02
20260812_21:00:00   2.0426e-01   5.4532e+01   2.4788e+01   1.3244e-02   2.0493e-02   2.9997e+02
20260813_00:00:00   2.0158e-01   5.3618e+01   2.5474e+01   0.0000e+00   4.7533e-01   2.9814e+02
20260813_03:00:00   2.0391e-01   5.4234e+01   2.5956e+01   1.4997e-05   1.8214e-01   3.0047e+02
20260813_06:00:00   2.2128e-01   5.7953e+01   2.7947e+01   0.0000e+00   1.0526e-01   2.9992e+02
20260813_09:00:00   2.1140e-01   5.5754e+01   2.7008e+01   0.0000e+00   7.7406e-02   2.9983e+02
20260813_12:00:00   2.3468e-01   6.0789e+01   2.9196e+01   0.0000e+00   9.0219e-03   2.9874e+02
20260813_15:00:00   2.3346e-01   6.0639e+01   2.8930e+01   0.0000e+00   1.3473e-02   3.0003e+02
20260813_18:00:00   2.3318e-01   6.0880e+01   2.8859e+01   0.0000e+00   1.8509e-02   2.9882e+02
20260813_21:00:00   3.0089e-01   7.5183e+01   2.8285e+01   8.6818e-02   9.8660e-05   2.9730e+02
20260814_00:00:00   3.7416e-01   8.8910e+01   3.2081e+01   1.3410e-01   1.7654e-01   2.9709e+02
20260814_03:00:00   2.5257e-01   6.4805e+01   3.1149e+01   0.0000e+00   1.0835e-01   3.0111e+02
20260814_06:00:00   2.2621e-01   5.9265e+01   2.7628e+01   0.0000e+00   2.7608e-03   3.0003e+02
20260814_09:00:00   2.4631e-01   6.3462e+01   2.9990e+01   0.0000e+00   6.2362e-03   3.0149e+02
20260814_12:00:00   2.5091e-01   6.4349e+01   3.0506e+01   0.0000e+00   2.9293e-02   3.0256e+02
20260814_15:00:00   2.4811e-01   6.3802e+01   3.0307e+01   1.0814e-04   2.1808e-02   3.0215e+02
20260814_18:00:00   2.4143e-01   6.2684e+01   2.9916e+01   1.8022e-05   1.6089e-03   3.0182e+02
20260814_21:00:00   2.6837e-01   6.8447e+01   3.0359e+01   3.1620e-02   5.4334e-03   2.9988e+02
20260815_00:00:00   2.0931e-01   5.5577e+01   2.6401e+01   3.1655e-03   1.7445e-05   2.9953e+02
20260815_03:00:00   4.0499e-01   9.4276e+01   2.6837e+01   2.1518e-01   9.2655e-03   3.0111e+02
20260815_06:00:00   6.5769e-01   1.3446e+02   2.9147e+01   4.6818e-01   4.1627e-02   3.0217e+02
20260815_09:00:00   4.8825e-01   1.0841e+02   2.9626e+01   2.7691e-01   2.0470e-02   3.0262e+02
20260815_12:00:00   2.6307e-01   6.6946e+01   2.7540e+01   3.7429e-02   3.5457e-03   3.0158e+02
20260815_15:00:00   4.2060e-01   9.7223e+01   2.8747e+01   1.9695e-01   1.0039e-02   3.0139e+02
20260815_18:00:00   2.3512e-01   6.1224e+01   2.8092e+01   2.4866e-04   1.1875e-02   3.0462e+02
20260815_21:00:00   2.1658e-01   5.7215e+01   2.6553e+01   1.7185e-03   7.5552e-03   3.0026e+02
20260816_00:00:00   1.7886e-01   4.8636e+01   2.2421e+01   1.0066e-06   6.2000e-06   3.0042e+02
20260816_03:00:00   2.2064e-01   5.8044e+01   2.6571e+01   1.4276e-03   1.4494e-03   3.0103e+02
20260816_06:00:00   2.2588e-01   5.9003e+01   2.6986e+01   0.0000e+00   1.8324e-04   2.9880e+02
20260816_09:00:00   2.1503e-01   5.6600e+01   2.5711e+01   0.0000e+00   0.0000e+00   2.9910e+02
20260816_12:00:00   2.2590e-01   5.8926e+01   2.6346e+01   0.0000e+00   1.9026e-05   2.9952e+02
20260816_15:00:00   2.1507e-01   5.6595e+01   2.5287e+01   0.0000e+00   3.0542e-04   3.0069e+02
20260816_18:00:00   2.0653e-01   5.4878e+01   2.4847e+01   0.0000e+00   2.5816e-04   2.9853e+02
20260816_21:00:00   2.0876e-01   5.5445e+01   2.5109e+01   8.2495e-03   8.4672e-04   2.9625e+02
20260817_00:00:00   2.9988e-01   7.4698e+01   2.6209e+01   1.0155e-01   1.8629e-02   2.9410e+02
20260817_03:00:00   4.2281e-01   9.7322e+01   2.8692e+01   2.1323e-01   7.9776e-02   2.9515e+02
20260817_06:00:00   2.2624e-01   5.9186e+01   2.7713e+01   7.6269e-04   2.6610e-04   2.9493e+02
20260817_09:00:00   2.3119e-01   6.0266e+01   2.7937e+01   1.8022e-05   3.1782e-05   2.9546e+02
20260817_12:00:00   2.5193e-01   6.4606e+01   2.9996e+01   3.1000e-03   2.8402e-04   2.9377e+02
20260817_15:00:00   2.5404e-01   6.5076e+01   3.0466e+01   0.0000e+00   5.3528e-04   2.9423e+02
20260817_18:00:00   2.4111e-01   6.2447e+01   2.9973e+01   8.8590e-05   3.7986e-03   2.9473e+02
20260817_21:00:00   2.4074e-01   6.2417e+01   2.9237e+01   1.1071e-02   1.2680e-03   2.9252e+02
20260818_00:00:00   4.0461e-01   9.4860e+01   2.9099e+01   1.9466e-01   1.6675e-04   2.9122e+02
20260818_03:00:00   7.1270e-01   1.4289e+02   2.9814e+01   5.3462e-01   2.3648e-03   2.8941e+02
20260818_06:00:00   2.6177e-01   6.6966e+01   2.6699e+01   3.7474e-02   3.8926e-05   2.9121e+02
20260818_09:00:00   2.1645e-01   5.7255e+01   2.4301e+01   2.3893e-03   1.4243e-04   2.9251e+02
20260818_12:00:00   2.0723e-01   5.5209e+01   2.2853e+01   2.3820e-04   0.0000e+00   2.9362e+02
20260818_15:00:00   2.0025e-01   5.3590e+01   2.2409e+01   0.0000e+00   0.0000e+00   2.9459e+02
20260818_18:00:00   2.0711e-01   5.5099e+01   2.3591e+01   5.5070e-03   5.4780e-06   2.9305e+02
20260818_21:00:00   6.8307e-01   1.3751e+02   2.5221e+01   5.3462e-01   6.6314e-03   2.9056e+02
20260819_00:00:00   2.7292e-01   6.9036e+01   2.4078e+01   8.2072e-02   9.2541e-04   2.8949e+02
20260819_03:00:00   1.9641e-01   5.2531e+01   2.3174e+01   5.2052e-03   1.2653e-03   2.9119e+02
20260819_06:00:00   1.9303e-01   5.1743e+01   2.3237e+01   3.0640e-04   1.4418e-05   2.9011e+02
20260819_09:00:00   1.9824e-01   5.2722e+01   2.3933e+01   2.2421e-03   9.3609e-03   2.9021e+02
20260819_12:00:00   2.0884e-01   5.5125e+01   2.4980e+01   0.0000e+00   4.0375e-03   2.9266e+02
20260819_15:00:00   2.4069e-01   6.1937e+01   2.5589e+01   3.1577e-02   7.7159e-04   2.9228e+02
20260819_18:00:00   2.1058e-01   5.5605e+01   2.4783e+01   8.1000e-03   4.0260e-06   2.9199e+02
20260819_21:00:00   3.5301e-01   8.4694e+01   2.6601e+01   1.5341e-01   1.9024e-03   2.9041e+02
20260820_00:00:00   2.0711e-01   5.5004e+01   2.4398e+01   1.1229e-02   1.7778e-03   2.9150e+02
20260820_03:00:00   2.0816e-01   5.5305e+01   2.4184e+01   7.6872e-03   2.6880e-04   2.9122e+02
20260820_06:00:00   2.1077e-01   5.5910e+01   2.4801e+01   9.4440e-04   1.6106e-06   2.9322e+02
20260820_09:00:00   2.1855e-01   5.7553e+01   2.3658e+01   1.8171e-02   2.6700e-05   2.9167e+02
20260820_12:00:00   1.9781e-01   5.2980e+01   2.2769e+01   8.6800e-04   8.4560e-06   2.9210e+02
20260820_15:00:00   1.9507e-01   5.2391e+01   2.2426e+01   0.0000e+00   0.0000e+00   2.9631e+02
20260820_18:00:00   1.9877e-01   5.3267e+01   2.2881e+01   5.3002e-03   6.4420e-06   2.9719e+02
20260820_21:00:00   2.2659e-01   5.8973e+01   2.1197e+01   6.0464e-02   1.7532e-03   2.9380e+02
20260821_00:00:00   1.7119e-01   4.6867e+01   2.0376e+01   6.1278e-03   6.3258e-04   2.9409e+02
20260821_03:00:00   1.9242e-01   5.1716e+01   2.2118e+01   1.3152e-02   4.2820e-03   2.9579e+02
20260821_06:00:00   1.7877e-01   4.8734e+01   2.1234e+01   3.7080e-05   3.8700e-07   2.9414e+02
20260821_09:00:00   1.7873e-01   4.8651e+01   2.1040e+01   0.0000e+00   0.0000e+00   2.9642e+02
20260821_12:00:00   1.7830e-01   4.8483e+01   2.0829e+01   0.0000e+00   0.0000e+00   2.9824e+02
20260821_15:00:00   1.7242e-01   4.7146e+01   2.0082e+01   0.0000e+00   0.0000e+00   2.9588e+02
20260821_18:00:00   1.6026e-01   4.4311e+01   1.8831e+01   2.2766e-03   4.7280e-04   2.9672e+02
