#            date       tau255        Tb[K]      pwv[mm] lwp[kg*m^-2] iwp[kg*m^-2]       o3[DU]
20261009_12:00:00   1.2467e-01   3.4920e+01   1.2364e+01   0.0000e+00   0.0000e+00   2.6496e+02
20261009_13:00:00   1.2322e-01   3.4561e+01   1.2126e+01   0.0000e+00   0.0000e+00   2.6489e+02
20261009_14:00:00   1.2050e-01   3.3900e+01   1.1741e+01   0.0000e+00   0.0000e+00   2.6370e+02
20261009_15:00:00   1.1884e-01   3.3506e+01   1.1494e+01   0.0000e+00   0.0000e+00   2.6600e+02
20261009_16:00:00   1.1794e-01   3.3310e+01   1.1362e+01   0.0000e+00   0.0000e+00   2.6935e+02
20261009_17:00:00   1.1761e-01   3.3273e+01   1.1333e+01   0.0000e+00   0.0000e+00   2.7008e+02
20261009_18:00:00   1.1578e-01   3.2872e+01   1.1173e+01   0.0000e+00   0.0000e+00   2.6955e+02
20261009_19:00:00   1.1688e-01   3.3175e+01   1.1345e+01   0.0000e+00   0.0000e+00   2.6859e+02
20261009_20:00:00   1.1521e-01   3.2791e+01   1.1256e+01   0.0000e+00   1.6106e-06   2.6654e+02
20261009_21:00:00   1.1238e-01   3.2089e+01   1.1013e+01   2.4362e-04   1.5647e-03   2.6570e+02
20261009_22:00:00   1.1325e-01   3.2282e+01   1.1145e+01   1.2422e-03   5.1059e-03   2.6621e+02
20261009_23:00:00   1.1079e-01   3.1663e+01   1.0935e+01   0.0000e+00   1.5464e-03   2.6623e+02
20261010_00:00:00   1.0672e-01   3.0631e+01   1.0347e+01   0.0000e+00   9.1320e-06   2.6634e+02
20261010_01:00:00   1.0237e-01   2.9510e+01   9.7815e+00   0.0000e+00   0.0000e+00   2.6508e+02
20261010_02:00:00   1.0132e-01   2.9230e+01   9.6865e+00   0.0000e+00   0.0000e+00   2.6493e+02
20261010_03:00:00   1.0834e-01   3.0941e+01   1.0735e+01   0.0000e+00   0.0000e+00   2.6494e+02
20261010_04:00:00   1.1758e-01   3.3161e+01   1.2061e+01   0.0000e+00   0.0000e+00   2.6522e+02
20261010_05:00:00   1.2268e-01   3.4383e+01   1.2719e+01   0.0000e+00   8.8580e-06   2.6465e+02
20261010_06:00:00   1.2945e-01   3.6031e+01   1.3524e+01   0.0000e+00   0.0000e+00   2.6408e+02
20261010_07:00:00   1.3093e-01   3.6426e+01   1.3607e+01   0.0000e+00   0.0000e+00   2.6327e+02
20261010_08:00:00   1.3318e-01   3.6973e+01   1.3775e+01   0.0000e+00   0.0000e+00   2.6245e+02
20261010_09:00:00   1.3500e-01   3.7395e+01   1.3970e+01   0.0000e+00   0.0000e+00   2.6218e+02
20261010_10:00:00   1.3900e-01   3.8321e+01   1.4460e+01   0.0000e+00   1.5302e-05   2.6064e+02
20261010_11:00:00   1.4213e-01   3.9009e+01   1.5115e+01   0.0000e+00   1.6106e-06   2.6023e+02
20261010_12:00:00   1.4473e-01   3.9608e+01   1.5495e+01   0.0000e+00   0.0000e+00   2.5871e+02
20261010_13:00:00   1.4715e-01   4.0170e+01   1.5775e+01   0.0000e+00   0.0000e+00   2.5883e+02
20261010_14:00:00   1.4968e-01   4.0767e+01   1.5946e+01   0.0000e+00   0.0000e+00   2.6042e+02
20261010_15:00:00   1.5312e-01   4.1597e+01   1.6236e+01   0.0000e+00   0.0000e+00   2.6367e+02
20261010_16:00:00   1.5005e-01   4.0933e+01   1.5760e+01   8.6180e-06   1.1120e-05   2.7192e+02
20261010_17:00:00   1.4445e-01   3.9677e+01   1.5046e+01   9.1100e-04   2.5780e-05   2.7414e+02
20261010_18:00:00   1.4446e-01   3.9656e+01   1.5373e+01   1.5262e-03   1.0392e-04   2.7429e+02
20261010_19:00:00   1.4002e-01   3.8582e+01   1.5226e+01   1.4484e-03   5.7844e-04   2.7524e+02
20261010_20:00:00   1.5026e-01   4.0922e+01   1.7110e+01   1.5100e-04   5.3610e-03   2.6962e+02
20261010_21:00:00   1.5379e-01   4.1771e+01   1.7533e+01   7.9727e-04   9.0798e-03   2.6478e+02
20261010_22:00:00   1.5015e-01   4.0925e+01   1.7277e+01   3.9396e-05   1.5940e-02   2.6152e+02
20261010_23:00:00   1.4449e-01   3.9552e+01   1.6897e+01   0.0000e+00   6.6015e-02   2.6002e+02
20261011_00:00:00   1.5583e-01   4.2164e+01   1.8280e+01   1.4406e-03   2.3688e-02   2.6083e+02
20261011_01:00:00   2.3029e-01   5.8768e+01   2.3159e+01   3.6267e-02   9.4611e-02   2.6186e+02
20261011_02:00:00   2.8256e-01   6.9513e+01   2.3599e+01   9.1106e-02   3.1744e-01   2.6128e+02
20261011_03:00:00   1.9966e-01   5.2069e+01   2.3489e+01   4.3522e-05   1.3630e-01   2.6030e+02
20261011_04:00:00   4.4611e-01   1.0054e+02   2.3402e+01   2.7956e-01   7.7285e-03   2.5943e+02
20261011_05:00:00   2.9165e-01   7.1499e+01   2.3058e+01   1.0665e-01   1.0654e-02   2.5983e+02
20261011_06:00:00   1.9907e-01   5.2077e+01   2.3258e+01   2.4341e-04   3.6618e-03   2.5992e+02
20261011_07:00:00   2.9470e-01   7.2259e+01   2.4225e+01   1.0045e-01   2.7162e-02   2.5862e+02
20261011_08:00:00   2.1727e-01   5.6102e+01   2.4369e+01   1.0040e-02   1.0611e-02   2.5956e+02
20261011_09:00:00   2.1125e-01   5.4783e+01   2.4696e+01   2.8823e-05   5.4956e-03   2.6023e+02
20261011_10:00:00   2.5258e-01   6.3667e+01   2.4925e+01   4.2758e-02   7.4252e-04   2.5925e+02
20261011_11:00:00   2.1110e-01   5.4847e+01   2.3912e+01   1.4756e-03   5.5112e-04   2.5871e+02
20261011_12:00:00   2.0799e-01   5.4198e+01   2.3220e+01   4.3249e-03   3.1838e-05   2.5764e+02
20261011_13:00:00   1.8989e-01   5.0190e+01   2.1540e+01   1.7566e-04   0.0000e+00   2.5711e+02
20261011_14:00:00   1.7801e-01   4.7507e+01   2.0094e+01   0.0000e+00   0.0000e+00   2.5623e+02
20261011_15:00:00   1.7953e-01   4.7880e+01   2.0311e+01   0.0000e+00   4.8380e-07   2.5560e+02
20261011_16:00:00   1.8649e-01   4.9497e+01   2.1120e+01   6.0400e-06   0.0000e+00   2.5579e+02
20261011_17:00:00   1.8332e-01   4.8855e+01   2.0660e+01   4.3280e-05   0.0000e+00   2.5536e+02
20261011_18:00:00   1.7779e-01   4.7686e+01   1.9796e+01   1.1128e-05   0.0000e+00   2.5381e+02
20261011_19:00:00   1.7694e-01   4.7513e+01   1.9812e+01   4.2303e-04   3.9687e-05   2.5341e+02
20261011_20:00:00   1.8959e-01   5.0358e+01   2.0058e+01   1.6708e-02   4.5635e-05   2.5301e+02
20261011_21:00:00   2.2755e-01   5.8786e+01   1.9889e+01   5.8509e-02   5.6716e-05   2.5188e+02
20261011_22:00:00   2.7165e-01   6.8132e+01   1.9629e+01   1.0981e-01   8.9995e-05   2.5125e+02
20261011_23:00:00   5.2620e-01   1.1393e+02   2.1222e+01   3.8427e-01   1.5733e-02   2.5179e+02
20261012_00:00:00   3.3284e-01   8.0001e+01   2.0255e+01   1.7544e-01   3.3542e-02   2.5074e+02
20261012_01:00:00   3.8828e-01   9.0322e+01   2.1942e+01   2.2301e-01   1.1169e-01   2.5008e+02
20261012_02:00:00   2.4469e-01   6.2495e+01   2.0371e+01   7.1295e-02   5.6570e-04   2.5120e+02
20261012_03:00:00   1.6848e-01   4.5514e+01   1.9079e+01   4.1620e-05   1.5440e-05   2.5139e+02
20261012_04:00:00   1.7922e-01   4.7952e+01   2.0173e+01   2.4331e-04   8.0500e-05   2.5151e+02
20261012_05:00:00   1.7518e-01   4.7055e+01   1.9562e+01   0.0000e+00   8.1980e-07   2.5220e+02
20261012_06:00:00   1.7753e-01   4.7584e+01   1.9657e+01   0.0000e+00   0.0000e+00   2.5256e+02
20261012_07:00:00   1.7842e-01   4.7808e+01   1.9284e+01   0.0000e+00   1.4412e-08   2.5168e+02
20261012_08:00:00   1.7911e-01   4.7941e+01   1.9343e+01   1.3330e-06   7.2660e-06   2.4891e+02
20261012_09:00:00   1.7948e-01   4.8009e+01   1.9228e+01   1.8441e-04   8.3127e-06   2.4853e+02
20261012_10:00:00   1.7283e-01   4.6502e+01   1.8129e+01   0.0000e+00   8.0540e-07   2.4835e+02
20261012_11:00:00   1.6840e-01   4.5469e+01   1.7444e+01   0.0000e+00   0.0000e+00   2.4677e+02
20261012_12:00:00   1.6384e-01   4.4403e+01   1.6715e+01   0.0000e+00   0.0000e+00   2.4638e+02
20261012_13:00:00   1.5773e-01   4.2940e+01   1.5984e+01   0.0000e+00   0.0000e+00   2.4520e+02
20261012_14:00:00   1.5291e-01   4.1779e+01   1.5403e+01   0.0000e+00   0.0000e+00   2.4409e+02
20261012_15:00:00   1.4848e-01   4.0751e+01   1.4744e+01   9.8060e-04   0.0000e+00   2.4443e+02
20261012_16:00:00   1.5339e-01   4.1916e+01   1.5642e+01   7.0460e-06   0.0000e+00   2.4518e+02
20261012_17:00:00   1.4934e-01   4.0988e+01   1.5286e+01   2.3160e-04   0.0000e+00   2.4529e+02
20261012_18:00:00   1.3674e-01   3.7996e+01   1.4155e+01   1.2970e-06   0.0000e+00   2.4556e+02
20261012_19:00:00   1.4312e-01   3.9508e+01   1.5199e+01   1.4412e-06   0.0000e+00   2.4677e+02
20261012_20:00:00   1.4190e-01   3.9285e+01   1.4861e+01   4.2624e-04   7.2620e-06   2.4722e+02
20261012_21:00:00   1.4478e-01   3.9929e+01   1.5395e+01   1.0396e-03   6.5440e-06   2.4676e+02
20261012_22:00:00   2.1517e-01   5.5839e+01   1.6129e+01   7.4754e-02   1.7494e-04   2.4822e+02
20261012_23:00:00   3.1833e-01   7.7254e+01   1.6469e+01   1.8874e-01   2.1460e-04   2.4885e+02
20261013_00:00:00   1.6091e-01   4.3736e+01   1.6362e+01   1.1274e-02   2.0480e-04   2.4821e+02
20261013_01:00:00   1.5451e-01   4.2266e+01   1.6405e+01   3.4280e-03   4.5760e-05   2.4784e+02
20261013_02:00:00   1.8088e-01   4.8243e+01   1.7517e+01   2.1899e-02   4.3905e-04   2.4742e+02
20261013_03:00:00   2.0327e-01   5.3251e+01   1.7969e+01   4.1619e-02   1.4383e-03   2.4730e+02
20261013_04:00:00   2.7421e-01   6.8445e+01   1.8470e+01   1.1525e-01   1.0265e-03   2.4679e+02
20261013_05:00:00   2.7691e-01   6.9087e+01   1.8403e+01   1.1730e-01   3.4138e-04   2.4749e+02
20261013_06:00:00   2.8037e-01   6.9751e+01   1.7510e+01   1.3019e-01   1.5272e-04   2.4676e+02
20261013_07:00:00   2.4936e-01   6.3271e+01   1.7289e+01   9.6998e-02   1.0360e-04   2.4670e+02
20261013_08:00:00   2.3688e-01   6.0526e+01   1.6344e+01   9.2140e-02   1.3180e-04   2.4686e+02
20261013_09:00:00   1.4531e-01   4.0054e+01   1.5072e+01   0.0000e+00   0.0000e+00   2.4608e+02
20261013_10:00:00   1.4626e-01   4.0228e+01   1.5154e+01   0.0000e+00   0.0000e+00   2.4592e+02
20261013_11:00:00   1.4775e-01   4.0535e+01   1.5356e+01   0.0000e+00   0.0000e+00   2.4519e+02
20261013_12:00:00   1.4258e-01   3.9304e+01   1.4758e+01   0.0000e+00   0.0000e+00   2.4494e+02
20261013_13:00:00   1.4120e-01   3.8986e+01   1.4522e+01   0.0000e+00   0.0000e+00   2.4534e+02
20261013_14:00:00   1.4754e-01   4.0484e+01   1.5286e+01   0.0000e+00   0.0000e+00   2.4610e+02
20261013_15:00:00   1.4783e-01   4.0565e+01   1.5245e+01   0.0000e+00   0.0000e+00   2.4672e+02
20261013_16:00:00   2.5289e-01   6.3831e+01   1.6253e+01   1.1046e-01   1.0092e-04   2.4651e+02
20261013_17:00:00   1.4035e-01   3.8876e+01   1.4410e+01   5.0340e-06   0.0000e+00   2.4644e+02
20261013_18:00:00   1.5491e-01   4.2350e+01   1.6190e+01   1.7344e-04   0.0000e+00   2.4627e+02
20261013_19:00:00   4.2997e-01   9.8370e+01   1.8151e+01   2.9539e-01   3.0420e-05   2.4608e+02
20261013_20:00:00   2.4646e-01   6.2771e+01   1.8460e+01   8.2745e-02   8.2540e-05   2.4727e+02
20261013_21:00:00   3.1273e-01   7.6512e+01   1.8793e+01   1.5700e-01   6.3213e-05   2.4837e+02
20261013_22:00:00   3.6783e-01   8.7005e+01   1.9064e+01   2.1822e-01   2.4419e-04   2.4758e+02
20261013_23:00:00   2.5795e-01   6.5183e+01   1.8879e+01   9.7327e-02   2.4160e-04   2.4713e+02
20261014_00:00:00   1.6236e-01   4.4287e+01   1.7667e+01   6.1045e-04   8.1110e-06   2.4584e+02
20261014_01:00:00   1.5636e-01   4.2845e+01   1.6872e+01   5.4060e-05   0.0000e+00   2.4629e+02
20261014_02:00:00   1.6372e-01   4.4543e+01   1.7078e+01   3.7344e-03   5.6380e-06   2.4773e+02
20261014_03:00:00   1.5537e-01   4.2559e+01   1.6304e+01   1.6780e-05   2.0004e-06   2.4735e+02
20261014_04:00:00   1.4930e-01   4.1109e+01   1.5327e+01   8.5960e-05   5.2287e-05   2.4905e+02
20261014_05:00:00   1.4248e-01   3.9481e+01   1.4360e+01   5.5080e-05   1.3260e-06   2.5162e+02
20261014_06:00:00   1.4421e-01   3.9849e+01   1.4408e+01   0.0000e+00   0.0000e+00   2.5349e+02
20261014_07:00:00   1.3894e-01   3.8506e+01   1.3816e+01   0.0000e+00   0.0000e+00   2.5511e+02
20261014_08:00:00   1.4889e-01   4.0757e+01   1.4365e+01   6.6404e-03   1.9070e-05   2.5472e+02
20261014_09:00:00   1.4159e-01   3.9010e+01   1.3593e+01   6.0001e-03   2.8160e-05   2.5395e+02
20261014_10:00:00   1.2635e-01   3.5321e+01   1.2300e+01   0.0000e+00   0.0000e+00   2.5340e+02
20261014_11:00:00   1.1797e-01   3.3207e+01   1.1168e+01   0.0000e+00   0.0000e+00   2.5649e+02
20261014_12:00:00   1.1964e-01   3.3557e+01   1.1299e+01   0.0000e+00   0.0000e+00   2.5984e+02
20261014_15:00:00   1.2558e-01   3.4879e+01   1.1712e+01   3.4640e-04   0.0000e+00   2.6585e+02
20261014_18:00:00   9.6553e-02   2.7698e+01   8.5196e+00   1.5614e-04   8.1117e-06   2.6860e+02
20261014_21:00:00   9.4876e-02   2.7147e+01   8.7060e+00   0.0000e+00   0.0000e+00   2.7022e+02
20261015_00:00:00   1.0117e-01   2.8634e+01   9.7335e+00   0.0000e+00   0.0000e+00   2.7408e+02
20261015_03:00:00   1.0454e-01   2.9508e+01   9.8265e+00   0.0000e+00   0.0000e+00   2.7510e+02
20261015_06:00:00   1.0169e-01   2.8869e+01   9.1964e+00   0.0000e+00   0.0000e+00   2.7472e+02
20261015_09:00:00   9.9218e-02   2.8232e+01   8.6099e+00   0.0000e+00   0.0000e+00   2.7282e+02
20261015_12:00:00   1.0167e-01   2.8820e+01   8.9937e+00   0.0000e+00   0.0000e+00   2.7395e+02
20261015_15:00:00   1.0056e-01   2.8516e+01   8.9163e+00   0.0000e+00   0.0000e+00   2.7575e+02
20261015_18:00:00   1.0006e-01   2.8505e+01   8.9681e+00   0.0000e+00   0.0000e+00   2.7562e+02
20261015_21:00:00   9.5986e-02   2.7622e+01   8.8496e+00   0.0000e+00   0.0000e+00   2.7568e+02
20261016_00:00:00   1.1313e-01   3.1822e+01   1.1273e+01   0.0000e+00   0.0000e+00   2.7483e+02
20261016_03:00:00   1.0925e-01   3.0753e+01   1.0431e+01   0.0000e+00   0.0000e+00   2.8508e+02
20261016_06:00:00   1.1565e-01   3.2245e+01   1.1207e+01   0.0000e+00   0.0000e+00   2.8230e+02
20261016_09:00:00   1.1263e-01   3.1531e+01   1.0373e+01   0.0000e+00   0.0000e+00   2.8201e+02
20261016_12:00:00   1.0881e-01   3.0588e+01   9.7169e+00   0.0000e+00   0.0000e+00   2.7770e+02
20261016_15:00:00   1.0232e-01   2.9035e+01   8.5950e+00   0.0000e+00   0.0000e+00   2.7536e+02
20261016_18:00:00   9.2220e-02   2.6678e+01   7.2987e+00   0.0000e+00   0.0000e+00   2.7203e+02
20261016_21:00:00   8.4873e-02   2.4934e+01   6.5576e+00   0.0000e+00   0.0000e+00   2.6836e+02
20261017_00:00:00   9.2647e-02   2.6885e+01   7.9779e+00   0.0000e+00   0.0000e+00   2.6381e+02
20261017_03:00:00   1.1160e-01   3.1450e+01   1.0380e+01   0.0000e+00   0.0000e+00   2.6382e+02
20261017_06:00:00   1.0754e-01   3.0344e+01   9.5683e+00   0.0000e+00   0.0000e+00   2.6241e+02
20261017_09:00:00   9.5437e-02   2.7310e+01   7.7645e+00   0.0000e+00   0.0000e+00   2.5879e+02
20261017_12:00:00   9.7642e-02   2.7801e+01   8.1100e+00   0.0000e+00   0.0000e+00   2.6105e+02
20261017_15:00:00   1.0029e-01   2.8430e+01   8.4701e+00   0.0000e+00   0.0000e+00   2.6433e+02
20261017_18:00:00   9.8829e-02   2.8154e+01   8.5536e+00   0.0000e+00   0.0000e+00   2.6330e+02
20261017_21:00:00   9.9594e-02   2.8474e+01   8.9755e+00   0.0000e+00   0.0000e+00   2.6100e+02
20261018_00:00:00   1.0614e-01   3.0151e+01   1.0013e+01   0.0000e+00   0.0000e+00   2.6264e+02
20261018_03:00:00   1.0444e-01   2.9726e+01   9.7498e+00   0.0000e+00   0.0000e+00   2.6613e+02
20261018_06:00:00   9.8592e-02   2.8241e+01   8.8618e+00   0.0000e+00   0.0000e+00   2.6362e+02
20261018_09:00:00   9.0627e-02   2.6244e+01   7.6014e+00   0.0000e+00   0.0000e+00   2.6315e+02
20261018_12:00:00   9.1672e-02   2.6500e+01   7.5763e+00   0.0000e+00   0.0000e+00   2.6443e+02
20261018_15:00:00   8.9699e-02   2.6008e+01   7.2202e+00   0.0000e+00   0.0000e+00   2.6752e+02
20261018_18:00:00   8.9410e-02   2.6043e+01   7.2889e+00   0.0000e+00   0.0000e+00   2.7078e+02
20261018_21:00:00   1.0266e-01   2.9476e+01   9.4245e+00   0.0000e+00   0.0000e+00   2.7152e+02
20261019_00:00:00   1.0144e-01   2.9154e+01   9.4363e+00   0.0000e+00   0.0000e+00   2.7001e+02
20261019_03:00:00   1.0107e-01   2.9020e+01   9.2692e+00   0.0000e+00   0.0000e+00   2.6920e+02
20261019_06:00:00   1.0136e-01   2.9049e+01   9.1782e+00   0.0000e+00   0.0000e+00   2.6771e+02
20261019_09:00:00   9.9310e-02   2.8490e+01   8.7708e+00   0.0000e+00   0.0000e+00   2.6546e+02
20261019_12:00:00   9.6313e-02   2.7699e+01   8.3263e+00   0.0000e+00   0.0000e+00   2.6685e+02
20261019_15:00:00   9.4767e-02   2.7280e+01   8.2386e+00   0.0000e+00   0.0000e+00   2.6670e+02
20261019_18:00:00   9.5369e-02   2.7511e+01   8.4834e+00   0.0000e+00   0.0000e+00   2.6715e+02
20261019_21:00:00   1.0587e-01   3.0227e+01   1.0091e+01   0.0000e+00   0.0000e+00   2.6361e+02
20261020_00:00:00   1.1515e-01   3.2469e+01   1.1492e+01   0.0000e+00   0.0000e+00   2.6448e+02
20261020_03:00:00   1.1178e-01   3.1591e+01   1.1013e+01   0.0000e+00   0.0000e+00   2.6664e+02
20261020_06:00:00   1.1016e-01   3.1166e+01   1.0642e+01   0.0000e+00   0.0000e+00   2.6605e+02
20261020_09:00:00   1.1080e-01   3.1322e+01   1.0440e+01   0.0000e+00   0.0000e+00   2.6483e+02
20261020_12:00:00   1.1195e-01   3.1600e+01   1.0406e+01   0.0000e+00   0.0000e+00   2.6394e+02
20261020_15:00:00   1.1356e-01   3.1985e+01   1.0644e+01   0.0000e+00   0.0000e+00   2.6468e+02
20261020_18:00:00   1.1353e-01   3.2082e+01   1.0800e+01   0.0000e+00   0.0000e+00   2.6518e+02
20261020_21:00:00   1.3208e-01   3.6536e+01   1.2524e+01   9.2315e-03   6.2971e-03   2.6438e+02
20261021_00:00:00   1.5012e-01   4.0734e+01   1.4215e+01   1.6368e-02   1.7926e-03   2.6228e+02
20261021_03:00:00   1.6196e-01   4.3495e+01   1.5131e+01   2.0227e-02   1.9592e-03   2.6267e+02
20261021_06:00:00   1.8187e-01   4.7959e+01   1.6802e+01   2.7780e-02   2.3550e-03   2.6129e+02
20261021_09:00:00   1.6534e-01   4.4107e+01   1.7811e+01   2.6540e-03   2.6465e-03   2.6119e+02
20261021_12:00:00   1.7176e-01   4.5489e+01   1.8852e+01   1.8576e-04   5.5128e-03   2.6031e+02
20261021_15:00:00   1.7432e-01   4.6085e+01   1.8963e+01   4.4663e-04   1.7679e-04   2.6104e+02
20261021_18:00:00   1.6953e-01   4.5095e+01   1.8617e+01   1.0460e-03   1.6094e-03   2.6013e+02
20261021_21:00:00   1.7205e-01   4.5717e+01   1.7206e+01   1.8522e-02   3.9113e-03   2.5902e+02
20261022_00:00:00   1.7794e-01   4.7022e+01   1.6841e+01   2.7664e-02   1.5235e-02   2.5878e+02
20261022_03:00:00   1.6949e-01   4.5043e+01   1.6379e+01   2.0400e-02   5.0375e-03   2.5950e+02
20261022_06:00:00   2.4941e-01   6.2345e+01   1.6586e+01   1.0547e-01   1.5611e-03   2.6059e+02
20261022_09:00:00   2.1983e-01   5.6055e+01   1.5467e+01   8.2580e-02   9.5208e-04   2.6108e+02
20261022_12:00:00   1.4359e-01   3.9026e+01   1.5045e+01   0.0000e+00   3.2343e-05   2.5491e+02
20261022_15:00:00   1.4848e-01   4.0193e+01   1.5438e+01   0.0000e+00   0.0000e+00   2.5353e+02
20261022_18:00:00   1.5729e-01   4.2362e+01   1.5731e+01   8.0010e-03   4.9040e-05   2.5103e+02
20261022_21:00:00   2.9025e-01   7.0850e+01   1.6013e+01   1.5635e-01   3.6232e-03   2.5082e+02
20261023_00:00:00   2.7157e-01   6.6691e+01   1.5150e+01   1.4160e-01   1.2064e-02   2.5112e+02
20261023_03:00:00   1.3037e-01   3.6085e+01   1.3350e+01   7.0522e-05   4.1787e-04   2.5380e+02
20261023_06:00:00   1.4385e-01   3.9189e+01   1.4951e+01   8.9392e-04   2.5231e-03   2.5382e+02
20261023_09:00:00   1.5783e-01   4.2366e+01   1.5857e+01   7.9530e-03   5.8962e-02   2.5465e+02
20261023_12:00:00   1.4766e-01   3.9895e+01   1.5685e+01   1.0458e-04   2.3255e-02   2.5729e+02
20261023_15:00:00   1.4447e-01   3.9082e+01   1.5398e+01   0.0000e+00   3.0339e-02   2.6076e+02
20261023_18:00:00   1.3697e-01   3.7391e+01   1.4128e+01   2.4459e-03   2.4852e-02   2.6487e+02
20261023_21:00:00   1.3385e-01   3.6580e+01   1.4479e+01   6.4461e-04   4.9163e-02   2.6642e+02
20261024_00:00:00   3.9531e-01   9.0007e+01   1.7167e+01   2.6929e-01   8.6687e-02   2.6593e+02
20261024_03:00:00   1.5153e-01   4.0725e+01   1.6100e+01   9.4726e-04   2.9822e-03   2.5924e+02
20261024_06:00:00   1.3945e-01   3.7928e+01   1.4658e+01   0.0000e+00   1.7084e-06   2.5968e+02
20261024_09:00:00   1.3753e-01   3.7452e+01   1.4337e+01   0.0000e+00   1.5331e-03   2.5670e+02
20261024_12:00:00   1.2879e-01   3.5450e+01   1.2791e+01   0.0000e+00   0.0000e+00   2.5826e+02
20261024_15:00:00   1.3314e-01   3.6464e+01   1.3372e+01   0.0000e+00   0.0000e+00   2.5994e+02
20261024_18:00:00   1.3232e-01   3.6385e+01   1.3180e+01   5.0542e-04   3.9468e-05   2.6109e+02
20261024_21:00:00   1.1612e-01   3.2546e+01   1.1271e+01   1.5070e-05   8.2380e-05   2.5909e+02
20261025_00:00:00   1.2719e-01   3.5192e+01   1.2932e+01   0.0000e+00   1.2900e-07   2.6195e+02
20261025_03:00:00   1.4249e-01   3.8759e+01   1.5073e+01   0.0000e+00   5.5295e-05   2.6622e+02
20261025_06:00:00   1.5446e-01   4.1552e+01   1.4158e+01   1.8926e-02   5.1707e-04   2.7011e+02
20261025_09:00:00   2.6498e-01   6.5477e+01   1.3039e+01   1.4998e-01   1.0682e-03   2.7165e+02
20261025_12:00:00   1.2524e-01   3.4680e+01   1.2336e+01   0.0000e+00   7.1894e-03   2.7058e+02
