#            date       tau255        Tb[K]      pwv[mm] lwp[kg*m^-2] iwp[kg*m^-2]       o3[DU]
20261008_18:00:00   1.0061e-01   2.8939e+01   9.8400e+00   0.0000e+00   0.0000e+00   2.7660e+02
20261008_19:00:00   9.7564e-02   2.8203e+01   9.4683e+00   0.0000e+00   0.0000e+00   2.7448e+02
20261008_20:00:00   9.5675e-02   2.7743e+01   9.2696e+00   0.0000e+00   0.0000e+00   2.7500e+02
20261008_21:00:00   9.4892e-02   2.7560e+01   9.2289e+00   0.0000e+00   0.0000e+00   2.7539e+02
20261008_22:00:00   9.6650e-02   2.8009e+01   9.5479e+00   0.0000e+00   1.9328e-05   2.7457e+02
20261008_23:00:00   1.0193e-01   2.9323e+01   1.0355e+01   0.0000e+00   1.6912e-05   2.7365e+02
20261009_00:00:00   1.0754e-01   3.0715e+01   1.1135e+01   0.0000e+00   0.0000e+00   2.7216e+02
20261009_01:00:00   1.1047e-01   3.1438e+01   1.1502e+01   0.0000e+00   2.5820e-06   2.7007e+02
20261009_02:00:00   1.1558e-01   3.2663e+01   1.2255e+01   0.0000e+00   1.4066e-05   2.6851e+02
20261009_03:00:00   1.2500e-01   3.4911e+01   1.3580e+01   0.0000e+00   4.5079e-05   2.6763e+02
20261009_04:00:00   1.2805e-01   3.5651e+01   1.3891e+01   0.0000e+00   1.1038e-05   2.6894e+02
20261009_05:00:00   1.2821e-01   3.5724e+01   1.3693e+01   0.0000e+00   1.6126e-07   2.6957e+02
20261009_06:00:00   1.2912e-01   3.5965e+01   1.3590e+01   0.0000e+00   0.0000e+00   2.7089e+02
20261009_07:00:00   1.2868e-01   3.5868e+01   1.3351e+01   0.0000e+00   0.0000e+00   2.7143e+02
20261009_08:00:00   1.2853e-01   3.5836e+01   1.3201e+01   0.0000e+00   0.0000e+00   2.7115e+02
20261009_09:00:00   1.2599e-01   3.5225e+01   1.2763e+01   0.0000e+00   0.0000e+00   2.7108e+02
20261009_10:00:00   1.2328e-01   3.4566e+01   1.2341e+01   0.0000e+00   0.0000e+00   2.6968e+02
20261009_11:00:00   1.2160e-01   3.4146e+01   1.2075e+01   0.0000e+00   0.0000e+00   2.6609e+02
20261009_12:00:00   1.2019e-01   3.3798e+01   1.1848e+01   0.0000e+00   0.0000e+00   2.6429e+02
20261009_13:00:00   1.1860e-01   3.3405e+01   1.1594e+01   0.0000e+00   0.0000e+00   2.6365e+02
20261009_14:00:00   1.1700e-01   3.3017e+01   1.1355e+01   0.0000e+00   0.0000e+00   2.6449e+02
20261009_15:00:00   1.1679e-01   3.2986e+01   1.1310e+01   0.0000e+00   0.0000e+00   2.6727e+02
20261009_16:00:00   1.1538e-01   3.2665e+01   1.1142e+01   0.0000e+00   0.0000e+00   2.7008e+02
20261009_17:00:00   1.1547e-01   3.2732e+01   1.1161e+01   0.0000e+00   0.0000e+00   2.7118e+02
20261009_18:00:00   1.1536e-01   3.2751e+01   1.1217e+01   0.0000e+00   0.0000e+00   2.7048e+02
20261009_19:00:00   1.1698e-01   3.3184e+01   1.1493e+01   0.0000e+00   0.0000e+00   2.6916e+02
20261009_20:00:00   1.1572e-01   3.2896e+01   1.1472e+01   0.0000e+00   2.4160e-06   2.6834e+02
20261009_21:00:00   1.1407e-01   3.2483e+01   1.1381e+01   3.5329e-04   1.7178e-03   2.6866e+02
20261009_22:00:00   1.2217e-01   3.4372e+01   1.1483e+01   9.5581e-03   2.1889e-02   2.6827e+02
20261009_23:00:00   1.1766e-01   3.3309e+01   1.1991e+01   0.0000e+00   3.3385e-02   2.6879e+02
20261010_00:00:00   1.1347e-01   3.2274e+01   1.1419e+01   0.0000e+00   4.2546e-04   2.6908e+02
20261010_01:00:00   1.0638e-01   3.0509e+01   1.0413e+01   0.0000e+00   0.0000e+00   2.6898e+02
20261010_02:00:00   1.0016e-01   2.8940e+01   9.5682e+00   0.0000e+00   0.0000e+00   2.6874e+02
20261010_03:00:00   1.0409e-01   2.9895e+01   1.0181e+01   0.0000e+00   0.0000e+00   2.6877e+02
20261010_04:00:00   1.1680e-01   3.2969e+01   1.2055e+01   0.0000e+00   0.0000e+00   2.6967e+02
20261010_05:00:00   1.2692e-01   3.5372e+01   1.3411e+01   0.0000e+00   6.2500e-05   2.6753e+02
20261010_06:00:00   1.3065e-01   3.6292e+01   1.3804e+01   0.0000e+00   0.0000e+00   2.6610e+02
20261010_07:00:00   1.3328e-01   3.6963e+01   1.4031e+01   0.0000e+00   0.0000e+00   2.6564e+02
20261010_08:00:00   1.3544e-01   3.7495e+01   1.4208e+01   0.0000e+00   0.0000e+00   2.6408e+02
20261010_09:00:00   1.3487e-01   3.7339e+01   1.4126e+01   0.0000e+00   0.0000e+00   2.6411e+02
20261010_10:00:00   1.3666e-01   3.7749e+01   1.4364e+01   0.0000e+00   0.0000e+00   2.6282e+02
20261010_11:00:00   1.3847e-01   3.8163e+01   1.4586e+01   0.0000e+00   0.0000e+00   2.6169e+02
20261010_12:00:00   1.3955e-01   3.8413e+01   1.4685e+01   0.0000e+00   0.0000e+00   2.5988e+02
20261010_13:00:00   1.4084e-01   3.8711e+01   1.4828e+01   0.0000e+00   0.0000e+00   2.5887e+02
20261010_14:00:00   1.4304e-01   3.9224e+01   1.5041e+01   0.0000e+00   0.0000e+00   2.6197e+02
20261010_15:00:00   1.4140e-01   3.8877e+01   1.4832e+01   0.0000e+00   0.0000e+00   2.6856e+02
20261010_16:00:00   1.3936e-01   3.8455e+01   1.4459e+01   0.0000e+00   0.0000e+00   2.7275e+02
20261010_17:00:00   1.3811e-01   3.8204e+01   1.4286e+01   3.0200e-05   1.5302e-05   2.7232e+02
20261010_18:00:00   1.3606e-01   3.7756e+01   1.4086e+01   7.7721e-04   2.6578e-05   2.7029e+02
20261010_19:00:00   1.3476e-01   3.7421e+01   1.4358e+01   9.8500e-04   4.8284e-04   2.6405e+02
20261010_20:00:00   1.4079e-01   3.8746e+01   1.5681e+01   1.7828e-03   1.0063e-03   2.6067e+02
20261010_21:00:00   1.3902e-01   3.8310e+01   1.5833e+01   1.9932e-04   2.6719e-03   2.5936e+02
20261010_22:00:00   1.3498e-01   3.7280e+01   1.5653e+01   0.0000e+00   1.2391e-02   2.5776e+02
20261010_23:00:00   1.3487e-01   3.7218e+01   1.5753e+01   0.0000e+00   1.0301e-02   2.5817e+02
20261011_00:00:00   1.5077e-01   4.1037e+01   1.7709e+01   0.0000e+00   1.6273e-02   2.5961e+02
20261011_01:00:00   1.7533e-01   4.6755e+01   2.0654e+01   8.4050e-04   8.2248e-03   2.5702e+02
20261011_02:00:00   2.4194e-01   6.1426e+01   2.3279e+01   5.0897e-02   1.4159e-02   2.5660e+02
20261011_03:00:00   2.0097e-01   5.2538e+01   2.3257e+01   4.5163e-03   9.3632e-03   2.5617e+02
20261011_04:00:00   2.0679e-01   5.3703e+01   2.3773e+01   7.9957e-03   8.9875e-02   2.5552e+02
20261011_05:00:00   2.3915e-01   6.0612e+01   2.3173e+01   5.1308e-02   5.2184e-02   2.5521e+02
20261011_06:00:00   6.6328e-01   1.3404e+02   2.4466e+01   5.1584e-01   8.2325e-02   2.5367e+02
20261011_07:00:00   2.4487e-01   6.2015e+01   2.4049e+01   4.8834e-02   8.6323e-03   2.5294e+02
20261011_08:00:00   2.3645e-01   6.0162e+01   2.3837e+01   3.9964e-02   3.9697e-03   2.5324e+02
20261011_09:00:00   1.9696e-01   5.1674e+01   2.3340e+01   1.0066e-06   1.2522e-04   2.5321e+02
20261011_10:00:00   2.0040e-01   5.2435e+01   2.3638e+01   2.1096e-05   1.2418e-04   2.5460e+02
20261011_11:00:00   2.0245e-01   5.2887e+01   2.3889e+01   8.0879e-05   2.4983e-04   2.5507e+02
20261011_12:00:00   2.0429e-01   5.3287e+01   2.4150e+01   0.0000e+00   3.7905e-04   2.5603e+02
20261011_13:00:00   1.9944e-01   5.2224e+01   2.3494e+01   0.0000e+00   6.0342e-04   2.5568e+02
20261011_14:00:00   1.9278e-01   5.0760e+01   2.2613e+01   0.0000e+00   1.3856e-03   2.5408e+02
20261011_15:00:00   1.8728e-01   4.9582e+01   2.1813e+01   0.0000e+00   1.7020e-03   2.5344e+02
20261011_16:00:00   1.8569e-01   4.9266e+01   2.1538e+01   0.0000e+00   2.2282e-03   2.5467e+02
20261011_17:00:00   1.8718e-01   4.9672e+01   2.1598e+01   6.0400e-06   2.7004e-03   2.5418e+02
20261011_18:00:00   1.8684e-01   4.9674e+01   2.1443e+01   2.0140e-06   4.5000e-04   2.5365e+02
20261011_19:00:00   1.7849e-01   4.7905e+01   2.0149e+01   1.9855e-04   2.8820e-08   2.5222e+02
20261011_20:00:00   1.8556e-01   4.9477e+01   2.0386e+01   1.0400e-02   6.7240e-05   2.5091e+02
20261011_21:00:00   1.7476e-01   4.6999e+01   1.9861e+01   3.1620e-03   1.3058e-05   2.5014e+02
20261011_22:00:00   2.4571e-01   6.2630e+01   2.0193e+01   7.9780e-02   4.3046e-05   2.5005e+02
20261011_23:00:00   8.2352e-01   1.5449e+02   2.1488e+01   7.1942e-01   2.0968e-02   2.4922e+02
20261012_00:00:00   2.0676e-01   5.4141e+01   2.0805e+01   2.8721e-02   1.7684e-02   2.4860e+02
20261012_01:00:00   2.3930e-01   6.1211e+01   2.0681e+01   6.6110e-02   2.8609e-02   2.4830e+02
20261012_02:00:00   2.1805e-01   5.6751e+01   2.1237e+01   3.4300e-02   7.8540e-06   2.4794e+02
20261012_03:00:00   1.8250e-01   4.8903e+01   2.0140e+01   2.9739e-05   4.3240e-08   2.4743e+02
20261012_04:00:00   1.9959e-01   5.2718e+01   2.0282e+01   1.6618e-02   1.4076e-03   2.4765e+02
20261012_05:00:00   1.8000e-01   4.8355e+01   1.9309e+01   0.0000e+00   0.0000e+00   2.4731e+02
20261012_06:00:00   1.6269e-01   4.4343e+01   1.7238e+01   0.0000e+00   0.0000e+00   2.4637e+02
20261012_07:00:00   1.6120e-01   4.3978e+01   1.6976e+01   0.0000e+00   0.0000e+00   2.4563e+02
20261012_08:00:00   1.5674e-01   4.2932e+01   1.6261e+01   0.0000e+00   0.0000e+00   2.4543e+02
20261012_09:00:00   1.5164e-01   4.1709e+01   1.5657e+01   0.0000e+00   0.0000e+00   2.4548e+02
20261012_10:00:00   1.5121e-01   4.1553e+01   1.5558e+01   0.0000e+00   1.2900e-07   2.4582e+02
20261012_11:00:00   1.5119e-01   4.1514e+01   1.5485e+01   0.0000e+00   0.0000e+00   2.4483e+02
20261012_12:00:00   1.4842e-01   4.0842e+01   1.4976e+01   0.0000e+00   0.0000e+00   2.4491e+02
20261012_13:00:00   1.4293e-01   3.9526e+01   1.4307e+01   0.0000e+00   0.0000e+00   2.4516e+02
20261012_14:00:00   1.3844e-01   3.8456e+01   1.3628e+01   0.0000e+00   0.0000e+00   2.4632e+02
20261012_15:00:00   1.3493e-01   3.7623e+01   1.3121e+01   0.0000e+00   0.0000e+00   2.4535e+02
20261012_16:00:00   1.3233e-01   3.6999e+01   1.2860e+01   0.0000e+00   0.0000e+00   2.4363e+02
20261012_17:00:00   1.2779e-01   3.5898e+01   1.2544e+01   0.0000e+00   0.0000e+00   2.4505e+02
20261012_18:00:00   1.2246e-01   3.4553e+01   1.2304e+01   0.0000e+00   0.0000e+00   2.4527e+02
20261012_19:00:00   1.2411e-01   3.4968e+01   1.2577e+01   0.0000e+00   0.0000e+00   2.4354e+02
20261012_20:00:00   1.2409e-01   3.4982e+01   1.2673e+01   0.0000e+00   0.0000e+00   2.4470e+02
20261012_21:00:00   1.3122e-01   3.6665e+01   1.3791e+01   0.0000e+00   8.1980e-07   2.4533e+02
20261012_22:00:00   1.3507e-01   3.7602e+01   1.4437e+01   4.2640e-05   1.1294e-05   2.4456e+02
20261012_23:00:00   1.4126e-01   3.9095e+01   1.5008e+01   2.9340e-03   4.0360e-05   2.4356e+02
20261013_00:00:00   1.5269e-01   4.1771e+01   1.5761e+01   9.5520e-03   3.9200e-04   2.4272e+02
20261013_01:00:00   1.6862e-01   4.5472e+01   1.6018e+01   2.4559e-02   2.5321e-04   2.4193e+02
20261013_02:00:00   1.6241e-01   4.4076e+01   1.6005e+01   1.7304e-02   1.8493e-04   2.4266e+02
20261013_03:00:00   1.7832e-01   4.7724e+01   1.5635e+01   3.7680e-02   1.2922e-04   2.4287e+02
20261013_04:00:00   1.4560e-01   4.0164e+01   1.5284e+01   2.6980e-03   7.4540e-06   2.4372e+02
20261013_05:00:00   1.3786e-01   3.8302e+01   1.4514e+01   1.8022e-05   0.0000e+00   2.4368e+02
20261013_06:00:00   1.2975e-01   3.6339e+01   1.3339e+01   0.0000e+00   0.0000e+00   2.4338e+02
20261013_07:00:00   1.3039e-01   3.6475e+01   1.3222e+01   0.0000e+00   0.0000e+00   2.4273e+02
20261013_08:00:00   1.3517e-01   3.7561e+01   1.3849e+01   0.0000e+00   0.0000e+00   2.4263e+02
20261013_09:00:00   1.3677e-01   3.7908e+01   1.3950e+01   0.0000e+00   0.0000e+00   2.4259e+02
20261013_10:00:00   1.3540e-01   3.7574e+01   1.3687e+01   0.0000e+00   0.0000e+00   2.4270e+02
20261013_11:00:00   1.2944e-01   3.6151e+01   1.2902e+01   0.0000e+00   0.0000e+00   2.4217e+02
20261013_12:00:00   1.2965e-01   3.6179e+01   1.2864e+01   0.0000e+00   0.0000e+00   2.4214e+02
20261013_13:00:00   1.3033e-01   3.6340e+01   1.2879e+01   0.0000e+00   0.0000e+00   2.4170e+02
20261013_14:00:00   1.2863e-01   3.5927e+01   1.2622e+01   0.0000e+00   0.0000e+00   2.4126e+02
20261013_15:00:00   1.2573e-01   3.5246e+01   1.2255e+01   0.0000e+00   0.0000e+00   2.4340e+02
20261013_16:00:00   1.2946e-01   3.6177e+01   1.2763e+01   0.0000e+00   0.0000e+00   2.4478e+02
20261013_17:00:00   1.3357e-01   3.7227e+01   1.3390e+01   0.0000e+00   0.0000e+00   2.4514e+02
20261013_18:00:00   1.3861e-01   3.8486e+01   1.4024e+01   0.0000e+00   0.0000e+00   2.4592e+02
20261013_21:00:00   1.4396e-01   3.9829e+01   1.5503e+01   2.3621e-04   2.1080e-06   2.4594e+02
20261014_00:00:00   1.3887e-01   3.8659e+01   1.4581e+01   0.0000e+00   0.0000e+00   2.4745e+02
20261014_03:00:00   1.3330e-01   3.7211e+01   1.3619e+01   1.8022e-05   0.0000e+00   2.4710e+02
20261014_06:00:00   1.3549e-01   3.7675e+01   1.3148e+01   6.1521e-04   0.0000e+00   2.5366e+02
20261014_09:00:00   1.2047e-01   3.3800e+01   1.1426e+01   1.1289e-04   9.4881e-07   2.5521e+02
20261014_12:00:00   1.0585e-01   3.0023e+01   9.4208e+00   0.0000e+00   0.0000e+00   2.5866e+02
20261014_15:00:00   7.5471e-02   2.2237e+01   5.6271e+00   0.0000e+00   0.0000e+00   2.6529e+02
20261014_18:00:00   7.2473e-02   2.1479e+01   5.1815e+00   0.0000e+00   0.0000e+00   2.6715e+02
20261014_21:00:00   8.3935e-02   2.4406e+01   7.0679e+00   0.0000e+00   0.0000e+00   2.6995e+02
20261015_00:00:00   9.9491e-02   2.8280e+01   9.2809e+00   0.0000e+00   0.0000e+00   2.7050e+02
20261015_03:00:00   1.0157e-01   2.8829e+01   9.4158e+00   0.0000e+00   0.0000e+00   2.7383e+02
20261015_06:00:00   9.7680e-02   2.7857e+01   8.4873e+00   0.0000e+00   0.0000e+00   2.7447e+02
20261015_09:00:00   9.9203e-02   2.8193e+01   8.5851e+00   0.0000e+00   0.0000e+00   2.7343e+02
20261015_12:00:00   1.0174e-01   2.8791e+01   9.0899e+00   0.0000e+00   0.0000e+00   2.7225e+02
20261015_15:00:00   9.9013e-02   2.8164e+01   8.5356e+00   0.0000e+00   0.0000e+00   2.7317e+02
20261015_18:00:00   1.0512e-01   2.9752e+01   9.4609e+00   0.0000e+00   0.0000e+00   2.7365e+02
20261015_21:00:00   1.0072e-01   2.8695e+01   9.5420e+00   0.0000e+00   7.2480e-06   2.7083e+02
20261016_00:00:00   1.0978e-01   3.0848e+01   1.0778e+01   0.0000e+00   4.0260e-06   2.7261e+02
20261016_03:00:00   1.1449e-01   3.1927e+01   1.1074e+01   7.2083e-06   2.8975e-03   2.7880e+02
20261016_06:00:00   1.1055e-01   3.0931e+01   1.0496e+01   0.0000e+00   1.0557e-03   2.7820e+02
20261016_09:00:00   1.0166e-01   2.8723e+01   9.2874e+00   0.0000e+00   2.4160e-06   2.7992e+02
20261016_12:00:00   1.3251e-01   3.5805e+01   1.0913e+01   1.7794e-02   3.6519e-02   2.7647e+02
20261016_15:00:00   1.8278e-01   4.6997e+01   1.1913e+01   6.1189e-02   1.6054e-01   2.8158e+02
20261016_18:00:00   1.4125e-01   3.7903e+01   1.1538e+01   2.0156e-02   1.4822e-02   2.8329e+02
20261016_21:00:00   1.5995e-01   4.1884e+01   1.2194e+01   3.8582e-02   1.3739e-01   2.8580e+02
20261017_00:00:00   1.3781e-01   3.6639e+01   1.2674e+01   3.3004e-03   4.6216e-01   2.8530e+02
20261017_03:00:00   1.2425e-01   3.3514e+01   1.1324e+01   5.8188e-04   3.1604e-02   2.8965e+02
20261017_06:00:00   1.1117e-01   3.0418e+01   9.3982e+00   3.9993e-03   6.2386e-03   2.8566e+02
20261017_09:00:00   1.0276e-01   2.8402e+01   8.5913e+00   7.9539e-04   1.3534e-02   2.8841e+02
20261017_12:00:00   1.0444e-01   2.8780e+01   8.8880e+00   0.0000e+00   1.7798e-03   2.8864e+02
20261017_15:00:00   1.1021e-01   3.0190e+01   9.5557e+00   6.4080e-05   2.4295e-02   2.9043e+02
20261017_18:00:00   1.1269e-01   3.0829e+01   9.9632e+00   1.7950e-03   5.6392e-02   2.9289e+02
20261017_21:00:00   1.2735e-01   3.4271e+01   1.2568e+01   3.6928e-05   4.5714e-01   2.8435e+02
20261018_00:00:00   1.5127e-01   3.9905e+01   1.4198e+01   1.1349e-02   2.2674e-01   2.7824e+02
20261018_03:00:00   2.6178e-01   6.4385e+01   1.4511e+01   1.3229e-01   3.0767e-01   2.7739e+02
20261018_06:00:00   3.1992e-01   7.6048e+01   1.4037e+01   2.0153e-01   2.4571e-01   2.8337e+02
20261018_09:00:00   2.9539e-01   7.1106e+01   1.2379e+01   1.8618e-01   7.4603e-02   2.9273e+02
20261018_12:00:00   2.6898e-01   6.5575e+01   1.2681e+01   1.5192e-01   4.3665e-01   2.9582e+02
20261018_15:00:00   2.7758e-01   6.7480e+01   1.1978e+01   1.6742e-01   2.0146e-01   2.9780e+02
20261018_18:00:00   1.4614e-01   3.8801e+01   1.0320e+01   3.1221e-02   7.7027e-03   2.9927e+02
20261018_21:00:00   2.0326e-01   5.1686e+01   1.0438e+01   9.5798e-02   2.0422e-03   3.0222e+02
20261019_00:00:00   2.2883e-01   5.7143e+01   1.1620e+01   1.1834e-01   1.1561e-02   2.9985e+02
20261019_03:00:00   1.3829e-01   3.6967e+01   1.1514e+01   1.8471e-02   2.8801e-03   2.9515e+02
20261019_06:00:00   1.2776e-01   3.4517e+01   1.1837e+01   3.8217e-03   1.2477e-04   2.7938e+02
20261019_09:00:00   1.2398e-01   3.3682e+01   1.1342e+01   2.6789e-03   1.0009e-04   2.6971e+02
20261019_12:00:00   1.1677e-01   3.2042e+01   1.0653e+01   6.3961e-04   2.3686e-05   2.6736e+02
20261019_15:00:00   1.1290e-01   3.1204e+01   1.0366e+01   0.0000e+00   4.0780e-06   2.6531e+02
20261019_18:00:00   1.2878e-01   3.5173e+01   1.0175e+01   1.8530e-02   7.7361e-05   2.6510e+02
20261019_21:00:00   1.1291e-01   3.1565e+01   1.0031e+01   1.4844e-03   2.1261e-05   2.6639e+02
20261020_00:00:00   1.0948e-01   3.0802e+01   9.8465e+00   0.0000e+00   0.0000e+00   2.6828e+02
20261020_03:00:00   1.0162e-01   2.8823e+01   8.8319e+00   0.0000e+00   0.0000e+00   2.6873e+02
20261020_06:00:00   9.9329e-02   2.8218e+01   8.5687e+00   0.0000e+00   0.0000e+00   2.6831e+02
20261020_09:00:00   9.7630e-02   2.7769e+01   8.3408e+00   0.0000e+00   0.0000e+00   2.6728e+02
20261020_12:00:00   9.4202e-02   2.6905e+01   7.8584e+00   0.0000e+00   0.0000e+00   2.6626e+02
20261020_15:00:00   9.0495e-02   2.6007e+01   7.4313e+00   0.0000e+00   0.0000e+00   2.6564e+02
20261020_18:00:00   8.9705e-02   2.5913e+01   7.4658e+00   0.0000e+00   0.0000e+00   2.6531e+02
20261020_21:00:00   9.9332e-02   2.8434e+01   8.9371e+00   0.0000e+00   0.0000e+00   2.6419e+02
20261021_00:00:00   1.0277e-01   2.9302e+01   9.4742e+00   0.0000e+00   0.0000e+00   2.6385e+02
20261021_03:00:00   9.6468e-02   2.7664e+01   8.6374e+00   0.0000e+00   0.0000e+00   2.6376e+02
20261021_06:00:00   9.5075e-02   2.7272e+01   8.4045e+00   0.0000e+00   0.0000e+00   2.6162e+02
20261021_09:00:00   9.4859e-02   2.7190e+01   8.2067e+00   0.0000e+00   0.0000e+00   2.6130e+02
20261021_12:00:00   9.0943e-02   2.6196e+01   7.4717e+00   0.0000e+00   0.0000e+00   2.5930e+02
20261021_15:00:00   8.9907e-02   2.5956e+01   7.2591e+00   0.0000e+00   0.0000e+00   2.5655e+02
20261021_18:00:00   9.1039e-02   2.6332e+01   7.5093e+00   0.0000e+00   0.0000e+00   2.5719e+02
20261021_21:00:00   1.0291e-01   2.9394e+01   9.3365e+00   0.0000e+00   0.0000e+00   2.5370e+02
20261022_00:00:00   1.0923e-01   3.0967e+01   1.0180e+01   0.0000e+00   0.0000e+00   2.5147e+02
20261022_03:00:00   9.9967e-02   2.8665e+01   8.7880e+00   0.0000e+00   0.0000e+00   2.5111e+02
20261022_06:00:00   9.0833e-02   2.6326e+01   7.5259e+00   0.0000e+00   0.0000e+00   2.5297e+02
20261022_09:00:00   8.9278e-02   2.5856e+01   7.3835e+00   0.0000e+00   0.0000e+00   2.5670e+02
20261022_12:00:00   8.2068e-02   2.4003e+01   6.2450e+00   0.0000e+00   0.0000e+00   2.5691e+02
20261022_15:00:00   7.6258e-02   2.2518e+01   5.3677e+00   0.0000e+00   0.0000e+00   2.5461e+02
20261022_18:00:00   7.9032e-02   2.3316e+01   5.8470e+00   0.0000e+00   0.0000e+00   2.5785e+02
20261022_21:00:00   8.1900e-02   2.4096e+01   6.3858e+00   0.0000e+00   0.0000e+00   2.5885e+02
20261023_00:00:00   9.2516e-02   2.6788e+01   7.8808e+00   0.0000e+00   0.0000e+00   2.6130e+02
20261023_03:00:00   1.0908e-01   3.0903e+01   9.6336e+00   0.0000e+00   0.0000e+00   2.6122e+02
20261023_06:00:00   1.0647e-01   3.0204e+01   9.1707e+00   0.0000e+00   0.0000e+00   2.5842e+02
20261023_09:00:00   1.0561e-01   2.9947e+01   8.9677e+00   0.0000e+00   0.0000e+00   2.5412e+02
20261023_12:00:00   1.0640e-01   3.0097e+01   8.9940e+00   0.0000e+00   0.0000e+00   2.5267e+02
20261023_15:00:00   1.0656e-01   3.0153e+01   8.8817e+00   0.0000e+00   0.0000e+00   2.5244e+02
20261023_18:00:00   9.6149e-02   2.7689e+01   7.6879e+00   0.0000e+00   0.0000e+00   2.5332e+02
20261023_21:00:00   9.6428e-02   2.7817e+01   8.0299e+00   0.0000e+00   0.0000e+00   2.4981e+02
20261024_00:00:00   9.6121e-02   2.7720e+01   8.1956e+00   0.0000e+00   0.0000e+00   2.4725e+02
20261024_03:00:00   9.3414e-02   2.7016e+01   7.8535e+00   0.0000e+00   0.0000e+00   2.4756e+02
20261024_06:00:00   1.0663e-01   3.0245e+01   9.7000e+00   0.0000e+00   0.0000e+00   2.4854e+02
20261024_09:00:00   1.2051e-01   3.3622e+01   1.1323e+01   0.0000e+00   6.2640e-05   2.4724e+02
20261024_12:00:00   1.1643e-01   3.2633e+01   1.0713e+01   0.0000e+00   0.0000e+00   2.4740e+02
20261024_15:00:00   1.1141e-01   3.1397e+01   1.0049e+01   0.0000e+00   0.0000e+00   2.4974e+02
20261024_18:00:00   1.1487e-01   3.2293e+01   1.0680e+01   0.0000e+00   4.0260e-07   2.5142e+02
