#            date       tau255        Tb[K]      pwv[mm] lwp[kg*m^-2] iwp[kg*m^-2]       o3[DU]
20260902_18:00:00   1.5462e-01   4.2730e+01   1.7188e+01   8.6980e-04   2.1840e-05   2.7631e+02
20260902_19:00:00   1.5060e-01   4.1780e+01   1.7035e+01   9.6780e-05   3.2220e-05   2.7615e+02
20260902_20:00:00   1.4011e-01   3.9243e+01   1.5907e+01   3.0300e-04   2.6320e-05   2.7313e+02
20260902_21:00:00   1.3963e-01   3.9130e+01   1.6030e+01   8.4660e-06   3.5420e-05   2.7420e+02
20260902_22:00:00   1.5255e-01   4.2312e+01   1.7748e+01   0.0000e+00   1.1520e-05   2.7485e+02
20260902_23:00:00   1.4622e-01   4.0815e+01   1.6911e+01   0.0000e+00   1.7260e-06   2.7702e+02
20260903_00:00:00   1.4045e-01   3.9378e+01   1.6173e+01   0.0000e+00   2.3060e-07   2.7773e+02
20260903_01:00:00   1.3689e-01   3.8466e+01   1.5717e+01   2.4720e-05   1.1674e-06   2.7513e+02
20260903_02:00:00   1.2978e-01   3.6676e+01   1.4753e+01   5.6560e-06   3.6020e-07   2.7136e+02
20260903_03:00:00   1.3153e-01   3.7011e+01   1.5008e+01   2.4360e-04   3.7060e-03   2.6995e+02
20260903_04:00:00   1.3343e-01   3.7478e+01   1.5212e+01   1.8678e-04   1.4162e-04   2.6780e+02
20260903_05:00:00   1.3392e-01   3.7581e+01   1.5255e+01   9.2560e-05   6.7460e-05   2.6652e+02
20260903_06:00:00   1.3427e-01   3.7654e+01   1.5291e+01   0.0000e+00   0.0000e+00   2.6789e+02
20260903_07:00:00   1.4738e-01   4.0780e+01   1.6287e+01   5.7680e-03   1.9186e-04   2.7005e+02
20260903_08:00:00   2.2766e-01   5.8720e+01   1.7204e+01   8.7725e-02   9.4360e-04   2.7050e+02
20260903_09:00:00   1.6794e-01   4.5587e+01   1.7593e+01   1.6096e-02   2.7660e-04   2.7113e+02
20260903_10:00:00   1.5247e-01   4.2077e+01   1.7306e+01   2.4340e-05   4.2140e-06   2.7171e+02
20260903_11:00:00   1.5531e-01   4.2731e+01   1.7622e+01   0.0000e+00   0.0000e+00   2.7258e+02
20260903_12:00:00   1.5610e-01   4.2882e+01   1.7611e+01   0.0000e+00   0.0000e+00   2.7084e+02
20260903_13:00:00   1.5891e-01   4.3503e+01   1.7917e+01   1.8120e-05   8.0540e-07   2.7079e+02
20260903_14:00:00   1.7975e-01   4.8231e+01   1.8214e+01   2.0562e-02   1.1714e-04   2.7292e+02
20260903_15:00:00   1.6590e-01   4.5141e+01   1.7840e+01   8.3600e-03   5.4820e-05   2.7495e+02
20260903_16:00:00   1.6169e-01   4.4237e+01   1.8294e+01   2.4797e-05   7.3380e-06   2.7356e+02
20260903_17:00:00   1.5918e-01   4.3741e+01   1.7911e+01   3.8020e-04   8.0540e-07   2.7497e+02
20260903_18:00:00   1.6314e-01   4.4710e+01   1.8116e+01   4.0637e-03   2.4965e-05   2.7623e+02
20260903_19:00:00   1.7074e-01   4.6484e+01   1.9152e+01   6.3760e-03   1.4391e-04   2.7749e+02
20260903_20:00:00   1.8710e-01   5.0219e+01   2.0020e+01   1.9760e-02   1.8826e-03   2.7793e+02
20260903_21:00:00   1.7303e-01   4.7086e+01   2.0793e+01   7.4120e-04   7.4563e-04   2.7559e+02
20260903_22:00:00   1.8368e-01   4.9506e+01   2.2104e+01   4.1419e-03   1.8444e-03   2.7461e+02
20260903_23:00:00   1.8504e-01   4.9868e+01   2.2764e+01   1.2044e-03   1.3269e-03   2.7520e+02
20260904_00:00:00   1.8912e-01   5.0739e+01   2.3717e+01   9.5740e-05   4.2293e-02   2.7802e+02
20260904_01:00:00   1.9406e-01   5.1755e+01   2.4494e+01   6.8460e-05   1.5669e-01   2.7817e+02
20260904_02:00:00   1.9905e-01   5.2884e+01   2.5213e+01   1.3635e-04   1.1272e-01   2.7593e+02
20260904_03:00:00   2.9339e-01   7.2724e+01   2.6526e+01   9.0533e-02   8.2414e-02   2.7652e+02
20260904_04:00:00   2.4510e-01   6.2682e+01   2.6910e+01   3.3822e-02   2.3022e-01   2.7853e+02
20260904_05:00:00   2.2907e-01   5.9392e+01   2.6689e+01   1.7158e-02   6.8829e-02   2.7947e+02
20260904_06:00:00   2.4203e-01   6.2142e+01   2.8483e+01   1.3236e-02   1.8107e-01   2.7784e+02
20260904_07:00:00   2.2064e-01   5.7615e+01   2.7456e+01   8.1140e-05   1.2254e-01   2.7634e+02
20260904_08:00:00   2.2541e-01   5.8626e+01   2.7767e+01   1.9150e-04   1.8686e-01   2.7575e+02
20260904_09:00:00   2.3666e-01   6.1003e+01   2.8599e+01   3.8923e-03   3.6233e-01   2.7665e+02
20260904_10:00:00   3.1809e-01   7.7761e+01   2.9682e+01   8.4524e-02   3.6971e-01   2.7693e+02
20260904_11:00:00   2.6231e-01   6.6419e+01   2.9465e+01   2.2808e-02   3.9457e-01   2.7598e+02
20260904_12:00:00   2.4851e-01   6.3603e+01   3.0029e+01   1.7718e-04   6.9545e-02   2.7703e+02
20260904_13:00:00   2.5043e-01   6.4037e+01   2.9890e+01   3.0708e-03   1.0962e-02   2.7879e+02
20260904_14:00:00   2.7038e-01   6.8206e+01   2.9667e+01   2.6931e-02   7.3251e-03   2.7987e+02
20260904_15:00:00   2.4322e-01   6.2589e+01   2.9113e+01   1.0320e-03   6.7130e-03   2.8132e+02
20260904_16:00:00   2.4284e-01   6.2555e+01   2.8969e+01   2.5500e-03   7.6677e-03   2.7859e+02
20260904_17:00:00   3.6207e-01   8.6410e+01   2.9545e+01   1.3262e-01   8.6002e-04   2.7871e+02
20260904_18:00:00   2.7321e-01   6.8890e+01   2.9007e+01   3.7880e-02   1.3418e-03   2.7941e+02
20260904_19:00:00   2.3445e-01   6.0848e+01   2.8397e+01   1.8560e-03   1.3098e-03   2.7769e+02
20260904_20:00:00   2.3657e-01   6.1393e+01   2.8497e+01   4.5461e-03   5.4601e-04   2.7862e+02
20260904_21:00:00   2.5657e-01   6.5726e+01   2.8683e+01   2.7397e-02   1.3831e-04   2.7858e+02
20260904_22:00:00   2.8577e-01   7.1775e+01   2.8724e+01   6.0420e-02   2.6203e-04   2.7900e+02
20260904_23:00:00   2.5319e-01   6.5169e+01   2.8176e+01   2.8270e-02   4.8654e-05   2.7896e+02
20260905_00:00:00   2.3868e-01   6.2054e+01   2.8758e+01   5.8431e-03   5.9199e-02   2.7886e+02
20260905_01:00:00   2.6098e-01   6.6781e+01   2.8803e+01   2.9079e-02   2.1558e-02   2.7669e+02
20260905_02:00:00   2.3804e-01   6.1747e+01   2.7975e+01   9.8415e-03   4.2006e-02   2.7562e+02
20260905_03:00:00   2.4750e-01   6.3791e+01   2.9547e+01   1.2376e-03   4.7157e-02   2.7694e+02
20260905_04:00:00   2.4041e-01   6.2291e+01   2.8691e+01   6.1280e-04   8.6313e-03   2.7832e+02
20260905_05:00:00   2.3480e-01   6.1053e+01   2.8247e+01   0.0000e+00   4.2903e-03   2.7720e+02
20260905_06:00:00   2.2530e-01   5.8944e+01   2.7452e+01   0.0000e+00   1.3736e-05   2.7804e+02
20260905_07:00:00   2.2662e-01   5.9189e+01   2.7610e+01   0.0000e+00   0.0000e+00   2.7674e+02
20260905_08:00:00   2.2906e-01   5.9700e+01   2.7712e+01   0.0000e+00   7.3740e-05   2.7541e+02
20260905_09:00:00   2.2705e-01   5.9256e+01   2.7273e+01   0.0000e+00   0.0000e+00   2.7460e+02
20260905_10:00:00   2.2426e-01   5.8624e+01   2.6882e+01   0.0000e+00   0.0000e+00   2.7535e+02
20260905_11:00:00   2.2214e-01   5.8157e+01   2.6532e+01   0.0000e+00   5.6960e-05   2.7507e+02
20260905_12:00:00   2.1531e-01   5.6629e+01   2.5775e+01   0.0000e+00   0.0000e+00   2.7576e+02
20260905_13:00:00   2.1229e-01   5.5926e+01   2.5323e+01   0.0000e+00   1.1690e-03   2.7598e+02
20260905_14:00:00   2.0985e-01   5.5403e+01   2.5167e+01   0.0000e+00   1.1798e-04   2.7855e+02
20260905_15:00:00   2.1133e-01   5.5757e+01   2.5475e+01   0.0000e+00   2.9837e-03   2.7824e+02
20260905_16:00:00   2.1458e-01   5.6507e+01   2.6015e+01   0.0000e+00   4.2276e-03   2.7621e+02
20260905_17:00:00   2.1957e-01   5.7652e+01   2.6759e+01   0.0000e+00   1.0142e-02   2.7502e+02
20260905_18:00:00   2.2519e-01   5.8928e+01   2.7642e+01   3.2202e-04   1.3902e-03   2.7404e+02
20260905_19:00:00   2.3318e-01   6.0706e+01   2.8182e+01   7.4360e-03   2.6682e-03   2.7523e+02
20260905_20:00:00   2.7188e-01   6.9018e+01   2.8294e+01   5.2783e-02   5.6432e-03   2.7516e+02
20260905_21:00:00   2.5438e-01   6.5364e+01   2.8151e+01   3.4236e-02   4.1304e-03   2.7406e+02
20260905_22:00:00   2.2032e-01   5.8050e+01   2.7676e+01   4.9280e-04   6.9059e-03   2.7409e+02
20260905_23:00:00   2.1827e-01   5.7605e+01   2.7468e+01   1.2862e-03   7.6340e-03   2.7454e+02
20260906_00:00:00   2.2556e-01   5.9152e+01   2.7773e+01   7.2401e-03   1.3479e-02   2.7416e+02
20260906_01:00:00   2.1876e-01   5.7593e+01   2.7232e+01   4.4741e-03   6.8951e-03   2.7334e+02
20260906_02:00:00   2.0590e-01   5.4688e+01   2.6110e+01   0.0000e+00   4.7621e-03   2.7227e+02
20260906_03:00:00   2.0168e-01   5.3688e+01   2.5513e+01   0.0000e+00   6.5776e-05   2.7434e+02
20260906_04:00:00   1.9928e-01   5.3091e+01   2.5223e+01   0.0000e+00   0.0000e+00   2.7514e+02
20260906_05:00:00   1.9912e-01   5.2987e+01   2.5188e+01   0.0000e+00   0.0000e+00   2.7546e+02
20260906_06:00:00   1.9724e-01   5.2542e+01   2.5034e+01   0.0000e+00   1.6422e-04   2.7376e+02
20260906_07:00:00   1.9722e-01   5.2493e+01   2.5064e+01   0.0000e+00   1.9638e-03   2.7398e+02
20260906_08:00:00   1.9918e-01   5.2904e+01   2.5250e+01   0.0000e+00   3.8596e-04   2.7396e+02
20260906_09:00:00   1.9985e-01   5.2986e+01   2.5335e+01   0.0000e+00   9.3562e-04   2.7406e+02
20260906_10:00:00   1.9888e-01   5.2728e+01   2.5273e+01   0.0000e+00   1.3351e-02   2.7285e+02
20260906_11:00:00   1.9586e-01   5.2048e+01   2.4837e+01   0.0000e+00   5.8679e-03   2.7316e+02
20260906_12:00:00   1.9004e-01   5.0737e+01   2.4013e+01   0.0000e+00   4.0082e-04   2.7317e+02
20260906_13:00:00   1.8542e-01   4.9682e+01   2.3375e+01   0.0000e+00   2.2140e-05   2.7428e+02
20260906_14:00:00   1.8684e-01   4.9983e+01   2.3592e+01   0.0000e+00   4.0620e-06   2.7517e+02
20260906_15:00:00   1.9108e-01   5.0968e+01   2.4112e+01   0.0000e+00   3.2120e-05   2.7355e+02
20260906_16:00:00   1.9418e-01   5.1717e+01   2.4533e+01   0.0000e+00   1.6028e-03   2.7194e+02
20260906_17:00:00   1.9336e-01   5.1612e+01   2.4513e+01   8.0540e-06   1.1696e-03   2.7189e+02
20260906_18:00:00   1.9585e-01   5.2268e+01   2.4911e+01   1.4094e-04   1.0371e-05   2.7093e+02
20260906_19:00:00   2.0131e-01   5.3571e+01   2.5002e+01   5.5102e-03   7.8718e-05   2.6989e+02
20260906_20:00:00   1.9799e-01   5.2891e+01   2.4372e+01   6.2963e-03   8.3774e-05   2.6940e+02
20260906_21:00:00   1.9598e-01   5.2509e+01   2.3811e+01   8.1360e-03   1.3680e-04   2.6920e+02
20260906_22:00:00   3.2489e-01   7.9211e+01   2.4597e+01   1.4735e-01   1.7618e-03   2.6947e+02
20260906_23:00:00   2.6135e-01   6.6461e+01   2.4280e+01   7.7779e-02   8.2444e-03   2.7050e+02
20260907_00:00:00   1.9050e-01   5.1387e+01   2.3635e+01   2.9314e-03   6.4737e-04   2.6946e+02
20260907_01:00:00   2.3268e-01   6.0484e+01   2.4225e+01   4.5352e-02   1.1419e-03   2.6758e+02
20260907_02:00:00   2.2366e-01   5.8776e+01   2.5091e+01   2.5339e-02   1.5676e-04   2.6812e+02
20260907_03:00:00   2.3522e-01   6.1334e+01   2.7064e+01   1.9608e-02   1.2827e-04   2.6900e+02
20260907_04:00:00   4.2820e-01   9.9036e+01   2.8780e+01   2.1908e-01   1.4300e-04   2.6993e+02
20260907_05:00:00   2.3690e-01   6.1766e+01   2.7895e+01   9.9283e-03   9.7764e-05   2.7061e+02
20260907_06:00:00   2.4826e-01   6.4153e+01   2.9132e+01   1.1346e-02   1.2298e-04   2.7172e+02
20260907_07:00:00   4.9043e-01   1.0882e+02   2.9971e+01   2.7445e-01   1.4652e-02   2.6964e+02
20260907_08:00:00   5.1749e-01   1.1387e+02   3.0187e+01   3.0280e-01   1.3710e-02   2.6951e+02
20260907_09:00:00   2.7065e-01   6.8889e+01   2.9732e+01   2.5729e-02   2.1957e-04   2.6983e+02
20260907_10:00:00   2.4318e-01   6.3100e+01   2.8658e+01   2.0048e-04   1.3077e-03   2.7002e+02
20260907_11:00:00   2.4831e-01   6.4171e+01   2.8959e+01   7.8066e-04   6.1119e-05   2.7110e+02
20260907_12:00:00   2.4336e-01   6.3110e+01   2.8408e+01   2.5391e-04   8.0606e-06   2.7104e+02
20260907_13:00:00   2.3346e-01   6.0957e+01   2.7059e+01   0.0000e+00   5.1600e-07   2.7280e+02
20260907_14:00:00   2.3119e-01   6.0447e+01   2.6841e+01   0.0000e+00   7.4420e-05   2.7276e+02
20260907_15:00:00   2.3719e-01   6.1765e+01   2.7481e+01   0.0000e+00   0.0000e+00   2.7136e+02
20260907_16:00:00   2.3545e-01   6.1481e+01   2.7266e+01   2.0140e-06   7.2080e-06   2.7047e+02
20260907_17:00:00   2.2745e-01   5.9797e+01   2.6553e+01   7.5300e-04   0.0000e+00   2.6994e+02
20260907_18:00:00   2.2645e-01   5.9571e+01   2.6163e+01   7.9390e-03   3.2220e-06   2.6971e+02
20260907_21:00:00   2.3095e-01   6.0423e+01   2.5913e+01   2.3683e-02   1.9028e-05   2.7273e+02
20260908_00:00:00   2.4934e-01   6.4298e+01   2.8024e+01   2.6944e-02   4.3216e-04   2.7016e+02
20260908_03:00:00   4.8980e-01   1.0851e+02   2.9226e+01   2.8896e-01   2.2402e-01   2.7361e+02
20260908_06:00:00   2.3591e-01   6.1253e+01   2.9165e+01   6.0400e-06   2.6070e-03   2.7523e+02
20260908_09:00:00   2.4492e-01   6.3203e+01   2.9428e+01   0.0000e+00   4.5947e-05   2.7307e+02
20260908_12:00:00   2.4303e-01   6.2831e+01   2.8797e+01   1.8022e-05   5.3566e-06   2.7645e+02
20260908_15:00:00   2.4308e-01   6.2865e+01   2.8688e+01   0.0000e+00   0.0000e+00   2.7549e+02
20260908_18:00:00   2.4107e-01   6.2677e+01   2.7903e+01   6.9724e-03   4.0260e-06   2.7335e+02
20260908_21:00:00   3.6441e-01   8.7531e+01   2.8072e+01   1.5214e-01   8.4260e-05   2.7666e+02
20260909_00:00:00   2.4707e-01   6.3962e+01   2.6955e+01   2.9876e-02   4.6165e-02   2.7579e+02
20260909_03:00:00   2.6086e-01   6.6186e+01   2.9880e+01   2.0020e-02   4.0712e-01   2.7865e+02
20260909_06:00:00   2.4202e-01   6.2387e+01   2.8610e+01   4.0854e-03   6.9463e-02   2.7774e+02
20260909_09:00:00   2.4945e-01   6.4062e+01   2.8068e+01   1.0538e-02   5.5359e-03   2.8082e+02
20260909_12:00:00   2.4275e-01   6.2581e+01   2.8371e+01   0.0000e+00   4.0993e-02   2.8094e+02
20260909_15:00:00   2.5351e-01   6.4899e+01   2.9858e+01   2.0140e-06   1.0824e-03   2.8200e+02
20260909_18:00:00   2.4797e-01   6.3842e+01   2.9803e+01   5.8480e-05   9.0985e-04   2.8309e+02
20260909_21:00:00   4.1152e-01   9.6224e+01   3.0115e+01   1.9124e-01   1.6090e-03   2.8209e+02
20260910_00:00:00   6.9602e-01   1.4084e+02   2.9951e+01   5.1176e-01   7.7472e-04   2.8061e+02
20260910_03:00:00   2.3498e-01   6.0923e+01   2.7869e+01   3.9473e-03   1.4093e-01   2.8136e+02
20260910_06:00:00   4.1044e-01   9.5578e+01   3.0522e+01   1.7002e-01   1.2005e-03   2.8054e+02
20260910_09:00:00   2.8236e-01   7.0665e+01   3.1705e+01   1.4921e-02   1.9529e-01   2.8047e+02
20260910_12:00:00   2.8533e-01   7.1284e+01   2.9059e+01   3.9400e-02   4.5800e-05   2.8375e+02
20260910_15:00:00   3.6570e-01   8.7134e+01   3.0371e+01   1.1632e-01   1.1497e-03   2.8182e+02
20260910_18:00:00   3.3119e-01   8.1061e+01   3.1122e+01   7.6364e-02   1.2826e-04   2.8062e+02
20260910_21:00:00   8.9721e-01   1.6439e+02   3.3557e+01   6.9424e-01   3.1210e-01   2.8318e+02
20260911_00:00:00   2.7668e-01   6.9791e+01   3.2568e+01   3.9054e-03   2.6338e-03   2.8383e+02
20260911_03:00:00   5.8309e-01   1.2371e+02   3.3823e+01   3.3669e-01   4.0429e-01   2.8189e+02
20260911_06:00:00   4.5750e-01   1.0367e+02   3.3864e+01   1.9080e-01   7.3475e-01   2.8570e+02
20260911_09:00:00   4.9640e-01   1.1007e+02   3.2534e+01   2.5190e-01   5.9215e-02   2.8699e+02
20260911_12:00:00   5.6151e-01   1.2046e+02   3.2821e+01   3.2012e-01   3.7489e-01   2.8498e+02
20260911_15:00:00   7.5278e-01   1.4613e+02   2.8731e+01   5.7536e-01   4.1953e-01   2.8511e+02
20260911_18:00:00   2.9230e-01   7.2183e+01   2.4492e+01   9.0773e-02   1.5483e-01   2.8690e+02
20260911_21:00:00   1.3388e-01   3.7247e+01   1.4348e+01   0.0000e+00   3.7603e-02   2.9077e+02
20260912_00:00:00   1.1806e-01   3.3340e+01   1.2148e+01   8.1780e-06   2.0180e-07   2.8915e+02
20260912_03:00:00   1.1980e-01   3.3633e+01   1.2621e+01   0.0000e+00   0.0000e+00   2.9591e+02
20260912_06:00:00   1.2147e-01   3.3990e+01   1.2395e+01   3.0440e-03   1.6162e-04   2.9695e+02
20260912_09:00:00   1.2804e-01   3.5518e+01   1.2442e+01   8.0180e-03   1.3890e-04   2.9425e+02
20260912_12:00:00   1.2463e-01   3.4746e+01   1.2740e+01   0.0000e+00   0.0000e+00   2.9318e+02
20260912_15:00:00   1.1702e-01   3.2928e+01   1.1649e+01   0.0000e+00   0.0000e+00   2.9253e+02
20260912_18:00:00   1.2466e-01   3.4881e+01   1.3108e+01   0.0000e+00   0.0000e+00   2.9134e+02
20260912_21:00:00   1.1169e-01   3.1828e+01   1.1406e+01   9.0800e-04   6.8462e-05   2.9201e+02
20260913_00:00:00   1.1836e-01   3.3501e+01   1.2435e+01   0.0000e+00   8.8740e-06   2.8976e+02
20260913_03:00:00   1.2609e-01   3.5361e+01   1.3359e+01   0.0000e+00   0.0000e+00   2.8993e+02
20260913_06:00:00   1.2656e-01   3.5429e+01   1.3277e+01   0.0000e+00   0.0000e+00   2.8971e+02
20260913_09:00:00   1.2747e-01   3.5637e+01   1.3263e+01   0.0000e+00   0.0000e+00   2.8762e+02
20260913_12:00:00   1.1914e-01   3.3629e+01   1.2088e+01   0.0000e+00   0.0000e+00   2.8752e+02
20260913_15:00:00   1.2134e-01   3.4154e+01   1.2616e+01   0.0000e+00   0.0000e+00   2.8591e+02
20260913_18:00:00   1.4010e-01   3.8766e+01   1.5374e+01   0.0000e+00   0.0000e+00   2.8815e+02
20260913_21:00:00   1.6222e-01   4.4047e+01   1.7667e+01   9.1861e-03   2.9182e-04   2.8461e+02
20260914_00:00:00   9.9805e-01   1.7331e+02   2.3626e+01   9.0043e-01   2.3760e-01   2.8206e+02
20260914_03:00:00   2.0368e-01   5.3784e+01   2.1940e+01   1.3871e-02   2.6223e-03   2.8500e+02
20260914_06:00:00   2.1810e-01   5.6918e+01   2.4576e+01   5.8282e-03   1.6452e-03   2.8376e+02
20260914_09:00:00   2.1889e-01   5.7063e+01   2.5541e+01   0.0000e+00   1.7929e-02   2.8421e+02
20260914_12:00:00   2.3543e-01   6.0526e+01   2.7491e+01   1.7376e-04   1.8043e-01   2.8288e+02
20260914_15:00:00   2.5397e-01   6.4276e+01   2.8009e+01   1.7857e-02   9.4084e-02   2.8186e+02
20260914_18:00:00   2.6429e-01   6.6625e+01   2.6497e+01   4.1161e-02   6.2357e-02   2.7931e+02
20260914_21:00:00   3.6900e-01   8.7767e+01   2.9380e+01   1.4082e-01   4.9243e-02   2.7823e+02
20260915_00:00:00   2.6035e-01   6.5856e+01   2.8748e+01   2.0526e-02   8.8857e-02   2.7865e+02
20260915_03:00:00   2.8591e-01   7.1172e+01   3.1353e+01   1.9505e-02   3.4479e-01   2.8084e+02
20260915_06:00:00   2.6188e-01   6.6267e+01   3.0042e+01   5.2818e-03   9.8432e-02   2.8187e+02
20260915_09:00:00   2.5025e-01   6.3808e+01   2.7314e+01   1.9074e-02   2.6566e-03   2.7971e+02
20260915_12:00:00   2.2895e-01   5.9228e+01   2.6763e+01   1.0066e-06   1.2910e-03   2.7704e+02
20260915_15:00:00   2.0468e-01   5.3995e+01   2.3430e+01   3.0200e-06   4.4126e-03   2.7601e+02
20260915_18:00:00   1.8884e-01   5.0576e+01   2.1703e+01   3.0203e-06   8.3953e-06   2.7936e+02
20260915_21:00:00   1.8415e-01   4.9586e+01   2.1503e+01   2.4800e-03   0.0000e+00   2.7815e+02
20260916_00:00:00   1.7598e-01   4.7791e+01   2.0929e+01   2.4740e-04   0.0000e+00   2.8070e+02
20260916_03:00:00   2.0163e-01   5.3693e+01   2.2247e+01   1.3277e-02   0.0000e+00   2.8061e+02
20260916_06:00:00   1.8952e-01   5.0999e+01   2.1665e+01   0.0000e+00   0.0000e+00   2.7861e+02
20260916_09:00:00   1.9641e-01   5.2406e+01   2.2724e+01   0.0000e+00   0.0000e+00   2.7857e+02
20260916_12:00:00   2.0601e-01   5.4431e+01   2.4136e+01   0.0000e+00   0.0000e+00   2.8075e+02
20260916_15:00:00   2.0544e-01   5.4288e+01   2.4106e+01   0.0000e+00   0.0000e+00   2.8282e+02
20260916_18:00:00   1.9797e-01   5.2698e+01   2.3786e+01   1.1476e-04   2.0140e-06   2.8233e+02
20260916_21:00:00   2.1051e-01   5.5506e+01   2.3373e+01   2.2342e-02   2.9800e-05   2.8114e+02
20260917_00:00:00   2.0031e-01   5.3428e+01   2.4366e+01   1.7416e-05   0.0000e+00   2.8137e+02
20260917_03:00:00   1.9758e-01   5.2773e+01   2.3547e+01   3.5882e-03   5.6380e-06   2.8147e+02
20260917_06:00:00   1.9464e-01   5.2071e+01   2.3156e+01   1.4093e-03   2.4160e-06   2.8360e+02
20260917_09:00:00   1.9355e-01   5.1800e+01   2.2766e+01   0.0000e+00   1.2390e-04   2.8254e+02
20260917_12:00:00   1.9597e-01   5.2225e+01   2.2950e+01   0.0000e+00   2.6066e-04   2.8105e+02
20260917_15:00:00   2.0342e-01   5.3894e+01   2.3748e+01   2.3720e-04   5.0878e-05   2.8143e+02
20260917_18:00:00   3.3072e-01   8.0322e+01   2.5271e+01   1.2966e-01   2.0118e-03   2.8118e+02
20260917_21:00:00   2.0259e-01   5.3930e+01   2.2854e+01   8.3478e-03   1.6233e-02   2.8255e+02
20260918_00:00:00   3.9075e-01   9.1262e+01   2.3861e+01   2.1456e-01   1.7077e-01   2.8283e+02
20260918_03:00:00   2.5564e-01   6.4697e+01   2.4914e+01   5.5534e-02   1.0058e-01   2.8421e+02
20260918_06:00:00   2.0421e-01   5.3787e+01   2.4300e+01   1.7172e-05   1.1509e-02   2.8548e+02
20260918_09:00:00   2.0221e-01   5.3333e+01   2.3739e+01   0.0000e+00   1.9419e-03   2.8503e+02
20260918_12:00:00   2.1456e-01   5.6010e+01   2.4623e+01   1.4220e-03   7.6870e-04   2.8511e+02
20260918_15:00:00   2.2385e-01   5.8004e+01   2.5716e+01   3.3420e-03   4.4018e-03   2.8371e+02
20260918_18:00:00   2.3492e-01   6.0481e+01   2.7460e+01   7.0561e-04   1.4529e-01   2.8558e+02
