#            date       tau255        Tb[K]      pwv[mm] lwp[kg*m^-2] iwp[kg*m^-2]       o3[DU]
20261004_06:00:00   1.2399e-01   3.4935e+01   1.3017e+01   0.0000e+00   0.0000e+00   2.6131e+02
20261004_07:00:00   1.2004e-01   3.3949e+01   1.2442e+01   0.0000e+00   0.0000e+00   2.6158e+02
20261004_08:00:00   1.1252e-01   3.2060e+01   1.1525e+01   0.0000e+00   0.0000e+00   2.6247e+02
20261004_09:00:00   1.1198e-01   3.1905e+01   1.1451e+01   0.0000e+00   0.0000e+00   2.6148e+02
20261004_10:00:00   1.1055e-01   3.1522e+01   1.1167e+01   0.0000e+00   0.0000e+00   2.6088e+02
20261004_11:00:00   1.1000e-01   3.1352e+01   1.1043e+01   0.0000e+00   0.0000e+00   2.6071e+02
20261004_12:00:00   1.0880e-01   3.1023e+01   1.0913e+01   0.0000e+00   0.0000e+00   2.6061e+02
20261004_13:00:00   1.0758e-01   3.0691e+01   1.0788e+01   0.0000e+00   0.0000e+00   2.6059e+02
20261004_14:00:00   1.0656e-01   3.0416e+01   1.0672e+01   0.0000e+00   0.0000e+00   2.6098e+02
20261004_15:00:00   1.0624e-01   3.0331e+01   1.0638e+01   0.0000e+00   0.0000e+00   2.6309e+02
20261004_16:00:00   1.0759e-01   3.0672e+01   1.0870e+01   0.0000e+00   0.0000e+00   2.6257e+02
20261004_17:00:00   1.0853e-01   3.0926e+01   1.1057e+01   0.0000e+00   0.0000e+00   2.6093e+02
20261004_18:00:00   1.1063e-01   3.1471e+01   1.1417e+01   0.0000e+00   0.0000e+00   2.6032e+02
20261004_19:00:00   1.1485e-01   3.2547e+01   1.2055e+01   0.0000e+00   0.0000e+00   2.6107e+02
20261004_20:00:00   1.2129e-01   3.4177e+01   1.2979e+01   0.0000e+00   0.0000e+00   2.6141e+02
20261004_21:00:00   1.2779e-01   3.5808e+01   1.3888e+01   0.0000e+00   0.0000e+00   2.6136e+02
20261004_22:00:00   1.3239e-01   3.6965e+01   1.4481e+01   0.0000e+00   0.0000e+00   2.6339e+02
20261004_23:00:00   1.3699e-01   3.8104e+01   1.5002e+01   0.0000e+00   0.0000e+00   2.6542e+02
20261005_00:00:00   1.4132e-01   3.9145e+01   1.5424e+01   0.0000e+00   0.0000e+00   2.6648e+02
20261005_01:00:00   1.4398e-01   3.9758e+01   1.5601e+01   0.0000e+00   0.0000e+00   2.6827e+02
20261005_02:00:00   1.4353e-01   3.9638e+01   1.5409e+01   0.0000e+00   0.0000e+00   2.6829e+02
20261005_03:00:00   1.4283e-01   3.9457e+01   1.5223e+01   0.0000e+00   0.0000e+00   2.6848e+02
20261005_04:00:00   1.4539e-01   4.0058e+01   1.5443e+01   0.0000e+00   0.0000e+00   2.6762e+02
20261005_05:00:00   1.4782e-01   4.0606e+01   1.5687e+01   0.0000e+00   0.0000e+00   2.6751e+02
20261005_06:00:00   1.4848e-01   4.0743e+01   1.5737e+01   0.0000e+00   0.0000e+00   2.6773e+02
20261005_07:00:00   1.4832e-01   4.0688e+01   1.5669e+01   0.0000e+00   0.0000e+00   2.6760e+02
20261005_08:00:00   1.5153e-01   4.1409e+01   1.6069e+01   0.0000e+00   0.0000e+00   2.6757e+02
20261005_09:00:00   1.5423e-01   4.2018e+01   1.6417e+01   0.0000e+00   0.0000e+00   2.6747e+02
20261005_10:00:00   1.5426e-01   4.2003e+01   1.6403e+01   0.0000e+00   0.0000e+00   2.6650e+02
20261005_11:00:00   1.5272e-01   4.1648e+01   1.6126e+01   0.0000e+00   0.0000e+00   2.6742e+02
20261005_12:00:00   1.5043e-01   4.1119e+01   1.5825e+01   0.0000e+00   0.0000e+00   2.7022e+02
20261005_13:00:00   1.4823e-01   4.0599e+01   1.5554e+01   0.0000e+00   0.0000e+00   2.7146e+02
20261005_14:00:00   1.4626e-01   4.0139e+01   1.5275e+01   0.0000e+00   0.0000e+00   2.7069e+02
20261005_15:00:00   1.4424e-01   3.9683e+01   1.5017e+01   0.0000e+00   0.0000e+00   2.7098e+02
20261005_16:00:00   1.4284e-01   3.9387e+01   1.4868e+01   0.0000e+00   0.0000e+00   2.7275e+02
20261005_17:00:00   1.4262e-01   3.9389e+01   1.4909e+01   0.0000e+00   0.0000e+00   2.7387e+02
20261005_18:00:00   1.4012e-01   3.8856e+01   1.4756e+01   0.0000e+00   0.0000e+00   2.7588e+02
20261005_19:00:00   1.4022e-01   3.8939e+01   1.4876e+01   0.0000e+00   0.0000e+00   2.7813e+02
20261005_20:00:00   1.3935e-01   3.8782e+01   1.4867e+01   0.0000e+00   0.0000e+00   2.8185e+02
20261005_21:00:00   1.3869e-01   3.8661e+01   1.4863e+01   0.0000e+00   0.0000e+00   2.8258e+02
20261005_22:00:00   1.4213e-01   3.9523e+01   1.5324e+01   0.0000e+00   0.0000e+00   2.8269e+02
20261005_23:00:00   1.4766e-01   4.0868e+01   1.5960e+01   0.0000e+00   0.0000e+00   2.8261e+02
20261006_00:00:00   1.5071e-01   4.1573e+01   1.6335e+01   0.0000e+00   0.0000e+00   2.8360e+02
20261006_01:00:00   1.5150e-01   4.1730e+01   1.6435e+01   0.0000e+00   0.0000e+00   2.8399e+02
20261006_02:00:00   1.5105e-01   4.1609e+01   1.6360e+01   0.0000e+00   0.0000e+00   2.8398e+02
20261006_03:00:00   1.5085e-01   4.1545e+01   1.6288e+01   0.0000e+00   0.0000e+00   2.8364e+02
20261006_04:00:00   1.5057e-01   4.1470e+01   1.6200e+01   0.0000e+00   0.0000e+00   2.8481e+02
20261006_05:00:00   1.4765e-01   4.0763e+01   1.5800e+01   0.0000e+00   1.8014e-08   2.8427e+02
20261006_06:00:00   1.4684e-01   4.0534e+01   1.5704e+01   0.0000e+00   0.0000e+00   2.8397e+02
20261006_07:00:00   1.4398e-01   3.9815e+01   1.5383e+01   0.0000e+00   0.0000e+00   2.8320e+02
20261006_08:00:00   1.4027e-01   3.8920e+01   1.4891e+01   0.0000e+00   0.0000e+00   2.8298e+02
20261006_09:00:00   1.3967e-01   3.8759e+01   1.4768e+01   0.0000e+00   8.0900e-06   2.8239e+02
20261006_10:00:00   1.3752e-01   3.8233e+01   1.4475e+01   0.0000e+00   0.0000e+00   2.8264e+02
20261006_11:00:00   1.3759e-01   3.8230e+01   1.4445e+01   0.0000e+00   1.0066e-06   2.8254e+02
20261006_12:00:00   1.3708e-01   3.8082e+01   1.4422e+01   0.0000e+00   0.0000e+00   2.8439e+02
20261006_13:00:00   1.3723e-01   3.8092e+01   1.4486e+01   0.0000e+00   0.0000e+00   2.8535e+02
20261006_14:00:00   1.3822e-01   3.8301e+01   1.4683e+01   0.0000e+00   0.0000e+00   2.8871e+02
20261006_15:00:00   1.3534e-01   3.7618e+01   1.4403e+01   0.0000e+00   0.0000e+00   2.9121e+02
20261006_16:00:00   1.3269e-01   3.7006e+01   1.4098e+01   0.0000e+00   0.0000e+00   2.9257e+02
20261006_17:00:00   1.3033e-01   3.6477e+01   1.3867e+01   0.0000e+00   2.4415e-04   2.9133e+02
20261006_18:00:00   1.2814e-01   3.5990e+01   1.3739e+01   0.0000e+00   4.0507e-04   2.9072e+02
20261006_19:00:00   1.2590e-01   3.5461e+01   1.3629e+01   0.0000e+00   3.2076e-04   2.9092e+02
20261006_20:00:00   1.3034e-01   3.6520e+01   1.4477e+01   0.0000e+00   3.1625e-04   2.9236e+02
20261006_21:00:00   1.3526e-01   3.7691e+01   1.5312e+01   0.0000e+00   1.8746e-03   2.9246e+02
20261006_22:00:00   1.3955e-01   3.8723e+01   1.5914e+01   2.0140e-06   7.4935e-04   2.9277e+02
20261006_23:00:00   1.6249e-01   4.3883e+01   1.7535e+01   1.3085e-02   5.6411e-02   2.9128e+02
20261007_00:00:00   1.5186e-01   4.1541e+01   1.7667e+01   0.0000e+00   9.7705e-03   2.9291e+02
20261007_01:00:00   1.4779e-01   4.0610e+01   1.7030e+01   0.0000e+00   3.9773e-04   2.9125e+02
20261007_02:00:00   1.4802e-01   4.0667e+01   1.6998e+01   1.2080e-05   8.5187e-05   2.9078e+02
20261007_03:00:00   1.4710e-01   4.0443e+01   1.6781e+01   0.0000e+00   1.7938e-04   2.8905e+02
20261007_04:00:00   1.4903e-01   4.0907e+01   1.6795e+01   0.0000e+00   2.2002e-04   2.8902e+02
20261007_05:00:00   1.4783e-01   4.0552e+01   1.6578e+01   0.0000e+00   4.5507e-03   2.8659e+02
20261007_06:00:00   1.4363e-01   3.9526e+01   1.5918e+01   0.0000e+00   2.7012e-03   2.8641e+02
20261007_07:00:00   1.3676e-01   3.7827e+01   1.5027e+01   0.0000e+00   3.5905e-03   2.8722e+02
20261007_08:00:00   1.3007e-01   3.6212e+01   1.4150e+01   0.0000e+00   1.1511e-03   2.8723e+02
20261007_09:00:00   1.2411e-01   3.4757e+01   1.3336e+01   0.0000e+00   5.0333e-06   2.8746e+02
20261007_10:00:00   1.1851e-01   3.3363e+01   1.2585e+01   0.0000e+00   0.0000e+00   2.8691e+02
20261007_11:00:00   1.1365e-01   3.2149e+01   1.1944e+01   0.0000e+00   8.0623e-07   2.8646e+02
20261007_12:00:00   1.0926e-01   3.1036e+01   1.1329e+01   0.0000e+00   9.0120e-06   2.8377e+02
20261007_13:00:00   1.0848e-01   3.0831e+01   1.1213e+01   0.0000e+00   4.5556e-04   2.8368e+02
20261007_14:00:00   1.0874e-01   3.0881e+01   1.1289e+01   0.0000e+00   7.9256e-04   2.8566e+02
20261007_15:00:00   1.0793e-01   3.0696e+01   1.1180e+01   0.0000e+00   3.6100e-04   2.8725e+02
20261007_16:00:00   1.0685e-01   3.0432e+01   1.1100e+01   0.0000e+00   9.0120e-06   2.8789e+02
20261007_17:00:00   1.0859e-01   3.0879e+01   1.1393e+01   0.0000e+00   0.0000e+00   2.8773e+02
20261007_18:00:00   1.1460e-01   3.2374e+01   1.2323e+01   0.0000e+00   3.3540e-06   2.8650e+02
20261007_19:00:00   1.1982e-01   3.3661e+01   1.3145e+01   7.3200e-05   1.3198e-04   2.8545e+02
20261007_20:00:00   1.2868e-01   3.5769e+01   1.4479e+01   2.3500e-04   9.0118e-03   2.8344e+02
20261007_21:00:00   1.4388e-01   3.9287e+01   1.6136e+01   4.3702e-03   3.7344e-02   2.8073e+02
20261007_22:00:00   1.3958e-01   3.8359e+01   1.5989e+01   1.3944e-04   3.3733e-02   2.7849e+02
20261007_23:00:00   1.3826e-01   3.8070e+01   1.5678e+01   7.3960e-04   2.0046e-02   2.7767e+02
20261008_00:00:00   1.3481e-01   3.7300e+01   1.5217e+01   0.0000e+00   2.2290e-04   2.7795e+02
20261008_01:00:00   1.3979e-01   3.8478e+01   1.5311e+01   3.8410e-03   2.8421e-03   2.7718e+02
20261008_02:00:00   1.4074e-01   3.8734e+01   1.5386e+01   2.6961e-03   3.3059e-04   2.7591e+02
20261008_03:00:00   1.5195e-01   4.1315e+01   1.5693e+01   1.1270e-02   8.9607e-04   2.7601e+02
20261008_04:00:00   1.4635e-01   4.0054e+01   1.5701e+01   4.1360e-03   7.0287e-04   2.7591e+02
20261008_05:00:00   1.3997e-01   3.8575e+01   1.5317e+01   0.0000e+00   7.2340e-05   2.7568e+02
20261008_06:00:00   1.3718e-01   3.7907e+01   1.4924e+01   0.0000e+00   0.0000e+00   2.7613e+02
20261008_07:00:00   1.3265e-01   3.6818e+01   1.4243e+01   0.0000e+00   0.0000e+00   2.7569e+02
20261008_08:00:00   1.2713e-01   3.5495e+01   1.3441e+01   0.0000e+00   0.0000e+00   2.7683e+02
20261008_09:00:00   1.2252e-01   3.4364e+01   1.2765e+01   0.0000e+00   0.0000e+00   2.7750e+02
20261008_10:00:00   1.1959e-01   3.3629e+01   1.2357e+01   0.0000e+00   0.0000e+00   2.7607e+02
20261008_11:00:00   1.1747e-01   3.3104e+01   1.2041e+01   0.0000e+00   0.0000e+00   2.7478e+02
20261008_12:00:00   1.1614e-01   3.2767e+01   1.1837e+01   0.0000e+00   0.0000e+00   2.7537e+02
20261008_13:00:00   1.1434e-01   3.2313e+01   1.1557e+01   0.0000e+00   0.0000e+00   2.7627e+02
20261008_14:00:00   1.1221e-01   3.1792e+01   1.1244e+01   0.0000e+00   0.0000e+00   2.7701e+02
20261008_15:00:00   1.1133e-01   3.1595e+01   1.1118e+01   0.0000e+00   0.0000e+00   2.7771e+02
20261008_16:00:00   1.1087e-01   3.1501e+01   1.1059e+01   0.0000e+00   0.0000e+00   2.7588e+02
20261008_17:00:00   1.1036e-01   3.1410e+01   1.0994e+01   0.0000e+00   0.0000e+00   2.7370e+02
20261008_18:00:00   1.0724e-01   3.0671e+01   1.0610e+01   0.0000e+00   0.0000e+00   2.7348e+02
20261008_19:00:00   1.0705e-01   3.0636e+01   1.0733e+01   0.0000e+00   0.0000e+00   2.7199e+02
20261008_20:00:00   1.1066e-01   3.1520e+01   1.1419e+01   0.0000e+00   0.0000e+00   2.7195e+02
20261008_21:00:00   1.1930e-01   3.3640e+01   1.2707e+01   0.0000e+00   1.4964e-05   2.7148e+02
20261008_22:00:00   1.2501e-01   3.5046e+01   1.3532e+01   5.9340e-05   3.0961e-04   2.7154e+02
20261008_23:00:00   1.2821e-01   3.5802e+01   1.4017e+01   0.0000e+00   1.0492e-04   2.7251e+02
20261009_00:00:00   1.2941e-01   3.6063e+01   1.4160e+01   0.0000e+00   0.0000e+00   2.7270e+02
20261009_01:00:00   1.2969e-01   3.6101e+01   1.4105e+01   0.0000e+00   0.0000e+00   2.7245e+02
20261009_02:00:00   1.2912e-01   3.5957e+01   1.3970e+01   0.0000e+00   0.0000e+00   2.7143e+02
20261009_03:00:00   1.2979e-01   3.6107e+01   1.4011e+01   0.0000e+00   0.0000e+00   2.6977e+02
20261009_04:00:00   1.3268e-01   3.6782e+01   1.4301e+01   0.0000e+00   0.0000e+00   2.6973e+02
20261009_05:00:00   1.3367e-01   3.7013e+01   1.4346e+01   0.0000e+00   0.0000e+00   2.7019e+02
20261009_06:00:00   1.3475e-01   3.7277e+01   1.4444e+01   0.0000e+00   0.0000e+00   2.7451e+02
20261009_09:00:00   1.3429e-01   3.7150e+01   1.4206e+01   0.0000e+00   0.0000e+00   2.7481e+02
20261009_12:00:00   1.2910e-01   3.5905e+01   1.3406e+01   0.0000e+00   0.0000e+00   2.6890e+02
20261009_15:00:00   1.2561e-01   3.5056e+01   1.2865e+01   0.0000e+00   0.0000e+00   2.6426e+02
20261009_18:00:00   1.1916e-01   3.3623e+01   1.1984e+01   0.0000e+00   0.0000e+00   2.6520e+02
20261009_21:00:00   1.2548e-01   3.5201e+01   1.3177e+01   4.4980e-04   6.3560e-05   2.6886e+02
20261010_00:00:00   2.0376e-01   5.2881e+01   1.6528e+01   6.0188e-02   8.6838e-03   2.6553e+02
20261010_03:00:00   1.4907e-01   4.0530e+01   1.6728e+01   4.1440e-06   1.4125e-04   2.6671e+02
20261010_06:00:00   1.3961e-01   3.8320e+01   1.5004e+01   0.0000e+00   1.6126e-07   2.6511e+02
20261010_09:00:00   1.4363e-01   3.9335e+01   1.5053e+01   0.0000e+00   0.0000e+00   2.6268e+02
20261010_12:00:00   1.4389e-01   3.9382e+01   1.4877e+01   0.0000e+00   0.0000e+00   2.6281e+02
20261010_15:00:00   1.4619e-01   3.9934e+01   1.5151e+01   0.0000e+00   0.0000e+00   2.6030e+02
20261010_18:00:00   1.4493e-01   3.9808e+01   1.5102e+01   1.2080e-05   8.0540e-07   2.6044e+02
20261010_21:00:00   2.2556e-01   5.8014e+01   1.7281e+01   7.4839e-02   9.1869e-03   2.5738e+02
20261011_00:00:00   1.5497e-01   4.2251e+01   1.6965e+01   6.4480e-04   6.0974e-05   2.5074e+02
20261011_03:00:00   1.2570e-01   3.5274e+01   1.3176e+01   0.0000e+00   7.6660e-04   2.5255e+02
20261011_06:00:00   1.3318e-01   3.7078e+01   1.3808e+01   0.0000e+00   1.0170e-03   2.5444e+02
20261011_09:00:00   1.3270e-01   3.6913e+01   1.3783e+01   0.0000e+00   1.8186e-03   2.5096e+02
20261011_12:00:00   1.4761e-01   4.0346e+01   1.5745e+01   6.0400e-06   2.6638e-05   2.4880e+02
20261011_15:00:00   1.4480e-01   3.9618e+01   1.5865e+01   0.0000e+00   2.1463e-03   2.4817e+02
20261011_18:00:00   1.4397e-01   3.9544e+01   1.6240e+01   4.1280e-05   2.0123e-04   2.5087e+02
20261011_21:00:00   1.5516e-01   4.2040e+01   1.7737e+01   6.9255e-03   6.7817e-04   2.4757e+02
20261012_00:00:00   1.6482e-01   4.4333e+01   1.9877e+01   3.7321e-04   2.0697e-03   2.4490e+02
20261012_03:00:00   1.5096e-01   4.1092e+01   1.7983e+01   3.7683e-04   2.8575e-04   2.4462e+02
20261012_06:00:00   1.4857e-01   4.0568e+01   1.7118e+01   2.6680e-04   1.7088e-04   2.4844e+02
20261012_09:00:00   1.2142e-01   3.4137e+01   1.2807e+01   0.0000e+00   0.0000e+00   2.4484e+02
20261012_12:00:00   1.4381e-01   3.9454e+01   1.5567e+01   0.0000e+00   0.0000e+00   2.4755e+02
20261012_15:00:00   1.7244e-01   4.6104e+01   1.8903e+01   1.0151e-03   2.3559e-04   2.5117e+02
20261012_18:00:00   1.9650e-01   5.1762e+01   1.9173e+01   2.5106e-02   1.8997e-05   2.5066e+02
20261012_21:00:00   1.7648e-01   4.7272e+01   1.7197e+01   1.8406e-02   5.1878e-05   2.5025e+02
20261013_00:00:00   1.5704e-01   4.2890e+01   1.6489e+01   2.7781e-03   2.1702e-05   2.4816e+02
20261013_03:00:00   1.3961e-01   3.8778e+01   1.4516e+01   0.0000e+00   0.0000e+00   2.4747e+02
20261013_06:00:00   1.3097e-01   3.6639e+01   1.2575e+01   3.5295e-04   0.0000e+00   2.4664e+02
20261013_09:00:00   1.4613e-01   4.0191e+01   1.4152e+01   3.9962e-03   0.0000e+00   2.4681e+02
20261013_12:00:00   1.3946e-01   3.8550e+01   1.3621e+01   1.7656e-04   0.0000e+00   2.4619e+02
20261013_15:00:00   1.4787e-01   4.0532e+01   1.3783e+01   6.9734e-03   0.0000e+00   2.4608e+02
20261013_18:00:00   1.5344e-01   4.1943e+01   1.5047e+01   7.8522e-03   1.6250e-06   2.4717e+02
20261013_21:00:00   1.3160e-01   3.6872e+01   1.3546e+01   2.6660e-06   0.0000e+00   2.4871e+02
20261014_00:00:00   1.1067e-01   3.1759e+01   1.0826e+01   0.0000e+00   0.0000e+00   2.4746e+02
20261014_03:00:00   1.1149e-01   3.1919e+01   1.0745e+01   0.0000e+00   0.0000e+00   2.5233e+02
20261014_06:00:00   1.0907e-01   3.1275e+01   1.0232e+01   0.0000e+00   0.0000e+00   2.4985e+02
20261014_09:00:00   1.1928e-01   3.3644e+01   1.1980e+01   0.0000e+00   0.0000e+00   2.4972e+02
20261014_12:00:00   1.4043e-01   3.8671e+01   1.5107e+01   0.0000e+00   0.0000e+00   2.5042e+02
20261014_15:00:00   1.7111e-01   4.5586e+01   1.9749e+01   1.7738e-06   1.0663e-02   2.4847e+02
20261014_18:00:00   1.8489e-01   4.8779e+01   2.1751e+01   8.3560e-04   1.1818e-01   2.5068e+02
20261014_21:00:00   1.6810e-01   4.5290e+01   1.9668e+01   0.0000e+00   4.4015e-03   2.5020e+02
20261015_00:00:00   1.5324e-01   4.1960e+01   1.7187e+01   0.0000e+00   1.2900e-06   2.5438e+02
20261015_03:00:00   1.7992e-01   4.8067e+01   1.7894e+01   1.9606e-02   9.3270e-05   2.5385e+02
20261015_06:00:00   1.4802e-01   4.0764e+01   1.5376e+01   0.0000e+00   0.0000e+00   2.5480e+02
20261015_09:00:00   1.2530e-01   3.5268e+01   1.2281e+01   0.0000e+00   0.0000e+00   2.5829e+02
20261015_12:00:00   1.1655e-01   3.3034e+01   1.1054e+01   0.0000e+00   0.0000e+00   2.6205e+02
20261015_15:00:00   1.0210e-01   2.9419e+01   9.3090e+00   0.0000e+00   0.0000e+00   2.6648e+02
20261015_18:00:00   1.0984e-01   3.1315e+01   1.1008e+01   0.0000e+00   0.0000e+00   2.6626e+02
20261015_21:00:00   1.1170e-01   3.1812e+01   1.1605e+01   0.0000e+00   0.0000e+00   2.7428e+02
20261016_00:00:00   1.1181e-01   3.1844e+01   1.1412e+01   0.0000e+00   0.0000e+00   2.7499e+02
20261016_03:00:00   1.0934e-01   3.1178e+01   1.0867e+01   0.0000e+00   0.0000e+00   2.6975e+02
20261016_06:00:00   1.2731e-01   3.5459e+01   1.2945e+01   0.0000e+00   0.0000e+00   2.6734e+02
20261016_09:00:00   1.4912e-01   4.0499e+01   1.5088e+01   6.1162e-04   1.4286e-05   2.6748e+02
20261016_12:00:00   1.2106e-01   3.3672e+01   1.1447e+01   6.4500e-07   2.5800e-07   2.7073e+02
20261016_15:00:00   1.0895e-01   3.0566e+01   9.9790e+00   1.6770e-05   3.8700e-07   2.7323e+02
20261016_18:00:00   1.0237e-01   2.8974e+01   9.0708e+00   0.0000e+00   0.0000e+00   2.7524e+02
20261016_21:00:00   1.0643e-01   3.0138e+01   9.6896e+00   0.0000e+00   0.0000e+00   2.7537e+02
20261017_00:00:00   1.0150e-01   2.9060e+01   9.1122e+00   0.0000e+00   0.0000e+00   2.8025e+02
20261017_03:00:00   8.9722e-02   2.6046e+01   7.5943e+00   0.0000e+00   0.0000e+00   2.8361e+02
20261017_06:00:00   8.5150e-02   2.4797e+01   6.7225e+00   0.0000e+00   0.0000e+00   2.8199e+02
20261017_09:00:00   8.4526e-02   2.4509e+01   6.5411e+00   0.0000e+00   0.0000e+00   2.8704e+02
20261017_12:00:00   8.7582e-02   2.5191e+01   7.1433e+00   0.0000e+00   0.0000e+00   2.8613e+02
20261017_15:00:00   9.3738e-02   2.6693e+01   8.0868e+00   0.0000e+00   0.0000e+00   2.8905e+02
20261017_18:00:00   1.0484e-01   2.9487e+01   9.6881e+00   0.0000e+00   0.0000e+00   2.9097e+02
20261017_21:00:00   1.0203e-01   2.8885e+01   9.5784e+00   0.0000e+00   0.0000e+00   2.9041e+02
20261018_00:00:00   9.5515e-02   2.7250e+01   8.5944e+00   0.0000e+00   0.0000e+00   2.8831e+02
20261018_03:00:00   9.5262e-02   2.7051e+01   7.9365e+00   0.0000e+00   0.0000e+00   2.8781e+02
20261018_06:00:00   8.8412e-02   2.5282e+01   6.8287e+00   0.0000e+00   0.0000e+00   2.8423e+02
20261018_09:00:00   1.0901e-01   3.0218e+01   6.8880e+00   1.9644e-02   2.1547e-04   2.8239e+02
20261018_12:00:00   7.9431e-02   2.2983e+01   5.2181e+00   3.2260e-07   4.5880e-06   2.8272e+02
20261018_15:00:00   7.5916e-02   2.2151e+01   4.7859e+00   9.6760e-07   6.4500e-08   2.8042e+02
20261018_18:00:00   8.0966e-02   2.3532e+01   5.6924e+00   0.0000e+00   0.0000e+00   2.7735e+02
20261018_21:00:00   8.1581e-02   2.3831e+01   6.1365e+00   0.0000e+00   0.0000e+00   2.7366e+02
20261019_00:00:00   7.8893e-02   2.3219e+01   5.8191e+00   0.0000e+00   0.0000e+00   2.7433e+02
20261019_03:00:00   7.4221e-02   2.2030e+01   5.1315e+00   0.0000e+00   0.0000e+00   2.7403e+02
20261019_06:00:00   7.5055e-02   2.2215e+01   5.0551e+00   0.0000e+00   0.0000e+00   2.7859e+02
20261019_09:00:00   7.2939e-02   2.1663e+01   4.7657e+00   0.0000e+00   0.0000e+00   2.8260e+02
20261019_12:00:00   6.8621e-02   2.0550e+01   4.3137e+00   0.0000e+00   0.0000e+00   2.8133e+02
20261019_15:00:00   6.9880e-02   2.0879e+01   4.6585e+00   0.0000e+00   0.0000e+00   2.7952e+02
20261019_18:00:00   7.3043e-02   2.1750e+01   5.2827e+00   0.0000e+00   0.0000e+00   2.7461e+02
20261019_21:00:00   8.5008e-02   2.4860e+01   7.4073e+00   0.0000e+00   0.0000e+00   2.7508e+02
20261020_00:00:00   8.7288e-02   2.5358e+01   8.1177e+00   0.0000e+00   2.9683e-03   2.7369e+02
20261020_03:00:00   8.0742e-02   2.3735e+01   6.9482e+00   0.0000e+00   0.0000e+00   2.7163e+02
20261020_06:00:00   8.4322e-02   2.4585e+01   7.4349e+00   0.0000e+00   0.0000e+00   2.6587e+02
