#            date       tau255        Tb[K]      pwv[mm] lwp[kg*m^-2] iwp[kg*m^-2]       o3[DU]
20260923_18:00:00   8.2673e-01   1.5537e+02   2.6377e+01   6.7588e-01   3.9196e-01   2.7751e+02
20260923_19:00:00   5.0335e-01   1.1021e+02   2.6556e+01   3.0926e-01   3.5362e-01   2.7751e+02
20260923_20:00:00   7.0591e-01   1.4021e+02   2.6982e+01   5.3492e-01   3.6039e-01   2.7648e+02
20260923_21:00:00   7.5665e-01   1.4702e+02   2.7312e+01   5.8940e-01   6.1672e-01   2.7557e+02
20260923_22:00:00   9.9713e-01   1.7459e+02   2.7863e+01   8.5845e-01   5.6003e-01   2.7609e+02
20260923_23:00:00   8.7169e-01   1.6100e+02   2.7818e+01   7.1409e-01   7.1463e-01   2.7568e+02
20260924_00:00:00   7.7127e-01   1.4884e+02   2.7612e+01   6.0156e-01   4.2295e-01   2.7625e+02
20260924_01:00:00   9.0512e-01   1.6421e+02   2.6973e+01   7.5750e-01   1.9037e-01   2.7722e+02
20260924_02:00:00   8.9494e-01   1.6322e+02   2.7060e+01   7.4503e-01   1.6499e-01   2.7629e+02
20260924_03:00:00   9.9345e-01   1.7474e+02   2.6627e+01   8.6884e-01   6.7968e-02   2.7524e+02
20260924_04:00:00   1.2123e+00   1.9471e+02   2.6308e+01   1.1201e+00   1.9551e-02   2.7647e+02
20260924_05:00:00   1.3246e+00   2.0378e+02   2.6184e+01   1.2522e+00   4.8055e-02   2.7586e+02
20260924_06:00:00   1.2239e+00   1.9628e+02   2.6249e+01   1.1382e+00   3.8500e-02   2.7559e+02
20260924_07:00:00   1.0023e+00   1.7625e+02   2.5666e+01   8.8839e-01   1.2696e-02   2.7345e+02
20260924_08:00:00   1.2771e+00   1.9942e+02   2.5078e+01   1.1964e+00   1.6362e-02   2.7275e+02
20260924_09:00:00   9.2986e-01   1.6755e+02   2.4310e+01   8.0610e-01   1.7414e-02   2.7287e+02
20260924_10:00:00   3.2355e-01   7.8177e+01   2.2964e+01   1.2810e-01   2.4522e-02   2.7246e+02
20260924_11:00:00   2.6759e-01   6.6912e+01   2.2649e+01   6.7167e-02   3.0538e-02   2.7474e+02
20260924_12:00:00   2.9452e-01   7.2322e+01   2.2168e+01   1.0072e-01   1.6331e-03   2.7700e+02
20260924_13:00:00   4.3205e-01   9.8214e+01   2.1744e+01   2.5913e-01   1.2366e-03   2.7741e+02
20260924_14:00:00   4.1395e-01   9.5034e+01   2.1607e+01   2.3966e-01   8.3650e-04   2.8041e+02
20260924_15:00:00   2.2207e-01   5.7263e+01   2.0912e+01   2.7926e-02   3.5389e-03   2.8169e+02
20260924_16:00:00   2.1765e-01   5.6386e+01   2.0808e+01   2.5531e-02   4.5866e-03   2.8089e+02
20260924_17:00:00   2.0142e-01   5.2870e+01   2.0438e+01   1.1983e-02   4.7127e-03   2.8008e+02
20260924_18:00:00   2.3180e-01   5.9744e+01   2.0654e+01   4.6833e-02   1.8704e-03   2.7986e+02
20260924_19:00:00   2.6449e-01   6.6852e+01   2.0450e+01   8.7749e-02   2.2578e-06   2.8026e+02
20260924_20:00:00   1.8901e-01   5.0276e+01   1.9994e+01   5.4223e-03   5.3045e-06   2.7998e+02
20260924_21:00:00   1.8355e-01   4.9093e+01   1.9813e+01   2.3171e-03   0.0000e+00   2.7943e+02
20260924_22:00:00   1.8383e-01   4.9179e+01   1.9949e+01   1.8071e-03   0.0000e+00   2.7902e+02
20260924_23:00:00   1.8950e-01   5.0526e+01   1.9593e+01   1.1956e-02   0.0000e+00   2.7705e+02
20260925_00:00:00   2.0671e-01   5.4391e+01   1.9643e+01   3.1697e-02   8.0540e-07   2.7487e+02
20260925_01:00:00   1.9223e-01   5.1098e+01   1.9250e+01   1.9222e-02   0.0000e+00   2.7538e+02
20260925_02:00:00   1.7793e-01   4.7832e+01   1.8809e+01   7.0741e-03   8.0540e-07   2.7547e+02
20260925_03:00:00   1.6922e-01   4.5818e+01   1.8346e+01   5.7380e-04   0.0000e+00   2.7559e+02
20260925_04:00:00   1.7252e-01   4.6558e+01   1.8765e+01   1.4808e-04   1.1572e-03   2.7648e+02
20260925_05:00:00   1.7775e-01   4.7708e+01   1.9473e+01   4.1023e-04   1.2841e-03   2.7636e+02
20260925_06:00:00   1.7489e-01   4.7002e+01   1.9484e+01   2.4460e-05   5.0927e-03   2.7769e+02
20260925_07:00:00   1.8009e-01   4.8150e+01   2.0058e+01   9.7680e-06   5.8435e-03   2.7650e+02
20260925_08:00:00   1.7822e-01   4.7662e+01   1.9988e+01   0.0000e+00   1.0735e-02   2.7708e+02
20260925_09:00:00   1.8027e-01   4.8048e+01   2.0557e+01   0.0000e+00   8.7570e-03   2.7598e+02
20260925_10:00:00   1.8795e-01   4.9705e+01   2.1534e+01   2.5240e-04   6.0089e-02   2.7492e+02
20260925_11:00:00   2.0392e-01   5.3202e+01   2.3363e+01   0.0000e+00   3.8821e-01   2.7440e+02
20260925_12:00:00   4.1853e-01   9.5538e+01   2.5603e+01   2.1734e-01   1.2123e+00   2.7542e+02
20260925_13:00:00   3.7453e-01   8.7554e+01   2.5705e+01   1.6292e-01   1.9042e+00   2.7516e+02
20260925_14:00:00   2.1790e-01   5.5999e+01   2.4568e+01   2.6874e-03   6.4393e-01   2.7538e+02
20260925_15:00:00   1.9264e-01   5.0654e+01   2.1252e+01   0.0000e+00   4.4935e-03   2.7662e+02
20260925_16:00:00   1.8302e-01   4.8590e+01   2.0171e+01   0.0000e+00   1.1863e-06   2.7768e+02
20260925_17:00:00   1.7981e-01   4.7993e+01   1.9370e+01   5.0520e-04   0.0000e+00   2.7815e+02
20260925_18:00:00   1.7432e-01   4.6871e+01   1.8416e+01   7.9120e-04   1.6126e-07   2.7994e+02
20260925_19:00:00   1.7229e-01   4.6558e+01   1.7694e+01   2.8860e-04   0.0000e+00   2.8340e+02
20260925_20:00:00   1.6666e-01   4.5257e+01   1.7634e+01   0.0000e+00   0.0000e+00   2.8544e+02
20260925_21:00:00   1.7008e-01   4.5993e+01   1.8575e+01   3.5160e-05   0.0000e+00   2.8724e+02
20260925_22:00:00   1.8377e-01   4.9067e+01   2.0420e+01   7.1880e-04   4.6200e-05   2.8926e+02
20260925_23:00:00   1.8603e-01   4.9525e+01   2.0823e+01   3.2790e-03   8.8474e-03   2.8932e+02
20260926_00:00:00   7.6383e-01   1.4590e+02   2.2661e+01   6.4225e-01   4.0436e-01   2.8903e+02
20260926_01:00:00   1.7801e-01   4.7276e+01   2.0269e+01   0.0000e+00   3.8751e-01   2.8837e+02
20260926_02:00:00   1.6210e-01   4.3814e+01   1.8248e+01   0.0000e+00   3.9745e-04   2.8813e+02
20260926_03:00:00   1.5391e-01   4.1961e+01   1.7158e+01   0.0000e+00   0.0000e+00   2.8723e+02
20260926_04:00:00   1.5269e-01   4.1691e+01   1.6859e+01   0.0000e+00   0.0000e+00   2.8979e+02
20260926_05:00:00   1.5024e-01   4.1133e+01   1.6431e+01   0.0000e+00   0.0000e+00   2.8802e+02
20260926_06:00:00   1.4531e-01   3.9992e+01   1.5604e+01   0.0000e+00   0.0000e+00   2.8774e+02
20260926_07:00:00   1.4905e-01   4.0863e+01   1.5935e+01   0.0000e+00   0.0000e+00   2.8447e+02
20260926_08:00:00   1.5005e-01   4.1083e+01   1.5969e+01   0.0000e+00   0.0000e+00   2.8451e+02
20260926_09:00:00   1.4768e-01   4.0530e+01   1.5658e+01   0.0000e+00   0.0000e+00   2.8371e+02
20260926_10:00:00   1.4664e-01   4.0276e+01   1.5501e+01   0.0000e+00   0.0000e+00   2.8271e+02
20260926_11:00:00   1.4329e-01   3.9498e+01   1.5013e+01   0.0000e+00   0.0000e+00   2.8226e+02
20260926_12:00:00   1.3740e-01   3.8123e+01   1.4269e+01   0.0000e+00   0.0000e+00   2.8181e+02
20260926_13:00:00   1.3105e-01   3.6615e+01   1.3451e+01   0.0000e+00   0.0000e+00   2.8167e+02
20260926_14:00:00   1.3106e-01   3.6614e+01   1.3281e+01   0.0000e+00   0.0000e+00   2.8249e+02
20260926_15:00:00   1.3115e-01   3.6651e+01   1.3248e+01   0.0000e+00   0.0000e+00   2.8178e+02
20260926_16:00:00   1.3560e-01   3.7742e+01   1.3811e+01   0.0000e+00   0.0000e+00   2.7991e+02
20260926_17:00:00   1.4570e-01   4.0190e+01   1.5155e+01   0.0000e+00   0.0000e+00   2.7886e+02
20260926_18:00:00   1.5182e-01   4.1723e+01   1.5815e+01   9.0000e-04   1.6106e-06   2.7844e+02
20260926_19:00:00   1.6151e-01   4.4058e+01   1.6379e+01   6.3460e-03   2.9720e-05   2.7823e+02
20260926_20:00:00   1.9046e-01   5.0676e+01   1.7065e+01   3.4159e-02   1.5517e-04   2.7696e+02
20260926_21:00:00   1.9790e-01   5.2342e+01   1.7459e+01   4.1929e-02   9.6057e-04   2.7626e+02
20260926_22:00:00   1.5732e-01   4.3150e+01   1.6619e+01   4.4978e-03   3.0938e-04   2.7643e+02
20260926_23:00:00   1.5358e-01   4.2282e+01   1.6572e+01   1.6290e-03   9.6911e-04   2.7646e+02
20260927_00:00:00   1.5518e-01   4.2647e+01   1.6105e+01   6.5536e-03   8.6600e-06   2.7697e+02
20260927_01:00:00   1.6395e-01   4.4654e+01   1.5652e+01   2.0420e-02   1.4676e-05   2.7716e+02
20260927_02:00:00   1.3022e-01   3.6666e+01   1.3685e+01   0.0000e+00   1.6380e-03   2.7653e+02
20260927_03:00:00   1.2108e-01   3.4398e+01   1.2567e+01   0.0000e+00   1.8447e-04   2.7669e+02
20260927_04:00:00   1.2136e-01   3.4438e+01   1.2630e+01   0.0000e+00   3.2642e-03   2.7601e+02
20260927_05:00:00   1.2660e-01   3.5701e+01   1.3271e+01   0.0000e+00   4.0283e-03   2.7528e+02
20260927_06:00:00   1.2728e-01   3.5857e+01   1.3291e+01   0.0000e+00   6.8583e-03   2.7386e+02
20260927_07:00:00   1.2470e-01   3.5219e+01   1.2900e+01   0.0000e+00   2.8159e-04   2.7434e+02
20260927_08:00:00   1.1972e-01   3.3996e+01   1.2184e+01   0.0000e+00   3.6437e-04   2.7468e+02
20260927_09:00:00   1.1918e-01   3.3842e+01   1.2047e+01   0.0000e+00   1.9304e-03   2.7392e+02
20260927_10:00:00   1.1947e-01   3.3901e+01   1.2038e+01   0.0000e+00   2.1424e-03   2.7263e+02
20260927_11:00:00   1.1576e-01   3.2997e+01   1.1464e+01   0.0000e+00   1.2478e-03   2.7282e+02
20260927_12:00:00   1.1318e-01   3.2362e+01   1.1091e+01   0.0000e+00   3.6983e-03   2.7295e+02
20260927_13:00:00   1.0979e-01   3.1526e+01   1.0596e+01   0.0000e+00   2.7097e-04   2.7413e+02
20260927_14:00:00   1.0908e-01   3.1313e+01   1.0593e+01   0.0000e+00   1.4347e-03   2.7376e+02
20260927_15:00:00   1.1108e-01   3.1749e+01   1.1224e+01   0.0000e+00   1.8186e-03   2.7297e+02
20260927_16:00:00   1.1028e-01   3.1548e+01   1.1291e+01   0.0000e+00   1.2323e-03   2.7367e+02
20260927_17:00:00   1.1683e-01   3.3148e+01   1.2497e+01   0.0000e+00   7.6261e-03   2.7281e+02
20260927_18:00:00   1.2412e-01   3.4909e+01   1.3771e+01   0.0000e+00   1.6425e-02   2.7343e+02
20260927_19:00:00   1.2939e-01   3.6170e+01   1.4743e+01   0.0000e+00   3.6802e-03   2.7301e+02
20260927_20:00:00   1.2416e-01   3.4863e+01   1.4373e+01   0.0000e+00   3.5377e-03   2.7231e+02
20260927_21:00:00   1.2636e-01   3.5303e+01   1.5211e+01   0.0000e+00   1.1254e-02   2.7245e+02
20260927_22:00:00   1.3860e-01   3.8151e+01   1.7298e+01   0.0000e+00   1.0838e-02   2.7262e+02
20260927_23:00:00   1.5572e-01   4.2177e+01   1.9566e+01   0.0000e+00   7.3715e-02   2.7122e+02
20260928_00:00:00   1.6852e-01   4.5128e+01   2.1193e+01   0.0000e+00   2.6210e-01   2.7044e+02
20260928_01:00:00   1.7533e-01   4.6664e+01   2.1938e+01   1.6220e-04   4.2828e-01   2.7059e+02
20260928_02:00:00   1.9705e-01   5.1680e+01   2.4356e+01   0.0000e+00   3.4377e-01   2.7012e+02
20260928_03:00:00   2.2780e-01   5.8255e+01   2.3837e+01   3.9182e-02   2.1279e-01   2.7108e+02
20260928_04:00:00   2.2396e-01   5.7445e+01   2.3805e+01   3.4922e-02   1.3711e-01   2.7199e+02
20260928_05:00:00   4.4140e-01   9.9949e+01   2.5908e+01   2.5811e-01   2.4114e-01   2.7126e+02
20260928_06:00:00   8.1132e-01   1.5362e+02   2.7521e+01   6.5572e-01   2.0363e-01   2.7235e+02
20260928_07:00:00   9.3660e-01   1.6809e+02   2.8396e+01   7.8778e-01   1.0860e-01   2.7152e+02
20260928_08:00:00   6.9068e-01   1.3879e+02   2.7863e+01   5.1325e-01   1.9503e-02   2.7011e+02
20260928_09:00:00   2.5082e-01   6.3707e+01   2.6851e+01   2.2293e-02   1.8338e-04   2.6879e+02
20260928_10:00:00   2.3523e-01   6.0389e+01   2.6631e+01   6.0331e-03   3.6333e-05   2.6739e+02
20260928_11:00:00   3.7434e-01   8.8108e+01   2.6811e+01   1.6122e-01   5.1901e-04   2.6645e+02
20260928_12:00:00   2.4896e-01   6.3334e+01   2.6576e+01   2.0786e-02   1.0921e-05   2.6583e+02
20260928_13:00:00   3.5523e-01   8.4690e+01   2.6876e+01   1.3711e-01   1.9840e-03   2.6598e+02
20260928_14:00:00   7.3668e-01   1.4496e+02   2.7414e+01   5.6604e-01   1.6403e-02   2.6656e+02
20260928_15:00:00   4.6842e-01   1.0481e+02   2.7304e+01   2.6032e-01   4.6383e-02   2.6721e+02
20260928_16:00:00   5.7891e-01   1.2248e+02   2.7584e+01   3.8144e-01   2.3094e-01   2.6669e+02
20260928_17:00:00   4.3430e-01   9.9091e+01   2.7639e+01   2.2038e-01   8.3121e-02   2.6586e+02
20260928_18:00:00   4.1595e-01   9.5468e+01   2.7433e+01   2.0255e-01   2.1576e-02   2.6633e+02
20260928_21:00:00   2.2945e-01   5.8924e+01   2.6425e+01   3.5799e-03   4.4613e-01   2.6910e+02
20260929_00:00:00   2.1758e-01   5.6421e+01   2.5380e+01   2.3080e-03   2.7432e-01   2.6919e+02
20260929_03:00:00   2.0331e-01   5.3228e+01   2.4141e+01   6.2880e-06   6.2636e-02   2.6540e+02
20260929_06:00:00   2.0429e-01   5.3335e+01   2.4328e+01   8.5460e-06   2.0968e-01   2.6540e+02
20260929_09:00:00   1.9358e-01   5.0933e+01   2.2930e+01   1.7738e-06   8.9361e-02   2.6712e+02
20260929_12:00:00   2.0061e-01   5.2394e+01   2.3507e+01   0.0000e+00   2.0271e-01   2.6888e+02
20260929_15:00:00   1.6794e-01   4.4956e+01   1.9705e+01   0.0000e+00   5.0494e-02   2.6874e+02
20260929_18:00:00   2.5288e-01   6.3650e+01   1.7758e+01   1.0687e-01   1.7376e-02   2.7133e+02
20260929_21:00:00   1.4362e-01   3.9582e+01   1.5629e+01   3.1280e-03   9.0060e-02   2.6991e+02
20260930_00:00:00   1.2173e-01   3.4383e+01   1.3135e+01   0.0000e+00   5.4129e-03   2.6951e+02
20260930_03:00:00   1.0995e-01   3.1460e+01   1.1330e+01   0.0000e+00   6.6540e-03   2.6589e+02
20260930_06:00:00   1.3395e-01   3.7294e+01   1.3378e+01   0.0000e+00   7.7890e-03   2.6425e+02
20260930_09:00:00   1.4620e-01   4.0105e+01   1.4476e+01   0.0000e+00   1.7740e-03   2.6274e+02
20260930_12:00:00   1.6592e-01   4.4706e+01   1.5337e+01   1.5206e-02   9.3483e-02   2.6522e+02
20260930_15:00:00   1.6898e-01   4.5336e+01   1.6327e+01   1.3146e-02   9.1233e-02   2.6322e+02
20260930_18:00:00   1.5239e-01   4.1373e+01   1.6131e+01   1.0808e-07   2.6053e-01   2.6265e+02
20260930_21:00:00   1.5654e-01   4.2361e+01   1.7259e+01   5.4715e-04   2.2841e-01   2.6356e+02
20261001_00:00:00   1.6162e-01   4.3453e+01   1.8131e+01   1.0630e-04   2.8625e-01   2.6526e+02
20261001_03:00:00   1.5477e-01   4.1891e+01   1.6938e+01   0.0000e+00   1.4398e-01   2.6469e+02
20261001_06:00:00   1.6419e-01   4.4070e+01   1.7875e+01   0.0000e+00   7.8622e-02   2.6570e+02
20261001_09:00:00   1.6249e-01   4.3689e+01   1.7528e+01   0.0000e+00   6.4531e-02   2.6699e+02
20261001_12:00:00   1.5330e-01   4.1540e+01   1.6523e+01   0.0000e+00   1.6356e-02   2.7076e+02
20261001_15:00:00   1.4932e-01   4.0614e+01   1.6124e+01   0.0000e+00   3.3645e-02   2.7356e+02
20261001_18:00:00   1.4876e-01   4.0693e+01   1.6138e+01   0.0000e+00   7.2474e-04   2.6900e+02
20261001_21:00:00   1.6997e-01   4.5874e+01   1.9054e+01   9.0120e-05   4.5458e-04   2.6726e+02
20261002_00:00:00   1.3801e-01   3.8447e+01   1.5422e+01   0.0000e+00   0.0000e+00   2.6977e+02
20261002_03:00:00   1.1611e-01   3.3053e+01   1.2320e+01   0.0000e+00   0.0000e+00   2.7167e+02
20261002_06:00:00   1.1805e-01   3.3445e+01   1.2552e+01   0.0000e+00   0.0000e+00   2.6880e+02
20261002_09:00:00   1.0262e-01   2.9615e+01   1.0109e+01   0.0000e+00   0.0000e+00   2.6741e+02
20261002_12:00:00   8.3713e-02   2.4820e+01   7.1373e+00   0.0000e+00   0.0000e+00   2.6278e+02
20261002_15:00:00   7.6759e-02   2.3016e+01   5.9974e+00   0.0000e+00   0.0000e+00   2.6079e+02
20261002_18:00:00   8.4620e-02   2.5142e+01   7.3294e+00   0.0000e+00   0.0000e+00   2.6014e+02
20261002_21:00:00   9.3784e-02   2.7505e+01   9.2092e+00   0.0000e+00   0.0000e+00   2.6051e+02
20261003_00:00:00   9.3095e-02   2.7261e+01   9.4344e+00   0.0000e+00   0.0000e+00   2.6072e+02
20261003_03:00:00   7.3301e-02   2.1996e+01   6.4486e+00   0.0000e+00   1.2096e-03   2.5487e+02
20261003_06:00:00   8.7650e-02   2.5623e+01   8.8592e+00   0.0000e+00   5.7181e-03   2.5446e+02
20261003_09:00:00   8.6697e-02   2.5350e+01   8.5985e+00   0.0000e+00   5.8899e-03   2.5649e+02
20261003_12:00:00   9.7216e-02   2.7933e+01   1.0181e+01   0.0000e+00   2.7520e-04   2.5764e+02
20261003_15:00:00   1.1129e-01   3.1497e+01   1.1880e+01   0.0000e+00   1.3440e-04   2.5805e+02
20261003_18:00:00   1.2574e-01   3.5089e+01   1.3551e+01   0.0000e+00   1.4388e-03   2.6103e+02
20261003_21:00:00   1.1490e-01   3.2443e+01   1.2287e+01   4.6340e-05   9.1720e-05   2.6452e+02
20261004_00:00:00   1.2575e-01   3.5055e+01   1.3826e+01   3.2309e-05   3.1478e-02   2.6575e+02
20261004_03:00:00   2.0733e-01   5.3495e+01   1.9176e+01   4.1285e-02   3.4744e-01   2.7030e+02
20261004_06:00:00   3.5300e-01   8.3314e+01   1.9943e+01   1.8865e-01   1.2736e-01   2.7810e+02
20261004_09:00:00   4.5516e-01   1.0210e+02   1.6557e+01   3.3655e-01   1.9289e-01   2.9709e+02
20261004_12:00:00   4.9490e-01   1.0770e+02   1.1196e+01   4.1688e-01   1.5420e-03   2.9096e+02
20261004_15:00:00   1.7751e-01   4.6248e+01   8.8660e+00   7.7425e-02   8.5137e-04   2.8812e+02
20261004_18:00:00   1.8000e-01   4.6915e+01   8.0467e+00   8.8548e-02   4.3656e-04   2.8655e+02
20261004_21:00:00   1.0292e-01   2.9116e+01   8.5278e+00   1.5022e-04   2.4300e-05   2.9432e+02
20261005_00:00:00   9.9966e-02   2.8555e+01   8.3350e+00   0.0000e+00   0.0000e+00   2.8585e+02
20261005_03:00:00   9.8831e-02   2.8301e+01   8.3188e+00   0.0000e+00   0.0000e+00   2.8245e+02
20261005_06:00:00   9.4000e-02   2.7063e+01   7.6467e+00   0.0000e+00   0.0000e+00   2.8221e+02
20261005_09:00:00   8.8463e-02   2.5682e+01   6.9321e+00   0.0000e+00   0.0000e+00   2.8013e+02
20261005_12:00:00   8.5568e-02   2.4967e+01   6.5648e+00   0.0000e+00   0.0000e+00   2.7831e+02
20261005_15:00:00   8.4005e-02   2.4622e+01   6.3136e+00   0.0000e+00   0.0000e+00   2.7687e+02
20261005_18:00:00   8.2236e-02   2.4302e+01   6.1989e+00   0.0000e+00   0.0000e+00   2.7559e+02
20261005_21:00:00   8.4186e-02   2.4934e+01   6.7634e+00   0.0000e+00   0.0000e+00   2.7381e+02
20261006_00:00:00   8.3944e-02   2.4896e+01   6.8654e+00   0.0000e+00   0.0000e+00   2.7163e+02
20261006_03:00:00   8.1071e-02   2.4141e+01   6.3979e+00   0.0000e+00   0.0000e+00   2.7154e+02
20261006_06:00:00   7.6848e-02   2.3024e+01   5.7041e+00   0.0000e+00   0.0000e+00   2.7195e+02
20261006_09:00:00   7.2615e-02   2.1895e+01   5.0363e+00   0.0000e+00   0.0000e+00   2.7166e+02
20261006_12:00:00   6.9268e-02   2.1004e+01   4.5114e+00   0.0000e+00   0.0000e+00   2.7035e+02
20261006_15:00:00   6.8555e-02   2.0815e+01   4.4243e+00   0.0000e+00   0.0000e+00   2.7061e+02
20261006_18:00:00   6.9763e-02   2.1219e+01   4.7083e+00   0.0000e+00   0.0000e+00   2.7047e+02
20261006_21:00:00   8.0744e-02   2.4156e+01   6.6912e+00   0.0000e+00   0.0000e+00   2.6858e+02
20261007_00:00:00   7.6708e-02   2.3107e+01   6.2690e+00   0.0000e+00   0.0000e+00   2.6937e+02
20261007_03:00:00   7.6976e-02   2.3035e+01   6.6971e+00   0.0000e+00   0.0000e+00   2.6879e+02
20261007_06:00:00   8.1714e-02   2.4269e+01   7.2015e+00   0.0000e+00   0.0000e+00   2.6879e+02
20261007_09:00:00   8.2587e-02   2.4446e+01   7.2253e+00   0.0000e+00   0.0000e+00   2.7195e+02
20261007_12:00:00   7.7941e-02   2.3214e+01   6.4206e+00   0.0000e+00   0.0000e+00   2.8160e+02
20261007_15:00:00   7.9829e-02   2.3672e+01   6.8343e+00   0.0000e+00   0.0000e+00   2.8414e+02
20261007_18:00:00   8.8403e-02   2.5913e+01   8.3846e+00   0.0000e+00   0.0000e+00   2.8515e+02
20261007_21:00:00   9.3204e-02   2.7216e+01   9.5554e+00   0.0000e+00   0.0000e+00   2.8118e+02
20261008_00:00:00   9.2446e-02   2.7054e+01   9.6528e+00   0.0000e+00   0.0000e+00   2.7712e+02
20261008_03:00:00   8.3919e-02   2.4813e+01   8.3345e+00   0.0000e+00   5.1540e-05   2.7457e+02
20261008_06:00:00   8.4253e-02   2.4875e+01   8.4234e+00   0.0000e+00   1.6126e-07   2.7335e+02
20261008_09:00:00   8.3818e-02   2.4731e+01   8.2717e+00   0.0000e+00   0.0000e+00   2.7289e+02
20261008_12:00:00   8.6136e-02   2.5318e+01   8.4393e+00   0.0000e+00   0.0000e+00   2.7172e+02
20261008_15:00:00   8.1223e-02   2.4119e+01   7.3946e+00   0.0000e+00   0.0000e+00   2.7081e+02
20261008_18:00:00   8.0757e-02   2.4077e+01   7.2294e+00   0.0000e+00   0.0000e+00   2.6982e+02
20261008_21:00:00   8.2934e-02   2.4722e+01   7.6290e+00   0.0000e+00   0.0000e+00   2.7066e+02
20261009_00:00:00   9.3727e-02   2.7472e+01   9.2411e+00   0.0000e+00   0.0000e+00   2.7027e+02
20261009_03:00:00   1.0580e-01   3.0483e+01   1.0475e+01   0.0000e+00   0.0000e+00   2.7001e+02
20261009_06:00:00   1.0917e-01   3.1248e+01   1.0616e+01   0.0000e+00   1.3290e-04   2.6890e+02
20261009_09:00:00   1.1478e-01   3.2540e+01   1.1227e+01   0.0000e+00   5.2493e-04   2.6536e+02
20261009_12:00:00   1.1788e-01   3.3211e+01   1.1412e+01   0.0000e+00   1.8182e-03   2.6894e+02
20261009_15:00:00   1.1364e-01   3.2174e+01   1.0749e+01   0.0000e+00   0.0000e+00   2.7047e+02
20261009_18:00:00   1.2291e-01   3.4570e+01   1.1833e+01   0.0000e+00   0.0000e+00   2.6640e+02
