#            date       tau255        Tb[K]      pwv[mm] lwp[kg*m^-2] iwp[kg*m^-2]       o3[DU]
20260928_00:00:00   1.3404e-01   3.7261e+01   1.5677e+01   0.0000e+00   3.2357e-02   2.7399e+02
20260928_01:00:00   1.2949e-01   3.6114e+01   1.5151e+01   0.0000e+00   8.4516e-03   2.7349e+02
20260928_02:00:00   1.2675e-01   3.5369e+01   1.4978e+01   0.0000e+00   2.8386e-02   2.7294e+02
20260928_03:00:00   1.3419e-01   3.7119e+01   1.6139e+01   0.0000e+00   1.7917e-02   2.7270e+02
20260928_04:00:00   1.3619e-01   3.7583e+01   1.6452e+01   0.0000e+00   7.8831e-03   2.7060e+02
20260928_05:00:00   1.3196e-01   3.6536e+01   1.5949e+01   0.0000e+00   2.4779e-02   2.6772e+02
20260928_06:00:00   1.3959e-01   3.8287e+01   1.7021e+01   0.0000e+00   8.0137e-02   2.6488e+02
20260928_07:00:00   1.4751e-01   4.0196e+01   1.8008e+01   0.0000e+00   1.4724e-02   2.6579e+02
20260928_08:00:00   1.5129e-01   4.1096e+01   1.8346e+01   0.0000e+00   3.0010e-03   2.6560e+02
20260928_09:00:00   1.5463e-01   4.1895e+01   1.8773e+01   2.0140e-06   5.7827e-03   2.6496e+02
20260928_10:00:00   1.6242e-01   4.3695e+01   1.8569e+01   8.1400e-03   1.2928e-03   2.6357e+02
20260928_11:00:00   1.5385e-01   4.1759e+01   1.8170e+01   1.1354e-03   1.0740e-03   2.6341e+02
20260928_12:00:00   1.9300e-01   5.0573e+01   1.9606e+01   3.3480e-02   2.4029e-02   2.6365e+02
20260928_13:00:00   2.8600e-01   7.0168e+01   2.0584e+01   1.2898e-01   9.0139e-03   2.6227e+02
20260928_14:00:00   2.4814e-01   6.2416e+01   2.1067e+01   8.2758e-02   1.3750e-02   2.6379e+02
20260928_15:00:00   2.0433e-01   5.3119e+01   2.1606e+01   2.8128e-02   3.8352e-02   2.6363e+02
20260928_16:00:00   1.8547e-01   4.9049e+01   2.2342e+01   1.0082e-03   1.6402e-02   2.6550e+02
20260928_17:00:00   1.9238e-01   5.0642e+01   2.3091e+01   2.5281e-03   5.3356e-03   2.6648e+02
20260928_18:00:00   2.3033e-01   5.8923e+01   2.3859e+01   3.9348e-02   5.3710e-02   2.6590e+02
20260928_19:00:00   2.2259e-01   5.7373e+01   2.3744e+01   3.2655e-02   1.0390e-02   2.6493e+02
20260928_20:00:00   2.0445e-01   5.3508e+01   2.3358e+01   1.6079e-02   9.4196e-04   2.6523e+02
20260928_21:00:00   1.9432e-01   5.1309e+01   2.3484e+01   4.6376e-03   2.7722e-03   2.6384e+02
20260928_22:00:00   2.3609e-01   6.0533e+01   2.4303e+01   4.5379e-02   5.2787e-03   2.6391e+02
20260928_23:00:00   2.6000e-01   6.5616e+01   2.4455e+01   6.9460e-02   1.6276e-02   2.6363e+02
20260929_00:00:00   6.5505e-01   1.3284e+02   2.5214e+01   5.0707e-01   3.9421e-02   2.6475e+02
20260929_01:00:00   8.6774e-01   1.6057e+02   2.7939e+01   7.1966e-01   6.0507e-01   2.6501e+02
20260929_02:00:00   6.6709e-01   1.3530e+02   2.9967e+01   4.6453e-01   4.1734e-01   2.6506e+02
20260929_03:00:00   8.7133e-01   1.6156e+02   3.0122e+01   6.9734e-01   3.2728e-01   2.6420e+02
20260929_04:00:00   1.1422e+00   1.8830e+02   3.1361e+01   9.8969e-01   7.2288e-01   2.6318e+02
20260929_05:00:00   1.1552e+00   1.8917e+02   3.0068e+01   1.0168e+00   8.5160e-01   2.6258e+02
20260929_06:00:00   8.3848e-01   1.5703e+02   2.8707e+01   6.7288e-01   8.7333e-01   2.6320e+02
20260929_07:00:00   1.0704e+00   1.8042e+02   2.8260e+01   9.3691e-01   4.4551e-01   2.6287e+02
20260929_08:00:00   8.3862e-01   1.5640e+02   2.8190e+01   6.7367e-01   7.3004e-01   2.6354e+02
20260929_09:00:00   8.7083e-01   1.6028e+02   2.8278e+01   7.0774e-01   6.0100e-01   2.6212e+02
20260929_10:00:00   6.8242e-01   1.3652e+02   2.7762e+01   4.9772e-01   8.4534e-01   2.6219e+02
20260929_11:00:00   3.6020e-01   8.4840e+01   2.6408e+01   1.4981e-01   5.4893e-01   2.6191e+02
20260929_12:00:00   3.0964e-01   7.5017e+01   2.6060e+01   9.5835e-02   2.5863e-01   2.6224e+02
20260929_13:00:00   2.8861e-01   7.0715e+01   2.5158e+01   8.3438e-02   3.3502e-01   2.6222e+02
20260929_14:00:00   1.9885e-01   5.1756e+01   2.3569e+01   5.4500e-05   4.5284e-01   2.6366e+02
20260929_15:00:00   1.8686e-01   4.9102e+01   2.2170e+01   2.0463e-03   1.0871e-01   2.6433e+02
20260929_16:00:00   1.9611e-01   5.1066e+01   2.0655e+01   2.3856e-02   2.4723e-01   2.6374e+02
20260929_17:00:00   1.8382e-01   4.8511e+01   2.1654e+01   0.0000e+00   2.1170e-01   2.6374e+02
20260929_18:00:00   1.8904e-01   4.9691e+01   2.2376e+01   0.0000e+00   3.2552e-01   2.6460e+02
20260929_19:00:00   2.0022e-01   5.2209e+01   2.3439e+01   9.2980e-04   3.4566e-01   2.6493e+02
20260929_20:00:00   1.9405e-01   5.0843e+01   2.2999e+01   8.1905e-04   1.5165e-01   2.6515e+02
20260929_21:00:00   1.9901e-01   5.1907e+01   2.3325e+01   1.3274e-03   5.7805e-01   2.6626e+02
20260929_22:00:00   2.0118e-01   5.2352e+01   2.3952e+01   6.2978e-04   5.0115e-01   2.6286e+02
20260929_23:00:00   2.2188e-01   5.6837e+01   2.5188e+01   8.7758e-03   8.1788e-01   2.6331e+02
20260930_00:00:00   2.2994e-01   5.8614e+01   2.5578e+01   1.5613e-02   6.4627e-01   2.6402e+02
20260930_01:00:00   4.8849e-01   1.0760e+02   2.6437e+01   2.9890e-01   6.7788e-01   2.6410e+02
20260930_02:00:00   6.5746e-01   1.3352e+02   2.6594e+01   4.8900e-01   7.1617e-01   2.6574e+02
20260930_03:00:00   5.3579e-01   1.1537e+02   2.6482e+01   3.5299e-01   6.5249e-01   2.6661e+02
20260930_04:00:00   4.3294e-01   9.8191e+01   2.6319e+01   2.3682e-01   3.7430e-01   2.6903e+02
20260930_05:00:00   5.2669e-01   1.1392e+02   2.6085e+01   3.4343e-01   3.3533e-01   2.6957e+02
20260930_06:00:00   6.6331e-01   1.3440e+02   2.5996e+01   4.9813e-01   4.4571e-01   2.6912e+02
20260930_07:00:00   7.0870e-01   1.4063e+02   2.4241e+01   5.6047e-01   4.6620e-02   2.7191e+02
20260930_08:00:00   3.0356e-01   7.3951e+01   2.3110e+01   1.1371e-01   7.8381e-03   2.7151e+02
20260930_09:00:00   2.1733e-01   5.5885e+01   2.2843e+01   1.8179e-02   2.1280e-01   2.7098e+02
20260930_10:00:00   2.3828e-01   6.0373e+01   2.3360e+01   3.4884e-02   6.2776e-01   2.6829e+02
20260930_11:00:00   2.7252e-01   6.7382e+01   2.2603e+01   7.9643e-02   3.1207e-01   2.7098e+02
20260930_12:00:00   5.4049e-01   1.1576e+02   2.2653e+01   3.8097e-01   2.9405e-01   2.7405e+02
20260930_13:00:00   6.5105e-01   1.3194e+02   2.3504e+01   4.9512e-01   8.2268e-01   2.7504e+02
20260930_14:00:00   7.6558e-01   1.4768e+02   2.2097e+01   6.4007e-01   1.8112e-01   2.8048e+02
20260930_15:00:00   8.5720e-01   1.5815e+02   2.1834e+01   7.4599e-01   2.5951e-01   2.8278e+02
20260930_16:00:00   5.3703e-01   1.1521e+02   2.1440e+01   3.9033e-01   2.1041e-01   2.8371e+02
20260930_17:00:00   1.1014e+00   1.8325e+02   2.1493e+01   1.0268e+00   1.5220e-01   2.8507e+02
20260930_18:00:00   1.0447e+00   1.7803e+02   2.0376e+01   9.7363e-01   1.0900e-01   2.8708e+02
20260930_19:00:00   5.8798e-01   1.2293e+02   2.0096e+01   4.5930e-01   1.4627e-01   2.8752e+02
20260930_20:00:00   7.2046e-01   1.4155e+02   2.1812e+01   5.9308e-01   4.9278e-01   2.8512e+02
20260930_21:00:00   1.0699e+00   1.8027e+02   2.2100e+01   9.8406e-01   5.5999e-01   2.8261e+02
20260930_22:00:00   9.4972e-01   1.6851e+02   2.1982e+01   8.5120e-01   2.4678e-01   2.8453e+02
20260930_23:00:00   6.2525e-01   1.2868e+02   2.1851e+01   4.8691e-01   2.0604e-01   2.8623e+02
20261001_00:00:00   3.9671e-01   9.1483e+01   2.1387e+01   2.3396e-01   7.5315e-02   2.8596e+02
20261001_01:00:00   1.8479e-01   4.8367e+01   2.0470e+01   4.8451e-03   1.9258e-02   2.8555e+02
20261001_02:00:00   1.6945e-01   4.4876e+01   1.9414e+01   5.5960e-06   1.0977e-02   2.8615e+02
20261001_03:00:00   1.5945e-01   4.2628e+01   1.8274e+01   0.0000e+00   2.7661e-03   2.8577e+02
20261001_04:00:00   1.4731e-01   3.9819e+01   1.6597e+01   1.9350e-06   4.9192e-02   2.8420e+02
20261001_05:00:00   1.4578e-01   3.9515e+01   1.6149e+01   1.2080e-05   7.1944e-03   2.8372e+02
20261001_06:00:00   1.4518e-01   3.9441e+01   1.5786e+01   0.0000e+00   1.6037e-03   2.8325e+02
20261001_07:00:00   1.4356e-01   3.9079e+01   1.5351e+01   0.0000e+00   2.5434e-03   2.8054e+02
20261001_08:00:00   1.3953e-01   3.8108e+01   1.4815e+01   0.0000e+00   2.4656e-04   2.8085e+02
20261001_09:00:00   1.3407e-01   3.6800e+01   1.4179e+01   0.0000e+00   4.9480e-06   2.8212e+02
20261001_10:00:00   1.3663e-01   3.7398e+01   1.4488e+01   0.0000e+00   2.4820e-06   2.8123e+02
20261001_11:00:00   1.4034e-01   3.8275e+01   1.4924e+01   0.0000e+00   3.8400e-06   2.8125e+02
20261001_12:00:00   1.4145e-01   3.8530e+01   1.5127e+01   0.0000e+00   1.3816e-05   2.8020e+02
20261001_13:00:00   1.4191e-01   3.8621e+01   1.5083e+01   0.0000e+00   4.8740e-06   2.7748e+02
20261001_14:00:00   1.3953e-01   3.8089e+01   1.4560e+01   0.0000e+00   4.8383e-07   2.7582e+02
20261001_15:00:00   1.4126e-01   3.8517e+01   1.4936e+01   0.0000e+00   0.0000e+00   2.7645e+02
20261001_16:00:00   1.3365e-01   3.6808e+01   1.3736e+01   0.0000e+00   0.0000e+00   2.7352e+02
20261001_17:00:00   1.3317e-01   3.6760e+01   1.3550e+01   1.3010e-05   3.8700e-07   2.7339e+02
20261001_18:00:00   1.3261e-01   3.6664e+01   1.3443e+01   4.4945e-04   5.3325e-06   2.7344e+02
20261001_19:00:00   1.3617e-01   3.7535e+01   1.3914e+01   1.2541e-03   1.1052e-05   2.7290e+02
20261001_20:00:00   1.5138e-01   4.1150e+01   1.4378e+01   1.4607e-02   9.6441e-05   2.7286e+02
20261001_21:00:00   1.4594e-01   3.9949e+01   1.4275e+01   9.4268e-03   1.2333e-04   2.7287e+02
20261001_22:00:00   1.3890e-01   3.8348e+01   1.4107e+01   3.1065e-03   4.8140e-05   2.7189e+02
20261001_23:00:00   1.3838e-01   3.8274e+01   1.4202e+01   9.7600e-04   4.6020e-05   2.7073e+02
20261002_00:00:00   1.4228e-01   3.9207e+01   1.4622e+01   2.3100e-04   3.4980e-06   2.6995e+02
20261002_01:00:00   1.4209e-01   3.9165e+01   1.4535e+01   2.1800e-05   7.8840e-07   2.6917e+02
20261002_02:00:00   1.4669e-01   4.0218e+01   1.5036e+01   1.3086e-04   5.6380e-06   2.6843e+02
20261002_03:00:00   1.4737e-01   4.0354e+01   1.5080e+01   0.0000e+00   0.0000e+00   2.6816e+02
20261002_04:00:00   1.4683e-01   4.0209e+01   1.4990e+01   0.0000e+00   0.0000e+00   2.6624e+02
20261002_05:00:00   1.4645e-01   4.0101e+01   1.4939e+01   0.0000e+00   0.0000e+00   2.6565e+02
20261002_06:00:00   1.4461e-01   3.9650e+01   1.4633e+01   0.0000e+00   0.0000e+00   2.6618e+02
20261002_07:00:00   1.4478e-01   3.9660e+01   1.4629e+01   0.0000e+00   0.0000e+00   2.6572e+02
20261002_08:00:00   1.3944e-01   3.8401e+01   1.3970e+01   0.0000e+00   0.0000e+00   2.6577e+02
20261002_09:00:00   1.3286e-01   3.6833e+01   1.3076e+01   0.0000e+00   0.0000e+00   2.6551e+02
20261002_10:00:00   1.2806e-01   3.5670e+01   1.2474e+01   0.0000e+00   0.0000e+00   2.6457e+02
20261002_11:00:00   1.2486e-01   3.4893e+01   1.2031e+01   0.0000e+00   0.0000e+00   2.6283e+02
20261002_12:00:00   1.2256e-01   3.4333e+01   1.1670e+01   0.0000e+00   0.0000e+00   2.6273e+02
20261002_13:00:00   1.2011e-01   3.3731e+01   1.1305e+01   0.0000e+00   0.0000e+00   2.6219e+02
20261002_14:00:00   1.1668e-01   3.2892e+01   1.0854e+01   0.0000e+00   0.0000e+00   2.6164e+02
20261002_15:00:00   1.1462e-01   3.2398e+01   1.0599e+01   0.0000e+00   0.0000e+00   2.6151e+02
20261002_16:00:00   1.1477e-01   3.2465e+01   1.0575e+01   0.0000e+00   0.0000e+00   2.6128e+02
20261002_17:00:00   1.1318e-01   3.2114e+01   1.0431e+01   0.0000e+00   0.0000e+00   2.6096e+02
20261002_18:00:00   1.1018e-01   3.1416e+01   1.0163e+01   0.0000e+00   0.0000e+00   2.6027e+02
20261002_19:00:00   1.0746e-01   3.0780e+01   9.9810e+00   0.0000e+00   0.0000e+00   2.5911e+02
20261002_20:00:00   1.0744e-01   3.0802e+01   1.0154e+01   0.0000e+00   0.0000e+00   2.5912e+02
20261002_21:00:00   1.0810e-01   3.0997e+01   1.0337e+01   0.0000e+00   0.0000e+00   2.5911e+02
20261002_22:00:00   1.1039e-01   3.1601e+01   1.0656e+01   0.0000e+00   0.0000e+00   2.5907e+02
20261002_23:00:00   1.1475e-01   3.2710e+01   1.1213e+01   0.0000e+00   0.0000e+00   2.5998e+02
20261003_00:00:00   1.2126e-01   3.4330e+01   1.2052e+01   0.0000e+00   0.0000e+00   2.6132e+02
20261003_03:00:00   1.3616e-01   3.7920e+01   1.3722e+01   0.0000e+00   0.0000e+00   2.6241e+02
20261003_06:00:00   1.3449e-01   3.7458e+01   1.3389e+01   0.0000e+00   0.0000e+00   2.6101e+02
20261003_09:00:00   1.2837e-01   3.5941e+01   1.2566e+01   0.0000e+00   0.0000e+00   2.6061e+02
20261003_12:00:00   1.2121e-01   3.4216e+01   1.1697e+01   0.0000e+00   0.0000e+00   2.5963e+02
20261003_15:00:00   1.1623e-01   3.3001e+01   1.1338e+01   0.0000e+00   0.0000e+00   2.6082e+02
20261003_18:00:00   1.1379e-01   3.2546e+01   1.1355e+01   0.0000e+00   0.0000e+00   2.6048e+02
20261003_21:00:00   1.3160e-01   3.6998e+01   1.4356e+01   0.0000e+00   0.0000e+00   2.5890e+02
20261004_00:00:00   1.3881e-01   3.8674e+01   1.5608e+01   0.0000e+00   0.0000e+00   2.5807e+02
20261004_03:00:00   1.4011e-01   3.8904e+01   1.5545e+01   0.0000e+00   0.0000e+00   2.6746e+02
20261004_06:00:00   1.3460e-01   3.7480e+01   1.4654e+01   0.0000e+00   0.0000e+00   2.7185e+02
20261004_09:00:00   1.2125e-01   3.4174e+01   1.2576e+01   0.0000e+00   0.0000e+00   2.6931e+02
20261004_12:00:00   1.1004e-01   3.1379e+01   1.0835e+01   0.0000e+00   0.0000e+00   2.7082e+02
20261004_15:00:00   1.0498e-01   3.0100e+01   1.0001e+01   0.0000e+00   0.0000e+00   2.7153e+02
20261004_18:00:00   1.1162e-01   3.1835e+01   1.0949e+01   0.0000e+00   0.0000e+00   2.6856e+02
20261004_21:00:00   1.1144e-01   3.1890e+01   1.1273e+01   0.0000e+00   0.0000e+00   2.6836e+02
20261005_00:00:00   1.3531e-01   3.7735e+01   1.4098e+01   0.0000e+00   0.0000e+00   2.6600e+02
20261005_03:00:00   1.4224e-01   3.9321e+01   1.4621e+01   0.0000e+00   0.0000e+00   2.6958e+02
20261005_06:00:00   1.3612e-01   3.7803e+01   1.3574e+01   0.0000e+00   0.0000e+00   2.6755e+02
20261005_09:00:00   1.4094e-01   3.8928e+01   1.3898e+01   0.0000e+00   0.0000e+00   2.6692e+02
20261005_12:00:00   1.3311e-01   3.7039e+01   1.2725e+01   0.0000e+00   0.0000e+00   2.6859e+02
20261005_15:00:00   1.4560e-01   4.0016e+01   1.4163e+01   0.0000e+00   0.0000e+00   2.6772e+02
20261005_18:00:00   2.4259e-01   6.2284e+01   1.7451e+01   8.2710e-02   0.0000e+00   2.6524e+02
20261005_21:00:00   2.4932e-01   6.3583e+01   1.8045e+01   8.8951e-02   8.0540e-07   2.6479e+02
20261006_00:00:00   2.9580e-01   7.3036e+01   1.8385e+01   1.3913e-01   4.8460e-06   2.6592e+02
20261006_03:00:00   2.1930e-01   5.6880e+01   1.9609e+01   3.7384e-02   1.5238e-05   2.6715e+02
20261006_06:00:00   1.9988e-01   5.2518e+01   2.1419e+01   1.5889e-03   3.8580e-05   2.6712e+02
20261006_09:00:00   2.6770e-01   6.7079e+01   2.2755e+01   6.3580e-02   1.2195e-04   2.6481e+02
20261006_12:00:00   5.4873e-01   1.1709e+02   2.2841e+01   3.7647e-01   1.6164e-02   2.6247e+02
20261006_15:00:00   3.1296e-01   7.6365e+01   2.3042e+01   1.1422e-01   2.4047e-02   2.6565e+02
20261006_18:00:00   2.3666e-01   6.0541e+01   2.4467e+01   1.9194e-02   9.5501e-02   2.6685e+02
20261006_21:00:00   2.2259e-01   5.7517e+01   2.5509e+01   7.2301e-04   2.7477e-01   2.6718e+02
20261007_00:00:00   2.2013e-01   5.6947e+01   2.5619e+01   1.5361e-03   1.1110e-01   2.6678e+02
20261007_03:00:00   2.8768e-01   7.0979e+01   2.6344e+01   7.1073e-02   4.4279e-01   2.7024e+02
20261007_06:00:00   1.9898e-01   5.2291e+01   2.2681e+01   0.0000e+00   1.6100e-02   2.7051e+02
20261007_09:00:00   1.7237e-01   4.6360e+01   1.8545e+01   0.0000e+00   2.4991e-03   2.7184e+02
20261007_12:00:00   1.5760e-01   4.2926e+01   1.6298e+01   0.0000e+00   7.3860e-04   2.7336e+02
20261007_15:00:00   1.5076e-01   4.1314e+01   1.5443e+01   0.0000e+00   3.8837e-03   2.7324e+02
20261007_18:00:00   1.5348e-01   4.2081e+01   1.5817e+01   0.0000e+00   2.2061e-02   2.7387e+02
20261007_21:00:00   1.5883e-01   4.3377e+01   1.7127e+01   1.7700e-04   5.3006e-02   2.7287e+02
20261008_00:00:00   1.7369e-01   4.6767e+01   1.9400e+01   0.0000e+00   1.0679e-01   2.7192e+02
20261008_03:00:00   1.7578e-01   4.7148e+01   1.9506e+01   9.0102e-05   4.1187e-02   2.6982e+02
20261008_06:00:00   1.6346e-01   4.4214e+01   1.7820e+01   2.6440e-05   1.9246e-02   2.6972e+02
20261008_09:00:00   1.6438e-01   4.4280e+01   1.8148e+01   0.0000e+00   4.7136e-02   2.7470e+02
20261008_12:00:00   1.6592e-01   4.4600e+01   1.8174e+01   0.0000e+00   2.5567e-02   2.7253e+02
20261008_15:00:00   1.5546e-01   4.2155e+01   1.6703e+01   0.0000e+00   1.1611e-02   2.7183e+02
20261008_18:00:00   1.4929e-01   4.0713e+01   1.6270e+01   0.0000e+00   3.2127e-02   2.6890e+02
20261008_21:00:00   1.4132e-01   3.8764e+01   1.5546e+01   7.4999e-04   3.0604e-02   2.6777e+02
20261009_00:00:00   1.5275e-01   4.1422e+01   1.6842e+01   0.0000e+00   4.5663e-02   2.7014e+02
20261009_03:00:00   1.6027e-01   4.3073e+01   1.7738e+01   0.0000e+00   2.6131e-02   2.6840e+02
20261009_06:00:00   1.6816e-01   4.4810e+01   1.8024e+01   6.3363e-03   1.0245e-02   2.6840e+02
20261009_09:00:00   1.6514e-01   4.4057e+01   1.7270e+01   9.8220e-03   5.4342e-04   2.6510e+02
20261009_12:00:00   1.5151e-01   4.0870e+01   1.6650e+01   9.8720e-06   6.2662e-03   2.6082e+02
20261009_15:00:00   1.5008e-01   4.0524e+01   1.6572e+01   0.0000e+00   2.3933e-02   2.5688e+02
20261009_18:00:00   1.4343e-01   3.9155e+01   1.5789e+01   0.0000e+00   1.2613e-02   2.5701e+02
20261009_21:00:00   1.4647e-01   4.0065e+01   1.6123e+01   4.2280e-05   4.4749e-02   2.5955e+02
20261010_00:00:00   1.3793e-01   3.8164e+01   1.4589e+01   5.2240e-05   2.3744e-02   2.6450e+02
20261010_03:00:00   1.2524e-01   3.5118e+01   1.3004e+01   0.0000e+00   2.0241e-02   2.7315e+02
20261010_06:00:00   1.2774e-01   3.5714e+01   1.3317e+01   0.0000e+00   3.6677e-03   2.7010e+02
20261010_09:00:00   1.1865e-01   3.3490e+01   1.1852e+01   0.0000e+00   1.2638e-05   2.7063e+02
20261010_12:00:00   1.1748e-01   3.3183e+01   1.1526e+01   0.0000e+00   9.6800e-04   2.7575e+02
20261010_15:00:00   1.1232e-01   3.1971e+01   1.0684e+01   0.0000e+00   0.0000e+00   2.7379e+02
20261010_18:00:00   1.1417e-01   3.2533e+01   1.1118e+01   0.0000e+00   0.0000e+00   2.7336e+02
20261010_21:00:00   1.3855e-01   3.8576e+01   1.4638e+01   0.0000e+00   0.0000e+00   2.7212e+02
20261011_00:00:00   1.2036e-01   3.4191e+01   1.2541e+01   0.0000e+00   0.0000e+00   2.7381e+02
20261011_03:00:00   9.6792e-02   2.8220e+01   9.2237e+00   0.0000e+00   0.0000e+00   2.7987e+02
20261011_06:00:00   9.2018e-02   2.6953e+01   8.5445e+00   0.0000e+00   0.0000e+00   2.8457e+02
20261011_09:00:00   9.4020e-02   2.7439e+01   8.6781e+00   0.0000e+00   0.0000e+00   2.8406e+02
20261011_12:00:00   9.4377e-02   2.7494e+01   8.6409e+00   0.0000e+00   0.0000e+00   2.8199e+02
20261011_15:00:00   1.0374e-01   2.9831e+01   9.9108e+00   0.0000e+00   0.0000e+00   2.7612e+02
20261011_18:00:00   1.0190e-01   2.9481e+01   9.6805e+00   0.0000e+00   0.0000e+00   2.8165e+02
20261011_21:00:00   1.0122e-01   2.9333e+01   1.0097e+01   0.0000e+00   0.0000e+00   2.7615e+02
20261012_00:00:00   1.0323e-01   2.9864e+01   1.0438e+01   0.0000e+00   5.0060e-04   2.6990e+02
20261012_03:00:00   9.8922e-02   2.8727e+01   9.6275e+00   0.0000e+00   0.0000e+00   2.6520e+02
20261012_06:00:00   8.2930e-02   2.4638e+01   7.1800e+00   0.0000e+00   0.0000e+00   2.6149e+02
20261012_09:00:00   8.6664e-02   2.5528e+01   7.8441e+00   0.0000e+00   0.0000e+00   2.5372e+02
20261012_12:00:00   8.1045e-02   2.4084e+01   6.9023e+00   0.0000e+00   0.0000e+00   2.4773e+02
20261012_15:00:00   8.0900e-02   2.4048e+01   6.7844e+00   0.0000e+00   0.0000e+00   2.4760e+02
20261012_18:00:00   8.7376e-02   2.5805e+01   7.8753e+00   0.0000e+00   0.0000e+00   2.4725e+02
20261012_21:00:00   9.1012e-02   2.6784e+01   8.7860e+00   0.0000e+00   0.0000e+00   2.4690e+02
20261013_00:00:00   8.6868e-02   2.5734e+01   8.1194e+00   0.0000e+00   0.0000e+00   2.4303e+02
20261013_03:00:00   7.4978e-02   2.2646e+01   6.0893e+00   0.0000e+00   0.0000e+00   2.4216e+02
20261013_06:00:00   7.6758e-02   2.3087e+01   6.3026e+00   0.0000e+00   0.0000e+00   2.3912e+02
20261013_09:00:00   7.6631e-02   2.3034e+01   6.1524e+00   0.0000e+00   0.0000e+00   2.3397e+02
20261013_12:00:00   7.6717e-02   2.3041e+01   6.1022e+00   0.0000e+00   0.0000e+00   2.3153e+02
20261013_15:00:00   7.5179e-02   2.2639e+01   5.8044e+00   0.0000e+00   0.0000e+00   2.3012e+02
20261013_18:00:00   7.9583e-02   2.3846e+01   6.4894e+00   0.0000e+00   0.0000e+00   2.3411e+02
20261013_21:00:00   8.9539e-02   2.6476e+01   8.1883e+00   0.0000e+00   0.0000e+00   2.3351e+02
20261014_00:00:00   9.5880e-02   2.8085e+01   9.2410e+00   0.0000e+00   0.0000e+00   2.3335e+02
