#            date       tau255        Tb[K]      pwv[mm] lwp[kg*m^-2] iwp[kg*m^-2]       o3[DU]
20260831_06:00:00   1.9376e-01   5.1550e+01   2.4433e+01   8.7580e-04   4.0866e-02   2.8764e+02
20260831_07:00:00   2.0053e-01   5.3015e+01   2.4488e+01   6.7793e-03   2.3229e-02   2.8716e+02
20260831_08:00:00   1.9778e-01   5.2466e+01   2.4636e+01   2.1562e-04   1.8390e-03   2.8551e+02
20260831_09:00:00   1.9701e-01   5.2322e+01   2.4351e+01   0.0000e+00   6.8210e-04   2.8311e+02
20260831_10:00:00   2.3623e-01   6.0860e+01   2.3781e+01   4.5923e-02   6.8480e-03   2.8476e+02
20260831_11:00:00   4.4274e-01   1.0031e+02   2.6203e+01   2.5796e-01   5.7091e-02   2.8599e+02
20260831_12:00:00   5.0482e-01   1.1063e+02   2.7252e+01   3.1560e-01   7.2177e-01   2.8456e+02
20260831_13:00:00   4.3265e-01   9.8359e+01   2.5493e+01   2.4598e-01   1.2494e-01   2.8323e+02
20260831_14:00:00   1.8670e-01   5.0196e+01   2.1453e+01   4.3719e-04   1.8554e-02   2.8442e+02
20260831_15:00:00   1.8554e-01   4.9953e+01   2.1358e+01   0.0000e+00   7.2817e-03   2.8496e+02
20260831_16:00:00   1.8739e-01   5.0261e+01   2.2581e+01   8.2860e-07   9.6214e-03   2.8522e+02
20260831_17:00:00   2.2111e-01   5.7724e+01   2.2162e+01   3.9299e-02   1.2016e-02   2.8560e+02
20260831_18:00:00   1.9049e-01   5.1034e+01   2.1171e+01   1.2988e-02   1.1915e-02   2.8671e+02
20260831_19:00:00   1.6875e-01   4.6223e+01   1.9853e+01   1.2256e-05   3.0447e-03   2.8690e+02
20260831_20:00:00   1.6596e-01   4.5592e+01   1.9636e+01   7.5141e-05   1.9475e-03   2.8635e+02
20260831_21:00:00   2.6681e-01   6.7159e+01   2.1652e+01   1.0262e-01   6.1454e-02   2.8534e+02
20260831_22:00:00   2.6226e-01   6.6464e+01   2.4962e+01   6.8079e-02   2.0954e-01   2.8664e+02
20260831_23:00:00   2.0077e-01   5.3349e+01   2.1808e+01   2.5338e-02   5.3758e-02   2.8731e+02
20260901_00:00:00   1.1253e+00   1.8566e+02   2.6268e+01   1.0235e+00   2.1879e-01   2.8787e+02
20260901_01:00:00   2.7955e-01   7.0190e+01   2.4884e+01   7.8013e-02   4.3912e-02   2.8834e+02
20260901_02:00:00   2.5628e-01   6.5402e+01   2.7109e+01   2.4958e-02   1.5140e-01   2.8833e+02
20260901_03:00:00   2.2657e-01   5.9156e+01   2.5127e+01   4.0255e-03   3.3449e-03   2.8737e+02
20260901_04:00:00   2.0195e-01   5.3742e+01   2.3344e+01   0.0000e+00   6.0444e-04   2.8570e+02
20260901_05:00:00   2.1382e-01   5.6240e+01   2.5188e+01   0.0000e+00   8.0053e-03   2.8706e+02
20260901_06:00:00   2.1194e-01   5.5783e+01   2.4999e+01   4.2886e-04   1.0643e-02   2.8981e+02
20260901_07:00:00   2.1315e-01   5.6033e+01   2.5087e+01   4.3500e-06   2.9359e-02   2.9017e+02
20260901_08:00:00   2.5883e-01   6.5666e+01   2.6705e+01   3.6418e-02   1.2507e-02   2.8801e+02
20260901_09:00:00   3.5264e-01   8.4230e+01   2.8116e+01   1.3120e-01   4.0941e-01   2.8726e+02
20260901_10:00:00   5.5636e-01   1.1914e+02   2.8333e+01   3.5593e-01   2.9377e-01   2.8851e+02
20260901_11:00:00   2.5169e-01   6.4077e+01   2.7700e+01   1.7951e-02   1.2516e-01   2.8896e+02
20260901_12:00:00   2.4542e-01   6.2790e+01   2.7193e+01   1.6530e-02   6.1571e-02   2.8890e+02
20260901_13:00:00   2.4213e-01   6.2073e+01   2.6108e+01   2.5828e-02   7.4308e-02   2.8894e+02
20260901_14:00:00   2.1908e-01   5.7026e+01   2.6408e+01   1.5362e-03   4.0501e-02   2.8873e+02
20260901_15:00:00   2.1128e-01   5.5381e+01   2.5409e+01   0.0000e+00   1.0752e-03   2.8558e+02
20260901_16:00:00   2.1014e-01   5.5194e+01   2.5337e+01   0.0000e+00   2.8000e-03   2.8386e+02
20260901_17:00:00   2.0912e-01   5.5070e+01   2.4781e+01   3.2220e-03   2.7489e-04   2.8350e+02
20260901_18:00:00   2.2385e-01   5.8324e+01   2.4359e+01   2.3835e-02   4.5903e-05   2.8430e+02
20260901_19:00:00   2.2368e-01   5.8300e+01   2.3900e+01   2.6988e-02   4.3057e-04   2.8340e+02
20260901_20:00:00   2.4841e-01   6.3594e+01   2.3870e+01   5.5576e-02   1.5044e-03   2.8103e+02
20260901_21:00:00   2.6614e-01   6.7301e+01   2.3898e+01   7.6437e-02   1.5824e-03   2.7919e+02
20260901_22:00:00   2.4751e-01   6.3395e+01   2.3505e+01   5.9380e-02   2.4305e-04   2.7813e+02
20260901_23:00:00   2.1274e-01   5.6077e+01   2.3483e+01   2.0142e-02   1.3564e-03   2.7883e+02
20260902_00:00:00   2.3137e-01   6.0015e+01   2.2804e+01   4.7414e-02   1.1828e-02   2.7798e+02
20260902_01:00:00   1.8767e-01   5.0407e+01   2.1861e+01   6.9451e-03   2.1214e-03   2.7647e+02
20260902_02:00:00   1.7970e-01   4.8569e+01   2.1451e+01   2.1015e-03   7.3301e-04   2.7595e+02
20260902_03:00:00   1.8179e-01   4.9029e+01   2.1404e+01   3.9156e-03   4.7837e-04   2.7422e+02
20260902_04:00:00   1.8354e-01   4.9421e+01   2.1888e+01   1.1336e-03   1.7178e-02   2.7438e+02
20260902_05:00:00   1.9216e-01   5.1330e+01   2.1776e+01   1.1389e-02   1.4921e-02   2.7145e+02
20260902_06:00:00   4.7092e-01   1.0507e+02   2.2211e+01   3.1931e-01   4.9308e-02   2.6788e+02
20260902_07:00:00   3.8744e-01   9.0595e+01   2.2553e+01   2.2024e-01   1.5953e-02   2.6724e+02
20260902_08:00:00   1.8174e-01   4.9076e+01   2.1185e+01   8.3040e-05   6.5341e-05   2.6845e+02
20260902_09:00:00   1.7889e-01   4.8428e+01   2.0704e+01   0.0000e+00   0.0000e+00   2.6948e+02
20260902_10:00:00   1.8122e-01   4.8957e+01   2.0838e+01   0.0000e+00   2.4160e-06   2.6978e+02
20260902_11:00:00   1.8027e-01   4.8720e+01   2.0639e+01   2.0136e-05   8.0530e-06   2.6899e+02
20260902_12:00:00   1.8067e-01   4.8771e+01   2.0562e+01   4.8519e-04   4.1099e-05   2.6949e+02
20260902_13:00:00   1.7671e-01   4.7849e+01   1.9929e+01   9.3644e-04   9.6787e-06   2.6917e+02
20260902_14:00:00   1.7253e-01   4.6881e+01   1.9449e+01   0.0000e+00   0.0000e+00   2.6862e+02
20260902_15:00:00   1.7471e-01   4.7382e+01   1.9721e+01   0.0000e+00   0.0000e+00   2.6930e+02
20260902_16:00:00   1.7344e-01   4.7135e+01   1.9723e+01   4.0260e-05   8.0540e-07   2.7063e+02
20260902_17:00:00   1.7761e-01   4.8141e+01   1.9589e+01   6.7643e-03   1.6912e-05   2.7176e+02
20260902_18:00:00   1.8801e-01   5.0540e+01   1.9806e+01   1.7760e-02   1.5624e-04   2.7363e+02
20260902_19:00:00   2.2401e-01   5.8410e+01   2.0740e+01   5.2577e-02   8.4398e-04   2.7376e+02
20260902_20:00:00   2.7775e-01   6.9637e+01   2.1294e+01   1.1069e-01   4.0671e-03   2.7272e+02
20260902_21:00:00   3.0857e-01   7.5815e+01   2.1631e+01   1.4366e-01   4.6469e-03   2.7292e+02
20260902_22:00:00   3.6293e-01   8.6211e+01   2.2101e+01   2.0188e-01   4.2429e-03   2.7346e+02
20260902_23:00:00   2.9457e-01   7.2955e+01   2.1879e+01   1.2627e-01   8.0978e-03   2.7432e+02
20260903_00:00:00   2.2117e-01   5.7850e+01   2.1913e+01   4.2158e-02   3.7105e-03   2.7442e+02
20260903_01:00:00   1.8608e-01   5.0170e+01   2.1668e+01   4.2719e-03   5.0955e-04   2.7300e+02
20260903_02:00:00   1.8446e-01   4.9725e+01   2.1236e+01   7.3741e-03   5.4861e-04   2.6991e+02
20260903_03:00:00   3.0937e-01   7.5920e+01   2.1058e+01   1.4938e-01   3.0056e-03   2.6865e+02
20260903_04:00:00   2.9496e-01   7.3084e+01   2.1789e+01   1.2713e-01   3.9908e-03   2.7016e+02
20260903_05:00:00   1.8665e-01   5.0114e+01   2.1853e+01   5.0123e-03   6.6346e-04   2.7113e+02
20260903_06:00:00   2.4120e-01   6.1755e+01   2.1900e+01   6.5537e-02   2.0736e-02   2.7161e+02
20260903_07:00:00   2.2952e-01   5.9409e+01   2.2241e+01   4.8822e-02   1.0582e-02   2.7081e+02
20260903_08:00:00   2.2426e-01   5.8292e+01   2.2383e+01   4.1062e-02   1.4702e-02   2.7193e+02
20260903_09:00:00   2.0287e-01   5.3656e+01   2.1756e+01   2.1320e-02   2.8154e-04   2.7248e+02
20260903_10:00:00   1.8775e-01   5.0444e+01   2.1830e+01   0.0000e+00   0.0000e+00   2.7401e+02
20260903_11:00:00   1.7776e-01   4.8123e+01   2.0594e+01   0.0000e+00   0.0000e+00   2.7481e+02
20260903_12:00:00   1.7612e-01   4.7681e+01   2.0376e+01   0.0000e+00   0.0000e+00   2.7503e+02
20260903_13:00:00   1.7906e-01   4.8314e+01   2.0623e+01   3.2216e-05   4.0267e-06   2.7579e+02
20260903_14:00:00   1.8250e-01   4.9087e+01   2.1034e+01   5.8390e-05   3.0142e-05   2.7836e+02
20260903_15:00:00   2.0153e-01   5.3323e+01   2.0549e+01   2.6521e-02   5.3566e-04   2.7964e+02
20260903_16:00:00   1.8598e-01   4.9813e+01   1.9305e+01   2.0280e-02   2.1321e-03   2.7889e+02
20260903_17:00:00   1.6944e-01   4.6097e+01   1.9603e+01   1.1073e-04   1.7361e-03   2.7848e+02
20260903_18:00:00   1.8783e-01   5.0357e+01   2.1288e+01   7.5405e-03   1.9138e-03   2.7881e+02
20260903_19:00:00   2.4356e-01   6.2508e+01   2.2413e+01   6.2960e-02   4.2953e-03   2.7782e+02
20260903_20:00:00   2.9426e-01   7.2974e+01   2.3773e+01   1.1187e-01   2.0808e-03   2.7931e+02
20260903_21:00:00   2.6242e-01   6.6409e+01   2.4215e+01   7.4159e-02   4.7804e-03   2.8053e+02
20260903_22:00:00   2.3220e-01   6.0141e+01   2.4090e+01   4.2821e-02   3.1988e-03   2.7912e+02
20260903_23:00:00   2.1817e-01   5.7142e+01   2.4272e+01   2.6221e-02   4.5173e-02   2.7867e+02
20260904_00:00:00   2.0100e-01   5.3341e+01   2.4524e+01   6.5128e-03   1.7109e-01   2.8044e+02
20260904_01:00:00   3.7797e-01   8.9051e+01   2.7392e+01   1.7692e-01   1.3612e-01   2.8141e+02
20260904_02:00:00   4.6090e-01   1.0342e+02   2.8985e+01   2.5273e-01   3.8702e-01   2.8214e+02
20260904_03:00:00   3.2670e-01   7.9252e+01   3.0036e+01   8.6033e-02   7.0476e-01   2.8251e+02
20260904_04:00:00   4.2519e-01   9.7622e+01   3.0774e+01   1.8780e-01   8.3486e-01   2.8172e+02
20260904_05:00:00   2.8438e-01   7.0981e+01   2.9251e+01   4.3941e-02   2.3273e-01   2.7926e+02
20260904_06:00:00   2.4544e-01   6.2862e+01   2.7695e+01   1.8010e-02   3.3899e-02   2.7870e+02
20260904_07:00:00   2.2626e-01   5.8723e+01   2.7581e+01   2.3680e-04   7.6193e-02   2.7942e+02
20260904_08:00:00   2.3214e-01   5.9990e+01   2.8039e+01   0.0000e+00   1.1429e-01   2.7972e+02
20260904_09:00:00   2.3096e-01   5.9729e+01   2.7814e+01   0.0000e+00   1.1611e-02   2.8030e+02
20260904_10:00:00   2.3370e-01   6.0290e+01   2.8037e+01   0.0000e+00   1.3518e-02   2.8141e+02
20260904_11:00:00   2.3669e-01   6.0866e+01   2.8098e+01   2.3246e-03   1.8404e-01   2.8279e+02
20260904_12:00:00   8.6920e-01   1.6090e+02   2.8291e+01   7.1759e-01   1.9165e-01   2.8382e+02
20260904_13:00:00   6.1204e-01   1.2801e+02   2.8700e+01   4.2328e-01   5.6835e-03   2.8372e+02
20260904_14:00:00   2.3865e-01   6.1364e+01   2.8130e+01   1.7880e-03   4.2675e-03   2.8444e+02
20260904_15:00:00   2.2920e-01   5.9413e+01   2.7041e+01   4.0265e-04   1.2400e-03   2.8355e+02
20260904_16:00:00   2.2577e-01   5.8791e+01   2.6490e+01   5.2347e-05   9.5002e-04   2.8223e+02
20260904_17:00:00   2.3011e-01   5.9801e+01   2.6847e+01   3.0560e-03   2.4348e-02   2.8134e+02
20260904_18:00:00   2.3971e-01   6.1912e+01   2.7553e+01   1.1510e-02   1.2539e-01   2.8056e+02
20260904_19:00:00   2.3197e-01   6.0165e+01   2.8240e+01   4.8460e-06   1.6775e-01   2.7968e+02
20260904_20:00:00   2.2839e-01   5.9393e+01   2.8138e+01   0.0000e+00   8.2234e-02   2.7981e+02
20260904_21:00:00   2.2422e-01   5.8465e+01   2.7945e+01   2.0640e-05   3.2182e-02   2.7994e+02
20260904_22:00:00   2.1951e-01   5.7468e+01   2.7606e+01   0.0000e+00   3.6373e-02   2.7913e+02
20260904_23:00:00   2.2554e-01   5.8754e+01   2.8300e+01   0.0000e+00   2.9583e-01   2.7847e+02
20260905_00:00:00   2.2173e-01   5.7834e+01   2.7887e+01   3.3354e-05   6.2214e-01   2.7842e+02
20260905_01:00:00   2.6596e-01   6.7269e+01   3.1074e+01   5.2350e-03   5.8235e-01   2.7919e+02
20260905_02:00:00   2.4471e-01   6.2729e+01   2.9778e+01   5.4925e-04   2.9355e-01   2.7756e+02
20260905_03:00:00   2.9759e-01   7.3786e+01   2.9416e+01   5.9450e-02   3.0089e-03   2.7754e+02
20260905_04:00:00   3.4481e-01   8.3034e+01   2.9787e+01   1.0572e-01   4.9537e-03   2.7787e+02
20260905_05:00:00   2.6997e-01   6.8193e+01   2.9284e+01   2.7303e-02   2.9562e-03   2.7616e+02
20260905_06:00:00   2.3971e-01   6.1828e+01   2.8626e+01   1.3937e-03   9.7525e-03   2.7489e+02
20260905_09:00:00   2.2588e-01   5.8827e+01   2.7316e+01   0.0000e+00   2.8350e-03   2.7183e+02
20260905_12:00:00   2.3033e-01   5.9779e+01   2.7560e+01   0.0000e+00   1.1467e-02   2.7280e+02
20260905_15:00:00   2.3286e-01   6.0353e+01   2.8161e+01   0.0000e+00   4.7499e-04   2.7179e+02
20260905_18:00:00   2.3521e-01   6.1075e+01   2.8859e+01   1.7416e-04   0.0000e+00   2.7066e+02
20260905_21:00:00   2.3397e-01   6.0904e+01   2.8277e+01   1.0313e-02   8.5128e-03   2.7127e+02
20260906_00:00:00   4.5467e-01   1.0355e+02   2.9612e+01   2.4242e-01   1.9379e-02   2.7382e+02
20260906_03:00:00   4.0456e-01   9.4754e+01   3.1786e+01   1.6132e-01   1.2631e-02   2.7270e+02
20260906_06:00:00   2.6179e-01   6.7000e+01   3.1190e+01   5.7340e-05   6.1474e-03   2.7218e+02
20260906_09:00:00   2.5767e-01   6.6056e+01   3.0361e+01   2.3910e-03   8.3858e-03   2.7051e+02
20260906_12:00:00   2.4998e-01   6.4486e+01   2.9002e+01   1.0994e-03   0.0000e+00   2.6933e+02
20260906_15:00:00   2.3457e-01   6.1287e+01   2.7067e+01   0.0000e+00   0.0000e+00   2.7066e+02
20260906_18:00:00   2.0707e-01   5.5391e+01   2.3773e+01   1.5624e-03   1.3476e-06   2.7170e+02
20260906_21:00:00   3.2353e-01   7.9254e+01   2.2953e+01   1.5227e-01   1.1070e-03   2.7287e+02
20260907_00:00:00   2.6624e-01   6.7588e+01   2.3390e+01   8.4011e-02   1.4815e-03   2.7271e+02
20260907_03:00:00   3.0346e-01   7.5216e+01   2.3092e+01   1.2625e-01   1.1192e-03   2.6968e+02
20260907_06:00:00   1.9125e-01   5.1553e+01   2.2627e+01   2.2398e-04   2.9100e-05   2.7241e+02
20260907_09:00:00   2.7886e-01   7.0127e+01   2.3550e+01   8.6718e-02   4.6380e-04   2.7351e+02
20260907_12:00:00   1.9629e-01   5.2519e+01   2.2590e+01   1.5450e-04   0.0000e+00   2.7418e+02
20260907_15:00:00   1.9086e-01   5.1331e+01   2.2026e+01   0.0000e+00   0.0000e+00   2.7345e+02
20260907_18:00:00   1.8467e-01   5.0029e+01   2.1583e+01   1.2590e-03   0.0000e+00   2.7636e+02
20260907_21:00:00   2.0073e-01   5.3702e+01   2.3132e+01   1.0752e-02   9.0780e-06   2.7649e+02
20260908_00:00:00   1.8029e-01   4.9016e+01   2.0697e+01   1.1932e-02   2.8277e-05   2.7753e+02
20260908_03:00:00   1.6997e-01   4.6650e+01   2.0573e+01   2.4201e-04   8.0540e-07   2.7885e+02
20260908_06:00:00   1.8300e-01   4.9520e+01   2.1780e+01   0.0000e+00   0.0000e+00   2.7748e+02
20260908_09:00:00   2.1287e-01   5.6147e+01   2.2676e+01   2.2981e-02   1.7768e-05   2.7569e+02
20260908_12:00:00   1.8005e-01   4.8754e+01   2.0895e+01   1.4772e-06   0.0000e+00   2.7499e+02
20260908_15:00:00   1.7075e-01   4.6647e+01   1.9580e+01   3.7460e-06   0.0000e+00   2.7703e+02
20260908_18:00:00   1.6745e-01   4.5966e+01   1.9931e+01   0.0000e+00   0.0000e+00   2.8001e+02
20260908_21:00:00   1.6781e-01   4.6049e+01   1.9657e+01   7.0896e-03   2.0137e-05   2.8053e+02
20260909_00:00:00   1.5638e-01   4.3376e+01   1.9177e+01   0.0000e+00   0.0000e+00   2.8282e+02
20260909_03:00:00   1.6968e-01   4.6304e+01   2.1274e+01   0.0000e+00   0.0000e+00   2.8363e+02
20260909_06:00:00   1.7584e-01   4.7731e+01   2.1833e+01   0.0000e+00   4.0280e-04   2.8119e+02
20260909_09:00:00   1.8792e-01   5.0469e+01   2.3110e+01   0.0000e+00   0.0000e+00   2.8083e+02
20260909_12:00:00   1.8711e-01   5.0241e+01   2.2861e+01   0.0000e+00   0.0000e+00   2.7968e+02
20260909_15:00:00   1.7985e-01   4.8734e+01   2.1468e+01   0.0000e+00   0.0000e+00   2.8204e+02
20260909_18:00:00   1.7978e-01   4.8819e+01   2.2073e+01   2.4160e-05   0.0000e+00   2.8224e+02
20260909_21:00:00   2.1319e-01   5.6355e+01   2.3032e+01   3.3144e-02   5.0620e-05   2.8514e+02
20260910_00:00:00   1.8101e-01   4.9202e+01   2.2730e+01   0.0000e+00   0.0000e+00   2.8457e+02
20260910_03:00:00   1.8397e-01   4.9778e+01   2.2987e+01   0.0000e+00   2.8160e-05   2.8350e+02
20260910_06:00:00   1.8774e-01   5.0604e+01   2.3146e+01   0.0000e+00   2.5800e-07   2.8482e+02
20260910_09:00:00   1.8668e-01   5.0326e+01   2.2729e+01   0.0000e+00   9.6184e-05   2.8481e+02
20260910_12:00:00   1.8823e-01   5.0679e+01   2.2521e+01   0.0000e+00   0.0000e+00   2.8476e+02
20260910_15:00:00   1.9415e-01   5.1988e+01   2.3293e+01   0.0000e+00   0.0000e+00   2.8580e+02
20260910_18:00:00   2.1067e-01   5.5807e+01   2.2838e+01   2.4919e-02   4.1880e-05   2.8462e+02
20260910_21:00:00   5.9933e-01   1.2560e+02   2.3982e+01   4.5766e-01   6.4693e-02   2.8463e+02
20260911_00:00:00   1.9365e-01   5.2057e+01   2.3986e+01   1.0500e-03   4.4328e-03   2.8636e+02
20260911_03:00:00   1.9545e-01   5.2382e+01   2.4470e+01   1.2432e-04   1.1913e-02   2.8740e+02
20260911_06:00:00   2.3424e-01   6.0663e+01   2.8407e+01   4.6429e-03   6.0966e-03   2.8731e+02
20260911_09:00:00   2.1062e-01   5.5603e+01   2.5532e+01   0.0000e+00   2.2358e-03   2.9003e+02
20260911_12:00:00   2.1452e-01   5.6370e+01   2.5927e+01   0.0000e+00   2.0140e-06   2.9081e+02
20260911_15:00:00   2.0092e-01   5.3434e+01   2.4106e+01   0.0000e+00   5.1916e-04   2.9185e+02
20260911_18:00:00   2.0758e-01   5.5050e+01   2.4646e+01   1.7022e-03   1.3635e-05   2.9178e+02
20260911_21:00:00   7.7391e-01   1.4941e+02   2.6373e+01   6.3284e-01   6.8671e-02   2.9246e+02
20260912_00:00:00   2.9007e-01   7.2141e+01   2.6512e+01   8.6687e-02   1.3521e-02   2.9056e+02
20260912_03:00:00   9.6650e-01   1.7176e+02   3.2569e+01   7.8498e-01   6.0577e-01   2.9172e+02
20260912_06:00:00   4.9490e-01   1.0945e+02   3.1581e+01   2.5795e-01   1.4662e-01   2.9169e+02
20260912_09:00:00   8.8471e-01   1.6332e+02   3.2329e+01   6.9139e-01   2.5489e-01   2.9138e+02
20260912_12:00:00   3.5835e-01   8.5441e+01   2.9188e+01   1.2094e-01   1.4714e-03   2.8679e+02
20260912_15:00:00   2.3397e-01   6.0383e+01   2.6048e+01   5.9260e-03   3.4560e-05   2.8575e+02
20260912_18:00:00   2.2199e-01   5.8038e+01   2.5479e+01   1.8774e-03   1.9065e-05   2.8737e+02
20260912_21:00:00   2.0559e-01   5.4455e+01   2.3221e+01   1.0303e-02   2.1946e-04   2.8540e+02
20260913_00:00:00   1.7041e-01   4.6377e+01   2.0175e+01   6.3480e-04   3.0567e-05   2.8571e+02
20260913_03:00:00   1.7288e-01   4.6800e+01   2.0601e+01   0.0000e+00   2.0038e-05   2.8554e+02
20260913_06:00:00   1.7986e-01   4.8390e+01   2.1362e+01   0.0000e+00   1.9344e-04   2.9095e+02
20260913_09:00:00   2.4160e-01   6.1643e+01   2.5932e+01   3.1962e-02   4.1635e-01   2.9166e+02
20260913_12:00:00   9.7085e-01   1.7112e+02   2.6598e+01   8.4401e-01   1.7418e-01   2.9691e+02
20260913_15:00:00   7.4736e-01   1.4580e+02   2.3627e+01   6.0660e-01   1.0601e-02   2.9760e+02
20260913_18:00:00   3.3509e-01   8.0394e+01   2.0797e+01   1.6748e-01   3.7402e-03   3.0103e+02
20260913_21:00:00   1.4019e-01   3.8858e+01   1.5220e+01   3.1415e-03   2.1171e-04   3.0181e+02
20260914_00:00:00   1.0756e-01   3.0922e+01   1.0848e+01   0.0000e+00   0.0000e+00   3.0029e+02
20260914_03:00:00   1.0487e-01   3.0044e+01   1.0125e+01   3.4263e-03   3.0514e-05   2.9877e+02
20260914_06:00:00   1.0365e-01   2.9719e+01   9.9973e+00   7.2080e-05   1.4418e-05   3.0037e+02
20260914_09:00:00   1.1765e-01   3.3069e+01   1.1579e+01   0.0000e+00   0.0000e+00   2.9871e+02
20260914_12:00:00   1.1502e-01   3.2422e+01   1.1159e+01   0.0000e+00   0.0000e+00   2.9847e+02
20260914_15:00:00   1.3822e-01   3.7974e+01   1.4477e+01   1.8022e-05   7.2480e-05   2.9799e+02
20260914_18:00:00   1.7901e-01   4.7390e+01   1.6143e+01   3.4641e-02   2.7130e-03   2.9937e+02
20260914_21:00:00   1.5412e-01   4.1865e+01   1.6169e+01   9.8630e-03   5.1258e-03   3.0185e+02
20260915_00:00:00   1.5359e-01   4.1815e+01   1.7794e+01   5.5360e-05   2.4941e-05   3.0161e+02
20260915_03:00:00   4.8731e-01   1.0739e+02   2.2607e+01   3.2642e-01   1.4950e-01   3.0240e+02
20260915_06:00:00   1.8541e-01   4.9276e+01   2.0530e+01   0.0000e+00   2.1920e-05   2.9874e+02
20260915_09:00:00   2.0839e-01   5.4383e+01   2.0711e+01   2.1144e-02   1.2886e-04   3.0020e+02
20260915_12:00:00   1.8480e-01   4.9184e+01   1.9725e+01   0.0000e+00   0.0000e+00   2.9740e+02
20260915_15:00:00   1.8919e-01   5.0069e+01   2.0739e+01   0.0000e+00   0.0000e+00   2.9940e+02
20260915_18:00:00   1.6909e-01   4.5636e+01   1.8464e+01   7.0796e-04   2.2400e-02   2.9936e+02
20260915_21:00:00   2.1226e-01   5.5139e+01   2.0603e+01   4.1454e-02   1.5800e-02   2.9937e+02
20260916_00:00:00   5.7565e-01   1.2008e+02   2.1326e+01   4.4485e-01   2.2534e-01   2.9455e+02
20260916_03:00:00   2.1307e-01   5.5222e+01   2.2578e+01   1.9333e-02   1.8983e-02   2.9429e+02
20260916_06:00:00   1.8635e-01   4.9388e+01   2.0702e+01   5.4242e-04   2.3486e-05   2.9563e+02
