#            date       tau255        Tb[K]      pwv[mm] lwp[kg*m^-2] iwp[kg*m^-2]       o3[DU]
20260929_06:00:00   8.2816e-01   1.5694e+02   2.9342e+01   6.5765e-01   6.2285e-01   2.6490e+02
20260929_07:00:00   1.0879e+00   1.8418e+02   2.9062e+01   9.5733e-01   3.2920e-01   2.6410e+02
20260929_08:00:00   4.0215e-01   9.3401e+01   2.8434e+01   1.7837e-01   5.3489e-01   2.6325e+02
20260929_09:00:00   7.9727e-01   1.5245e+02   2.8101e+01   6.2765e-01   1.7905e-01   2.6266e+02
20260929_10:00:00   8.3354e-01   1.5674e+02   2.8560e+01   6.6246e-01   7.5795e-01   2.6356e+02
20260929_11:00:00   9.2019e-01   1.6724e+02   2.8651e+01   7.6641e-01   5.0515e-01   2.6528e+02
20260929_12:00:00   2.5947e-01   6.5320e+01   2.7170e+01   2.6215e-02   1.9794e-01   2.6511e+02
20260929_13:00:00   4.3786e-01   9.9287e+01   2.7085e+01   2.2722e-01   4.9830e-01   2.6542e+02
20260929_14:00:00   9.5724e-01   1.6918e+02   2.6723e+01   8.1510e-01   6.6253e-01   2.6564e+02
20260929_15:00:00   2.2070e-01   5.6692e+01   2.4563e+01   8.2712e-03   4.8453e-01   2.6638e+02
20260929_16:00:00   2.1341e-01   5.5121e+01   2.4588e+01   2.4380e-06   5.9581e-01   2.6476e+02
20260929_17:00:00   2.0781e-01   5.3847e+01   2.3507e+01   5.9180e-03   8.7985e-01   2.6397e+02
20260929_18:00:00   2.0756e-01   5.3840e+01   2.4095e+01   4.5060e-05   4.6223e-01   2.6224e+02
20260929_19:00:00   2.0776e-01   5.3884e+01   2.4020e+01   5.0249e-04   6.7878e-01   2.6306e+02
20260929_20:00:00   2.0592e-01   5.3458e+01   2.3835e+01   1.4944e-03   6.1124e-01   2.6527e+02
20260929_21:00:00   2.2220e-01   5.7001e+01   2.4769e+01   1.1183e-02   8.0031e-01   2.6505e+02
20260929_22:00:00   2.9179e-01   7.1281e+01   2.4792e+01   9.4472e-02   5.7070e-01   2.6406e+02
20260929_23:00:00   8.1298e-01   1.5287e+02   2.5933e+01   6.7117e-01   6.5507e-01   2.6247e+02
20260930_00:00:00   7.2766e-01   1.4286e+02   2.6960e+01   5.6700e-01   4.4309e-01   2.6366e+02
20260930_01:00:00   7.6798e-01   1.4829e+02   2.7949e+01   6.0126e-01   6.2013e-01   2.6410e+02
20260930_02:00:00   8.5689e-01   1.5917e+02   2.8384e+01   6.9737e-01   6.0822e-01   2.6309e+02
20260930_03:00:00   9.2911e-01   1.6701e+02   2.8407e+01   7.7762e-01   7.0849e-01   2.6411e+02
20260930_04:00:00   4.8404e-01   1.0712e+02   2.7990e+01   2.7675e-01   6.8991e-01   2.6371e+02
20260930_05:00:00   9.8457e-01   1.7212e+02   2.7309e+01   8.4772e-01   6.2364e-01   2.6463e+02
20260930_06:00:00   9.8803e-01   1.7218e+02   2.6361e+01   8.5560e-01   5.3465e-01   2.6837e+02
20260930_07:00:00   7.5584e-01   1.4651e+02   2.5382e+01   6.0418e-01   2.3979e-01   2.6908e+02
20260930_08:00:00   1.2307e+00   1.9414e+02   2.4879e+01   1.1444e+00   1.2197e-01   2.6910e+02
20260930_09:00:00   1.1013e+00   1.8353e+02   2.4371e+01   9.9955e-01   1.8223e-01   2.6932e+02
20260930_10:00:00   2.2049e-01   5.6629e+01   2.0743e+01   4.2023e-02   1.2915e-01   2.6967e+02
20260930_11:00:00   1.7075e-01   4.5715e+01   1.7591e+01   3.0596e-03   3.2766e-03   2.7240e+02
20260930_12:00:00   1.7931e-01   4.7735e+01   1.6517e+01   1.8224e-02   1.6428e-06   2.7558e+02
20260930_13:00:00   4.4675e-01   1.0090e+02   1.7854e+01   3.1293e-01   1.2976e-04   2.7679e+02
20260930_14:00:00   7.1004e-01   1.4003e+02   1.8965e+01   5.9596e-01   3.8822e-03   2.8108e+02
20260930_15:00:00   5.2366e-01   1.1270e+02   1.8928e+01   3.8672e-01   2.1705e-02   2.8344e+02
20260930_16:00:00   2.1267e-01   5.4652e+01   1.9071e+01   3.9249e-02   1.5252e-02   2.8565e+02
20260930_17:00:00   1.7920e-01   4.7430e+01   1.8623e+01   7.5870e-03   9.6800e-04   2.8956e+02
20260930_18:00:00   1.9820e-01   5.1689e+01   1.8567e+01   2.9305e-02   1.9110e-04   2.9240e+02
20260930_19:00:00   4.2421e-01   9.5704e+01   1.9840e+01   2.7354e-01   1.6218e-02   2.9378e+02
20260930_20:00:00   1.0804e+00   1.7999e+02   2.1603e+01   9.9853e-01   5.4971e-01   2.9453e+02
20260930_21:00:00   7.4347e-01   1.4491e+02   2.1891e+01   6.1655e-01   4.7451e-01   2.9251e+02
20260930_22:00:00   1.2075e+00   1.9146e+02   2.1987e+01   1.1346e+00   1.1088e+00   2.8866e+02
20260930_23:00:00   6.9809e-01   1.3840e+02   2.1633e+01   5.6680e-01   7.2590e-01   2.8779e+02
20261001_00:00:00   8.2185e-01   1.5433e+02   2.1538e+01   7.1108e-01   4.9010e-01   2.8877e+02
20261001_01:00:00   3.4998e-01   8.2686e+01   2.1361e+01   1.7979e-01   1.4459e-01   2.8865e+02
20261001_02:00:00   3.3177e-01   7.9230e+01   2.1587e+01   1.5838e-01   1.3326e-01   2.9010e+02
20261001_03:00:00   4.2227e-01   9.6125e+01   2.1906e+01   2.5975e-01   1.4660e-01   2.8902e+02
20261001_04:00:00   4.2287e-01   9.6239e+01   2.1755e+01   2.6200e-01   2.7573e-02   2.8730e+02
20261001_05:00:00   4.1443e-01   9.4732e+01   2.1034e+01   2.5788e-01   9.7619e-04   2.8661e+02
20261001_06:00:00   3.1876e-01   7.6605e+01   2.0414e+01   1.5341e-01   8.6929e-04   2.8343e+02
20261001_07:00:00   2.0342e-01   5.2602e+01   2.0155e+01   2.5841e-02   1.5432e-03   2.8103e+02
20261001_08:00:00   1.7428e-01   4.6059e+01   1.9238e+01   1.3132e-03   1.2948e-04   2.7877e+02
20261001_09:00:00   1.6891e-01   4.4835e+01   1.8889e+01   2.6180e-05   2.2836e-05   2.8034e+02
20261001_10:00:00   1.6836e-01   4.4714e+01   1.8922e+01   9.7280e-07   0.0000e+00   2.8115e+02
20261001_11:00:00   1.6686e-01   4.4422e+01   1.8636e+01   3.9640e-07   1.2836e-05   2.7592e+02
20261001_12:00:00   1.5573e-01   4.1936e+01   1.6921e+01   0.0000e+00   0.0000e+00   2.7459e+02
20261001_13:00:00   1.4457e-01   3.9419e+01   1.4836e+01   0.0000e+00   0.0000e+00   2.7188e+02
20261001_14:00:00   1.3446e-01   3.7063e+01   1.3420e+01   0.0000e+00   0.0000e+00   2.7103e+02
20261001_15:00:00   1.2236e-01   3.4182e+01   1.2040e+01   0.0000e+00   0.0000e+00   2.6948e+02
20261001_16:00:00   1.1521e-01   3.2453e+01   1.1318e+01   0.0000e+00   0.0000e+00   2.6962e+02
20261001_17:00:00   1.1618e-01   3.2731e+01   1.1602e+01   0.0000e+00   0.0000e+00   2.7000e+02
20261001_18:00:00   1.1939e-01   3.3587e+01   1.1960e+01   6.9340e-06   0.0000e+00   2.7010e+02
20261001_19:00:00   1.2312e-01   3.4556e+01   1.2341e+01   3.1478e-04   0.0000e+00   2.7038e+02
20261001_20:00:00   1.2433e-01   3.4889e+01   1.2600e+01   2.4940e-04   0.0000e+00   2.6938e+02
20261001_21:00:00   1.2338e-01   3.4692e+01   1.2689e+01   6.4500e-07   0.0000e+00   2.6833e+02
20261001_22:00:00   1.2435e-01   3.4963e+01   1.2938e+01   9.6760e-07   0.0000e+00   2.6749e+02
20261001_23:00:00   1.2974e-01   3.6279e+01   1.3643e+01   0.0000e+00   0.0000e+00   2.6618e+02
20261002_00:00:00   1.3232e-01   3.6936e+01   1.3916e+01   0.0000e+00   0.0000e+00   2.6757e+02
20261002_01:00:00   1.3587e-01   3.7806e+01   1.4244e+01   0.0000e+00   0.0000e+00   2.6861e+02
20261002_02:00:00   1.3891e-01   3.8533e+01   1.4622e+01   0.0000e+00   0.0000e+00   2.6852e+02
20261002_03:00:00   1.4424e-01   3.9782e+01   1.5321e+01   0.0000e+00   0.0000e+00   2.6627e+02
20261002_04:00:00   1.4571e-01   4.0121e+01   1.5515e+01   0.0000e+00   0.0000e+00   2.6405e+02
20261002_05:00:00   1.4497e-01   3.9939e+01   1.5451e+01   0.0000e+00   0.0000e+00   2.6250e+02
20261002_06:00:00   1.4441e-01   3.9796e+01   1.5376e+01   0.0000e+00   0.0000e+00   2.6216e+02
20261002_07:00:00   1.4409e-01   3.9678e+01   1.5257e+01   0.0000e+00   0.0000e+00   2.6180e+02
20261002_08:00:00   1.4074e-01   3.8856e+01   1.4826e+01   0.0000e+00   0.0000e+00   2.6318e+02
20261002_09:00:00   1.3851e-01   3.8301e+01   1.4494e+01   0.0000e+00   0.0000e+00   2.6349e+02
20261002_10:00:00   1.3662e-01   3.7833e+01   1.4173e+01   0.0000e+00   0.0000e+00   2.6253e+02
20261002_11:00:00   1.3447e-01   3.7323e+01   1.3776e+01   0.0000e+00   0.0000e+00   2.6196e+02
20261002_12:00:00   1.3295e-01   3.6961e+01   1.3510e+01   0.0000e+00   0.0000e+00   2.6160e+02
20261002_13:00:00   1.2873e-01   3.5958e+01   1.2963e+01   0.0000e+00   0.0000e+00   2.6168e+02
20261002_14:00:00   1.2637e-01   3.5402e+01   1.2639e+01   0.0000e+00   0.0000e+00   2.6286e+02
20261002_15:00:00   1.2444e-01   3.4970e+01   1.2392e+01   0.0000e+00   0.0000e+00   2.6280e+02
20261002_16:00:00   1.2333e-01   3.4749e+01   1.2296e+01   0.0000e+00   0.0000e+00   2.6278e+02
20261002_17:00:00   1.2437e-01   3.5051e+01   1.2413e+01   0.0000e+00   0.0000e+00   2.6310e+02
20261002_18:00:00   1.2475e-01   3.5204e+01   1.2497e+01   0.0000e+00   0.0000e+00   2.6159e+02
20261002_19:00:00   1.2643e-01   3.5661e+01   1.2732e+01   0.0000e+00   0.0000e+00   2.6087e+02
20261002_20:00:00   1.2719e-01   3.5897e+01   1.2884e+01   1.6126e-06   0.0000e+00   2.6183e+02
20261002_21:00:00   1.3060e-01   3.6779e+01   1.3398e+01   0.0000e+00   0.0000e+00   2.6060e+02
20261002_22:00:00   1.3326e-01   3.7458e+01   1.3753e+01   0.0000e+00   0.0000e+00   2.5889e+02
20261002_23:00:00   1.3639e-01   3.8237e+01   1.4096e+01   0.0000e+00   0.0000e+00   2.5797e+02
20261003_00:00:00   1.3833e-01   3.8712e+01   1.4285e+01   0.0000e+00   0.0000e+00   2.5761e+02
20261003_01:00:00   1.3653e-01   3.8273e+01   1.4053e+01   0.0000e+00   0.0000e+00   2.5876e+02
20261003_02:00:00   1.3609e-01   3.8152e+01   1.3939e+01   0.0000e+00   0.0000e+00   2.5967e+02
20261003_03:00:00   1.3640e-01   3.8168e+01   1.3837e+01   0.0000e+00   0.0000e+00   2.5996e+02
20261003_04:00:00   1.3730e-01   3.8318e+01   1.3943e+01   0.0000e+00   0.0000e+00   2.5917e+02
20261003_05:00:00   1.4056e-01   3.9062e+01   1.4379e+01   0.0000e+00   0.0000e+00   2.5844e+02
20261003_06:00:00   1.4261e-01   3.9522e+01   1.4575e+01   0.0000e+00   0.0000e+00   2.5802e+02
20261003_07:00:00   1.4193e-01   3.9344e+01   1.4402e+01   0.0000e+00   0.0000e+00   2.5698e+02
20261003_08:00:00   1.4149e-01   3.9223e+01   1.4250e+01   0.0000e+00   0.0000e+00   2.5632e+02
20261003_09:00:00   1.3927e-01   3.8672e+01   1.3892e+01   0.0000e+00   0.0000e+00   2.5618e+02
20261003_10:00:00   1.3442e-01   3.7506e+01   1.3219e+01   0.0000e+00   0.0000e+00   2.5582e+02
20261003_11:00:00   1.3178e-01   3.6863e+01   1.2891e+01   0.0000e+00   0.0000e+00   2.5589e+02
20261003_12:00:00   1.3176e-01   3.6833e+01   1.2938e+01   0.0000e+00   0.0000e+00   2.5624e+02
20261003_13:00:00   1.2747e-01   3.5785e+01   1.2457e+01   0.0000e+00   0.0000e+00   2.5592e+02
20261003_14:00:00   1.2480e-01   3.5148e+01   1.2176e+01   0.0000e+00   0.0000e+00   2.5565e+02
20261003_15:00:00   1.2414e-01   3.5006e+01   1.2239e+01   0.0000e+00   0.0000e+00   2.5543e+02
20261003_16:00:00   1.2392e-01   3.4971e+01   1.2306e+01   0.0000e+00   0.0000e+00   2.5487e+02
20261003_17:00:00   1.2179e-01   3.4503e+01   1.2134e+01   0.0000e+00   0.0000e+00   2.5473e+02
20261003_18:00:00   1.1963e-01   3.4028e+01   1.2024e+01   0.0000e+00   0.0000e+00   2.5479e+02
20261003_19:00:00   1.1519e-01   3.2939e+01   1.1841e+01   0.0000e+00   2.0140e-06   2.5419e+02
20261003_20:00:00   1.1831e-01   3.3724e+01   1.2574e+01   0.0000e+00   1.8022e-05   2.5367e+02
20261003_21:00:00   1.2350e-01   3.4989e+01   1.3517e+01   0.0000e+00   0.0000e+00   2.5447e+02
20261003_22:00:00   1.2805e-01   3.6104e+01   1.4289e+01   0.0000e+00   0.0000e+00   2.5445e+02
20261003_23:00:00   1.4233e-01   3.9603e+01   1.6072e+01   0.0000e+00   0.0000e+00   2.5264e+02
20261004_00:00:00   1.5412e-01   4.2444e+01   1.7388e+01   0.0000e+00   0.0000e+00   2.5282e+02
20261004_01:00:00   1.5897e-01   4.3599e+01   1.7805e+01   0.0000e+00   0.0000e+00   2.5339e+02
20261004_02:00:00   1.5817e-01   4.3403e+01   1.7631e+01   0.0000e+00   0.0000e+00   2.5341e+02
20261004_03:00:00   1.5636e-01   4.2899e+01   1.7439e+01   0.0000e+00   0.0000e+00   2.5425e+02
20261004_04:00:00   1.5435e-01   4.2367e+01   1.7077e+01   0.0000e+00   0.0000e+00   2.5585e+02
20261004_05:00:00   1.4975e-01   4.1222e+01   1.6399e+01   0.0000e+00   0.0000e+00   2.5615e+02
20261004_06:00:00   1.4748e-01   4.0633e+01   1.6043e+01   0.0000e+00   0.0000e+00   2.5529e+02
20261004_09:00:00   1.4346e-01   3.9575e+01   1.5317e+01   0.0000e+00   0.0000e+00   2.5595e+02
20261004_12:00:00   1.3352e-01   3.7152e+01   1.3937e+01   0.0000e+00   0.0000e+00   2.5525e+02
20261004_15:00:00   1.3039e-01   3.6372e+01   1.3448e+01   0.0000e+00   0.0000e+00   2.5894e+02
20261004_18:00:00   1.3366e-01   3.7226e+01   1.4123e+01   0.0000e+00   0.0000e+00   2.5896e+02
20261004_21:00:00   1.2661e-01   3.5589e+01   1.3589e+01   0.0000e+00   0.0000e+00   2.5802e+02
20261005_00:00:00   1.3747e-01   3.8186e+01   1.5206e+01   0.0000e+00   0.0000e+00   2.5865e+02
20261005_03:00:00   1.5327e-01   4.1923e+01   1.6822e+01   0.0000e+00   0.0000e+00   2.6028e+02
20261005_06:00:00   1.5281e-01   4.1760e+01   1.6369e+01   0.0000e+00   0.0000e+00   2.6527e+02
20261005_09:00:00   1.4568e-01   4.0020e+01   1.5323e+01   0.0000e+00   0.0000e+00   2.6504e+02
20261005_12:00:00   1.4142e-01   3.8988e+01   1.4640e+01   0.0000e+00   0.0000e+00   2.6653e+02
20261005_15:00:00   1.4008e-01   3.8702e+01   1.4361e+01   0.0000e+00   0.0000e+00   2.6838e+02
20261005_18:00:00   1.3531e-01   3.7713e+01   1.3847e+01   0.0000e+00   0.0000e+00   2.6919e+02
20261005_21:00:00   1.1901e-01   3.3785e+01   1.2087e+01   0.0000e+00   0.0000e+00   2.7563e+02
20261006_00:00:00   1.1552e-01   3.2908e+01   1.1800e+01   5.4940e-04   1.6107e-06   2.7455e+02
20261006_03:00:00   1.3321e-01   3.7204e+01   1.4092e+01   1.6572e-06   8.3420e-07   2.7426e+02
20261006_06:00:00   1.8878e-01   5.0117e+01   2.0327e+01   2.8223e-03   2.7336e-04   2.7411e+02
20261006_09:00:00   5.8124e-01   1.2219e+02   2.4184e+01   4.0982e-01   1.5184e-02   2.7397e+02
20261006_12:00:00   2.2934e-01   5.8878e+01   2.3122e+01   2.1505e-02   2.8717e-02   2.7612e+02
20261006_15:00:00   1.9452e-01   5.1269e+01   2.1501e+01   0.0000e+00   0.0000e+00   2.7408e+02
20261006_18:00:00   2.2052e-01   5.6978e+01   2.2965e+01   2.1009e-02   3.3153e-02   2.7547e+02
20261006_21:00:00   1.9396e-01   5.1171e+01   2.2187e+01   9.4303e-04   6.0872e-03   2.8151e+02
20261007_00:00:00   2.2025e-01   5.6977e+01   2.1333e+01   3.9960e-02   2.9802e-04   2.8586e+02
20261007_03:00:00   1.7442e-01   4.6639e+01   1.9801e+01   7.4790e-04   6.6178e-03   2.8699e+02
20261007_06:00:00   1.6920e-01   4.5394e+01   1.8655e+01   0.0000e+00   2.2226e-04   2.8577e+02
20261007_09:00:00   1.5983e-01   4.3110e+01   1.7926e+01   0.0000e+00   1.2482e-03   2.8756e+02
20261007_12:00:00   1.4448e-01   3.9524e+01   1.5600e+01   0.0000e+00   0.0000e+00   2.8738e+02
20261007_15:00:00   1.3049e-01   3.6248e+01   1.3681e+01   0.0000e+00   0.0000e+00   2.8723e+02
20261007_18:00:00   1.2807e-01   3.5781e+01   1.3336e+01   0.0000e+00   3.8700e-06   2.9079e+02
20261007_21:00:00   1.2653e-01   3.5462e+01   1.3451e+01   5.4319e-04   7.2850e-04   2.8938e+02
20261008_00:00:00   1.3973e-01   3.8697e+01   1.5091e+01   1.8022e-05   3.6920e-05   2.8657e+02
20261008_03:00:00   1.5124e-01   4.1333e+01   1.6402e+01   0.0000e+00   4.6061e-04   2.8885e+02
20261008_06:00:00   1.5740e-01   4.2687e+01   1.6825e+01   1.4978e-04   8.6660e-03   2.8880e+02
20261008_09:00:00   1.5636e-01   4.2343e+01   1.6521e+01   2.5800e-05   1.4500e-06   2.9111e+02
20261008_12:00:00   1.5998e-01   4.3040e+01   1.6733e+01   7.4180e-06   3.9400e-05   2.9210e+02
20261008_15:00:00   1.7073e-01   4.5442e+01   1.7526e+01   6.4614e-04   1.4028e-04   2.9548e+02
20261008_18:00:00   1.5355e-01   4.1726e+01   1.5194e+01   4.0397e-05   0.0000e+00   2.8951e+02
20261008_21:00:00   2.4814e-01   6.2993e+01   1.4901e+01   1.1184e-01   9.6760e-07   2.9064e+02
20261009_00:00:00   1.5237e-01   4.1477e+01   1.5076e+01   2.3391e-03   1.2662e-04   2.9177e+02
20261009_03:00:00   1.5253e-01   4.1322e+01   1.5327e+01   7.4435e-04   1.3367e-03   2.9069e+02
20261009_06:00:00   2.0722e-01   5.3380e+01   1.4437e+01   7.2022e-02   2.4636e-03   2.9469e+02
20261009_09:00:00   1.2854e-01   3.5357e+01   1.2344e+01   0.0000e+00   1.3159e-03   3.0011e+02
20261009_12:00:00   1.1760e-01   3.2683e+01   1.0902e+01   0.0000e+00   0.0000e+00   3.0362e+02
20261009_15:00:00   1.0964e-01   3.0776e+01   9.9110e+00   0.0000e+00   0.0000e+00   3.1277e+02
20261009_18:00:00   1.0509e-01   2.9806e+01   9.3887e+00   0.0000e+00   0.0000e+00   3.1370e+02
20261009_21:00:00   1.0149e-01   2.9071e+01   9.1050e+00   0.0000e+00   0.0000e+00   3.0760e+02
20261010_00:00:00   1.1576e-01   3.2618e+01   1.1359e+01   0.0000e+00   0.0000e+00   3.0859e+02
20261010_03:00:00   1.2695e-01   3.5334e+01   1.2656e+01   0.0000e+00   2.4685e-04   3.0377e+02
20261010_06:00:00   1.2100e-01   3.3844e+01   1.1891e+01   0.0000e+00   0.0000e+00   3.0180e+02
20261010_09:00:00   1.1238e-01   3.1626e+01   1.1039e+01   0.0000e+00   0.0000e+00   2.9483e+02
20261010_12:00:00   1.0572e-01   3.0051e+01   9.9021e+00   0.0000e+00   0.0000e+00   2.8681e+02
20261010_15:00:00   9.6830e-02   2.7898e+01   8.5410e+00   0.0000e+00   0.0000e+00   2.8234e+02
20261010_18:00:00   8.9197e-02   2.6028e+01   7.7516e+00   0.0000e+00   0.0000e+00   2.7784e+02
20261010_21:00:00   9.9720e-02   2.8716e+01   9.6458e+00   0.0000e+00   0.0000e+00   2.7681e+02
20261011_00:00:00   1.0524e-01   3.0100e+01   1.0467e+01   0.0000e+00   0.0000e+00   2.7384e+02
20261011_03:00:00   1.0753e-01   3.0656e+01   1.0561e+01   0.0000e+00   0.0000e+00   2.6548e+02
20261011_06:00:00   9.6716e-02   2.7867e+01   8.9703e+00   0.0000e+00   0.0000e+00   2.6062e+02
20261011_09:00:00   9.6111e-02   2.7635e+01   8.8592e+00   0.0000e+00   0.0000e+00   2.5498e+02
20261011_12:00:00   9.7321e-02   2.7894e+01   9.0269e+00   0.0000e+00   0.0000e+00   2.5305e+02
20261011_15:00:00   9.6786e-02   2.7773e+01   8.9368e+00   0.0000e+00   0.0000e+00   2.5543e+02
20261011_18:00:00   9.7940e-02   2.8146e+01   9.2366e+00   0.0000e+00   0.0000e+00   2.5574e+02
20261011_21:00:00   1.0557e-01   3.0116e+01   1.0416e+01   6.0400e-06   1.6106e-06   2.5736e+02
20261012_00:00:00   1.1019e-01   3.1221e+01   1.1117e+01   0.0000e+00   7.2483e-05   2.5722e+02
20261012_03:00:00   9.9917e-02   2.8650e+01   9.6407e+00   0.0000e+00   0.0000e+00   2.5425e+02
20261012_06:00:00   9.5818e-02   2.7598e+01   8.9930e+00   0.0000e+00   0.0000e+00   2.5535e+02
20261012_09:00:00   1.0013e-01   2.8593e+01   9.5942e+00   0.0000e+00   0.0000e+00   2.5416e+02
20261012_12:00:00   9.4007e-02   2.7031e+01   8.7295e+00   0.0000e+00   0.0000e+00   2.5505e+02
20261012_15:00:00   9.6965e-02   2.7721e+01   9.2090e+00   0.0000e+00   3.2260e-07   2.5762e+02
20261012_18:00:00   1.0598e-01   3.0014e+01   1.0602e+01   0.0000e+00   1.5538e-04   2.5925e+02
20261012_21:00:00   1.1614e-01   3.2466e+01   1.2313e+01   2.5440e-04   8.4219e-03   2.6282e+02
20261013_00:00:00   1.0762e-01   3.0408e+01   1.1288e+01   0.0000e+00   9.7846e-04   2.6730e+02
20261013_03:00:00   1.0447e-01   2.9534e+01   1.0862e+01   0.0000e+00   3.7852e-04   2.7284e+02
20261013_06:00:00   1.1112e-01   3.1179e+01   1.1600e+01   0.0000e+00   5.3943e-05   2.7550e+02
20261013_09:00:00   1.0864e-01   3.0601e+01   1.1177e+01   0.0000e+00   0.0000e+00   2.7436e+02
20261013_12:00:00   1.0318e-01   2.9305e+01   1.0148e+01   0.0000e+00   0.0000e+00   2.7944e+02
20261013_15:00:00   1.0097e-01   2.8781e+01   9.6760e+00   0.0000e+00   0.0000e+00   2.8339e+02
20261013_18:00:00   1.0099e-01   2.8898e+01   9.6818e+00   0.0000e+00   0.0000e+00   2.8505e+02
20261013_21:00:00   1.0887e-01   3.0898e+01   1.1021e+01   0.0000e+00   1.6106e-06   2.8569e+02
20261014_00:00:00   1.0479e-01   2.9938e+01   1.0459e+01   0.0000e+00   0.0000e+00   2.8879e+02
20261014_03:00:00   8.7186e-02   2.5545e+01   7.6988e+00   0.0000e+00   0.0000e+00   2.9182e+02
20261014_06:00:00   8.7151e-02   2.5507e+01   7.6928e+00   0.0000e+00   0.0000e+00   2.9235e+02
20261014_09:00:00   8.7449e-02   2.5566e+01   7.6687e+00   0.0000e+00   0.0000e+00   2.9152e+02
20261014_12:00:00   8.8706e-02   2.5882e+01   7.7300e+00   0.0000e+00   0.0000e+00   2.9185e+02
20261014_15:00:00   8.8537e-02   2.5854e+01   7.6541e+00   0.0000e+00   0.0000e+00   2.9196e+02
20261014_18:00:00   8.5502e-02   2.5149e+01   7.3561e+00   0.0000e+00   0.0000e+00   2.8811e+02
20261014_21:00:00   9.5382e-02   2.7629e+01   9.1885e+00   0.0000e+00   0.0000e+00   2.8604e+02
20261015_00:00:00   1.0171e-01   2.9151e+01   1.0219e+01   0.0000e+00   5.6380e-06   2.7996e+02
20261015_03:00:00   1.0260e-01   2.9339e+01   1.0255e+01   0.0000e+00   0.0000e+00   2.7468e+02
20261015_06:00:00   9.9647e-02   2.8589e+01   9.7308e+00   0.0000e+00   0.0000e+00   2.7315e+02
