#            date       tau255        Tb[K]      pwv[mm] lwp[kg*m^-2] iwp[kg*m^-2]       o3[DU]
20260915_12:00:00   2.0590e-01   5.4308e+01   2.4255e+01   0.0000e+00   4.6360e-02   2.8289e+02
20260915_13:00:00   2.1233e-01   5.5687e+01   2.5182e+01   0.0000e+00   3.5496e-02   2.8206e+02
20260915_14:00:00   2.1502e-01   5.6276e+01   2.5672e+01   0.0000e+00   3.5658e-02   2.8422e+02
20260915_15:00:00   2.1681e-01   5.6674e+01   2.5952e+01   0.0000e+00   5.0488e-02   2.8606e+02
20260915_16:00:00   2.1926e-01   5.7236e+01   2.6308e+01   0.0000e+00   2.3684e-02   2.8755e+02
20260915_17:00:00   2.2334e-01   5.8182e+01   2.6943e+01   0.0000e+00   3.3759e-02   2.8831e+02
20260915_18:00:00   2.2693e-01   5.9012e+01   2.7525e+01   0.0000e+00   6.6126e-02   2.8630e+02
20260915_19:00:00   2.2410e-01   5.8376e+01   2.7301e+01   1.0363e-03   1.2817e-01   2.8570e+02
20260915_20:00:00   2.1309e-01   5.5852e+01   2.6234e+01   1.9539e-03   1.2498e-01   2.8634e+02
20260915_21:00:00   2.0213e-01   5.3313e+01   2.5269e+01   1.9260e-04   5.0363e-02   2.8704e+02
20260915_22:00:00   2.3450e-01   6.0377e+01   2.6073e+01   2.8130e-02   2.0156e-02   2.8767e+02
20260915_23:00:00   2.3430e-01   6.0308e+01   2.6353e+01   2.5076e-02   1.5982e-01   2.8541e+02
20260916_00:00:00   2.2935e-01   5.9221e+01   2.6580e+01   1.7867e-02   1.0298e-01   2.8414e+02
20260916_01:00:00   2.1374e-01   5.5899e+01   2.6438e+01   1.0857e-03   6.4628e-03   2.8290e+02
20260916_02:00:00   2.1566e-01   5.6365e+01   2.6495e+01   1.4242e-03   6.0037e-04   2.8203e+02
20260916_03:00:00   2.3210e-01   5.9910e+01   2.7170e+01   1.2677e-02   6.2042e-03   2.8352e+02
20260916_04:00:00   2.2461e-01   5.8294e+01   2.7401e+01   2.0420e-03   4.3534e-02   2.8526e+02
20260916_05:00:00   2.3767e-01   6.1099e+01   2.8396e+01   5.1711e-03   2.3717e-01   2.8361e+02
20260916_06:00:00   2.4237e-01   6.2090e+01   2.9128e+01   1.2190e-03   4.3184e-01   2.8488e+02
20260916_07:00:00   2.4279e-01   6.2171e+01   2.8945e+01   4.1320e-03   2.3495e-01   2.8401e+02
20260916_08:00:00   2.5477e-01   6.4739e+01   2.9257e+01   1.2399e-02   5.6803e-02   2.8531e+02
20260916_09:00:00   2.5578e-01   6.5018e+01   2.9680e+01   5.6016e-03   2.0384e-02   2.8495e+02
20260916_10:00:00   2.5634e-01   6.5168e+01   2.9877e+01   8.5640e-04   1.6976e-02   2.8409e+02
20260916_11:00:00   2.5943e-01   6.5797e+01   3.0305e+01   2.3157e-04   7.3835e-02   2.8328e+02
20260916_12:00:00   2.6038e-01   6.6008e+01   3.0318e+01   5.7643e-04   4.1618e-02   2.8305e+02
20260916_13:00:00   2.6149e-01   6.6247e+01   3.0484e+01   2.2044e-05   5.1060e-02   2.8323e+02
20260916_14:00:00   2.6424e-01   6.6802e+01   3.0729e+01   0.0000e+00   5.3203e-02   2.8231e+02
20260916_15:00:00   2.6247e-01   6.6521e+01   3.0248e+01   4.5064e-04   7.7616e-03   2.8264e+02
20260916_16:00:00   2.5818e-01   6.5699e+01   2.9976e+01   9.4857e-05   3.1541e-03   2.8417e+02
20260916_17:00:00   2.5453e-01   6.4939e+01   2.9869e+01   3.3684e-03   3.8075e-03   2.8418e+02
20260916_18:00:00   2.4439e-01   6.2813e+01   2.9399e+01   1.2080e-05   3.9753e-03   2.8426e+02
20260916_19:00:00   2.8469e-01   7.1308e+01   3.0481e+01   3.5355e-02   3.8582e-02   2.8329e+02
20260916_20:00:00   3.1124e-01   7.6659e+01   2.9824e+01   7.2215e-02   1.1933e-02   2.8580e+02
20260916_21:00:00   4.7432e-01   1.0622e+02   3.0196e+01   2.5263e-01   1.2736e-01   2.8454e+02
20260916_22:00:00   4.7390e-01   1.0704e+02   2.9531e+01   2.5773e-01   2.6497e-03   2.8287e+02
20260916_23:00:00   7.7161e-01   1.5058e+02   2.9481e+01   5.9954e-01   1.8074e-03   2.8385e+02
20260917_00:00:00   1.6745e+00   2.2471e+02   3.3030e+01   1.5822e+00   1.1984e-01   2.8561e+02
20260917_01:00:00   1.1124e+00   1.8770e+02   3.2280e+01   9.5984e-01   1.6449e-01   2.8628e+02
20260917_02:00:00   8.7171e-01   1.6247e+02   3.2206e+01   6.7988e-01   6.1133e-02   2.8353e+02
20260917_03:00:00   3.1907e-01   7.8161e+01   3.1943e+01   4.9985e-02   8.8914e-02   2.8368e+02
20260917_04:00:00   1.3167e+00   2.0224e+02   3.3117e+01   1.1711e+00   4.8089e-01   2.8317e+02
20260917_05:00:00   8.1294e-01   1.5518e+02   3.2074e+01   6.1068e-01   1.1398e-01   2.8267e+02
20260917_06:00:00   2.9560e-01   7.3189e+01   2.9527e+01   4.9981e-02   1.2417e-02   2.8081e+02
20260917_07:00:00   3.9397e-01   9.2118e+01   2.9934e+01   1.5854e-01   7.1393e-03   2.7964e+02
20260917_08:00:00   9.5872e-01   1.7161e+02   3.0144e+01   8.0294e-01   1.0019e-02   2.7977e+02
20260917_09:00:00   4.9049e-01   1.0870e+02   2.9975e+01   2.6675e-01   1.4795e-02   2.7890e+02
20260917_10:00:00   8.9441e-01   1.6338e+02   3.0839e+01   7.1030e-01   3.4120e-01   2.7864e+02
20260917_11:00:00   2.6264e-01   6.6283e+01   3.0450e+01   1.4423e-03   3.2040e-01   2.7944e+02
20260917_12:00:00   2.4925e-01   6.3530e+01   2.9082e+01   1.7142e-03   2.9192e-02   2.8043e+02
20260917_13:00:00   2.8954e-01   7.1845e+01   2.9438e+01   4.3692e-02   1.1316e-02   2.7834e+02
20260917_14:00:00   1.0319e+00   1.7765e+02   3.0489e+01   8.7282e-01   1.1927e-01   2.7634e+02
20260917_15:00:00   9.4739e-01   1.6952e+02   3.0792e+01   7.7466e-01   1.2051e-01   2.7576e+02
20260917_16:00:00   5.6618e-01   1.2111e+02   3.0676e+01   3.4604e-01   5.1730e-02   2.7773e+02
20260917_17:00:00   8.3654e-01   1.5731e+02   3.0942e+01   6.4670e-01   2.9764e-01   2.8028e+02
20260917_18:00:00   2.5354e-01   6.4425e+01   2.9551e+01   1.7613e-03   6.4951e-02   2.7971e+02
20260917_19:00:00   2.4934e-01   6.3634e+01   2.9239e+01   3.1573e-03   1.2114e-03   2.7980e+02
20260917_20:00:00   2.5696e-01   6.5366e+01   3.0257e+01   1.9049e-03   3.4000e-03   2.7978e+02
20260917_21:00:00   2.5806e-01   6.5708e+01   3.0575e+01   2.1988e-04   8.1403e-03   2.8030e+02
20260917_22:00:00   2.8323e-01   7.1163e+01   3.0427e+01   3.4426e-02   3.3566e-02   2.7906e+02
20260917_23:00:00   2.7679e-01   6.9741e+01   3.0081e+01   3.2234e-02   8.4037e-02   2.7957e+02
20260918_00:00:00   3.0713e-01   7.5901e+01   2.9161e+01   7.7026e-02   1.2946e-01   2.7820e+02
20260918_01:00:00   2.5609e-01   6.5163e+01   2.9051e+01   1.9332e-02   1.0764e-01   2.7832e+02
20260918_02:00:00   3.9518e-01   9.2010e+01   2.9778e+01   1.6851e-01   3.7294e-01   2.7622e+02
20260918_03:00:00   4.2255e-01   9.7125e+01   3.0694e+01   1.8768e-01   3.7909e-01   2.7780e+02
20260918_04:00:00   3.5251e-01   8.4247e+01   3.0519e+01   1.0697e-01   2.2067e-01   2.7929e+02
20260918_05:00:00   3.4759e-01   8.3232e+01   3.0676e+01   9.6100e-02   6.3040e-01   2.7911e+02
20260918_06:00:00   3.6051e-01   8.5800e+01   3.0761e+01   1.0850e-01   4.1801e-01   2.7782e+02
20260918_07:00:00   1.0520e+00   1.8024e+02   3.1917e+01   8.8064e-01   3.0102e-01   2.7812e+02
20260918_08:00:00   3.1204e-01   7.6340e+01   2.9219e+01   6.7198e-02   2.3351e-01   2.7749e+02
20260918_09:00:00   4.2340e-01   9.7097e+01   2.8858e+01   1.9439e-01   1.5094e-02   2.7694e+02
20260918_10:00:00   2.7439e-01   6.8714e+01   2.8794e+01   2.7637e-02   8.4019e-03   2.7546e+02
20260918_11:00:00   2.5127e-01   6.3870e+01   2.8956e+01   1.1585e-03   1.8797e-01   2.7325e+02
20260918_12:00:00   2.5857e-01   6.5375e+01   2.9282e+01   5.9689e-03   2.7864e-01   2.7365e+02
20260918_13:00:00   2.7715e-01   6.9189e+01   2.9709e+01   2.0537e-02   5.2211e-01   2.7350e+02
20260918_14:00:00   2.7636e-01   6.8986e+01   2.9414e+01   2.1034e-02   7.3798e-01   2.7433e+02
20260918_15:00:00   2.4770e-01   6.3096e+01   2.8346e+01   2.8041e-03   3.5668e-01   2.7455e+02
20260918_16:00:00   2.2895e-01   5.9170e+01   2.6692e+01   6.6440e-05   9.0982e-02   2.7506e+02
20260918_17:00:00   2.2022e-01   5.7334e+01   2.5838e+01   0.0000e+00   4.9811e-02   2.7612e+02
20260918_18:00:00   2.1987e-01   5.7316e+01   2.5882e+01   0.0000e+00   1.6557e-02   2.7480e+02
20260918_19:00:00   2.1537e-01   5.6385e+01   2.5477e+01   1.0872e-04   4.4232e-03   2.7267e+02
20260918_20:00:00   2.2008e-01   5.7474e+01   2.6064e+01   1.0058e-03   4.4333e-03   2.7200e+02
20260918_21:00:00   2.1603e-01   5.6639e+01   2.5419e+01   2.9774e-03   1.2484e-02   2.7302e+02
20260918_22:00:00   2.1603e-01   5.6604e+01   2.5042e+01   8.2525e-03   6.1600e-02   2.7323e+02
20260918_23:00:00   1.9202e-01   5.1281e+01   2.3036e+01   1.1138e-03   1.3123e-02   2.7034e+02
20260919_00:00:00   2.0637e-01   5.4475e+01   2.3942e+01   7.5226e-03   3.9910e-04   2.6963e+02
20260919_01:00:00   2.0979e-01   5.5213e+01   2.5052e+01   2.7194e-05   1.6728e-03   2.6898e+02
20260919_02:00:00   2.1580e-01   5.6200e+01   2.5418e+01   6.7909e-03   2.2780e-01   2.7227e+02
20260919_03:00:00   2.1470e-01   5.5688e+01   2.5347e+01   2.5251e-03   8.0316e-01   2.7368e+02
20260919_04:00:00   2.2063e-01   5.7082e+01   2.4901e+01   1.2984e-02   7.1412e-02   2.7124e+02
20260919_05:00:00   1.9552e-01   5.1727e+01   2.2282e+01   4.2540e-03   6.1144e-02   2.7203e+02
20260919_06:00:00   1.8090e-01   4.8557e+01   2.0434e+01   0.0000e+00   1.0003e-03   2.7114e+02
20260919_07:00:00   1.6854e-01   4.5761e+01   1.8626e+01   0.0000e+00   1.4466e-02   2.7095e+02
20260919_08:00:00   1.6468e-01   4.4839e+01   1.8120e+01   0.0000e+00   4.0996e-03   2.7077e+02
20260919_09:00:00   1.6003e-01   4.3733e+01   1.7588e+01   0.0000e+00   4.2640e-04   2.7043e+02
20260919_10:00:00   1.6225e-01   4.4210e+01   1.7986e+01   0.0000e+00   1.4290e-03   2.7076e+02
20260919_11:00:00   1.6404e-01   4.4587e+01   1.8297e+01   0.0000e+00   5.5040e-03   2.7279e+02
20260919_12:00:00   1.6558e-01   4.4927e+01   1.8377e+01   0.0000e+00   1.3341e-02   2.7307e+02
20260919_13:00:00   1.6529e-01   4.4861e+01   1.8074e+01   0.0000e+00   6.9868e-03   2.7405e+02
20260919_14:00:00   1.6355e-01   4.4460e+01   1.7713e+01   0.0000e+00   9.3785e-03   2.7561e+02
20260919_15:00:00   1.6023e-01   4.3741e+01   1.7254e+01   0.0000e+00   4.3401e-06   2.7644e+02
20260919_16:00:00   1.6465e-01   4.4817e+01   1.7723e+01   7.2080e-05   0.0000e+00   2.7961e+02
20260919_17:00:00   1.6839e-01   4.5751e+01   1.8258e+01   2.0140e-06   8.0540e-07   2.8038e+02
20260919_18:00:00   1.7072e-01   4.6355e+01   1.8586e+01   1.1074e-03   2.4963e-05   2.8018e+02
20260919_19:00:00   1.8058e-01   4.8639e+01   1.8991e+01   1.0334e-02   5.4058e-04   2.8042e+02
20260919_20:00:00   2.3703e-01   6.0843e+01   1.9359e+01   7.3626e-02   2.0842e-02   2.8039e+02
20260919_21:00:00   1.7246e-01   4.6597e+01   1.7810e+01   1.7924e-02   8.8509e-03   2.8094e+02
20260919_22:00:00   2.8446e-01   7.0246e+01   2.0502e+01   1.2542e-01   9.5573e-02   2.8120e+02
20260919_23:00:00   1.5926e-01   4.3180e+01   1.6275e+01   2.0671e-02   6.2514e-02   2.8375e+02
20260920_00:00:00   1.5727e-01   4.2889e+01   1.8361e+01   0.0000e+00   7.2452e-03   2.8227e+02
20260920_01:00:00   1.4769e-01   4.0695e+01   1.6924e+01   0.0000e+00   0.0000e+00   2.8252e+02
20260920_02:00:00   1.6488e-01   4.4364e+01   1.9039e+01   7.4260e-03   2.2729e-01   2.8038e+02
20260920_03:00:00   1.6658e-01   4.4932e+01   1.9611e+01   0.0000e+00   1.3954e-02   2.7965e+02
20260920_04:00:00   1.6203e-01   4.3889e+01   1.8943e+01   0.0000e+00   2.2338e-03   2.8134e+02
20260920_05:00:00   1.5226e-01   4.1714e+01   1.7125e+01   0.0000e+00   4.7160e-04   2.8399e+02
20260920_06:00:00   1.4941e-01   4.1104e+01   1.6235e+01   0.0000e+00   0.0000e+00   2.8397e+02
20260920_07:00:00   1.4144e-01   3.9248e+01   1.4898e+01   0.0000e+00   0.0000e+00   2.8334e+02
20260920_08:00:00   1.3207e-01   3.7008e+01   1.3506e+01   0.0000e+00   0.0000e+00   2.7934e+02
20260920_09:00:00   1.3092e-01   3.6693e+01   1.3337e+01   0.0000e+00   0.0000e+00   2.7628e+02
20260920_10:00:00   1.3043e-01   3.6564e+01   1.3228e+01   0.0000e+00   0.0000e+00   2.7440e+02
20260920_11:00:00   1.2756e-01   3.5848e+01   1.2828e+01   0.0000e+00   0.0000e+00   2.7479e+02
20260920_12:00:00   1.2236e-01   3.4573e+01   1.2107e+01   0.0000e+00   0.0000e+00   2.7437e+02
20260920_15:00:00   1.0962e-01   3.1412e+01   1.0612e+01   0.0000e+00   0.0000e+00   2.7425e+02
20260920_18:00:00   1.2487e-01   3.5218e+01   1.3135e+01   0.0000e+00   0.0000e+00   2.7289e+02
20260920_21:00:00   1.2045e-01   3.4089e+01   1.3169e+01   4.0460e-04   6.6540e-05   2.6843e+02
20260921_00:00:00   1.1880e-01   3.3690e+01   1.3008e+01   0.0000e+00   3.5220e-03   2.6883e+02
20260921_03:00:00   9.2367e-02   2.6981e+01   9.2637e+00   0.0000e+00   1.6519e-02   2.6816e+02
20260921_06:00:00   9.8874e-02   2.8618e+01   1.0118e+01   0.0000e+00   2.9140e-02   2.6841e+02
20260921_09:00:00   9.8766e-02   2.8556e+01   1.0002e+01   0.0000e+00   1.4784e-02   2.7323e+02
20260921_12:00:00   1.0440e-01   2.9848e+01   1.0909e+01   0.0000e+00   2.6020e-02   2.7580e+02
20260921_15:00:00   1.1291e-01   3.1890e+01   1.2219e+01   0.0000e+00   9.5944e-03   2.7615e+02
20260921_18:00:00   1.2403e-01   3.4703e+01   1.3809e+01   3.0200e-05   1.6104e-03   2.7155e+02
20260921_21:00:00   1.3183e-01   3.6676e+01   1.4921e+01   1.6113e-03   8.6238e-03   2.7419e+02
20260922_00:00:00   1.1891e-01   3.3565e+01   1.3222e+01   9.3520e-06   7.9203e-05   2.7750e+02
20260922_03:00:00   1.3476e-01   3.7357e+01   1.5467e+01   0.0000e+00   8.5981e-05   2.7643e+02
20260922_06:00:00   1.4315e-01   3.9306e+01   1.6434e+01   0.0000e+00   1.7165e-02   2.7551e+02
20260922_09:00:00   1.4663e-01   4.0194e+01   1.6053e+01   2.2140e-05   4.3764e-03   2.7644e+02
20260922_12:00:00   1.3962e-01   3.8543e+01   1.5078e+01   0.0000e+00   1.4486e-05   2.7766e+02
20260922_15:00:00   1.3321e-01   3.7003e+01   1.4226e+01   0.0000e+00   0.0000e+00   2.7502e+02
20260922_18:00:00   1.4491e-01   3.9858e+01   1.5711e+01   3.7580e-03   2.3477e-03   2.7611e+02
20260922_21:00:00   1.3846e-01   3.8343e+01   1.5819e+01   7.2900e-04   5.4995e-03   2.7541e+02
20260923_00:00:00   1.4902e-01   4.0842e+01   1.6748e+01   5.2380e-03   1.2946e-02   2.7423e+02
20260923_03:00:00   1.6826e-01   4.5336e+01   1.9986e+01   0.0000e+00   1.5680e-02   2.7441e+02
20260923_06:00:00   1.7011e-01   4.5753e+01   1.9953e+01   0.0000e+00   1.2322e-02   2.7315e+02
20260923_09:00:00   1.6512e-01   4.4585e+01   1.9269e+01   0.0000e+00   1.0256e-03   2.7034e+02
20260923_12:00:00   1.5672e-01   4.2653e+01   1.7796e+01   0.0000e+00   1.1806e-02   2.6733e+02
20260923_15:00:00   1.4644e-01   4.0295e+01   1.6171e+01   0.0000e+00   1.3093e-02   2.7122e+02
20260923_18:00:00   1.4598e-01   4.0304e+01   1.6023e+01   0.0000e+00   1.8713e-02   2.6766e+02
20260923_21:00:00   1.3444e-01   3.7529e+01   1.5141e+01   8.3060e-04   2.3058e-02   2.7110e+02
20260924_00:00:00   1.1270e-01   3.2278e+01   1.2019e+01   1.8022e-05   8.1222e-03   2.7159e+02
20260924_03:00:00   8.9789e-02   2.6406e+01   8.6169e+00   0.0000e+00   2.0740e-03   2.7147e+02
20260924_06:00:00   9.7190e-02   2.8213e+01   9.6135e+00   0.0000e+00   1.0066e-06   2.7232e+02
20260924_09:00:00   1.2390e-01   3.4906e+01   1.2634e+01   0.0000e+00   8.3060e-05   2.7043e+02
20260924_12:00:00   1.3076e-01   3.6547e+01   1.3093e+01   0.0000e+00   1.8022e-05   2.6934e+02
20260924_15:00:00   1.2957e-01   3.6263e+01   1.2536e+01   0.0000e+00   0.0000e+00   2.7044e+02
20260924_18:00:00   1.2239e-01   3.4715e+01   1.1928e+01   0.0000e+00   0.0000e+00   2.7086e+02
20260924_21:00:00   1.3119e-01   3.7055e+01   1.3498e+01   0.0000e+00   0.0000e+00   2.7017e+02
20260925_00:00:00   1.2580e-01   3.5778e+01   1.3133e+01   0.0000e+00   0.0000e+00   2.6723e+02
20260925_03:00:00   1.0824e-01   3.1368e+01   1.0866e+01   0.0000e+00   5.0920e-05   2.6701e+02
20260925_06:00:00   1.0392e-01   3.0209e+01   1.0273e+01   0.0000e+00   0.0000e+00   2.6670e+02
20260925_09:00:00   9.5359e-02   2.7957e+01   9.0010e+00   0.0000e+00   1.9310e-05   2.6789e+02
20260925_12:00:00   9.1539e-02   2.6918e+01   8.5609e+00   0.0000e+00   3.6384e-03   2.6867e+02
20260925_15:00:00   8.7241e-02   2.5769e+01   8.0753e+00   0.0000e+00   4.3444e-03   2.7052e+02
20260925_18:00:00   9.0480e-02   2.6701e+01   8.6837e+00   0.0000e+00   1.4836e-03   2.7106e+02
20260925_21:00:00   1.0163e-01   2.9565e+01   1.0991e+01   0.0000e+00   0.0000e+00   2.6800e+02
20260926_00:00:00   1.0571e-01   3.0556e+01   1.1816e+01   0.0000e+00   0.0000e+00   2.6805e+02
20260926_03:00:00   1.0562e-01   3.0462e+01   1.1648e+01   0.0000e+00   0.0000e+00   2.6914e+02
20260926_06:00:00   9.1033e-02   2.6712e+01   9.2803e+00   0.0000e+00   0.0000e+00   2.7135e+02
20260926_09:00:00   1.0869e-01   3.1100e+01   1.2042e+01   0.0000e+00   0.0000e+00   2.7476e+02
20260926_12:00:00   8.8212e-02   2.5910e+01   8.8097e+00   0.0000e+00   0.0000e+00   2.7268e+02
20260926_15:00:00   9.7908e-02   2.8381e+01   1.0267e+01   0.0000e+00   4.1300e-05   2.7502e+02
20260926_18:00:00   1.1870e-01   3.3662e+01   1.3329e+01   0.0000e+00   9.1830e-04   2.7358e+02
20260926_21:00:00   1.3361e-01   3.7424e+01   1.5770e+01   0.0000e+00   3.3042e-04   2.7238e+02
20260927_00:00:00   1.3240e-01   3.7211e+01   1.5433e+01   9.6760e-07   1.1065e-04   2.7388e+02
20260927_03:00:00   1.4684e-01   4.0567e+01   1.7304e+01   2.5460e-04   7.0622e-03   2.7551e+02
20260927_06:00:00   1.6270e-01   4.4091e+01   1.9074e+01   2.2725e-03   2.4818e-02   2.7542e+02
20260927_09:00:00   1.7127e-01   4.6054e+01   1.9825e+01   3.0931e-03   5.3679e-02   2.7473e+02
20260927_12:00:00   2.2169e-01   5.7193e+01   1.9888e+01   5.4215e-02   4.5852e-03   2.7663e+02
20260927_15:00:00   1.7107e-01   4.6026e+01   1.9420e+01   6.4500e-05   8.2163e-03   2.7883e+02
20260927_18:00:00   1.7750e-01   4.7597e+01   1.9924e+01   5.1100e-03   2.1832e-02   2.8413e+02
20260927_21:00:00   1.5753e-01   4.3192e+01   1.8330e+01   5.8080e-04   1.2424e-02   2.8166e+02
20260928_00:00:00   1.7676e-01   4.7541e+01   2.1186e+01   0.0000e+00   2.6825e-02   2.8146e+02
20260928_03:00:00   1.7097e-01   4.6141e+01   2.0655e+01   0.0000e+00   3.1388e-03   2.8239e+02
20260928_06:00:00   1.6772e-01   4.5408e+01   1.9922e+01   0.0000e+00   4.1229e-02   2.8281e+02
20260928_09:00:00   1.6852e-01   4.5598e+01   1.9537e+01   0.0000e+00   4.0245e-02   2.8450e+02
20260928_12:00:00   2.0341e-01   5.3357e+01   2.0385e+01   2.8640e-02   2.9625e-03   2.8600e+02
20260928_15:00:00   1.5877e-01   4.3400e+01   1.7616e+01   0.0000e+00   0.0000e+00   2.8642e+02
20260928_18:00:00   1.4981e-01   4.1118e+01   1.6855e+01   4.7741e-03   3.8400e-03   2.8692e+02
20260928_21:00:00   1.2566e-01   3.5263e+01   1.4480e+01   4.0120e-05   2.5518e-03   2.8428e+02
20260929_00:00:00   1.0121e-01   2.9286e+01   1.0760e+01   0.0000e+00   0.0000e+00   2.8392e+02
20260929_03:00:00   1.0118e-01   2.9211e+01   1.0665e+01   0.0000e+00   0.0000e+00   2.8637e+02
20260929_06:00:00   1.1042e-01   3.1457e+01   1.2025e+01   0.0000e+00   0.0000e+00   2.9076e+02
20260929_09:00:00   1.1119e-01   3.1514e+01   1.2351e+01   0.0000e+00   3.4180e-03   2.8886e+02
20260929_12:00:00   1.2383e-01   3.4736e+01   1.3821e+01   0.0000e+00   0.0000e+00   2.9146e+02
20260929_15:00:00   1.2682e-01   3.5496e+01   1.3954e+01   0.0000e+00   0.0000e+00   2.8986e+02
20260929_18:00:00   1.2437e-01   3.5012e+01   1.3810e+01   0.0000e+00   0.0000e+00   2.8584e+02
20260929_21:00:00   1.2888e-01   3.6124e+01   1.4848e+01   0.0000e+00   9.9010e-04   2.8581e+02
20260930_00:00:00   1.2630e-01   3.5578e+01   1.4331e+01   4.8060e-05   5.3099e-04   2.8332e+02
20260930_03:00:00   1.2303e-01   3.4763e+01   1.3730e+01   3.7076e-04   6.0983e-04   2.8458e+02
20260930_06:00:00   1.3021e-01   3.6499e+01   1.4490e+01   0.0000e+00   1.4664e-04   2.8541e+02
20260930_09:00:00   1.3183e-01   3.6818e+01   1.4413e+01   0.0000e+00   0.0000e+00   2.8415e+02
20260930_12:00:00   1.3516e-01   3.7632e+01   1.4752e+01   3.4124e-05   8.0540e-07   2.8150e+02
20260930_15:00:00   1.3143e-01   3.6776e+01   1.4263e+01   0.0000e+00   1.4560e-05   2.8153e+02
20260930_18:00:00   1.3617e-01   3.8002e+01   1.5322e+01   1.6106e-05   3.7474e-03   2.8139e+02
20260930_21:00:00   1.3649e-01   3.8044e+01   1.5871e+01   4.2967e-04   1.3169e-02   2.8244e+02
20261001_00:00:00   1.4446e-01   3.9966e+01   1.7301e+01   1.4458e-04   2.6141e-03   2.7883e+02
20261001_03:00:00   1.5911e-01   4.3347e+01   1.9221e+01   1.0830e-03   1.8524e-03   2.7592e+02
20261001_06:00:00   1.8068e-01   4.8283e+01   2.1682e+01   3.4222e-03   2.7748e-02   2.7479e+02
20261001_09:00:00   1.7787e-01   4.7651e+01   2.1020e+01   2.7495e-03   2.3601e-02   2.7303e+02
20261001_12:00:00   1.5438e-01   4.2253e+01   1.7885e+01   1.8022e-05   1.7453e-02   2.7348e+02
