#            date       tau255        Tb[K]      pwv[mm] lwp[kg*m^-2] iwp[kg*m^-2]       o3[DU]
20260822_00:00:00   3.1712e-01   7.8828e+01   3.1396e+01   1.2085e-02   0.0000e+00   3.1444e+02
20260822_01:00:00   3.5772e-01   8.7044e+01   3.1567e+01   6.0091e-02   0.0000e+00   3.1203e+02
20260822_02:00:00   3.4817e-01   8.5154e+01   3.0595e+01   5.4377e-02   1.7394e-06   3.1470e+02
20260822_03:00:00   3.2906e-01   8.1281e+01   2.9674e+01   3.5481e-02   0.0000e+00   3.1565e+02
20260822_04:00:00   3.0051e-01   7.5426e+01   2.8830e+01   7.6370e-03   0.0000e+00   3.1874e+02
20260822_05:00:00   2.9570e-01   7.4422e+01   2.8566e+01   3.9640e-03   0.0000e+00   3.1684e+02
20260822_06:00:00   3.0982e-01   7.7283e+01   2.9623e+01   5.4079e-03   0.0000e+00   3.1787e+02
20260822_07:00:00   3.1252e-01   7.7846e+01   2.9549e+01   9.1507e-03   0.0000e+00   3.1928e+02
20260822_08:00:00   3.0133e-01   7.5606e+01   2.8612e+01   3.7224e-03   0.0000e+00   3.2141e+02
20260822_09:00:00   2.9545e-01   7.4433e+01   2.7399e+01   1.1146e-02   0.0000e+00   3.2311e+02
20260822_10:00:00   2.8971e-01   7.3189e+01   2.6409e+01   1.4519e-02   0.0000e+00   3.2298e+02
20260822_11:00:00   2.6738e-01   6.8397e+01   2.5257e+01   1.7277e-03   0.0000e+00   3.2425e+02
20260822_12:00:00   2.6381e-01   6.7649e+01   2.4754e+01   4.0454e-03   0.0000e+00   3.2501e+02
20260822_13:00:00   2.6407e-01   6.7770e+01   2.4728e+01   6.0600e-03   0.0000e+00   3.2430e+02
20260822_14:00:00   2.6283e-01   6.7560e+01   2.5087e+01   2.1012e-03   0.0000e+00   3.2441e+02
20260822_15:00:00   2.7054e-01   6.9268e+01   2.6341e+01   1.3819e-03   0.0000e+00   3.2432e+02
20260822_16:00:00   2.6941e-01   6.9074e+01   2.6932e+01   5.1917e-04   0.0000e+00   3.2380e+02
20260822_17:00:00   2.7429e-01   7.0087e+01   2.7622e+01   3.5920e-03   0.0000e+00   3.2496e+02
20260822_18:00:00   2.7504e-01   7.0244e+01   2.7896e+01   3.2214e-03   0.0000e+00   3.2635e+02
20260822_19:00:00   3.0122e-01   7.5679e+01   2.7802e+01   3.5369e-02   0.0000e+00   3.2801e+02
20260822_20:00:00   5.5379e-01   1.2077e+02   2.8234e+01   3.2140e-01   3.3700e-05   3.2849e+02
20260822_21:00:00   4.0384e-01   9.5127e+01   2.7934e+01   1.5612e-01   1.2216e-04   3.3017e+02
20260822_22:00:00   3.5351e-01   8.5814e+01   2.9363e+01   8.2138e-02   2.2294e-04   3.3221e+02
20260822_23:00:00   4.8224e-01   1.0832e+02   3.3781e+01   1.8432e-01   8.7165e-02   3.2774e+02
20260823_00:00:00   3.0087e-01   7.5245e+01   3.1575e+01   3.2220e-05   1.7183e-02   3.3101e+02
20260823_01:00:00   2.8706e-01   7.2013e+01   2.9461e+01   7.3824e-03   1.6972e-01   3.3178e+02
20260823_02:00:00   2.9425e-01   7.3285e+01   3.0958e+01   5.5300e-04   4.5645e-01   3.3309e+02
20260823_03:00:00   2.8925e-01   7.2257e+01   3.0431e+01   0.0000e+00   4.8288e-01   3.3123e+02
20260823_04:00:00   2.7404e-01   6.9392e+01   2.7983e+01   0.0000e+00   1.5196e-01   3.3047e+02
20260823_05:00:00   2.3749e-01   6.1716e+01   2.2600e+01   0.0000e+00   2.3006e-02   3.3113e+02
20260823_06:00:00   2.2009e-01   5.7904e+01   1.9977e+01   0.0000e+00   8.4600e-05   3.3405e+02
20260823_07:00:00   2.4710e-01   6.3920e+01   1.9017e+01   4.1471e-02   0.0000e+00   3.3686e+02
20260823_08:00:00   3.7600e-01   9.0665e+01   1.7961e+01   2.0980e-01   0.0000e+00   3.3896e+02
20260823_09:00:00   3.9402e-01   9.4032e+01   1.7627e+01   2.3840e-01   0.0000e+00   3.3889e+02
20260823_10:00:00   3.1359e-01   7.7937e+01   1.7393e+01   1.4144e-01   0.0000e+00   3.3778e+02
20260823_11:00:00   3.3513e-01   8.2295e+01   1.6881e+01   1.7103e-01   0.0000e+00   3.3783e+02
20260823_12:00:00   3.1758e-01   7.8676e+01   1.6006e+01   1.5634e-01   1.1804e-04   3.4049e+02
20260823_13:00:00   3.4114e-01   8.3415e+01   1.6147e+01   1.8208e-01   4.4260e-04   3.4257e+02
20260823_14:00:00   3.8810e-01   9.2645e+01   1.6354e+01   2.3883e-01   2.0060e-03   3.4492e+02
20260823_15:00:00   2.2551e-01   5.8837e+01   1.5737e+01   4.7692e-02   8.7420e-03   3.4623e+02
20260823_16:00:00   1.8576e-01   4.9714e+01   1.6079e+01   3.0260e-03   7.7292e-03   3.4721e+02
20260823_17:00:00   1.8482e-01   4.9457e+01   1.6802e+01   0.0000e+00   6.3355e-02   3.4755e+02
20260823_18:00:00   1.9687e-01   5.2203e+01   1.8182e+01   3.1259e-04   1.6471e-02   3.4877e+02
20260823_19:00:00   2.0065e-01   5.3102e+01   1.8410e+01   2.5000e-03   8.6980e-06   3.5062e+02
20260823_20:00:00   2.8640e-01   7.1415e+01   1.8890e+01   9.8976e-02   9.8280e-06   3.5356e+02
20260823_21:00:00   2.7259e-01   6.8552e+01   1.8949e+01   8.1000e-02   2.1480e-06   3.5272e+02
20260823_22:00:00   3.2139e-01   7.8554e+01   2.0378e+01   1.1958e-01   0.0000e+00   3.4838e+02
20260823_23:00:00   2.1376e-01   5.6088e+01   1.8945e+01   7.4620e-03   0.0000e+00   3.4390e+02
20260824_00:00:00   2.0556e-01   5.4231e+01   1.8404e+01   3.0857e-03   0.0000e+00   3.4075e+02
20260824_01:00:00   2.0256e-01   5.3559e+01   1.8129e+01   1.4498e-04   0.0000e+00   3.3970e+02
20260824_02:00:00   2.0744e-01   5.4602e+01   1.8504e+01   1.9464e-03   0.0000e+00   3.3725e+02
20260824_03:00:00   2.1137e-01   5.5448e+01   1.8393e+01   8.7200e-03   0.0000e+00   3.3677e+02
20260824_04:00:00   2.6724e-01   6.7468e+01   1.9063e+01   6.6294e-02   0.0000e+00   3.3537e+02
20260824_05:00:00   1.9831e-01   5.2540e+01   1.7771e+01   8.7180e-04   0.0000e+00   3.3436e+02
20260824_06:00:00   2.0112e-01   5.3032e+01   1.8200e+01   4.2960e-05   0.0000e+00   3.3203e+02
20260824_07:00:00   2.1288e-01   5.5589e+01   1.8154e+01   1.4694e-02   0.0000e+00   3.3304e+02
20260824_08:00:00   2.1748e-01   5.6587e+01   1.8293e+01   1.9968e-02   0.0000e+00   3.3443e+02
20260824_09:00:00   1.8157e-01   4.8449e+01   1.6206e+01   0.0000e+00   0.0000e+00   3.3689e+02
20260824_10:00:00   1.5915e-01   4.3148e+01   1.3760e+01   0.0000e+00   0.0000e+00   3.3942e+02
20260824_11:00:00   1.4624e-01   4.0049e+01   1.2370e+01   0.0000e+00   0.0000e+00   3.4072e+02
20260824_12:00:00   1.4799e-01   4.0539e+01   1.2452e+01   0.0000e+00   0.0000e+00   3.4087e+02
20260824_13:00:00   1.4540e-01   3.9975e+01   1.2118e+01   0.0000e+00   0.0000e+00   3.4073e+02
20260824_14:00:00   1.4184e-01   3.9192e+01   1.1628e+01   0.0000e+00   0.0000e+00   3.4211e+02
20260824_15:00:00   1.4030e-01   3.8888e+01   1.1421e+01   0.0000e+00   0.0000e+00   3.4176e+02
20260824_16:00:00   1.3542e-01   3.7773e+01   1.0972e+01   0.0000e+00   0.0000e+00   3.4123e+02
20260824_17:00:00   1.3943e-01   3.8767e+01   1.1603e+01   0.0000e+00   0.0000e+00   3.3885e+02
20260824_18:00:00   1.4886e-01   4.1072e+01   1.2770e+01   0.0000e+00   0.0000e+00   3.3677e+02
20260824_19:00:00   1.5452e-01   4.2483e+01   1.3462e+01   0.0000e+00   0.0000e+00   3.3592e+02
20260824_20:00:00   1.5879e-01   4.3549e+01   1.3959e+01   0.0000e+00   0.0000e+00   3.3306e+02
20260824_21:00:00   1.6293e-01   4.4548e+01   1.4400e+01   0.0000e+00   0.0000e+00   3.3052e+02
20260824_22:00:00   1.6782e-01   4.5726e+01   1.4869e+01   0.0000e+00   0.0000e+00   3.2895e+02
20260824_23:00:00   1.6606e-01   4.5310e+01   1.4557e+01   0.0000e+00   0.0000e+00   3.2631e+02
20260825_00:00:00   1.6476e-01   4.4919e+01   1.4243e+01   0.0000e+00   1.8154e-04   3.2507e+02
20260825_01:00:00   1.5917e-01   4.3542e+01   1.3637e+01   0.0000e+00   0.0000e+00   3.2572e+02
20260825_02:00:00   1.6098e-01   4.3917e+01   1.3970e+01   0.0000e+00   0.0000e+00   3.2304e+02
20260825_03:00:00   1.6494e-01   4.4823e+01   1.4474e+01   0.0000e+00   9.7620e-05   3.2075e+02
20260825_04:00:00   1.6089e-01   4.3863e+01   1.4058e+01   0.0000e+00   1.6985e-04   3.2026e+02
20260825_05:00:00   1.5724e-01   4.2995e+01   1.3697e+01   0.0000e+00   3.2660e-05   3.2014e+02
20260825_06:00:00   1.5987e-01   4.3625e+01   1.3952e+01   0.0000e+00   0.0000e+00   3.1970e+02
20260825_07:00:00   1.5988e-01   4.3626e+01   1.3863e+01   0.0000e+00   0.0000e+00   3.1887e+02
20260825_08:00:00   1.5940e-01   4.3487e+01   1.3860e+01   0.0000e+00   0.0000e+00   3.1914e+02
20260825_09:00:00   1.6336e-01   4.4397e+01   1.4354e+01   0.0000e+00   8.8680e-05   3.1937e+02
20260825_10:00:00   1.6541e-01   4.4862e+01   1.4648e+01   0.0000e+00   1.3505e-04   3.1898e+02
20260825_11:00:00   1.6729e-01   4.5273e+01   1.4945e+01   0.0000e+00   1.6670e-04   3.1970e+02
20260825_12:00:00   1.7030e-01   4.6039e+01   1.5343e+01   0.0000e+00   0.0000e+00   3.2041e+02
20260825_13:00:00   1.7176e-01   4.6481e+01   1.5632e+01   0.0000e+00   0.0000e+00   3.2113e+02
20260825_14:00:00   1.7228e-01   4.6673e+01   1.5897e+01   0.0000e+00   7.3160e-06   3.1972e+02
20260825_15:00:00   1.6455e-01   4.4924e+01   1.5314e+01   0.0000e+00   7.0640e-04   3.1737e+02
20260825_16:00:00   1.5235e-01   4.2069e+01   1.4229e+01   0.0000e+00   4.6660e-04   3.1538e+02
20260825_17:00:00   1.4621e-01   4.0625e+01   1.3792e+01   0.0000e+00   4.7400e-05   3.1217e+02
20260825_18:00:00   1.4973e-01   4.1490e+01   1.4487e+01   0.0000e+00   8.4280e-05   3.0988e+02
20260825_19:00:00   1.5323e-01   4.2335e+01   1.5089e+01   0.0000e+00   1.3916e-05   3.0800e+02
20260825_20:00:00   1.5785e-01   4.3458e+01   1.5712e+01   0.0000e+00   1.2684e-05   3.0448e+02
20260825_21:00:00   1.6485e-01   4.5124e+01   1.6554e+01   0.0000e+00   6.2760e-05   3.0207e+02
20260825_22:00:00   1.6840e-01   4.6012e+01   1.6787e+01   0.0000e+00   2.2044e-04   3.0249e+02
20260825_23:00:00   1.7730e-01   4.8094e+01   1.7508e+01   0.0000e+00   1.7284e-03   3.0381e+02
20260826_00:00:00   1.7871e-01   4.8293e+01   1.7550e+01   0.0000e+00   7.6180e-03   3.0509e+02
20260826_01:00:00   1.7571e-01   4.7518e+01   1.7322e+01   0.0000e+00   7.7374e-03   3.0551e+02
20260826_02:00:00   1.7269e-01   4.6746e+01   1.7083e+01   0.0000e+00   1.1785e-02   3.0589e+02
20260826_03:00:00   1.7090e-01   4.6257e+01   1.7100e+01   0.0000e+00   1.6037e-02   3.0701e+02
20260826_04:00:00   1.7118e-01   4.6325e+01   1.7042e+01   0.0000e+00   1.1867e-02   3.0575e+02
20260826_05:00:00   1.7210e-01   4.6552e+01   1.7094e+01   0.0000e+00   6.6653e-03   3.0658e+02
20260826_06:00:00   1.7326e-01   4.6778e+01   1.7335e+01   0.0000e+00   1.3867e-03   3.0859e+02
20260826_07:00:00   1.7140e-01   4.6325e+01   1.7212e+01   0.0000e+00   7.9524e-04   3.1098e+02
20260826_08:00:00   1.7171e-01   4.6377e+01   1.7414e+01   0.0000e+00   7.5800e-04   3.1098e+02
20260826_09:00:00   1.7882e-01   4.7992e+01   1.8443e+01   0.0000e+00   1.6798e-03   3.0909e+02
20260826_10:00:00   1.8922e-01   5.0406e+01   1.9745e+01   0.0000e+00   7.8041e-04   3.0910e+02
20260826_11:00:00   1.9905e-01   5.2704e+01   2.0891e+01   0.0000e+00   1.9360e-03   3.0988e+02
20260826_12:00:00   2.1155e-01   5.5610e+01   2.2270e+01   0.0000e+00   2.4695e-03   3.0991e+02
20260826_13:00:00   2.1991e-01   5.7622e+01   2.3303e+01   0.0000e+00   1.6606e-03   3.1021e+02
20260826_14:00:00   2.2619e-01   5.9137e+01   2.4017e+01   0.0000e+00   9.6234e-04   3.0986e+02
20260826_15:00:00   2.3479e-01   6.1145e+01   2.5087e+01   0.0000e+00   5.4222e-03   3.0996e+02
20260826_16:00:00   2.3914e-01   6.2197e+01   2.5727e+01   0.0000e+00   2.8762e-02   3.1006e+02
20260826_17:00:00   2.5138e-01   6.4904e+01   2.7167e+01   0.0000e+00   4.6135e-02   3.1025e+02
20260826_18:00:00   2.6542e-01   6.7986e+01   2.8283e+01   5.5540e-03   2.4183e-02   3.1012e+02
20260826_19:00:00   3.0508e-01   7.6280e+01   2.9640e+01   3.9760e-02   1.4877e-02   3.0789e+02
20260826_20:00:00   3.2458e-01   8.0294e+01   3.0822e+01   5.1700e-02   2.5686e-03   3.0645e+02
20260826_21:00:00   3.0498e-01   7.6456e+01   3.1223e+01   2.3160e-02   3.6416e-04   3.0699e+02
20260826_22:00:00   3.2809e-01   8.1246e+01   3.2003e+01   3.9380e-02   2.2414e-05   3.0742e+02
20260826_23:00:00   3.0595e-01   7.6797e+01   3.2221e+01   1.0762e-02   1.6140e-04   3.0783e+02
20260827_00:00:00   2.8966e-01   7.3365e+01   3.1204e+01   0.0000e+00   3.3858e-03   3.0736e+02
20260827_03:00:00   2.7695e-01   7.0519e+01   2.9747e+01   2.8800e-05   1.5367e-02   3.0491e+02
20260827_06:00:00   2.7482e-01   6.9925e+01   2.9929e+01   0.0000e+00   2.4158e-02   3.0378e+02
20260827_09:00:00   3.1649e-01   7.8496e+01   3.2338e+01   2.3880e-02   8.8266e-02   3.0151e+02
20260827_12:00:00   3.3737e-01   8.2581e+01   3.6124e+01   5.4490e-03   5.7868e-01   3.0526e+02
20260827_15:00:00   3.4572e-01   8.4346e+01   3.5876e+01   1.5429e-02   6.8282e-02   3.0611e+02
20260827_18:00:00   3.3380e-01   8.2692e+01   3.4936e+01   1.5179e-03   4.2958e-02   3.0743e+02
20260827_21:00:00   3.5214e-01   8.6232e+01   3.6958e+01   2.1335e-04   2.7844e-02   3.1000e+02
20260828_00:00:00   3.5662e-01   8.5983e+01   3.3068e+01   5.7905e-02   5.1850e-02   3.1184e+02
20260828_03:00:00   3.8195e-01   9.0628e+01   3.2724e+01   9.0052e-02   2.1698e-01   3.1276e+02
20260828_06:00:00   2.6911e-01   6.8630e+01   2.7889e+01   0.0000e+00   5.5673e-03   3.1200e+02
20260828_09:00:00   2.2966e-01   6.0137e+01   2.2097e+01   0.0000e+00   7.0000e-05   3.1342e+02
20260828_12:00:00   2.1564e-01   5.7043e+01   1.9372e+01   2.6840e-06   1.3372e-04   3.1484e+02
20260828_15:00:00   2.4240e-01   6.3281e+01   2.0627e+01   2.0900e-02   0.0000e+00   3.1567e+02
20260828_18:00:00   2.2023e-01   5.8302e+01   2.0498e+01   2.7879e-03   0.0000e+00   3.1897e+02
20260828_21:00:00   2.4346e-01   6.3552e+01   2.2142e+01   4.9459e-03   0.0000e+00   3.2026e+02
20260829_00:00:00   2.3590e-01   6.1670e+01   2.1720e+01   0.0000e+00   0.0000e+00   3.2014e+02
20260829_03:00:00   2.1586e-01   5.7022e+01   1.9698e+01   0.0000e+00   0.0000e+00   3.1969e+02
20260829_06:00:00   2.0525e-01   5.4520e+01   1.8698e+01   0.0000e+00   0.0000e+00   3.1978e+02
20260829_09:00:00   2.0531e-01   5.4424e+01   1.8844e+01   0.0000e+00   0.0000e+00   3.1738e+02
20260829_12:00:00   1.8364e-01   4.9430e+01   1.6645e+01   0.0000e+00   0.0000e+00   3.2075e+02
20260829_15:00:00   1.8752e-01   5.0429e+01   1.8007e+01   0.0000e+00   5.6255e-03   3.1924e+02
20260829_18:00:00   1.9883e-01   5.2952e+01   2.0543e+01   0.0000e+00   1.3801e-04   3.1725e+02
20260829_21:00:00   2.0673e-01   5.4868e+01   2.1549e+01   1.0436e-05   0.0000e+00   3.1758e+02
20260830_00:00:00   2.2529e-01   5.9002e+01   2.3108e+01   0.0000e+00   1.2210e-02   3.1442e+02
20260830_03:00:00   2.3094e-01   6.0082e+01   2.3715e+01   0.0000e+00   4.8711e-03   3.1682e+02
20260830_06:00:00   2.4497e-01   6.3190e+01   2.4461e+01   0.0000e+00   0.0000e+00   3.1511e+02
20260830_09:00:00   2.3059e-01   6.0103e+01   2.2206e+01   0.0000e+00   1.5098e-05   3.1723e+02
20260830_12:00:00   2.2206e-01   5.8289e+01   2.1113e+01   0.0000e+00   0.0000e+00   3.1792e+02
20260830_15:00:00   2.2168e-01   5.8561e+01   2.1266e+01   0.0000e+00   0.0000e+00   3.2000e+02
20260830_18:00:00   2.7569e-01   7.0454e+01   2.6039e+01   1.6157e-02   5.1100e-04   3.1907e+02
20260830_21:00:00   3.0769e-01   7.7194e+01   2.9269e+01   1.9584e-02   6.4420e-05   3.2022e+02
20260831_00:00:00   3.0206e-01   7.6030e+01   2.9607e+01   1.5174e-03   0.0000e+00   3.1759e+02
20260831_03:00:00   3.1438e-01   7.8465e+01   3.0102e+01   6.1760e-03   6.7919e-05   3.1440e+02
20260831_06:00:00   2.9267e-01   7.4005e+01   2.8267e+01   0.0000e+00   1.0964e-05   3.1130e+02
20260831_09:00:00   2.9236e-01   7.3906e+01   2.8326e+01   0.0000e+00   2.2330e-03   3.0651e+02
20260831_12:00:00   2.8882e-01   7.3226e+01   2.8230e+01   6.7061e-04   3.9505e-03   3.0531e+02
20260831_15:00:00   3.0538e-01   7.7034e+01   2.9263e+01   1.1796e-02   3.7720e-04   3.0295e+02
20260831_18:00:00   3.1730e-01   7.9622e+01   3.1447e+01   1.0354e-02   3.4610e-04   3.0099e+02
20260831_21:00:00   5.4763e-01   1.2110e+02   3.7874e+01   2.1160e-01   4.4165e-04   2.9978e+02
20260901_00:00:00   3.4793e-01   8.5617e+01   3.5934e+01   2.8187e-03   3.7230e-02   2.9651e+02
20260901_03:00:00   3.6267e-01   8.8389e+01   3.8173e+01   0.0000e+00   1.5109e-02   2.9590e+02
20260901_06:00:00   3.4707e-01   8.5202e+01   3.7264e+01   0.0000e+00   7.3447e-04   2.9577e+02
20260901_09:00:00   3.3888e-01   8.3587e+01   3.5584e+01   0.0000e+00   3.2561e-03   2.9630e+02
20260901_12:00:00   3.5578e-01   8.6935e+01   3.6764e+01   0.0000e+00   2.8607e-03   2.9477e+02
20260901_15:00:00   4.4805e-01   1.0404e+02   4.2108e+01   5.2424e-02   8.3118e-04   2.9322e+02
20260901_18:00:00   1.3498e+00   2.0658e+02   4.3471e+01   1.0723e+00   1.8125e-01   2.9438e+02
20260901_21:00:00   3.0387e-01   7.6461e+01   3.1995e+01   3.1866e-03   2.6072e-02   2.9930e+02
20260902_00:00:00   2.8153e-01   7.2067e+01   2.6701e+01   1.0562e-02   3.2461e-02   2.9891e+02
20260902_03:00:00   3.4348e-01   8.4858e+01   2.9457e+01   5.4319e-02   1.8328e-02   3.0508e+02
20260902_06:00:00   3.4710e-01   8.5478e+01   3.0087e+01   5.2080e-02   2.3882e-03   3.1280e+02
20260902_09:00:00   3.2235e-01   8.0350e+01   3.0512e+01   1.1738e-02   0.0000e+00   2.9869e+02
20260902_12:00:00   3.1501e-01   7.8910e+01   3.0344e+01   2.6320e-03   0.0000e+00   3.0027e+02
20260902_15:00:00   3.9238e-01   9.4611e+01   3.0308e+01   9.7984e-02   0.0000e+00   2.9834e+02
20260902_18:00:00   2.9803e-01   7.5736e+01   3.0100e+01   6.2326e-04   0.0000e+00   2.9726e+02
20260902_21:00:00   2.7773e-01   7.1443e+01   2.8082e+01   0.0000e+00   0.0000e+00   2.9778e+02
20260903_00:00:00   2.8984e-01   7.3794e+01   2.9272e+01   0.0000e+00   0.0000e+00   2.9852e+02
20260903_03:00:00   2.6789e-01   6.8965e+01   2.6596e+01   0.0000e+00   0.0000e+00   3.0307e+02
20260903_06:00:00   2.6944e-01   6.9201e+01   2.6759e+01   8.3660e-05   0.0000e+00   3.0474e+02
20260903_09:00:00   2.7261e-01   6.9673e+01   2.7581e+01   0.0000e+00   0.0000e+00   3.1124e+02
20260903_12:00:00   2.7092e-01   6.9354e+01   2.7281e+01   0.0000e+00   2.7240e-05   3.1145e+02
20260903_15:00:00   2.7668e-01   7.0882e+01   2.8176e+01   0.0000e+00   0.0000e+00   3.1229e+02
20260903_18:00:00   5.5941e-01   1.2263e+02   3.0264e+01   3.1157e-01   0.0000e+00   3.1088e+02
20260903_21:00:00   4.0387e-01   9.6212e+01   2.9547e+01   1.3229e-01   3.8400e-06   3.0865e+02
20260904_00:00:00   2.9947e-01   7.5735e+01   2.9723e+01   1.2972e-03   0.0000e+00   3.0606e+02
20260904_03:00:00   2.9337e-01   7.4395e+01   2.8210e+01   0.0000e+00   0.0000e+00   3.0517e+02
20260904_06:00:00   2.8716e-01   7.3053e+01   2.7710e+01   0.0000e+00   0.0000e+00   3.0281e+02
20260904_09:00:00   2.9286e-01   7.4135e+01   2.8553e+01   0.0000e+00   5.8560e-05   3.0456e+02
20260904_12:00:00   2.9966e-01   7.5622e+01   2.9505e+01   0.0000e+00   1.7858e-03   3.0955e+02
20260904_15:00:00   3.2390e-01   8.0788e+01   3.2658e+01   0.0000e+00   1.7138e-02   3.1120e+02
20260904_18:00:00   3.5291e-01   8.6494e+01   3.6142e+01   2.9501e-03   3.8608e-02   3.0979e+02
20260904_21:00:00   3.6121e-01   8.8080e+01   3.7570e+01   9.1620e-04   2.0857e-01   3.1314e+02
20260905_00:00:00   3.4815e-01   8.5245e+01   3.6887e+01   0.0000e+00   1.8759e-01   3.1438e+02
20260905_03:00:00   3.4209e-01   8.4080e+01   3.5302e+01   0.0000e+00   8.3699e-02   3.1740e+02
20260905_06:00:00   3.3278e-01   8.2176e+01   3.3923e+01   0.0000e+00   3.4216e-02   3.1681e+02
20260905_09:00:00   3.1123e-01   7.7920e+01   3.1100e+01   0.0000e+00   3.1585e-03   3.1872e+02
20260905_12:00:00   3.1244e-01   7.8217e+01   3.0289e+01   0.0000e+00   0.0000e+00   3.1835e+02
20260905_15:00:00   3.2380e-01   8.0803e+01   3.1420e+01   2.5603e-03   1.0883e-04   3.1493e+02
20260905_18:00:00   3.4061e-01   8.4155e+01   3.4118e+01   1.5752e-04   2.9325e-03   3.1483e+02
20260905_21:00:00   3.3974e-01   8.3942e+01   3.4322e+01   1.4486e-03   4.0427e-03   3.0764e+02
20260906_00:00:00   3.1978e-01   7.9724e+01   3.1811e+01   0.0000e+00   1.7394e-06   3.0405e+02
20260906_03:00:00   3.8341e-01   9.2609e+01   2.8822e+01   9.9910e-02   3.1899e-04   3.0747e+02
20260906_06:00:00   2.9337e-01   7.4077e+01   2.7637e+01   1.5522e-03   1.6670e-03   3.0540e+02
20260906_09:00:00   4.0649e-01   9.5964e+01   2.7003e+01   1.4288e-01   2.6822e-04   3.0878e+02
20260906_12:00:00   3.5154e-01   8.5446e+01   2.5260e+01   1.0157e-01   9.9205e-05   3.0760e+02
20260906_15:00:00   2.5451e-01   6.5738e+01   2.4202e+01   3.2104e-03   0.0000e+00   3.0680e+02
20260906_18:00:00   4.3337e-01   1.0150e+02   2.5061e+01   2.1106e-01   0.0000e+00   3.0354e+02
20260906_21:00:00   3.5499e-01   8.6406e+01   2.5093e+01   1.1439e-01   0.0000e+00   3.0281e+02
20260907_00:00:00   2.3333e-01   6.0981e+01   2.2412e+01   0.0000e+00   0.0000e+00   3.0490e+02
