#            date       tau255        Tb[K]      pwv[mm] lwp[kg*m^-2] iwp[kg*m^-2]       o3[DU]
20260901_18:00:00   3.6490e-01   8.9592e+01   3.9812e+01   0.0000e+00   0.0000e+00   2.8999e+02
20260901_19:00:00   3.6226e-01   8.9130e+01   3.9850e+01   0.0000e+00   0.0000e+00   2.8935e+02
20260901_20:00:00   3.5678e-01   8.8166e+01   3.8960e+01   0.0000e+00   0.0000e+00   2.8876e+02
20260901_21:00:00   3.5776e-01   8.8430e+01   3.8650e+01   0.0000e+00   0.0000e+00   2.8787e+02
20260901_22:00:00   3.6443e-01   8.9805e+01   3.8939e+01   0.0000e+00   0.0000e+00   2.8757e+02
20260901_23:00:00   3.7548e-01   9.1913e+01   3.9796e+01   0.0000e+00   0.0000e+00   2.8892e+02
20260902_00:00:00   3.7591e-01   9.1861e+01   3.9732e+01   0.0000e+00   5.3700e-06   2.8853e+02
20260902_01:00:00   3.6787e-01   9.0301e+01   3.8705e+01   0.0000e+00   2.2395e-03   2.8771e+02
20260902_02:00:00   3.6365e-01   8.9408e+01   3.8700e+01   0.0000e+00   3.0186e-03   2.8759e+02
20260902_03:00:00   3.6844e-01   9.0190e+01   3.9751e+01   0.0000e+00   2.6985e-03   2.8727e+02
20260902_04:00:00   3.6847e-01   9.0174e+01   3.9732e+01   0.0000e+00   2.3240e-03   2.8635e+02
20260902_05:00:00   3.6728e-01   8.9936e+01   3.9352e+01   0.0000e+00   2.2940e-03   2.8422e+02
20260902_06:00:00   3.6324e-01   8.9110e+01   3.8700e+01   0.0000e+00   1.4632e-03   2.8392e+02
20260902_07:00:00   3.5418e-01   8.7292e+01   3.7720e+01   0.0000e+00   8.3760e-05   2.8344e+02
20260902_08:00:00   3.5491e-01   8.7398e+01   3.7670e+01   0.0000e+00   0.0000e+00   2.8350e+02
20260902_09:00:00   3.5166e-01   8.6707e+01   3.7351e+01   0.0000e+00   0.0000e+00   2.8477e+02
20260902_10:00:00   3.4820e-01   8.6007e+01   3.7087e+01   0.0000e+00   0.0000e+00   2.8606e+02
20260902_11:00:00   3.4322e-01   8.5056e+01   3.6383e+01   0.0000e+00   0.0000e+00   2.8716e+02
20260902_12:00:00   3.4369e-01   8.5211e+01   3.6613e+01   0.0000e+00   0.0000e+00   2.8802e+02
20260902_13:00:00   3.4613e-01   8.5856e+01   3.6837e+01   0.0000e+00   0.0000e+00   2.8802e+02
20260902_14:00:00   3.4196e-01   8.5153e+01   3.6536e+01   0.0000e+00   0.0000e+00   2.8881e+02
20260902_15:00:00   3.4379e-01   8.5668e+01   3.6509e+01   0.0000e+00   0.0000e+00   2.8990e+02
20260902_16:00:00   3.4017e-01   8.5105e+01   3.5798e+01   0.0000e+00   0.0000e+00   2.8936e+02
20260902_17:00:00   3.4389e-01   8.5971e+01   3.5396e+01   5.0881e-03   0.0000e+00   2.8968e+02
20260902_18:00:00   3.9747e-01   9.6462e+01   3.4425e+01   7.9928e-02   0.0000e+00   2.8952e+02
20260902_19:00:00   3.7976e-01   9.3199e+01   3.4010e+01   6.4196e-02   0.0000e+00   2.8946e+02
20260902_20:00:00   3.7043e-01   9.1370e+01   3.5529e+01   3.7845e-02   0.0000e+00   2.9022e+02
20260902_21:00:00   3.6975e-01   9.1283e+01   3.6690e+01   2.4084e-02   0.0000e+00   2.9207e+02
20260902_22:00:00   4.1122e-01   9.9170e+01   3.7967e+01   6.0081e-02   0.0000e+00   2.9445e+02
20260902_23:00:00   4.0944e-01   9.8801e+01   3.8681e+01   4.8372e-02   0.0000e+00   2.9476e+02
20260903_00:00:00   3.8605e-01   9.4215e+01   3.8713e+01   1.6980e-02   0.0000e+00   2.9347e+02
20260903_01:00:00   3.8179e-01   9.3316e+01   3.6996e+01   3.3662e-02   0.0000e+00   2.9188e+02
20260903_02:00:00   3.3341e-01   8.3695e+01   3.5109e+01   0.0000e+00   0.0000e+00   2.9146e+02
20260903_03:00:00   3.2176e-01   8.1255e+01   3.3830e+01   0.0000e+00   0.0000e+00   2.9301e+02
20260903_04:00:00   3.1932e-01   8.0652e+01   3.3671e+01   0.0000e+00   0.0000e+00   2.9225e+02
20260903_05:00:00   3.0560e-01   7.7739e+01   3.2447e+01   0.0000e+00   7.4840e-05   2.9270e+02
20260903_06:00:00   2.8987e-01   7.4342e+01   3.0933e+01   0.0000e+00   0.0000e+00   2.9184e+02
20260903_07:00:00   2.9670e-01   7.5798e+01   3.1493e+01   0.0000e+00   0.0000e+00   2.9091e+02
20260903_08:00:00   3.0216e-01   7.6953e+01   3.2148e+01   0.0000e+00   0.0000e+00   2.9038e+02
20260903_09:00:00   2.9964e-01   7.6345e+01   3.2374e+01   0.0000e+00   0.0000e+00   2.8988e+02
20260903_10:00:00   2.9871e-01   7.6137e+01   3.2201e+01   0.0000e+00   0.0000e+00   2.8863e+02
20260903_11:00:00   2.9877e-01   7.6232e+01   3.1670e+01   0.0000e+00   0.0000e+00   2.8822e+02
20260903_12:00:00   2.9457e-01   7.5461e+01   3.1035e+01   0.0000e+00   0.0000e+00   2.8904e+02
20260903_13:00:00   2.9034e-01   7.4753e+01   3.0632e+01   0.0000e+00   0.0000e+00   2.8870e+02
20260903_14:00:00   2.8500e-01   7.3749e+01   3.0075e+01   0.0000e+00   0.0000e+00   2.8687e+02
20260903_15:00:00   3.0077e-01   7.7106e+01   3.1954e+01   0.0000e+00   0.0000e+00   2.8645e+02
20260903_16:00:00   3.1649e-01   8.0390e+01   3.3690e+01   0.0000e+00   9.6000e-06   2.8542e+02
20260903_17:00:00   3.2618e-01   8.2372e+01   3.4875e+01   0.0000e+00   0.0000e+00   2.8511e+02
20260903_18:00:00   3.2668e-01   8.2474e+01   3.5120e+01   1.0560e-04   7.1080e-04   2.8461e+02
20260903_19:00:00   3.2495e-01   8.2128e+01   3.5155e+01   1.1480e-04   1.4400e-05   2.8437e+02
20260903_20:00:00   3.2709e-01   8.2545e+01   3.5435e+01   2.3880e-03   0.0000e+00   2.8388e+02
20260903_21:00:00   3.3214e-01   8.3631e+01   3.4531e+01   1.6340e-02   0.0000e+00   2.8373e+02
20260903_22:00:00   3.7531e-01   9.2268e+01   3.4917e+01   5.7440e-02   0.0000e+00   2.8404e+02
20260903_23:00:00   4.5933e-01   1.0779e+02   3.5301e+01   1.5128e-01   0.0000e+00   2.8270e+02
20260904_00:00:00   3.6333e-01   8.9769e+01   3.4791e+01   4.2660e-02   2.6085e-03   2.8318e+02
20260904_01:00:00   3.0042e-01   7.6970e+01   3.2473e+01   0.0000e+00   1.8809e-02   2.8437e+02
20260904_02:00:00   3.2678e-01   8.2117e+01   3.5820e+01   0.0000e+00   3.1326e-02   2.8469e+02
20260904_03:00:00   3.3961e-01   8.4648e+01   3.7210e+01   1.5566e-05   4.7455e-02   2.8296e+02
20260904_04:00:00   3.3124e-01   8.2885e+01   3.6517e+01   0.0000e+00   4.4263e-02   2.8248e+02
20260904_05:00:00   3.3777e-01   8.4070e+01   3.7273e+01   0.0000e+00   8.7777e-03   2.8207e+02
20260904_06:00:00   3.3185e-01   8.2750e+01   3.6161e+01   1.9504e-03   2.8986e-04   2.8141e+02
20260904_07:00:00   3.4655e-01   8.5551e+01   3.7194e+01   6.2896e-03   8.0540e-06   2.8079e+02
20260904_08:00:00   3.2586e-01   8.1545e+01   3.5238e+01   0.0000e+00   1.1053e-03   2.8252e+02
20260904_09:00:00   3.1521e-01   7.9399e+01   3.3591e+01   0.0000e+00   0.0000e+00   2.8395e+02
20260904_10:00:00   3.1277e-01   7.8853e+01   3.3413e+01   0.0000e+00   0.0000e+00   2.8404e+02
20260904_11:00:00   2.9949e-01   7.6205e+01   3.1471e+01   0.0000e+00   0.0000e+00   2.8397e+02
20260904_12:00:00   2.9138e-01   7.4645e+01   3.0177e+01   0.0000e+00   0.0000e+00   2.8498e+02
20260904_13:00:00   2.9973e-01   7.6569e+01   3.0989e+01   0.0000e+00   0.0000e+00   2.8461e+02
20260904_14:00:00   3.1720e-01   8.0182e+01   3.3294e+01   0.0000e+00   0.0000e+00   2.8650e+02
20260904_15:00:00   3.1665e-01   8.0059e+01   3.4071e+01   0.0000e+00   0.0000e+00   2.9289e+02
20260904_16:00:00   3.1720e-01   8.0212e+01   3.4192e+01   0.0000e+00   0.0000e+00   2.9375e+02
20260904_17:00:00   3.1258e-01   7.9366e+01   3.3584e+01   0.0000e+00   0.0000e+00   2.9437e+02
20260904_18:00:00   3.2838e-01   8.2598e+01   3.4801e+01   1.0210e-03   0.0000e+00   2.9523e+02
20260904_19:00:00   4.0024e-01   9.6689e+01   3.6829e+01   5.8278e-02   5.5621e-03   2.9452e+02
20260904_20:00:00   4.0277e-01   9.7165e+01   3.8993e+01   3.2705e-02   3.9649e-02   2.9641e+02
20260904_21:00:00   3.6883e-01   9.0498e+01   3.8975e+01   0.0000e+00   8.9324e-02   2.9837e+02
20260904_22:00:00   3.5595e-01   8.7704e+01   3.7692e+01   0.0000e+00   4.3172e-01   2.9620e+02
20260904_23:00:00   3.3098e-01   8.2295e+01   3.6522e+01   2.6840e-06   2.8665e-01   2.9616e+02
20260905_00:00:00   3.3335e-01   8.2877e+01   3.6301e+01   0.0000e+00   7.3995e-02   2.9758e+02
20260905_01:00:00   3.3685e-01   8.3618e+01   3.5473e+01   0.0000e+00   6.3527e-03   2.9891e+02
20260905_02:00:00   3.3394e-01   8.3093e+01   3.4608e+01   0.0000e+00   1.6118e-03   3.0259e+02
20260905_03:00:00   3.3086e-01   8.2451e+01   3.3891e+01   0.0000e+00   1.1406e-02   3.0350e+02
20260905_04:00:00   3.2107e-01   8.0472e+01   3.2661e+01   0.0000e+00   6.6306e-02   3.0336e+02
20260905_05:00:00   3.3039e-01   8.2316e+01   3.2669e+01   6.2520e-03   5.3996e-02   3.0530e+02
20260905_06:00:00   3.6601e-01   8.9599e+01   3.1884e+01   5.8360e-02   1.5776e-02   3.0804e+02
20260905_07:00:00   4.0490e-01   9.7214e+01   3.1210e+01   1.1386e-01   8.3316e-03   3.1040e+02
20260905_08:00:00   3.2986e-01   8.2311e+01   2.9236e+01   4.0280e-02   1.2578e-02   3.1118e+02
20260905_09:00:00   3.1881e-01   8.0054e+01   2.7552e+01   4.7140e-02   1.0930e-02   3.1174e+02
20260905_10:00:00   2.8269e-01   7.2369e+01   2.6123e+01   1.8418e-02   5.7266e-03   3.1219e+02
20260905_11:00:00   2.6020e-01   6.7417e+01   2.4800e+01   4.8800e-03   4.4561e-03   3.1240e+02
20260905_12:00:00   2.5071e-01   6.5319e+01   2.3996e+01   2.5620e-03   3.9915e-03   3.1188e+02
20260905_13:00:00   2.6821e-01   6.9240e+01   2.3566e+01   3.2020e-02   2.3160e-03   3.1198e+02
20260905_14:00:00   2.5985e-01   6.7444e+01   2.2864e+01   3.3540e-02   2.2222e-03   3.1249e+02
20260905_15:00:00   2.2209e-01   5.8953e+01   2.1873e+01   3.5280e-03   1.1114e-03   3.1176e+02
20260905_16:00:00   2.0030e-01   5.3908e+01   2.0300e+01   0.0000e+00   7.9826e-04   3.1052e+02
20260905_17:00:00   1.8263e-01   4.9703e+01   1.8708e+01   0.0000e+00   8.3860e-04   3.1037e+02
20260905_18:00:00   1.6968e-01   4.6549e+01   1.7584e+01   0.0000e+00   6.1965e-03   3.0989e+02
20260905_19:00:00   1.6280e-01   4.4818e+01   1.7062e+01   0.0000e+00   3.5187e-02   3.0913e+02
20260905_20:00:00   1.6641e-01   4.5601e+01   1.7515e+01   0.0000e+00   9.7556e-02   3.0926e+02
20260905_21:00:00   1.7063e-01   4.6547e+01   1.7822e+01   0.0000e+00   1.5332e-01   3.1103e+02
20260905_22:00:00   1.6306e-01   4.4756e+01   1.6479e+01   0.0000e+00   1.0207e-01   3.0968e+02
20260905_23:00:00   1.5801e-01   4.3541e+01   1.5423e+01   0.0000e+00   9.2943e-02   3.1050e+02
20260906_00:00:00   1.5677e-01   4.3227e+01   1.4837e+01   0.0000e+00   2.2700e-04   3.1055e+02
20260906_01:00:00   1.4816e-01   4.1113e+01   1.3478e+01   0.0000e+00   1.1177e-04   3.1195e+02
20260906_02:00:00   1.3990e-01   3.9129e+01   1.2083e+01   0.0000e+00   0.0000e+00   3.1262e+02
20260906_03:00:00   1.4135e-01   3.9438e+01   1.2041e+01   0.0000e+00   4.0659e-05   3.1310e+02
20260906_04:00:00   1.4503e-01   4.0312e+01   1.2468e+01   0.0000e+00   2.2735e-05   3.1145e+02
20260906_05:00:00   1.4957e-01   4.1385e+01   1.2929e+01   0.0000e+00   1.2110e-03   3.1089e+02
20260906_06:00:00   1.5643e-01   4.3041e+01   1.3507e+01   0.0000e+00   5.0092e-04   3.1061e+02
20260906_07:00:00   1.6336e-01   4.4699e+01   1.3993e+01   0.0000e+00   0.0000e+00   3.1256e+02
20260906_08:00:00   1.6360e-01   4.4737e+01   1.3787e+01   0.0000e+00   0.0000e+00   3.1211e+02
20260906_09:00:00   1.6175e-01   4.4287e+01   1.3461e+01   0.0000e+00   0.0000e+00   3.1133e+02
20260906_10:00:00   1.5313e-01   4.2222e+01   1.2466e+01   0.0000e+00   0.0000e+00   3.1000e+02
20260906_11:00:00   1.4821e-01   4.1031e+01   1.1922e+01   0.0000e+00   0.0000e+00   3.0920e+02
20260906_12:00:00   1.4743e-01   4.0894e+01   1.1859e+01   0.0000e+00   0.0000e+00   3.0721e+02
20260906_13:00:00   1.4771e-01   4.1074e+01   1.2011e+01   0.0000e+00   0.0000e+00   3.0781e+02
20260906_14:00:00   1.5197e-01   4.2172e+01   1.2556e+01   0.0000e+00   0.0000e+00   3.0709e+02
20260906_15:00:00   1.5890e-01   4.3907e+01   1.3508e+01   0.0000e+00   0.0000e+00   3.0677e+02
20260906_16:00:00   1.5701e-01   4.3536e+01   1.3571e+01   0.0000e+00   0.0000e+00   3.0648e+02
20260906_17:00:00   1.6996e-01   4.6658e+01   1.5517e+01   0.0000e+00   0.0000e+00   3.0563e+02
20260906_18:00:00   1.7468e-01   4.7831e+01   1.6171e+01   0.0000e+00   0.0000e+00   3.0320e+02
20260906_21:00:00   1.9808e-01   5.3303e+01   1.9204e+01   0.0000e+00   1.4584e-03   3.0167e+02
20260907_00:00:00   1.9453e-01   5.2351e+01   1.8121e+01   0.0000e+00   1.0794e-04   3.0147e+02
20260907_03:00:00   1.7883e-01   4.8474e+01   1.5855e+01   0.0000e+00   7.5140e-05   3.0212e+02
20260907_06:00:00   1.7676e-01   4.7789e+01   1.6251e+01   0.0000e+00   2.4895e-03   3.0510e+02
20260907_09:00:00   1.8323e-01   4.9046e+01   1.7728e+01   0.0000e+00   1.1027e-02   3.0680e+02
20260907_12:00:00   1.8893e-01   5.0437e+01   1.8571e+01   0.0000e+00   9.1384e-03   3.1085e+02
20260907_15:00:00   2.1513e-01   5.6829e+01   2.1187e+01   0.0000e+00   8.1640e-03   3.1609e+02
20260907_18:00:00   2.8630e-01   7.2754e+01   2.6117e+01   3.3697e-02   4.6340e-05   3.1331e+02
20260907_21:00:00   4.8984e-01   1.1111e+02   2.9435e+01   2.3280e-01   0.0000e+00   3.0724e+02
20260908_00:00:00   4.2006e-01   9.8797e+01   3.0552e+01   1.3978e-01   5.7283e-03   3.0535e+02
20260908_03:00:00   2.8246e-01   7.1878e+01   2.8245e+01   0.0000e+00   9.3607e-03   3.0710e+02
20260908_06:00:00   2.7718e-01   7.0712e+01   2.7770e+01   0.0000e+00   1.0981e-02   3.0347e+02
20260908_09:00:00   2.6772e-01   6.8647e+01   2.7008e+01   0.0000e+00   1.2988e-03   3.0640e+02
20260908_12:00:00   2.5674e-01   6.6311e+01   2.5863e+01   0.0000e+00   4.4890e-03   3.0753e+02
20260908_15:00:00   2.7532e-01   7.0415e+01   2.9201e+01   0.0000e+00   2.0028e-02   3.0526e+02
20260908_18:00:00   5.8223e-01   1.2441e+02   3.6623e+01   2.8421e-01   4.0437e-02   3.0404e+02
20260908_21:00:00   5.7086e-01   1.2299e+02   3.9905e+01   2.3211e-01   5.7620e-01   3.0082e+02
20260909_00:00:00   8.3497e-01   1.5835e+02   4.1281e+01   5.0789e-01   2.7616e-01   3.0071e+02
20260909_03:00:00   1.0916e+00   1.8597e+02   4.1066e+01   8.0475e-01   2.5367e-02   3.0233e+02
20260909_06:00:00   1.5788e+00   2.2308e+02   4.3558e+01   1.3506e+00   4.7925e-02   3.0046e+02
20260909_09:00:00   1.7201e+00   2.3116e+02   4.4477e+01   1.5152e+00   2.4064e-01   2.9842e+02
20260909_12:00:00   9.7136e-01   1.7719e+02   4.2252e+01   6.8356e-01   4.3441e-03   3.0116e+02
20260909_15:00:00   9.9686e-01   1.8127e+02   4.1443e+01   7.4167e-01   5.9140e-03   2.9732e+02
20260909_18:00:00   1.0705e+00   1.8942e+02   4.1187e+01   8.4562e-01   7.7983e-03   2.9402e+02
20260909_21:00:00   1.0730e+00   1.9032e+02   4.2277e+01   8.4940e-01   3.2273e-03   2.9223e+02
20260910_00:00:00   8.6364e-01   1.6736e+02   4.3718e+01   5.5459e-01   3.3991e-03   2.8914e+02
20260910_03:00:00   4.6886e-01   1.0888e+02   4.2756e+01   7.0177e-02   3.6856e-02   2.8820e+02
20260910_06:00:00   4.2486e-01   1.0081e+02   4.3974e+01   8.8318e-03   9.9317e-03   2.8539e+02
20260910_09:00:00   4.4594e-01   1.0470e+02   4.4753e+01   3.4381e-02   9.1725e-03   2.8338e+02
20260910_12:00:00   4.2303e-01   1.0054e+02   4.3377e+01   1.5220e-02   5.1360e-03   2.8477e+02
20260910_15:00:00   4.1593e-01   9.9323e+01   4.2254e+01   2.1394e-02   2.5806e-03   2.8390e+02
20260910_18:00:00   5.9654e-01   1.3087e+02   4.2891e+01   2.2529e-01   2.2441e-03   2.8508e+02
20260910_21:00:00   8.5785e-01   1.6645e+02   3.7649e+01   6.0344e-01   2.1037e-04   2.8876e+02
20260911_00:00:00   2.9392e-01   7.4649e+01   2.4280e+01   4.8640e-02   0.0000e+00   2.8777e+02
20260911_03:00:00   1.9856e-01   5.2945e+01   1.9289e+01   4.9440e-04   8.5042e-04   2.8825e+02
20260911_06:00:00   2.7099e-01   6.8881e+01   1.9070e+01   9.0116e-02   3.5671e-03   2.8744e+02
20260911_09:00:00   2.4919e-01   6.4029e+01   1.9803e+01   6.7038e-02   1.8066e-03   2.9060e+02
20260911_12:00:00   2.7638e-01   6.9790e+01   2.2687e+01   7.9653e-02   3.1614e-03   2.9343e+02
20260911_15:00:00   2.5437e-01   6.4931e+01   2.8217e+01   7.2660e-03   6.5372e-03   2.9448e+02
20260911_18:00:00   2.5579e-01   6.5150e+01   2.9003e+01   0.0000e+00   1.0801e-02   2.9541e+02
20260911_21:00:00   3.2312e-01   7.8894e+01   3.3068e+01   3.6694e-02   2.3180e-01   2.9335e+02
20260912_00:00:00   3.4183e-01   8.2613e+01   3.5993e+01   2.2342e-02   1.4090e-01   2.9109e+02
20260912_03:00:00   3.7462e-01   8.8997e+01   3.5312e+01   6.3405e-02   2.5460e-02   2.8728e+02
20260912_06:00:00   3.1822e-01   7.8016e+01   3.3524e+01   1.0971e-02   3.6651e-02   2.8769e+02
20260912_09:00:00   3.5187e-01   8.4703e+01   3.4613e+01   3.3141e-02   3.8084e-02   2.8768e+02
20260912_12:00:00   3.8217e-01   9.0892e+01   3.5193e+01   6.5016e-02   2.7520e-03   2.8935e+02
20260912_15:00:00   3.5161e-01   8.5039e+01   3.6759e+01   2.2290e-02   1.2693e-02   2.8673e+02
20260912_18:00:00   8.4973e-01   1.5994e+02   4.0070e+01   5.5403e-01   4.2651e-01   2.8365e+02
20260912_21:00:00   8.3150e-01   1.6026e+02   4.1420e+01   5.3103e-01   3.7060e-01   2.8528e+02
20260913_00:00:00   1.0768e+00   1.8808e+02   3.5380e+01   8.9053e-01   4.8237e-02   2.8691e+02
20260913_03:00:00   1.0343e+00   1.8413e+02   2.5896e+01   9.1768e-01   1.3916e-05   2.8888e+02
20260913_06:00:00   7.6040e-01   1.5253e+02   2.1295e+01   6.3589e-01   0.0000e+00   2.9393e+02
20260913_09:00:00   4.3312e-01   1.0148e+02   2.0183e+01   2.5321e-01   0.0000e+00   2.9579e+02
20260913_12:00:00   2.6184e-01   6.7026e+01   1.7514e+01   7.5820e-02   0.0000e+00   3.0170e+02
20260913_15:00:00   2.9052e-01   7.3032e+01   1.6790e+01   1.2245e-01   0.0000e+00   3.0493e+02
20260913_18:00:00   1.9215e-01   5.1383e+01   1.4272e+01   2.7136e-02   0.0000e+00   3.0507e+02
20260913_21:00:00   1.6872e-01   4.6053e+01   1.4457e+01   1.7360e-03   0.0000e+00   3.0048e+02
20260914_00:00:00   1.5830e-01   4.3410e+01   1.2836e+01   0.0000e+00   0.0000e+00   3.0071e+02
20260914_03:00:00   1.7102e-01   4.6318e+01   1.2712e+01   1.9274e-02   0.0000e+00   3.0036e+02
20260914_06:00:00   1.5967e-01   4.3552e+01   1.3545e+01   4.0720e-03   4.5697e-03   3.0008e+02
20260914_09:00:00   1.4621e-01   4.0180e+01   1.2679e+01   0.0000e+00   7.8852e-04   2.9753e+02
20260914_12:00:00   1.3712e-01   3.7996e+01   1.1952e+01   0.0000e+00   2.7384e-02   2.9982e+02
20260914_15:00:00   1.2807e-01   3.5965e+01   1.1187e+01   0.0000e+00   6.7780e-03   3.0189e+02
20260914_18:00:00   1.3149e-01   3.6934e+01   1.2090e+01   0.0000e+00   1.2311e-02   3.0219e+02
20260914_21:00:00   1.4600e-01   4.0369e+01   1.4195e+01   0.0000e+00   3.1985e-02   3.0138e+02
20260915_00:00:00   1.3245e-01   3.7167e+01   1.0826e+01   0.0000e+00   3.7615e-02   3.0847e+02
20260915_03:00:00   1.2713e-01   3.5717e+01   1.0243e+01   0.0000e+00   8.7200e-04   3.2458e+02
20260915_06:00:00   1.3621e-01   3.7812e+01   1.1964e+01   0.0000e+00   3.4180e-05   3.2454e+02
20260915_09:00:00   1.7682e-01   4.7257e+01   1.8177e+01   0.0000e+00   1.1572e-02   3.2458e+02
20260915_12:00:00   1.9704e-01   5.2060e+01   2.0008e+01   0.0000e+00   0.0000e+00   3.2577e+02
20260915_15:00:00   2.1302e-01   5.6041e+01   2.1776e+01   0.0000e+00   0.0000e+00   3.1681e+02
20260915_18:00:00   2.1232e-01   5.6065e+01   2.1980e+01   0.0000e+00   0.0000e+00   3.0716e+02
20260915_21:00:00   2.2872e-01   5.9881e+01   2.3503e+01   4.1080e-05   0.0000e+00   3.0282e+02
20260916_00:00:00   2.1154e-01   5.5983e+01   2.1510e+01   0.0000e+00   0.0000e+00   3.0100e+02
20260916_03:00:00   1.9763e-01   5.2583e+01   1.9883e+01   0.0000e+00   0.0000e+00   2.9901e+02
20260916_06:00:00   1.7864e-01   4.8116e+01   1.7729e+01   0.0000e+00   0.0000e+00   2.9936e+02
20260916_09:00:00   1.5120e-01   4.1658e+01   1.3949e+01   0.0000e+00   0.0000e+00   3.0092e+02
20260916_12:00:00   1.3803e-01   3.8507e+01   1.2381e+01   0.0000e+00   0.0000e+00   3.0063e+02
20260916_15:00:00   1.3342e-01   3.7576e+01   1.2111e+01   0.0000e+00   0.0000e+00   3.0056e+02
20260916_18:00:00   1.4436e-01   4.0477e+01   1.3701e+01   0.0000e+00   0.0000e+00   2.9767e+02
20260916_21:00:00   1.5833e-01   4.4032e+01   1.5116e+01   0.0000e+00   0.0000e+00   2.9654e+02
20260917_00:00:00   1.6538e-01   4.5562e+01   1.5507e+01   0.0000e+00   0.0000e+00   2.9683e+02
20260917_03:00:00   1.6436e-01   4.5122e+01   1.6183e+01   0.0000e+00   0.0000e+00   2.9506e+02
20260917_06:00:00   1.7166e-01   4.6849e+01   1.7207e+01   0.0000e+00   0.0000e+00   2.9420e+02
20260917_09:00:00   1.8576e-01   5.0137e+01   1.8973e+01   0.0000e+00   0.0000e+00   2.9703e+02
20260917_12:00:00   2.2496e-01   5.9176e+01   2.3076e+01   0.0000e+00   0.0000e+00   2.9664e+02
20260917_15:00:00   2.4374e-01   6.3614e+01   2.4681e+01   0.0000e+00   0.0000e+00   2.9656e+02
20260917_18:00:00   2.3743e-01   6.2357e+01   2.4003e+01   0.0000e+00   0.0000e+00   2.9812e+02
