#            date       tau255        Tb[K]      pwv[mm] lwp[kg*m^-2] iwp[kg*m^-2]       o3[DU]
20260813_00:00:00   2.9155e-01   7.3729e+01   3.1521e+01   0.0000e+00   3.4421e-02   3.0816e+02
20260813_01:00:00   2.9782e-01   7.4908e+01   3.2377e+01   0.0000e+00   7.3682e-03   3.0834e+02
20260813_02:00:00   3.2246e-01   7.9680e+01   3.5377e+01   0.0000e+00   8.8340e-03   3.0991e+02
20260813_03:00:00   3.3878e-01   8.2790e+01   3.6806e+01   0.0000e+00   2.1308e-02   3.1331e+02
20260813_04:00:00   3.3770e-01   8.2666e+01   3.6191e+01   2.8800e-05   2.6040e-03   3.1458e+02
20260813_05:00:00   3.1884e-01   7.9077e+01   3.3174e+01   0.0000e+00   2.4020e-03   3.1687e+02
20260813_06:00:00   3.0416e-01   7.6198e+01   3.0883e+01   0.0000e+00   1.8960e-03   3.1905e+02
20260813_07:00:00   2.9610e-01   7.4585e+01   2.9670e+01   0.0000e+00   4.9440e-04   3.1726e+02
20260813_08:00:00   2.8181e-01   7.1630e+01   2.8074e+01   0.0000e+00   3.8920e-06   3.1687e+02
20260813_09:00:00   2.6392e-01   6.7882e+01   2.6341e+01   0.0000e+00   0.0000e+00   3.1386e+02
20260813_10:00:00   2.5780e-01   6.6581e+01   2.5962e+01   0.0000e+00   0.0000e+00   3.1128e+02
20260813_11:00:00   2.5365e-01   6.5704e+01   2.5701e+01   0.0000e+00   0.0000e+00   3.1176e+02
20260813_12:00:00   2.6491e-01   6.8317e+01   2.6600e+01   0.0000e+00   1.2260e-04   3.1280e+02
20260813_13:00:00   2.7861e-01   7.1402e+01   2.8423e+01   0.0000e+00   1.0319e-03   3.1256e+02
20260813_14:00:00   2.8993e-01   7.3924e+01   2.9826e+01   0.0000e+00   2.6739e-04   3.1162e+02
20260813_15:00:00   2.9520e-01   7.5154e+01   3.0603e+01   0.0000e+00   1.3254e-04   3.1236e+02
20260813_16:00:00   2.9052e-01   7.4318e+01   3.0298e+01   0.0000e+00   6.8320e-05   3.1249e+02
20260813_17:00:00   2.8255e-01   7.2753e+01   2.9682e+01   1.5656e-05   1.6218e-05   3.1229e+02
20260813_18:00:00   2.8960e-01   7.4297e+01   3.0437e+01   1.7512e-05   3.6580e-06   3.0919e+02
20260813_19:00:00   2.9218e-01   7.4880e+01   3.0819e+01   8.5720e-05   2.9197e-04   3.0794e+02
20260813_20:00:00   2.9208e-01   7.4910e+01   3.0795e+01   4.2399e-05   1.4771e-04   3.0742e+02
20260813_21:00:00   3.0570e-01   7.7777e+01   3.1324e+01   1.0624e-02   1.2120e-04   3.0904e+02
20260813_22:00:00   3.0710e-01   7.8054e+01   3.1550e+01   7.8420e-03   1.2201e-03   3.1151e+02
20260813_23:00:00   2.9980e-01   7.6505e+01   3.1169e+01   0.0000e+00   8.9454e-03   3.1290e+02
20260814_00:00:00   2.9246e-01   7.4884e+01   3.0241e+01   0.0000e+00   1.1776e-02   3.1364e+02
20260814_01:00:00   2.8675e-01   7.3564e+01   2.9618e+01   0.0000e+00   4.7927e-02   3.1418e+02
20260814_02:00:00   2.7464e-01   7.0934e+01   2.8371e+01   0.0000e+00   9.4422e-03   3.1313e+02
20260814_03:00:00   2.7899e-01   7.1720e+01   2.9092e+01   0.0000e+00   2.9648e-02   3.1285e+02
20260814_04:00:00   3.0358e-01   7.6674e+01   3.2345e+01   0.0000e+00   1.3683e-01   3.1129e+02
20260814_05:00:00   3.1577e-01   7.9209e+01   3.3782e+01   0.0000e+00   7.1715e-02   3.0823e+02
20260814_06:00:00   3.3418e-01   8.2763e+01   3.6488e+01   3.7580e-05   1.0992e-01   3.0963e+02
20260814_07:00:00   6.5633e-01   1.3520e+02   3.8360e+01   3.4611e-01   1.1017e-01   3.0902e+02
20260814_08:00:00   9.0782e-01   1.6717e+02   4.0267e+01   6.1381e-01   6.9615e-02   3.0884e+02
20260814_09:00:00   7.9129e-01   1.5386e+02   4.1325e+01   4.6490e-01   2.2330e-02   3.1007e+02
20260814_10:00:00   8.8995e-01   1.6558e+02   4.1939e+01   5.6661e-01   3.6017e-02   3.1171e+02
20260814_11:00:00   6.5790e-01   1.3732e+02   4.2491e+01   2.9764e-01   2.7486e-02   3.1204e+02
20260814_12:00:00   7.3707e-01   1.4853e+02   4.3487e+01   3.7777e-01   3.4029e-02   3.1309e+02
20260814_13:00:00   6.2024e-01   1.3251e+02   4.3910e+01   2.3666e-01   1.8578e-02   3.1376e+02
20260814_14:00:00   4.4556e-01   1.0404e+02   4.4424e+01   2.3831e-02   6.1276e-03   3.1294e+02
20260814_15:00:00   4.3352e-01   1.0199e+02   4.5115e+01   3.9202e-03   2.6718e-03   3.1352e+02
20260814_16:00:00   5.2470e-01   1.1851e+02   4.5342e+01   1.1552e-01   2.9021e-03   3.1473e+02
20260814_17:00:00   8.3164e-01   1.6358e+02   4.5565e+01   5.0088e-01   7.3452e-03   3.1521e+02
20260814_18:00:00   6.4991e-01   1.3849e+02   4.5155e+01   2.7643e-01   6.0576e-03   3.1288e+02
20260814_19:00:00   4.8797e-01   1.1231e+02   4.5090e+01   8.4556e-02   7.2684e-02   3.1276e+02
20260814_20:00:00   4.8249e-01   1.1120e+02   4.6713e+01   6.0144e-02   1.8864e-01   3.1155e+02
20260814_21:00:00   4.7150e-01   1.0912e+02   4.7078e+01   4.0588e-02   5.1407e-02   3.1123e+02
20260814_22:00:00   4.7965e-01   1.1056e+02   4.7149e+01   4.7020e-02   6.1000e-03   3.1117e+02
20260814_23:00:00   4.5276e-01   1.0580e+02   4.6052e+01   2.6139e-02   1.6683e-03   3.0944e+02
20260815_00:00:00   4.2963e-01   1.0148e+02   4.5208e+01   6.4240e-03   4.7152e-03   3.0990e+02
20260815_01:00:00   4.1142e-01   9.8078e+01   4.3564e+01   7.9880e-04   8.0033e-03   3.0891e+02
20260815_02:00:00   4.1005e-01   9.7804e+01   4.3138e+01   6.1320e-03   9.9035e-04   3.0942e+02
20260815_03:00:00   4.1720e-01   9.9168e+01   4.2566e+01   1.8820e-02   2.2020e-04   3.1047e+02
20260815_04:00:00   4.1349e-01   9.8280e+01   4.3532e+01   7.1142e-03   1.0128e-03   3.1271e+02
20260815_05:00:00   4.1176e-01   9.7775e+01   4.4264e+01   3.7840e-04   3.4428e-03   3.1071e+02
20260815_06:00:00   5.0728e-01   1.1395e+02   4.6141e+01   8.5851e-02   1.7437e-02   3.0756e+02
20260815_07:00:00   4.3037e-01   1.0103e+02   4.5102e+01   1.0060e-02   1.9430e-02   3.0447e+02
20260815_08:00:00   4.3764e-01   1.0234e+02   4.4768e+01   1.5453e-02   1.3292e-02   3.0459e+02
20260815_09:00:00   7.3073e-01   1.4734e+02   4.4153e+01   3.5432e-01   5.0930e-03   3.0610e+02
20260815_10:00:00   4.2196e-01   9.9618e+01   4.2133e+01   1.6914e-02   1.5860e-03   3.0610e+02
20260815_11:00:00   3.8880e-01   9.3575e+01   4.0057e+01   6.1290e-05   7.8178e-04   3.0657e+02
20260815_12:00:00   3.8105e-01   9.2192e+01   3.9159e+01   3.4371e-04   6.7934e-04   3.0897e+02
20260815_13:00:00   3.7765e-01   9.1685e+01   3.8689e+01   1.0190e-03   2.1220e-04   3.1047e+02
20260815_14:00:00   3.9534e-01   9.5279e+01   3.9061e+01   2.0780e-02   1.0564e-03   3.1034e+02
20260815_15:00:00   3.9809e-01   9.5964e+01   3.9132e+01   2.5555e-02   1.3378e-03   3.0744e+02
20260815_16:00:00   4.0503e-01   9.7306e+01   3.9729e+01   2.7408e-02   5.4660e-04   3.0638e+02
20260815_17:00:00   4.1047e-01   9.8298e+01   4.1585e+01   1.3340e-02   1.1838e-04   3.0680e+02
20260815_18:00:00   4.5374e-01   1.0641e+02   4.2736e+01   5.6261e-02   1.1508e-04   3.0749e+02
20260815_19:00:00   4.6572e-01   1.0856e+02   4.3607e+01   5.8803e-02   0.0000e+00   3.0566e+02
20260815_20:00:00   4.1239e-01   9.8772e+01   4.3296e+01   4.3068e-04   0.0000e+00   3.0479e+02
20260815_21:00:00   4.1672e-01   9.9608e+01   4.3995e+01   0.0000e+00   2.2820e-04   3.0518e+02
20260815_22:00:00   4.2645e-01   1.0145e+02   4.4858e+01   0.0000e+00   1.8342e-03   3.0502e+02
20260815_23:00:00   4.2629e-01   1.0137e+02   4.5119e+01   0.0000e+00   2.5847e-03   3.0453e+02
20260816_00:00:00   4.2077e-01   1.0027e+02   4.4756e+01   0.0000e+00   2.6996e-03   3.0409e+02
20260816_01:00:00   4.1624e-01   9.9423e+01   4.4223e+01   0.0000e+00   4.0924e-03   3.0159e+02
20260816_02:00:00   3.9323e-01   9.5165e+01   4.1806e+01   0.0000e+00   1.9484e-04   3.0200e+02
20260816_03:00:00   3.7278e-01   9.1407e+01   3.8494e+01   0.0000e+00   3.3079e-05   3.0317e+02
20260816_04:00:00   4.0520e-01   9.7276e+01   4.3096e+01   0.0000e+00   2.0220e-05   3.0134e+02
20260816_05:00:00   4.5597e-01   1.0603e+02   4.6659e+01   2.8308e-02   2.0689e-03   3.0220e+02
20260816_06:00:00   5.0857e-01   1.1484e+02   4.6848e+01   8.9546e-02   9.3821e-03   3.0237e+02
20260816_07:00:00   8.4446e-01   1.6120e+02   4.7343e+01   4.6313e-01   1.1021e-01   2.9996e+02
20260816_08:00:00   4.3302e-01   1.0211e+02   4.5378e+01   1.5430e-02   6.2808e-03   2.9942e+02
20260816_09:00:00   4.2891e-01   1.0130e+02   4.6034e+01   5.4048e-03   1.6108e-02   3.0064e+02
20260816_10:00:00   4.0724e-01   9.7272e+01   4.4543e+01   0.0000e+00   8.6076e-03   3.0087e+02
20260816_11:00:00   3.8757e-01   9.3621e+01   4.2757e+01   0.0000e+00   2.4892e-03   3.0034e+02
20260816_12:00:00   3.8996e-01   9.4259e+01   4.2781e+01   0.0000e+00   2.1780e-04   3.0089e+02
20260816_13:00:00   3.9254e-01   9.5032e+01   4.2870e+01   0.0000e+00   0.0000e+00   3.0172e+02
20260816_14:00:00   3.9011e-01   9.4798e+01   4.2453e+01   0.0000e+00   0.0000e+00   3.0136e+02
20260816_15:00:00   3.7118e-01   9.1173e+01   4.1081e+01   0.0000e+00   0.0000e+00   3.0291e+02
20260816_16:00:00   3.6030e-01   8.9097e+01   3.9974e+01   0.0000e+00   0.0000e+00   3.0566e+02
20260816_17:00:00   3.5931e-01   8.8982e+01   3.9526e+01   0.0000e+00   0.0000e+00   3.0792e+02
20260816_18:00:00   3.6742e-01   9.0631e+01   4.0028e+01   3.1040e-04   0.0000e+00   3.0783e+02
20260816_19:00:00   3.7779e-01   9.2691e+01   4.0602e+01   3.0930e-04   0.0000e+00   3.0726e+02
20260816_20:00:00   3.6586e-01   9.0402e+01   3.8929e+01   1.7103e-03   0.0000e+00   3.0736e+02
20260816_21:00:00   3.4550e-01   8.6521e+01   3.6618e+01   6.9580e-06   0.0000e+00   3.0702e+02
20260816_22:00:00   3.2577e-01   8.2578e+01   3.4182e+01   0.0000e+00   0.0000e+00   3.0598e+02
20260816_23:00:00   3.2598e-01   8.2599e+01   3.3677e+01   0.0000e+00   0.0000e+00   3.0884e+02
20260817_00:00:00   3.2653e-01   8.2476e+01   3.4574e+01   0.0000e+00   0.0000e+00   3.0705e+02
20260817_01:00:00   3.5467e-01   8.7854e+01   3.7856e+01   0.0000e+00   5.0280e-05   3.0644e+02
20260817_02:00:00   3.8690e-01   9.3945e+01   4.1226e+01   0.0000e+00   7.3700e-05   3.0592e+02
20260817_03:00:00   3.7763e-01   9.2015e+01   4.0284e+01   0.0000e+00   0.0000e+00   3.0368e+02
20260817_04:00:00   3.6588e-01   8.9726e+01   3.8588e+01   0.0000e+00   0.0000e+00   3.0449e+02
20260817_05:00:00   3.6666e-01   8.9882e+01   3.8349e+01   0.0000e+00   0.0000e+00   3.0342e+02
20260817_06:00:00   3.7778e-01   9.1832e+01   4.0120e+01   0.0000e+00   0.0000e+00   3.0331e+02
20260817_07:00:00   3.6814e-01   8.9867e+01   3.9506e+01   0.0000e+00   1.2208e-05   3.0408e+02
20260817_08:00:00   3.7117e-01   9.0319e+01   3.9913e+01   0.0000e+00   7.0940e-04   3.0409e+02
20260817_09:00:00   3.7319e-01   9.0604e+01   4.0561e+01   0.0000e+00   4.5013e-04   3.0127e+02
20260817_10:00:00   3.6852e-01   8.9647e+01   4.0468e+01   0.0000e+00   4.9302e-03   2.9905e+02
20260817_11:00:00   3.9718e-01   9.4985e+01   4.3407e+01   1.0738e-05   6.2350e-02   2.9833e+02
20260817_12:00:00   4.1103e-01   9.7603e+01   4.4601e+01   4.0468e-04   1.9072e-01   3.0015e+02
20260817_13:00:00   5.0510e-01   1.1384e+02   4.5229e+01   9.9849e-02   1.3566e-01   3.0046e+02
20260817_14:00:00   5.6255e-01   1.2300e+02   4.4871e+01   1.7160e-01   3.6622e-01   3.0296e+02
20260817_15:00:00   1.1508e+00   1.9174e+02   4.5873e+01   8.2902e-01   1.4202e-01   3.0227e+02
20260817_16:00:00   8.6633e-01   1.6313e+02   4.5446e+01   5.0803e-01   7.4678e-02   3.0146e+02
20260817_17:00:00   4.1752e-01   9.9147e+01   4.2898e+01   1.1700e-02   3.1021e-02   3.0077e+02
20260817_18:00:00   4.0111e-01   9.6506e+01   4.0497e+01   1.4226e-02   5.9948e-02   2.9993e+02
20260817_19:00:00   4.5925e-01   1.0758e+02   3.8386e+01   1.0226e-01   4.2274e-03   3.0138e+02
20260817_20:00:00   5.1767e-01   1.1791e+02   3.7005e+01   1.9102e-01   2.9841e-03   3.0220e+02
20260817_21:00:00   3.8056e-01   9.2900e+01   3.4470e+01   4.2670e-02   3.6617e-03   3.0306e+02
20260817_22:00:00   4.1044e-01   9.8708e+01   3.4031e+01   9.0021e-02   2.4807e-03   3.0308e+02
20260817_23:00:00   4.0199e-01   9.7036e+01   3.3228e+01   8.4235e-02   7.2500e-04   3.0200e+02
20260818_00:00:00   4.1585e-01   9.9704e+01   3.1543e+01   1.2472e-01   1.5286e-04   3.0302e+02
20260818_03:00:00   3.2453e-01   8.1366e+01   2.8558e+01   2.5099e-02   2.0060e-04   3.0655e+02
20260818_06:00:00   2.9862e-01   7.5987e+01   2.6085e+01   2.4760e-02   0.0000e+00   3.0434e+02
20260818_09:00:00   4.9533e-01   1.1367e+02   2.6221e+01   2.7220e-01   0.0000e+00   3.0236e+02
20260818_12:00:00   4.2300e-01   1.0056e+02   2.3889e+01   2.1040e-01   0.0000e+00   3.0580e+02
20260818_15:00:00   2.6432e-01   6.8622e+01   2.2661e+01   3.4882e-02   0.0000e+00   3.0946e+02
20260818_18:00:00   2.5482e-01   6.6716e+01   2.6341e+01   1.9134e-05   0.0000e+00   3.0737e+02
20260818_21:00:00   2.7289e-01   7.0664e+01   2.7135e+01   1.2520e-02   0.0000e+00   3.0856e+02
20260819_00:00:00   2.4285e-01   6.4007e+01   2.3971e+01   0.0000e+00   0.0000e+00   3.0724e+02
20260819_03:00:00   2.4826e-01   6.4918e+01   2.4486e+01   0.0000e+00   3.6280e-05   3.0646e+02
20260819_06:00:00   2.4131e-01   6.3232e+01   2.4402e+01   0.0000e+00   0.0000e+00   3.0558e+02
20260819_09:00:00   2.4275e-01   6.3486e+01   2.4810e+01   0.0000e+00   4.7219e-04   3.0566e+02
20260819_12:00:00   2.2868e-01   6.0406e+01   2.3576e+01   0.0000e+00   0.0000e+00   3.0604e+02
20260819_15:00:00   2.2303e-01   5.9318e+01   2.3801e+01   0.0000e+00   5.8520e-06   3.0533e+02
20260819_18:00:00   2.5236e-01   6.5888e+01   2.8149e+01   0.0000e+00   0.0000e+00   3.0642e+02
20260819_21:00:00   2.8483e-01   7.3078e+01   3.1079e+01   0.0000e+00   7.1809e-03   3.0500e+02
20260820_00:00:00   3.0409e-01   7.6712e+01   3.4599e+01   0.0000e+00   7.7762e-04   3.0172e+02
20260820_03:00:00   3.0976e-01   7.7635e+01   3.5274e+01   0.0000e+00   1.4082e-04   2.9946e+02
20260820_06:00:00   3.4337e-01   8.4268e+01   3.7262e+01   1.1157e-02   3.9034e-04   3.0161e+02
20260820_09:00:00   4.1149e-01   9.6724e+01   3.6301e+01   9.9859e-02   1.2002e-03   3.0073e+02
20260820_12:00:00   6.0781e-01   1.2874e+02   3.7032e+01   3.2051e-01   9.1733e-03   3.0267e+02
20260820_15:00:00   6.6444e-01   1.3716e+02   4.3264e+01   3.0814e-01   7.9634e-01   3.0124e+02
20260820_18:00:00   3.7042e-01   8.9999e+01   4.0847e+01   7.6880e-04   2.5374e-02   3.0073e+02
20260820_21:00:00   4.5691e-01   1.0632e+02   4.3014e+01   5.6168e-02   3.9024e-03   2.9923e+02
20260821_00:00:00   3.7678e-01   9.1931e+01   3.9742e+01   0.0000e+00   4.1537e-04   3.0334e+02
20260821_03:00:00   3.7655e-01   9.1745e+01   3.9998e+01   0.0000e+00   1.5842e-03   3.0293e+02
20260821_06:00:00   4.1321e-01   9.8460e+01   4.4530e+01   7.3700e-06   4.7118e-02   2.9891e+02
20260821_09:00:00   4.3071e-01   1.0134e+02   4.6206e+01   7.1832e-03   1.4132e-01   3.0198e+02
20260821_12:00:00   8.5405e-01   1.6191e+02   4.7982e+01   4.6324e-01   8.2903e-01   3.0457e+02
20260821_15:00:00   4.0861e-01   9.7764e+01   4.4908e+01   0.0000e+00   1.0141e-01   3.0582e+02
20260821_18:00:00   4.3094e-01   1.0221e+02   4.6517e+01   7.7640e-04   3.5743e-01   3.0285e+02
20260821_21:00:00   3.8164e-01   9.3304e+01   4.0951e+01   0.0000e+00   5.3390e-02   3.0113e+02
20260822_00:00:00   3.4427e-01   8.5477e+01   3.8380e+01   0.0000e+00   4.0217e-02   3.0285e+02
20260822_03:00:00   7.6573e-01   1.5079e+02   4.3766e+01   4.1804e-01   2.4683e-01   3.0015e+02
20260822_06:00:00   7.8484e-01   1.5390e+02   4.4403e+01   4.3257e-01   1.7151e-01   2.9858e+02
20260822_09:00:00   3.7960e-01   9.2158e+01   4.0049e+01   1.0752e-02   4.7045e-04   3.0010e+02
20260822_12:00:00   3.4258e-01   8.5039e+01   3.6896e+01   0.0000e+00   0.0000e+00   3.0218e+02
20260822_15:00:00   3.3154e-01   8.3366e+01   3.5104e+01   0.0000e+00   0.0000e+00   3.0225e+02
20260822_18:00:00   2.9906e-01   7.6854e+01   3.1967e+01   0.0000e+00   0.0000e+00   3.0181e+02
20260822_21:00:00   3.8304e-01   9.3507e+01   4.0597e+01   0.0000e+00   0.0000e+00   2.9880e+02
20260823_00:00:00   3.6986e-01   9.0419e+01   3.7158e+01   7.3920e-03   0.0000e+00   3.0105e+02
20260823_03:00:00   2.6014e-01   6.7341e+01   2.6508e+01   0.0000e+00   0.0000e+00   3.0226e+02
20260823_06:00:00   3.4528e-01   8.4989e+01   3.0529e+01   7.0040e-02   1.7802e-03   3.0681e+02
20260823_09:00:00   2.2315e-01   5.8961e+01   2.1266e+01   2.0132e-06   3.3938e-04   3.1317e+02
20260823_12:00:00   3.0291e-01   7.6392e+01   2.0844e+01   9.8340e-02   3.8740e-03   3.1404e+02
20260823_15:00:00   1.8262e-01   4.9677e+01   1.6501e+01   4.4560e-04   0.0000e+00   3.1300e+02
20260823_18:00:00   1.6999e-01   4.6671e+01   1.6293e+01   0.0000e+00   0.0000e+00   3.1244e+02
20260823_21:00:00   1.8053e-01   4.9169e+01   1.7278e+01   0.0000e+00   0.0000e+00   3.1080e+02
20260824_00:00:00   1.7852e-01   4.8565e+01   1.6405e+01   0.0000e+00   0.0000e+00   3.0936e+02
20260824_03:00:00   1.5113e-01   4.1828e+01   1.3367e+01   0.0000e+00   0.0000e+00   3.0773e+02
20260824_06:00:00   1.8419e-01   4.9609e+01   1.7448e+01   0.0000e+00   0.0000e+00   3.0417e+02
20260824_09:00:00   1.8314e-01   4.9298e+01   1.7421e+01   0.0000e+00   0.0000e+00   3.0678e+02
20260824_12:00:00   1.7475e-01   4.7426e+01   1.6330e+01   0.0000e+00   0.0000e+00   3.0810e+02
20260824_15:00:00   1.6360e-01   4.5072e+01   1.5569e+01   0.0000e+00   0.0000e+00   3.0799e+02
20260824_18:00:00   1.8264e-01   4.9816e+01   1.8814e+01   0.0000e+00   0.0000e+00   3.0627e+02
20260824_21:00:00   1.8343e-01   5.0178e+01   1.9115e+01   0.0000e+00   0.0000e+00   3.0324e+02
20260825_00:00:00   2.0924e-01   5.6290e+01   2.1102e+01   0.0000e+00   0.0000e+00   3.0205e+02
20260825_03:00:00   2.2760e-01   6.0411e+01   2.1723e+01   0.0000e+00   0.0000e+00   3.0062e+02
20260825_06:00:00   2.1994e-01   5.8651e+01   2.0739e+01   0.0000e+00   5.6882e-04   3.0306e+02
20260825_09:00:00   2.2545e-01   5.9884e+01   2.2278e+01   0.0000e+00   0.0000e+00   3.0461e+02
20260825_12:00:00   2.5526e-01   6.6636e+01   2.6086e+01   0.0000e+00   1.0760e-03   3.0458e+02
20260825_15:00:00   3.1220e-01   7.8828e+01   3.3515e+01   0.0000e+00   5.2675e-03   3.0317e+02
20260825_18:00:00   4.6168e-01   1.0527e+02   4.0566e+01   9.1020e-02   9.2239e-01   3.0134e+02
20260825_21:00:00   3.7224e-01   8.9959e+01   4.0460e+01   1.3228e-03   3.0074e-01   2.9958e+02
20260826_00:00:00   3.9050e-01   9.3187e+01   4.1510e+01   1.8265e-03   5.9327e-01   3.0192e+02
20260826_03:00:00   3.0686e-01   7.7164e+01   3.1923e+01   3.4530e-03   1.2747e-01   3.0097e+02
20260826_06:00:00   2.8459e-01   7.2494e+01   2.9219e+01   0.0000e+00   6.6771e-04   3.0651e+02
20260826_09:00:00   2.8580e-01   7.2666e+01   2.8542e+01   0.0000e+00   1.0425e-02   3.0232e+02
20260826_12:00:00   2.8402e-01   7.2297e+01   2.8190e+01   0.0000e+00   5.5728e-02   3.0456e+02
20260826_15:00:00   3.2954e-01   8.1895e+01   3.3268e+01   4.4700e-03   2.9695e-02   3.0904e+02
20260826_18:00:00   3.0903e-01   7.8038e+01   3.0757e+01   9.7900e-04   5.2370e-02   3.0899e+02
20260826_21:00:00   3.2219e-01   8.0735e+01   3.1719e+01   3.0525e-04   3.2360e-03   3.0948e+02
20260827_00:00:00   3.3875e-01   8.4162e+01   2.7636e+01   5.6275e-02   5.5004e-04   3.1123e+02
20260827_03:00:00   3.0224e-01   7.6423e+01   2.6750e+01   2.3777e-02   0.0000e+00   3.1405e+02
20260827_06:00:00   2.7586e-01   7.0749e+01   2.5766e+01   0.0000e+00   0.0000e+00   3.1346e+02
20260827_09:00:00   2.7429e-01   7.0308e+01   2.6003e+01   0.0000e+00   0.0000e+00   3.1319e+02
20260827_12:00:00   2.6859e-01   6.9089e+01   2.4682e+01   0.0000e+00   0.0000e+00   3.1447e+02
20260827_15:00:00   2.6013e-01   6.7600e+01   2.4006e+01   8.8700e-04   0.0000e+00   3.1644e+02
20260827_18:00:00   2.8446e-01   7.2844e+01   2.5663e+01   3.4357e-02   0.0000e+00   3.1305e+02
20260827_21:00:00   3.3892e-01   8.3973e+01   3.0251e+01   3.6688e-02   0.0000e+00   3.1088e+02
20260828_00:00:00   3.0765e-01   7.7522e+01   2.9041e+01   4.1060e-05   0.0000e+00   3.1288e+02
20260828_03:00:00   4.2333e-01   9.9955e+01   2.8839e+01   1.3846e-01   0.0000e+00   3.1248e+02
20260828_06:00:00   3.5596e-01   8.7050e+01   2.8136e+01   6.5897e-02   0.0000e+00   3.1227e+02
20260828_09:00:00   4.5988e-01   1.0691e+02   2.8489e+01   1.9706e-01   0.0000e+00   3.1428e+02
20260828_12:00:00   3.4343e-01   8.4491e+01   2.6513e+01   6.9646e-02   0.0000e+00   3.1529e+02
20260828_15:00:00   2.6461e-01   6.8293e+01   2.4649e+01   8.3330e-04   0.0000e+00   3.1416e+02
20260828_18:00:00   3.8832e-01   9.3595e+01   2.6065e+01   1.3612e-01   0.0000e+00   3.1462e+02
20260828_21:00:00   3.4458e-01   8.5080e+01   2.6498e+01   7.6542e-02   0.0000e+00   3.1527e+02
20260829_00:00:00   3.1206e-01   7.8238e+01   2.6382e+01   3.5220e-02   0.0000e+00   3.1181e+02
