#            date       tau255        Tb[K]      pwv[mm] lwp[kg*m^-2] iwp[kg*m^-2]       o3[DU]
20260905_00:00:00   3.1499e-01   7.9626e+01   3.2727e+01   0.0000e+00   1.5619e-03   2.9123e+02
20260905_01:00:00   3.2920e-01   8.2351e+01   3.4644e+01   0.0000e+00   1.9200e-05   2.9116e+02
20260905_02:00:00   3.4594e-01   8.5595e+01   3.6702e+01   0.0000e+00   5.5640e-05   2.9224e+02
20260905_03:00:00   3.6228e-01   8.8668e+01   3.8586e+01   0.0000e+00   1.3838e-03   2.9135e+02
20260905_04:00:00   3.5996e-01   8.8094e+01   3.8545e+01   0.0000e+00   0.0000e+00   2.9038e+02
20260905_05:00:00   3.5833e-01   8.7672e+01   3.8487e+01   0.0000e+00   7.3935e-03   2.9064e+02
20260905_06:00:00   3.4805e-01   8.5628e+01   3.7323e+01   0.0000e+00   5.1987e-05   2.8922e+02
20260905_07:00:00   3.4585e-01   8.5188e+01   3.6867e+01   0.0000e+00   2.0624e-04   2.9037e+02
20260905_08:00:00   3.4159e-01   8.4396e+01   3.6423e+01   0.0000e+00   3.1720e-05   2.9153e+02
20260905_09:00:00   3.5368e-01   8.6729e+01   3.7918e+01   0.0000e+00   9.4224e-03   2.9432e+02
20260905_10:00:00   3.6069e-01   8.8038e+01   3.9092e+01   0.0000e+00   7.5915e-02   2.9462e+02
20260905_11:00:00   4.0594e-01   9.6283e+01   4.0893e+01   2.9718e-02   4.9341e-01   2.9781e+02
20260905_12:00:00   5.4513e-01   1.1963e+02   4.3492e+01   1.4858e-01   1.6225e+00   3.0017e+02
20260905_13:00:00   6.2985e-01   1.3207e+02   4.2486e+01   2.6270e-01   7.6548e-01   3.0138e+02
20260905_14:00:00   3.7056e-01   8.8962e+01   3.6635e+01   4.4171e-02   2.9964e-01   3.0649e+02
20260905_15:00:00   3.1841e-01   7.9223e+01   3.5248e+01   0.0000e+00   1.0244e-01   3.0982e+02
20260905_16:00:00   3.0987e-01   7.7641e+01   3.4156e+01   0.0000e+00   2.3797e-02   3.1210e+02
20260905_17:00:00   3.0940e-01   7.7670e+01   3.4017e+01   0.0000e+00   1.5742e-01   3.1165e+02
20260905_18:00:00   3.1455e-01   7.8840e+01   3.4039e+01   0.0000e+00   1.0429e-01   3.0887e+02
20260905_19:00:00   3.0848e-01   7.7786e+01   3.2849e+01   0.0000e+00   2.9204e-03   3.0693e+02
20260905_20:00:00   2.9459e-01   7.5090e+01   3.0984e+01   0.0000e+00   3.9761e-04   3.0665e+02
20260905_21:00:00   2.9032e-01   7.4281e+01   2.9772e+01   1.5670e-03   5.7720e-04   3.0751e+02
20260905_22:00:00   2.7810e-01   7.1759e+01   2.7846e+01   1.5302e-04   2.0662e-03   3.0799e+02
20260905_23:00:00   2.8854e-01   7.3861e+01   2.8762e+01   0.0000e+00   2.0005e-03   3.0958e+02
20260906_00:00:00   3.0000e-01   7.6033e+01   3.0190e+01   0.0000e+00   1.9458e-06   3.0836e+02
20260906_01:00:00   2.9561e-01   7.5020e+01   2.9655e+01   0.0000e+00   6.2153e-03   3.0787e+02
20260906_02:00:00   2.9440e-01   7.4709e+01   2.9367e+01   0.0000e+00   5.5260e-03   3.0749e+02
20260906_03:00:00   2.9660e-01   7.5162e+01   2.9079e+01   0.0000e+00   6.8495e-03   3.0550e+02
20260906_04:00:00   3.1386e-01   7.8670e+01   3.0140e+01   4.7800e-03   2.3213e-03   3.0579e+02
20260906_05:00:00   3.7059e-01   8.9997e+01   2.9631e+01   7.4726e-02   4.7916e-04   3.0547e+02
20260906_06:00:00   4.2607e-01   1.0038e+02   2.8155e+01   1.5246e-01   0.0000e+00   3.0610e+02
20260906_07:00:00   4.0531e-01   9.6500e+01   2.7184e+01   1.3806e-01   0.0000e+00   3.0656e+02
20260906_08:00:00   3.3916e-01   8.3688e+01   2.5432e+01   7.7942e-02   0.0000e+00   3.0526e+02
20260906_09:00:00   3.2681e-01   8.1124e+01   2.4631e+01   7.0418e-02   0.0000e+00   3.0441e+02
20260906_10:00:00   3.2410e-01   8.0515e+01   2.4096e+01   7.3514e-02   0.0000e+00   3.0393e+02
20260906_11:00:00   3.1927e-01   7.9489e+01   2.3984e+01   6.9028e-02   0.0000e+00   3.0394e+02
20260906_12:00:00   3.2262e-01   8.0104e+01   2.4387e+01   6.8210e-02   0.0000e+00   3.0325e+02
20260906_13:00:00   2.8845e-01   7.3030e+01   2.4390e+01   2.8665e-02   0.0000e+00   3.0250e+02
20260906_14:00:00   2.7398e-01   7.0005e+01   2.4358e+01   1.3362e-02   0.0000e+00   3.0251e+02
20260906_15:00:00   2.8010e-01   7.1394e+01   2.4878e+01   1.7868e-02   0.0000e+00   3.0491e+02
20260906_16:00:00   2.8929e-01   7.3373e+01   2.5545e+01   2.4179e-02   0.0000e+00   3.0646e+02
20260906_17:00:00   3.6408e-01   8.8438e+01   2.6232e+01   1.0552e-01   0.0000e+00   3.0548e+02
20260906_18:00:00   4.9609e-01   1.1232e+02   2.6811e+01   2.5448e-01   0.0000e+00   3.0517e+02
20260906_19:00:00   3.8458e-01   9.2207e+01   2.7330e+01   1.1412e-01   0.0000e+00   3.0755e+02
20260906_20:00:00   3.4012e-01   8.3596e+01   2.7316e+01   6.3130e-02   0.0000e+00   3.0904e+02
20260906_21:00:00   2.9543e-01   7.4629e+01   2.6523e+01   1.9039e-02   0.0000e+00   3.0936e+02
20260906_22:00:00   2.9382e-01   7.4366e+01   2.5554e+01   2.6005e-02   0.0000e+00   3.0966e+02
20260906_23:00:00   2.6949e-01   6.9110e+01   2.4638e+01   4.2872e-03   0.0000e+00   3.1013e+02
20260907_00:00:00   2.4396e-01   6.3499e+01   2.2307e+01   1.1647e-03   0.0000e+00   3.0877e+02
20260907_01:00:00   2.2135e-01   5.8400e+01   1.9838e+01   2.4942e-03   0.0000e+00   3.0907e+02
20260907_02:00:00   2.0917e-01   5.5566e+01   1.8711e+01   2.1280e-04   0.0000e+00   3.1003e+02
20260907_03:00:00   2.0205e-01   5.3847e+01   1.8020e+01   0.0000e+00   0.0000e+00   3.0824e+02
20260907_04:00:00   2.0376e-01   5.4154e+01   1.8200e+01   0.0000e+00   5.7040e-05   3.0695e+02
20260907_05:00:00   2.0094e-01   5.3455e+01   1.7790e+01   0.0000e+00   0.0000e+00   3.0809e+02
20260907_06:00:00   1.9413e-01   5.1851e+01   1.7096e+01   0.0000e+00   7.3160e-06   3.0858e+02
20260907_07:00:00   1.9007e-01   5.0905e+01   1.6646e+01   0.0000e+00   0.0000e+00   3.0928e+02
20260907_08:00:00   1.9108e-01   5.1117e+01   1.6772e+01   0.0000e+00   8.7920e-05   3.0756e+02
20260907_09:00:00   1.8933e-01   5.0695e+01   1.6702e+01   0.0000e+00   1.1530e-03   3.0591e+02
20260907_10:00:00   1.9204e-01   5.1302e+01   1.7028e+01   0.0000e+00   1.2958e-03   3.0660e+02
20260907_11:00:00   1.8817e-01   5.0414e+01   1.6617e+01   0.0000e+00   1.4604e-03   3.0745e+02
20260907_12:00:00   1.8738e-01   5.0256e+01   1.6503e+01   0.0000e+00   1.6190e-03   3.0813e+02
20260907_13:00:00   1.8752e-01   5.0395e+01   1.6508e+01   0.0000e+00   1.6496e-03   3.0889e+02
20260907_14:00:00   1.8653e-01   5.0234e+01   1.6577e+01   0.0000e+00   1.1808e-02   3.1027e+02
20260907_15:00:00   1.8547e-01   5.0050e+01   1.6689e+01   0.0000e+00   2.4422e-02   3.1091e+02
20260907_16:00:00   1.9168e-01   5.1534e+01   1.7550e+01   3.1760e-04   5.2711e-02   3.1201e+02
20260907_17:00:00   2.0312e-01   5.4122e+01   1.9386e+01   2.7840e-05   9.1971e-02   3.1237e+02
20260907_18:00:00   2.0835e-01   5.5318e+01   2.0223e+01   1.7394e-06   4.7128e-02   3.1461e+02
20260907_19:00:00   2.0509e-01   5.4663e+01   1.9945e+01   0.0000e+00   4.8196e-02   3.1562e+02
20260907_20:00:00   2.0380e-01   5.4429e+01   1.9652e+01   0.0000e+00   2.7917e-03   3.1614e+02
20260907_21:00:00   2.0261e-01   5.4226e+01   1.9358e+01   0.0000e+00   0.0000e+00   3.1837e+02
20260907_22:00:00   2.0849e-01   5.5619e+01   1.9597e+01   8.9560e-04   0.0000e+00   3.2353e+02
20260907_23:00:00   2.1521e-01   5.7165e+01   1.9854e+01   1.8286e-03   0.0000e+00   3.2290e+02
20260908_00:00:00   2.1760e-01   5.7613e+01   1.9897e+01   2.1760e-03   0.0000e+00   3.2165e+02
20260908_01:00:00   2.2096e-01   5.8311e+01   2.0055e+01   2.0780e-03   0.0000e+00   3.1783e+02
20260908_02:00:00   2.1381e-01   5.6681e+01   1.9372e+01   0.0000e+00   0.0000e+00   3.1697e+02
20260908_03:00:00   2.0040e-01   5.3615e+01   1.7859e+01   0.0000e+00   0.0000e+00   3.1716e+02
20260908_04:00:00   1.9705e-01   5.2807e+01   1.7551e+01   0.0000e+00   3.1300e-04   3.1662e+02
20260908_05:00:00   1.9642e-01   5.2619e+01   1.7519e+01   0.0000e+00   3.5179e-04   3.1354e+02
20260908_06:00:00   1.9375e-01   5.1996e+01   1.7358e+01   0.0000e+00   3.7425e-04   3.1345e+02
20260908_07:00:00   1.8623e-01   5.0253e+01   1.6614e+01   0.0000e+00   2.3220e-04   3.0956e+02
20260908_08:00:00   1.8695e-01   5.0373e+01   1.6716e+01   0.0000e+00   2.4480e-04   3.0898e+02
20260908_09:00:00   1.8558e-01   5.0029e+01   1.6580e+01   0.0000e+00   9.3380e-04   3.0826e+02
20260908_10:00:00   1.7865e-01   4.8435e+01   1.5934e+01   0.0000e+00   2.7981e-03   3.0603e+02
20260908_11:00:00   1.7674e-01   4.7986e+01   1.5787e+01   0.0000e+00   4.8147e-03   3.0555e+02
20260908_12:00:00   1.7721e-01   4.8112e+01   1.6047e+01   0.0000e+00   5.0691e-04   3.0497e+02
20260908_13:00:00   1.8053e-01   4.8963e+01   1.6669e+01   0.0000e+00   4.3366e-04   3.0333e+02
20260908_14:00:00   1.8330e-01   4.9669e+01   1.7373e+01   0.0000e+00   2.9860e-04   3.0188e+02
20260908_15:00:00   1.8959e-01   5.1225e+01   1.8130e+01   0.0000e+00   3.5880e-04   3.0150e+02
20260908_16:00:00   1.8981e-01   5.1324e+01   1.8544e+01   0.0000e+00   2.8862e-03   3.0078e+02
20260908_17:00:00   1.9808e-01   5.3289e+01   1.9693e+01   0.0000e+00   2.0449e-03   2.9896e+02
20260908_18:00:00   1.9871e-01   5.3493e+01   1.9961e+01   0.0000e+00   6.9786e-04   2.9773e+02
20260908_19:00:00   2.1013e-01   5.6117e+01   2.1653e+01   0.0000e+00   3.9768e-04   2.9792e+02
20260908_20:00:00   2.1790e-01   5.7892e+01   2.2723e+01   0.0000e+00   2.8577e-03   2.9756e+02
20260908_21:00:00   2.2524e-01   5.9580e+01   2.3500e+01   9.1200e-05   2.4578e-03   2.9654e+02
20260908_22:00:00   2.5500e-01   6.6188e+01   2.4382e+01   2.3240e-02   2.2221e-03   2.9623e+02
20260908_23:00:00   3.2866e-01   8.1453e+01   2.4960e+01   1.0110e-01   2.0529e-03   2.9550e+02
20260909_00:00:00   2.3363e-01   6.1502e+01   2.3645e+01   7.2480e-04   1.0732e-02   2.9371e+02
20260909_01:00:00   2.2444e-01   5.9441e+01   2.2611e+01   0.0000e+00   2.0843e-02   2.9351e+02
20260909_02:00:00   2.2912e-01   6.0390e+01   2.3289e+01   0.0000e+00   1.1221e-02   2.9444e+02
20260909_03:00:00   2.3489e-01   6.1570e+01   2.4186e+01   0.0000e+00   1.0416e-03   2.9495e+02
20260909_04:00:00   2.2814e-01   6.0012e+01   2.3568e+01   0.0000e+00   6.2097e-03   2.9424e+02
20260909_05:00:00   2.2099e-01   5.8391e+01   2.2839e+01   0.0000e+00   1.0812e-02   2.9420e+02
20260909_06:00:00   2.1807e-01   5.7775e+01   2.2321e+01   0.0000e+00   1.3234e-03   2.9434e+02
20260909_07:00:00   2.1799e-01   5.7786e+01   2.2004e+01   0.0000e+00   6.9489e-05   2.9372e+02
20260909_08:00:00   2.1514e-01   5.7140e+01   2.1690e+01   0.0000e+00   5.8196e-05   2.9425e+02
20260909_09:00:00   2.1166e-01   5.6354e+01   2.1254e+01   0.0000e+00   7.1455e-04   2.9416e+02
20260909_10:00:00   2.0531e-01   5.4939e+01   2.0473e+01   0.0000e+00   2.7513e-03   2.9479e+02
20260909_11:00:00   2.0688e-01   5.5314e+01   2.0481e+01   0.0000e+00   3.1943e-03   2.9529e+02
20260909_12:00:00   2.1156e-01   5.6436e+01   2.0889e+01   0.0000e+00   1.9476e-03   2.9504e+02
20260909_13:00:00   2.2211e-01   5.8974e+01   2.1989e+01   0.0000e+00   1.5434e-03   2.9454e+02
20260909_14:00:00   2.3391e-01   6.1747e+01   2.3242e+01   0.0000e+00   1.8644e-04   2.9461e+02
20260909_15:00:00   2.4784e-01   6.4911e+01   2.4513e+01   1.7844e-03   2.4560e-05   2.9295e+02
20260909_16:00:00   2.5294e-01   6.6121e+01   2.5365e+01   2.5940e-04   0.0000e+00   2.9259e+02
20260909_17:00:00   2.6665e-01   6.9141e+01   2.6688e+01   4.0445e-03   0.0000e+00   2.9252e+02
20260909_18:00:00   2.9582e-01   7.5385e+01   2.7086e+01   3.5325e-02   1.8838e-05   2.9266e+02
20260909_19:00:00   2.9427e-01   7.5057e+01   2.6878e+01   3.3663e-02   1.4328e-05   2.9282e+02
20260909_20:00:00   2.7674e-01   7.1410e+01   2.6237e+01   1.8448e-02   2.9540e-04   2.9310e+02
20260909_21:00:00   2.9107e-01   7.4459e+01   2.6802e+01   2.7739e-02   5.2380e-05   2.9304e+02
20260909_22:00:00   2.6377e-01   6.8773e+01   2.6291e+01   1.7394e-06   9.5500e-06   2.9313e+02
20260909_23:00:00   2.5699e-01   6.7339e+01   2.5885e+01   0.0000e+00   0.0000e+00   2.9129e+02
20260910_00:00:00   2.7503e-01   7.1043e+01   2.8743e+01   0.0000e+00   0.0000e+00   2.8990e+02
20260910_03:00:00   3.3231e-01   8.2690e+01   3.5743e+01   0.0000e+00   0.0000e+00   2.8840e+02
20260910_06:00:00   4.0093e-01   9.6059e+01   3.8701e+01   4.7169e-02   0.0000e+00   2.8536e+02
20260910_09:00:00   4.1536e-01   9.8811e+01   3.7964e+01   7.5097e-02   3.8400e-06   2.8613e+02
20260910_12:00:00   3.6073e-01   8.8495e+01   3.1384e+01   8.6323e-02   1.9027e-03   2.8731e+02
20260910_15:00:00   2.1803e-01   5.8012e+01   2.3377e+01   1.9060e-04   0.0000e+00   2.8568e+02
20260910_18:00:00   2.4086e-01   6.2971e+01   2.7678e+01   0.0000e+00   7.3940e-05   2.8594e+02
20260910_21:00:00   2.6637e-01   6.8546e+01   3.0459e+01   0.0000e+00   6.6450e-05   2.8562e+02
20260911_00:00:00   4.3764e-01   1.0135e+02   3.4282e+01   1.5050e-01   2.7822e-02   2.8779e+02
20260911_03:00:00   3.8217e-01   9.1596e+01   3.9921e+01   2.0021e-02   4.2331e-04   2.8770e+02
20260911_06:00:00   8.0886e-01   1.5660e+02   4.4758e+01   4.5057e-01   6.6274e-01   2.8737e+02
20260911_09:00:00   2.1156e+00   2.4986e+02   4.3048e+01   2.0531e+00   5.1734e-02   2.8801e+02
20260911_12:00:00   5.8874e-01   1.2499e+02   3.8923e+01   2.5768e-01   5.1288e-01   2.8908e+02
20260911_15:00:00   3.1077e-01   7.6644e+01   3.2070e+01   1.2608e-02   1.7392e-01   2.9243e+02
20260911_18:00:00   3.3166e-01   8.1450e+01   2.3941e+01   1.0884e-01   3.1242e-02   2.9847e+02
20260911_21:00:00   2.4395e-01   6.3278e+01   1.8857e+01   4.3447e-02   2.8131e-02   3.0317e+02
20260912_00:00:00   1.8680e-01   5.0311e+01   1.5712e+01   5.5180e-04   1.7248e-02   3.0512e+02
20260912_03:00:00   1.8005e-01   4.8577e+01   1.3978e+01   8.7317e-03   1.7050e-03   3.0382e+02
20260912_06:00:00   1.9461e-01   5.1911e+01   1.3275e+01   3.4560e-02   1.0149e-02   3.0505e+02
20260912_09:00:00   1.6280e-01   4.4472e+01   1.2983e+01   0.0000e+00   6.3020e-03   3.0982e+02
20260912_12:00:00   1.7482e-01   4.7326e+01   1.4288e+01   0.0000e+00   6.4629e-04   3.1112e+02
20260912_15:00:00   1.9497e-01   5.2287e+01   1.6840e+01   8.0040e-05   9.3578e-05   3.1046e+02
20260912_18:00:00   2.9544e-01   7.4499e+01   2.0458e+01   8.7300e-02   0.0000e+00   3.0850e+02
20260912_21:00:00   2.6205e-01   6.7387e+01   2.3501e+01   2.0194e-02   0.0000e+00   3.0912e+02
20260913_00:00:00   2.7712e-01   7.0409e+01   2.4267e+01   2.9679e-02   0.0000e+00   3.0931e+02
20260913_03:00:00   2.4526e-01   6.3459e+01   2.3658e+01   3.7994e-04   0.0000e+00   3.0943e+02
20260913_06:00:00   2.6571e-01   6.7697e+01   2.6252e+01   1.3134e-04   0.0000e+00   3.1148e+02
20260913_09:00:00   3.1543e-01   7.8115e+01   3.0879e+01   1.4421e-02   0.0000e+00   3.0617e+02
20260913_12:00:00   3.1281e-01   7.7709e+01   2.9615e+01   2.3580e-02   0.0000e+00   2.9943e+02
20260913_15:00:00   2.9733e-01   7.4933e+01   2.9480e+01   3.0017e-03   0.0000e+00   2.9795e+02
20260913_18:00:00   4.1536e-01   9.8655e+01   2.9732e+01   1.3739e-01   0.0000e+00   2.9589e+02
20260913_21:00:00   3.3476e-01   8.3354e+01   2.9352e+01   4.5119e-02   0.0000e+00   2.9357e+02
20260914_00:00:00   2.8226e-01   7.2360e+01   2.7720e+01   0.0000e+00   0.0000e+00   2.9635e+02
20260914_03:00:00   2.6949e-01   6.9631e+01   2.5721e+01   0.0000e+00   0.0000e+00   2.9619e+02
20260914_06:00:00   2.6320e-01   6.8282e+01   2.5020e+01   0.0000e+00   0.0000e+00   2.9369e+02
20260914_09:00:00   2.6342e-01   6.8325e+01   2.5417e+01   0.0000e+00   0.0000e+00   2.9099e+02
20260914_12:00:00   3.3675e-01   8.3433e+01   3.4887e+01   0.0000e+00   0.0000e+00   2.9106e+02
20260914_15:00:00   4.1264e-01   9.8336e+01   4.2085e+01   2.4940e-02   1.1349e-03   2.8988e+02
20260914_18:00:00   8.0766e-01   1.6049e+02   4.4362e+01   4.9491e-01   1.2935e-03   2.9132e+02
20260914_21:00:00   1.1372e+00   1.9574e+02   4.3915e+01   9.1094e-01   7.0684e-02   2.9232e+02
20260915_00:00:00   3.1529e-01   7.8689e+01   2.6966e+01   5.5455e-02   9.3264e-03   2.9331e+02
20260915_03:00:00   1.6837e-01   4.5890e+01   1.3922e+01   0.0000e+00   0.0000e+00   2.9517e+02
20260915_06:00:00   1.4089e-01   3.9051e+01   1.1399e+01   0.0000e+00   0.0000e+00   3.0004e+02
20260915_09:00:00   1.2774e-01   3.5712e+01   1.0032e+01   0.0000e+00   0.0000e+00   2.9841e+02
20260915_12:00:00   1.1381e-01   3.2215e+01   8.3097e+00   0.0000e+00   0.0000e+00   2.9750e+02
20260915_15:00:00   1.0647e-01   3.0516e+01   7.6345e+00   0.0000e+00   0.0000e+00   2.9375e+02
20260915_18:00:00   1.1136e-01   3.1853e+01   8.7022e+00   0.0000e+00   0.0000e+00   2.9275e+02
20260915_21:00:00   1.2429e-01   3.5126e+01   1.0542e+01   0.0000e+00   0.0000e+00   2.9494e+02
20260916_00:00:00   1.3309e-01   3.7194e+01   1.1323e+01   0.0000e+00   0.0000e+00   2.9584e+02
20260916_03:00:00   1.2485e-01   3.5107e+01   1.0096e+01   0.0000e+00   0.0000e+00   2.9592e+02
20260916_06:00:00   1.3047e-01   3.6414e+01   1.1076e+01   0.0000e+00   0.0000e+00   2.9159e+02
20260916_09:00:00   1.3442e-01   3.7291e+01   1.1862e+01   0.0000e+00   0.0000e+00   2.8988e+02
20260916_12:00:00   1.3375e-01   3.7170e+01   1.1751e+01   0.0000e+00   6.8140e-05   2.9081e+02
20260916_15:00:00   1.3941e-01   3.8777e+01   1.2459e+01   0.0000e+00   0.0000e+00   2.8912e+02
20260916_18:00:00   1.5357e-01   4.2348e+01   1.4592e+01   0.0000e+00   3.2898e-03   2.8712e+02
20260916_21:00:00   1.7441e-01   4.7392e+01   1.7214e+01   0.0000e+00   0.0000e+00   2.8427e+02
20260917_00:00:00   1.6915e-01   4.6133e+01   1.5964e+01   0.0000e+00   0.0000e+00   2.8629e+02
20260917_03:00:00   1.6531e-01   4.5093e+01   1.5701e+01   0.0000e+00   7.4890e-04   2.8652e+02
20260917_06:00:00   1.6610e-01   4.5136e+01   1.6285e+01   0.0000e+00   5.1840e-03   2.8516e+02
20260917_09:00:00   1.9203e-01   5.1103e+01   2.0299e+01   0.0000e+00   7.2190e-03   2.8481e+02
20260917_12:00:00   2.2742e-01   5.8984e+01   2.4947e+01   0.0000e+00   1.2000e-02   2.8711e+02
20260917_15:00:00   2.6763e-01   6.8103e+01   2.9195e+01   1.9094e-03   8.5054e-03   2.8553e+02
20260917_18:00:00   2.9673e-01   7.4475e+01   3.3632e+01   8.6380e-04   9.1216e-03   2.8239e+02
20260917_21:00:00   4.0763e-01   9.5695e+01   3.3537e+01   1.2338e-01   5.4518e-02   2.8253e+02
20260918_00:00:00   3.5645e-01   8.6452e+01   3.4575e+01   4.2308e-02   7.7327e-03   2.8146e+02
20260918_03:00:00   3.3559e-01   8.2635e+01   3.5570e+01   0.0000e+00   2.6760e-03   2.8162e+02
20260918_06:00:00   3.5916e-01   8.7390e+01   3.6753e+01   3.3280e-03   5.9220e-04   2.8036e+02
20260918_09:00:00   3.7513e-01   9.0591e+01   3.6432e+01   2.5840e-02   0.0000e+00   2.8132e+02
20260918_12:00:00   3.6784e-01   8.9171e+01   3.7772e+01   1.0844e-03   0.0000e+00   2.8335e+02
20260918_15:00:00   5.1010e-01   1.1494e+02   4.1367e+01   1.3469e-01   6.1920e-06   2.8164e+02
20260918_18:00:00   8.4893e-01   1.6333e+02   4.2498e+01   5.1999e-01   0.0000e+00   2.7811e+02
20260918_21:00:00   4.5934e-01   1.0691e+02   4.1059e+01   7.2486e-02   0.0000e+00   2.7762e+02
20260919_00:00:00   4.9788e-01   1.1366e+02   4.0433e+01   1.1980e-01   0.0000e+00   2.7802e+02
20260919_03:00:00   8.1740e-01   1.6018e+02   4.0145e+01   5.0418e-01   0.0000e+00   2.7625e+02
20260919_06:00:00   4.8477e-01   1.1117e+02   3.9704e+01   1.1276e-01   1.2180e-05   2.7361e+02
20260919_09:00:00   4.7258e-01   1.0896e+02   3.9137e+01   1.0704e-01   3.1651e-04   2.7247e+02
20260919_12:00:00   4.6391e-01   1.0738e+02   3.9200e+01   9.7765e-02   8.0344e-05   2.7603e+02
20260919_15:00:00   5.1186e-01   1.1602e+02   4.0188e+01   1.4630e-01   9.3095e-04   2.7289e+02
20260919_18:00:00   4.3278e-01   1.0204e+02   4.0886e+01   4.1359e-02   2.9127e-03   2.7031e+02
20260919_21:00:00   4.3609e-01   1.0271e+02   4.1245e+01   4.4447e-02   3.5070e-03   2.7046e+02
20260920_00:00:00   4.3889e-01   1.0310e+02   3.8544e+01   7.1954e-02   2.6585e-03   2.7310e+02
20260920_03:00:00   3.7943e-01   9.1716e+01   3.7034e+01   1.7922e-02   1.1014e-02   2.7236e+02
20260920_06:00:00   4.4224e-01   1.0341e+02   3.4680e+01   1.1866e-01   1.3302e-04   2.7013e+02
20260920_09:00:00   6.5658e-01   1.3832e+02   3.4118e+01   3.8841e-01   2.3480e-05   2.7069e+02
20260920_12:00:00   6.4843e-01   1.3708e+02   3.2918e+01   3.8612e-01   0.0000e+00   2.7304e+02
20260920_15:00:00   4.7852e-01   1.0992e+02   3.1138e+01   1.9228e-01   3.1660e-04   2.7381e+02
20260920_18:00:00   3.6612e-01   8.9487e+01   2.8877e+01   8.6428e-02   5.5145e-04   2.7261e+02
20260920_21:00:00   3.5669e-01   8.7623e+01   2.7860e+01   8.3261e-02   2.4017e-03   2.7235e+02
20260921_00:00:00   3.4334e-01   8.4867e+01   2.8261e+01   6.2940e-02   0.0000e+00   2.7243e+02
