#            date       tau255        Tb[K]      pwv[mm] lwp[kg*m^-2] iwp[kg*m^-2]       o3[DU]
20260819_12:00:00   2.6137e-01   6.7188e+01   2.6923e+01   0.0000e+00   0.0000e+00   3.0934e+02
20260819_13:00:00   2.5677e-01   6.6394e+01   2.5985e+01   4.3480e-04   0.0000e+00   3.0801e+02
20260819_14:00:00   2.6111e-01   6.7363e+01   2.6819e+01   0.0000e+00   0.0000e+00   3.0793e+02
20260819_15:00:00   2.6214e-01   6.7664e+01   2.7248e+01   0.0000e+00   0.0000e+00   3.0997e+02
20260819_16:00:00   2.6646e-01   6.8652e+01   2.7873e+01   0.0000e+00   0.0000e+00   3.0877e+02
20260819_17:00:00   2.8474e-01   7.2573e+01   2.9807e+01   1.6640e-03   0.0000e+00   3.0796e+02
20260819_18:00:00   2.8798e-01   7.3349e+01   3.0581e+01   7.5940e-04   0.0000e+00   3.0695e+02
20260819_19:00:00   2.9252e-01   7.4299e+01   3.1418e+01   9.6640e-04   0.0000e+00   3.0733e+02
20260819_20:00:00   2.9351e-01   7.4502e+01   3.1888e+01   0.0000e+00   0.0000e+00   3.0601e+02
20260819_21:00:00   3.0034e-01   7.5937e+01   3.2501e+01   8.0540e-05   0.0000e+00   3.0419e+02
20260819_22:00:00   3.1910e-01   7.9773e+01   3.3971e+01   6.0300e-03   8.4580e-06   3.0461e+02
20260819_23:00:00   3.3408e-01   8.2744e+01   3.5632e+01   0.0000e+00   0.0000e+00   3.0511e+02
20260820_00:00:00   3.3442e-01   8.2743e+01   3.5730e+01   0.0000e+00   1.0284e-05   3.0548e+02
20260820_01:00:00   3.8704e-01   9.2506e+01   3.7683e+01   4.0455e-02   8.8016e-04   3.0558e+02
20260820_02:00:00   5.4612e-01   1.1943e+02   3.9641e+01   2.0366e-01   1.2186e-03   3.0787e+02
20260820_03:00:00   4.2934e-01   1.0025e+02   3.8993e+01   7.8586e-02   1.5544e-04   3.0976e+02
20260820_04:00:00   5.5380e-01   1.2089e+02   3.8206e+01   2.2633e-01   6.1995e-05   3.1243e+02
20260820_05:00:00   7.8029e-01   1.5264e+02   3.8115e+01   4.8917e-01   1.5060e-05   3.1404e+02
20260820_06:00:00   4.5875e-01   1.0526e+02   3.7161e+01   1.3351e-01   7.3800e-06   3.1427e+02
20260820_07:00:00   3.5739e-01   8.6886e+01   3.6839e+01   1.8956e-02   1.7508e-05   3.1289e+02
20260820_08:00:00   3.3675e-01   8.2908e+01   3.6320e+01   3.8400e-05   0.0000e+00   3.1222e+02
20260820_09:00:00   3.5462e-01   8.6317e+01   3.6793e+01   1.2437e-02   5.2230e-05   3.1174e+02
20260820_10:00:00   3.4764e-01   8.4945e+01   3.6452e+01   7.5434e-03   1.6555e-04   3.1135e+02
20260820_11:00:00   3.6337e-01   8.7865e+01   3.8746e+01   6.2512e-03   4.3856e-05   3.1033e+02
20260820_12:00:00   4.3374e-01   1.0100e+02   4.0831e+01   6.3532e-02   1.5808e-03   3.1028e+02
20260820_13:00:00   4.2470e-01   9.9471e+01   4.1061e+01   4.7012e-02   5.6000e-03   3.1119e+02
20260820_14:00:00   4.1301e-01   9.7175e+01   4.1667e+01   2.7712e-02   1.2229e-01   3.0960e+02
20260820_15:00:00   6.0879e-01   1.2903e+02   4.0812e+01   2.6336e-01   6.6360e-02   3.0958e+02
20260820_16:00:00   3.9448e-01   9.3751e+01   3.9358e+01   3.3297e-02   5.3829e-02   3.0955e+02
20260820_17:00:00   3.4252e-01   8.4171e+01   3.7126e+01   1.9552e-04   6.9272e-03   3.0872e+02
20260820_18:00:00   3.7528e-01   9.0866e+01   3.6770e+01   4.0584e-02   6.5857e-05   3.1216e+02
20260820_19:00:00   3.9264e-01   9.4392e+01   3.7840e+01   3.6565e-02   9.0896e-04   3.1313e+02
20260820_20:00:00   3.8638e-01   9.3289e+01   3.7453e+01   2.6722e-02   3.8560e-04   3.1246e+02
20260820_21:00:00   3.4655e-01   8.5630e+01   3.4861e+01   4.6817e-03   3.7433e-04   3.1140e+02
20260820_22:00:00   3.3430e-01   8.3283e+01   3.3264e+01   6.6643e-03   4.0702e-04   3.1400e+02
20260820_23:00:00   3.2399e-01   8.1134e+01   3.2644e+01   1.9200e-05   7.2827e-04   3.1754e+02
20260821_00:00:00   3.2108e-01   8.0381e+01   3.2643e+01   0.0000e+00   3.3924e-04   3.1328e+02
20260821_01:00:00   3.1810e-01   7.9614e+01   3.2914e+01   0.0000e+00   1.8323e-04   3.1154e+02
20260821_02:00:00   3.0835e-01   7.7560e+01   3.2196e+01   0.0000e+00   3.4867e-03   3.1462e+02
20260821_03:00:00   3.0778e-01   7.7377e+01   3.2105e+01   0.0000e+00   1.8743e-02   3.1467e+02
20260821_04:00:00   3.2031e-01   7.9843e+01   3.3361e+01   0.0000e+00   2.5883e-02   3.1571e+02
20260821_05:00:00   3.3041e-01   8.1809e+01   3.4391e+01   2.3040e-04   2.8002e-02   3.1547e+02
20260821_06:00:00   3.4504e-01   8.4593e+01   3.6140e+01   2.5021e-03   2.1880e-02   3.1297e+02
20260821_07:00:00   3.6635e-01   8.8729e+01   3.7281e+01   2.2255e-02   3.4219e-02   3.1622e+02
20260821_08:00:00   3.7338e-01   9.0141e+01   3.6337e+01   3.8736e-02   1.0392e-03   3.1806e+02
20260821_09:00:00   3.4850e-01   8.5430e+01   3.4318e+01   2.7872e-02   0.0000e+00   3.2001e+02
20260821_10:00:00   3.3475e-01   8.2705e+01   3.3115e+01   2.3265e-02   0.0000e+00   3.2118e+02
20260821_11:00:00   3.3900e-01   8.3477e+01   3.4073e+01   2.0999e-02   8.6292e-04   3.2002e+02
20260821_12:00:00   3.3671e-01   8.3097e+01   3.3665e+01   2.1600e-02   1.9200e-05   3.1977e+02
20260821_13:00:00   3.3343e-01   8.2518e+01   3.3182e+01   1.4972e-02   0.0000e+00   3.1806e+02
20260821_14:00:00   3.3927e-01   8.3872e+01   3.2191e+01   2.6735e-02   0.0000e+00   3.1481e+02
20260821_15:00:00   3.9264e-01   9.4648e+01   3.1498e+01   1.0014e-01   1.0436e-05   3.1203e+02
20260821_16:00:00   4.9249e-01   1.1319e+02   3.2030e+01   2.2344e-01   0.0000e+00   3.1327e+02
20260821_17:00:00   4.3306e-01   1.0239e+02   3.2592e+01   1.4151e-01   0.0000e+00   3.0996e+02
20260821_18:00:00   3.7241e-01   9.0559e+01   3.4157e+01   4.9251e-02   1.2684e-05   3.0923e+02
20260821_19:00:00   3.6958e-01   8.9859e+01   3.5590e+01   2.8345e-02   4.1940e-05   3.0947e+02
20260821_20:00:00   3.4705e-01   8.5443e+01   3.4778e+01   9.6080e-03   1.2688e-04   3.0974e+02
20260821_21:00:00   3.3891e-01   8.3987e+01   3.4142e+01   1.0034e-02   2.8920e-05   3.0982e+02
20260821_22:00:00   3.7610e-01   9.1080e+01   3.7499e+01   1.4897e-02   2.2163e-02   3.0808e+02
20260821_23:00:00   3.6872e-01   8.9339e+01   3.7789e+01   5.6978e-03   2.9572e-01   3.0793e+02
20260822_00:00:00   3.4421e-01   8.4427e+01   3.5755e+01   3.4418e-03   2.1864e-01   3.0831e+02
20260822_01:00:00   3.4614e-01   8.4821e+01   3.5087e+01   1.2904e-02   6.0251e-02   3.1030e+02
20260822_02:00:00   3.2125e-01   7.9834e+01   3.3434e+01   1.3497e-03   2.2741e-02   3.1212e+02
20260822_03:00:00   3.0750e-01   7.7060e+01   3.2074e+01   8.7784e-04   9.2082e-03   3.1384e+02
20260822_04:00:00   3.1418e-01   7.8414e+01   3.1784e+01   1.0103e-02   4.2437e-04   3.1575e+02
20260822_05:00:00   3.4296e-01   8.4266e+01   3.1815e+01   3.7389e-02   5.7569e-04   3.1445e+02
20260822_06:00:00   3.3525e-01   8.2677e+01   3.0895e+01   3.4523e-02   1.4812e-03   3.1906e+02
20260822_07:00:00   3.0321e-01   7.6051e+01   3.0059e+01   4.9778e-03   1.2176e-05   3.1888e+02
20260822_08:00:00   2.9915e-01   7.5172e+01   2.9631e+01   4.7923e-03   8.2900e-04   3.1888e+02
20260822_09:00:00   2.9040e-01   7.3332e+01   2.9067e+01   7.9132e-04   0.0000e+00   3.1894e+02
20260822_10:00:00   2.8502e-01   7.2192e+01   2.8459e+01   3.5695e-04   0.0000e+00   3.1891e+02
20260822_11:00:00   2.8024e-01   7.1178e+01   2.7721e+01   3.0850e-04   0.0000e+00   3.2119e+02
20260822_12:00:00   2.7542e-01   7.0193e+01   2.7129e+01   6.2670e-05   0.0000e+00   3.2407e+02
20260822_13:00:00   2.8332e-01   7.1926e+01   2.7586e+01   3.5242e-03   0.0000e+00   3.2556e+02
20260822_14:00:00   3.0242e-01   7.6067e+01   2.7680e+01   2.7040e-02   0.0000e+00   3.2692e+02
20260822_15:00:00   3.0171e-01   7.6055e+01   2.7117e+01   3.4935e-02   0.0000e+00   3.2882e+02
20260822_16:00:00   2.6047e-01   6.7220e+01   2.5829e+01   4.1902e-03   0.0000e+00   3.2956e+02
20260822_17:00:00   2.4020e-01   6.2758e+01   2.4315e+01   2.1880e-03   0.0000e+00   3.3034e+02
20260822_18:00:00   2.2764e-01   5.9930e+01   2.3429e+01   0.0000e+00   0.0000e+00   3.3080e+02
20260822_19:00:00   2.1983e-01   5.8153e+01   2.2718e+01   0.0000e+00   0.0000e+00   3.2946e+02
20260822_20:00:00   2.1864e-01   5.7878e+01   2.2607e+01   0.0000e+00   0.0000e+00   3.3067e+02
20260822_21:00:00   2.3209e-01   6.0891e+01   2.3992e+01   8.3220e-05   0.0000e+00   3.2912e+02
20260822_22:00:00   2.4697e-01   6.4234e+01   2.5333e+01   1.4820e-03   0.0000e+00   3.2793e+02
20260822_23:00:00   2.6438e-01   6.8045e+01   2.6776e+01   3.3320e-03   0.0000e+00   3.2793e+02
20260823_00:00:00   2.8349e-01   7.1937e+01   2.7285e+01   1.9840e-02   0.0000e+00   3.2702e+02
20260823_01:00:00   2.5994e-01   6.6907e+01   2.6582e+01   0.0000e+00   0.0000e+00   3.2682e+02
20260823_02:00:00   2.5489e-01   6.5773e+01   2.5891e+01   0.0000e+00   0.0000e+00   3.2682e+02
20260823_03:00:00   2.5873e-01   6.6542e+01   2.5792e+01   3.9385e-03   0.0000e+00   3.2901e+02
20260823_04:00:00   2.5770e-01   6.6293e+01   2.5940e+01   0.0000e+00   0.0000e+00   3.2929e+02
20260823_05:00:00   2.6103e-01   6.6970e+01   2.6011e+01   0.0000e+00   0.0000e+00   3.3010e+02
20260823_06:00:00   2.5528e-01   6.5749e+01   2.5211e+01   2.0440e-05   0.0000e+00   3.2929e+02
20260823_07:00:00   2.6925e-01   6.8675e+01   2.6742e+01   0.0000e+00   0.0000e+00   3.2726e+02
20260823_08:00:00   2.6688e-01   6.8148e+01   2.6341e+01   0.0000e+00   0.0000e+00   3.2679e+02
20260823_09:00:00   2.6030e-01   6.6741e+01   2.5388e+01   0.0000e+00   0.0000e+00   3.2771e+02
20260823_10:00:00   2.5862e-01   6.6372e+01   2.4826e+01   0.0000e+00   0.0000e+00   3.2831e+02
20260823_11:00:00   2.4891e-01   6.4278e+01   2.3618e+01   0.0000e+00   0.0000e+00   3.2923e+02
20260823_12:00:00   2.6148e-01   6.7045e+01   2.4671e+01   0.0000e+00   0.0000e+00   3.2832e+02
20260823_13:00:00   2.6590e-01   6.8110e+01   2.4741e+01   2.0920e-03   0.0000e+00   3.2912e+02
20260823_14:00:00   2.4291e-01   6.3218e+01   2.2553e+01   2.9660e-04   0.0000e+00   3.3052e+02
20260823_15:00:00   2.2444e-01   5.9158e+01   2.0717e+01   1.5974e-03   0.0000e+00   3.3111e+02
20260823_16:00:00   2.1703e-01   5.7513e+01   2.0253e+01   4.3500e-04   0.0000e+00   3.3274e+02
20260823_17:00:00   2.1098e-01   5.6140e+01   2.0063e+01   0.0000e+00   0.0000e+00   3.3416e+02
20260823_18:00:00   2.1310e-01   5.6542e+01   2.0667e+01   0.0000e+00   0.0000e+00   3.3484e+02
20260823_19:00:00   2.2144e-01   5.8380e+01   2.1652e+01   3.4242e-04   0.0000e+00   3.3301e+02
20260823_20:00:00   2.4241e-01   6.2953e+01   2.2215e+01   1.8789e-02   0.0000e+00   3.3062e+02
20260823_21:00:00   2.8447e-01   7.1752e+01   2.1405e+01   7.7520e-02   0.0000e+00   3.2894e+02
20260823_22:00:00   2.5360e-01   6.5251e+01   2.0610e+01   4.8300e-02   0.0000e+00   3.2880e+02
20260823_23:00:00   2.0035e-01   5.3620e+01   1.8827e+01   9.7000e-04   0.0000e+00   3.2896e+02
20260824_00:00:00   1.9202e-01   5.1668e+01   1.7568e+01   0.0000e+00   0.0000e+00   3.2897e+02
20260824_01:00:00   1.8821e-01   5.0712e+01   1.6933e+01   0.0000e+00   0.0000e+00   3.2919e+02
20260824_02:00:00   1.8533e-01   5.0001e+01   1.6547e+01   0.0000e+00   0.0000e+00   3.2886e+02
20260824_03:00:00   1.8945e-01   5.0884e+01   1.7497e+01   0.0000e+00   0.0000e+00   3.2945e+02
20260824_04:00:00   1.9897e-01   5.2992e+01   1.9058e+01   0.0000e+00   0.0000e+00   3.2911e+02
20260824_05:00:00   2.0286e-01   5.3869e+01   1.9519e+01   0.0000e+00   0.0000e+00   3.2725e+02
20260824_06:00:00   2.0147e-01   5.3542e+01   1.9423e+01   0.0000e+00   0.0000e+00   3.2578e+02
20260824_07:00:00   1.8921e-01   5.0775e+01   1.7919e+01   0.0000e+00   0.0000e+00   3.2452e+02
20260824_08:00:00   1.9349e-01   5.1774e+01   1.8344e+01   0.0000e+00   0.0000e+00   3.2437e+02
20260824_09:00:00   2.1419e-01   5.6432e+01   2.0666e+01   0.0000e+00   0.0000e+00   3.2134e+02
20260824_10:00:00   2.2646e-01   5.9162e+01   2.1947e+01   0.0000e+00   0.0000e+00   3.1952e+02
20260824_11:00:00   2.3200e-01   6.0378e+01   2.2510e+01   0.0000e+00   0.0000e+00   3.1989e+02
20260824_12:00:00   2.3952e-01   6.2109e+01   2.3157e+01   2.9539e-04   0.0000e+00   3.2153e+02
20260824_15:00:00   2.1972e-01   5.8079e+01   2.1041e+01   0.0000e+00   0.0000e+00   3.2335e+02
20260824_18:00:00   4.9409e-01   1.1133e+02   2.6904e+01   2.5976e-01   0.0000e+00   3.2117e+02
20260824_21:00:00   2.5466e-01   6.6035e+01   2.4901e+01   1.1466e-03   0.0000e+00   3.1852e+02
20260825_00:00:00   2.9279e-01   7.3809e+01   2.9495e+01   0.0000e+00   5.3700e-06   3.1835e+02
20260825_03:00:00   2.7756e-01   7.0519e+01   2.6892e+01   6.2660e-03   1.8438e-03   3.1675e+02
20260825_06:00:00   2.3476e-01   6.1193e+01   2.3120e+01   0.0000e+00   8.1320e-03   3.1352e+02
20260825_09:00:00   2.4476e-01   6.3092e+01   2.4982e+01   9.0380e-04   8.3808e-02   3.1193e+02
20260825_12:00:00   2.7008e-01   6.8650e+01   2.7081e+01   6.6260e-03   4.6940e-03   3.0974e+02
20260825_15:00:00   2.8563e-01   7.2088e+01   2.9116e+01   6.3820e-03   4.4270e-03   3.1039e+02
20260825_18:00:00   4.6555e-01   1.0661e+02   3.1122e+01   1.9645e-01   1.9054e-03   3.1233e+02
20260825_21:00:00   3.6573e-01   8.8544e+01   3.1766e+01   6.9814e-02   7.2360e-05   3.1011e+02
20260826_00:00:00   2.8471e-01   7.2298e+01   2.9212e+01   4.3144e-04   2.9781e-03   3.0867e+02
20260826_03:00:00   2.9095e-01   7.3410e+01   2.9758e+01   3.3785e-05   1.0018e-02   3.0633e+02
20260826_06:00:00   5.0970e-01   1.1404e+02   3.2248e+01   2.3020e-01   5.2979e-03   3.0369e+02
20260826_09:00:00   2.8604e-01   7.2271e+01   2.9888e+01   0.0000e+00   1.8047e-02   3.0744e+02
20260826_12:00:00   2.9454e-01   7.4107e+01   3.0502e+01   0.0000e+00   1.4259e-02   3.0588e+02
20260826_15:00:00   2.9349e-01   7.4180e+01   3.0813e+01   0.0000e+00   6.2987e-02   3.0611e+02
20260826_18:00:00   3.2916e-01   8.1607e+01   3.3555e+01   1.4025e-02   2.8503e-03   3.0474e+02
20260826_21:00:00   3.7679e-01   9.0911e+01   3.7094e+01   2.9671e-02   1.5125e-03   3.0000e+02
20260827_00:00:00   3.2532e-01   8.0681e+01   3.4137e+01   1.2948e-03   7.7820e-07   3.0072e+02
20260827_03:00:00   3.1753e-01   7.8860e+01   3.2964e+01   4.4174e-03   1.2359e-02   3.0518e+02
20260827_06:00:00   2.9215e-01   7.3755e+01   3.0048e+01   0.0000e+00   1.7440e-03   3.0607e+02
20260827_09:00:00   2.7678e-01   7.0464e+01   2.8722e+01   0.0000e+00   1.7532e-02   3.0808e+02
20260827_12:00:00   2.6573e-01   6.8109e+01   2.7777e+01   0.0000e+00   5.9723e-03   3.1018e+02
20260827_15:00:00   2.8895e-01   7.3251e+01   3.0223e+01   0.0000e+00   5.2420e-04   3.1329e+02
20260827_18:00:00   3.4125e-01   8.4033e+01   3.3332e+01   2.9258e-02   1.0288e-03   3.1151e+02
20260827_21:00:00   3.6061e-01   8.7821e+01   3.6711e+01   1.3984e-02   9.9714e-04   3.0922e+02
20260828_00:00:00   3.6376e-01   8.8008e+01   3.6177e+01   2.4628e-02   8.1375e-02   3.1113e+02
20260828_03:00:00   4.0611e-01   9.5474e+01   3.6526e+01   6.8539e-02   2.4341e-01   3.1144e+02
20260828_06:00:00   5.2585e-01   1.1786e+02   3.7294e+01   2.1328e-01   1.5648e-02   3.0855e+02
20260828_09:00:00   7.2658e-01   1.4882e+02   3.6478e+01   4.7061e-01   4.9003e-03   3.1200e+02
20260828_12:00:00   9.2024e-01   1.7220e+02   3.7212e+01   6.8096e-01   0.0000e+00   3.1639e+02
20260828_15:00:00   1.2188e+00   2.0111e+02   3.5714e+01   1.0485e+00   0.0000e+00   3.1870e+02
20260828_18:00:00   1.1573e+00   1.9577e+02   3.5354e+01   9.8269e-01   3.0524e-03   3.1741e+02
20260828_21:00:00   7.6478e-01   1.5347e+02   3.7014e+01   5.0676e-01   9.7724e-02   3.1603e+02
20260829_00:00:00   8.0053e-01   1.5770e+02   3.6562e+01   5.5682e-01   4.5797e-01   3.1487e+02
20260829_03:00:00   8.8609e-01   1.6853e+02   3.3656e+01   6.8891e-01   1.1778e-03   3.1777e+02
20260829_06:00:00   6.2234e-01   1.3327e+02   3.2762e+01   3.7813e-01   2.5306e-02   3.1696e+02
20260829_09:00:00   3.4432e-01   8.4340e+01   3.0041e+01   5.4440e-02   0.0000e+00   3.1751e+02
20260829_12:00:00   4.7379e-01   1.0893e+02   3.0992e+01   2.1130e-01   0.0000e+00   3.1748e+02
20260829_15:00:00   3.9160e-01   9.3830e+01   3.1169e+01   1.0737e-01   3.4780e-06   3.1376e+02
20260829_18:00:00   5.2012e-01   1.1732e+02   3.3049e+01   2.4029e-01   0.0000e+00   3.1293e+02
20260829_21:00:00   3.6119e-01   8.8083e+01   3.1807e+01   5.2539e-02   2.1697e-04   3.1141e+02
20260830_00:00:00   3.4631e-01   8.4969e+01   3.0228e+01   5.8250e-02   6.2592e-03   3.1120e+02
20260830_03:00:00   3.4955e-01   8.5368e+01   3.0422e+01   6.1840e-02   1.0216e-02   3.1136e+02
20260830_06:00:00   3.1436e-01   7.8288e+01   2.8641e+01   3.6376e-02   2.0040e-05   3.1109e+02
20260830_09:00:00   2.8755e-01   7.2507e+01   2.8597e+01   4.3290e-03   0.0000e+00   3.1779e+02
20260830_12:00:00   3.0250e-01   7.5672e+01   2.9492e+01   1.1225e-02   0.0000e+00   3.2446e+02
20260830_15:00:00   3.2029e-01   7.9582e+01   3.1222e+01   1.1412e-02   0.0000e+00   3.2293e+02
20260830_18:00:00   4.1297e-01   9.7811e+01   3.4548e+01   9.4828e-02   2.7840e-05   3.1504e+02
20260830_21:00:00   3.3394e-01   8.2579e+01   3.3114e+01   7.5071e-03   2.6840e-05   3.0852e+02
20260831_00:00:00   3.2608e-01   8.0740e+01   3.2579e+01   5.4108e-03   7.3700e-06   3.0518e+02
20260831_03:00:00   3.3501e-01   8.2313e+01   3.3039e+01   1.7928e-02   2.7840e-06   3.0836e+02
20260831_06:00:00   3.3318e-01   8.1852e+01   3.2462e+01   1.8811e-02   3.1640e-05   3.1069e+02
20260831_09:00:00   3.6523e-01   8.8342e+01   3.2428e+01   6.1194e-02   0.0000e+00   3.1900e+02
20260831_12:00:00   3.4020e-01   8.3237e+01   3.2521e+01   3.0834e-02   3.9715e-03   3.2104e+02
20260831_15:00:00   3.1685e-01   7.8569e+01   3.2772e+01   2.7058e-03   6.0320e-05   3.1787e+02
20260831_18:00:00   3.2502e-01   8.0443e+01   3.3923e+01   3.4620e-04   3.4780e-06   3.1275e+02
20260831_21:00:00   3.0159e-01   7.5939e+01   3.1226e+01   0.0000e+00   0.0000e+00   3.0824e+02
20260901_00:00:00   2.7934e-01   7.1295e+01   2.8189e+01   0.0000e+00   0.0000e+00   3.0284e+02
20260901_03:00:00   2.6956e-01   6.9188e+01   2.6220e+01   0.0000e+00   0.0000e+00   2.9882e+02
20260901_06:00:00   2.6735e-01   6.8645e+01   2.5708e+01   0.0000e+00   9.6000e-06   2.9434e+02
20260901_09:00:00   2.5619e-01   6.6189e+01   2.4618e+01   1.1742e-05   0.0000e+00   2.9131e+02
20260901_12:00:00   2.4971e-01   6.4839e+01   2.4082e+01   3.3208e-04   0.0000e+00   2.9088e+02
20260901_15:00:00   2.5320e-01   6.5949e+01   2.4524e+01   3.2219e-03   0.0000e+00   2.9202e+02
20260901_18:00:00   2.7802e-01   7.1473e+01   2.7488e+01   7.4307e-03   0.0000e+00   2.9154e+02
20260901_21:00:00   3.8758e-01   9.3566e+01   3.0681e+01   9.6109e-02   0.0000e+00   2.9005e+02
20260902_00:00:00   3.0110e-01   7.6354e+01   2.9307e+01   1.0738e-05   0.0000e+00   2.9136e+02
20260902_03:00:00   2.7946e-01   7.1619e+01   2.6747e+01   0.0000e+00   0.0000e+00   2.8925e+02
20260902_06:00:00   2.5960e-01   6.7266e+01   2.4792e+01   0.0000e+00   0.0000e+00   2.8830e+02
20260902_09:00:00   2.5282e-01   6.5706e+01   2.4208e+01   4.3780e-06   0.0000e+00   2.8888e+02
20260902_12:00:00   2.5093e-01   6.5346e+01   2.3753e+01   5.3610e-03   0.0000e+00   2.8857e+02
20260902_15:00:00   2.5076e-01   6.5602e+01   2.4714e+01   3.8260e-05   0.0000e+00   2.8935e+02
20260902_18:00:00   2.5902e-01   6.7615e+01   2.6768e+01   0.0000e+00   0.0000e+00   2.8941e+02
20260902_21:00:00   2.7702e-01   7.1473e+01   2.8922e+01   9.8940e-03   0.0000e+00   2.8962e+02
20260903_00:00:00   2.9699e-01   7.5660e+01   3.0599e+01   0.0000e+00   0.0000e+00   2.9057e+02
20260903_03:00:00   2.8117e-01   7.2050e+01   2.8827e+01   0.0000e+00   2.3798e-03   2.9114e+02
20260903_06:00:00   2.8171e-01   7.1894e+01   2.9720e+01   0.0000e+00   3.0722e-04   2.9064e+02
20260903_09:00:00   2.7656e-01   7.0508e+01   3.0063e+01   0.0000e+00   1.1198e-02   2.9066e+02
20260903_12:00:00   3.1920e-01   7.9398e+01   3.5733e+01   8.4160e-04   6.2058e-02   2.9057e+02
20260903_15:00:00   6.5534e-01   1.3646e+02   4.0926e+01   3.2025e-01   3.7882e-02   2.9198e+02
20260903_18:00:00   7.4046e-01   1.4728e+02   4.2885e+01   3.8579e-01   3.9627e-01   2.9339e+02
20260903_21:00:00   4.1766e-01   9.8840e+01   4.3282e+01   1.5166e-02   3.6662e-01   2.9251e+02
20260904_00:00:00   3.8173e-01   9.2497e+01   4.0255e+01   0.0000e+00   2.3408e-02   2.9167e+02
20260904_03:00:00   4.0987e-01   9.7278e+01   4.3316e+01   9.6524e-03   3.5939e-01   2.9323e+02
20260904_06:00:00   8.8202e-01   1.6650e+02   4.5809e+01   5.3038e-01   1.2357e-01   2.9426e+02
20260904_09:00:00   7.4703e-01   1.5085e+02   4.3852e+01   4.0684e-01   4.1321e-03   2.9508e+02
20260904_12:00:00   8.5805e-01   1.6345e+02   4.0251e+01   5.5716e-01   5.4433e-02   2.9541e+02
