#            date       tau255        Tb[K]      pwv[mm] lwp[kg*m^-2] iwp[kg*m^-2]       o3[DU]
20260812_00:00:00   3.2204e-01   8.0262e+01   3.4826e+01   0.0000e+00   1.1877e-01   3.1063e+02
20260812_01:00:00   5.8660e-01   1.2686e+02   4.0465e+01   2.4345e-01   5.1949e-01   3.1271e+02
20260812_02:00:00   3.3384e-01   8.1633e+01   3.6510e+01   3.1140e-05   6.8362e-01   3.1409e+02
20260812_03:00:00   3.0322e-01   7.5617e+01   3.3803e+01   1.9200e-05   2.8012e-01   3.1358e+02
20260812_04:00:00   3.7739e-01   9.0010e+01   3.2849e+01   8.4994e-02   4.1414e-02   3.1038e+02
20260812_05:00:00   3.2488e-01   8.0186e+01   3.3240e+01   1.2203e-02   1.9832e-03   3.0998e+02
20260812_06:00:00   3.1514e-01   7.8307e+01   3.1786e+01   8.1678e-03   1.1376e-03   3.1264e+02
20260812_07:00:00   3.2242e-01   8.0106e+01   2.8842e+01   3.9996e-02   0.0000e+00   3.1512e+02
20260812_08:00:00   4.2940e-01   1.0109e+02   2.8124e+01   1.7989e-01   3.1000e-04   3.1788e+02
20260812_09:00:00   3.7404e-01   9.0661e+01   2.5486e+01   1.3634e-01   2.6419e-05   3.2138e+02
20260812_10:00:00   3.4773e-01   8.5560e+01   2.3042e+01   1.2876e-01   1.7512e-05   3.2384e+02
20260812_11:00:00   2.6147e-01   6.7483e+01   2.1167e+01   4.3521e-02   2.1134e-03   3.2353e+02
20260812_12:00:00   2.2642e-01   5.9685e+01   2.1131e+01   6.0260e-03   3.2782e-03   3.2119e+02
20260812_13:00:00   2.3691e-01   6.2019e+01   2.2615e+01   9.2680e-03   1.8650e-02   3.2041e+02
20260812_14:00:00   2.3257e-01   6.1068e+01   2.3246e+01   2.6840e-06   5.2405e-02   3.1860e+02
20260812_15:00:00   2.3759e-01   6.2190e+01   2.4746e+01   0.0000e+00   4.8931e-02   3.1674e+02
20260812_16:00:00   2.4552e-01   6.3897e+01   2.6572e+01   0.0000e+00   9.5125e-02   3.1495e+02
20260812_17:00:00   2.6904e-01   6.8945e+01   2.9458e+01   0.0000e+00   1.1850e-01   3.1410e+02
20260812_18:00:00   2.8465e-01   7.2533e+01   3.0694e+01   0.0000e+00   6.1082e-02   3.1470e+02
20260812_19:00:00   3.0615e-01   7.7322e+01   3.1988e+01   1.0114e-03   5.3515e-02   3.1598e+02
20260812_20:00:00   2.7527e-01   7.0869e+01   2.9077e+01   0.0000e+00   6.9677e-02   3.1696e+02
20260812_21:00:00   2.7515e-01   7.0823e+01   2.9233e+01   0.0000e+00   4.5851e-02   3.1671e+02
20260812_22:00:00   2.9491e-01   7.5047e+01   3.1476e+01   0.0000e+00   2.3783e-03   3.1313e+02
20260812_23:00:00   2.9405e-01   7.4969e+01   3.1129e+01   0.0000e+00   0.0000e+00   3.1466e+02
20260813_00:00:00   3.1158e-01   7.8495e+01   3.2699e+01   0.0000e+00   2.0803e-02   3.1445e+02
20260813_01:00:00   3.2284e-01   8.0627e+01   3.4251e+01   0.0000e+00   1.9019e-01   3.1442e+02
20260813_02:00:00   3.4376e-01   8.4522e+01   3.6753e+01   1.3424e-05   4.3981e-01   3.1318e+02
20260813_03:00:00   3.5652e-01   8.6973e+01   3.8080e+01   2.8585e-03   5.3768e-01   3.1293e+02
20260813_04:00:00   5.7096e-01   1.2578e+02   4.1071e+01   2.3923e-01   5.6296e-01   3.1024e+02
20260813_05:00:00   5.3476e-01   1.2020e+02   3.7704e+01   2.3245e-01   1.2796e-01   3.1181e+02
20260813_06:00:00   4.0376e-01   9.6521e+01   3.4579e+01   8.9500e-02   1.3746e-01   3.1113e+02
20260813_07:00:00   3.3316e-01   8.2449e+01   3.4528e+01   0.0000e+00   1.6847e-03   3.1122e+02
20260813_08:00:00   3.1462e-01   7.8733e+01   3.2345e+01   0.0000e+00   0.0000e+00   3.1070e+02
20260813_09:00:00   2.9996e-01   7.5694e+01   3.0926e+01   0.0000e+00   0.0000e+00   3.0978e+02
20260813_10:00:00   2.8644e-01   7.2818e+01   2.9433e+01   0.0000e+00   6.5021e-04   3.0704e+02
20260813_11:00:00   2.8959e-01   7.3442e+01   2.8867e+01   1.9118e-04   1.1475e-03   3.0652e+02
20260813_12:00:00   2.9118e-01   7.3922e+01   2.7156e+01   2.0080e-02   2.8320e-03   3.0919e+02
20260813_13:00:00   2.9742e-01   7.5357e+01   2.6257e+01   4.4153e-02   2.2960e-03   3.0887e+02
20260813_14:00:00   2.6976e-01   6.9458e+01   2.5762e+01   2.0740e-02   2.7669e-03   3.1100e+02
20260813_15:00:00   2.4145e-01   6.3307e+01   2.4986e+01   2.6800e-04   3.2147e-02   3.0981e+02
20260813_16:00:00   2.3266e-01   6.1413e+01   2.5005e+01   0.0000e+00   6.8355e-03   3.0760e+02
20260813_17:00:00   2.5650e-01   6.6483e+01   2.9218e+01   0.0000e+00   4.7417e-02   3.0626e+02
20260813_18:00:00   2.7516e-01   7.0395e+01   3.1866e+01   0.0000e+00   3.1680e-02   3.0777e+02
20260813_19:00:00   3.0507e-01   7.6637e+01   3.5285e+01   0.0000e+00   1.0893e-01   3.0661e+02
20260813_20:00:00   3.3863e-01   8.3474e+01   3.8436e+01   1.5088e-03   1.2554e-01   3.0634e+02
20260813_21:00:00   4.0681e-01   9.6380e+01   4.1124e+01   4.4260e-02   2.1844e-01   3.0551e+02
20260813_22:00:00   5.7639e-01   1.2461e+02   4.3532e+01   2.0854e-01   4.7309e-01   3.0529e+02
20260813_23:00:00   8.4462e-01   1.6056e+02   4.4473e+01   4.9853e-01   1.3144e-01   3.0730e+02
20260814_00:00:00   8.8466e-01   1.6523e+02   4.5543e+01   5.2814e-01   5.6706e-01   3.0590e+02
20260814_01:00:00   9.4959e-01   1.7228e+02   4.4491e+01   6.1801e-01   2.4903e-01   3.0716e+02
20260814_02:00:00   1.1394e+00   1.9040e+02   4.5887e+01   8.1530e-01   1.4660e-01   3.0796e+02
20260814_03:00:00   1.7070e+00   2.2951e+02   4.6997e+01   1.4526e+00   1.5969e-01   3.0880e+02
20260814_04:00:00   1.8075e+00   2.3527e+02   4.6330e+01   1.5843e+00   3.6583e-03   3.0944e+02
20260814_05:00:00   1.4973e+00   2.2045e+02   4.5294e+01   1.2651e+00   7.4756e-04   3.1100e+02
20260814_06:00:00   9.0341e-01   1.7018e+02   4.3476e+01   5.8464e-01   2.6448e-04   3.1151e+02
20260814_07:00:00   8.3500e-01   1.6233e+02   4.2297e+01   5.1647e-01   6.2056e-03   3.1088e+02
20260814_08:00:00   9.2439e-01   1.7257e+02   4.3229e+01   6.1534e-01   1.5357e-03   3.1017e+02
20260814_09:00:00   1.1767e+00   1.9723e+02   4.2464e+01   9.1793e-01   1.4917e-03   3.1107e+02
20260814_10:00:00   1.2174e+00   2.0157e+02   4.1725e+01   9.9217e-01   4.2387e-04   3.1235e+02
20260814_11:00:00   8.2605e-01   1.6158e+02   4.0960e+01   5.3143e-01   7.9457e-04   3.1476e+02
20260814_12:00:00   5.4094e-01   1.2047e+02   4.0383e+01   1.8826e-01   2.5262e-03   3.1585e+02
20260814_13:00:00   4.2611e-01   1.0043e+02   4.0279e+01   5.1326e-02   1.8234e-03   3.1526e+02
20260814_14:00:00   3.9389e-01   9.4443e+01   4.0778e+01   7.6859e-03   5.0759e-03   3.1436e+02
20260814_15:00:00   3.9925e-01   9.5560e+01   4.1697e+01   6.2929e-03   1.4000e-02   3.1465e+02
20260814_16:00:00   4.2409e-01   1.0026e+02   4.3387e+01   1.8962e-02   6.1869e-03   3.1267e+02
20260814_17:00:00   4.7514e-01   1.0969e+02   4.4400e+01   7.1824e-02   7.9319e-03   3.0989e+02
20260814_18:00:00   4.5735e-01   1.0647e+02   4.6045e+01   2.7884e-02   6.2536e-03   3.0848e+02
20260814_19:00:00   8.4621e-01   1.6316e+02   4.8494e+01   4.5462e-01   8.3244e-03   3.0780e+02
20260814_20:00:00   7.5083e-01   1.5106e+02   4.9301e+01   3.3380e-01   9.8331e-02   3.0721e+02
20260814_21:00:00   4.0697e-01   9.7276e+01   4.3619e+01   2.2640e-04   5.2456e-02   3.0906e+02
20260814_22:00:00   4.0438e-01   9.6871e+01   4.3262e+01   4.3582e-03   1.5590e-02   3.0872e+02
20260814_23:00:00   4.1350e-01   9.8631e+01   4.3818e+01   8.5900e-03   3.3100e-02   3.0821e+02
20260815_00:00:00   5.5232e-01   1.2224e+02   4.5339e+01   1.5070e-01   9.4633e-04   3.0846e+02
20260815_01:00:00   4.4031e-01   1.0349e+02   4.4087e+01   3.4376e-02   1.2904e-04   3.0824e+02
20260815_02:00:00   4.6363e-01   1.0787e+02   4.3780e+01   6.0551e-02   4.4900e-05   3.0819e+02
20260815_03:00:00   4.0909e-01   9.7782e+01   4.1479e+01   9.4629e-03   5.4240e-06   3.0772e+02
20260815_04:00:00   4.2523e-01   1.0092e+02   4.0019e+01   3.9725e-02   6.4440e-06   3.0647e+02
20260815_05:00:00   4.1810e-01   9.9628e+01   3.9383e+01   3.8997e-02   4.3240e-05   3.0620e+02
20260815_06:00:00   3.8814e-01   9.3855e+01   3.9497e+01   5.8520e-04   3.0042e-05   3.0522e+02
20260815_07:00:00   3.9034e-01   9.4173e+01   4.0081e+01   0.0000e+00   2.2838e-03   3.0484e+02
20260815_08:00:00   3.8634e-01   9.3383e+01   3.9702e+01   0.0000e+00   4.4821e-05   3.0480e+02
20260815_09:00:00   3.8290e-01   9.2706e+01   3.9151e+01   0.0000e+00   3.8423e-05   3.0413e+02
20260815_10:00:00   3.8921e-01   9.3852e+01   4.0046e+01   0.0000e+00   4.0087e-04   3.0490e+02
20260815_11:00:00   3.9357e-01   9.4662e+01   4.0800e+01   0.0000e+00   8.6880e-04   3.0535e+02
20260815_12:00:00   3.9610e-01   9.5284e+01   4.0988e+01   0.0000e+00   9.6520e-04   3.0614e+02
20260815_13:00:00   4.0864e-01   9.7725e+01   4.2220e+01   0.0000e+00   7.0940e-04   3.0689e+02
20260815_14:00:00   4.2094e-01   1.0008e+02   4.3823e+01   5.7940e-04   5.5320e-04   3.0725e+02
20260815_15:00:00   4.3913e-01   1.0359e+02   4.5066e+01   1.2718e-02   6.0380e-04   3.0814e+02
20260815_16:00:00   4.4778e-01   1.0535e+02   4.5581e+01   2.2280e-02   4.9073e-04   3.0649e+02
20260815_17:00:00   4.6717e-01   1.0887e+02   4.7266e+01   2.6278e-02   9.1280e-04   3.0486e+02
20260815_18:00:00   4.4886e-01   1.0559e+02   4.7432e+01   1.9610e-04   8.5837e-04   3.0444e+02
20260815_19:00:00   4.7453e-01   1.1008e+02   4.9655e+01   4.2988e-03   4.5390e-03   3.0467e+02
20260815_20:00:00   6.4346e-01   1.3646e+02   5.1772e+01   1.7911e-01   2.6059e-01   3.0305e+02
20260815_21:00:00   8.8191e-01   1.6519e+02   5.0863e+01   4.6945e-01   1.5832e+00   3.0186e+02
20260815_22:00:00   4.2385e-01   1.0053e+02   4.6347e+01   7.3380e-05   1.9335e-01   3.0245e+02
20260815_23:00:00   4.2185e-01   1.0027e+02   4.5830e+01   4.3059e-03   2.7727e-02   3.0096e+02
20260816_00:00:00   4.3823e-01   1.0314e+02   4.6038e+01   2.3226e-02   6.0799e-03   3.0076e+02
20260816_01:00:00   6.7388e-01   1.3975e+02   4.6062e+01   2.8940e-01   1.1281e-02   2.9914e+02
20260816_02:00:00   4.5595e-01   1.0601e+02   4.4908e+01   5.2638e-02   2.6925e-03   3.0014e+02
20260816_03:00:00   7.7131e-01   1.5257e+02   4.5025e+01   4.0474e-01   1.3505e-03   2.9993e+02
20260816_04:00:00   1.0393e+00   1.8133e+02   4.5993e+01   6.9173e-01   3.8452e-02   2.9698e+02
20260816_05:00:00   4.4290e-01   1.0387e+02   4.3568e+01   4.3366e-02   6.1783e-04   2.9790e+02
20260816_06:00:00   3.8664e-01   9.3718e+01   4.1801e+01   3.0520e-03   1.8184e-03   2.9903e+02
20260816_07:00:00   3.8029e-01   9.2533e+01   4.1493e+01   0.0000e+00   1.0997e-02   2.9747e+02
20260816_08:00:00   3.9612e-01   9.5488e+01   4.3480e+01   0.0000e+00   2.1587e-02   2.9644e+02
20260816_09:00:00   4.1209e-01   9.8325e+01   4.5643e+01   0.0000e+00   9.9425e-03   2.9762e+02
20260816_10:00:00   3.8803e-01   9.3897e+01   4.2712e+01   0.0000e+00   4.8754e-04   2.9973e+02
20260816_11:00:00   3.6800e-01   9.0171e+01   4.0006e+01   0.0000e+00   0.0000e+00   3.0190e+02
20260816_12:00:00   3.5685e-01   8.8197e+01   3.8688e+01   0.0000e+00   0.0000e+00   3.0337e+02
20260816_13:00:00   3.6386e-01   8.9704e+01   3.9444e+01   0.0000e+00   0.0000e+00   3.0370e+02
20260816_14:00:00   3.6650e-01   9.0264e+01   4.0103e+01   0.0000e+00   0.0000e+00   3.0354e+02
20260816_15:00:00   3.4999e-01   8.7072e+01   3.8832e+01   0.0000e+00   0.0000e+00   3.0362e+02
20260816_16:00:00   3.4014e-01   8.5186e+01   3.7750e+01   0.0000e+00   0.0000e+00   3.0384e+02
20260816_17:00:00   3.2611e-01   8.2507e+01   3.6091e+01   0.0000e+00   0.0000e+00   3.0396e+02
20260816_18:00:00   3.2284e-01   8.1951e+01   3.5596e+01   0.0000e+00   0.0000e+00   3.0187e+02
20260816_19:00:00   3.2682e-01   8.2803e+01   3.5980e+01   0.0000e+00   0.0000e+00   3.0153e+02
20260816_20:00:00   3.3398e-01   8.4316e+01   3.6543e+01   0.0000e+00   0.0000e+00   3.0121e+02
20260816_21:00:00   3.3466e-01   8.4539e+01   3.6503e+01   0.0000e+00   0.0000e+00   3.0115e+02
20260816_22:00:00   3.1860e-01   8.1298e+01   3.4905e+01   0.0000e+00   0.0000e+00   3.0089e+02
20260816_23:00:00   3.1489e-01   8.0436e+01   3.4774e+01   0.0000e+00   0.0000e+00   3.0078e+02
20260817_00:00:00   3.3057e-01   8.3531e+01   3.6160e+01   0.0000e+00   0.0000e+00   2.9922e+02
20260817_03:00:00   3.8798e-01   9.4588e+01   4.1542e+01   0.0000e+00   0.0000e+00   2.9908e+02
20260817_06:00:00   3.8796e-01   9.4186e+01   4.1590e+01   0.0000e+00   1.7159e-03   3.0007e+02
20260817_09:00:00   3.8140e-01   9.2962e+01   4.0069e+01   3.6280e-04   3.9659e-04   3.0535e+02
20260817_12:00:00   4.3904e-01   1.0412e+02   3.9656e+01   7.6329e-02   1.3386e-03   3.0053e+02
20260817_15:00:00   4.0630e-01   9.7396e+01   4.3377e+01   1.3358e-02   4.8374e-02   3.0056e+02
20260817_18:00:00   4.6167e-01   1.0703e+02   4.7205e+01   2.8620e-02   1.0364e-01   2.9997e+02
20260817_21:00:00   4.8003e-01   1.1112e+02   3.9965e+01   1.0699e-01   7.8979e-05   2.9787e+02
20260818_00:00:00   3.4552e-01   8.5419e+01   3.3896e+01   1.9154e-03   3.4200e-05   3.0143e+02
20260818_03:00:00   2.9410e-01   7.4533e+01   2.9028e+01   0.0000e+00   0.0000e+00   3.0223e+02
20260818_06:00:00   2.7005e-01   6.9478e+01   2.6485e+01   0.0000e+00   0.0000e+00   3.0347e+02
20260818_09:00:00   2.6514e-01   6.8348e+01   2.5323e+01   5.0000e-04   0.0000e+00   3.0431e+02
20260818_12:00:00   2.7440e-01   7.0349e+01   2.5170e+01   1.5040e-02   0.0000e+00   3.0315e+02
20260818_15:00:00   2.5864e-01   6.7308e+01   2.5198e+01   1.4250e-03   0.0000e+00   3.0688e+02
20260818_18:00:00   2.7608e-01   7.1359e+01   2.8247e+01   1.3770e-03   0.0000e+00   3.0808e+02
20260818_21:00:00   3.7176e-01   9.0863e+01   3.0915e+01   8.3910e-02   0.0000e+00   3.0408e+02
20260819_00:00:00   3.3842e-01   8.4187e+01   3.0546e+01   3.8895e-02   0.0000e+00   3.0059e+02
20260819_03:00:00   2.9748e-01   7.5572e+01   2.9126e+01   0.0000e+00   7.8580e-05   3.0015e+02
20260819_06:00:00   3.3911e-01   8.4053e+01   2.8933e+01   4.9639e-02   1.4400e-05   3.0531e+02
20260819_09:00:00   2.7858e-01   7.1448e+01   2.6816e+01   1.4852e-03   0.0000e+00   3.0915e+02
20260819_12:00:00   2.5098e-01   6.5427e+01   2.4411e+01   1.0436e-04   0.0000e+00   3.1244e+02
20260819_15:00:00   2.3100e-01   6.1012e+01   2.4172e+01   0.0000e+00   0.0000e+00   3.1033e+02
20260819_18:00:00   2.2201e-01   5.8936e+01   2.4479e+01   0.0000e+00   0.0000e+00   3.0566e+02
20260819_21:00:00   2.3063e-01   6.0979e+01   2.5220e+01   0.0000e+00   1.4654e-03   3.0184e+02
20260820_00:00:00   2.3613e-01   6.2121e+01   2.5196e+01   0.0000e+00   0.0000e+00   3.0446e+02
20260820_03:00:00   2.2666e-01   5.9820e+01   2.4155e+01   0.0000e+00   0.0000e+00   3.0141e+02
20260820_06:00:00   2.3322e-01   6.1175e+01   2.5123e+01   0.0000e+00   1.5130e-03   3.0317e+02
20260820_09:00:00   2.3120e-01   6.0619e+01   2.5299e+01   0.0000e+00   5.3580e-04   3.0706e+02
20260820_12:00:00   2.3474e-01   6.1441e+01   2.5931e+01   0.0000e+00   5.6166e-04   3.0884e+02
20260820_15:00:00   2.4219e-01   6.3409e+01   2.7187e+01   0.0000e+00   2.0600e-04   3.0558e+02
20260820_18:00:00   2.6593e-01   6.8784e+01   2.9986e+01   0.0000e+00   3.3415e-04   3.0296e+02
20260820_21:00:00   2.6346e-01   6.8499e+01   2.9649e+01   0.0000e+00   1.8798e-03   3.0403e+02
20260821_00:00:00   2.8071e-01   7.2140e+01   3.0736e+01   0.0000e+00   3.5722e-03   3.0478e+02
20260821_03:00:00   2.6948e-01   6.9625e+01   2.9978e+01   0.0000e+00   4.7700e-04   3.0628e+02
20260821_06:00:00   4.1166e-01   9.6634e+01   3.5163e+01   1.1972e-01   6.9900e-02   3.0507e+02
20260821_09:00:00   3.1357e-01   7.8628e+01   3.5210e+01   5.4720e-04   5.3720e-05   3.0539e+02
20260821_12:00:00   3.1746e-01   7.9825e+01   3.4483e+01   0.0000e+00   4.7480e-04   3.0146e+02
20260821_15:00:00   3.3587e-01   8.3924e+01   3.6696e+01   0.0000e+00   3.2348e-04   3.0108e+02
20260821_18:00:00   3.6577e-01   9.0204e+01   4.0248e+01   0.0000e+00   9.5980e-05   2.9877e+02
20260821_21:00:00   4.1047e-01   9.9161e+01   4.2648e+01   9.1220e-03   4.0719e-05   2.9846e+02
20260822_00:00:00   4.2583e-01   1.0179e+02   4.3337e+01   1.0022e-02   6.4440e-04   2.9951e+02
20260822_03:00:00   4.1764e-01   1.0012e+02   4.1455e+01   1.0340e-02   4.3202e-04   2.9801e+02
20260822_06:00:00   4.1498e-01   9.9249e+01   4.1929e+01   1.5175e-03   3.6839e-04   2.9903e+02
20260822_09:00:00   5.9550e-01   1.3032e+02   4.0390e+01   2.3523e-01   2.4523e-03   3.0025e+02
20260822_12:00:00   3.6792e-01   9.0331e+01   3.6376e+01   1.8192e-03   3.4547e-03   2.9886e+02
20260822_15:00:00   4.2297e-01   1.0129e+02   3.4374e+01   1.0243e-01   3.0269e-03   2.9869e+02
20260822_18:00:00   3.6369e-01   8.9400e+01   3.7618e+01   2.6523e-02   5.6374e-04   2.9919e+02
20260822_21:00:00   3.1152e-01   7.8238e+01   3.5875e+01   4.2462e-03   7.1284e-04   2.9777e+02
20260823_00:00:00   3.5631e-01   8.7312e+01   3.9414e+01   2.5952e-03   1.2144e-03   2.9980e+02
20260823_03:00:00   3.4785e-01   8.5571e+01   3.8063e+01   2.4147e-03   9.9440e-05   2.9837e+02
20260823_06:00:00   3.3693e-01   8.3572e+01   3.5641e+01   6.4370e-03   1.4902e-05   2.9745e+02
20260823_09:00:00   3.8389e-01   9.2907e+01   3.7857e+01   4.5977e-02   0.0000e+00   2.9757e+02
20260823_12:00:00   4.0567e-01   9.7173e+01   4.1069e+01   2.9746e-02   5.8797e-03   2.9822e+02
20260823_15:00:00   4.1029e-01   9.7929e+01   4.4412e+01   7.0265e-03   3.6954e-02   2.9730e+02
20260823_18:00:00   3.8109e-01   9.1608e+01   4.1265e+01   1.1715e-02   4.3295e-01   2.9702e+02
20260823_21:00:00   5.1242e-01   1.1470e+02   4.2268e+01   1.6139e-01   1.5750e-01   2.9588e+02
20260824_00:00:00   3.8027e-01   9.2475e+01   4.1991e+01   0.0000e+00   1.6642e-03   2.9804e+02
20260824_03:00:00   3.7793e-01   9.2012e+01   4.1151e+01   0.0000e+00   3.4553e-04   2.9785e+02
20260824_06:00:00   3.9563e-01   9.5666e+01   4.2054e+01   0.0000e+00   1.7636e-03   2.9605e+02
20260824_09:00:00   3.9814e-01   9.6189e+01   4.3342e+01   0.0000e+00   4.9182e-03   2.9574e+02
20260824_12:00:00   3.7461e-01   9.1810e+01   4.0268e+01   0.0000e+00   1.8334e-03   2.9828e+02
20260824_15:00:00   3.7767e-01   9.2743e+01   4.1240e+01   0.0000e+00   9.7263e-04   2.9771e+02
20260824_18:00:00   3.9389e-01   9.5888e+01   4.3885e+01   0.0000e+00   1.8569e-03   2.9766e+02
20260824_21:00:00   7.4097e-01   1.5085e+02   4.9839e+01   3.2223e-01   2.8363e-02   2.9433e+02
20260825_00:00:00   4.3182e-01   1.0226e+02   4.6414e+01   2.8880e-04   2.2958e-01   2.9353e+02
20260825_03:00:00   4.1902e-01   9.9642e+01   4.5485e+01   3.3778e-04   2.2447e-02   2.9395e+02
20260825_06:00:00   4.0356e-01   9.6757e+01   4.3222e+01   7.3590e-04   3.3932e-02   2.9403e+02
20260825_09:00:00   3.8494e-01   9.3357e+01   4.1348e+01   0.0000e+00   9.7131e-03   2.9466e+02
20260825_12:00:00   3.8624e-01   9.3739e+01   4.1842e+01   3.9360e-04   2.1732e-03   2.9462e+02
20260825_15:00:00   4.1618e-01   9.9647e+01   4.4131e+01   0.0000e+00   6.6520e-03   2.9543e+02
20260825_18:00:00   4.4088e-01   1.0418e+02   4.6181e+01   2.1647e-02   1.3547e-02   2.9394e+02
20260825_21:00:00   3.9101e-01   9.5686e+01   4.2332e+01   4.2800e-05   9.8490e-05   2.9382e+02
20260826_00:00:00   4.2237e-01   1.0144e+02   4.3630e+01   1.3232e-02   0.0000e+00   2.9337e+02
20260826_03:00:00   4.0621e-01   9.8018e+01   4.3848e+01   6.7460e-04   1.2476e-04   2.9148e+02
20260826_06:00:00   3.9143e-01   9.4877e+01   4.2759e+01   0.0000e+00   2.4295e-05   2.9253e+02
20260826_09:00:00   6.2056e-01   1.3391e+02   4.6295e+01   2.4198e-01   9.4292e-01   2.9528e+02
20260826_12:00:00   4.0260e-01   9.6023e+01   4.4038e+01   4.3269e-03   1.2257e-01   2.9719e+02
20260826_15:00:00   4.0016e-01   9.5990e+01   4.3405e+01   5.3900e-04   6.0609e-03   2.9576e+02
20260826_18:00:00   3.8190e-01   9.2875e+01   4.0085e+01   6.3438e-03   0.0000e+00   2.9480e+02
20260826_21:00:00   3.6801e-01   9.0256e+01   3.8212e+01   2.6328e-03   7.7940e-05   2.9542e+02
20260827_00:00:00   2.9159e-01   7.4884e+01   2.8459e+01   0.0000e+00   0.0000e+00   2.9749e+02
20260827_03:00:00   2.6303e-01   6.8616e+01   2.5079e+01   0.0000e+00   0.0000e+00   2.9735e+02
20260827_06:00:00   2.5266e-01   6.6181e+01   2.4365e+01   0.0000e+00   0.0000e+00   2.9933e+02
20260827_09:00:00   2.2249e-01   5.9348e+01   2.1483e+01   0.0000e+00   3.7680e-04   3.0027e+02
20260827_12:00:00   2.2240e-01   5.9276e+01   2.1770e+01   0.0000e+00   2.5247e-02   3.0087e+02
20260827_15:00:00   2.5866e-01   6.7245e+01   2.8594e+01   0.0000e+00   1.1794e-03   3.0027e+02
20260827_18:00:00   3.0384e-01   7.6804e+01   3.5439e+01   2.9020e-05   5.4343e-03   2.9917e+02
20260827_21:00:00   3.1157e-01   7.8609e+01   3.5861e+01   3.2121e-03   0.0000e+00   2.9826e+02
20260828_00:00:00   3.3766e-01   8.4125e+01   3.7525e+01   5.8200e-05   0.0000e+00   2.9721e+02
