#            date       tau255        Tb[K]      pwv[mm] lwp[kg*m^-2] iwp[kg*m^-2]       o3[DU]
20260909_18:00:00   3.8463e-01   9.2906e+01   3.3997e+01   6.3789e-02   1.8648e-03   2.9341e+02
20260909_19:00:00   4.0158e-01   9.6074e+01   3.3949e+01   8.3940e-02   2.6263e-03   2.9415e+02
20260909_20:00:00   3.4192e-01   8.4922e+01   3.1697e+01   4.0335e-02   4.4808e-05   2.9492e+02
20260909_21:00:00   3.1123e-01   7.8630e+01   3.0863e+01   1.5717e-02   0.0000e+00   2.9512e+02
20260909_22:00:00   3.1152e-01   7.8631e+01   3.2610e+01   0.0000e+00   2.3140e-05   2.9538e+02
20260909_23:00:00   3.2494e-01   8.1373e+01   3.3719e+01   0.0000e+00   7.7713e-05   2.9622e+02
20260910_00:00:00   3.1983e-01   8.0318e+01   3.2387e+01   2.2280e-03   3.0400e-05   2.9371e+02
20260910_01:00:00   3.1852e-01   8.0078e+01   3.1633e+01   7.4584e-03   5.4260e-05   2.9231e+02
20260910_02:00:00   3.4220e-01   8.4877e+01   3.3986e+01   1.3242e-02   1.9686e-04   2.9310e+02
20260910_03:00:00   3.2867e-01   8.2110e+01   3.3945e+01   0.0000e+00   1.2222e-03   2.9119e+02
20260910_04:00:00   3.3977e-01   8.4297e+01   3.4933e+01   0.0000e+00   2.3438e-04   2.9047e+02
20260910_05:00:00   3.5008e-01   8.6259e+01   3.6176e+01   0.0000e+00   0.0000e+00   2.8979e+02
20260910_06:00:00   3.4269e-01   8.4812e+01   3.5272e+01   0.0000e+00   0.0000e+00   2.9058e+02
20260910_07:00:00   3.5386e-01   8.7003e+01   3.6164e+01   3.3643e-03   0.0000e+00   2.9185e+02
20260910_08:00:00   3.7761e-01   9.1420e+01   3.8895e+01   1.2124e-02   0.0000e+00   2.9114e+02
20260910_09:00:00   3.8762e-01   9.3118e+01   4.1800e+01   4.7855e-04   8.2974e-05   2.9081e+02
20260910_10:00:00   4.1303e-01   9.7770e+01   4.4287e+01   2.9674e-03   4.6364e-03   2.9183e+02
20260910_11:00:00   4.3257e-01   1.0154e+02   4.4072e+01   2.3800e-02   1.3876e-02   2.9265e+02
20260910_12:00:00   4.9682e-01   1.1339e+02   4.3029e+01   1.1270e-01   1.1309e-04   2.9267e+02
20260910_13:00:00   5.6862e-01   1.2532e+02   4.3386e+01   1.9380e-01   2.8800e-05   2.9296e+02
20260910_14:00:00   4.5760e-01   1.0654e+02   4.2477e+01   6.9684e-02   1.7184e-04   2.9428e+02
20260910_15:00:00   4.6988e-01   1.0897e+02   4.1873e+01   9.5739e-02   4.9920e-05   2.9506e+02
20260910_16:00:00   4.3735e-01   1.0320e+02   4.0668e+01   6.9261e-02   0.0000e+00   2.9529e+02
20260910_17:00:00   4.2173e-01   1.0019e+02   4.1574e+01   3.5923e-02   3.8400e-06   2.9484e+02
20260910_18:00:00   4.1299e-01   9.8569e+01   4.1503e+01   2.6741e-02   1.5034e-05   2.9802e+02
20260910_19:00:00   4.6553e-01   1.0807e+02   4.1985e+01   7.8218e-02   1.6842e-03   2.9835e+02
20260910_20:00:00   5.2007e-01   1.1695e+02   4.2594e+01   1.2875e-01   1.5951e-02   2.9698e+02
20260910_21:00:00   4.3161e-01   1.0186e+02   4.2566e+01   2.3095e-02   9.3160e-06   2.9553e+02
20260910_22:00:00   4.1126e-01   9.7949e+01   4.2336e+01   6.2802e-03   5.9420e-05   2.9570e+02
20260910_23:00:00   5.1077e-01   1.1562e+02   4.4242e+01   1.0844e-01   1.7838e-04   2.9564e+02
20260911_00:00:00   5.2568e-01   1.1816e+02   4.5660e+01   1.1550e-01   7.7394e-02   2.9517e+02
20260911_01:00:00   4.2592e-01   1.0048e+02   4.3285e+01   1.1739e-02   1.9088e-03   2.9503e+02
20260911_02:00:00   4.1000e-01   9.7655e+01   4.0409e+01   2.0415e-02   9.6760e-04   2.9649e+02
20260911_03:00:00   5.1905e-01   1.1700e+02   4.1595e+01   1.3952e-01   1.2466e-04   2.9801e+02
20260911_04:00:00   6.7884e-01   1.4250e+02   4.1206e+01   3.4984e-01   5.4820e-05   2.9795e+02
20260911_05:00:00   6.5158e-01   1.3870e+02   4.0099e+01   3.3458e-01   1.3198e-03   2.9786e+02
20260911_06:00:00   5.2488e-01   1.1809e+02   4.1499e+01   1.5998e-01   3.9188e-03   2.9678e+02
20260911_07:00:00   4.1751e-01   9.8672e+01   4.0884e+01   2.9691e-02   2.1897e-03   2.9594e+02
20260911_08:00:00   4.1532e-01   9.8013e+01   4.1582e+01   2.1701e-02   1.5215e-03   2.9600e+02
20260911_09:00:00   4.0511e-01   9.6055e+01   4.1680e+01   8.9710e-03   3.2200e-02   2.9741e+02
20260911_10:00:00   6.5567e-01   1.3624e+02   4.1262e+01   2.9901e-01   3.9791e-02   2.9397e+02
20260911_11:00:00   8.1028e-01   1.5617e+02   4.1526e+01   4.7109e-01   1.0425e-02   2.9411e+02
20260911_12:00:00   4.7793e-01   1.0937e+02   4.1236e+01   1.0283e-01   2.6874e-02   2.9357e+02
20260911_13:00:00   5.5819e-01   1.2314e+02   4.2152e+01   1.9296e-01   1.0263e-02   2.9394e+02
20260911_14:00:00   5.7740e-01   1.2647e+02   4.2348e+01   2.1880e-01   6.0743e-03   2.9314e+02
20260911_15:00:00   6.0044e-01   1.3002e+02   4.2572e+01   2.4143e-01   1.0363e-02   2.9289e+02
20260911_16:00:00   4.3692e-01   1.0221e+02   4.2292e+01   4.2588e-02   6.6321e-03   2.9309e+02
20260911_17:00:00   5.0755e-01   1.1354e+02   4.2235e+01   1.2072e-01   8.2386e-02   2.9345e+02
20260911_18:00:00   4.0649e-01   9.6547e+01   4.1996e+01   9.5533e-03   2.8670e-02   2.9358e+02
20260911_19:00:00   4.3534e-01   1.0172e+02   4.2507e+01   3.8941e-02   6.2368e-02   2.9449e+02
20260911_20:00:00   4.2301e-01   9.9497e+01   4.2557e+01   2.5185e-02   1.0517e-01   2.9516e+02
20260911_21:00:00   4.1159e-01   9.7390e+01   4.2570e+01   1.2761e-02   1.8773e-01   2.9510e+02
20260911_22:00:00   5.0002e-01   1.1253e+02   4.1901e+01   1.2110e-01   9.5642e-02   2.9470e+02
20260911_23:00:00   5.1269e-01   1.1446e+02   4.1044e+01   1.4706e-01   5.9136e-03   2.9446e+02
20260912_00:00:00   4.1892e-01   9.8603e+01   4.0546e+01   4.3833e-02   1.2802e-03   2.9633e+02
20260912_01:00:00   4.3141e-01   1.0069e+02   4.0989e+01   5.3910e-02   4.7420e-04   2.9727e+02
20260912_02:00:00   3.9495e-01   9.4226e+01   4.1101e+01   1.1476e-02   5.6609e-04   2.9784e+02
20260912_03:00:00   4.3233e-01   1.0093e+02   4.2095e+01   4.2239e-02   2.7150e-03   2.9763e+02
20260912_04:00:00   5.4180e-01   1.1921e+02   4.2173e+01   1.6778e-01   3.6303e-04   2.9557e+02
20260912_05:00:00   5.4926e-01   1.2024e+02   4.2227e+01   1.7652e-01   1.4616e-03   2.9453e+02
20260912_06:00:00   4.7645e-01   1.0861e+02   4.2046e+01   9.6809e-02   3.1432e-03   2.9361e+02
20260912_07:00:00   4.2868e-01   1.0048e+02   4.1840e+01   4.4627e-02   5.9953e-03   2.9503e+02
20260912_08:00:00   4.1309e-01   9.7769e+01   4.1073e+01   3.4103e-02   7.9643e-03   2.9586e+02
20260912_09:00:00   4.0592e-01   9.6470e+01   4.0716e+01   3.1140e-02   1.0956e-02   2.9737e+02
20260912_10:00:00   3.9812e-01   9.4960e+01   4.0797e+01   2.0654e-02   3.6087e-03   2.9833e+02
20260912_11:00:00   3.9943e-01   9.5128e+01   4.0529e+01   2.2856e-02   1.0475e-03   2.9817e+02
20260912_12:00:00   3.8329e-01   9.2158e+01   4.0037e+01   1.1776e-02   1.6570e-02   2.9848e+02
20260912_13:00:00   3.8366e-01   9.2403e+01   3.8974e+01   2.6972e-02   1.7168e-02   2.9894e+02
20260912_14:00:00   3.7471e-01   9.0639e+01   3.9375e+01   1.2813e-02   1.1369e-02   2.9845e+02
20260912_15:00:00   3.8111e-01   9.1847e+01   4.0515e+01   8.8340e-03   2.2638e-03   2.9945e+02
20260912_16:00:00   4.0484e-01   9.6330e+01   4.2250e+01   1.6420e-02   4.0952e-03   2.9968e+02
20260912_17:00:00   4.6735e-01   1.0748e+02   4.5454e+01   4.7942e-02   3.1047e-02   2.9995e+02
20260912_18:00:00   9.3607e-01   1.7228e+02   4.7215e+01   5.6770e-01   4.2342e-02   2.9897e+02
20260912_19:00:00   6.8033e-01   1.4058e+02   4.7410e+01   2.6814e-01   1.4703e-01   2.9866e+02
20260912_20:00:00   1.4402e+00   2.1416e+02   4.8797e+01   1.1228e+00   3.0414e-01   2.9788e+02
20260912_21:00:00   8.3208e-01   1.5959e+02   4.6941e+01   4.4368e-01   2.8454e-01   2.9809e+02
20260912_22:00:00   6.0440e-01   1.2934e+02   4.6247e+01   1.9374e-01   1.0530e-01   2.9787e+02
20260912_23:00:00   4.5041e-01   1.0447e+02   4.4308e+01   4.3841e-02   5.8216e-02   2.9904e+02
20260913_00:00:00   5.7517e-01   1.2439e+02   4.4312e+01   1.8409e-01   5.5324e-02   2.9909e+02
20260913_01:00:00   4.1213e-01   9.7550e+01   4.3996e+01   5.6341e-03   1.6560e-01   2.9978e+02
20260913_02:00:00   4.1207e-01   9.7527e+01   4.4270e+01   1.2363e-03   7.9771e-02   3.0024e+02
20260913_03:00:00   4.1567e-01   9.8174e+01   4.4327e+01   4.2550e-04   7.4095e-02   2.9935e+02
20260913_04:00:00   4.1690e-01   9.8384e+01   4.4147e+01   1.2686e-03   2.1806e-02   3.0025e+02
20260913_05:00:00   4.1260e-01   9.7658e+01   4.3421e+01   2.3100e-05   1.0475e-02   3.0103e+02
20260913_06:00:00   4.0332e-01   9.6037e+01   4.1855e+01   0.0000e+00   4.0391e-03   3.0031e+02
20260913_07:00:00   3.9608e-01   9.4696e+01   4.0584e+01   0.0000e+00   4.4837e-03   2.9978e+02
20260913_08:00:00   3.8355e-01   9.2344e+01   3.9507e+01   0.0000e+00   6.2555e-03   2.9983e+02
20260913_09:00:00   3.7229e-01   9.0159e+01   3.8735e+01   0.0000e+00   8.1702e-03   2.9825e+02
20260913_10:00:00   3.5364e-01   8.6588e+01   3.6710e+01   0.0000e+00   6.8465e-03   2.9666e+02
20260913_11:00:00   3.4210e-01   8.4314e+01   3.5251e+01   0.0000e+00   4.3919e-03   2.9799e+02
20260913_12:00:00   3.3692e-01   8.3398e+01   3.4250e+01   0.0000e+00   1.9725e-03   2.9983e+02
20260913_13:00:00   3.3511e-01   8.3189e+01   3.3700e+01   0.0000e+00   1.1591e-03   2.9908e+02
20260913_14:00:00   3.4257e-01   8.4826e+01   3.3670e+01   6.8361e-03   1.0436e-05   2.9800e+02
20260913_15:00:00   3.3848e-01   8.4175e+01   3.2618e+01   1.4086e-02   1.4284e-04   2.9673e+02
20260913_16:00:00   3.1272e-01   7.9098e+01   3.0713e+01   5.3994e-03   2.0000e-04   2.9690e+02
20260913_17:00:00   3.0622e-01   7.7826e+01   2.8881e+01   1.7933e-02   1.2956e-04   2.9620e+02
20260913_18:00:00   2.9869e-01   7.6302e+01   2.8241e+01   1.9648e-02   4.2500e-04   2.9497e+02
20260913_19:00:00   3.2407e-01   8.1606e+01   2.9388e+01   4.0888e-02   2.0057e-04   2.9374e+02
20260913_20:00:00   3.0241e-01   7.7107e+01   2.9737e+01   7.6574e-03   8.7661e-04   2.9267e+02
20260913_21:00:00   2.9345e-01   7.5197e+01   2.8833e+01   8.0540e-03   1.0828e-04   2.9419e+02
20260913_22:00:00   2.8284e-01   7.2882e+01   2.8717e+01   0.0000e+00   8.2620e-05   2.9399e+02
20260913_23:00:00   2.8102e-01   7.2374e+01   2.8692e+01   0.0000e+00   3.5140e-04   2.9301e+02
20260914_00:00:00   2.8154e-01   7.2306e+01   2.8853e+01   0.0000e+00   1.8482e-04   2.9280e+02
20260914_01:00:00   2.8253e-01   7.2434e+01   2.9048e+01   0.0000e+00   8.3020e-05   2.9377e+02
20260914_02:00:00   2.8089e-01   7.2070e+01   2.8926e+01   0.0000e+00   9.2920e-06   2.9533e+02
20260914_03:00:00   2.7448e-01   7.0717e+01   2.8124e+01   0.0000e+00   2.2680e-05   2.9520e+02
20260914_04:00:00   2.7018e-01   6.9791e+01   2.7613e+01   0.0000e+00   9.3980e-05   2.9622e+02
20260914_05:00:00   2.6767e-01   6.9234e+01   2.7332e+01   0.0000e+00   2.3520e-04   2.9777e+02
20260914_06:00:00   2.6353e-01   6.8333e+01   2.6938e+01   0.0000e+00   5.8137e-04   2.9729e+02
20260914_07:00:00   2.6272e-01   6.8132e+01   2.6881e+01   0.0000e+00   3.0784e-03   2.9600e+02
20260914_08:00:00   2.6353e-01   6.8283e+01   2.7002e+01   0.0000e+00   4.1395e-03   2.9374e+02
20260914_09:00:00   2.5930e-01   6.7336e+01   2.6736e+01   0.0000e+00   4.8943e-03   2.9330e+02
20260914_10:00:00   2.5162e-01   6.5658e+01   2.6122e+01   0.0000e+00   6.2422e-03   2.9434e+02
20260914_11:00:00   2.5421e-01   6.6199e+01   2.6474e+01   0.0000e+00   6.5542e-03   2.9308e+02
20260914_12:00:00   2.6233e-01   6.8024e+01   2.7132e+01   0.0000e+00   3.8468e-03   2.9314e+02
20260914_13:00:00   2.7011e-01   6.9820e+01   2.7924e+01   0.0000e+00   7.6830e-04   2.9396e+02
20260914_14:00:00   2.7836e-01   7.1714e+01   2.8875e+01   0.0000e+00   2.4416e-04   2.9199e+02
20260914_15:00:00   2.8620e-01   7.3494e+01   2.9748e+01   0.0000e+00   2.7285e-04   2.9024e+02
20260914_16:00:00   2.8982e-01   7.4359e+01   3.0177e+01   0.0000e+00   2.1118e-04   2.8950e+02
20260914_17:00:00   2.9886e-01   7.6357e+01   3.1088e+01   0.0000e+00   5.5180e-04   2.8822e+02
20260914_18:00:00   2.9595e-01   7.5768e+01   3.1142e+01   0.0000e+00   6.7162e-04   2.8748e+02
20260914_21:00:00   3.1462e-01   7.9640e+01   3.1106e+01   2.4046e-02   5.8620e-04   2.8849e+02
20260915_00:00:00   3.5730e-01   8.8183e+01   3.1281e+01   6.2380e-02   1.5868e-03   2.8939e+02
20260915_03:00:00   3.0014e-01   7.6467e+01   2.9758e+01   8.5980e-03   3.7860e-04   2.8904e+02
20260915_06:00:00   2.8486e-01   7.3150e+01   2.8429e+01   0.0000e+00   0.0000e+00   2.8584e+02
20260915_09:00:00   2.9159e-01   7.4325e+01   3.0148e+01   0.0000e+00   0.0000e+00   2.8289e+02
20260915_12:00:00   3.9508e-01   9.4751e+01   4.2116e+01   3.0874e-04   1.4970e-05   2.8429e+02
20260915_15:00:00   3.9417e-01   9.5025e+01   4.2100e+01   0.0000e+00   0.0000e+00   2.8484e+02
20260915_18:00:00   4.9151e-01   1.1299e+02   4.3400e+01   1.0520e-01   6.2357e-04   2.8436e+02
20260915_21:00:00   5.8126e-01   1.2741e+02   4.4401e+01   1.9990e-01   6.7979e-03   2.8480e+02
20260916_00:00:00   4.4585e-01   1.0461e+02   4.0201e+01   8.3270e-02   1.1396e-04   2.9271e+02
20260916_03:00:00   3.5723e-01   8.8048e+01   3.7817e+01   0.0000e+00   0.0000e+00   2.9092e+02
20260916_06:00:00   3.2888e-01   8.2280e+01   3.4994e+01   0.0000e+00   3.1745e-04   2.8957e+02
20260916_09:00:00   3.6879e-01   8.9986e+01   3.8948e+01   0.0000e+00   1.6820e-04   2.8745e+02
20260916_12:00:00   3.7851e-01   9.1806e+01   4.0235e+01   0.0000e+00   9.6000e-06   2.9016e+02
20260916_15:00:00   3.7592e-01   9.1663e+01   4.0231e+01   0.0000e+00   2.5537e-04   2.8920e+02
20260916_18:00:00   3.9023e-01   9.4464e+01   4.1532e+01   1.2816e-03   3.2489e-03   2.8855e+02
20260916_21:00:00   3.7332e-01   9.1124e+01   4.0378e+01   4.1519e-03   1.4504e-02   2.8972e+02
20260917_00:00:00   3.8055e-01   9.2187e+01   4.0945e+01   1.4766e-04   1.0422e-03   2.8997e+02
20260917_03:00:00   3.8459e-01   9.2852e+01   4.0573e+01   1.8000e-05   1.1990e-03   2.9046e+02
20260917_06:00:00   3.8252e-01   9.2410e+01   3.9756e+01   5.8000e-03   1.3214e-02   2.9054e+02
20260917_09:00:00   3.9018e-01   9.3708e+01   4.0155e+01   1.3192e-02   8.4210e-02   2.9262e+02
20260917_12:00:00   5.0293e-01   1.1446e+02   4.1798e+01   1.3438e-01   4.7579e-05   2.9222e+02
20260917_15:00:00   5.8689e-01   1.2860e+02   4.3397e+01   2.2438e-01   3.7644e-05   2.9127e+02
20260917_18:00:00   6.1877e-01   1.3390e+02   4.3696e+01   2.6241e-01   1.5424e-04   2.8788e+02
20260917_21:00:00   5.6643e-01   1.2533e+02   4.5041e+01   1.8650e-01   3.1211e-02   2.8679e+02
20260918_00:00:00   5.2457e-01   1.1779e+02   4.5382e+01   1.2740e-01   1.5476e-01   2.8580e+02
20260918_03:00:00   5.1121e-01   1.1586e+02   4.5886e+01   1.0737e-01   2.4181e-02   2.8508e+02
20260918_06:00:00   6.2103e-01   1.3388e+02   4.4978e+01   2.4669e-01   1.4790e-04   2.8762e+02
20260918_09:00:00   4.2195e-01   9.9989e+01   3.9340e+01   4.5142e-02   0.0000e+00   2.8839e+02
20260918_12:00:00   3.5406e-01   8.7035e+01   3.3181e+01   3.0196e-02   0.0000e+00   2.8957e+02
20260918_15:00:00   3.1886e-01   8.0075e+01   3.2512e+01   0.0000e+00   1.0738e-05   2.8925e+02
20260918_18:00:00   3.5903e-01   8.7943e+01   3.4830e+01   3.2177e-02   1.3668e-04   2.9243e+02
20260918_21:00:00   5.7233e-01   1.2473e+02   4.0178e+01   2.2499e-01   1.0223e-01   2.9156e+02
20260919_00:00:00   1.2270e+00   1.9813e+02   4.1755e+01   9.6907e-01   1.1657e+00   2.8641e+02
20260919_03:00:00   2.9889e-01   7.4872e+01   1.5774e+01   1.3884e-01   9.5403e-04   2.9049e+02
20260919_06:00:00   3.3124e-01   8.1186e+01   1.5265e+01   1.8065e-01   9.2531e-03   2.9073e+02
20260919_09:00:00   4.7321e-01   1.0727e+02   1.3147e+01   3.6576e-01   5.7080e-03   3.0428e+02
20260919_12:00:00   3.3481e-01   8.1150e+01   1.0672e+01   2.2824e-01   0.0000e+00   3.0778e+02
20260919_15:00:00   1.5191e-01   4.1430e+01   1.0210e+01   1.9416e-02   0.0000e+00   3.0715e+02
20260919_18:00:00   1.2629e-01   3.5378e+01   9.5487e+00   0.0000e+00   0.0000e+00   3.0623e+02
20260919_21:00:00   1.3729e-01   3.8037e+01   1.0750e+01   0.0000e+00   0.0000e+00   3.1061e+02
20260920_00:00:00   1.4555e-01   3.9841e+01   1.1663e+01   6.1740e-05   0.0000e+00   3.1256e+02
20260920_03:00:00   1.4235e-01   3.9000e+01   1.1369e+01   0.0000e+00   0.0000e+00   3.0952e+02
20260920_06:00:00   1.4149e-01   3.8718e+01   1.1434e+01   0.0000e+00   0.0000e+00   3.0558e+02
20260920_09:00:00   1.3925e-01   3.8151e+01   1.1277e+01   0.0000e+00   0.0000e+00   3.0176e+02
20260920_12:00:00   1.3780e-01   3.7835e+01   1.1294e+01   0.0000e+00   0.0000e+00   3.0057e+02
20260920_15:00:00   1.4168e-01   3.8942e+01   1.2118e+01   0.0000e+00   0.0000e+00   2.9798e+02
20260920_18:00:00   1.5544e-01   4.2395e+01   1.4286e+01   0.0000e+00   0.0000e+00   2.9579e+02
20260920_21:00:00   1.7082e-01   4.6157e+01   1.6217e+01   0.0000e+00   0.0000e+00   2.9345e+02
20260921_00:00:00   1.8518e-01   4.9377e+01   1.7034e+01   0.0000e+00   0.0000e+00   2.9215e+02
20260921_03:00:00   1.8428e-01   4.9061e+01   1.6698e+01   0.0000e+00   0.0000e+00   2.9152e+02
20260921_06:00:00   1.8317e-01   4.8773e+01   1.6378e+01   0.0000e+00   0.0000e+00   2.9412e+02
20260921_09:00:00   3.0164e-01   7.4416e+01   1.6795e+01   1.3236e-01   0.0000e+00   2.9185e+02
20260921_12:00:00   1.8532e-01   4.9317e+01   1.6243e+01   4.1960e-03   0.0000e+00   2.9355e+02
20260921_15:00:00   1.8975e-01   5.0530e+01   1.6863e+01   3.5562e-03   0.0000e+00   2.9526e+02
20260921_18:00:00   2.6902e-01   6.8149e+01   1.9215e+01   7.4137e-02   0.0000e+00   2.9490e+02
20260921_21:00:00   4.7628e-01   1.0729e+02   2.0805e+01   2.9421e-01   0.0000e+00   2.9608e+02
20260922_00:00:00   6.7085e-01   1.3731e+02   2.0941e+01   5.1399e-01   0.0000e+00   2.9650e+02
20260922_03:00:00   4.9972e-01   1.1101e+02   1.9971e+01   3.2720e-01   0.0000e+00   2.9590e+02
20260922_06:00:00   3.1255e-01   7.6713e+01   1.9110e+01   1.2220e-01   5.7600e-06   2.9707e+02
20260922_09:00:00   3.6352e-01   8.6534e+01   1.9029e+01   1.8260e-01   1.5174e-03   2.9958e+02
20260922_12:00:00   2.8889e-01   7.1781e+01   1.9898e+01   8.9292e-02   5.0719e-04   3.0342e+02
20260922_15:00:00   2.4066e-01   6.1797e+01   1.9399e+01   3.7080e-02   8.2260e-06   3.0211e+02
20260922_18:00:00   2.2791e-01   5.9323e+01   2.0251e+01   1.8028e-02   0.0000e+00   2.9613e+02
20260922_21:00:00   5.1741e-01   1.1413e+02   2.1017e+01   3.3986e-01   0.0000e+00   2.8974e+02
20260923_00:00:00   2.0916e-01   5.5224e+01   1.9311e+01   0.0000e+00   0.0000e+00   2.8790e+02
20260923_03:00:00   1.9788e-01   5.2588e+01   1.7687e+01   0.0000e+00   0.0000e+00   2.8552e+02
20260923_06:00:00   1.7652e-01   4.7629e+01   1.5445e+01   0.0000e+00   4.9461e-03   2.8267e+02
20260923_09:00:00   1.6293e-01   4.4426e+01   1.3853e+01   0.0000e+00   1.9666e-02   2.8172e+02
20260923_12:00:00   1.5813e-01   4.3271e+01   1.3376e+01   4.6440e-04   2.7777e-02   2.8305e+02
20260923_15:00:00   3.2768e-01   8.1020e+01   1.7767e+01   1.4942e-01   3.6440e-05   2.8486e+02
20260923_18:00:00   5.4815e-01   1.2133e+02   2.0912e+01   3.8383e-01   2.1416e-02   2.8127e+02
20260923_21:00:00   9.1058e-01   1.7080e+02   2.3257e+01   7.9854e-01   3.2430e-02   2.8095e+02
20260924_00:00:00   5.1042e-01   1.1520e+02   2.3585e+01   3.1391e-01   7.2544e-02   2.8278e+02
20260924_03:00:00   5.1310e-01   1.1549e+02   2.6204e+01   2.9420e-01   2.5849e-01   2.8631e+02
20260924_06:00:00   7.7100e-01   1.5395e+02   2.9102e+01   5.8405e-01   3.3712e-01   2.8361e+02
20260924_09:00:00   6.1409e-01   1.3139e+02   3.1734e+01   3.6516e-01   4.0292e-01   2.8040e+02
20260924_12:00:00   1.0019e+00   1.7977e+02   3.3045e+01   8.2111e-01   4.6198e-01   2.8177e+02
20260924_15:00:00   1.0801e+00   1.8272e+02   3.2825e+01   8.7504e-01   3.7165e-01   2.8225e+02
20260924_18:00:00   2.5984e-01   6.5738e+01   2.8045e+01   1.6108e-05   3.2807e-01   2.8493e+02
20260924_21:00:00   2.0585e-01   5.3853e+01   2.1397e+01   0.0000e+00   1.9896e-01   2.8974e+02
20260925_00:00:00   2.0074e-01   5.2771e+01   1.5474e+01   3.8979e-02   2.4311e-01   2.8851e+02
20260925_03:00:00   1.9213e-01   5.0640e+01   1.3036e+01   5.1759e-02   2.0394e-01   2.8512e+02
20260925_06:00:00   1.2202e-01   3.3916e+01   1.0308e+01   0.0000e+00   2.2522e-01   2.8727e+02
20260925_09:00:00   1.1986e-01   3.3371e+01   1.0342e+01   0.0000e+00   3.1625e-01   2.8979e+02
20260925_12:00:00   1.7178e-01   4.5778e+01   1.7868e+01   0.0000e+00   3.3582e-01   2.8911e+02
20260925_15:00:00   2.2648e-01   5.8406e+01   2.4761e+01   0.0000e+00   2.1344e-01   2.8823e+02
20260925_18:00:00   4.4277e-01   1.0008e+02   3.0497e+01   1.9359e-01   2.7969e-01   2.8486e+02
