#            date       tau255        Tb[K]      pwv[mm] lwp[kg*m^-2] iwp[kg*m^-2]       o3[DU]
20260829_12:00:00   2.2527e-01   5.9307e+01   1.9955e+01   0.0000e+00   0.0000e+00   3.2087e+02
20260829_13:00:00   2.3109e-01   6.0726e+01   2.0549e+01   0.0000e+00   0.0000e+00   3.2097e+02
20260829_14:00:00   2.3747e-01   6.2259e+01   2.1243e+01   0.0000e+00   0.0000e+00   3.1939e+02
20260829_15:00:00   2.4478e-01   6.3951e+01   2.2211e+01   6.0000e-04   0.0000e+00   3.1680e+02
20260829_16:00:00   2.5332e-01   6.5858e+01   2.3312e+01   2.8339e-03   0.0000e+00   3.1544e+02
20260829_17:00:00   2.4441e-01   6.3971e+01   2.3003e+01   7.2340e-04   0.0000e+00   3.1484e+02
20260829_18:00:00   2.8627e-01   7.2831e+01   2.3674e+01   4.6836e-02   0.0000e+00   3.1678e+02
20260829_19:00:00   4.3062e-01   1.0067e+02   2.3964e+01   2.1784e-01   0.0000e+00   3.1751e+02
20260829_20:00:00   4.9207e-01   1.1095e+02   2.5568e+01   2.7141e-01   2.1480e-06   3.1635e+02
20260829_21:00:00   4.9146e-01   1.1080e+02   2.6125e+01   2.6343e-01   8.0000e-06   3.1557e+02
20260829_22:00:00   3.8866e-01   9.2852e+01   2.6725e+01   1.3659e-01   4.1820e-05   3.1529e+02
20260829_23:00:00   3.8992e-01   9.3192e+01   2.8979e+01   1.1033e-01   7.2100e-04   3.1516e+02
20260830_00:00:00   2.9682e-01   7.5050e+01   2.7270e+01   2.1478e-02   0.0000e+00   3.1430e+02
20260830_01:00:00   3.0693e-01   7.7029e+01   2.8049e+01   2.7920e-02   7.3640e-04   3.1240e+02
20260830_02:00:00   2.8867e-01   7.3242e+01   2.8703e+01   1.2984e-03   9.4280e-03   3.0958e+02
20260830_03:00:00   2.8604e-01   7.2702e+01   2.8567e+01   5.1000e-05   1.2513e-02   3.0722e+02
20260830_04:00:00   2.8136e-01   7.1725e+01   2.7917e+01   0.0000e+00   6.3936e-03   3.0536e+02
20260830_05:00:00   2.8973e-01   7.3456e+01   2.8708e+01   0.0000e+00   1.4986e-03   3.0491e+02
20260830_06:00:00   2.9794e-01   7.5207e+01   2.8778e+01   7.4720e-03   4.9306e-04   3.0448e+02
20260830_07:00:00   2.9379e-01   7.4384e+01   2.8172e+01   7.6040e-03   5.0200e-04   3.0389e+02
20260830_08:00:00   2.9087e-01   7.3776e+01   2.8374e+01   8.9060e-04   0.0000e+00   3.0518e+02
20260830_09:00:00   2.9013e-01   7.3654e+01   2.8271e+01   8.6980e-06   0.0000e+00   3.0582e+02
20260830_10:00:00   2.8472e-01   7.2490e+01   2.7797e+01   0.0000e+00   0.0000e+00   3.0586e+02
20260830_11:00:00   2.8767e-01   7.3078e+01   2.8294e+01   0.0000e+00   0.0000e+00   3.0573e+02
20260830_12:00:00   2.9004e-01   7.3612e+01   2.8748e+01   0.0000e+00   2.8800e-05   3.0652e+02
20260830_13:00:00   2.8835e-01   7.3380e+01   2.8755e+01   0.0000e+00   1.6108e-05   3.0631e+02
20260830_14:00:00   2.8784e-01   7.3370e+01   2.8994e+01   0.0000e+00   3.9260e-05   3.0581e+02
20260830_15:00:00   2.9046e-01   7.4038e+01   2.9534e+01   0.0000e+00   0.0000e+00   3.0608e+02
20260830_16:00:00   2.9406e-01   7.4836e+01   3.0308e+01   3.3600e-05   0.0000e+00   3.0620e+02
20260830_17:00:00   3.0830e-01   7.7798e+01   3.1255e+01   1.2350e-02   0.0000e+00   3.0632e+02
20260830_18:00:00   3.4832e-01   8.5821e+01   3.1198e+01   6.5143e-02   0.0000e+00   3.0588e+02
20260830_19:00:00   3.5211e-01   8.6342e+01   3.1866e+01   7.0777e-02   0.0000e+00   3.0523e+02
20260830_20:00:00   3.4493e-01   8.4725e+01   3.2222e+01   6.3999e-02   0.0000e+00   3.0472e+02
20260830_21:00:00   3.1757e-01   7.9356e+01   3.2485e+01   3.2323e-02   0.0000e+00   3.0446e+02
20260830_22:00:00   3.1627e-01   7.9164e+01   3.2932e+01   2.5958e-02   0.0000e+00   3.0428e+02
20260830_23:00:00   3.0178e-01   7.6268e+01   3.3455e+01   1.4056e-03   0.0000e+00   3.0312e+02
20260831_00:00:00   3.0396e-01   7.6609e+01   3.3822e+01   3.4780e-06   0.0000e+00   3.0278e+02
20260831_01:00:00   3.0444e-01   7.6646e+01   3.3906e+01   0.0000e+00   0.0000e+00   3.0235e+02
20260831_02:00:00   3.0941e-01   7.7609e+01   3.4452e+01   0.0000e+00   0.0000e+00   3.0084e+02
20260831_03:00:00   3.2218e-01   8.0166e+01   3.5386e+01   3.4419e-03   1.9175e-04   2.9901e+02
20260831_04:00:00   3.4281e-01   8.4198e+01   3.5502e+01   2.4056e-02   2.1370e-03   2.9738e+02
20260831_05:00:00   3.2104e-01   7.9975e+01   3.4995e+01   3.8900e-03   2.9041e-03   2.9670e+02
20260831_06:00:00   3.1671e-01   7.9076e+01   3.4913e+01   0.0000e+00   5.9240e-04   2.9600e+02
20260831_07:00:00   3.1871e-01   7.9445e+01   3.5162e+01   0.0000e+00   2.6642e-05   2.9543e+02
20260831_08:00:00   3.1687e-01   7.9035e+01   3.5120e+01   0.0000e+00   1.7394e-06   2.9624e+02
20260831_09:00:00   3.1602e-01   7.8825e+01   3.5104e+01   0.0000e+00   2.9180e-06   2.9617e+02
20260831_10:00:00   3.1668e-01   7.8935e+01   3.5043e+01   0.0000e+00   4.0100e-05   2.9659e+02
20260831_11:00:00   3.1752e-01   7.9084e+01   3.5091e+01   0.0000e+00   1.5026e-05   2.9612e+02
20260831_12:00:00   3.2078e-01   7.9786e+01   3.5336e+01   0.0000e+00   0.0000e+00   2.9471e+02
20260831_13:00:00   3.2054e-01   7.9868e+01   3.5494e+01   0.0000e+00   5.4240e-06   2.9293e+02
20260831_14:00:00   3.1912e-01   7.9671e+01   3.5571e+01   0.0000e+00   3.4780e-06   2.9091e+02
20260831_15:00:00   3.2505e-01   8.0944e+01   3.6262e+01   0.0000e+00   5.4260e-05   2.9023e+02
20260831_16:00:00   3.3064e-01   8.2117e+01   3.6971e+01   0.0000e+00   2.4498e-04   2.9022e+02
20260831_17:00:00   3.3770e-01   8.3580e+01   3.7554e+01   2.5000e-03   2.5280e-04   2.9028e+02
20260831_18:00:00   3.6556e-01   8.9117e+01   3.7525e+01   3.5559e-02   7.6800e-06   2.9025e+02
20260831_19:00:00   3.8081e-01   9.2095e+01   3.7421e+01   5.4939e-02   5.9880e-06   2.9029e+02
20260831_20:00:00   4.2024e-01   9.9441e+01   3.7835e+01   9.5320e-02   5.9880e-06   2.9057e+02
20260831_21:00:00   3.5616e-01   8.7458e+01   3.8065e+01   1.5114e-02   3.0416e-05   2.9075e+02
20260831_22:00:00   3.5846e-01   8.7983e+01   3.8142e+01   1.3749e-02   6.1120e-05   2.9045e+02
20260831_23:00:00   3.4509e-01   8.5422e+01   3.7725e+01   4.8320e-05   0.0000e+00   2.8850e+02
20260901_00:00:00   3.3700e-01   8.3757e+01   3.6777e+01   0.0000e+00   0.0000e+00   2.8777e+02
20260901_01:00:00   3.3204e-01   8.2700e+01   3.6302e+01   0.0000e+00   0.0000e+00   2.8840e+02
20260901_02:00:00   4.0195e-01   9.5755e+01   3.7744e+01   6.8472e-02   5.6468e-03   2.8995e+02
20260901_03:00:00   5.4529e-01   1.1992e+02   3.8528e+01   2.2434e-01   6.3424e-03   2.9012e+02
20260901_04:00:00   5.2099e-01   1.1595e+02   3.8731e+01   1.9392e-01   5.5456e-03   2.9000e+02
20260901_05:00:00   4.5712e-01   1.0525e+02   3.8101e+01   1.2958e-01   2.7360e-04   2.8968e+02
20260901_06:00:00   3.4182e-01   8.4293e+01   3.7830e+01   4.8579e-03   1.5034e-05   2.8923e+02
20260901_07:00:00   3.3714e-01   8.3359e+01   3.7828e+01   0.0000e+00   1.0212e-04   2.8823e+02
20260901_08:00:00   3.4107e-01   8.4087e+01   3.8168e+01   0.0000e+00   2.8881e-04   2.8939e+02
20260901_09:00:00   3.4417e-01   8.4700e+01   3.8276e+01   9.6000e-06   3.4320e-04   2.8836e+02
20260901_10:00:00   3.4301e-01   8.4469e+01   3.7981e+01   2.6240e-05   7.7510e-04   2.8728e+02
20260901_11:00:00   3.5591e-01   8.6935e+01   3.8789e+01   6.4680e-03   3.0382e-04   2.8799e+02
20260901_12:00:00   4.0842e-01   9.6619e+01   3.9301e+01   6.2613e-02   1.0361e-02   2.8878e+02
20260901_13:00:00   4.3743e-01   1.0193e+02   3.9654e+01   9.0557e-02   3.0624e-02   2.8851e+02
20260901_14:00:00   5.1274e-01   1.1455e+02   3.9487e+01   1.7892e-01   4.2930e-03   2.8831e+02
20260901_15:00:00   6.4659e-01   1.3485e+02   3.9884e+01   3.2370e-01   2.7371e-02   2.8815e+02
20260901_16:00:00   3.5818e-01   8.7827e+01   3.8911e+01   7.6726e-03   7.9371e-04   2.8803e+02
20260901_17:00:00   3.4498e-01   8.5425e+01   3.8610e+01   1.9200e-05   4.3460e-05   2.8828e+02
20260901_18:00:00   3.5615e-01   8.7624e+01   3.9327e+01   6.0804e-03   1.5330e-03   2.8809e+02
20260901_19:00:00   4.2355e-01   1.0004e+02   4.0612e+01   6.4712e-02   1.5092e-02   2.8814e+02
20260901_20:00:00   4.1508e-01   9.8445e+01   3.9218e+01   7.1186e-02   1.9027e-03   2.8851e+02
20260901_21:00:00   3.4347e-01   8.5164e+01   3.8488e+01   6.2980e-05   4.8356e-05   2.8866e+02
20260901_22:00:00   3.6535e-01   8.9279e+01   3.9009e+01   2.1540e-02   8.2998e-03   2.8820e+02
20260901_23:00:00   3.5171e-01   8.6835e+01   3.9453e+01   0.0000e+00   4.7750e-03   2.8835e+02
20260902_00:00:00   3.5555e-01   8.7492e+01   3.9781e+01   0.0000e+00   5.6493e-05   2.8797e+02
20260902_01:00:00   3.4895e-01   8.6118e+01   3.9111e+01   0.0000e+00   5.9880e-06   2.8802e+02
20260902_02:00:00   3.3732e-01   8.3830e+01   3.7937e+01   0.0000e+00   5.3380e-05   2.8813e+02
20260902_03:00:00   3.4137e-01   8.4590e+01   3.8235e+01   0.0000e+00   1.0840e-03   2.8750e+02
20260902_04:00:00   3.6550e-01   8.9105e+01   3.8012e+01   2.9979e-02   1.0851e-03   2.8705e+02
20260902_05:00:00   3.6272e-01   8.8675e+01   3.8020e+01   2.5785e-02   1.6321e-04   2.8700e+02
20260902_06:00:00   3.3823e-01   8.4049e+01   3.7838e+01   0.0000e+00   1.0284e-05   2.8608e+02
20260902_07:00:00   3.3807e-01   8.3976e+01   3.7757e+01   0.0000e+00   0.0000e+00   2.8577e+02
20260902_08:00:00   3.3625e-01   8.3645e+01   3.7403e+01   0.0000e+00   1.6108e-05   2.8454e+02
20260902_09:00:00   3.3654e-01   8.3711e+01   3.7266e+01   0.0000e+00   4.8000e-06   2.8435e+02
20260902_10:00:00   3.3792e-01   8.3997e+01   3.7261e+01   0.0000e+00   0.0000e+00   2.8564e+02
20260902_11:00:00   3.3656e-01   8.3732e+01   3.6809e+01   0.0000e+00   2.8220e-04   2.8707e+02
20260902_12:00:00   3.3655e-01   8.3794e+01   3.6686e+01   0.0000e+00   2.6620e-04   2.8809e+02
20260902_13:00:00   3.3579e-01   8.3769e+01   3.6754e+01   1.9200e-05   1.9514e-04   2.8735e+02
20260902_14:00:00   3.3820e-01   8.4365e+01   3.7029e+01   8.6400e-05   1.1758e-05   2.8660e+02
20260902_15:00:00   3.6646e-01   8.9934e+01   3.8029e+01   2.0080e-02   1.9978e-05   2.8599e+02
20260902_16:00:00   3.9165e-01   9.4708e+01   3.7944e+01   5.0980e-02   6.8980e-05   2.8498e+02
20260902_17:00:00   3.4828e-01   8.6583e+01   3.7560e+01   6.1608e-03   4.1318e-05   2.8482e+02
20260902_18:00:00   3.4881e-01   8.6783e+01   3.7950e+01   1.0282e-03   8.4738e-05   2.8520e+02
20260902_19:00:00   3.4598e-01   8.6339e+01   3.7780e+01   1.3538e-04   5.2180e-06   2.8482e+02
20260902_20:00:00   3.4531e-01   8.6289e+01   3.7642e+01   3.1659e-04   0.0000e+00   2.8580e+02
20260902_21:00:00   3.5194e-01   8.7682e+01   3.7543e+01   6.5142e-03   0.0000e+00   2.8615e+02
20260902_22:00:00   3.5178e-01   8.7753e+01   3.7496e+01   3.8697e-03   0.0000e+00   2.8722e+02
20260902_23:00:00   3.4318e-01   8.6031e+01   3.6672e+01   0.0000e+00   0.0000e+00   2.8874e+02
20260903_00:00:00   3.3944e-01   8.5123e+01   3.6218e+01   0.0000e+00   0.0000e+00   2.8938e+02
20260903_01:00:00   3.3056e-01   8.3253e+01   3.5312e+01   0.0000e+00   1.0436e-05   2.8958e+02
20260903_02:00:00   3.2660e-01   8.2387e+01   3.4935e+01   0.0000e+00   0.0000e+00   2.8837e+02
20260903_03:00:00   3.1768e-01   8.0516e+01   3.4059e+01   0.0000e+00   0.0000e+00   2.8852e+02
20260903_04:00:00   3.1280e-01   7.9448e+01   3.3782e+01   0.0000e+00   0.0000e+00   2.8878e+02
20260903_05:00:00   3.1973e-01   8.0803e+01   3.4554e+01   0.0000e+00   3.8920e-06   2.8787e+02
20260903_06:00:00   3.2286e-01   8.1387e+01   3.5064e+01   0.0000e+00   1.7842e-04   2.8786e+02
20260903_07:00:00   3.2905e-01   8.2594e+01   3.5797e+01   0.0000e+00   0.0000e+00   2.8623e+02
20260903_08:00:00   3.3531e-01   8.3790e+01   3.6439e+01   0.0000e+00   0.0000e+00   2.8682e+02
20260903_09:00:00   3.3621e-01   8.3924e+01   3.6348e+01   0.0000e+00   0.0000e+00   2.8763e+02
20260903_10:00:00   3.4633e-01   8.5900e+01   3.7160e+01   0.0000e+00   9.6000e-06   2.8786e+02
20260903_11:00:00   3.4403e-01   8.5381e+01   3.6936e+01   0.0000e+00   3.6440e-05   2.8717e+02
20260903_12:00:00   3.4283e-01   8.5110e+01   3.6931e+01   0.0000e+00   1.0998e-03   2.8727e+02
20260903_15:00:00   3.4797e-01   8.6512e+01   3.6695e+01   0.0000e+00   0.0000e+00   2.8402e+02
20260903_18:00:00   3.3547e-01   8.4241e+01   3.5835e+01   3.4780e-06   0.0000e+00   2.8328e+02
20260903_21:00:00   3.2854e-01   8.2891e+01   3.5796e+01   0.0000e+00   0.0000e+00   2.8339e+02
20260904_00:00:00   3.3007e-01   8.3142e+01   3.5320e+01   0.0000e+00   0.0000e+00   2.8294e+02
20260904_03:00:00   3.5220e-01   8.7460e+01   3.5480e+01   2.2240e-02   9.8380e-05   2.8246e+02
20260904_06:00:00   3.6461e-01   8.9687e+01   3.8549e+01   0.0000e+00   2.2422e-03   2.8149e+02
20260904_09:00:00   3.5679e-01   8.8042e+01   3.7021e+01   0.0000e+00   8.7400e-04   2.8184e+02
20260904_12:00:00   3.5752e-01   8.8068e+01   3.7226e+01   0.0000e+00   8.9250e-03   2.8441e+02
20260904_15:00:00   3.5601e-01   8.7895e+01   3.7838e+01   5.4040e-04   2.0944e-03   2.8873e+02
20260904_18:00:00   3.4913e-01   8.6476e+01   3.8328e+01   0.0000e+00   1.2500e-02   2.9239e+02
20260904_21:00:00   3.4765e-01   8.6466e+01   3.6959e+01   2.8740e-04   1.5737e-03   2.9917e+02
20260905_00:00:00   2.9313e-01   7.5213e+01   3.0042e+01   0.0000e+00   5.8360e-05   3.0201e+02
20260905_03:00:00   2.5578e-01   6.6850e+01   2.5982e+01   0.0000e+00   3.1344e-03   3.0049e+02
20260905_06:00:00   2.9390e-01   7.4396e+01   3.1920e+01   0.0000e+00   5.4827e-03   2.9722e+02
20260905_09:00:00   3.3988e-01   8.3426e+01   3.5228e+01   2.0804e-02   3.6568e-03   2.9821e+02
20260905_12:00:00   3.1365e-01   7.8363e+01   3.4590e+01   0.0000e+00   1.0742e-03   3.0108e+02
20260905_15:00:00   3.2105e-01   8.0085e+01   3.5758e+01   0.0000e+00   1.8699e-03   3.0241e+02
20260905_18:00:00   3.7194e-01   9.0043e+01   3.9755e+01   1.8498e-02   1.9120e-02   3.0037e+02
20260905_21:00:00   4.4413e-01   1.0357e+02   4.3150e+01   5.0200e-02   5.1542e-01   2.9880e+02
20260906_00:00:00   3.7912e-01   9.1154e+01   3.7634e+01   3.4219e-02   4.7108e-03   2.9941e+02
20260906_03:00:00   3.0551e-01   7.6698e+01   3.1516e+01   6.2400e-05   2.0520e-03   3.0103e+02
20260906_06:00:00   3.5386e-01   8.6107e+01   3.0989e+01   5.8900e-02   0.0000e+00   3.0521e+02
20260906_09:00:00   2.8508e-01   7.2436e+01   2.8511e+01   2.5531e-03   0.0000e+00   3.0474e+02
20260906_12:00:00   2.8482e-01   7.2441e+01   2.8470e+01   0.0000e+00   0.0000e+00   3.0525e+02
20260906_15:00:00   2.9515e-01   7.4906e+01   2.9327e+01   1.1870e-03   0.0000e+00   3.0471e+02
20260906_18:00:00   3.7972e-01   9.1935e+01   3.3422e+01   6.0981e-02   6.9941e-04   3.0330e+02
20260906_21:00:00   3.3394e-01   8.3025e+01   3.4229e+01   2.7240e-05   1.0372e-03   3.0198e+02
20260907_00:00:00   3.3057e-01   8.2048e+01   3.3906e+01   4.9140e-03   1.2600e-02   2.9873e+02
20260907_03:00:00   3.6007e-01   8.7347e+01   3.7983e+01   3.8686e-03   4.5730e-01   3.0067e+02
20260907_06:00:00   5.9002e-01   1.2586e+02   4.0663e+01   2.4415e-01   4.6757e-01   2.9871e+02
20260907_09:00:00   1.3068e+00   2.0330e+02   4.1386e+01   1.0529e+00   4.2372e-02   2.9831e+02
20260907_12:00:00   1.1942e+00   1.9456e+02   4.3377e+01   8.9269e-01   4.5330e-01   3.0193e+02
20260907_15:00:00   1.2061e+00   1.9752e+02   4.3946e+01   9.2580e-01   6.7095e-01   3.0200e+02
20260907_18:00:00   1.1435e+00   1.9247e+02   4.0677e+01   8.7755e-01   4.2894e-02   3.0351e+02
20260907_21:00:00   6.3737e-01   1.3485e+02   4.0666e+01   2.8877e-01   9.0458e-04   3.0185e+02
20260908_00:00:00   4.7779e-01   1.0954e+02   4.1961e+01   9.4943e-02   1.0871e-01   3.0455e+02
20260908_03:00:00   5.2617e-01   1.1807e+02   4.1639e+01   1.5935e-01   1.7168e-02   3.0565e+02
20260908_06:00:00   6.1678e-01   1.3312e+02   3.7963e+01   3.1134e-01   1.3554e-02   3.1015e+02
20260908_09:00:00   5.3630e-01   1.1988e+02   3.5236e+01   2.3919e-01   2.6112e-02   3.0983e+02
20260908_12:00:00   3.4400e-01   8.4630e+01   3.3047e+01   2.3969e-02   6.4897e-02   3.1157e+02
20260908_15:00:00   3.0756e-01   7.7509e+01   3.0531e+01   3.9700e-03   4.0787e-02   3.1295e+02
20260908_18:00:00   3.7215e-01   9.0635e+01   3.4898e+01   4.6307e-02   1.6996e-03   3.1424e+02
20260908_21:00:00   3.6435e-01   8.8887e+01   3.8665e+01   1.4528e-03   3.6765e-04   3.1420e+02
20260909_00:00:00   3.5167e-01   8.6012e+01   3.8140e+01   6.2260e-05   4.9287e-03   3.1683e+02
20260909_03:00:00   4.3674e-01   1.0144e+02   3.9645e+01   8.0388e-02   1.1284e-01   3.2046e+02
20260909_06:00:00   3.5238e-01   8.6062e+01   3.7568e+01   1.6575e-03   1.8054e-05   3.1353e+02
20260909_09:00:00   3.4835e-01   8.5332e+01   3.6205e+01   2.2432e-04   2.3225e-03   3.0446e+02
20260909_12:00:00   3.1324e-01   7.8046e+01   3.3560e+01   0.0000e+00   7.3058e-03   3.0437e+02
20260909_15:00:00   2.9502e-01   7.4649e+01   3.1450e+01   5.4620e-04   5.8048e-03   3.1233e+02
20260909_18:00:00   2.5600e-01   6.6519e+01   2.7778e+01   0.0000e+00   1.8580e-03   3.1008e+02
20260909_21:00:00   4.1862e-01   9.7893e+01   3.1309e+01   1.4476e-01   1.8578e-02   3.1250e+02
20260910_00:00:00   3.6410e-01   8.7949e+01   3.1415e+01   7.7972e-02   3.1839e-02   3.0920e+02
20260910_03:00:00   4.0670e-01   9.6337e+01   4.1234e+01   1.8359e-02   2.7291e-01   3.0543e+02
20260910_06:00:00   4.5210e-01   1.0555e+02   3.3915e+01   1.3630e-01   6.9580e-06   3.0986e+02
20260910_09:00:00   7.0098e-01   1.4455e+02   2.6792e+01   5.0844e-01   0.0000e+00   3.0827e+02
20260910_12:00:00   1.4920e-01   4.1113e+01   1.2892e+01   0.0000e+00   1.5854e-03   3.1217e+02
20260910_15:00:00   1.3140e-01   3.6716e+01   1.0828e+01   0.0000e+00   2.2515e-02   3.1017e+02
20260910_18:00:00   1.5628e-01   4.2690e+01   1.4097e+01   0.0000e+00   1.1888e-02   3.0807e+02
20260910_21:00:00   1.6357e-01   4.4485e+01   1.4895e+01   0.0000e+00   0.0000e+00   3.1370e+02
20260911_00:00:00   1.7334e-01   4.6574e+01   1.4900e+01   9.6510e-04   0.0000e+00   3.1213e+02
20260911_03:00:00   1.6539e-01   4.4514e+01   1.3633e+01   1.2136e-03   0.0000e+00   3.1695e+02
20260911_06:00:00   2.8985e-01   7.1896e+01   1.3750e+01   1.4144e-01   0.0000e+00   3.0894e+02
20260911_09:00:00   6.5887e-01   1.3445e+02   1.3257e+01   5.6640e-01   1.9446e-05   3.1322e+02
20260911_12:00:00   3.8833e-01   9.0582e+01   1.1990e+01   2.7090e-01   4.9140e-06   3.1147e+02
20260911_15:00:00   2.1208e-01   5.4605e+01   9.7270e+00   9.2685e-02   1.0738e-06   3.1228e+02
20260911_18:00:00   1.1899e-01   3.3211e+01   8.9421e+00   0.0000e+00   0.0000e+00   3.1472e+02
20260911_21:00:00   1.2279e-01   3.4185e+01   9.8502e+00   0.0000e+00   1.2646e-03   3.1307e+02
20260912_00:00:00   1.2575e-01   3.4752e+01   1.0832e+01   0.0000e+00   4.1768e-02   3.0901e+02
20260912_03:00:00   1.2727e-01   3.4960e+01   1.1959e+01   3.3080e-05   3.5221e-03   3.0304e+02
20260912_06:00:00   1.2826e-01   3.5221e+01   1.1764e+01   0.0000e+00   3.8400e-06   2.9909e+02
20260912_09:00:00   1.2599e-01   3.4812e+01   1.1163e+01   0.0000e+00   0.0000e+00   2.9879e+02
20260912_12:00:00   1.6443e-01   4.3873e+01   1.6817e+01   0.0000e+00   0.0000e+00   2.9562e+02
20260912_15:00:00   1.0001e+00   1.7387e+02   2.2572e+01   8.8750e-01   2.1590e-01   2.9498e+02
20260912_18:00:00   3.2833e-01   7.9061e+01   1.9005e+01   1.5452e-01   8.6640e-05   2.9465e+02
20260912_21:00:00   1.5904e-01   4.3261e+01   1.5259e+01   0.0000e+00   0.0000e+00   2.9183e+02
20260913_00:00:00   1.6900e-01   4.5567e+01   1.6138e+01   0.0000e+00   0.0000e+00   2.8900e+02
20260913_03:00:00   1.8852e-01   4.9973e+01   1.7042e+01   1.4140e-02   7.2620e-05   2.8863e+02
20260913_06:00:00   1.8236e-01   4.8630e+01   1.7756e+01   1.6284e-03   4.1740e-06   2.8834e+02
20260913_09:00:00   2.2478e-01   5.8090e+01   1.9107e+01   3.5618e-02   3.0880e-05   2.8681e+02
20260913_12:00:00   2.5501e-01   6.4845e+01   1.8900e+01   6.9258e-02   0.0000e+00   2.8794e+02
20260913_15:00:00   1.9137e-01   5.1075e+01   1.8302e+01   1.2356e-04   0.0000e+00   2.8911e+02
20260913_18:00:00   2.0015e-01   5.3387e+01   1.9246e+01   0.0000e+00   3.7580e-05   2.8493e+02
20260913_21:00:00   2.0184e-01   5.3875e+01   1.9100e+01   2.8300e-03   4.4356e-04   2.8225e+02
20260914_00:00:00   2.0243e-01   5.3794e+01   2.0122e+01   0.0000e+00   3.2880e-03   2.8068e+02
20260914_03:00:00   2.2443e-01   5.8397e+01   2.4188e+01   0.0000e+00   2.2026e-03   2.8112e+02
20260914_06:00:00   2.5080e-01   6.4214e+01   2.8065e+01   0.0000e+00   2.1184e-02   2.8116e+02
20260914_09:00:00   2.7400e-01   6.9451e+01   3.0336e+01   1.3860e-04   1.5396e-02   2.7958e+02
20260914_12:00:00   3.3223e-01   8.2003e+01   3.4825e+01   1.0332e-02   1.1206e-05   2.7945e+02
