#            date       tau255        Tb[K]      pwv[mm] lwp[kg*m^-2] iwp[kg*m^-2]       o3[DU]
20260918_12:00:00   3.9266e-01   9.4257e+01   4.1115e+01   3.3990e-03   3.3819e-04   2.8577e+02
20260918_13:00:00   4.1866e-01   9.9187e+01   4.3246e+01   4.2157e-03   2.0324e-04   2.8411e+02
20260918_14:00:00   4.4258e-01   1.0354e+02   4.2788e+01   3.4221e-02   1.6646e-04   2.8264e+02
20260918_15:00:00   4.3336e-01   1.0198e+02   4.2170e+01   3.0804e-02   6.5956e-04   2.8089e+02
20260918_16:00:00   4.3567e-01   1.0260e+02   4.1135e+01   4.9221e-02   2.3065e-03   2.7903e+02
20260918_17:00:00   4.4148e-01   1.0401e+02   3.9905e+01   7.6004e-02   1.8667e-03   2.7683e+02
20260918_18:00:00   4.0194e-01   9.6623e+01   3.8297e+01   4.3514e-02   6.1136e-04   2.7448e+02
20260918_19:00:00   3.5852e-01   8.8200e+01   3.5802e+01   1.6430e-02   8.6620e-05   2.7307e+02
20260918_20:00:00   3.3258e-01   8.2974e+01   3.3994e+01   5.8080e-03   1.3958e-04   2.7101e+02
20260918_21:00:00   3.2874e-01   8.2217e+01   3.2482e+01   1.4971e-02   4.0000e-05   2.7002e+02
20260918_22:00:00   3.2047e-01   8.0538e+01   2.9616e+01   3.2501e-02   1.7394e-06   2.6902e+02
20260918_23:00:00   3.3341e-01   8.3106e+01   2.8044e+01   6.0420e-02   0.0000e+00   2.6970e+02
20260919_00:00:00   3.1585e-01   7.9379e+01   2.6495e+01   5.4720e-02   0.0000e+00   2.7009e+02
20260919_01:00:00   2.5406e-01   6.6119e+01   2.4238e+01   7.9940e-04   0.0000e+00   2.7140e+02
20260919_02:00:00   2.4850e-01   6.4809e+01   2.3403e+01   2.5860e-03   0.0000e+00   2.7195e+02
20260919_03:00:00   2.3905e-01   6.2616e+01   2.2719e+01   4.8000e-06   5.3700e-06   2.7402e+02
20260919_04:00:00   2.4074e-01   6.2929e+01   2.2532e+01   2.2172e-03   0.0000e+00   2.7190e+02
20260919_05:00:00   2.5900e-01   6.6957e+01   2.2575e+01   2.4261e-02   0.0000e+00   2.7069e+02
20260919_06:00:00   2.7912e-01   7.1245e+01   2.4221e+01   3.6886e-02   0.0000e+00   2.7017e+02
20260919_07:00:00   2.8865e-01   7.3167e+01   2.6417e+01   2.9797e-02   0.0000e+00   2.6940e+02
20260919_08:00:00   3.0436e-01   7.6378e+01   2.8528e+01   2.5140e-02   0.0000e+00   2.6954e+02
20260919_09:00:00   3.5040e-01   8.5767e+01   2.9244e+01   7.3615e-02   2.6840e-06   2.6995e+02
20260919_10:00:00   3.6132e-01   8.7980e+01   2.9055e+01   9.0642e-02   3.0800e-05   2.7143e+02
20260919_11:00:00   2.9799e-01   7.5030e+01   2.8530e+01   2.1176e-02   1.1912e-04   2.7294e+02
20260919_12:00:00   2.8696e-01   7.2623e+01   2.9183e+01   3.2829e-03   4.3960e-05   2.7465e+02
20260919_13:00:00   2.9343e-01   7.4023e+01   2.9865e+01   3.6667e-03   9.4760e-04   2.7477e+02
20260919_14:00:00   3.0450e-01   7.6427e+01   2.9346e+01   2.5088e-02   4.5717e-04   2.7423e+02
20260919_15:00:00   3.2667e-01   8.1036e+01   3.1462e+01   3.3807e-02   2.6984e-04   2.7536e+02
20260919_16:00:00   3.0958e-01   7.7512e+01   3.2405e+01   1.1192e-02   9.6000e-06   2.7572e+02
20260919_17:00:00   3.1888e-01   7.9416e+01   3.4398e+01   5.2163e-03   0.0000e+00   2.7661e+02
20260919_18:00:00   3.2524e-01   8.0765e+01   3.5442e+01   3.2317e-03   5.9880e-06   2.7660e+02
20260919_19:00:00   3.4716e-01   8.5236e+01   3.6061e+01   2.3128e-02   4.4060e-05   2.7675e+02
20260919_20:00:00   3.8620e-01   9.2831e+01   3.7395e+01   5.0052e-02   8.7940e-06   2.7715e+02
20260919_21:00:00   3.7223e-01   9.0179e+01   3.8284e+01   1.8254e-02   1.7136e-04   2.7602e+02
20260919_22:00:00   3.6011e-01   8.7822e+01   3.8298e+01   3.7168e-04   1.3266e-03   2.7583e+02
20260919_23:00:00   3.5503e-01   8.6760e+01   3.7502e+01   1.3916e-05   2.6131e-04   2.7604e+02
20260920_00:00:00   3.3711e-01   8.3154e+01   3.5446e+01   4.7420e-04   1.7738e-04   2.7512e+02
20260920_01:00:00   3.2487e-01   8.0639e+01   3.4117e+01   3.9240e-04   6.2000e-05   2.7601e+02
20260920_02:00:00   3.1934e-01   7.9411e+01   3.3603e+01   3.4780e-05   5.6260e-06   2.7796e+02
20260920_03:00:00   3.2308e-01   8.0046e+01   3.4322e+01   0.0000e+00   2.1480e-06   2.8148e+02
20260920_04:00:00   3.2988e-01   8.1286e+01   3.5250e+01   0.0000e+00   0.0000e+00   2.8174e+02
20260920_05:00:00   3.3255e-01   8.1769e+01   3.5555e+01   0.0000e+00   7.0043e-06   2.8024e+02
20260920_06:00:00   3.3920e-01   8.3033e+01   3.6490e+01   0.0000e+00   9.3360e-05   2.7985e+02
20260920_07:00:00   3.5346e-01   8.5772e+01   3.8001e+01   0.0000e+00   1.5286e-03   2.7915e+02
20260920_08:00:00   3.5535e-01   8.6143e+01   3.8297e+01   0.0000e+00   1.0873e-03   2.7984e+02
20260920_09:00:00   3.6469e-01   8.7918e+01   3.9267e+01   3.7380e-04   2.8855e-03   2.7903e+02
20260920_10:00:00   4.9975e-01   1.1155e+02   4.0815e+01   1.3523e-01   1.7408e-01   2.7940e+02
20260920_11:00:00   8.4613e-01   1.5949e+02   4.1946e+01   5.1024e-01   3.3116e-01   2.7900e+02
20260920_12:00:00   5.0016e-01   1.1182e+02   4.1106e+01   1.3182e-01   2.4560e-01   2.7827e+02
20260920_13:00:00   3.7880e-01   9.0784e+01   4.0372e+01   4.7045e-03   8.1873e-02   2.7913e+02
20260920_14:00:00   3.8720e-01   9.2627e+01   4.0267e+01   1.4885e-02   1.3357e-02   2.8082e+02
20260920_15:00:00   3.8272e-01   9.1878e+01   4.0349e+01   8.2300e-03   1.5652e-02   2.8017e+02
20260920_16:00:00   3.8284e-01   9.1960e+01   4.1000e+01   2.2757e-03   1.5365e-03   2.7897e+02
20260920_17:00:00   4.4959e-01   1.0404e+02   4.2150e+01   6.3368e-02   2.7712e-03   2.7834e+02
20260920_18:00:00   5.0345e-01   1.1297e+02   4.1671e+01   1.3059e-01   1.9229e-03   2.7890e+02
20260920_19:00:00   4.2733e-01   9.9898e+01   4.1357e+01   4.8044e-02   6.7259e-04   2.7964e+02
20260920_20:00:00   3.8201e-01   9.1661e+01   4.0916e+01   4.6014e-03   1.5583e-03   2.8151e+02
20260920_21:00:00   5.0255e-01   1.1243e+02   4.0428e+01   1.4828e-01   2.4538e-02   2.8267e+02
20260920_22:00:00   4.5961e-01   1.0525e+02   4.0099e+01   1.0527e-01   5.4977e-02   2.8180e+02
20260920_23:00:00   3.5878e-01   8.7185e+01   3.9200e+01   2.4325e-03   2.0420e-02   2.8181e+02
20260921_00:00:00   3.4955e-01   8.5367e+01   3.8315e+01   0.0000e+00   6.4297e-03   2.8250e+02
20260921_01:00:00   3.3268e-01   8.2129e+01   3.6082e+01   0.0000e+00   4.9022e-03   2.8333e+02
20260921_02:00:00   3.2633e-01   8.0901e+01   3.5060e+01   1.0436e-04   1.6044e-03   2.8493e+02
20260921_03:00:00   3.2253e-01   8.0159e+01   3.4435e+01   0.0000e+00   1.3916e-06   2.8621e+02
20260921_04:00:00   3.2027e-01   7.9716e+01   3.3934e+01   0.0000e+00   0.0000e+00   2.8502e+02
20260921_05:00:00   3.2142e-01   7.9929e+01   3.3753e+01   0.0000e+00   5.3700e-06   2.8272e+02
20260921_06:00:00   3.2555e-01   8.0702e+01   3.4074e+01   0.0000e+00   1.4208e-03   2.8131e+02
20260921_07:00:00   3.2097e-01   7.9778e+01   3.3738e+01   0.0000e+00   1.4891e-03   2.8306e+02
20260921_08:00:00   3.1831e-01   7.9198e+01   3.3647e+01   0.0000e+00   2.9716e-03   2.8423e+02
20260921_09:00:00   3.2425e-01   8.0329e+01   3.4460e+01   0.0000e+00   2.1608e-02   2.8293e+02
20260921_10:00:00   3.3498e-01   8.2404e+01   3.5749e+01   0.0000e+00   1.1826e-01   2.8118e+02
20260921_11:00:00   3.7060e-01   8.9139e+01   3.7683e+01   2.3009e-02   2.4464e-02   2.8164e+02
20260921_12:00:00   4.6194e-01   1.0551e+02   3.9979e+01   1.0112e-01   6.2083e-02   2.8251e+02
20260921_13:00:00   5.4448e-01   1.1903e+02   4.1398e+01   1.7568e-01   3.2227e-01   2.8267e+02
20260921_14:00:00   5.9766e-01   1.2717e+02   4.1514e+01   2.3480e-01   1.1276e-01   2.8255e+02
20260921_15:00:00   4.5801e-01   1.0521e+02   4.1599e+01   7.9138e-02   8.7216e-02   2.8217e+02
20260921_16:00:00   4.7487e-01   1.0823e+02   4.1225e+01   1.0137e-01   2.8819e-03   2.8169e+02
20260921_17:00:00   3.8859e-01   9.3010e+01   4.0914e+01   4.0392e-03   4.0640e-03   2.8201e+02
20260921_18:00:00   3.9927e-01   9.5179e+01   4.1518e+01   7.3614e-03   8.1399e-03   2.8178e+02
20260921_19:00:00   4.0657e-01   9.6587e+01   4.2538e+01   1.9729e-03   4.3061e-02   2.8125e+02
20260921_20:00:00   4.1532e-01   9.8144e+01   4.3322e+01   3.3558e-03   1.5216e-01   2.8254e+02
20260921_21:00:00   4.0955e-01   9.7040e+01   4.2825e+01   4.0938e-03   2.2691e-01   2.8285e+02
20260921_22:00:00   3.9374e-01   9.4089e+01   4.1543e+01   2.3222e-03   1.2494e-01   2.8342e+02
20260921_23:00:00   3.9730e-01   9.4715e+01   4.0754e+01   1.7153e-02   4.8010e-02   2.8325e+02
20260922_00:00:00   4.3771e-01   1.0241e+02   3.9781e+01   8.1656e-02   2.3360e-02   2.8285e+02
20260922_01:00:00   6.1057e-01   1.3183e+02   4.0494e+01   2.9131e-01   3.0950e-01   2.8206e+02
20260922_02:00:00   6.6596e-01   1.4016e+02   4.0435e+01   3.6297e-01   3.1317e-01   2.8192e+02
20260922_03:00:00   8.1011e-01   1.5959e+02   4.1025e+01   5.3285e-01   4.0151e-01   2.8208e+02
20260922_04:00:00   7.7592e-01   1.5469e+02   4.1520e+01   4.7422e-01   5.1158e-01   2.8350e+02
20260922_05:00:00   6.6226e-01   1.3940e+02   4.0478e+01   3.5329e-01   2.9104e-01   2.8096e+02
20260922_06:00:00   6.1966e-01   1.3297e+02   3.9748e+01   3.0947e-01   3.4751e-01   2.8269e+02
20260922_07:00:00   5.5364e-01   1.2238e+02   3.8642e+01   2.3951e-01   3.5044e-01   2.8102e+02
20260922_08:00:00   5.7541e-01   1.2576e+02   3.9002e+01   2.6339e-01   4.0055e-01   2.8199e+02
20260922_09:00:00   5.0621e-01   1.1420e+02   3.8903e+01   1.7882e-01   1.1949e-01   2.8192e+02
20260922_10:00:00   4.6620e-01   1.0689e+02   3.8519e+01   1.3147e-01   8.7411e-02   2.8345e+02
20260922_11:00:00   4.7586e-01   1.0877e+02   3.7938e+01   1.5106e-01   4.0920e-02   2.8514e+02
20260922_12:00:00   5.8667e-01   1.2743e+02   3.8485e+01   2.8225e-01   7.5153e-02   2.8867e+02
20260922_13:00:00   5.3507e-01   1.1871e+02   3.8628e+01   2.1110e-01   1.4164e-01   2.9102e+02
20260922_14:00:00   5.6331e-01   1.2354e+02   3.8959e+01   2.4378e-01   2.8211e-01   2.9240e+02
20260922_15:00:00   6.7514e-01   1.4017e+02   3.9378e+01   3.6906e-01   3.3639e-01   2.9282e+02
20260922_16:00:00   6.9011e-01   1.4244e+02   3.9566e+01   3.8635e-01   3.6371e-01   2.9269e+02
20260922_17:00:00   6.3983e-01   1.3529e+02   3.9559e+01   3.2763e-01   1.4139e-01   2.9189e+02
20260922_18:00:00   5.9146e-01   1.2833e+02   3.9077e+01   2.7868e-01   1.0504e-02   2.9081e+02
20260922_19:00:00   5.8251e-01   1.2693e+02   3.8639e+01   2.7306e-01   3.2310e-03   2.8969e+02
20260922_20:00:00   5.3519e-01   1.1908e+02   3.8483e+01   2.1397e-01   1.7021e-02   2.8884e+02
20260922_21:00:00   5.5345e-01   1.2204e+02   3.8434e+01   2.3706e-01   1.1228e-01   2.8941e+02
20260922_22:00:00   5.6934e-01   1.2468e+02   3.7887e+01   2.6335e-01   2.8031e-01   2.8975e+02
20260922_23:00:00   5.7028e-01   1.2481e+02   3.7134e+01   2.7178e-01   2.4778e-01   2.9151e+02
20260923_00:00:00   6.9159e-01   1.4320e+02   3.6018e+01   4.3024e-01   1.0378e-01   2.9266e+02
20260923_01:00:00   8.2431e-01   1.6088e+02   3.4474e+01   6.0894e-01   7.2082e-02   2.9295e+02
20260923_02:00:00   8.9747e-01   1.6955e+02   3.3467e+01   7.0840e-01   1.2521e-01   2.9366e+02
20260923_03:00:00   9.0594e-01   1.7035e+02   3.2591e+01   7.2522e-01   8.1585e-02   2.9346e+02
20260923_04:00:00   8.4082e-01   1.6256e+02   3.1464e+01   6.5541e-01   7.3702e-02   2.9370e+02
20260923_05:00:00   8.6717e-01   1.6553e+02   3.0722e+01   6.9080e-01   3.3909e-02   2.9279e+02
20260923_06:00:00   8.6950e-01   1.6572e+02   3.0935e+01   6.8802e-01   3.2580e-02   2.9242e+02
20260923_07:00:00   7.6433e-01   1.5256e+02   3.1151e+01   5.5385e-01   5.9187e-03   2.9242e+02
20260923_08:00:00   7.9454e-01   1.5645e+02   3.1346e+01   5.8861e-01   5.5020e-03   2.9266e+02
20260923_09:00:00   7.5192e-01   1.5080e+02   3.1231e+01   5.3749e-01   1.3988e-02   2.9177e+02
20260923_10:00:00   7.5493e-01   1.5113e+02   3.1628e+01   5.3824e-01   1.9298e-02   2.9182e+02
20260923_11:00:00   7.7494e-01   1.5368e+02   3.1998e+01   5.5834e-01   7.9168e-03   2.9135e+02
20260923_12:00:00   9.1928e-01   1.7098e+02   3.2483e+01   7.2832e-01   2.1072e-03   2.9158e+02
20260923_15:00:00   7.9928e-01   1.5679e+02   3.1185e+01   5.9741e-01   2.0955e-04   2.9060e+02
20260923_18:00:00   6.9737e-01   1.4356e+02   2.9019e+01   4.9570e-01   0.0000e+00   2.9063e+02
20260923_21:00:00   6.0623e-01   1.3012e+02   2.7891e+01   3.9197e-01   6.2950e-04   2.9407e+02
20260924_00:00:00   1.0814e+00   1.8769e+02   2.6521e+01   9.7090e-01   0.0000e+00   3.0305e+02
20260924_03:00:00   9.0572e-01   1.6945e+02   2.6051e+01   7.6782e-01   0.0000e+00   3.0551e+02
20260924_06:00:00   6.0906e-01   1.2959e+02   2.6407e+01   3.9984e-01   0.0000e+00   3.0585e+02
20260924_09:00:00   7.8330e-01   1.5322e+02   2.5467e+01   6.0508e-01   0.0000e+00   3.0896e+02
20260924_12:00:00   4.4840e-01   1.0265e+02   2.5613e+01   2.0990e-01   0.0000e+00   3.1176e+02
20260924_15:00:00   3.2630e-01   7.9973e+01   2.5433e+01   6.5034e-02   5.7600e-06   3.1244e+02
20260924_18:00:00   3.6711e-01   8.8197e+01   2.5265e+01   1.1664e-01   0.0000e+00   3.1312e+02
20260924_21:00:00   3.1020e-01   7.6953e+01   2.5256e+01   5.4930e-02   0.0000e+00   3.1080e+02
20260925_00:00:00   2.7898e-01   7.0349e+01   2.1489e+01   5.1547e-02   0.0000e+00   3.1205e+02
20260925_03:00:00   2.9147e-01   7.2671e+01   1.9845e+01   7.9968e-02   0.0000e+00   3.0947e+02
20260925_06:00:00   2.0937e-01   5.4929e+01   1.7999e+01   4.4920e-03   0.0000e+00   3.1072e+02
20260925_09:00:00   2.0536e-01   5.3752e+01   1.6722e+01   1.5609e-02   0.0000e+00   3.1061e+02
20260925_12:00:00   2.9300e-01   7.2439e+01   1.7887e+01   1.0029e-01   0.0000e+00   3.1317e+02
20260925_15:00:00   4.1713e-01   9.5791e+01   1.9889e+01   2.2557e-01   4.0280e-05   3.1051e+02
20260925_18:00:00   2.5245e-01   6.4055e+01   2.0637e+01   3.6016e-02   7.0449e-05   3.1243e+02
20260925_21:00:00   2.6090e-01   6.6153e+01   2.0978e+01   4.0714e-02   0.0000e+00   3.1512e+02
20260926_00:00:00   2.4439e-01   6.2513e+01   2.1295e+01   1.6398e-02   0.0000e+00   3.1125e+02
20260926_03:00:00   2.0177e-01   5.3040e+01   1.8080e+01   4.0700e-03   0.0000e+00   3.1033e+02
20260926_06:00:00   1.6441e-01   4.4319e+01   1.4412e+01   0.0000e+00   0.0000e+00   3.0552e+02
20260926_09:00:00   1.5452e-01   4.2000e+01   1.3110e+01   0.0000e+00   0.0000e+00   3.0460e+02
20260926_12:00:00   1.4643e-01   4.0114e+01   1.1953e+01   0.0000e+00   0.0000e+00   3.0215e+02
20260926_15:00:00   1.4434e-01   3.9867e+01   1.1939e+01   0.0000e+00   2.5300e-05   2.9924e+02
20260926_18:00:00   1.4396e-01   3.9886e+01   1.2531e+01   0.0000e+00   1.2364e-03   2.9882e+02
20260926_21:00:00   1.5558e-01   4.2718e+01   1.3785e+01   0.0000e+00   4.4136e-03   2.9471e+02
20260927_00:00:00   1.5885e-01   4.3377e+01   1.3338e+01   0.0000e+00   5.3796e-03   2.9494e+02
20260927_03:00:00   1.4683e-01   4.0381e+01   1.1502e+01   0.0000e+00   1.1586e-03   2.9318e+02
20260927_06:00:00   1.4037e-01   3.8764e+01   1.0583e+01   0.0000e+00   0.0000e+00   2.9355e+02
20260927_09:00:00   1.2871e-01   3.5927e+01   9.3556e+00   0.0000e+00   0.0000e+00   2.9308e+02
20260927_12:00:00   1.2866e-01   3.5899e+01   9.4050e+00   0.0000e+00   1.4984e-04   2.9127e+02
20260927_15:00:00   1.2689e-01   3.5648e+01   9.5622e+00   0.0000e+00   3.6580e-06   2.9201e+02
20260927_18:00:00   1.3035e-01   3.6539e+01   1.0560e+01   0.0000e+00   1.3062e-03   2.9286e+02
20260927_21:00:00   1.3817e-01   3.8478e+01   1.1511e+01   0.0000e+00   4.8000e-06   2.9658e+02
20260928_00:00:00   1.4973e-01   4.1113e+01   1.2513e+01   0.0000e+00   3.3600e-05   2.9576e+02
20260928_03:00:00   1.4859e-01   4.0716e+01   1.2388e+01   0.0000e+00   0.0000e+00   2.9420e+02
20260928_06:00:00   1.4949e-01   4.0893e+01   1.2518e+01   0.0000e+00   0.0000e+00   2.9074e+02
20260928_09:00:00   1.5398e-01   4.1880e+01   1.3431e+01   0.0000e+00   0.0000e+00   2.9268e+02
20260928_12:00:00   1.6456e-01   4.4397e+01   1.4843e+01   0.0000e+00   0.0000e+00   2.9409e+02
20260928_15:00:00   1.6730e-01   4.5261e+01   1.5302e+01   0.0000e+00   0.0000e+00   2.9523e+02
20260928_18:00:00   1.6539e-01   4.4934e+01   1.5200e+01   0.0000e+00   0.0000e+00   2.9566e+02
20260928_21:00:00   1.6368e-01   4.4566e+01   1.5010e+01   0.0000e+00   0.0000e+00   2.9480e+02
20260929_00:00:00   1.5329e-01   4.1908e+01   1.3620e+01   0.0000e+00   0.0000e+00   2.9844e+02
20260929_03:00:00   1.8093e-01   4.8414e+01   1.6158e+01   2.6100e-04   0.0000e+00   2.9897e+02
20260929_06:00:00   2.2055e-01   5.7506e+01   1.8047e+01   2.2782e-02   0.0000e+00   2.9554e+02
20260929_09:00:00   3.0314e-01   7.5439e+01   1.8658e+01   1.1557e-01   3.0000e-05   2.9408e+02
20260929_12:00:00   2.1508e-01   5.6295e+01   1.9941e+01   3.8920e-06   0.0000e+00   2.9417e+02
20260929_15:00:00   2.9024e-01   7.2882e+01   2.4017e+01   5.1540e-02   6.2975e-03   2.9329e+02
20260929_18:00:00   3.7076e-01   8.9200e+01   2.7053e+01   1.2031e-01   6.7484e-03   2.9170e+02
20260929_21:00:00   4.3868e-01   1.0178e+02   3.1610e+01   1.5902e-01   5.0315e-02   2.8916e+02
20260930_00:00:00   4.0973e-01   9.6400e+01   3.2990e+01   1.0811e-01   2.2605e-02   2.9227e+02
20260930_03:00:00   6.4406e-01   1.3557e+02   3.1790e+01   3.9530e-01   2.3899e-02   2.9431e+02
20260930_06:00:00   9.4695e-01   1.7461e+02   2.9996e+01   7.7600e-01   1.0738e-05   2.9658e+02
20260930_09:00:00   7.8325e-01   1.5452e+02   2.5509e+01   6.2125e-01   0.0000e+00   2.8666e+02
20260930_12:00:00   2.7268e-01   6.8794e+01   2.1056e+01   5.1098e-02   0.0000e+00   2.8616e+02
20260930_15:00:00   1.2081e-01   3.4044e+01   9.5104e+00   0.0000e+00   0.0000e+00   2.8791e+02
20260930_18:00:00   1.3253e-01   3.6987e+01   1.1549e+01   0.0000e+00   0.0000e+00   2.8593e+02
20260930_21:00:00   1.4723e-01   4.0581e+01   1.2979e+01   0.0000e+00   0.0000e+00   2.8733e+02
20261001_00:00:00   1.4310e-01   3.9425e+01   1.2424e+01   0.0000e+00   0.0000e+00   2.9070e+02
20261001_03:00:00   1.4672e-01   4.0176e+01   1.3068e+01   0.0000e+00   0.0000e+00   2.9077e+02
20261001_06:00:00   1.5220e-01   4.1437e+01   1.4086e+01   0.0000e+00   0.0000e+00   2.8984e+02
20261001_09:00:00   1.4954e-01   4.0797e+01   1.3819e+01   0.0000e+00   1.9458e-06   2.8680e+02
20261001_12:00:00   1.4679e-01   4.0183e+01   1.3353e+01   0.0000e+00   0.0000e+00   2.8871e+02
20261001_15:00:00   1.5108e-01   4.1389e+01   1.4109e+01   0.0000e+00   0.0000e+00   2.8880e+02
20261001_18:00:00   1.5327e-01   4.2155e+01   1.4238e+01   0.0000e+00   0.0000e+00   2.9123e+02
20261001_21:00:00   1.5285e-01   4.2222e+01   1.3930e+01   0.0000e+00   0.0000e+00   2.8828e+02
20261002_00:00:00   1.7125e-01   4.6454e+01   1.5125e+01   0.0000e+00   0.0000e+00   2.8753e+02
20261002_03:00:00   1.6112e-01   4.4024e+01   1.3885e+01   0.0000e+00   0.0000e+00   2.9457e+02
20261002_06:00:00   1.6102e-01   4.3962e+01   1.3948e+01   0.0000e+00   0.0000e+00   2.9028e+02
20261002_09:00:00   1.5627e-01   4.2864e+01   1.3462e+01   0.0000e+00   0.0000e+00   2.8350e+02
20261002_12:00:00   1.5792e-01   4.3338e+01   1.3436e+01   0.0000e+00   0.0000e+00   2.8124e+02
20261002_15:00:00   1.6405e-01   4.5094e+01   1.4290e+01   0.0000e+00   0.0000e+00   2.7626e+02
20261002_18:00:00   1.7439e-01   4.7699e+01   1.6129e+01   0.0000e+00   0.0000e+00   2.7205e+02
20261002_21:00:00   1.9379e-01   5.2299e+01   1.8304e+01   0.0000e+00   0.0000e+00   2.6796e+02
20261003_00:00:00   1.9260e-01   5.1895e+01   1.7510e+01   0.0000e+00   0.0000e+00   2.6375e+02
20261003_03:00:00   1.8673e-01   5.0390e+01   1.7292e+01   0.0000e+00   1.1408e-04   2.6225e+02
20261003_06:00:00   1.8964e-01   5.0990e+01   1.7844e+01   0.0000e+00   2.0545e-04   2.6109e+02
20261003_09:00:00   1.9987e-01   5.3317e+01   1.9511e+01   0.0000e+00   2.0590e-03   2.5856e+02
20261003_12:00:00   2.3589e-01   6.1530e+01   2.2057e+01   1.2528e-02   3.1018e-03   2.5863e+02
20261003_15:00:00   2.3731e-01   6.2273e+01   2.3259e+01   0.0000e+00   5.3017e-03   2.5818e+02
20261003_18:00:00   2.7980e-01   7.1939e+01   2.3860e+01   4.6507e-02   2.5912e-03   2.6037e+02
20261003_21:00:00   2.5938e-01   6.7610e+01   2.4974e+01   0.0000e+00   0.0000e+00   2.6148e+02
20261004_00:00:00   2.7091e-01   6.9833e+01   2.4029e+01   1.5284e-02   0.0000e+00   2.6229e+02
20261004_03:00:00   2.3339e-01   6.1581e+01   2.1485e+01   7.2480e-05   0.0000e+00   2.6304e+02
20261004_06:00:00   2.1630e-01   5.7567e+01   1.9752e+01   0.0000e+00   2.7713e-03   2.6237e+02
20261004_09:00:00   2.2410e-01   5.9203e+01   2.0567e+01   4.2140e-04   4.4578e-03   2.6387e+02
20261004_12:00:00   1.8936e-01   5.1180e+01   1.6920e+01   0.0000e+00   7.2520e-03   2.6406e+02
