#            date       tau255        Tb[K]      pwv[mm] lwp[kg*m^-2] iwp[kg*m^-2]       o3[DU]
20261010_12:00:00   1.8170e-01   4.8057e+01   1.9226e+01   0.0000e+00   2.7485e-01   2.7810e+02
20261010_13:00:00   1.8357e-01   4.8400e+01   1.9543e+01   0.0000e+00   3.2682e-01   2.7801e+02
20261010_14:00:00   1.8751e-01   4.9220e+01   2.0204e+01   0.0000e+00   5.0356e-01   2.7702e+02
20261010_15:00:00   1.9955e-01   5.1912e+01   2.1925e+01   1.2994e-03   4.3561e-01   2.7749e+02
20261010_16:00:00   5.0557e-01   1.0946e+02   2.3813e+01   3.2884e-01   5.3514e-01   2.7842e+02
20261010_17:00:00   5.3312e-01   1.1488e+02   2.6432e+01   3.3712e-01   3.4652e-01   2.7828e+02
20261010_18:00:00   5.6682e-01   1.1985e+02   2.6583e+01   3.7079e-01   4.6350e-01   2.7699e+02
20261010_19:00:00   7.2102e-01   1.4198e+02   2.8445e+01   5.2717e-01   4.3331e-01   2.7644e+02
20261010_20:00:00   1.0423e+00   1.7832e+02   2.8610e+01   8.8567e-01   3.4009e-01   2.7336e+02
20261010_21:00:00   8.8762e-01   1.6286e+02   3.1288e+01   6.8282e-01   2.0038e-01   2.7068e+02
20261010_22:00:00   8.9938e-01   1.6416e+02   3.2361e+01   6.7637e-01   1.7278e-01   2.6644e+02
20261010_23:00:00   7.5103e-01   1.4692e+02   3.4025e+01   4.9145e-01   1.2587e-01   2.6041e+02
20261011_00:00:00   7.1987e-01   1.4391e+02   3.5027e+01   4.5343e-01   6.5091e-02   2.5877e+02
20261011_01:00:00   7.7977e-01   1.5086e+02   3.4362e+01   5.2394e-01   8.6594e-02   2.5789e+02
20261011_02:00:00   8.7215e-01   1.6182e+02   3.7266e+01   6.0075e-01   3.3031e-01   2.5595e+02
20261011_03:00:00   9.9961e-01   1.7593e+02   3.8390e+01   7.3788e-01   3.8355e-01   2.5438e+02
20261011_04:00:00   1.2288e+00   1.9792e+02   3.9170e+01   1.0035e+00   6.2062e-01   2.5430e+02
20261011_05:00:00   7.7630e-01   1.5223e+02   3.9117e+01   4.8507e-01   7.3432e-01   2.5508e+02
20261011_06:00:00   9.9356e-01   1.7693e+02   3.9837e+01   7.2806e-01   7.4051e-01   2.5501e+02
20261011_07:00:00   1.4494e+00   2.1401e+02   4.0783e+01   1.2407e+00   6.2788e-01   2.5460e+02
20261011_08:00:00   8.8462e-01   1.6555e+02   4.1238e+01   5.8969e-01   8.0288e-01   2.5440e+02
20261011_09:00:00   1.4166e+00   2.1200e+02   4.1580e+01   1.1938e+00   9.2695e-01   2.5288e+02
20261011_10:00:00   1.1496e+00   1.9094e+02   4.1256e+01   8.8251e-01   6.8307e-01   2.5077e+02
20261011_11:00:00   1.4544e+00   2.1429e+02   4.1592e+01   1.2326e+00   9.7002e-01   2.4903e+02
20261011_12:00:00   1.1298e+00   1.8911e+02   4.1326e+01   8.5816e-01   8.3427e-01   2.4688e+02
20261011_13:00:00   1.2189e+00   1.9766e+02   4.1311e+01   9.7118e-01   6.8099e-01   2.4526e+02
20261011_14:00:00   1.0615e+00   1.8610e+02   3.9925e+01   8.3967e-01   8.1424e-02   2.4538e+02
20261011_15:00:00   1.2291e+00   2.0160e+02   3.8249e+01   1.0646e+00   1.6066e-02   2.4706e+02
20261011_16:00:00   1.1325e+00   1.9346e+02   3.8140e+01   9.4779e-01   8.2655e-02   2.4726e+02
20261011_17:00:00   9.6213e-01   1.7682e+02   3.3455e+01   7.8454e-01   5.6824e-04   2.4820e+02
20261011_18:00:00   1.0578e+00   1.8684e+02   3.0323e+01   9.1843e-01   0.0000e+00   2.5220e+02
20261011_19:00:00   1.0597e+00   1.8690e+02   2.9014e+01   9.2740e-01   0.0000e+00   2.5585e+02
20261011_20:00:00   5.2002e-01   1.1706e+02   2.6618e+01   2.9480e-01   0.0000e+00   2.5878e+02
20261011_21:00:00   8.3498e-01   1.6208e+02   2.9976e+01   6.5056e-01   0.0000e+00   2.5977e+02
20261011_22:00:00   1.3294e+00   2.0830e+02   3.3839e+01   1.1852e+00   0.0000e+00   2.5950e+02
20261011_23:00:00   1.1469e+00   1.9260e+02   3.2236e+01   9.7578e-01   1.3328e-04   2.5862e+02
20261012_00:00:00   1.8702e+00   2.3699e+02   3.2940e+01   1.7885e+00   1.7612e-03   2.6061e+02
20261012_01:00:00   1.9077e+00   2.3774e+02   3.1454e+01   1.8350e+00   5.7720e-03   2.6361e+02
20261012_02:00:00   1.3040e+00   2.0341e+02   3.0535e+01   1.1474e+00   1.7369e-02   2.6796e+02
20261012_03:00:00   1.2865e+00   2.0219e+02   3.0898e+01   1.1263e+00   8.2822e-03   2.7331e+02
20261012_04:00:00   1.4368e+00   2.1261e+02   3.1963e+01   1.2887e+00   1.9124e-02   2.7330e+02
20261012_05:00:00   1.1532e+00   1.9101e+02   3.3563e+01   9.5220e-01   3.3043e-01   2.6801e+02
20261012_06:00:00   6.0689e-01   1.2874e+02   3.2883e+01   3.3981e-01   1.5949e-01   2.6829e+02
20261012_07:00:00   9.5984e-01   1.7421e+02   3.3753e+01   7.5061e-01   1.3225e-01   2.6864e+02
20261012_08:00:00   1.0917e+00   1.8872e+02   3.2573e+01   9.3710e-01   1.5185e-02   2.7077e+02
20261012_09:00:00   1.1911e+00   1.9803e+02   3.0587e+01   1.0818e+00   4.9422e-03   2.7432e+02
20261012_10:00:00   1.1880e+00   1.9781e+02   2.8384e+01   1.0959e+00   0.0000e+00   2.7778e+02
20261012_11:00:00   1.1806e+00   1.9693e+02   2.7943e+01   1.0879e+00   0.0000e+00   2.7823e+02
20261012_12:00:00   1.0340e+00   1.8332e+02   2.6349e+01   9.2563e-01   0.0000e+00   2.7606e+02
20261012_13:00:00   8.4874e-01   1.6305e+02   2.4474e+01   7.1980e-01   0.0000e+00   2.7291e+02
20261012_14:00:00   7.8502e-01   1.5528e+02   2.1905e+01   6.6839e-01   0.0000e+00   2.7300e+02
20261012_15:00:00   8.0083e-01   1.5726e+02   1.9468e+01   7.0810e-01   0.0000e+00   2.7382e+02
20261012_16:00:00   5.9823e-01   1.2898e+02   1.8506e+01   4.7407e-01   6.3205e-04   2.7080e+02
20261012_17:00:00   5.4114e-01   1.1997e+02   1.8779e+01   4.0672e-01   1.4385e-02   2.6723e+02
20261012_18:00:00   4.1921e-01   9.8764e+01   1.8119e+01   2.6564e-01   7.2312e-03   2.6792e+02
20261012_19:00:00   3.5462e-01   8.6445e+01   1.7423e+01   1.9517e-01   8.3801e-03   2.7092e+02
20261012_20:00:00   3.3091e-01   8.1757e+01   1.6656e+01   1.7351e-01   1.1412e-02   2.6871e+02
20261012_21:00:00   3.1071e-01   7.7598e+01   1.6313e+01   1.5673e-01   4.1810e-03   2.6982e+02
20261012_22:00:00   3.1235e-01   7.7896e+01   1.6051e+01   1.6397e-01   1.2572e-02   2.7178e+02
20261012_23:00:00   1.8964e-01   5.0717e+01   1.6153e+01   1.4952e-02   6.1637e-03   2.7379e+02
20261013_00:00:00   1.5942e-01   4.3529e+01   1.4603e+01   0.0000e+00   1.6046e-03   2.7508e+02
20261013_01:00:00   1.5317e-01   4.1975e+01   1.4057e+01   0.0000e+00   1.9435e-03   2.7235e+02
20261013_02:00:00   1.4999e-01   4.1184e+01   1.3703e+01   0.0000e+00   1.3476e-03   2.7351e+02
20261013_03:00:00   1.4690e-01   4.0422e+01   1.3465e+01   0.0000e+00   1.5360e-05   2.7345e+02
20261013_04:00:00   1.4422e-01   3.9769e+01   1.3227e+01   0.0000e+00   5.5240e-05   2.6842e+02
20261013_05:00:00   1.4286e-01   3.9461e+01   1.3101e+01   0.0000e+00   2.2560e-04   2.6765e+02
20261013_06:00:00   1.5183e-01   4.1613e+01   1.4367e+01   0.0000e+00   6.0100e-05   2.7144e+02
20261013_07:00:00   1.6192e-01   4.4052e+01   1.5590e+01   0.0000e+00   8.7000e-06   2.7596e+02
20261013_08:00:00   1.6636e-01   4.5127e+01   1.6090e+01   0.0000e+00   2.6840e-06   2.7620e+02
20261013_09:00:00   1.6859e-01   4.5648e+01   1.6469e+01   0.0000e+00   0.0000e+00   2.7537e+02
20261013_10:00:00   1.7650e-01   4.7562e+01   1.7307e+01   0.0000e+00   0.0000e+00   2.7453e+02
20261013_11:00:00   1.9065e-01   5.0866e+01   1.9026e+01   0.0000e+00   0.0000e+00   2.7277e+02
20261013_12:00:00   1.9866e-01   5.2716e+01   2.0087e+01   0.0000e+00   0.0000e+00   2.7228e+02
20261013_13:00:00   2.1152e-01   5.5742e+01   2.1660e+01   0.0000e+00   0.0000e+00   2.7465e+02
20261013_14:00:00   2.3037e-01   6.0101e+01   2.3958e+01   0.0000e+00   0.0000e+00   2.7888e+02
20261013_15:00:00   2.4520e-01   6.3494e+01   2.5741e+01   0.0000e+00   0.0000e+00   2.7981e+02
20261013_16:00:00   2.5139e-01   6.4968e+01   2.6446e+01   0.0000e+00   0.0000e+00   2.7794e+02
20261013_17:00:00   2.5095e-01   6.4958e+01   2.6491e+01   0.0000e+00   0.0000e+00   2.7380e+02
20261013_18:00:00   2.4874e-01   6.4481e+01   2.6610e+01   0.0000e+00   0.0000e+00   2.7185e+02
20261013_19:00:00   2.4050e-01   6.2764e+01   2.5528e+01   0.0000e+00   2.6840e-06   2.7092e+02
20261013_20:00:00   2.3525e-01   6.1692e+01   2.4872e+01   0.0000e+00   1.1202e-03   2.7038e+02
20261013_21:00:00   2.2905e-01   6.0143e+01   2.4906e+01   0.0000e+00   1.0628e-03   2.6842e+02
20261013_22:00:00   2.3160e-01   6.0510e+01   2.5543e+01   0.0000e+00   2.0800e-04   2.6559e+02
20261013_23:00:00   2.3609e-01   6.1377e+01   2.5971e+01   0.0000e+00   2.2307e-03   2.6494e+02
20261014_00:00:00   2.4177e-01   6.2611e+01   2.6577e+01   0.0000e+00   5.3658e-03   2.6432e+02
20261014_01:00:00   2.4942e-01   6.4448e+01   2.7097e+01   0.0000e+00   4.9300e-04   2.6357e+02
20261014_02:00:00   2.5291e-01   6.5442e+01   2.6549e+01   0.0000e+00   0.0000e+00   2.6286e+02
20261014_03:00:00   2.5762e-01   6.6582e+01   2.6400e+01   0.0000e+00   0.0000e+00   2.6298e+02
20261014_04:00:00   2.5622e-01   6.6319e+01   2.5957e+01   0.0000e+00   0.0000e+00   2.6351e+02
20261014_05:00:00   2.5198e-01   6.5401e+01   2.5519e+01   0.0000e+00   0.0000e+00   2.6392e+02
20261014_06:00:00   2.5647e-01   6.6339e+01   2.6130e+01   0.0000e+00   0.0000e+00   2.6384e+02
20261014_07:00:00   2.6331e-01   6.7833e+01   2.6656e+01   0.0000e+00   0.0000e+00   2.6292e+02
20261014_08:00:00   2.6922e-01   6.9143e+01   2.6578e+01   4.2860e-03   0.0000e+00   2.6341e+02
20261014_09:00:00   2.8409e-01   7.2336e+01   2.6427e+01   2.2521e-02   0.0000e+00   2.6246e+02
20261014_10:00:00   2.7377e-01   7.0161e+01   2.5960e+01   1.6677e-02   0.0000e+00   2.6155e+02
20261014_11:00:00   2.6434e-01   6.8078e+01   2.6443e+01   2.5640e-04   0.0000e+00   2.6248e+02
20261014_12:00:00   2.7492e-01   7.0319e+01   2.7663e+01   3.8720e-04   0.0000e+00   2.6384e+02
20261014_13:00:00   2.7342e-01   7.0022e+01   2.7512e+01   9.7280e-07   0.0000e+00   2.6446e+02
20261014_14:00:00   2.8379e-01   7.2265e+01   2.9376e+01   0.0000e+00   0.0000e+00   2.6372e+02
20261014_15:00:00   2.8587e-01   7.2797e+01   2.9667e+01   0.0000e+00   0.0000e+00   2.6513e+02
20261014_16:00:00   2.9615e-01   7.5017e+01   3.1282e+01   0.0000e+00   0.0000e+00   2.6365e+02
20261014_17:00:00   3.0359e-01   7.6615e+01   3.2557e+01   0.0000e+00   0.0000e+00   2.6290e+02
20261014_18:00:00   3.1672e-01   7.9296e+01   3.4227e+01   2.6680e-05   0.0000e+00   2.6451e+02
20261014_19:00:00   3.3226e-01   8.2385e+01   3.6064e+01   1.4310e-04   2.6840e-06   2.6495e+02
20261014_20:00:00   3.5173e-01   8.6219e+01   3.7450e+01   5.0240e-03   1.0284e-04   2.6645e+02
20261014_21:00:00   3.5716e-01   8.7262e+01   3.8090e+01   9.9340e-05   9.6000e-06   2.6604e+02
20261014_22:00:00   3.7842e-01   9.1143e+01   3.9864e+01   5.1392e-03   4.9439e-03   2.6706e+02
20261014_23:00:00   3.7615e-01   9.0626e+01   3.9920e+01   3.7074e-04   6.5516e-02   2.6312e+02
20261015_00:00:00   3.8424e-01   9.2112e+01   4.0858e+01   8.6181e-04   1.3556e-01   2.5855e+02
20261015_01:00:00   5.7189e-01   1.2368e+02   4.1220e+01   2.1303e-01   7.3361e-02   2.5900e+02
20261015_02:00:00   7.2606e-01   1.4709e+02   4.2645e+01   3.8659e-01   1.2123e-01   2.6065e+02
20261015_03:00:00   8.2722e-01   1.5944e+02   4.2572e+01   5.0264e-01   9.5459e-02   2.6192e+02
20261015_04:00:00   5.0126e-01   1.1355e+02   4.1602e+01   1.4164e-01   1.2333e-01   2.6382e+02
20261015_05:00:00   6.5006e-01   1.3612e+02   4.1668e+01   3.0979e-01   1.1285e-01   2.6524e+02
20261015_06:00:00   7.6661e-01   1.5196e+02   4.2243e+01   4.3866e-01   7.7308e-02   2.6499e+02
20261015_07:00:00   7.5388e-01   1.5074e+02   4.2687e+01   4.2028e-01   3.1523e-01   2.6427e+02
20261015_08:00:00   7.3462e-01   1.4761e+02   4.2159e+01   3.9833e-01   3.7554e-01   2.6466e+02
20261015_09:00:00   8.1608e-01   1.5713e+02   4.1719e+01   4.8980e-01   2.5819e-01   2.6453e+02
20261015_10:00:00   9.4914e-01   1.7201e+02   4.1807e+01   6.3913e-01   2.8071e-01   2.6555e+02
20261015_11:00:00   1.1215e+00   1.8889e+02   4.1956e+01   8.3547e-01   3.1833e-01   2.6464e+02
20261015_12:00:00   1.1500e+00   1.9112e+02   4.2065e+01   8.6238e-01   2.3441e-01   2.6410e+02
20261015_15:00:00   1.0647e+00   1.8440e+02   4.1310e+01   7.9093e-01   2.0770e-01   2.6553e+02
20261015_18:00:00   1.0300e+00   1.8074e+02   4.1165e+01   7.4967e-01   1.4506e-01   2.6491e+02
20261015_21:00:00   1.2617e+00   2.0109e+02   4.0652e+01   1.0273e+00   2.0519e-01   2.6202e+02
20261016_00:00:00   9.8602e-01   1.7614e+02   3.9940e+01   7.1296e-01   2.5440e-01   2.5965e+02
20261016_03:00:00   7.7401e-01   1.5294e+02   3.8204e+01   4.9689e-01   2.6680e-05   2.5846e+02
20261016_06:00:00   6.6201e-01   1.3782e+02   3.9814e+01   3.5465e-01   4.0833e-03   2.5843e+02
20261016_09:00:00   5.1426e-01   1.1468e+02   3.6480e+01   2.0484e-01   4.3954e-04   2.6031e+02
20261016_12:00:00   3.6279e-01   8.7573e+01   3.5313e+01   3.8984e-02   0.0000e+00   2.6096e+02
20261016_15:00:00   3.1830e-01   7.8880e+01   3.2276e+01   1.8534e-02   0.0000e+00   2.6297e+02
20261016_18:00:00   2.8202e-01   7.1752e+01   2.7911e+01   1.1530e-02   0.0000e+00   2.6620e+02
20261016_21:00:00   2.6855e-01   6.8879e+01   2.6722e+01   2.2980e-03   0.0000e+00   2.6893e+02
20261017_00:00:00   4.2038e-01   9.8895e+01   2.9632e+01   1.4591e-01   0.0000e+00   2.7301e+02
20261017_03:00:00   7.8433e-01   1.5359e+02   2.8972e+01   5.7679e-01   8.7499e-04   2.7201e+02
20261017_06:00:00   1.0901e+00   1.8647e+02   2.6803e+01   9.5914e-01   0.0000e+00   2.7575e+02
20261017_09:00:00   5.9878e-01   1.2545e+02   2.6220e+01   3.8608e-01   1.6541e-02   2.7387e+02
20261017_12:00:00   8.0193e-01   1.5243e+02   2.6886e+01   6.1860e-01   1.0727e-01   2.7272e+02
20261017_15:00:00   3.7971e-01   8.7678e+01   1.9870e+01   2.0513e-01   4.7605e-02   2.7534e+02
20261017_18:00:00   1.9378e-01   5.0103e+01   1.2110e+01   5.5216e-02   9.7025e-04   2.8052e+02
20261017_21:00:00   1.3076e-01   3.5403e+01   8.0795e+00   1.8111e-02   3.3845e-04   2.7972e+02
20261018_00:00:00   1.0043e-01   2.8039e+01   5.4353e+00   7.7580e-04   1.5561e-03   2.9044e+02
20261018_03:00:00   1.0953e-01   3.0081e+01   4.6366e+00   1.7310e-02   2.0079e-03   2.9471e+02
20261018_06:00:00   1.2678e-01   3.4113e+01   5.2860e+00   3.0901e-02   4.2055e-03   2.9254e+02
20261018_09:00:00   1.5627e-01   4.0842e+01   6.3511e+00   5.4262e-02   5.6862e-03   3.0072e+02
20261018_12:00:00   4.1052e-01   9.1953e+01   7.2715e+00   3.3118e-01   1.5317e-02   3.1770e+02
20261018_15:00:00   2.6000e-01   6.3279e+01   6.9643e+00   1.6487e-01   1.4596e-03   3.3401e+02
20261018_18:00:00   3.3107e-01   7.7683e+01   7.2569e+00   2.4148e-01   6.2306e-03   3.3788e+02
20261018_21:00:00   1.7279e-01   4.4521e+01   6.9662e+00   6.5242e-02   7.5880e-03   3.4537e+02
20261019_00:00:00   1.2805e-01   3.4171e+01   6.5535e+00   1.7367e-02   2.8869e-02   3.4462e+02
20261019_03:00:00   9.6457e-02   2.6716e+01   4.5339e+00   8.0540e-06   9.9512e-05   3.3060e+02
20261019_06:00:00   9.2088e-02   2.5710e+01   4.0827e+00   2.0132e-06   5.5436e-05   3.1536e+02
20261019_09:00:00   1.1128e-01   3.0344e+01   3.7242e+00   2.6506e-02   1.3140e-04   3.1128e+02
20261019_12:00:00   9.1501e-02   2.5618e+01   3.6763e+00   5.9240e-03   1.8017e-04   3.1142e+02
20261019_15:00:00   9.0112e-02   2.5396e+01   4.6474e+00   0.0000e+00   2.1961e-06   3.1154e+02
20261019_18:00:00   9.6124e-02   2.6970e+01   5.7017e+00   0.0000e+00   0.0000e+00   3.1599e+02
20261019_21:00:00   9.9400e-02   2.7828e+01   6.1960e+00   0.0000e+00   0.0000e+00   3.1233e+02
20261020_00:00:00   1.0082e-01   2.8106e+01   6.4472e+00   0.0000e+00   5.3700e-06   3.0563e+02
20261020_03:00:00   9.9473e-02   2.7755e+01   6.4374e+00   0.0000e+00   0.0000e+00   2.9729e+02
20261020_06:00:00   1.0069e-01   2.7981e+01   6.8544e+00   0.0000e+00   4.0196e-03   2.9173e+02
20261020_09:00:00   1.0411e-01   2.8769e+01   7.5095e+00   0.0000e+00   1.4538e-04   2.9042e+02
20261020_12:00:00   1.0546e-01   2.9101e+01   7.6619e+00   0.0000e+00   1.0080e-04   2.9496e+02
20261020_15:00:00   1.0317e-01   2.8680e+01   7.2895e+00   0.0000e+00   0.0000e+00   2.9483e+02
20261020_18:00:00   1.0540e-01   2.9333e+01   7.6252e+00   0.0000e+00   9.6000e-06   2.9742e+02
20261020_21:00:00   1.0704e-01   2.9835e+01   7.5895e+00   0.0000e+00   0.0000e+00   2.9564e+02
20261021_00:00:00   1.0412e-01   2.9065e+01   6.9719e+00   0.0000e+00   0.0000e+00   2.9777e+02
20261021_03:00:00   9.7279e-02   2.7382e+01   6.0137e+00   0.0000e+00   0.0000e+00   2.9660e+02
20261021_06:00:00   9.4780e-02   2.6754e+01   5.6259e+00   0.0000e+00   0.0000e+00   2.9495e+02
20261021_09:00:00   9.4701e-02   2.6718e+01   5.7240e+00   0.0000e+00   0.0000e+00   2.9253e+02
20261021_12:00:00   9.6669e-02   2.7215e+01   6.0557e+00   0.0000e+00   0.0000e+00   2.9422e+02
20261021_15:00:00   9.8843e-02   2.7889e+01   6.4520e+00   0.0000e+00   0.0000e+00   2.9222e+02
20261021_18:00:00   1.0685e-01   2.9956e+01   7.5894e+00   0.0000e+00   0.0000e+00   2.9193e+02
20261021_21:00:00   1.1610e-01   3.2264e+01   8.6956e+00   0.0000e+00   0.0000e+00   2.8905e+02
20261022_00:00:00   1.1688e-01   3.2357e+01   8.7864e+00   0.0000e+00   0.0000e+00   2.8965e+02
20261022_03:00:00   1.1316e-01   3.1429e+01   8.2497e+00   0.0000e+00   0.0000e+00   2.9256e+02
20261022_06:00:00   1.0760e-01   3.0046e+01   7.4501e+00   0.0000e+00   0.0000e+00   2.8942e+02
20261022_09:00:00   1.0401e-01   2.9156e+01   7.0004e+00   0.0000e+00   0.0000e+00   2.8874e+02
20261022_12:00:00   1.0098e-01   2.8411e+01   6.6389e+00   0.0000e+00   0.0000e+00   2.8762e+02
20261022_15:00:00   9.9142e-02   2.8043e+01   6.5125e+00   0.0000e+00   0.0000e+00   2.8548e+02
20261022_18:00:00   1.0284e-01   2.9023e+01   7.0319e+00   0.0000e+00   0.0000e+00   2.8272e+02
20261022_21:00:00   1.0868e-01   3.0492e+01   7.6367e+00   0.0000e+00   0.0000e+00   2.8069e+02
20261023_00:00:00   1.1396e-01   3.1709e+01   8.0052e+00   0.0000e+00   0.0000e+00   2.8120e+02
20261023_03:00:00   1.1384e-01   3.1608e+01   7.8775e+00   0.0000e+00   0.0000e+00   2.7956e+02
20261023_06:00:00   1.2096e-01   3.3289e+01   8.6230e+00   0.0000e+00   0.0000e+00   2.7905e+02
20261023_09:00:00   1.2256e-01   3.3629e+01   8.8260e+00   8.6980e-06   0.0000e+00   2.7967e+02
20261023_12:00:00   1.2895e-01   3.5131e+01   9.1925e+00   4.3480e-03   1.6930e-03   2.8190e+02
20261023_15:00:00   1.6093e-01   4.2753e+01   1.0204e+01   3.2100e-02   9.7665e-05   2.8442e+02
20261023_18:00:00   1.3655e-01   3.7021e+01   1.0815e+01   4.7340e-04   8.2181e-04   2.8505e+02
20261023_21:00:00   1.4691e-01   3.9437e+01   1.1522e+01   4.0600e-03   1.8756e-02   2.8743e+02
20261024_00:00:00   1.3562e-01   3.6690e+01   1.0275e+01   1.2194e-03   1.6055e-02   2.9519e+02
20261024_03:00:00   1.3910e-01   3.7470e+01   1.0151e+01   5.0258e-03   5.0360e-06   3.0324e+02
20261024_06:00:00   2.1156e-01   5.4015e+01   1.0859e+01   8.0520e-02   3.8250e-03   3.0778e+02
20261024_09:00:00   1.4599e-01   3.9096e+01   1.1260e+01   3.4263e-03   7.6251e-03   3.1090e+02
20261024_12:00:00   1.5439e-01   4.0991e+01   1.2519e+01   2.6820e-03   4.4251e-03   3.1415e+02
20261024_15:00:00   2.4161e-01   6.0605e+01   1.5247e+01   8.2840e-02   2.1317e-02   3.1209e+02
20261024_18:00:00   2.0708e-01   5.2955e+01   1.7586e+01   2.4156e-02   1.9438e-01   3.0998e+02
20261024_21:00:00   2.5445e-01   6.3184e+01   2.0174e+01   5.1075e-02   1.0383e-01   3.0549e+02
20261025_00:00:00   3.2748e-01   7.8324e+01   2.0067e+01   1.3575e-01   3.6734e-01   3.0580e+02
20261025_03:00:00   3.6086e-01   8.4627e+01   2.0693e+01   1.6663e-01   2.5414e-01   3.0675e+02
20261025_06:00:00   2.9970e-01   7.2680e+01   1.9134e+01   1.1310e-01   5.5147e-01   3.0578e+02
20261025_09:00:00   6.6824e-01   1.3382e+02   2.0319e+01   5.1636e-01   2.9483e-01   3.0814e+02
20261025_12:00:00   8.0491e-01   1.5209e+02   2.1133e+01   6.6234e-01   8.4638e-01   3.0828e+02
20261025_15:00:00   1.1271e+00   1.8707e+02   1.9067e+01   1.0565e+00   1.0386e-04   3.1584e+02
20261025_18:00:00   1.0346e+00   1.7864e+02   1.8341e+01   9.5892e-01   1.9293e-03   3.1354e+02
20261025_21:00:00   1.2550e+00   1.9779e+02   2.0804e+01   1.1885e+00   1.0645e-01   3.1086e+02
20261026_00:00:00   6.9848e-01   1.3981e+02   2.1870e+01   5.4149e-01   6.4871e-01   3.1392e+02
20261026_03:00:00   1.0835e+00   1.8156e+02   2.0378e+01   9.8333e-01   2.5007e-01   3.1677e+02
20261026_06:00:00   7.6018e-01   1.4729e+02   2.1950e+01   6.0675e-01   4.8283e-01   3.1474e+02
20261026_09:00:00   1.3035e+00   2.0152e+02   2.1303e+01   1.2373e+00   1.1148e-01   3.1725e+02
20261026_12:00:00   1.0718e+00   1.8191e+02   2.1405e+01   9.7252e-01   8.3443e-01   3.1670e+02
