#            date       tau255        Tb[K]      pwv[mm] lwp[kg*m^-2] iwp[kg*m^-2]       o3[DU]
20260925_18:00:00   7.7102e-02   2.3039e+01   3.8228e+00   0.0000e+00   0.0000e+00   3.0571e+02
20260925_19:00:00   7.6718e-02   2.2946e+01   3.8046e+00   0.0000e+00   0.0000e+00   3.0097e+02
20260925_20:00:00   7.7924e-02   2.3264e+01   4.0387e+00   0.0000e+00   0.0000e+00   3.0000e+02
20260925_21:00:00   8.2926e-02   2.4570e+01   4.7147e+00   0.0000e+00   0.0000e+00   2.9916e+02
20260925_22:00:00   8.9878e-02   2.6337e+01   5.5875e+00   0.0000e+00   0.0000e+00   2.9759e+02
20260925_23:00:00   9.5860e-02   2.7805e+01   6.1718e+00   0.0000e+00   0.0000e+00   2.9569e+02
20260926_00:00:00   9.7741e-02   2.8211e+01   6.2848e+00   0.0000e+00   0.0000e+00   2.9526e+02
20260926_01:00:00   9.8557e-02   2.8382e+01   6.3015e+00   0.0000e+00   0.0000e+00   2.9525e+02
20260926_02:00:00   9.9349e-02   2.8543e+01   6.3858e+00   0.0000e+00   0.0000e+00   2.9523e+02
20260926_03:00:00   1.0226e-01   2.9259e+01   6.7855e+00   0.0000e+00   0.0000e+00   2.9566e+02
20260926_04:00:00   1.0246e-01   2.9274e+01   6.9661e+00   0.0000e+00   0.0000e+00   2.9543e+02
20260926_05:00:00   9.8064e-02   2.8141e+01   6.5470e+00   0.0000e+00   0.0000e+00   2.9497e+02
20260926_06:00:00   9.5657e-02   2.7516e+01   6.2982e+00   0.0000e+00   2.1480e-06   2.9437e+02
20260926_07:00:00   9.4997e-02   2.7390e+01   6.1158e+00   0.0000e+00   1.0284e-05   2.9529e+02
20260926_08:00:00   9.5730e-02   2.7573e+01   6.2018e+00   0.0000e+00   1.4970e-05   2.9706e+02
20260926_09:00:00   9.7205e-02   2.7921e+01   6.4231e+00   0.0000e+00   0.0000e+00   2.9703e+02
20260926_10:00:00   9.8462e-02   2.8227e+01   6.5432e+00   0.0000e+00   0.0000e+00   3.0010e+02
20260926_11:00:00   9.9321e-02   2.8426e+01   6.6335e+00   0.0000e+00   0.0000e+00   3.0289e+02
20260926_12:00:00   9.8891e-02   2.8345e+01   6.5214e+00   0.0000e+00   4.8000e-06   3.0645e+02
20260926_13:00:00   9.9168e-02   2.8488e+01   6.5896e+00   0.0000e+00   6.9880e-05   3.0955e+02
20260926_14:00:00   1.0233e-01   2.9325e+01   7.0962e+00   0.0000e+00   2.4000e-05   3.1158e+02
20260926_15:00:00   1.0208e-01   2.9283e+01   7.2968e+00   0.0000e+00   7.8221e-03   3.1206e+02
20260926_16:00:00   9.9804e-02   2.8758e+01   7.0373e+00   0.0000e+00   5.8245e-03   3.1283e+02
20260926_17:00:00   1.0594e-01   3.0358e+01   7.7086e+00   0.0000e+00   5.5020e-04   3.1322e+02
20260926_18:00:00   1.1336e-01   3.2244e+01   8.5623e+00   0.0000e+00   2.0760e-05   3.1278e+02
20260926_19:00:00   1.2288e-01   3.4584e+01   9.7973e+00   0.0000e+00   3.4140e-04   3.1217e+02
20260926_20:00:00   1.2915e-01   3.6118e+01   1.0453e+01   0.0000e+00   5.3060e-04   3.1036e+02
20260926_21:00:00   1.3242e-01   3.6937e+01   1.0650e+01   0.0000e+00   1.2994e-03   3.1004e+02
20260926_22:00:00   1.2899e-01   3.6068e+01   1.0197e+01   0.0000e+00   2.9040e-03   3.0931e+02
20260926_23:00:00   1.3393e-01   3.7214e+01   1.0584e+01   0.0000e+00   7.5500e-04   3.0870e+02
20260927_00:00:00   1.3217e-01   3.6751e+01   1.0295e+01   0.0000e+00   1.9458e-06   3.0804e+02
20260927_01:00:00   1.4485e-01   3.9662e+01   1.2460e+01   0.0000e+00   1.2075e-03   3.0831e+02
20260927_02:00:00   1.5768e-01   4.2515e+01   1.4744e+01   0.0000e+00   6.6286e-02   3.0718e+02
20260927_03:00:00   1.5943e-01   4.2830e+01   1.5218e+01   0.0000e+00   1.2189e-01   3.0763e+02
20260927_04:00:00   1.4757e-01   4.0055e+01   1.3507e+01   0.0000e+00   9.6074e-02   3.0612e+02
20260927_05:00:00   1.4131e-01   3.8520e+01   1.2965e+01   0.0000e+00   1.3989e-02   3.0676e+02
20260927_06:00:00   1.5194e-01   4.0959e+01   1.4952e+01   0.0000e+00   5.3458e-03   3.0824e+02
20260927_07:00:00   2.8734e-01   7.0500e+01   2.2012e+01   9.2441e-02   8.0305e-03   3.0883e+02
20260927_08:00:00   2.7284e-01   6.7632e+01   2.5591e+01   3.9099e-02   7.1818e-03   3.0764e+02
20260927_09:00:00   2.4088e-01   6.1058e+01   2.5584e+01   2.3342e-03   1.6614e-03   3.0824e+02
20260927_10:00:00   1.9964e-01   5.1982e+01   2.1066e+01   0.0000e+00   1.1475e-03   3.0890e+02
20260927_11:00:00   2.2329e-01   5.7264e+01   2.3695e+01   0.0000e+00   2.0726e-03   3.0992e+02
20260927_12:00:00   2.4862e-01   6.2798e+01   2.6203e+01   0.0000e+00   3.8705e-04   3.1033e+02
20260927_13:00:00   2.5417e-01   6.4047e+01   2.6761e+01   7.5360e-04   1.1304e-03   3.0955e+02
20260927_14:00:00   2.5713e-01   6.4739e+01   2.7143e+01   1.1008e-04   1.3494e-03   3.0878e+02
20260927_15:00:00   2.4607e-01   6.2496e+01   2.5910e+01   3.2500e-04   1.0671e-03   3.0849e+02
20260927_16:00:00   2.3277e-01   5.9766e+01   2.4254e+01   0.0000e+00   3.3481e-04   3.0821e+02
20260927_17:00:00   2.1998e-01   5.7021e+01   2.2823e+01   0.0000e+00   1.0897e-04   3.0755e+02
20260927_18:00:00   2.1161e-01   5.5176e+01   2.1469e+01   5.5880e-04   1.0701e-05   3.0579e+02
20260927_19:00:00   2.2418e-01   5.7966e+01   2.2995e+01   1.9792e-04   4.8000e-06   3.0449e+02
20260927_20:00:00   2.3195e-01   5.9625e+01   2.4212e+01   0.0000e+00   4.8000e-06   3.0360e+02
20260927_21:00:00   2.4333e-01   6.2030e+01   2.4732e+01   8.3556e-03   9.3660e-05   3.0383e+02
20260927_22:00:00   3.8125e-01   8.9172e+01   2.6845e+01   1.4457e-01   2.7717e-03   3.0412e+02
20260927_23:00:00   3.6703e-01   8.6728e+01   2.7511e+01   1.2256e-01   4.2436e-03   3.0464e+02
20260928_00:00:00   2.6876e-01   6.7318e+01   2.5745e+01   2.7216e-02   1.4215e-03   3.0460e+02
20260928_01:00:00   2.9932e-01   7.3510e+01   2.4824e+01   6.9690e-02   5.4662e-04   3.0325e+02
20260928_02:00:00   2.6249e-01   6.5965e+01   2.4155e+01   3.4543e-02   1.0934e-04   3.0245e+02
20260928_03:00:00   2.5273e-01   6.3884e+01   2.3549e+01   2.8005e-02   8.1170e-05   3.0149e+02
20260928_04:00:00   2.6310e-01   6.5978e+01   2.3682e+01   3.7471e-02   2.5795e-04   3.0006e+02
20260928_05:00:00   3.6813e-01   8.6562e+01   2.5153e+01   1.3849e-01   8.8735e-03   2.9987e+02
20260928_06:00:00   6.1750e-01   1.2754e+02   2.6672e+01   4.0280e-01   5.7289e-02   2.9890e+02
20260928_07:00:00   5.5065e-01   1.1780e+02   2.7587e+01   3.1746e-01   6.1151e-02   2.9713e+02
20260928_08:00:00   7.8462e-01   1.5144e+02   2.8211e+01   5.8251e-01   4.2190e-02   2.9617e+02
20260928_09:00:00   1.0335e+00   1.7881e+02   2.9006e+01   8.5794e-01   6.9647e-02   2.9562e+02
20260928_10:00:00   8.4739e-01   1.5921e+02   2.9089e+01   6.4867e-01   4.9805e-02   2.9700e+02
20260928_11:00:00   7.7492e-01   1.5111e+02   2.9177e+01   5.7203e-01   2.1279e-02   2.9803e+02
20260928_12:00:00   6.2126e-01   1.3025e+02   2.9256e+01   3.9577e-01   3.7900e-03   2.9883e+02
20260928_13:00:00   5.5992e-01   1.2110e+02   2.9044e+01   3.2962e-01   9.5020e-04   2.9848e+02
20260928_14:00:00   6.1688e-01   1.3002e+02   2.8827e+01   4.0043e-01   5.0500e-04   2.9777e+02
20260928_15:00:00   5.2788e-01   1.1607e+02   2.8778e+01   2.9591e-01   4.0940e-04   2.9648e+02
20260928_16:00:00   4.6030e-01   1.0467e+02   2.8921e+01   2.1507e-01   2.4228e-04   2.9572e+02
20260928_17:00:00   4.0094e-01   9.3921e+01   2.8900e+01   1.4443e-01   5.2663e-05   2.9608e+02
20260928_18:00:00   3.9883e-01   9.3643e+01   2.8655e+01   1.4408e-01   8.5472e-06   2.9626e+02
20260928_19:00:00   4.4782e-01   1.0261e+02   2.8206e+01   2.0574e-01   0.0000e+00   2.9519e+02
20260928_20:00:00   4.7366e-01   1.0715e+02   2.8002e+01   2.3766e-01   8.1580e-06   2.9425e+02
20260928_21:00:00   4.7062e-01   1.0668e+02   2.7739e+01   2.3783e-01   0.0000e+00   2.9434e+02
20260928_22:00:00   4.7667e-01   1.0771e+02   2.7617e+01   2.4613e-01   8.1580e-06   2.9481e+02
20260928_23:00:00   4.3462e-01   1.0012e+02   2.7697e+01   1.9388e-01   0.0000e+00   2.9420e+02
20260929_00:00:00   3.8870e-01   9.1510e+01   2.7749e+01   1.3804e-01   1.1084e-05   2.9371e+02
20260929_01:00:00   3.0963e-01   7.5883e+01   2.7264e+01   4.9394e-02   8.1580e-06   2.9402e+02
20260929_02:00:00   2.7792e-01   6.9344e+01   2.6352e+01   2.0676e-02   2.1700e-06   2.9499e+02
20260929_03:00:00   2.9300e-01   7.2562e+01   2.4786e+01   5.1807e-02   0.0000e+00   2.9620e+02
20260929_04:00:00   3.1990e-01   7.8112e+01   2.3106e+01   9.6418e-02   0.0000e+00   2.9703e+02
20260929_05:00:00   3.1209e-01   7.6563e+01   2.2516e+01   9.3382e-02   0.0000e+00   2.9645e+02
20260929_06:00:00   3.0689e-01   7.5478e+01   2.3115e+01   8.4861e-02   0.0000e+00   2.9565e+02
20260929_07:00:00   3.0307e-01   7.4678e+01   2.3186e+01   8.1940e-02   0.0000e+00   2.9457e+02
20260929_08:00:00   3.1962e-01   7.8028e+01   2.2814e+01   1.0528e-01   0.0000e+00   2.9291e+02
20260929_09:00:00   3.5940e-01   8.5878e+01   2.2397e+01   1.5573e-01   0.0000e+00   2.9169e+02
20260929_10:00:00   3.3991e-01   8.2094e+01   2.2120e+01   1.3524e-01   0.0000e+00   2.9162e+02
20260929_11:00:00   2.9687e-01   7.3475e+01   2.1545e+01   8.9244e-02   0.0000e+00   2.9251e+02
20260929_12:00:00   2.6717e-01   6.7392e+01   2.0360e+01   6.2121e-02   0.0000e+00   2.9203e+02
20260929_13:00:00   2.1797e-01   5.6842e+01   1.9467e+01   1.2100e-02   0.0000e+00   2.9008e+02
20260929_14:00:00   2.0502e-01   5.4054e+01   1.8870e+01   3.1300e-03   0.0000e+00   2.8896e+02
20260929_15:00:00   2.0390e-01   5.3859e+01   1.8889e+01   2.3382e-03   0.0000e+00   2.8893e+02
20260929_16:00:00   2.1843e-01   5.7171e+01   1.9288e+01   1.5620e-02   0.0000e+00   2.8907e+02
20260929_17:00:00   2.8417e-01   7.1372e+01   1.9879e+01   8.6082e-02   0.0000e+00   2.8860e+02
20260929_18:00:00   3.7749e-01   9.0023e+01   2.0159e+01   1.9258e-01   0.0000e+00   2.8831e+02
20260929_19:00:00   3.0503e-01   7.5796e+01   2.0278e+01   1.0514e-01   0.0000e+00   2.8715e+02
20260929_20:00:00   2.6651e-01   6.7895e+01   1.9705e+01   6.5080e-02   0.0000e+00   2.8642e+02
20260929_21:00:00   2.4193e-01   6.2679e+01   1.9117e+01   4.2140e-02   0.0000e+00   2.8483e+02
20260929_22:00:00   2.4223e-01   6.2754e+01   1.9932e+01   3.1900e-02   0.0000e+00   2.8231e+02
20260929_23:00:00   2.8838e-01   7.2550e+01   2.0120e+01   8.3760e-02   0.0000e+00   2.8089e+02
20260930_00:00:00   2.3752e-01   6.1700e+01   1.9398e+01   3.1620e-02   0.0000e+00   2.7965e+02
20260930_01:00:00   2.0399e-01   5.4218e+01   1.8706e+01   0.0000e+00   0.0000e+00   2.7984e+02
20260930_02:00:00   2.0308e-01   5.3958e+01   1.8578e+01   0.0000e+00   0.0000e+00   2.7921e+02
20260930_03:00:00   1.9901e-01   5.3008e+01   1.8054e+01   0.0000e+00   0.0000e+00   2.7981e+02
20260930_04:00:00   1.9453e-01   5.1969e+01   1.7466e+01   0.0000e+00   2.1458e-04   2.7955e+02
20260930_05:00:00   1.9018e-01   5.0958e+01   1.6898e+01   0.0000e+00   7.6550e-03   2.7859e+02
20260930_06:00:00   1.8207e-01   4.9077e+01   1.6085e+01   0.0000e+00   1.2516e-02   2.7680e+02
20260930_07:00:00   1.7666e-01   4.7784e+01   1.5773e+01   0.0000e+00   3.5831e-03   2.7593e+02
20260930_08:00:00   1.7083e-01   4.6405e+01   1.5206e+01   0.0000e+00   1.5708e-04   2.7426e+02
20260930_09:00:00   1.6844e-01   4.5776e+01   1.5428e+01   0.0000e+00   0.0000e+00   2.7316e+02
20260930_10:00:00   1.6841e-01   4.5687e+01   1.5997e+01   0.0000e+00   5.8339e-04   2.7208e+02
20260930_11:00:00   1.6449e-01   4.4735e+01   1.5842e+01   0.0000e+00   2.3507e-03   2.7124e+02
20260930_12:00:00   1.6530e-01   4.4935e+01   1.6175e+01   0.0000e+00   5.8608e-04   2.7013e+02
20260930_13:00:00   1.7101e-01   4.6358e+01   1.7087e+01   0.0000e+00   4.3903e-04   2.6991e+02
20260930_14:00:00   1.7165e-01   4.6564e+01   1.7553e+01   0.0000e+00   3.1533e-04   2.6853e+02
20260930_15:00:00   1.7991e-01   4.8520e+01   1.8792e+01   0.0000e+00   9.8200e-04   2.6920e+02
20260930_16:00:00   1.7734e-01   4.7984e+01   1.8931e+01   0.0000e+00   2.1262e-03   2.6844e+02
20260930_17:00:00   1.8305e-01   4.9312e+01   1.9888e+01   0.0000e+00   4.4632e-03   2.6721e+02
20260930_18:00:00   1.7969e-01   4.8523e+01   1.9578e+01   0.0000e+00   1.6228e-02   2.6750e+02
20260930_21:00:00   1.9845e-01   5.2877e+01   2.2061e+01   0.0000e+00   5.9190e-03   2.6620e+02
20261001_00:00:00   1.9964e-01   5.2976e+01   2.2016e+01   0.0000e+00   5.1851e-02   2.6712e+02
20261001_03:00:00   1.8562e-01   4.9797e+01   2.0179e+01   0.0000e+00   2.1188e-03   2.6783e+02
20261001_06:00:00   2.1838e-01   5.7055e+01   2.4931e+01   0.0000e+00   4.1493e-04   2.6563e+02
20261001_09:00:00   2.9554e-01   7.3484e+01   3.1306e+01   2.5726e-02   3.5468e-03   2.6435e+02
20261001_12:00:00   2.8456e-01   7.1361e+01   3.2133e+01   7.8465e-04   7.2842e-04   2.6409e+02
20261001_15:00:00   2.8755e-01   7.2236e+01   3.2673e+01   0.0000e+00   3.8400e-06   2.6184e+02
20261001_18:00:00   2.8322e-01   7.1555e+01   3.2685e+01   0.0000e+00   2.0719e-03   2.6101e+02
20261001_21:00:00   2.5244e-01   6.5148e+01   2.9478e+01   0.0000e+00   1.4360e-02   2.6218e+02
20261002_00:00:00   2.2886e-01   5.9841e+01   2.6371e+01   0.0000e+00   1.8233e-02   2.6254e+02
20261002_03:00:00   2.1847e-01   5.7466e+01   2.5054e+01   0.0000e+00   1.5664e-02   2.6173e+02
20261002_06:00:00   2.0651e-01   5.4740e+01   2.3444e+01   0.0000e+00   6.2336e-03   2.6304e+02
20261002_09:00:00   2.0518e-01   5.4462e+01   2.3042e+01   0.0000e+00   2.0258e-03   2.6313e+02
20261002_12:00:00   2.2417e-01   5.8865e+01   2.4752e+01   0.0000e+00   3.2700e-05   2.6279e+02
20261002_15:00:00   2.4907e-01   6.4769e+01   2.7652e+01   0.0000e+00   0.0000e+00   2.6345e+02
20261002_18:00:00   2.6723e-01   6.8843e+01   2.9711e+01   2.1400e-05   2.6760e-04   2.6398e+02
20261002_21:00:00   2.7965e-01   7.1594e+01   2.8073e+01   2.4427e-02   0.0000e+00   2.6621e+02
20261003_00:00:00   2.5902e-01   6.7080e+01   2.6715e+01   9.5500e-03   0.0000e+00   2.6745e+02
20261003_03:00:00   2.3737e-01   6.2324e+01   2.4563e+01   0.0000e+00   0.0000e+00   2.6896e+02
20261003_06:00:00   2.2355e-01   5.9144e+01   2.2743e+01   0.0000e+00   0.0000e+00   2.6896e+02
20261003_09:00:00   2.2830e-01   6.0137e+01   2.3129e+01   0.0000e+00   0.0000e+00   2.7044e+02
20261003_12:00:00   2.2434e-01   5.9333e+01   2.2061e+01   0.0000e+00   0.0000e+00   2.7226e+02
20261003_15:00:00   2.2602e-01   5.9960e+01   2.2732e+01   0.0000e+00   0.0000e+00   2.7838e+02
20261003_18:00:00   2.2929e-01   6.0646e+01   2.4049e+01   0.0000e+00   0.0000e+00   2.7640e+02
20261003_21:00:00   2.6312e-01   6.8101e+01   2.5163e+01   2.7439e-02   1.1008e-03   2.7706e+02
20261004_00:00:00   2.3830e-01   6.2660e+01   2.4717e+01   0.0000e+00   5.8719e-05   2.7413e+02
20261004_03:00:00   2.4745e-01   6.4682e+01   2.4830e+01   0.0000e+00   0.0000e+00   2.7468e+02
20261004_06:00:00   2.6157e-01   6.7798e+01   2.5582e+01   0.0000e+00   2.8521e-03   2.7366e+02
20261004_09:00:00   2.8513e-01   7.2838e+01   2.7967e+01   0.0000e+00   4.8258e-03   2.7337e+02
20261004_12:00:00   2.9654e-01   7.5209e+01   2.9221e+01   0.0000e+00   3.1619e-04   2.7519e+02
20261004_15:00:00   3.6718e-01   8.9393e+01   3.9024e+01   0.0000e+00   7.9624e-02   2.7204e+02
20261004_18:00:00   4.3527e-01   1.0219e+02   4.4363e+01   3.3355e-02   2.9657e-02   2.7027e+02
20261004_21:00:00   1.0864e+00   1.8626e+02   4.9707e+01   7.0696e-01   2.3669e-01   2.6837e+02
20261005_00:00:00   8.6747e-01   1.6362e+02   4.9104e+01   4.6132e-01   3.9438e-01   2.6832e+02
20261005_03:00:00   7.9426e-01   1.5499e+02   4.9205e+01   3.7864e-01   5.0496e-02   2.7047e+02
20261005_06:00:00   8.4221e-01   1.6098e+02   4.8477e+01   4.4560e-01   9.5762e-02   2.6852e+02
20261005_09:00:00   8.2978e-01   1.6103e+02   4.8730e+01   4.4643e-01   4.1960e-02   2.6624e+02
20261005_12:00:00   8.3664e-01   1.6356e+02   4.7464e+01   4.9611e-01   1.6466e-03   2.6641e+02
20261005_15:00:00   6.6900e-01   1.4089e+02   4.5538e+01   3.0943e-01   1.9228e-04   2.6544e+02
20261005_18:00:00   4.6590e-01   1.0769e+02   4.3819e+01   7.1371e-02   1.0275e-04   2.6525e+02
20261005_21:00:00   4.5856e-01   1.0653e+02   4.2299e+01   7.8124e-02   5.3700e-06   2.6568e+02
20261006_00:00:00   3.5368e-01   8.6399e+01   3.8508e+01   0.0000e+00   2.8260e-04   2.6884e+02
20261006_03:00:00   3.1942e-01   7.9594e+01   3.4523e+01   0.0000e+00   0.0000e+00   2.6661e+02
20261006_06:00:00   2.4377e-01   6.3640e+01   2.4371e+01   0.0000e+00   0.0000e+00   2.6557e+02
20261006_09:00:00   2.2502e-01   5.9181e+01   2.2856e+01   4.0000e-05   0.0000e+00   2.6451e+02
20261006_12:00:00   3.2053e-01   7.9699e+01   2.7295e+01   7.5734e-02   0.0000e+00   2.6511e+02
20261006_15:00:00   2.8610e-01   7.2521e+01   3.0200e+01   1.5022e-03   0.0000e+00   2.6633e+02
20261006_18:00:00   1.1912e+00   1.9626e+02   4.0008e+01   9.4893e-01   1.1082e-01   2.6593e+02
20261006_21:00:00   9.6851e-01   1.7526e+02   4.0982e+01   6.7752e-01   8.1905e-03   2.7061e+02
20261007_00:00:00   9.0219e-01   1.6708e+02   4.0854e+01   5.9679e-01   1.5224e-01   2.7380e+02
20261007_03:00:00   9.3035e-01   1.7023e+02   3.8203e+01   6.5642e-01   5.4342e-02   2.7582e+02
20261007_06:00:00   6.6934e-01   1.3814e+02   3.4677e+01   4.0636e-01   1.3231e-01   2.7467e+02
20261007_09:00:00   3.7017e-01   8.8299e+01   2.7029e+01   1.1869e-01   4.9763e-02   2.7905e+02
20261007_12:00:00   2.3708e-01   6.0983e+01   1.9493e+01   3.6791e-02   2.7022e-03   2.8101e+02
20261007_15:00:00   1.2243e-01   3.4371e+01   9.8722e+00   0.0000e+00   1.8170e-02   2.8375e+02
20261007_18:00:00   1.0929e-01   3.1150e+01   8.7823e+00   0.0000e+00   1.9200e-05   2.8407e+02
20261007_21:00:00   1.1546e-01   3.2755e+01   9.2663e+00   0.0000e+00   0.0000e+00   2.8927e+02
20261008_00:00:00   1.1941e-01   3.3554e+01   9.6268e+00   0.0000e+00   0.0000e+00   2.9097e+02
20261008_03:00:00   1.2475e-01   3.4714e+01   1.0752e+01   0.0000e+00   0.0000e+00   2.9640e+02
20261008_06:00:00   1.2249e-01   3.4079e+01   1.0785e+01   0.0000e+00   0.0000e+00   2.9550e+02
20261008_09:00:00   1.1650e-01   3.2600e+01   1.0031e+01   0.0000e+00   0.0000e+00   2.9098e+02
20261008_12:00:00   1.1328e-01   3.1863e+01   9.2401e+00   0.0000e+00   2.5660e-04   2.9221e+02
20261008_15:00:00   1.0887e-01   3.0975e+01   8.6090e+00   0.0000e+00   0.0000e+00   2.9220e+02
20261008_18:00:00   1.1594e-01   3.2793e+01   9.7143e+00   0.0000e+00   0.0000e+00   2.9302e+02
20261008_21:00:00   1.2409e-01   3.4851e+01   1.0432e+01   0.0000e+00   0.0000e+00   2.9072e+02
20261009_00:00:00   1.3151e-01   3.6569e+01   1.0449e+01   0.0000e+00   0.0000e+00   2.8452e+02
20261009_03:00:00   1.3747e-01   3.7946e+01   1.0771e+01   3.3240e-04   0.0000e+00   2.8365e+02
20261009_06:00:00   1.3322e-01   3.6919e+01   1.0425e+01   0.0000e+00   0.0000e+00   2.8406e+02
20261009_09:00:00   1.2208e-01   3.4047e+01   9.2697e+00   0.0000e+00   2.7377e-03   2.8478e+02
20261009_12:00:00   1.1887e-01   3.3163e+01   9.2353e+00   0.0000e+00   3.9535e-05   2.8526e+02
20261009_15:00:00   1.0738e-01   3.0444e+01   8.4566e+00   0.0000e+00   0.0000e+00   2.8708e+02
20261009_18:00:00   1.0738e-01   3.0539e+01   8.6814e+00   0.0000e+00   0.0000e+00   2.8840e+02
20261009_21:00:00   1.1278e-01   3.1942e+01   9.2624e+00   0.0000e+00   0.0000e+00   2.8833e+02
20261010_00:00:00   1.2295e-01   3.4354e+01   1.0157e+01   0.0000e+00   0.0000e+00   2.8904e+02
20261010_03:00:00   1.2487e-01   3.4769e+01   1.0269e+01   0.0000e+00   0.0000e+00   2.9105e+02
20261010_06:00:00   1.2254e-01   3.4142e+01   1.0006e+01   0.0000e+00   4.8118e-05   2.9251e+02
20261010_09:00:00   1.2275e-01   3.4138e+01   1.0011e+01   0.0000e+00   1.5730e-03   2.9176e+02
20261010_12:00:00   1.2234e-01   3.4057e+01   9.8320e+00   0.0000e+00   3.4780e-06   2.8999e+02
20261010_15:00:00   1.2576e-01   3.5023e+01   1.0415e+01   0.0000e+00   0.0000e+00   2.8983e+02
20261010_18:00:00   1.3494e-01   3.7354e+01   1.1655e+01   0.0000e+00   2.0460e-03   2.8628e+02
20261010_21:00:00   1.3781e-01   3.8123e+01   1.2041e+01   0.0000e+00   0.0000e+00   2.8895e+02
20261011_00:00:00   1.3951e-01   3.8367e+01   1.2192e+01   0.0000e+00   2.0524e-05   2.8960e+02
20261011_03:00:00   1.3836e-01   3.8009e+01   1.2253e+01   0.0000e+00   3.5071e-03   2.8667e+02
20261011_06:00:00   1.3731e-01   3.7734e+01   1.2081e+01   0.0000e+00   8.0093e-05   2.8349e+02
20261011_09:00:00   1.3774e-01   3.7798e+01   1.2301e+01   0.0000e+00   1.1338e-04   2.8052e+02
20261011_12:00:00   1.3847e-01   3.7993e+01   1.2286e+01   0.0000e+00   6.4914e-05   2.8227e+02
20261011_15:00:00   1.2558e-01   3.5048e+01   1.0674e+01   0.0000e+00   2.0247e-02   2.7952e+02
20261011_18:00:00   1.1784e-01   3.3225e+01   9.9131e+00   0.0000e+00   5.3255e-02   2.7965e+02
