#            date       tau255        Tb[K]      pwv[mm] lwp[kg*m^-2] iwp[kg*m^-2]       o3[DU]
20260917_18:00:00   3.6039e-01   8.8334e+01   3.9807e+01   3.6520e-05   1.2246e-03   2.8745e+02
20260917_19:00:00   3.7096e-01   9.0480e+01   4.0721e+01   9.6580e-05   1.2843e-02   2.8688e+02
20260917_20:00:00   3.7142e-01   9.0658e+01   4.0609e+01   2.1940e-04   6.9967e-03   2.8670e+02
20260917_21:00:00   3.7999e-01   9.2337e+01   4.1161e+01   1.9430e-03   1.0194e-03   2.8847e+02
20260917_22:00:00   3.9356e-01   9.4854e+01   4.2681e+01   1.4400e-04   1.6580e-03   2.8827e+02
20260917_23:00:00   4.1143e-01   9.8168e+01   4.4135e+01   0.0000e+00   2.1645e-03   2.8710e+02
20260918_00:00:00   3.9552e-01   9.5169e+01   4.2280e+01   3.2840e-04   6.9787e-05   2.8481e+02
20260918_01:00:00   3.8615e-01   9.3313e+01   4.1422e+01   0.0000e+00   4.8000e-06   2.8591e+02
20260918_02:00:00   3.9397e-01   9.4776e+01   4.1887e+01   0.0000e+00   3.1482e-05   2.8614e+02
20260918_03:00:00   4.0231e-01   9.6281e+01   4.2625e+01   0.0000e+00   3.6855e-05   2.8607e+02
20260918_04:00:00   4.0566e-01   9.6756e+01   4.3466e+01   0.0000e+00   1.8298e-04   2.8520e+02
20260918_05:00:00   4.1106e-01   9.7668e+01   4.4134e+01   1.9482e-04   7.6553e-04   2.8516e+02
20260918_06:00:00   4.1430e-01   9.8135e+01   4.3500e+01   1.2600e-02   8.3540e-04   2.8214e+02
20260918_07:00:00   4.0904e-01   9.7083e+01   4.2540e+01   1.8354e-02   4.2281e-02   2.7877e+02
20260918_08:00:00   3.7700e-01   9.1198e+01   4.0756e+01   2.7020e-04   1.8016e-02   2.7880e+02
20260918_09:00:00   3.6274e-01   8.8478e+01   3.9037e+01   0.0000e+00   1.0742e-02   2.8048e+02
20260918_10:00:00   3.5711e-01   8.7378e+01   3.8193e+01   0.0000e+00   1.5062e-02   2.8266e+02
20260918_11:00:00   3.6122e-01   8.8193e+01   3.8399e+01   0.0000e+00   5.5336e-03   2.8538e+02
20260918_12:00:00   3.8333e-01   9.2494e+01   4.0324e+01   0.0000e+00   6.9140e-04   2.8730e+02
20260918_13:00:00   4.1189e-01   9.8002e+01   4.2687e+01   9.3400e-04   9.7280e-07   2.8630e+02
20260918_14:00:00   4.1419e-01   9.8525e+01   4.2711e+01   5.6161e-03   6.8100e-06   2.8365e+02
20260918_15:00:00   4.1702e-01   9.9122e+01   4.2467e+01   1.4876e-02   2.1896e-04   2.8163e+02
20260918_16:00:00   3.9385e-01   9.4844e+01   4.0616e+01   1.2963e-02   1.0610e-03   2.8081e+02
20260918_17:00:00   3.6733e-01   8.9796e+01   3.7835e+01   1.2264e-02   6.4397e-04   2.8005e+02
20260918_18:00:00   3.4655e-01   8.5759e+01   3.6153e+01   5.6051e-03   1.1032e-05   2.7870e+02
20260918_19:00:00   3.1567e-01   7.9588e+01   3.3182e+01   1.1100e-03   0.0000e+00   2.7640e+02
20260918_20:00:00   3.2206e-01   8.0868e+01   3.3700e+01   8.1970e-04   0.0000e+00   2.7493e+02
20260918_21:00:00   3.3044e-01   8.2487e+01   3.4340e+01   1.6182e-03   0.0000e+00   2.7349e+02
20260918_22:00:00   3.1814e-01   8.0013e+01   3.2392e+01   5.2022e-04   0.0000e+00   2.7273e+02
20260918_23:00:00   3.2693e-01   8.1742e+01   3.1101e+01   1.7636e-02   0.0000e+00   2.7190e+02
20260919_00:00:00   3.0670e-01   7.7489e+01   2.8299e+01   1.9801e-02   0.0000e+00   2.7131e+02
20260919_01:00:00   2.6831e-01   6.9253e+01   2.5971e+01   0.0000e+00   0.0000e+00   2.7144e+02
20260919_02:00:00   2.5857e-01   6.7007e+01   2.5113e+01   0.0000e+00   0.0000e+00   2.7296e+02
20260919_03:00:00   2.5284e-01   6.5661e+01   2.4539e+01   2.6960e-04   0.0000e+00   2.7246e+02
20260919_04:00:00   2.5328e-01   6.5710e+01   2.4040e+01   4.2854e-03   0.0000e+00   2.7234e+02
20260919_05:00:00   2.7742e-01   7.0881e+01   2.5036e+01   2.5120e-02   0.0000e+00   2.7208e+02
20260919_06:00:00   3.0368e-01   7.6366e+01   2.6523e+01   4.4995e-02   0.0000e+00   2.7228e+02
20260919_07:00:00   3.3548e-01   8.2857e+01   2.8073e+01   6.8107e-02   8.2880e-06   2.7181e+02
20260919_08:00:00   3.0923e-01   7.7408e+01   2.8463e+01   3.1362e-02   0.0000e+00   2.7161e+02
20260919_09:00:00   3.0707e-01   7.6897e+01   2.8632e+01   2.9084e-02   0.0000e+00   2.7164e+02
20260919_10:00:00   2.9584e-01   7.4558e+01   2.8824e+01   1.6036e-02   2.3780e-03   2.7172e+02
20260919_11:00:00   3.1078e-01   7.7659e+01   2.8755e+01   3.5664e-02   2.0080e-03   2.7099e+02
20260919_12:00:00   3.3651e-01   8.2973e+01   2.9090e+01   6.3940e-02   2.1660e-03   2.7126e+02
20260919_13:00:00   3.2768e-01   8.1139e+01   2.9876e+01   4.6965e-02   1.3112e-03   2.7017e+02
20260919_14:00:00   3.3378e-01   8.2345e+01   3.1383e+01   4.1157e-02   3.1142e-03   2.7007e+02
20260919_15:00:00   3.3929e-01   8.3387e+01   3.3269e+01   2.8776e-02   2.5521e-03   2.7023e+02
20260919_16:00:00   3.6072e-01   8.7698e+01   3.4445e+01   4.6955e-02   1.2084e-03   2.7076e+02
20260919_17:00:00   3.5114e-01   8.5873e+01   3.4958e+01   3.2453e-02   1.1026e-03   2.7157e+02
20260919_18:00:00   3.5174e-01   8.6069e+01   3.5612e+01   2.8311e-02   1.3739e-03   2.7232e+02
20260919_19:00:00   3.9985e-01   9.5482e+01   3.6748e+01   7.1666e-02   3.2967e-04   2.7294e+02
20260919_20:00:00   3.6771e-01   8.9254e+01   3.7154e+01   2.1561e-02   0.0000e+00   2.7426e+02
20260919_21:00:00   3.7890e-01   9.1481e+01   3.7515e+01   2.7407e-02   0.0000e+00   2.7496e+02
20260919_22:00:00   4.4131e-01   1.0319e+02   3.8310e+01   8.9624e-02   0.0000e+00   2.7523e+02
20260919_23:00:00   4.4355e-01   1.0347e+02   3.8218e+01   9.0579e-02   0.0000e+00   2.7571e+02
20260920_00:00:00   4.9558e-01   1.1258e+02   3.8782e+01   1.4764e-01   0.0000e+00   2.7611e+02
20260920_01:00:00   4.6776e-01   1.0772e+02   3.7625e+01   1.2680e-01   0.0000e+00   2.7550e+02
20260920_02:00:00   3.6811e-01   8.9138e+01   3.5494e+01   3.4719e-02   0.0000e+00   2.7692e+02
20260920_03:00:00   3.2835e-01   8.1122e+01   3.4404e+01   1.1178e-03   0.0000e+00   2.7679e+02
20260920_04:00:00   3.2368e-01   8.0090e+01   3.3871e+01   9.3920e-04   7.0357e-05   2.7855e+02
20260920_05:00:00   3.2151e-01   7.9556e+01   3.3799e+01   5.6300e-06   1.1996e-04   2.8007e+02
20260920_06:00:00   3.1844e-01   7.8918e+01   3.3432e+01   0.0000e+00   2.1660e-05   2.8066e+02
20260920_07:00:00   3.1347e-01   7.7951e+01   3.2547e+01   5.4400e-04   0.0000e+00   2.7992e+02
20260920_08:00:00   3.0619e-01   7.6519e+01   3.1749e+01   7.1220e-05   1.8720e-04   2.7946e+02
20260920_09:00:00   3.0708e-01   7.6652e+01   3.2252e+01   7.5480e-04   2.7260e-05   2.7874e+02
20260920_10:00:00   3.2878e-01   8.1021e+01   3.3806e+01   1.1838e-02   2.7920e-05   2.7994e+02
20260920_11:00:00   3.3105e-01   8.1429e+01   3.4854e+01   5.1850e-03   9.0691e-04   2.8131e+02
20260920_12:00:00   3.3867e-01   8.3029e+01   3.5712e+01   4.4560e-03   2.4458e-04   2.8082e+02
20260920_13:00:00   3.4803e-01   8.4981e+01   3.6833e+01   2.6710e-03   2.2126e-04   2.8117e+02
20260920_14:00:00   3.6602e-01   8.8512e+01   3.8506e+01   6.2905e-03   7.3528e-03   2.8080e+02
20260920_15:00:00   3.8156e-01   9.1647e+01   3.9857e+01   9.4764e-03   2.9649e-03   2.7996e+02
20260920_16:00:00   4.1569e-01   9.8263e+01   4.1480e+01   3.1437e-02   5.3541e-05   2.7887e+02
20260920_17:00:00   5.2244e-01   1.1724e+02   4.3008e+01   1.4143e-01   1.0913e-03   2.7860e+02
20260920_18:00:00   4.8757e-01   1.1057e+02   4.3569e+01   8.4331e-02   8.1417e-04   2.7829e+02
20260920_19:00:00   4.9793e-01   1.1229e+02   4.4766e+01   8.4517e-02   7.8530e-03   2.7607e+02
20260920_20:00:00   4.5145e-01   1.0456e+02   4.5138e+01   2.9092e-02   2.0992e-01   2.7629e+02
20260920_21:00:00   5.4673e-01   1.2010e+02   4.4930e+01   1.3807e-01   4.7737e-01   2.7782e+02
20260920_22:00:00   5.2002e-01   1.1571e+02   4.3750e+01   1.2402e-01   2.9288e-01   2.7917e+02
20260920_23:00:00   7.0297e-01   1.4232e+02   4.2242e+01   3.5178e-01   1.5265e-01   2.8035e+02
20260921_00:00:00   7.1077e-01   1.4319e+02   4.0929e+01   3.7388e-01   9.5227e-02   2.8054e+02
20260921_01:00:00   6.9778e-01   1.4122e+02   4.0797e+01   3.5795e-01   7.1067e-02   2.7966e+02
20260921_02:00:00   7.5827e-01   1.4908e+02   4.0819e+01   4.2654e-01   1.1868e-01   2.7904e+02
20260921_03:00:00   5.1263e-01   1.1401e+02   4.0322e+01   1.5384e-01   6.5178e-02   2.7955e+02
20260921_04:00:00   4.0914e-01   9.6455e+01   3.9925e+01   4.0281e-02   1.8999e-02   2.7925e+02
20260921_05:00:00   3.9021e-01   9.3018e+01   3.9688e+01   2.0616e-02   2.9447e-03   2.7785e+02
20260921_06:00:00   3.6275e-01   8.7883e+01   3.8510e+01   1.0128e-03   4.2647e-04   2.7713e+02
20260921_07:00:00   3.4104e-01   8.3654e+01   3.6342e+01   1.6772e-04   2.3713e-03   2.7773e+02
20260921_08:00:00   3.2667e-01   8.0775e+01   3.4977e+01   0.0000e+00   4.3840e-03   2.7970e+02
20260921_09:00:00   3.1532e-01   7.8470e+01   3.3832e+01   0.0000e+00   2.6131e-03   2.8099e+02
20260921_10:00:00   3.0774e-01   7.6899e+01   3.3090e+01   0.0000e+00   2.1805e-03   2.8092e+02
20260921_11:00:00   3.1358e-01   7.8058e+01   3.3824e+01   0.0000e+00   1.6545e-03   2.8201e+02
20260921_12:00:00   3.2193e-01   7.9781e+01   3.4620e+01   0.0000e+00   9.6000e-06   2.8227e+02
20260921_13:00:00   3.3406e-01   8.2307e+01   3.5811e+01   0.0000e+00   2.6840e-06   2.8244e+02
20260921_14:00:00   3.3773e-01   8.3126e+01   3.6371e+01   0.0000e+00   5.5781e-06   2.8303e+02
20260921_15:00:00   3.4147e-01   8.3942e+01   3.6937e+01   0.0000e+00   1.6503e-04   2.8274e+02
20260921_16:00:00   3.4717e-01   8.5159e+01   3.7590e+01   1.8792e-05   1.1244e-04   2.8175e+02
20260921_17:00:00   3.6862e-01   8.9450e+01   3.9389e+01   7.2000e-05   2.2511e-03   2.8118e+02
20260921_18:00:00   3.7616e-01   9.0877e+01   4.0128e+01   2.6467e-04   5.3183e-03   2.8099e+02
20260921_19:00:00   3.8141e-01   9.1903e+01   4.0755e+01   1.9200e-05   6.2712e-03   2.8076e+02
20260921_20:00:00   4.1564e-01   9.8089e+01   4.2125e+01   2.3317e-02   3.2261e-02   2.8082e+02
20260921_21:00:00   6.6252e-01   1.3678e+02   4.1845e+01   3.0787e-01   3.8018e-01   2.8025e+02
20260921_22:00:00   4.1230e-01   9.7101e+01   4.0029e+01   4.9035e-02   1.5033e-01   2.8127e+02
20260921_23:00:00   3.5961e-01   8.7374e+01   3.8743e+01   4.2660e-03   1.0616e-01   2.8175e+02
20260922_00:00:00   3.3602e-01   8.2894e+01   3.6269e+01   7.6540e-05   7.0242e-03   2.8145e+02
20260922_01:00:00   3.4300e-01   8.4132e+01   3.6686e+01   7.9120e-05   1.4180e-02   2.8158e+02
20260922_02:00:00   3.5567e-01   8.6407e+01   3.8261e+01   4.2580e-04   6.4194e-02   2.8235e+02
20260922_03:00:00   4.0006e-01   9.4519e+01   3.9760e+01   3.3141e-02   4.1642e-01   2.8345e+02
20260922_04:00:00   5.3553e-01   1.1741e+02   4.0373e+01   1.7577e-01   5.7427e-01   2.8409e+02
20260922_05:00:00   4.9439e-01   1.1090e+02   4.0014e+01   1.3414e-01   6.5598e-01   2.8529e+02
20260922_06:00:00   3.5041e-01   8.5284e+01   3.7387e+01   8.0769e-04   4.2611e-01   2.8575e+02
20260922_07:00:00   3.1978e-01   7.9226e+01   3.3729e+01   3.2650e-03   3.6130e-01   2.8443e+02
20260922_08:00:00   3.2930e-01   8.1286e+01   3.4048e+01   8.8144e-03   9.3129e-02   2.8280e+02
20260922_09:00:00   3.3936e-01   8.3283e+01   3.5011e+01   8.8080e-03   1.3756e-01   2.8347e+02
20260922_10:00:00   3.3524e-01   8.2543e+01   3.4181e+01   1.5450e-02   1.2192e-01   2.8546e+02
20260922_11:00:00   3.5570e-01   8.6496e+01   3.5988e+01   2.4760e-02   1.6944e-01   2.8768e+02
20260922_12:00:00   3.5813e-01   8.6885e+01   3.6973e+01   1.4783e-02   8.0870e-02   2.8835e+02
20260922_13:00:00   3.5798e-01   8.6842e+01   3.7293e+01   7.6390e-03   1.6487e-01   2.8976e+02
20260922_14:00:00   3.4099e-01   8.3641e+01   3.5697e+01   1.9637e-03   9.3388e-02   2.8985e+02
20260922_15:00:00   3.3204e-01   8.2001e+01   3.4601e+01   2.8993e-05   9.9558e-02   2.9005e+02
20260922_16:00:00   3.2359e-01   8.0409e+01   3.3725e+01   5.5020e-04   1.9312e-01   2.9076e+02
20260922_17:00:00   3.2339e-01   8.0452e+01   3.3042e+01   8.4260e-03   1.0964e-01   2.9101e+02
20260922_18:00:00   3.1732e-01   7.9250e+01   3.3248e+01   2.3540e-03   3.2443e-02   2.9096e+02
20260922_21:00:00   3.2543e-01   8.0884e+01   3.3905e+01   0.0000e+00   7.3251e-03   2.9046e+02
20260923_00:00:00   3.2073e-01   7.9520e+01   3.3966e+01   0.0000e+00   2.3873e-03   2.9149e+02
20260923_03:00:00   3.6065e-01   8.7529e+01   3.4117e+01   4.0065e-02   5.6293e-03   2.8956e+02
20260923_06:00:00   6.0620e-01   1.3107e+02   3.1031e+01   3.6883e-01   0.0000e+00   2.8950e+02
20260923_09:00:00   5.4200e-01   1.2067e+02   2.8271e+01   3.1153e-01   0.0000e+00   2.8995e+02
20260923_12:00:00   4.9235e-01   1.1223e+02   2.7419e+01   2.6353e-01   3.1420e-03   2.9166e+02
20260923_15:00:00   7.1539e-01   1.4664e+02   2.6130e+01   5.4233e-01   2.6400e-04   2.9377e+02
20260923_18:00:00   7.0829e-01   1.4557e+02   2.7030e+01   5.2311e-01   1.0606e-03   2.9809e+02
20260923_21:00:00   4.4638e-01   1.0369e+02   2.7130e+01   1.9899e-01   0.0000e+00   2.9766e+02
20260924_00:00:00   6.7609e-01   1.4035e+02   2.6896e+01   4.7252e-01   0.0000e+00   2.9853e+02
20260924_03:00:00   6.2706e-01   1.3265e+02   2.6508e+01   4.0703e-01   0.0000e+00   2.9631e+02
20260924_06:00:00   9.4842e-01   1.7381e+02   2.5814e+01   7.9820e-01   2.4360e-05   2.9531e+02
20260924_09:00:00   5.4198e-01   1.1972e+02   2.4157e+01   3.3922e-01   1.9892e-02   2.9430e+02
20260924_12:00:00   4.5327e-01   1.0486e+02   2.5371e+01   2.2692e-01   5.2870e-02   2.9434e+02
20260924_15:00:00   5.1486e-01   1.1524e+02   2.5734e+01   2.9660e-01   7.1875e-02   2.9378e+02
20260924_18:00:00   5.6070e-01   1.2253e+02   2.7735e+01   3.3561e-01   1.0249e-01   2.9179e+02
20260924_21:00:00   2.9610e-01   7.3942e+01   2.5272e+01   4.9168e-02   5.6044e-02   2.9208e+02
20260925_00:00:00   4.0510e-01   9.5248e+01   2.3071e+01   1.9924e-01   4.2369e-02   2.9385e+02
20260925_03:00:00   2.8625e-01   7.1429e+01   2.2608e+01   6.4006e-02   1.3724e-01   2.9917e+02
20260925_06:00:00   4.0415e-01   9.4511e+01   2.2817e+01   1.9756e-01   1.2978e-03   3.0561e+02
20260925_09:00:00   2.3017e-01   5.9025e+01   2.2063e+01   5.1804e-03   0.0000e+00   3.1134e+02
20260925_12:00:00   2.3210e-01   5.9311e+01   2.0971e+01   1.9288e-02   0.0000e+00   3.1222e+02
20260925_15:00:00   2.2517e-01   5.7865e+01   2.0834e+01   1.3834e-02   3.0720e-04   3.1280e+02
20260925_18:00:00   2.8376e-01   7.0526e+01   1.9850e+01   8.8513e-02   0.0000e+00   3.1495e+02
20260925_21:00:00   2.7706e-01   6.9335e+01   1.9706e+01   7.6504e-02   0.0000e+00   3.1718e+02
20260926_00:00:00   2.2361e-01   5.7566e+01   1.9966e+01   8.7564e-03   1.9200e-06   3.1922e+02
20260926_03:00:00   3.9999e-01   9.1985e+01   2.1660e+01   1.9538e-01   1.3402e-03   3.2518e+02
20260926_06:00:00   6.2586e-01   1.2932e+02   2.3515e+01   4.3297e-01   5.9601e-02   3.2274e+02
20260926_09:00:00   5.7485e-01   1.2233e+02   2.4076e+01   3.7591e-01   4.9000e-05   3.1764e+02
20260926_12:00:00   5.0469e-01   1.1169e+02   2.4221e+01   2.9826e-01   2.1703e-04   3.1982e+02
20260926_15:00:00   7.1793e-01   1.4334e+02   2.5816e+01   5.3376e-01   2.2770e-03   3.1630e+02
20260926_18:00:00   3.1744e-01   7.7310e+01   2.5496e+01   7.5550e-02   2.9260e-06   3.1777e+02
20260926_21:00:00   2.9349e-01   7.2450e+01   2.1944e+01   7.8676e-02   0.0000e+00   3.1509e+02
20260927_00:00:00   2.0206e-01   5.2954e+01   1.8216e+01   1.6690e-03   0.0000e+00   3.0884e+02
20260927_03:00:00   1.8340e-01   4.8640e+01   1.6369e+01   0.0000e+00   0.0000e+00   3.0814e+02
20260927_06:00:00   1.6614e-01   4.4624e+01   1.4568e+01   0.0000e+00   0.0000e+00   3.0193e+02
20260927_09:00:00   1.5394e-01   4.1726e+01   1.3655e+01   0.0000e+00   0.0000e+00   3.0132e+02
20260927_12:00:00   1.5772e-01   4.2650e+01   1.3880e+01   0.0000e+00   0.0000e+00   3.0019e+02
20260927_15:00:00   1.3878e-01   3.8298e+01   1.1783e+01   0.0000e+00   0.0000e+00   2.9927e+02
20260927_18:00:00   1.3742e-01   3.8091e+01   1.1589e+01   0.0000e+00   0.0000e+00   2.9810e+02
20260927_21:00:00   1.4848e-01   4.0794e+01   1.2521e+01   0.0000e+00   0.0000e+00   2.9616e+02
20260928_00:00:00   1.4874e-01   4.0679e+01   1.2035e+01   0.0000e+00   0.0000e+00   2.9823e+02
20260928_03:00:00   1.5150e-01   4.1177e+01   1.3020e+01   0.0000e+00   0.0000e+00   2.9768e+02
20260928_06:00:00   1.6171e-01   4.3495e+01   1.4712e+01   0.0000e+00   0.0000e+00   2.9608e+02
20260928_09:00:00   1.5043e-01   4.0844e+01   1.3315e+01   0.0000e+00   0.0000e+00   2.9440e+02
20260928_12:00:00   1.4337e-01   3.9164e+01   1.2844e+01   0.0000e+00   0.0000e+00   2.9792e+02
20260928_15:00:00   1.3610e-01   3.7438e+01   1.2875e+01   0.0000e+00   4.5360e-05   2.9736e+02
20260928_18:00:00   1.3562e-01   3.7276e+01   1.3298e+01   0.0000e+00   0.0000e+00   2.9625e+02
20260928_21:00:00   1.5194e-01   4.1152e+01   1.5716e+01   0.0000e+00   1.3549e-03   2.9521e+02
20260929_00:00:00   1.9471e-01   5.1033e+01   2.0278e+01   0.0000e+00   1.1955e-04   2.9692e+02
20260929_03:00:00   2.3370e-01   5.9892e+01   2.3325e+01   4.5200e-04   6.5200e-04   2.9931e+02
20260929_06:00:00   2.5753e-01   6.5111e+01   2.5190e+01   5.4240e-03   0.0000e+00   2.9669e+02
20260929_09:00:00   2.5383e-01   6.4334e+01   2.5550e+01   0.0000e+00   2.8334e-04   2.9040e+02
20260929_12:00:00   2.4235e-01   6.1774e+01   2.4661e+01   0.0000e+00   9.8866e-05   2.9021e+02
20260929_15:00:00   2.2146e-01   5.7408e+01   2.3003e+01   0.0000e+00   0.0000e+00   2.8371e+02
20260929_18:00:00   2.2694e-01   5.8828e+01   2.3807e+01   0.0000e+00   0.0000e+00   2.8433e+02
20260929_21:00:00   2.4069e-01   6.2036e+01   2.4215e+01   9.0270e-03   0.0000e+00   2.8556e+02
20260930_00:00:00   2.3458e-01   6.0502e+01   2.3693e+01   1.1674e-05   0.0000e+00   2.8364e+02
20260930_03:00:00   2.1983e-01   5.7142e+01   2.2184e+01   0.0000e+00   8.0480e-04   2.8521e+02
20260930_06:00:00   2.2500e-01   5.8255e+01   2.2828e+01   0.0000e+00   6.0687e-04   2.8517e+02
20260930_09:00:00   2.2486e-01   5.8147e+01   2.2747e+01   0.0000e+00   2.5631e-04   2.8497e+02
20260930_12:00:00   2.1865e-01   5.6735e+01   2.2338e+01   0.0000e+00   3.7096e-05   2.8448e+02
20260930_15:00:00   2.1286e-01   5.5682e+01   2.1726e+01   0.0000e+00   9.1798e-04   2.8558e+02
20260930_18:00:00   2.0777e-01   5.4873e+01   2.0523e+01   2.2200e-05   0.0000e+00   2.8141e+02
20260930_21:00:00   3.1131e-01   7.6943e+01   2.0604e+01   1.1124e-01   0.0000e+00   2.7998e+02
20261001_00:00:00   2.6357e-01   6.6932e+01   2.0354e+01   4.9340e-02   0.0000e+00   2.8064e+02
20261001_03:00:00   2.0640e-01   5.4366e+01   1.7779e+01   7.9282e-03   0.0000e+00   2.7921e+02
20261001_06:00:00   1.8490e-01   4.9385e+01   1.6194e+01   0.0000e+00   0.0000e+00   2.7773e+02
20261001_09:00:00   1.8820e-01   4.9808e+01   1.8231e+01   0.0000e+00   4.4180e-04   2.7704e+02
20261001_12:00:00   1.5600e-01   4.2350e+01   1.3687e+01   0.0000e+00   3.0483e-03   2.7953e+02
20261001_15:00:00   1.6698e-01   4.5114e+01   1.4344e+01   5.9860e-04   1.1602e-02   2.8053e+02
20261001_18:00:00   1.8812e-01   5.0040e+01   1.3574e+01   2.8005e-02   3.4780e-06   2.8048e+02
20261001_21:00:00   1.8400e-01   4.9086e+01   1.3053e+01   2.4858e-02   0.0000e+00   2.7838e+02
20261002_00:00:00   1.7623e-01   4.7085e+01   1.0163e+01   4.2785e-02   0.0000e+00   2.7960e+02
20261002_03:00:00   1.2019e-01   3.3648e+01   7.5614e+00   4.0440e-03   0.0000e+00   2.8062e+02
20261002_06:00:00   2.5906e-01   6.5294e+01   7.7868e+00   1.6581e-01   0.0000e+00   2.7969e+02
20261002_09:00:00   1.6364e-01   4.4025e+01   8.1784e+00   5.3920e-02   0.0000e+00   2.8262e+02
20261002_12:00:00   1.2065e-01   3.3735e+01   8.3847e+00   3.1360e-03   0.0000e+00   2.7917e+02
20261002_15:00:00   1.1857e-01   3.3425e+01   8.8012e+00   0.0000e+00   0.0000e+00   2.7721e+02
20261002_18:00:00   1.2222e-01   3.4550e+01   9.6903e+00   0.0000e+00   0.0000e+00   2.7555e+02
20261002_21:00:00   1.2715e-01   3.5868e+01   1.0414e+01   0.0000e+00   0.0000e+00   2.7416e+02
20261003_00:00:00   1.3656e-01   3.8042e+01   1.1152e+01   0.0000e+00   0.0000e+00   2.7253e+02
20261003_03:00:00   1.3156e-01   3.6747e+01   1.0820e+01   0.0000e+00   0.0000e+00   2.7383e+02
20261003_06:00:00   1.3545e-01   3.7568e+01   1.1962e+01   0.0000e+00   0.0000e+00   2.6987e+02
20261003_09:00:00   1.4531e-01   3.9811e+01   1.3787e+01   0.0000e+00   0.0000e+00   2.7015e+02
20261003_12:00:00   1.3443e-01   3.7187e+01   1.2442e+01   0.0000e+00   0.0000e+00   2.7080e+02
20261003_15:00:00   1.3762e-01   3.8153e+01   1.3371e+01   0.0000e+00   0.0000e+00   2.7229e+02
20261003_18:00:00   1.7528e-01   4.7172e+01   1.8558e+01   0.0000e+00   0.0000e+00   2.7520e+02
