#            date       tau255        Tb[K]      pwv[mm] lwp[kg*m^-2] iwp[kg*m^-2]       o3[DU]
20261006_06:00:00   1.0170e-01   2.8934e+01   6.8616e+00   0.0000e+00   0.0000e+00   3.0618e+02
20261006_07:00:00   9.7382e-02   2.7837e+01   6.3997e+00   0.0000e+00   0.0000e+00   3.0659e+02
20261006_08:00:00   9.4889e-02   2.7197e+01   6.1422e+00   0.0000e+00   0.0000e+00   3.0518e+02
20261006_09:00:00   9.3962e-02   2.6950e+01   6.0741e+00   0.0000e+00   0.0000e+00   3.0325e+02
20261006_10:00:00   9.4365e-02   2.7047e+01   6.1954e+00   0.0000e+00   0.0000e+00   3.0196e+02
20261006_11:00:00   9.4529e-02   2.7088e+01   6.2810e+00   0.0000e+00   0.0000e+00   3.0040e+02
20261006_12:00:00   9.4772e-02   2.7161e+01   6.3806e+00   0.0000e+00   0.0000e+00   3.0119e+02
20261006_13:00:00   9.5371e-02   2.7356e+01   6.5353e+00   0.0000e+00   0.0000e+00   2.9886e+02
20261006_14:00:00   9.5225e-02   2.7360e+01   6.5791e+00   0.0000e+00   0.0000e+00   2.9840e+02
20261006_15:00:00   1.0031e-01   2.8676e+01   7.3044e+00   0.0000e+00   0.0000e+00   2.9795e+02
20261006_16:00:00   1.0219e-01   2.9187e+01   7.6558e+00   0.0000e+00   0.0000e+00   2.9672e+02
20261006_17:00:00   1.0887e-01   3.0896e+01   8.6099e+00   0.0000e+00   0.0000e+00   2.9513e+02
20261006_18:00:00   1.1034e-01   3.1310e+01   8.8200e+00   0.0000e+00   0.0000e+00   2.9340e+02
20261006_19:00:00   1.1404e-01   3.2264e+01   9.3318e+00   0.0000e+00   0.0000e+00   2.9466e+02
20261006_20:00:00   1.1897e-01   3.3516e+01   9.9531e+00   0.0000e+00   0.0000e+00   2.9509e+02
20261006_21:00:00   1.2330e-01   3.4632e+01   1.0403e+01   0.0000e+00   0.0000e+00   2.9600e+02
20261006_22:00:00   1.3069e-01   3.6470e+01   1.1057e+01   0.0000e+00   0.0000e+00   2.9628e+02
20261006_23:00:00   1.3376e-01   3.7155e+01   1.1295e+01   0.0000e+00   0.0000e+00   2.9863e+02
20261007_00:00:00   1.3790e-01   3.8110e+01   1.1754e+01   0.0000e+00   0.0000e+00   3.0127e+02
20261007_01:00:00   1.3539e-01   3.7472e+01   1.1433e+01   0.0000e+00   0.0000e+00   3.0326e+02
20261007_02:00:00   1.3419e-01   3.7141e+01   1.1291e+01   0.0000e+00   0.0000e+00   3.0430e+02
20261007_03:00:00   1.3602e-01   3.7539e+01   1.1565e+01   0.0000e+00   0.0000e+00   3.0608e+02
20261007_04:00:00   1.3512e-01   3.7292e+01   1.1490e+01   0.0000e+00   0.0000e+00   3.0608e+02
20261007_05:00:00   1.3294e-01   3.6749e+01   1.1251e+01   0.0000e+00   0.0000e+00   3.0560e+02
20261007_06:00:00   1.3249e-01   3.6643e+01   1.1180e+01   0.0000e+00   0.0000e+00   3.0541e+02
20261007_07:00:00   1.3225e-01   3.6580e+01   1.1145e+01   0.0000e+00   0.0000e+00   3.0497e+02
20261007_08:00:00   1.3153e-01   3.6391e+01   1.1120e+01   0.0000e+00   0.0000e+00   3.0481e+02
20261007_09:00:00   1.3125e-01   3.6308e+01   1.1166e+01   0.0000e+00   0.0000e+00   3.0610e+02
20261007_10:00:00   1.3088e-01   3.6206e+01   1.1194e+01   0.0000e+00   0.0000e+00   3.0716e+02
20261007_11:00:00   1.2980e-01   3.5946e+01   1.1112e+01   0.0000e+00   0.0000e+00   3.0774e+02
20261007_12:00:00   1.2871e-01   3.5688e+01   1.1016e+01   0.0000e+00   0.0000e+00   3.0836e+02
20261007_13:00:00   1.2415e-01   3.4654e+01   1.0526e+01   0.0000e+00   0.0000e+00   3.0715e+02
20261007_14:00:00   1.1349e-01   3.2093e+01   9.1068e+00   0.0000e+00   0.0000e+00   3.0588e+02
20261007_15:00:00   1.0953e-01   3.1139e+01   8.6754e+00   0.0000e+00   0.0000e+00   3.0345e+02
20261007_16:00:00   1.1356e-01   3.2176e+01   9.3216e+00   0.0000e+00   0.0000e+00   3.0403e+02
20261007_17:00:00   1.1527e-01   3.2648e+01   9.6484e+00   0.0000e+00   0.0000e+00   3.0554e+02
20261007_18:00:00   1.2041e-01   3.3960e+01   1.0376e+01   0.0000e+00   0.0000e+00   3.0525e+02
20261007_19:00:00   1.2662e-01   3.5522e+01   1.1229e+01   0.0000e+00   0.0000e+00   3.0767e+02
20261007_20:00:00   1.3412e-01   3.7372e+01   1.2228e+01   0.0000e+00   0.0000e+00   3.0806e+02
20261007_21:00:00   1.3951e-01   3.8731e+01   1.2770e+01   0.0000e+00   0.0000e+00   3.0782e+02
20261007_22:00:00   1.4250e-01   3.9434e+01   1.3024e+01   0.0000e+00   0.0000e+00   3.0741e+02
20261007_23:00:00   1.4862e-01   4.0825e+01   1.3789e+01   0.0000e+00   0.0000e+00   3.0639e+02
20261008_00:00:00   1.5337e-01   4.1928e+01   1.4494e+01   0.0000e+00   0.0000e+00   3.0414e+02
20261008_01:00:00   1.5764e-01   4.2963e+01   1.4922e+01   0.0000e+00   0.0000e+00   3.0294e+02
20261008_02:00:00   1.6321e-01   4.4304e+01   1.5513e+01   0.0000e+00   0.0000e+00   3.0411e+02
20261008_03:00:00   1.6973e-01   4.5802e+01   1.6339e+01   0.0000e+00   0.0000e+00   3.0705e+02
20261008_04:00:00   1.7517e-01   4.7086e+01   1.6944e+01   0.0000e+00   0.0000e+00   3.0795e+02
20261008_05:00:00   1.7681e-01   4.7459e+01   1.7113e+01   0.0000e+00   0.0000e+00   3.0924e+02
20261008_06:00:00   1.7530e-01   4.7064e+01   1.7090e+01   0.0000e+00   0.0000e+00   3.0936e+02
20261008_07:00:00   1.7400e-01   4.6687e+01   1.7170e+01   0.0000e+00   0.0000e+00   3.0677e+02
20261008_08:00:00   1.6891e-01   4.5428e+01   1.6804e+01   0.0000e+00   0.0000e+00   3.0355e+02
20261008_09:00:00   1.6443e-01   4.4356e+01   1.6276e+01   0.0000e+00   0.0000e+00   3.0300e+02
20261008_10:00:00   1.6503e-01   4.4501e+01   1.6289e+01   0.0000e+00   0.0000e+00   3.0283e+02
20261008_11:00:00   1.7307e-01   4.6408e+01   1.7159e+01   0.0000e+00   0.0000e+00   3.0472e+02
20261008_12:00:00   1.8183e-01   4.8504e+01   1.7966e+01   0.0000e+00   0.0000e+00   3.0561e+02
20261008_13:00:00   1.8291e-01   4.8891e+01   1.8057e+01   0.0000e+00   0.0000e+00   3.0492e+02
20261008_14:00:00   1.8572e-01   4.9574e+01   1.8324e+01   0.0000e+00   0.0000e+00   3.0289e+02
20261008_15:00:00   1.9563e-01   5.1908e+01   1.8924e+01   4.1440e-03   0.0000e+00   3.0103e+02
20261008_16:00:00   2.0933e-01   5.5076e+01   1.9525e+01   1.3342e-02   0.0000e+00   3.0150e+02
20261008_17:00:00   2.1240e-01   5.5846e+01   2.0153e+01   9.6140e-03   0.0000e+00   3.0292e+02
20261008_18:00:00   2.1590e-01   5.6699e+01   2.1123e+01   3.2040e-03   0.0000e+00   3.0343e+02
20261008_19:00:00   2.2266e-01   5.8204e+01   2.1755e+01   4.3700e-03   0.0000e+00   3.0425e+02
20261008_20:00:00   2.2243e-01   5.8139e+01   2.1698e+01   3.3060e-03   0.0000e+00   3.0629e+02
20261008_21:00:00   2.3780e-01   6.1483e+01   2.2048e+01   1.6838e-02   0.0000e+00   3.0728e+02
20261008_22:00:00   2.2307e-01   5.8165e+01   2.1252e+01   7.2740e-03   0.0000e+00   3.0807e+02
20261008_23:00:00   2.1370e-01   5.5977e+01   2.0588e+01   0.0000e+00   0.0000e+00   3.0861e+02
20261009_00:00:00   2.0703e-01   5.4425e+01   1.9662e+01   0.0000e+00   0.0000e+00   3.0845e+02
20261009_01:00:00   1.9744e-01   5.2228e+01   1.8341e+01   0.0000e+00   0.0000e+00   3.1109e+02
20261009_02:00:00   2.0262e-01   5.3355e+01   1.8835e+01   0.0000e+00   0.0000e+00   3.1106e+02
20261009_03:00:00   1.9500e-01   5.1563e+01   1.8227e+01   0.0000e+00   0.0000e+00   3.0894e+02
20261009_04:00:00   2.0283e-01   5.3277e+01   1.9132e+01   0.0000e+00   0.0000e+00   3.0731e+02
20261009_05:00:00   1.9420e-01   5.1261e+01   1.8247e+01   0.0000e+00   0.0000e+00   3.0581e+02
20261009_06:00:00   1.7842e-01   4.7574e+01   1.6510e+01   0.0000e+00   0.0000e+00   3.0454e+02
20261009_07:00:00   1.6545e-01   4.4497e+01   1.5078e+01   0.0000e+00   0.0000e+00   3.0335e+02
20261009_08:00:00   1.5738e-01   4.2517e+01   1.4259e+01   0.0000e+00   0.0000e+00   3.0503e+02
20261009_09:00:00   1.4954e-01   4.0596e+01   1.3445e+01   0.0000e+00   0.0000e+00   3.0291e+02
20261009_10:00:00   1.4427e-01   3.9289e+01   1.2939e+01   0.0000e+00   0.0000e+00   3.0199e+02
20261009_11:00:00   1.4323e-01   3.9011e+01   1.2984e+01   0.0000e+00   0.0000e+00   3.0318e+02
20261009_12:00:00   1.3873e-01   3.7958e+01   1.2377e+01   0.0000e+00   0.0000e+00   3.0284e+02
20261009_13:00:00   1.4860e-01   4.0376e+01   1.3826e+01   0.0000e+00   1.4328e-05   3.0356e+02
20261009_14:00:00   1.5084e-01   4.0909e+01   1.4368e+01   0.0000e+00   5.3840e-05   3.0539e+02
20261009_15:00:00   1.5068e-01   4.0939e+01   1.4435e+01   0.0000e+00   2.3919e-04   3.0667e+02
20261009_16:00:00   1.5036e-01   4.0892e+01   1.4493e+01   0.0000e+00   4.2638e-04   3.0531e+02
20261009_17:00:00   1.5711e-01   4.2472e+01   1.5513e+01   0.0000e+00   1.5290e-03   3.0469e+02
20261009_18:00:00   1.5820e-01   4.2769e+01   1.5675e+01   0.0000e+00   1.8658e-03   3.0393e+02
20261009_19:00:00   1.6004e-01   4.3252e+01   1.6027e+01   0.0000e+00   9.8563e-04   3.0468e+02
20261009_20:00:00   1.6279e-01   4.3920e+01   1.6312e+01   0.0000e+00   2.4760e-05   3.0455e+02
20261009_21:00:00   1.6199e-01   4.3779e+01   1.6160e+01   0.0000e+00   8.9040e-06   3.0205e+02
20261009_22:00:00   1.6973e-01   4.5571e+01   1.7023e+01   0.0000e+00   0.0000e+00   3.0087e+02
20261009_23:00:00   1.7021e-01   4.5592e+01   1.7088e+01   0.0000e+00   8.9040e-06   2.9965e+02
20261010_00:00:00   1.6833e-01   4.5119e+01   1.6870e+01   0.0000e+00   3.0453e-04   2.9976e+02
20261010_01:00:00   1.7047e-01   4.5580e+01   1.7102e+01   0.0000e+00   9.6357e-04   3.0084e+02
20261010_02:00:00   1.7008e-01   4.5512e+01   1.7105e+01   0.0000e+00   2.8447e-03   3.0266e+02
20261010_03:00:00   1.7262e-01   4.6104e+01   1.7414e+01   0.0000e+00   2.9000e-03   3.0197e+02
20261010_04:00:00   1.7740e-01   4.7207e+01   1.7990e+01   0.0000e+00   3.0161e-03   3.0207e+02
20261010_05:00:00   1.7895e-01   4.7577e+01   1.8065e+01   0.0000e+00   1.5228e-03   3.0034e+02
20261010_06:00:00   1.7949e-01   4.7703e+01   1.8215e+01   0.0000e+00   9.3220e-04   3.0148e+02
20261010_07:00:00   1.8319e-01   4.8551e+01   1.8720e+01   0.0000e+00   0.0000e+00   3.0204e+02
20261010_08:00:00   1.8483e-01   4.8948e+01   1.8875e+01   0.0000e+00   0.0000e+00   3.0216e+02
20261010_09:00:00   1.8866e-01   4.9783e+01   1.9381e+01   0.0000e+00   0.0000e+00   3.0001e+02
20261010_10:00:00   1.9222e-01   5.0575e+01   1.9730e+01   0.0000e+00   0.0000e+00   2.9781e+02
20261010_11:00:00   1.9265e-01   5.0709e+01   1.9714e+01   0.0000e+00   0.0000e+00   2.9640e+02
20261010_12:00:00   1.9047e-01   5.0278e+01   1.9439e+01   0.0000e+00   0.0000e+00   2.9499e+02
20261010_13:00:00   1.9088e-01   5.0496e+01   1.9361e+01   0.0000e+00   0.0000e+00   2.9346e+02
20261010_14:00:00   1.9279e-01   5.1063e+01   1.9527e+01   0.0000e+00   0.0000e+00   2.9241e+02
20261010_15:00:00   1.9837e-01   5.2377e+01   2.0213e+01   0.0000e+00   0.0000e+00   2.8994e+02
20261010_16:00:00   2.0091e-01   5.3028e+01   2.0427e+01   0.0000e+00   0.0000e+00   2.8853e+02
20261010_17:00:00   2.0215e-01   5.3408e+01   2.0555e+01   0.0000e+00   1.6716e-03   2.8712e+02
20261010_18:00:00   2.0075e-01   5.3165e+01   2.0435e+01   0.0000e+00   2.7338e-03   2.8573e+02
20261010_19:00:00   2.0081e-01   5.3233e+01   2.0400e+01   0.0000e+00   3.0179e-03   2.8439e+02
20261010_20:00:00   1.9940e-01   5.2948e+01   2.0163e+01   0.0000e+00   5.3075e-03   2.8514e+02
20261010_21:00:00   2.0086e-01   5.3265e+01   2.0258e+01   0.0000e+00   5.1546e-03   2.8460e+02
20261010_22:00:00   2.0082e-01   5.3202e+01   2.0166e+01   0.0000e+00   5.5469e-03   2.8477e+02
20261010_23:00:00   1.9832e-01   5.2544e+01   1.9792e+01   0.0000e+00   2.5102e-03   2.8470e+02
20261011_00:00:00   1.9258e-01   5.1170e+01   1.9222e+01   0.0000e+00   4.4689e-03   2.8235e+02
20261011_01:00:00   1.8326e-01   4.9005e+01   1.8341e+01   0.0000e+00   6.6606e-03   2.7965e+02
20261011_02:00:00   1.7852e-01   4.7887e+01   1.7868e+01   0.0000e+00   9.8114e-03   2.7707e+02
20261011_03:00:00   1.7627e-01   4.7368e+01   1.7624e+01   0.0000e+00   1.6240e-02   2.7590e+02
20261011_04:00:00   1.7669e-01   4.7442e+01   1.7713e+01   0.0000e+00   1.4700e-02   2.7509e+02
20261011_05:00:00   1.7446e-01   4.6898e+01   1.7535e+01   0.0000e+00   2.7301e-02   2.7414e+02
20261011_06:00:00   1.7103e-01   4.6069e+01   1.7138e+01   0.0000e+00   6.2672e-02   2.7263e+02
20261011_09:00:00   1.7040e-01   4.5879e+01   1.7131e+01   0.0000e+00   1.7544e-02   2.7121e+02
20261011_12:00:00   1.7883e-01   4.7674e+01   1.8741e+01   0.0000e+00   1.1598e-02   2.6578e+02
20261011_15:00:00   3.9697e-01   9.1797e+01   2.6351e+01   1.8457e-01   1.6243e-01   2.6079e+02
20261011_18:00:00   7.0847e-01   1.4114e+02   3.2445e+01   4.7544e-01   5.4692e-01   2.5579e+02
20261011_21:00:00   5.1823e-01   1.1378e+02   3.8413e+01   1.8907e-01   5.7808e-01   2.5736e+02
20261012_00:00:00   1.4870e+00   2.1607e+02   4.0432e+01   1.2822e+00   1.5900e-01   2.5297e+02
20261012_03:00:00   1.5474e+00   2.2356e+02   4.0899e+01   1.4067e+00   9.0482e-03   2.5951e+02
20261012_06:00:00   1.5861e+00   2.2543e+02   4.0467e+01   1.4352e+00   1.3804e-03   2.6137e+02
20261012_09:00:00   3.7939e-01   9.1132e+01   3.2736e+01   7.5340e-02   2.3999e-05   2.5801e+02
20261012_12:00:00   8.3252e-01   1.6152e+02   3.5001e+01   6.0177e-01   2.7141e-03   2.6249e+02
20261012_15:00:00   9.9328e-01   1.7954e+02   3.4913e+01   7.9143e-01   1.2454e-02   2.6689e+02
20261012_18:00:00   8.4433e-01   1.6287e+02   3.2687e+01   6.3307e-01   0.0000e+00   2.6677e+02
20261012_21:00:00   8.7612e-01   1.6674e+02   2.9023e+01   7.1097e-01   0.0000e+00   2.6912e+02
20261013_00:00:00   5.1025e-01   1.1485e+02   2.2696e+01   3.3598e-01   7.7120e-05   2.6704e+02
20261013_03:00:00   1.8339e-01   4.9119e+01   1.7210e+01   1.8792e-05   1.1516e-03   2.7048e+02
20261013_06:00:00   2.2158e-01   5.7764e+01   2.1001e+01   1.4094e-02   0.0000e+00   2.6878e+02
20261013_09:00:00   3.6171e-01   8.7230e+01   2.2385e+01   1.6758e-01   0.0000e+00   2.7007e+02
20261013_12:00:00   2.4512e-01   6.2964e+01   2.3174e+01   2.1020e-02   0.0000e+00   2.6783e+02
20261013_15:00:00   2.7840e-01   7.0222e+01   2.4618e+01   4.7740e-02   1.3630e-03   2.6784e+02
20261013_18:00:00   2.4471e-01   6.3001e+01   2.5439e+01   3.3320e-03   2.2161e-03   2.6823e+02
20261013_21:00:00   2.7485e-01   6.9184e+01   2.9485e+01   2.5600e-03   1.8666e-02   2.7090e+02
20261014_00:00:00   2.7699e-01   6.9360e+01   2.9703e+01   1.1812e-04   9.5000e-03   2.6839e+02
20261014_03:00:00   4.6340e-01   1.0436e+02   3.1234e+01   1.9008e-01   1.1251e-03   2.6604e+02
20261014_06:00:00   7.2617e-01   1.4361e+02   3.2193e+01   4.7301e-01   1.9333e-01   2.6805e+02
20261014_09:00:00   7.1639e-01   1.4306e+02   2.9253e+01   4.8724e-01   4.5323e-05   2.7110e+02
20261014_12:00:00   8.1289e-01   1.5548e+02   2.9631e+01   5.9242e-01   3.1325e-03   2.6926e+02
20261014_15:00:00   8.4215e-01   1.6083e+02   2.8777e+01   6.5305e-01   6.5400e-06   2.7373e+02
20261014_18:00:00   1.4738e+00   2.1633e+02   2.7922e+01   1.3874e+00   4.8695e-04   2.7120e+02
20261014_21:00:00   1.2224e+00   1.9766e+02   2.8607e+01   1.0834e+00   1.8949e-04   2.7224e+02
20261015_00:00:00   1.2083e+00   1.9721e+02   2.7358e+01   1.0879e+00   9.3000e-05   2.6567e+02
20261015_03:00:00   1.0944e+00   1.8678e+02   2.3789e+01   9.8248e-01   7.7360e-06   2.6686e+02
20261015_06:00:00   8.3492e-01   1.5946e+02   2.0208e+01   7.1842e-01   2.7840e-06   2.7121e+02
20261015_09:00:00   6.3478e-01   1.3239e+02   1.9164e+01   4.9766e-01   0.0000e+00   2.6990e+02
20261015_12:00:00   4.5884e-01   1.0402e+02   1.7768e+01   3.0637e-01   0.0000e+00   2.6546e+02
20261015_15:00:00   2.4431e-01   6.2126e+01   1.6839e+01   6.5200e-02   0.0000e+00   2.6769e+02
20261015_18:00:00   2.5994e-01   6.5593e+01   1.7633e+01   7.5808e-02   0.0000e+00   2.6980e+02
20261015_21:00:00   2.4041e-01   6.1373e+01   1.6573e+01   6.4592e-02   0.0000e+00   2.6745e+02
20261016_00:00:00   2.0071e-01   5.2541e+01   1.6130e+01   2.1963e-02   0.0000e+00   2.6390e+02
20261016_03:00:00   1.7281e-01   4.6101e+01   1.5054e+01   5.9840e-04   0.0000e+00   2.5752e+02
20261016_06:00:00   1.7971e-01   4.7681e+01   1.4752e+01   1.1276e-02   3.2120e-04   2.5129e+02
20261016_09:00:00   2.4856e-01   6.3008e+01   1.5179e+01   8.9871e-02   2.4306e-03   2.5162e+02
20261016_12:00:00   3.1118e-01   7.6173e+01   1.5708e+01   1.5828e-01   0.0000e+00   2.5396e+02
20261016_15:00:00   3.2091e-01   7.8294e+01   1.7622e+01   1.5412e-01   8.6440e-04   2.5397e+02
20261016_18:00:00   2.7188e-01   6.8161e+01   2.2791e+01   5.4447e-02   8.1346e-03   2.5337e+02
20261016_21:00:00   3.0895e-01   7.5789e+01   2.6534e+01   6.8267e-02   2.4906e-02   2.5234e+02
20261017_00:00:00   2.9884e-01   7.3575e+01   3.0039e+01   2.4611e-02   6.4781e-02   2.5224e+02
20261017_03:00:00   2.8304e-01   7.0334e+01   3.0201e+01   4.8587e-03   5.0532e-02   2.5337e+02
20261017_06:00:00   2.7979e-01   6.9799e+01   2.6242e+01   3.9875e-02   3.6119e-04   2.5326e+02
20261017_09:00:00   2.5200e-01   6.3879e+01   2.4061e+01   2.7833e-02   3.9862e-04   2.5349e+02
20261017_12:00:00   2.4979e-01   6.3417e+01   2.4405e+01   2.0051e-02   3.1303e-03   2.5405e+02
20261017_15:00:00   3.6387e-01   8.6919e+01   2.6375e+01   1.3233e-01   1.3332e-04   2.5640e+02
20261017_18:00:00   3.0108e-01   7.4646e+01   2.5073e+01   6.8680e-02   0.0000e+00   2.5701e+02
20261017_21:00:00   3.4994e-01   8.4496e+01   2.4816e+01   1.2502e-01   6.8630e-04   2.5836e+02
20261018_00:00:00   5.3651e-01   1.1793e+02   2.5520e+01   3.3603e-01   8.9844e-04   2.5925e+02
20261018_03:00:00   5.1310e-01   1.1411e+02   2.5212e+01   3.1232e-01   3.8517e-03   2.5984e+02
20261018_06:00:00   2.5252e-01   6.4232e+01   2.2255e+01   3.5904e-02   1.1881e-03   2.6125e+02
20261018_09:00:00   7.2415e-01   1.4616e+02   2.4317e+01   5.7811e-01   1.5701e-02   2.6305e+02
20261018_12:00:00   1.0664e+00   1.8618e+02   3.1032e+01   9.2653e-01   2.4154e-01   2.6778e+02
20261018_15:00:00   1.3910e+00   2.1246e+02   2.9784e+01   1.2995e+00   3.6204e-04   2.7675e+02
20261018_18:00:00   9.7317e-01   1.7610e+02   2.6537e+01   8.3013e-01   7.7820e-07   2.8173e+02
20261018_21:00:00   1.1352e+00   1.9069e+02   2.0628e+01   1.0727e+00   6.4440e-06   2.8278e+02
20261019_00:00:00   7.2530e-01   1.4423e+02   1.6766e+01   6.1625e-01   1.6882e-05   2.8407e+02
20261019_03:00:00   3.8174e-01   8.8877e+01   1.0905e+01   2.7471e-01   1.0072e-04   2.8780e+02
20261019_06:00:00   1.8682e-01   4.8547e+01   6.4972e+00   9.5361e-02   1.5958e-04   2.8767e+02
20261019_09:00:00   9.2120e-02   2.6124e+01   5.1738e+00   0.0000e+00   1.0738e-06   2.8346e+02
20261019_12:00:00   9.5332e-02   2.6902e+01   5.8565e+00   0.0000e+00   1.0738e-06   2.8497e+02
20261019_15:00:00   9.7469e-02   2.7589e+01   6.3653e+00   0.0000e+00   0.0000e+00   2.8370e+02
20261019_18:00:00   9.9029e-02   2.8128e+01   6.6628e+00   0.0000e+00   0.0000e+00   2.8088e+02
20261019_21:00:00   1.0397e-01   2.9396e+01   7.2024e+00   0.0000e+00   0.0000e+00   2.7700e+02
20261020_00:00:00   9.9537e-02   2.8217e+01   6.2910e+00   0.0000e+00   0.0000e+00   2.7527e+02
20261020_03:00:00   9.9214e-02   2.8117e+01   6.2824e+00   0.0000e+00   0.0000e+00   2.7434e+02
20261020_06:00:00   1.0003e-01   2.8309e+01   6.5196e+00   0.0000e+00   0.0000e+00   2.7413e+02
20261020_09:00:00   9.0639e-02   2.5967e+01   5.3029e+00   0.0000e+00   0.0000e+00   2.7141e+02
20261020_12:00:00   1.0020e-01   2.8347e+01   6.7233e+00   0.0000e+00   0.0000e+00   2.7308e+02
20261020_15:00:00   1.0836e-01   3.0527e+01   7.9692e+00   0.0000e+00   0.0000e+00   2.7419e+02
20261020_18:00:00   1.2498e-01   3.4763e+01   9.9117e+00   0.0000e+00   0.0000e+00   2.7608e+02
20261020_21:00:00   1.2839e-01   3.5688e+01   1.0014e+01   0.0000e+00   0.0000e+00   2.7815e+02
20261021_00:00:00   1.6240e-01   4.3507e+01   1.4458e+01   0.0000e+00   0.0000e+00   2.8158e+02
20261021_03:00:00   1.8328e-01   4.8256e+01   1.6769e+01   0.0000e+00   0.0000e+00   2.8453e+02
20261021_06:00:00   1.7825e-01   4.7053e+01   1.6104e+01   0.0000e+00   0.0000e+00   2.8443e+02
20261021_09:00:00   1.6907e-01   4.4918e+01   1.5027e+01   0.0000e+00   0.0000e+00   2.8396e+02
20261021_12:00:00   1.6215e-01   4.3317e+01   1.3998e+01   0.0000e+00   0.0000e+00   2.8299e+02
20261021_15:00:00   1.5793e-01   4.2522e+01   1.3492e+01   4.8000e-06   0.0000e+00   2.7820e+02
20261021_18:00:00   1.7319e-01   4.6151e+01   1.4150e+01   1.1216e-02   0.0000e+00   2.7157e+02
20261021_21:00:00   1.5674e-01   4.2338e+01   1.3157e+01   1.6702e-04   0.0000e+00   2.7012e+02
20261022_00:00:00   1.3680e-01   3.7531e+01   1.0389e+01   0.0000e+00   4.9520e-04   2.6998e+02
20261022_03:00:00   1.3173e-01   3.6263e+01   9.8772e+00   0.0000e+00   9.6660e-04   2.6966e+02
20261022_06:00:00   1.2450e-01   3.4448e+01   9.3876e+00   0.0000e+00   5.6353e-03   2.6782e+02
