#            date       tau255        Tb[K]      pwv[mm] lwp[kg*m^-2] iwp[kg*m^-2]       o3[DU]
20260827_12:00:00   2.9487e-01   7.4148e+01   2.8750e+01   3.5440e-05   9.1467e-04   3.1580e+02
20260827_13:00:00   3.1063e-01   7.7525e+01   3.0610e+01   0.0000e+00   1.4510e-03   3.1525e+02
20260827_14:00:00   3.2240e-01   8.0011e+01   3.1946e+01   0.0000e+00   5.6717e-03   3.1547e+02
20260827_15:00:00   3.3907e-01   8.3366e+01   3.3938e+01   2.8960e-07   1.1411e-02   3.1534e+02
20260827_16:00:00   3.5525e-01   8.6673e+01   3.4487e+01   1.0712e-02   1.2212e-02   3.1477e+02
20260827_17:00:00   3.9238e-01   9.3930e+01   3.5486e+01   4.7288e-02   1.4224e-02   3.1239e+02
20260827_18:00:00   4.8801e-01   1.1138e+02   3.6343e+01   1.5872e-01   4.6545e-03   3.1299e+02
20260827_19:00:00   4.3429e-01   1.0177e+02   3.6595e+01   8.7440e-02   2.1482e-03   3.1282e+02
20260827_20:00:00   4.0014e-01   9.5455e+01   3.6611e+01   4.6527e-02   5.0559e-04   3.1235e+02
20260827_21:00:00   3.9175e-01   9.3915e+01   3.6572e+01   3.9780e-02   5.5135e-04   3.1342e+02
20260827_22:00:00   3.5558e-01   8.6836e+01   3.6623e+01   0.0000e+00   1.1585e-04   3.1436e+02
20260827_23:00:00   3.6530e-01   8.8613e+01   3.7638e+01   0.0000e+00   9.8672e-05   3.1345e+02
20260828_00:00:00   3.7405e-01   9.0256e+01   3.8171e+01   0.0000e+00   7.0610e-03   3.1239e+02
20260828_01:00:00   4.1788e-01   9.8285e+01   4.0801e+01   1.6396e-02   1.4160e-01   3.1151e+02
20260828_02:00:00   4.0889e-01   9.6837e+01   4.0971e+01   2.8029e-03   1.0174e-01   3.1226e+02
20260828_03:00:00   4.0369e-01   9.5883e+01   4.0676e+01   7.8856e-05   8.9475e-02   3.1381e+02
20260828_04:00:00   3.8283e-01   9.2002e+01   3.8956e+01   0.0000e+00   4.6474e-02   3.1501e+02
20260828_05:00:00   3.7437e-01   9.0407e+01   3.8098e+01   0.0000e+00   1.0073e-01   3.1691e+02
20260828_06:00:00   3.7908e-01   9.1340e+01   3.8362e+01   0.0000e+00   4.0612e-03   3.1595e+02
20260828_07:00:00   3.6634e-01   8.8926e+01   3.7037e+01   0.0000e+00   3.4176e-03   3.1502e+02
20260828_08:00:00   3.5114e-01   8.5935e+01   3.5629e+01   0.0000e+00   3.6824e-03   3.1144e+02
20260828_09:00:00   3.4835e-01   8.5392e+01   3.5166e+01   0.0000e+00   4.4286e-03   3.1049e+02
20260828_10:00:00   3.5888e-01   8.7368e+01   3.6093e+01   0.0000e+00   1.0228e-02   3.1123e+02
20260828_11:00:00   3.5943e-01   8.7471e+01   3.6096e+01   0.0000e+00   2.4594e-02   3.1168e+02
20260828_12:00:00   3.6675e-01   8.8897e+01   3.6658e+01   8.2272e-05   1.3647e-02   3.1147e+02
20260828_13:00:00   3.7578e-01   9.0699e+01   3.7292e+01   1.4046e-04   7.7100e-03   3.1100e+02
20260828_14:00:00   3.6972e-01   8.9623e+01   3.6845e+01   0.0000e+00   5.9094e-03   3.1256e+02
20260828_15:00:00   3.6509e-01   8.8783e+01   3.6320e+01   0.0000e+00   2.4300e-05   3.1267e+02
20260828_16:00:00   3.7189e-01   9.0098e+01   3.6905e+01   0.0000e+00   2.8960e-04   3.1332e+02
20260828_17:00:00   3.6901e-01   8.9655e+01   3.6179e+01   4.5187e-04   4.6338e-06   3.1284e+02
20260828_18:00:00   3.6562e-01   8.9021e+01   3.6110e+01   9.4039e-05   1.0450e-03   3.1295e+02
20260828_19:00:00   3.6670e-01   8.9279e+01   3.5774e+01   3.2634e-05   8.5400e-05   3.1107e+02
20260828_20:00:00   3.4409e-01   8.4937e+01   3.3023e+01   1.4176e-05   4.0515e-03   3.1110e+02
20260828_21:00:00   3.1157e-01   7.8453e+01   2.8996e+01   2.5880e-03   4.9666e-03   3.1162e+02
20260828_22:00:00   3.2886e-01   8.1985e+01   2.6938e+01   4.2221e-02   4.6300e-03   3.1215e+02
20260828_23:00:00   2.8197e-01   7.2125e+01   2.4360e+01   1.4368e-02   2.4616e-03   3.1233e+02
20260829_00:00:00   2.4668e-01   6.4337e+01   2.1839e+01   0.0000e+00   2.1075e-03   3.1251e+02
20260829_01:00:00   2.2382e-01   5.9085e+01   1.9274e+01   0.0000e+00   5.0872e-04   3.1495e+02
20260829_02:00:00   2.0329e-01   5.4280e+01   1.7302e+01   0.0000e+00   1.0196e-05   3.1597e+02
20260829_03:00:00   1.8774e-01   5.0548e+01   1.5843e+01   0.0000e+00   1.9582e-03   3.1551e+02
20260829_04:00:00   1.7689e-01   4.7883e+01   1.4866e+01   0.0000e+00   3.5822e-03   3.1776e+02
20260829_05:00:00   1.6899e-01   4.5947e+01   1.4052e+01   0.0000e+00   4.2817e-03   3.1796e+02
20260829_06:00:00   1.6152e-01   4.4099e+01   1.3273e+01   0.0000e+00   6.1037e-03   3.2082e+02
20260829_07:00:00   1.5081e-01   4.1491e+01   1.2015e+01   0.0000e+00   2.5118e-03   3.2183e+02
20260829_08:00:00   1.3950e-01   3.8713e+01   1.0565e+01   0.0000e+00   1.8879e-03   3.2366e+02
20260829_09:00:00   1.3058e-01   3.6485e+01   9.3877e+00   0.0000e+00   3.1340e-03   3.2399e+02
20260829_10:00:00   1.2586e-01   3.5314e+01   8.7084e+00   0.0000e+00   1.2699e-03   3.2731e+02
20260829_11:00:00   1.2530e-01   3.5171e+01   8.5806e+00   0.0000e+00   9.4344e-04   3.3058e+02
20260829_12:00:00   1.2452e-01   3.5017e+01   8.5151e+00   0.0000e+00   3.4756e-04   3.3216e+02
20260829_13:00:00   1.2695e-01   3.5645e+01   8.8287e+00   0.0000e+00   1.7376e-06   3.3388e+02
20260829_14:00:00   1.3139e-01   3.6774e+01   9.4238e+00   0.0000e+00   8.3140e-06   3.3192e+02
20260829_15:00:00   1.3168e-01   3.6894e+01   9.6263e+00   0.0000e+00   1.1584e-06   3.2946e+02
20260829_16:00:00   1.3735e-01   3.8315e+01   1.0351e+01   0.0000e+00   0.0000e+00   3.2771e+02
20260829_17:00:00   1.3674e-01   3.8218e+01   1.0393e+01   0.0000e+00   0.0000e+00   3.2802e+02
20260829_18:00:00   1.4356e-01   3.9890e+01   1.1330e+01   0.0000e+00   0.0000e+00   3.2675e+02
20260829_19:00:00   1.4518e-01   4.0311e+01   1.1710e+01   0.0000e+00   0.0000e+00   3.2373e+02
20260829_20:00:00   1.4695e-01   4.0747e+01   1.2094e+01   0.0000e+00   0.0000e+00   3.2273e+02
20260829_21:00:00   1.5016e-01   4.1510e+01   1.2637e+01   0.0000e+00   0.0000e+00   3.2331e+02
20260829_22:00:00   1.5589e-01   4.2863e+01   1.3428e+01   0.0000e+00   8.0740e-04   3.2273e+02
20260829_23:00:00   1.5983e-01   4.3791e+01   1.3820e+01   0.0000e+00   7.9337e-03   3.2361e+02
20260830_00:00:00   1.6327e-01   4.4560e+01   1.4358e+01   0.0000e+00   8.3557e-03   3.2521e+02
20260830_01:00:00   1.6728e-01   4.5466e+01   1.5054e+01   0.0000e+00   8.1261e-04   3.2552e+02
20260830_02:00:00   1.7277e-01   4.6732e+01   1.5779e+01   0.0000e+00   4.8262e-04   3.2376e+02
20260830_03:00:00   1.7865e-01   4.8112e+01   1.6678e+01   0.0000e+00   9.0363e-04   3.2195e+02
20260830_04:00:00   1.8584e-01   4.9803e+01   1.7743e+01   0.0000e+00   2.0075e-03   3.2188e+02
20260830_05:00:00   1.9642e-01   5.2212e+01   1.9082e+01   0.0000e+00   2.0018e-06   3.2199e+02
20260830_06:00:00   2.0485e-01   5.4129e+01   2.0110e+01   0.0000e+00   0.0000e+00   3.2342e+02
20260830_07:00:00   2.1480e-01   5.6371e+01   2.1234e+01   0.0000e+00   0.0000e+00   3.2352e+02
20260830_08:00:00   2.2741e-01   5.9228e+01   2.2686e+01   0.0000e+00   0.0000e+00   3.2640e+02
20260830_09:00:00   2.3645e-01   6.1216e+01   2.3766e+01   0.0000e+00   0.0000e+00   3.2636e+02
20260830_10:00:00   2.3967e-01   6.1966e+01   2.4179e+01   0.0000e+00   0.0000e+00   3.2580e+02
20260830_11:00:00   2.4555e-01   6.3257e+01   2.4964e+01   0.0000e+00   0.0000e+00   3.2619e+02
20260830_12:00:00   2.5444e-01   6.5170e+01   2.6123e+01   0.0000e+00   6.1820e-05   3.2490e+02
20260830_13:00:00   2.6709e-01   6.7886e+01   2.7723e+01   0.0000e+00   5.1216e-03   3.2445e+02
20260830_14:00:00   2.8548e-01   7.1797e+01   2.9812e+01   0.0000e+00   1.8229e-03   3.2396e+02
20260830_15:00:00   2.9175e-01   7.3219e+01   3.0436e+01   0.0000e+00   3.2318e-03   3.2305e+02
20260830_16:00:00   2.8572e-01   7.2078e+01   2.9900e+01   0.0000e+00   4.0518e-04   3.2365e+02
20260830_17:00:00   3.0490e-01   7.6029e+01   3.1447e+01   5.9378e-03   2.3230e-03   3.2308e+02
20260830_18:00:00   3.7252e-01   8.9111e+01   3.1763e+01   7.8829e-02   4.1524e-04   3.2132e+02
20260830_19:00:00   2.9342e-01   7.3881e+01   3.0514e+01   6.5389e-04   9.8006e-04   3.1999e+02
20260830_20:00:00   3.8704e-01   9.2089e+01   3.1887e+01   9.2624e-02   7.7634e-04   3.1734e+02
20260830_21:00:00   3.1314e-01   7.8128e+01   3.2435e+01   2.4061e-03   6.7021e-03   3.1675e+02
20260830_22:00:00   3.1844e-01   7.9136e+01   3.3723e+01   0.0000e+00   9.4689e-02   3.1671e+02
20260830_23:00:00   3.2721e-01   8.0737e+01   3.4191e+01   6.7938e-03   2.9460e-02   3.1702e+02
20260831_00:00:00   3.1693e-01   7.8597e+01   3.3797e+01   0.0000e+00   1.1614e-01   3.1594e+02
20260831_01:00:00   3.7469e-01   8.9650e+01   3.4132e+01   5.8348e-02   7.8388e-02   3.1663e+02
20260831_02:00:00   6.0961e-01   1.2867e+02   3.3152e+01   3.3068e-01   5.1473e-02   3.1567e+02
20260831_03:00:00   6.2166e-01   1.3050e+02   3.1543e+01   3.5614e-01   3.9876e-02   3.1464e+02
20260831_04:00:00   3.1874e-01   7.8949e+01   3.0691e+01   2.0080e-02   6.3147e-02   3.1527e+02
20260831_05:00:00   2.9031e-01   7.3112e+01   2.9737e+01   6.8260e-05   2.9930e-02   3.1629e+02
20260831_06:00:00   2.8241e-01   7.1435e+01   2.8784e+01   0.0000e+00   1.6019e-01   3.1619e+02
20260831_07:00:00   2.8560e-01   7.2057e+01   2.9183e+01   0.0000e+00   1.5570e-01   3.1619e+02
20260831_08:00:00   2.9757e-01   7.4544e+01   3.0280e+01   0.0000e+00   6.8736e-02   3.1600e+02
20260831_09:00:00   3.0161e-01   7.5352e+01   3.0847e+01   0.0000e+00   1.1981e-02   3.1686e+02
20260831_10:00:00   3.1912e-01   7.8775e+01   3.2273e+01   5.6840e-03   1.3369e-02   3.1734e+02
20260831_11:00:00   3.2830e-01   8.0485e+01   3.3423e+01   6.6124e-03   1.5452e-01   3.1547e+02
20260831_12:00:00   3.3310e-01   8.1387e+01   3.4416e+01   0.0000e+00   3.8982e-01   3.1600e+02
20260831_13:00:00   3.3551e-01   8.1966e+01   3.4398e+01   0.0000e+00   7.4742e-02   3.1908e+02
20260831_14:00:00   3.4526e-01   8.4005e+01   3.4037e+01   1.1506e-02   2.1432e-02   3.2203e+02
20260831_15:00:00   4.3719e-01   1.0100e+02   3.5783e+01   9.4367e-02   1.2042e-03   3.2138e+02
20260831_16:00:00   4.7156e-01   1.0695e+02   3.7116e+01   1.2381e-01   1.0126e-01   3.1804e+02
20260831_17:00:00   7.3384e-01   1.4615e+02   3.7058e+01   4.2031e-01   7.5820e-02   3.1790e+02
20260831_18:00:00   1.0237e+00   1.7860e+02   3.7546e+01   7.3689e-01   8.8370e-03   3.1763e+02
20260831_19:00:00   1.3064e+00   2.0308e+02   3.8162e+01   1.0507e+00   1.0582e-02   3.1704e+02
20260831_20:00:00   1.4039e+00   2.1091e+02   3.7534e+01   1.1714e+00   1.4094e-03   3.1465e+02
20260831_21:00:00   1.1243e+00   1.9007e+02   3.6915e+01   8.6561e-01   4.0319e-04   3.1176e+02
20260831_22:00:00   1.0519e+00   1.8288e+02   3.9589e+01   7.5466e-01   1.8523e-01   3.1055e+02
20260831_23:00:00   8.3315e-01   1.5896e+02   3.7270e+01   5.1480e-01   3.0774e-04   3.0964e+02
20260901_00:00:00   6.1821e-01   1.3096e+02   3.7149e+01   2.7645e-01   6.7861e-03   3.0775e+02
20260901_01:00:00   4.9298e-01   1.1133e+02   3.6416e+01   1.4092e-01   1.9046e-02   3.0717e+02
20260901_02:00:00   7.8847e-01   1.5462e+02   3.6919e+01   4.8182e-01   2.0405e-02   3.0650e+02
20260901_03:00:00   7.4363e-01   1.4967e+02   3.7560e+01   4.3413e-01   4.2981e-02   3.0629e+02
20260901_04:00:00   9.9746e-01   1.7911e+02   3.8797e+01   7.1932e-01   5.9225e-02   3.0587e+02
20260901_05:00:00   7.6536e-01   1.5257e+02   3.9475e+01   4.4379e-01   9.1046e-02   3.0451e+02
20260901_06:00:00   1.0070e+00   1.8068e+02   4.0895e+01   7.2240e-01   5.1757e-02   3.0128e+02
20260901_07:00:00   1.0164e+00   1.8125e+02   4.2693e+01   7.1419e-01   3.2002e-01   2.9954e+02
20260901_08:00:00   1.5335e+00   2.2268e+02   4.5144e+01   1.3130e+00   3.6959e-01   2.9853e+02
20260901_09:00:00   1.6925e+00   2.3117e+02   4.6401e+01   1.4780e+00   4.0608e-01   2.9621e+02
20260901_10:00:00   1.6407e+00   2.2784e+02   4.6217e+01   1.4085e+00   5.3236e-01   2.9680e+02
20260901_11:00:00   1.1848e+00   1.9658e+02   4.6028e+01   8.7763e-01   7.7179e-01   2.9601e+02
20260901_12:00:00   9.0612e-01   1.6940e+02   4.4880e+01   5.6752e-01   1.9596e-01   2.9451e+02
20260901_15:00:00   1.2176e+00   2.0107e+02   4.3304e+01   9.8156e-01   2.2891e-02   2.9672e+02
20260901_18:00:00   1.7717e+00   2.3323e+02   4.3036e+01   1.5815e+00   1.4377e-01   3.0272e+02
20260901_21:00:00   1.7112e+00   2.2912e+02   3.9395e+01   1.5269e+00   1.2195e-02   3.0285e+02
20260902_00:00:00   9.6436e-01   1.7492e+02   3.4264e+01   7.2271e-01   0.0000e+00   3.0577e+02
20260902_03:00:00   3.9930e-01   9.4531e+01   3.1311e+01   8.3152e-02   0.0000e+00   3.0681e+02
20260902_06:00:00   3.5232e-01   8.5297e+01   3.0905e+01   3.3573e-02   0.0000e+00   3.0610e+02
20260902_09:00:00   4.1338e-01   9.6925e+01   2.7471e+01   1.3749e-01   3.2537e-03   3.0146e+02
20260902_12:00:00   3.9357e-01   9.3196e+01   2.6348e+01   1.2790e-01   3.8186e-02   3.0179e+02
20260902_15:00:00   3.1242e-01   7.7443e+01   2.6179e+01   3.6805e-02   3.7486e-03   3.0149e+02
20260902_18:00:00   3.9143e-01   9.3308e+01   2.8299e+01   1.1652e-01   1.4724e-03   3.0144e+02
20260902_21:00:00   5.5015e-01   1.2127e+02   3.2189e+01   2.7842e-01   4.3773e-04   3.0278e+02
20260903_00:00:00   5.5639e-01   1.2211e+02   3.9700e+01   2.2329e-01   1.0933e-01   3.0001e+02
20260903_03:00:00   4.0519e-01   9.5610e+01   4.0360e+01   2.8458e-02   3.1242e-02   3.0206e+02
20260903_06:00:00   1.0203e+00   1.7859e+02   4.4566e+01   6.7025e-01   5.7780e-01   2.9599e+02
20260903_09:00:00   6.0190e-01   1.2858e+02   4.4945e+01   1.9425e-01   7.3294e-01   2.9743e+02
20260903_12:00:00   6.0769e-01   1.3022e+02   4.5372e+01   1.9839e-01   1.7926e-01   2.9855e+02
20260903_15:00:00   8.3315e-01   1.6398e+02   4.1220e+01   5.3067e-01   1.4600e-05   3.0877e+02
20260903_18:00:00   1.0691e+00   1.9060e+02   3.8615e+01   8.4738e-01   5.6960e-04   3.0635e+02
20260903_21:00:00   4.0883e-01   9.8428e+01   3.1312e+01   8.1861e-02   2.1900e-02   3.0339e+02
20260904_00:00:00   2.9174e-01   7.4514e+01   2.6985e+01   3.0700e-04   9.2384e-03   3.0277e+02
20260904_03:00:00   2.7652e-01   7.0932e+01   2.6441e+01   0.0000e+00   2.1533e-02   3.0136e+02
20260904_06:00:00   2.7850e-01   7.1075e+01   2.7181e+01   0.0000e+00   7.0984e-03   2.9713e+02
20260904_09:00:00   2.7534e-01   7.0181e+01   2.7886e+01   0.0000e+00   4.8440e-03   2.9499e+02
20260904_12:00:00   2.5112e-01   6.4927e+01   2.5156e+01   5.5860e-06   2.3119e-04   2.9434e+02
20260904_15:00:00   2.7083e-01   6.9090e+01   2.8456e+01   0.0000e+00   1.1112e-02   2.9305e+02
20260904_18:00:00   3.0198e-01   7.5863e+01   3.2635e+01   0.0000e+00   3.8947e-03   2.9150e+02
20260904_21:00:00   3.4262e-01   8.4105e+01   3.7630e+01   0.0000e+00   3.6548e-03   2.8956e+02
20260905_00:00:00   5.3053e-01   1.1733e+02   4.4505e+01   1.3108e-01   8.6912e-02   2.8883e+02
20260905_03:00:00   5.1913e-01   1.1585e+02   3.8288e+01   1.5513e-01   2.7150e-03   2.9072e+02
20260905_06:00:00   4.2557e-01   1.0041e+02   3.2983e+01   9.5018e-02   3.5530e-03   2.9929e+02
20260905_09:00:00   4.4390e-01   1.0390e+02   3.1901e+01   1.2339e-01   7.8308e-05   3.0572e+02
20260905_12:00:00   6.7903e-01   1.4165e+02   3.2378e+01   4.0470e-01   3.3681e-04   3.0852e+02
20260905_15:00:00   8.3269e-01   1.6157e+02   3.2111e+01   5.9033e-01   0.0000e+00   3.1314e+02
20260905_18:00:00   5.5682e-01   1.2287e+02   3.2563e+01   2.6029e-01   0.0000e+00   3.1494e+02
20260905_21:00:00   3.8758e-01   9.2822e+01   3.1446e+01   6.4593e-02   0.0000e+00   3.1355e+02
20260906_00:00:00   3.3325e-01   8.1999e+01   3.0684e+01   5.9380e-03   0.0000e+00   3.1375e+02
20260906_03:00:00   3.0475e-01   7.6147e+01   2.7651e+01   6.4360e-04   0.0000e+00   3.1710e+02
20260906_06:00:00   2.8577e-01   7.2043e+01   2.5396e+01   4.1620e-03   0.0000e+00   3.1681e+02
20260906_09:00:00   4.3149e-01   1.0019e+02   2.4741e+01   1.8399e-01   0.0000e+00   3.1880e+02
20260906_12:00:00   5.2910e-01   1.1674e+02   2.4691e+01   3.0261e-01   0.0000e+00   3.2299e+02
20260906_15:00:00   2.7535e-01   6.9667e+01   2.3747e+01   1.5530e-02   0.0000e+00   3.3085e+02
20260906_18:00:00   3.2308e-01   7.9404e+01   2.5194e+01   5.9940e-02   0.0000e+00   3.3033e+02
20260906_21:00:00   3.8900e-01   9.2241e+01   2.4798e+01   1.4100e-01   1.1584e-07   3.3141e+02
20260907_00:00:00   2.5404e-01   6.5261e+01   2.2733e+01   8.0060e-07   0.0000e+00   3.3409e+02
20260907_03:00:00   2.3667e-01   6.1261e+01   2.0105e+01   7.3840e-03   0.0000e+00   3.3267e+02
20260907_06:00:00   2.0190e-01   5.3391e+01   1.7446e+01   0.0000e+00   0.0000e+00   3.3911e+02
20260907_09:00:00   2.0236e-01   5.3303e+01   1.8167e+01   0.0000e+00   1.2095e-05   3.3264e+02
20260907_12:00:00   1.7712e-01   4.7541e+01   1.5149e+01   0.0000e+00   7.9940e-04   3.3612e+02
20260907_15:00:00   1.5426e-01   4.2135e+01   1.3545e+01   0.0000e+00   9.6420e-04   3.3042e+02
20260907_18:00:00   1.8775e-01   4.9975e+01   1.8493e+01   0.0000e+00   0.0000e+00   3.3011e+02
20260907_21:00:00   2.1978e-01   5.7380e+01   2.2153e+01   0.0000e+00   0.0000e+00   3.2838e+02
20260908_00:00:00   2.4561e-01   6.3134e+01   2.4535e+01   0.0000e+00   0.0000e+00   3.2472e+02
20260908_03:00:00   2.2684e-01   5.8992e+01   2.2236e+01   0.0000e+00   3.1560e-05   3.2002e+02
20260908_06:00:00   2.7379e-01   6.9192e+01   2.1472e+01   5.5102e-02   8.0060e-07   3.1511e+02
20260908_09:00:00   2.9170e-01   7.2988e+01   2.3206e+01   5.4200e-02   0.0000e+00   3.1209e+02
20260908_12:00:00   2.2523e-01   5.8751e+01   1.9009e+01   9.6945e-03   0.0000e+00   3.0961e+02
20260908_15:00:00   2.6907e-01   6.8459e+01   1.9280e+01   5.5635e-02   0.0000e+00   3.0902e+02
20260908_18:00:00   2.2498e-01   5.9032e+01   1.9103e+01   1.0674e-02   0.0000e+00   3.0652e+02
20260908_21:00:00   2.1952e-01   5.7987e+01   1.9669e+01   2.7300e-05   0.0000e+00   3.0484e+02
20260909_00:00:00   2.4041e-01   6.2458e+01   2.2354e+01   0.0000e+00   2.3103e-03   3.0557e+02
20260909_03:00:00   2.4918e-01   6.4204e+01   2.3685e+01   0.0000e+00   1.1088e-02   3.0403e+02
20260909_06:00:00   2.5003e-01   6.4255e+01   2.3999e+01   0.0000e+00   3.5546e-03   2.9869e+02
20260909_09:00:00   2.5046e-01   6.4308e+01   2.3984e+01   0.0000e+00   3.6581e-03   2.9424e+02
20260909_12:00:00   2.4901e-01   6.4023e+01   2.4273e+01   0.0000e+00   2.0057e-02   2.9770e+02
20260909_15:00:00   2.6744e-01   6.7940e+01   2.7175e+01   0.0000e+00   2.3361e-01   2.9530e+02
20260909_18:00:00   3.1237e-01   7.7415e+01   3.0373e+01   2.3274e-02   5.1874e-02   2.9534e+02
20260909_21:00:00   7.1132e-01   1.4233e+02   3.2773e+01   4.4244e-01   2.1465e-01   2.9838e+02
20260910_00:00:00   7.3721e-01   1.4581e+02   3.4095e+01   4.4991e-01   7.1124e-02   3.0512e+02
20260910_03:00:00   3.0696e-01   7.6140e+01   3.0054e+01   1.3332e-04   5.5505e-04   3.0700e+02
20260910_06:00:00   2.9803e-01   7.4348e+01   2.8592e+01   0.0000e+00   0.0000e+00   3.0627e+02
20260910_09:00:00   2.8769e-01   7.2215e+01   2.7336e+01   0.0000e+00   0.0000e+00   3.1174e+02
20260910_12:00:00   2.7532e-01   6.9718e+01   2.5637e+01   0.0000e+00   0.0000e+00   3.1202e+02
20260910_15:00:00   2.9574e-01   7.4407e+01   2.4225e+01   3.6560e-02   0.0000e+00   3.0156e+02
20260910_18:00:00   5.4518e-01   1.2051e+02   2.4222e+01   3.3480e-01   0.0000e+00   2.9825e+02
20260910_21:00:00   3.6170e-01   8.7722e+01   2.4445e+01   1.1248e-01   0.0000e+00   2.9471e+02
20260911_00:00:00   4.9003e-01   1.1092e+02   2.5111e+01   2.5540e-01   0.0000e+00   2.9246e+02
20260911_03:00:00   2.7894e-01   7.1054e+01   2.5180e+01   3.1220e-03   0.0000e+00   2.8994e+02
20260911_06:00:00   2.7865e-01   7.0943e+01   2.6078e+01   0.0000e+00   0.0000e+00   2.8574e+02
20260911_09:00:00   2.9472e-01   7.4308e+01   2.8523e+01   0.0000e+00   5.1615e-05   2.8419e+02
20260911_12:00:00   3.7269e-01   8.9780e+01   3.5408e+01   1.8650e-02   0.0000e+00   2.8439e+02
20260911_15:00:00   3.2803e-01   8.1587e+01   3.0894e+01   5.1280e-06   0.0000e+00   2.8855e+02
20260911_18:00:00   4.0374e-01   9.6920e+01   2.9613e+01   1.0688e-01   0.0000e+00   2.9181e+02
20260911_21:00:00   3.3630e-01   8.3707e+01   2.8710e+01   3.5061e-02   0.0000e+00   2.9640e+02
20260912_00:00:00   2.5278e-01   6.5883e+01   2.2418e+01   0.0000e+00   1.5256e-03   2.9807e+02
20260912_03:00:00   1.7970e-01   4.8692e+01   1.4675e+01   0.0000e+00   7.4916e-03   2.9820e+02
20260912_06:00:00   1.3877e-01   3.8600e+01   1.0610e+01   0.0000e+00   4.7788e-03   2.9426e+02
20260912_09:00:00   1.3891e-01   3.8440e+01   1.0814e+01   0.0000e+00   5.3286e-03   2.9252e+02
20260912_12:00:00   1.4561e-01   3.9912e+01   1.2373e+01   0.0000e+00   1.0031e-02   2.9069e+02
