#            date       tau255        Tb[K]      pwv[mm] lwp[kg*m^-2] iwp[kg*m^-2]       o3[DU]
20260928_18:00:00   1.6169e+00   2.2255e+02   3.3194e+01   1.4757e+00   2.0838e-01   2.9493e+02
20260928_19:00:00   1.8653e+00   2.3524e+02   3.3526e+01   1.7582e+00   5.8122e-02   2.9606e+02
20260928_20:00:00   1.7816e+00   2.3226e+02   3.2811e+01   1.6831e+00   6.9348e-02   2.9859e+02
20260928_21:00:00   1.6524e+00   2.2624e+02   3.2322e+01   1.5483e+00   1.2737e-01   2.9988e+02
20260928_22:00:00   1.7866e+00   2.3079e+02   3.3508e+01   1.6612e+00   4.6446e-01   2.9851e+02
20260928_23:00:00   1.3188e+00   2.0360e+02   3.2893e+01   1.1342e+00   3.8517e-01   2.9853e+02
20260929_00:00:00   1.1595e+00   1.9168e+02   3.2057e+01   9.6825e-01   1.0226e-01   2.9951e+02
20260929_01:00:00   1.3228e+00   2.0521e+02   3.1876e+01   1.1650e+00   6.1717e-02   2.9971e+02
20260929_02:00:00   1.2780e+00   2.0206e+02   3.1854e+01   1.1160e+00   7.4176e-03   2.9901e+02
20260929_03:00:00   1.1170e+00   1.8938e+02   3.1371e+01   9.4530e-01   5.3984e-04   2.9778e+02
20260929_04:00:00   1.1092e+00   1.8873e+02   3.1004e+01   9.3972e-01   7.2590e-05   2.9696e+02
20260929_05:00:00   9.1863e-01   1.6931e+02   3.1018e+01   7.1218e-01   4.9640e-06   2.9750e+02
20260929_06:00:00   8.1969e-01   1.5771e+02   3.1097e+01   5.9317e-01   1.3356e-06   2.9708e+02
20260929_07:00:00   5.3877e-01   1.1807e+02   3.0752e+01   2.6606e-01   0.0000e+00   2.9660e+02
20260929_08:00:00   5.0215e-01   1.1199e+02   3.0574e+01   2.2492e-01   0.0000e+00   2.9446e+02
20260929_09:00:00   5.3215e-01   1.1695e+02   3.0583e+01   2.6001e-01   0.0000e+00   2.9366e+02
20260929_10:00:00   5.9331e-01   1.2669e+02   3.0695e+01   3.3040e-01   0.0000e+00   2.9431e+02
20260929_11:00:00   5.0783e-01   1.1291e+02   3.0992e+01   2.2479e-01   0.0000e+00   2.9491e+02
20260929_12:00:00   4.5770e-01   1.0434e+02   3.0961e+01   1.6524e-01   3.2020e-07   2.9714e+02
20260929_13:00:00   4.0834e-01   9.5363e+01   3.1400e+01   1.0047e-01   1.2810e-06   2.9819e+02
20260929_14:00:00   4.3585e-01   1.0025e+02   3.1758e+01   1.2784e-01   7.7800e-05   2.9991e+02
20260929_15:00:00   3.5252e-01   8.4734e+01   3.1514e+01   3.4621e-02   2.2300e-05   2.9937e+02
20260929_16:00:00   3.3896e-01   8.2215e+01   3.1187e+01   2.4460e-02   6.4040e-07   2.9930e+02
20260929_17:00:00   3.2553e-01   7.9605e+01   3.0859e+01   1.2643e-02   5.0620e-06   3.0045e+02
20260929_18:00:00   3.3052e-01   8.0660e+01   3.0740e+01   1.9829e-02   3.2020e-07   3.0221e+02
20260929_19:00:00   3.3090e-01   8.0746e+01   3.0552e+01   2.3345e-02   0.0000e+00   3.0277e+02
20260929_20:00:00   3.3456e-01   8.1511e+01   2.9770e+01   3.5752e-02   0.0000e+00   2.9879e+02
20260929_21:00:00   3.2900e-01   8.0399e+01   2.9087e+01   3.5306e-02   0.0000e+00   2.9586e+02
20260929_22:00:00   3.0835e-01   7.6137e+01   2.8823e+01   1.2769e-02   0.0000e+00   2.9340e+02
20260929_23:00:00   3.0511e-01   7.5411e+01   2.8455e+01   1.1756e-02   0.0000e+00   2.9120e+02
20260930_00:00:00   3.3200e-01   8.0866e+01   2.8385e+01   4.5080e-02   0.0000e+00   2.8729e+02
20260930_01:00:00   3.3690e-01   8.1839e+01   2.8122e+01   5.3899e-02   0.0000e+00   2.8784e+02
20260930_02:00:00   3.4970e-01   8.4404e+01   2.8006e+01   7.0894e-02   0.0000e+00   2.8678e+02
20260930_03:00:00   3.7522e-01   8.9384e+01   2.7998e+01   1.0088e-01   0.0000e+00   2.8469e+02
20260930_04:00:00   3.5070e-01   8.4657e+01   2.7628e+01   7.3853e-02   0.0000e+00   2.8436e+02
20260930_05:00:00   3.0938e-01   7.6413e+01   2.7032e+01   2.9110e-02   0.0000e+00   2.8397e+02
20260930_06:00:00   2.9640e-01   7.3799e+01   2.6239e+01   1.9839e-02   0.0000e+00   2.8305e+02
20260930_07:00:00   2.8844e-01   7.2155e+01   2.5728e+01   1.3987e-02   0.0000e+00   2.8370e+02
20260930_08:00:00   2.8495e-01   7.1421e+01   2.5342e+01   1.2516e-02   0.0000e+00   2.8440e+02
20260930_09:00:00   2.6431e-01   6.7157e+01   2.4151e+01   1.4552e-03   0.0000e+00   2.8509e+02
20260930_10:00:00   2.5433e-01   6.5050e+01   2.3094e+01   2.3432e-04   0.0000e+00   2.8481e+02
20260930_11:00:00   2.5150e-01   6.4392e+01   2.2756e+01   3.6060e-05   0.0000e+00   2.8483e+02
20260930_12:00:00   2.4469e-01   6.2916e+01   2.1970e+01   0.0000e+00   1.1502e-04   2.8362e+02
20260930_13:00:00   2.3582e-01   6.1059e+01   2.1194e+01   0.0000e+00   1.4706e-04   2.8277e+02
20260930_14:00:00   2.2735e-01   5.9301e+01   2.0257e+01   0.0000e+00   9.9416e-03   2.8079e+02
20260930_15:00:00   2.2924e-01   5.9748e+01   2.0456e+01   0.0000e+00   3.6412e-03   2.8110e+02
20260930_16:00:00   2.2575e-01   5.9042e+01   2.0270e+01   1.9338e-05   7.5464e-03   2.8151e+02
20260930_17:00:00   2.2711e-01   5.9360e+01   2.0319e+01   1.6208e-03   1.7015e-01   2.8130e+02
20260930_18:00:00   2.2419e-01   5.8690e+01   2.0342e+01   1.5458e-04   1.8980e-01   2.8169e+02
20260930_19:00:00   2.2036e-01   5.7781e+01   2.0530e+01   0.0000e+00   1.0305e-01   2.8374e+02
20260930_20:00:00   2.0875e-01   5.5168e+01   1.9591e+01   0.0000e+00   1.5140e-02   2.8322e+02
20260930_21:00:00   2.1045e-01   5.5457e+01   2.0228e+01   0.0000e+00   1.9163e-01   2.8414e+02
20260930_22:00:00   2.1445e-01   5.6380e+01   2.0718e+01   0.0000e+00   8.4144e-02   2.8389e+02
20260930_23:00:00   2.2531e-01   5.8708e+01   2.2431e+01   0.0000e+00   1.8722e-01   2.8313e+02
20261001_00:00:00   2.3742e-01   6.1308e+01   2.4442e+01   0.0000e+00   6.7007e-02   2.8317e+02
20261001_01:00:00   2.5847e-01   6.5708e+01   2.7404e+01   3.8280e-04   2.3668e-01   2.8221e+02
20261001_02:00:00   2.7126e-01   6.8357e+01   2.8695e+01   8.5160e-04   2.9928e-01   2.8396e+02
20261001_03:00:00   2.6856e-01   6.7731e+01   2.8692e+01   0.0000e+00   3.4191e-01   2.8342e+02
20261001_04:00:00   2.8657e-01   7.1446e+01   3.0592e+01   1.4084e-03   2.9796e-01   2.8226e+02
20261001_05:00:00   3.0537e-01   7.5269e+01   3.1285e+01   1.5363e-02   3.4887e-01   2.8040e+02
20261001_06:00:00   4.0739e-01   9.4699e+01   3.2515e+01   1.1530e-01   5.5624e-01   2.8066e+02
20261001_07:00:00   3.6884e-01   8.7727e+01   3.3007e+01   6.8926e-02   3.3025e-01   2.7967e+02
20261001_08:00:00   2.8857e-01   7.1981e+01   3.1089e+01   5.2983e-06   3.0221e-01   2.7949e+02
20261001_09:00:00   2.6956e-01   6.8040e+01   2.8838e+01   0.0000e+00   2.6006e-01   2.8144e+02
20261001_10:00:00   2.8119e-01   7.0571e+01   2.9392e+01   5.8140e-03   2.2764e-02   2.7977e+02
20261001_11:00:00   2.8337e-01   7.1113e+01   3.0127e+01   0.0000e+00   3.4774e-02   2.7798e+02
20261001_12:00:00   2.8020e-01   7.0523e+01   2.9710e+01   0.0000e+00   1.0771e-02   2.7756e+02
20261001_13:00:00   2.7557e-01   6.9629e+01   2.9326e+01   0.0000e+00   3.5111e-03   2.7686e+02
20261001_14:00:00   2.8044e-01   7.0686e+01   3.0185e+01   0.0000e+00   1.7166e-02   2.7425e+02
20261001_15:00:00   2.9209e-01   7.3121e+01   3.1784e+01   6.6960e-05   2.9864e-02   2.7341e+02
20261001_16:00:00   6.2095e-01   1.2979e+02   3.4396e+01   3.4777e-01   5.3738e-02   2.7189e+02
20261001_17:00:00   3.6101e-01   8.6846e+01   3.5720e+01   3.7540e-02   7.6453e-02   2.7070e+02
20261001_18:00:00   3.4658e-01   8.4295e+01   3.7680e+01   2.8360e-05   1.2974e-02   2.6956e+02
20261001_19:00:00   6.9324e-01   1.4070e+02   4.0296e+01   3.6273e-01   8.0249e-04   2.6782e+02
20261001_20:00:00   7.2063e-01   1.4495e+02   3.7966e+01   4.2924e-01   1.6221e-02   2.6719e+02
20261001_21:00:00   7.0512e-01   1.4227e+02   3.9871e+01   3.8363e-01   2.3515e-02   2.6869e+02
20261001_22:00:00   7.6556e-01   1.5002e+02   3.9878e+01   4.5283e-01   3.9017e-02   2.6882e+02
20261001_23:00:00   7.3225e-01   1.4621e+02   4.1111e+01   4.0455e-01   6.3847e-02   2.6980e+02
20261002_00:00:00   5.8691e-01   1.2558e+02   4.0375e+01   2.4851e-01   5.2043e-02   2.7081e+02
20261002_01:00:00   3.6451e-01   8.7982e+01   3.8265e+01   2.2479e-02   1.1577e-02   2.6991e+02
20261002_02:00:00   3.5170e-01   8.5724e+01   3.8666e+01   3.0229e-03   1.2338e-02   2.6864e+02
20261002_03:00:00   3.6269e-01   8.7949e+01   4.0012e+01   3.9039e-05   9.6066e-03   2.6739e+02
20261002_04:00:00   3.4820e-01   8.5161e+01   3.8728e+01   0.0000e+00   2.8168e-02   2.6667e+02
20261002_05:00:00   3.5621e-01   8.6836e+01   3.9323e+01   2.8820e-05   6.4994e-03   2.6632e+02
20261002_06:00:00   3.5466e-01   8.6662e+01   3.8603e+01   3.0760e-05   3.5678e-03   2.6683e+02
20261002_07:00:00   3.4700e-01   8.5176e+01   3.7883e+01   0.0000e+00   7.7742e-03   2.6684e+02
20261002_08:00:00   3.3917e-01   8.3592e+01   3.7050e+01   0.0000e+00   1.0596e-02   2.6741e+02
20261002_09:00:00   3.3467e-01   8.2794e+01   3.6077e+01   0.0000e+00   7.6350e-03   2.6757e+02
20261002_10:00:00   3.2700e-01   8.1264e+01   3.5348e+01   0.0000e+00   5.1659e-03   2.6831e+02
20261002_11:00:00   3.5616e-01   8.7010e+01   3.8264e+01   0.0000e+00   2.1032e-02   2.6757e+02
20261002_12:00:00   4.5680e-01   1.0540e+02   3.9257e+01   9.7960e-02   2.1469e-03   2.6694e+02
20261002_13:00:00   3.6651e-01   8.9119e+01   3.8352e+01   1.6912e-03   2.6181e-03   2.6768e+02
20261002_14:00:00   3.7543e-01   9.0844e+01   3.6800e+01   2.5912e-02   5.6277e-03   2.6869e+02
20261002_15:00:00   5.4626e-01   1.2014e+02   3.6920e+01   2.1300e-01   4.3357e-04   2.6945e+02
20261002_16:00:00   3.4485e-01   8.5110e+01   3.4809e+01   1.6812e-05   3.5860e-04   2.6945e+02
20261002_17:00:00   3.3751e-01   8.3796e+01   3.3481e+01   7.9480e-05   7.9200e-05   2.7047e+02
20261002_18:00:00   3.4949e-01   8.6222e+01   3.4020e+01   1.0036e-02   7.4780e-05   2.7166e+02
20261002_19:00:00   5.3305e-01   1.1907e+02   3.8880e+01   1.7301e-01   3.9360e-05   2.7188e+02
20261002_20:00:00   1.6886e+00   2.3044e+02   4.1286e+01   1.4873e+00   3.5856e-04   2.7150e+02
20261002_21:00:00   1.0896e+00   1.8692e+02   4.0828e+01   7.8411e-01   4.2142e-03   2.7260e+02
20261002_22:00:00   5.4011e-01   1.1895e+02   3.8330e+01   1.8710e-01   1.3760e-03   2.7364e+02
20261002_23:00:00   4.8402e-01   1.0898e+02   3.5957e+01   1.5322e-01   1.0274e-02   2.7436e+02
20261003_00:00:00   4.4459e-01   1.0206e+02   3.4904e+01   1.2416e-01   4.4713e-03   2.7420e+02
20261003_01:00:00   3.1379e-01   7.7319e+01   3.2087e+01   1.2864e-02   9.0064e-03   2.7235e+02
20261003_02:00:00   2.9429e-01   7.3066e+01   2.9591e+01   1.7302e-02   7.4015e-02   2.7268e+02
20261003_03:00:00   2.9695e-01   7.3338e+01   2.5984e+01   5.2621e-02   7.1139e-02   2.7509e+02
20261003_04:00:00   3.3967e-01   8.1626e+01   2.4048e+01   1.1056e-01   3.0332e-02   2.7641e+02
20261003_05:00:00   2.6297e-01   6.6477e+01   2.3792e+01   2.0343e-02   4.2160e-03   2.7616e+02
20261003_06:00:00   2.2374e-01   5.8052e+01   2.1313e+01   0.0000e+00   1.6456e-04   2.7733e+02
20261003_07:00:00   2.0923e-01   5.4701e+01   2.0026e+01   0.0000e+00   0.0000e+00   2.7857e+02
20261003_08:00:00   1.9772e-01   5.2114e+01   1.8627e+01   0.0000e+00   0.0000e+00   2.7764e+02
20261003_09:00:00   1.9237e-01   5.0824e+01   1.8041e+01   0.0000e+00   0.0000e+00   2.7881e+02
20261003_10:00:00   1.8881e-01   4.9888e+01   1.7796e+01   0.0000e+00   0.0000e+00   2.7788e+02
20261003_11:00:00   1.8444e-01   4.8780e+01   1.7162e+01   0.0000e+00   0.0000e+00   2.7761e+02
20261003_12:00:00   1.6968e-01   4.5301e+01   1.5409e+01   0.0000e+00   0.0000e+00   2.7702e+02
20261003_13:00:00   1.5372e-01   4.1525e+01   1.3417e+01   0.0000e+00   0.0000e+00   2.7800e+02
20261003_14:00:00   1.4430e-01   3.9289e+01   1.2194e+01   0.0000e+00   0.0000e+00   2.7745e+02
20261003_15:00:00   1.3718e-01   3.7597e+01   1.1331e+01   0.0000e+00   0.0000e+00   2.7814e+02
20261003_16:00:00   1.3197e-01   3.6355e+01   1.0732e+01   0.0000e+00   0.0000e+00   2.7965e+02
20261003_17:00:00   1.3855e-01   3.7942e+01   1.1534e+01   0.0000e+00   0.0000e+00   2.8078e+02
20261003_18:00:00   1.3916e-01   3.8118e+01   1.1522e+01   0.0000e+00   0.0000e+00   2.8096e+02
20261003_21:00:00   1.3470e-01   3.7133e+01   1.0604e+01   0.0000e+00   4.8840e-05   2.8365e+02
20261004_00:00:00   1.3918e-01   3.8167e+01   1.1160e+01   0.0000e+00   0.0000e+00   2.8650e+02
20261004_03:00:00   1.5971e-01   4.3012e+01   1.3405e+01   0.0000e+00   0.0000e+00   2.8821e+02
20261004_06:00:00   1.5636e-01   4.2165e+01   1.3081e+01   0.0000e+00   0.0000e+00   2.9393e+02
20261004_09:00:00   1.6261e-01   4.3622e+01   1.4015e+01   0.0000e+00   8.2000e-03   2.9376e+02
20261004_12:00:00   1.7269e-01   4.5982e+01   1.5537e+01   0.0000e+00   3.2158e-02   2.9363e+02
20261004_15:00:00   2.0793e-01   5.3938e+01   2.0383e+01   0.0000e+00   1.1398e-01   2.9429e+02
20261004_18:00:00   3.4498e-01   8.2098e+01   2.8030e+01   8.9285e-02   4.2164e-01   2.9338e+02
20261004_21:00:00   1.0645e+00   1.8277e+02   3.7375e+01   8.0601e-01   8.8910e-01   2.8273e+02
20261005_00:00:00   1.2912e+00   2.0297e+02   3.9819e+01   1.0463e+00   7.4672e-01   2.8297e+02
20261005_03:00:00   1.1849e+00   1.9646e+02   3.3201e+01   1.0057e+00   3.1327e-02   2.9074e+02
20261005_06:00:00   4.3022e-01   1.0037e+02   2.1353e+01   2.2084e-01   0.0000e+00   2.9170e+02
20261005_09:00:00   1.5444e-01   4.2057e+01   1.0936e+01   4.4427e-03   0.0000e+00   2.9265e+02
20261005_12:00:00   1.2170e-01   3.3896e+01   7.5693e+00   0.0000e+00   0.0000e+00   2.9773e+02
20261005_15:00:00   1.1806e-01   3.2993e+01   7.3656e+00   0.0000e+00   0.0000e+00   2.9804e+02
20261005_18:00:00   1.2619e-01   3.4913e+01   8.7837e+00   0.0000e+00   0.0000e+00   3.0272e+02
20261005_21:00:00   1.2898e-01   3.5540e+01   9.1539e+00   0.0000e+00   2.8221e-03   3.0342e+02
20261006_00:00:00   1.1828e-01   3.2877e+01   7.3305e+00   0.0000e+00   0.0000e+00   3.0545e+02
20261006_03:00:00   1.1860e-01   3.2888e+01   7.2311e+00   0.0000e+00   0.0000e+00   3.0990e+02
20261006_06:00:00   1.1553e-01   3.2035e+01   6.8353e+00   0.0000e+00   0.0000e+00   3.1395e+02
20261006_09:00:00   1.0417e-01   2.9169e+01   5.4123e+00   0.0000e+00   0.0000e+00   3.1992e+02
20261006_12:00:00   1.0047e-01   2.8172e+01   5.1265e+00   0.0000e+00   0.0000e+00   3.2035e+02
20261006_15:00:00   1.0234e-01   2.8653e+01   5.5424e+00   0.0000e+00   0.0000e+00   3.1889e+02
20261006_18:00:00   1.1594e-01   3.1927e+01   7.7007e+00   0.0000e+00   0.0000e+00   3.1679e+02
20261006_21:00:00   1.2515e-01   3.4103e+01   8.9088e+00   0.0000e+00   0.0000e+00   3.1666e+02
20261007_00:00:00   1.1698e-01   3.2133e+01   7.3743e+00   0.0000e+00   0.0000e+00   3.2608e+02
20261007_03:00:00   1.1748e-01   3.2196e+01   7.1275e+00   0.0000e+00   0.0000e+00   3.3642e+02
20261007_06:00:00   1.2507e-01   3.3895e+01   7.8800e+00   0.0000e+00   0.0000e+00   3.4145e+02
20261007_09:00:00   1.2837e-01   3.4545e+01   8.2540e+00   0.0000e+00   0.0000e+00   3.4580e+02
20261007_12:00:00   1.2355e-01   3.3420e+01   7.5921e+00   0.0000e+00   0.0000e+00   3.5033e+02
20261007_15:00:00   1.1952e-01   3.2634e+01   7.0796e+00   0.0000e+00   0.0000e+00   3.4461e+02
20261007_18:00:00   1.1760e-01   3.2379e+01   6.9575e+00   0.0000e+00   0.0000e+00   3.3279e+02
20261007_21:00:00   1.1204e-01   3.1175e+01   6.3614e+00   0.0000e+00   0.0000e+00   3.2470e+02
20261008_00:00:00   1.1132e-01   3.0985e+01   6.1404e+00   0.0000e+00   0.0000e+00   3.2083e+02
20261008_03:00:00   1.0804e-01   3.0146e+01   5.7881e+00   0.0000e+00   0.0000e+00   3.1917e+02
20261008_06:00:00   1.1299e-01   3.1324e+01   6.4050e+00   0.0000e+00   4.8112e-05   3.1471e+02
20261008_09:00:00   1.1666e-01   3.2135e+01   7.1118e+00   0.0000e+00   3.8699e-03   3.1433e+02
20261008_12:00:00   1.1743e-01   3.2346e+01   7.1825e+00   0.0000e+00   7.2500e-03   3.1283e+02
20261008_15:00:00   1.2380e-01   3.3948e+01   7.9855e+00   3.2690e-05   2.2112e-02   3.1314e+02
20261008_18:00:00   1.3987e-01   3.7821e+01   1.0476e+01   6.5160e-06   2.9165e-02   3.1742e+02
20261008_21:00:00   1.5334e-01   4.0897e+01   1.2065e+01   2.1580e-05   2.1627e-01   3.1330e+02
20261009_00:00:00   1.5851e-01   4.1981e+01   1.2631e+01   6.4934e-04   3.8119e-01   3.1012e+02
20261009_03:00:00   1.9222e-01   4.9430e+01   1.7199e+01   1.4798e-03   5.9255e-01   3.1222e+02
20261009_06:00:00   3.1670e-01   7.5605e+01   1.9792e+01   1.1763e-01   4.6895e-01   3.1254e+02
20261009_09:00:00   9.1340e-01   1.6479e+02   2.2098e+01   7.7093e-01   7.6568e-01   3.1119e+02
20261009_12:00:00   8.7327e-01   1.6057e+02   2.1145e+01   7.3116e-01   7.1280e-01   3.2058e+02
20261009_15:00:00   6.4397e-01   1.3173e+02   1.9730e+01   4.8165e-01   1.9268e-02   3.3176e+02
20261009_18:00:00   7.1016e-01   1.4095e+02   1.8387e+01   5.6554e-01   9.4842e-04   3.2905e+02
20261009_21:00:00   5.9041e-01   1.2293e+02   1.6550e+01   4.3926e-01   6.0962e-03   3.3407e+02
20261010_00:00:00   1.8854e-01   4.8930e+01   1.5474e+01   1.1442e-03   1.2714e-04   3.3185e+02
20261010_03:00:00   1.9570e-01   5.0375e+01   1.6778e+01   0.0000e+00   4.9039e-05   3.3273e+02
20261010_06:00:00   1.9071e-01   4.9172e+01   1.5201e+01   7.1233e-03   7.5484e-03   3.3576e+02
20261010_09:00:00   1.5578e-01   4.1227e+01   1.1754e+01   0.0000e+00   2.4299e-04   3.4516e+02
20261010_12:00:00   1.4785e-01   3.9300e+01   1.0764e+01   0.0000e+00   0.0000e+00   3.6739e+02
20261010_15:00:00   1.7673e-01   4.5819e+01   1.3566e+01   3.6076e-03   1.5652e-02   3.7109e+02
20261010_18:00:00   3.3921e-01   8.0002e+01   1.2287e+01   1.9552e-01   5.8574e-05   3.7474e+02
20261010_21:00:00   1.9330e-01   4.9379e+01   1.2068e+01   3.4139e-02   2.2426e-04   3.7011e+02
20261011_00:00:00   1.5391e-01   4.0398e+01   9.0170e+00   1.8137e-02   1.4182e-04   3.6772e+02
20261011_03:00:00   1.2020e-01   3.2477e+01   6.7513e+00   0.0000e+00   7.0800e-06   3.6543e+02
20261011_06:00:00   1.0461e-01   2.8786e+01   4.8558e+00   0.0000e+00   4.0789e-06   3.5808e+02
20261011_09:00:00   9.7599e-02   2.7148e+01   4.6106e+00   0.0000e+00   0.0000e+00   3.5501e+02
20261011_12:00:00   9.8437e-02   2.7439e+01   5.1347e+00   0.0000e+00   1.4176e-05   3.3074e+02
20261011_15:00:00   1.0573e-01   2.9365e+01   6.4983e+00   0.0000e+00   0.0000e+00   3.2281e+02
20261011_18:00:00   1.1554e-01   3.1881e+01   8.3595e+00   0.0000e+00   1.0178e-03   3.1936e+02
20261011_21:00:00   1.3020e-01   3.5411e+01   1.0802e+01   0.0000e+00   2.1856e-02   3.0275e+02
20261012_00:00:00   1.3187e-01   3.5906e+01   1.0826e+01   0.0000e+00   3.0317e-03   2.9204e+02
20261012_03:00:00   1.3473e-01   3.6643e+01   1.1030e+01   0.0000e+00   2.0462e-03   2.9719e+02
20261012_06:00:00   1.2835e-01   3.5249e+01   9.8053e+00   0.0000e+00   1.6100e-03   2.9689e+02
20261012_09:00:00   1.2480e-01   3.4470e+01   9.3151e+00   0.0000e+00   3.4183e-05   2.9877e+02
20261012_12:00:00   1.2444e-01   3.4473e+01   9.1600e+00   0.0000e+00   3.9840e-05   2.9444e+02
20261012_15:00:00   1.3154e-01   3.6368e+01   1.0134e+01   0.0000e+00   0.0000e+00   2.9129e+02
20261012_18:00:00   1.4201e-01   3.9066e+01   1.1452e+01   0.0000e+00   2.2579e-04   2.9193e+02
20261012_21:00:00   1.4470e-01   3.9786e+01   1.1812e+01   0.0000e+00   4.1612e-04   2.9438e+02
20261013_00:00:00   1.4262e-01   3.9278e+01   1.1825e+01   0.0000e+00   0.0000e+00   2.9466e+02
20261013_03:00:00   1.4982e-01   4.1048e+01   1.2908e+01   0.0000e+00   0.0000e+00   2.9799e+02
20261013_06:00:00   1.7194e-01   4.6365e+01   1.5291e+01   0.0000e+00   8.2940e-05   2.8955e+02
20261013_09:00:00   2.1010e-01   5.5150e+01   1.9739e+01   0.0000e+00   0.0000e+00   2.8858e+02
20261013_12:00:00   2.3515e-01   6.0739e+01   2.2349e+01   0.0000e+00   9.4180e-05   2.9230e+02
20261013_15:00:00   2.4491e-01   6.2888e+01   2.3114e+01   0.0000e+00   0.0000e+00   2.9092e+02
20261013_18:00:00   3.2806e-01   8.0319e+01   2.3209e+01   9.8240e-02   0.0000e+00   2.9498e+02
20261013_21:00:00   2.7866e-01   6.9763e+01   2.2003e+01   5.4300e-02   0.0000e+00   2.9590e+02
20261014_00:00:00   2.3899e-01   6.0945e+01   2.0750e+01   2.1854e-02   0.0000e+00   3.0566e+02
20261014_03:00:00   3.4442e-01   8.2314e+01   2.0534e+01   1.4516e-01   0.0000e+00   3.0483e+02
20261014_06:00:00   2.0531e-01   5.3014e+01   1.8751e+01   4.1239e-03   0.0000e+00   3.0141e+02
20261014_09:00:00   1.6162e-01   4.3153e+01   1.3192e+01   0.0000e+00   8.9040e-05   3.0238e+02
20261014_12:00:00   1.2503e-01   3.4398e+01   8.2932e+00   0.0000e+00   2.8720e-04   3.0341e+02
20261014_15:00:00   1.1867e-01   3.2940e+01   7.3136e+00   0.0000e+00   0.0000e+00   3.0278e+02
20261014_18:00:00   1.2414e-01   3.4362e+01   8.4275e+00   0.0000e+00   0.0000e+00   3.0884e+02
