#            date       tau255        Tb[K]      pwv[mm] lwp[kg*m^-2] iwp[kg*m^-2]       o3[DU]
20260920_06:00:00   3.0445e-01   7.3857e+01   1.7528e+01   1.2560e-01   5.8431e-03   2.9814e+02
20260920_07:00:00   3.9768e-01   9.1425e+01   1.9020e+01   2.1702e-01   7.7744e-03   2.9775e+02
20260920_08:00:00   3.6735e-01   8.6026e+01   2.0329e+01   1.7198e-01   1.5599e-02   2.9763e+02
20260920_09:00:00   2.9300e-01   7.1801e+01   2.2350e+01   7.0101e-02   4.5377e-02   2.9739e+02
20260920_10:00:00   4.8997e-01   1.0819e+02   2.4478e+01   2.7434e-01   3.1646e-02   2.9528e+02
20260920_11:00:00   7.3463e-01   1.4428e+02   2.6727e+01   5.3373e-01   7.9390e-02   2.9165e+02
20260920_12:00:00   9.4736e-01   1.6913e+02   2.8772e+01   7.5831e-01   5.5263e-02   2.8964e+02
20260920_13:00:00   1.0648e+00   1.8081e+02   3.0286e+01   8.7650e-01   1.2729e-01   2.8964e+02
20260920_14:00:00   1.0475e+00   1.7895e+02   3.2051e+01   8.3495e-01   2.8303e-01   2.9009e+02
20260920_15:00:00   1.4168e+00   2.0917e+02   3.2525e+01   1.2470e+00   8.9124e-02   2.9002e+02
20260920_16:00:00   1.4202e+00   2.1052e+02   3.3378e+01   1.2509e+00   2.7026e-02   2.9059e+02
20260920_17:00:00   1.3524e+00   2.0755e+02   3.4028e+01   1.1895e+00   1.2773e-02   2.9280e+02
20260920_18:00:00   1.5100e+00   2.1879e+02   3.5294e+01   1.3728e+00   3.5439e-02   2.9146e+02
20260920_19:00:00   1.5962e+00   2.2434e+02   3.6567e+01   1.4680e+00   9.6327e-02   2.8999e+02
20260920_20:00:00   1.9001e+00   2.3945e+02   3.6574e+01   1.8290e+00   4.7444e-02   2.9065e+02
20260920_21:00:00   1.8334e+00   2.3651e+02   3.6241e+01   1.7487e+00   9.5786e-03   2.9140e+02
20260920_22:00:00   2.0461e+00   2.4501e+02   3.4994e+01   2.0012e+00   4.4134e-03   2.9114e+02
20260920_23:00:00   1.7805e+00   2.3448e+02   3.2780e+01   1.7159e+00   4.1465e-03   2.9066e+02
20260921_00:00:00   1.6949e+00   2.3037e+02   3.1581e+01   1.6259e+00   7.2352e-03   2.8974e+02
20260921_01:00:00   1.4128e+00   2.1376e+02   3.0070e+01   1.3090e+00   7.2289e-03   2.9023e+02
20260921_02:00:00   1.0899e+00   1.8775e+02   2.7725e+01   9.4730e-01   6.1714e-03   2.9236e+02
20260921_03:00:00   6.3900e-01   1.3413e+02   2.4521e+01   4.4154e-01   2.9696e-03   2.9474e+02
20260921_04:00:00   2.9093e-01   7.2602e+01   2.1142e+01   6.0210e-02   1.9565e-02   2.9619e+02
20260921_05:00:00   2.0636e-01   5.4258e+01   1.7374e+01   2.7760e-04   4.9305e-03   2.9482e+02
20260921_06:00:00   1.7396e-01   4.6768e+01   1.4041e+01   0.0000e+00   1.3016e-02   2.9198e+02
20260921_07:00:00   1.5301e-01   4.1769e+01   1.1918e+01   0.0000e+00   2.0857e-02   2.8833e+02
20260921_08:00:00   1.5060e-01   4.1165e+01   1.1687e+01   0.0000e+00   2.6275e-03   2.8458e+02
20260921_09:00:00   1.4856e-01   4.0647e+01   1.1421e+01   0.0000e+00   1.4367e-02   2.8257e+02
20260921_10:00:00   1.4117e-01   3.8866e+01   1.0456e+01   0.0000e+00   1.2412e-02   2.8420e+02
20260921_11:00:00   1.3717e-01   3.7876e+01   9.8888e+00   0.0000e+00   1.5024e-02   2.8555e+02
20260921_12:00:00   1.3465e-01   3.7265e+01   9.5230e+00   0.0000e+00   4.5554e-03   2.8677e+02
20260921_13:00:00   1.3602e-01   3.7590e+01   9.5927e+00   0.0000e+00   4.0865e-03   2.8851e+02
20260921_14:00:00   1.4257e-01   3.9162e+01   1.0221e+01   0.0000e+00   6.3943e-03   2.8826e+02
20260921_15:00:00   1.4439e-01   3.9599e+01   1.0616e+01   0.0000e+00   6.3176e-03   2.8649e+02
20260921_16:00:00   1.4873e-01   4.0616e+01   1.1263e+01   0.0000e+00   6.7191e-03   2.8456e+02
20260921_17:00:00   1.4547e-01   3.9852e+01   1.1096e+01   0.0000e+00   1.1588e-02   2.8398e+02
20260921_18:00:00   1.4130e-01   3.8864e+01   1.0760e+01   0.0000e+00   2.1342e-02   2.8514e+02
20260921_19:00:00   1.3907e-01   3.8314e+01   1.0647e+01   0.0000e+00   3.9783e-02   2.8695e+02
20260921_20:00:00   1.4002e-01   3.8502e+01   1.0814e+01   0.0000e+00   9.1182e-02   2.8728e+02
20260921_21:00:00   1.3963e-01   3.8362e+01   1.0832e+01   0.0000e+00   1.0241e-01   2.8943e+02
20260921_22:00:00   1.3298e-01   3.6725e+01   1.0105e+01   0.0000e+00   2.8393e-02   2.9244e+02
20260921_23:00:00   1.3291e-01   3.6672e+01   1.0126e+01   0.0000e+00   1.0948e-02   2.9203e+02
20260922_00:00:00   1.4092e-01   3.8571e+01   1.1026e+01   0.0000e+00   1.4108e-02   2.9224e+02
20260922_01:00:00   1.4578e-01   3.9673e+01   1.1476e+01   0.0000e+00   2.0515e-02   2.9203e+02
20260922_02:00:00   1.5002e-01   4.0665e+01   1.1827e+01   0.0000e+00   1.9958e-02   2.9164e+02
20260922_03:00:00   1.4870e-01   4.0331e+01   1.1718e+01   2.1620e-05   6.0225e-03   2.9329e+02
20260922_04:00:00   1.4135e-01   3.8544e+01   1.0972e+01   0.0000e+00   1.3587e-02   2.9506e+02
20260922_05:00:00   1.4282e-01   3.8828e+01   1.1258e+01   0.0000e+00   2.3442e-02   2.9477e+02
20260922_06:00:00   1.4610e-01   3.9511e+01   1.1781e+01   0.0000e+00   3.0075e-02   2.9518e+02
20260922_07:00:00   1.4706e-01   3.9694e+01   1.1889e+01   0.0000e+00   4.1882e-02   2.9565e+02
20260922_08:00:00   1.4576e-01   3.9369e+01   1.1690e+01   0.0000e+00   4.2336e-02   2.9612e+02
20260922_09:00:00   1.4711e-01   3.9654e+01   1.1830e+01   0.0000e+00   2.0418e-01   2.9620e+02
20260922_10:00:00   1.5533e-01   4.1500e+01   1.2962e+01   0.0000e+00   2.1066e-01   2.9645e+02
20260922_11:00:00   1.6108e-01   4.2780e+01   1.3798e+01   0.0000e+00   1.7615e-01   2.9816e+02
20260922_12:00:00   1.6718e-01   4.4133e+01   1.4898e+01   0.0000e+00   2.1662e-01   2.9743e+02
20260922_13:00:00   1.7020e-01   4.4774e+01   1.5450e+01   0.0000e+00   3.3275e-01   2.9639e+02
20260922_14:00:00   1.6756e-01   4.4194e+01   1.5351e+01   0.0000e+00   8.1467e-02   2.9526e+02
20260922_15:00:00   1.6180e-01   4.2931e+01   1.4535e+01   0.0000e+00   3.1830e-02   2.9488e+02
20260922_16:00:00   1.5655e-01   4.1811e+01   1.3722e+01   0.0000e+00   1.2468e-02   2.9535e+02
20260922_17:00:00   1.4968e-01   4.0314e+01   1.2540e+01   0.0000e+00   2.7828e-03   2.9507e+02
20260922_18:00:00   1.4966e-01   4.0331e+01   1.2487e+01   0.0000e+00   5.5577e-02   2.9532e+02
20260922_19:00:00   1.4549e-01   3.9449e+01   1.1594e+01   0.0000e+00   3.4860e-02   2.9664e+02
20260922_20:00:00   1.4404e-01   3.9140e+01   1.1242e+01   0.0000e+00   2.5886e-02   2.9744e+02
20260922_21:00:00   1.4169e-01   3.8597e+01   1.0941e+01   0.0000e+00   4.2376e-02   2.9964e+02
20260922_22:00:00   1.4276e-01   3.8834e+01   1.1028e+01   0.0000e+00   1.8115e-02   3.0015e+02
20260922_23:00:00   1.4215e-01   3.8667e+01   1.0833e+01   0.0000e+00   2.6683e-03   3.0103e+02
20260923_00:00:00   1.4411e-01   3.9115e+01   1.1069e+01   0.0000e+00   2.2541e-03   3.0121e+02
20260923_01:00:00   1.4267e-01   3.8746e+01   1.0842e+01   0.0000e+00   9.1755e-04   3.0151e+02
20260923_02:00:00   1.3867e-01   3.7786e+01   1.0284e+01   0.0000e+00   1.2950e-03   3.0333e+02
20260923_03:00:00   1.3750e-01   3.7502e+01   9.9724e+00   0.0000e+00   1.2719e-03   3.0523e+02
20260923_04:00:00   1.3837e-01   3.7682e+01   1.0035e+01   0.0000e+00   1.2338e-03   3.0454e+02
20260923_05:00:00   1.3949e-01   3.7895e+01   1.0207e+01   0.0000e+00   2.1635e-03   3.0603e+02
20260923_06:00:00   1.3956e-01   3.7891e+01   1.0243e+01   0.0000e+00   5.7947e-04   3.0665e+02
20260923_07:00:00   1.3971e-01   3.7886e+01   1.0314e+01   0.0000e+00   3.4765e-03   3.0561e+02
20260923_08:00:00   1.4067e-01   3.8086e+01   1.0397e+01   0.0000e+00   1.6242e-02   3.0354e+02
20260923_09:00:00   1.4328e-01   3.8679e+01   1.0656e+01   0.0000e+00   2.0944e-02   3.0392e+02
20260923_10:00:00   1.4409e-01   3.8877e+01   1.0688e+01   0.0000e+00   2.6034e-02   3.0493e+02
20260923_11:00:00   1.5014e-01   4.0295e+01   1.1302e+01   3.9555e-04   1.5211e-02   3.0698e+02
20260923_12:00:00   1.5587e-01   4.1662e+01   1.1818e+01   7.9470e-04   1.4294e-02   3.0842e+02
20260923_13:00:00   1.5587e-01   4.1662e+01   1.1890e+01   0.0000e+00   1.0016e-02   3.0943e+02
20260923_14:00:00   1.6659e-01   4.4206e+01   1.1785e+01   1.2760e-02   7.6907e-04   3.0963e+02
20260923_15:00:00   1.5091e-01   4.0578e+01   1.1492e+01   3.4765e-04   1.2940e-03   3.0956e+02
20260923_16:00:00   1.5532e-01   4.1646e+01   1.1828e+01   1.8956e-03   7.0880e-06   3.1003e+02
20260923_17:00:00   1.5273e-01   4.1091e+01   1.1768e+01   9.6720e-05   0.0000e+00   3.1023e+02
20260923_18:00:00   1.4961e-01   4.0397e+01   1.1485e+01   0.0000e+00   0.0000e+00   3.0917e+02
20260923_19:00:00   1.4631e-01   3.9628e+01   1.1174e+01   0.0000e+00   0.0000e+00   3.0958e+02
20260923_20:00:00   1.4191e-01   3.8572e+01   1.0677e+01   0.0000e+00   0.0000e+00   3.1012e+02
20260923_21:00:00   1.3391e-01   3.6655e+01   9.7131e+00   0.0000e+00   0.0000e+00   3.1131e+02
20260923_22:00:00   1.3078e-01   3.5868e+01   9.2077e+00   0.0000e+00   0.0000e+00   3.1254e+02
20260923_23:00:00   1.2643e-01   3.4789e+01   8.6178e+00   0.0000e+00   0.0000e+00   3.1440e+02
20260924_00:00:00   1.2562e-01   3.4570e+01   8.5028e+00   0.0000e+00   0.0000e+00   3.1508e+02
20260924_01:00:00   1.2545e-01   3.4524e+01   8.4436e+00   0.0000e+00   0.0000e+00   3.1497e+02
20260924_02:00:00   1.2911e-01   3.5413e+01   8.8425e+00   0.0000e+00   1.9630e-04   3.1564e+02
20260924_03:00:00   1.3090e-01   3.5847e+01   9.0416e+00   0.0000e+00   5.9220e-04   3.1467e+02
20260924_04:00:00   1.2989e-01   3.5619e+01   8.9072e+00   0.0000e+00   2.1660e-05   3.1398e+02
20260924_05:00:00   1.2845e-01   3.5279e+01   8.7400e+00   0.0000e+00   2.4140e-04   3.1324e+02
20260924_06:00:00   1.2670e-01   3.4876e+01   8.5224e+00   0.0000e+00   4.8500e-04   3.1277e+02
20260924_07:00:00   1.2672e-01   3.4900e+01   8.5006e+00   0.0000e+00   0.0000e+00   3.1306e+02
20260924_08:00:00   1.2752e-01   3.5103e+01   8.5908e+00   0.0000e+00   3.8740e-05   3.1244e+02
20260924_09:00:00   1.2713e-01   3.4998e+01   8.6448e+00   0.0000e+00   1.6984e-03   3.1139e+02
20260924_10:00:00   1.2655e-01   3.4835e+01   8.6815e+00   0.0000e+00   4.6592e-03   3.1017e+02
20260924_11:00:00   1.2362e-01   3.4122e+01   8.3842e+00   0.0000e+00   3.7986e-03   3.0907e+02
20260924_12:00:00   1.2314e-01   3.4020e+01   8.3607e+00   0.0000e+00   2.0693e-03   3.0881e+02
20260924_13:00:00   1.2328e-01   3.4084e+01   8.4188e+00   0.0000e+00   3.4846e-03   3.0824e+02
20260924_14:00:00   1.2436e-01   3.4372e+01   8.6013e+00   0.0000e+00   3.5547e-03   3.0658e+02
20260924_15:00:00   1.2402e-01   3.4364e+01   8.6266e+00   0.0000e+00   3.5728e-03   3.0651e+02
20260924_16:00:00   1.2126e-01   3.3739e+01   8.4925e+00   0.0000e+00   3.2717e-03   3.0657e+02
20260924_17:00:00   1.2583e-01   3.4882e+01   9.1537e+00   0.0000e+00   4.3038e-03   3.0578e+02
20260924_18:00:00   1.2873e-01   3.5608e+01   9.6371e+00   0.0000e+00   3.9790e-03   3.0426e+02
20260924_19:00:00   1.2842e-01   3.5560e+01   9.6461e+00   0.0000e+00   4.5879e-03   3.0454e+02
20260924_20:00:00   1.2621e-01   3.5040e+01   9.4304e+00   0.0000e+00   2.2321e-03   3.0432e+02
20260924_21:00:00   1.2329e-01   3.4346e+01   9.1000e+00   0.0000e+00   1.1399e-03   3.0413e+02
20260924_22:00:00   1.2334e-01   3.4353e+01   9.0662e+00   0.0000e+00   3.3633e-03   3.0236e+02
20260924_23:00:00   1.2476e-01   3.4673e+01   9.2024e+00   0.0000e+00   1.2090e-02   3.0194e+02
20260925_00:00:00   1.2794e-01   3.5418e+01   9.6144e+00   0.0000e+00   2.4223e-02   3.0029e+02
20260925_01:00:00   1.2490e-01   3.4678e+01   9.2889e+00   0.0000e+00   2.3660e-02   3.0046e+02
20260925_02:00:00   1.2416e-01   3.4476e+01   9.2332e+00   0.0000e+00   2.2057e-02   2.9991e+02
20260925_03:00:00   1.2456e-01   3.4535e+01   9.3342e+00   0.0000e+00   3.0791e-02   3.0005e+02
20260925_04:00:00   1.2377e-01   3.4327e+01   9.3466e+00   0.0000e+00   4.1647e-02   3.0173e+02
20260925_05:00:00   1.2353e-01   3.4268e+01   9.3650e+00   0.0000e+00   4.6288e-02   3.0024e+02
20260925_06:00:00   1.2516e-01   3.4662e+01   9.5879e+00   0.0000e+00   5.5477e-02   2.9969e+02
20260925_09:00:00   1.3229e-01   3.6306e+01   1.0681e+01   0.0000e+00   1.6716e-01   3.0037e+02
20260925_12:00:00   1.3180e-01   3.6237e+01   1.0666e+01   0.0000e+00   8.2050e-02   3.0147e+02
20260925_15:00:00   1.3847e-01   3.7908e+01   1.1617e+01   0.0000e+00   1.3802e-01   2.9831e+02
20260925_18:00:00   1.4107e-01   3.8534e+01   1.2327e+01   0.0000e+00   4.6550e-01   2.9604e+02
20260925_21:00:00   1.9125e-01   5.0154e+01   1.9755e+01   0.0000e+00   6.0418e-01   2.9457e+02
20260926_00:00:00   2.5876e-01   6.4546e+01   2.3427e+01   4.2891e-02   3.3513e-01   2.9353e+02
20260926_03:00:00   7.9516e-01   1.5131e+02   3.0791e+01   5.7383e-01   2.6411e-01   2.9550e+02
20260926_06:00:00   1.4923e+00   2.1380e+02   3.6341e+01   1.3012e+00   3.5909e-01   2.9569e+02
20260926_09:00:00   1.2417e+00   1.9864e+02   3.6792e+01   1.0288e+00   1.4381e-01   2.9606e+02
20260926_12:00:00   8.2974e-01   1.5866e+02   3.5574e+01   5.7455e-01   1.6560e-01   2.9966e+02
20260926_15:00:00   6.0381e-01   1.2793e+02   3.3322e+01   3.2805e-01   1.0832e-02   3.0418e+02
20260926_18:00:00   7.7336e-01   1.5143e+02   3.3043e+01   5.2440e-01   6.9699e-03   3.0214e+02
20260926_21:00:00   4.2876e-01   9.8912e+01   3.0892e+01   1.4149e-01   2.4293e-02   2.9569e+02
20260927_00:00:00   8.3404e-01   1.5959e+02   2.9581e+01   6.3055e-01   2.9994e-02   2.9582e+02
20260927_03:00:00   7.1503e-01   1.4409e+02   2.6760e+01   5.1789e-01   8.8305e-03   2.9380e+02
20260927_06:00:00   3.8542e-01   9.0875e+01   2.6055e+01   1.3581e-01   8.0793e-04   2.9325e+02
20260927_09:00:00   3.7514e-01   8.8696e+01   2.4575e+01   1.4453e-01   6.2300e-04   2.9766e+02
20260927_12:00:00   2.3124e-01   5.9186e+01   2.2603e+01   9.1622e-04   7.4222e-03   2.9217e+02
20260927_15:00:00   2.2269e-01   5.7350e+01   2.2176e+01   0.0000e+00   1.6042e-02   2.9015e+02
20260927_18:00:00   2.3447e-01   5.9641e+01   2.4560e+01   1.2493e-03   3.6050e-02   2.8797e+02
20260927_21:00:00   2.9186e-01   7.1608e+01   2.9162e+01   1.5991e-02   4.4868e-01   2.8585e+02
20260928_00:00:00   7.9313e-01   1.5187e+02   3.2702e+01   5.4440e-01   6.1562e-01   2.8405e+02
20260928_03:00:00   5.9074e-01   1.2545e+02   3.2182e+01   3.2398e-01   2.1609e-02   2.8467e+02
20260928_06:00:00   7.9496e-01   1.5419e+02   3.2118e+01   5.6314e-01   1.3062e-02   2.8443e+02
20260928_09:00:00   1.1188e+00   1.8910e+02   3.4173e+01   9.2704e-01   2.8791e-02   2.8510e+02
20260928_12:00:00   8.1665e-01   1.5693e+02   3.4158e+01   5.6801e-01   2.3092e-02   2.8775e+02
20260928_15:00:00   1.1027e+00   1.8781e+02   3.4263e+01   9.0672e-01   1.2211e-02   2.8563e+02
20260928_18:00:00   9.3744e-01   1.7144e+02   3.3999e+01   7.1593e-01   5.8080e-04   2.8530e+02
20260928_21:00:00   1.0458e+00   1.8281e+02   3.4713e+01   8.3248e-01   3.0191e-04   2.8419e+02
20260929_00:00:00   1.3890e+00   2.1175e+02   3.4980e+01   1.2401e+00   1.2705e-03   2.8499e+02
20260929_03:00:00   8.6927e-01   1.6452e+02   3.2995e+01   6.3849e-01   5.6541e-03   2.8702e+02
20260929_06:00:00   8.5611e-01   1.6330e+02   3.0302e+01   6.4906e-01   3.6655e-04   2.8600e+02
20260929_09:00:00   7.7686e-01   1.5334e+02   3.0309e+01   5.5185e-01   0.0000e+00   2.8727e+02
20260929_12:00:00   7.9742e-01   1.5591e+02   3.0967e+01   5.7311e-01   0.0000e+00   2.8883e+02
20260929_15:00:00   7.8838e-01   1.5481e+02   3.1550e+01   5.5569e-01   0.0000e+00   2.9157e+02
20260929_18:00:00   6.7864e-01   1.3996e+02   3.2143e+01   4.2252e-01   0.0000e+00   2.9142e+02
20260929_21:00:00   8.1561e-01   1.5782e+02   3.3117e+01   5.7188e-01   2.5559e-04   2.9160e+02
20260930_00:00:00   6.8123e-01   1.3925e+02   3.3601e+01   3.9903e-01   1.0992e-03   2.9226e+02
20260930_03:00:00   6.0177e-01   1.2711e+02   3.2880e+01   3.0764e-01   1.0797e-04   2.9906e+02
20260930_06:00:00   7.6418e-01   1.4920e+02   3.1571e+01   5.0067e-01   3.8303e-03   2.9742e+02
20260930_09:00:00   3.1544e-01   7.7322e+01   2.9621e+01   1.0492e-02   2.0740e-04   2.9338e+02
20260930_12:00:00   3.1244e-01   7.6817e+01   2.9763e+01   4.8738e-03   3.6620e-05   2.9272e+02
20260930_15:00:00   3.0506e-01   7.5561e+01   2.8069e+01   1.4967e-02   1.4176e-05   2.9191e+02
20260930_18:00:00   3.2882e-01   8.0366e+01   2.9904e+01   3.3358e-02   1.2979e-03   2.9179e+02
20260930_21:00:00   2.8570e-01   7.1694e+01   2.7623e+01   0.0000e+00   1.2165e-04   2.9337e+02
20261001_00:00:00   3.5620e-01   8.5455e+01   3.0960e+01   4.8618e-02   2.8898e-04   2.9748e+02
20261001_03:00:00   3.0884e-01   7.6264e+01   2.9900e+01   3.2623e-04   2.5796e-03   3.0373e+02
20261001_06:00:00   5.1855e-01   1.1380e+02   2.8997e+01   2.4451e-01   8.8997e-03   3.0460e+02
20261001_09:00:00   3.4200e-01   8.2331e+01   2.7315e+01   7.1170e-02   2.9568e-02   3.0956e+02
20261001_12:00:00   2.4075e-01   6.1141e+01   1.9693e+01   3.0184e-02   1.4354e-02   3.1304e+02
20261001_15:00:00   1.5446e-01   4.1786e+01   1.2090e+01   0.0000e+00   1.3272e-04   3.1797e+02
20261001_18:00:00   1.5454e-01   4.1719e+01   1.2084e+01   0.0000e+00   2.3186e-03   3.1543e+02
20261001_21:00:00   1.4234e-01   3.8598e+01   1.0476e+01   4.9620e-05   1.0130e-02   3.1535e+02
20261002_00:00:00   1.2005e-01   3.3095e+01   7.6307e+00   0.0000e+00   1.3193e-02   3.1923e+02
20261002_03:00:00   1.2512e-01   3.4180e+01   8.1531e+00   0.0000e+00   5.0190e-03   3.2522e+02
20261002_06:00:00   1.2392e-01   3.3872e+01   7.9258e+00   0.0000e+00   0.0000e+00   3.2513e+02
20261002_09:00:00   1.2495e-01   3.4042e+01   8.1557e+00   0.0000e+00   2.8360e-06   3.2784e+02
20261002_12:00:00   1.4670e-01   3.9067e+01   1.0970e+01   0.0000e+00   7.0740e-06   3.3232e+02
20261002_15:00:00   1.6560e-01   4.3501e+01   1.3301e+01   5.3900e-04   5.0958e-05   3.2911e+02
20261002_18:00:00   1.9962e-01   5.1245e+01   1.4099e+01   3.0458e-02   1.2502e-04   3.2761e+02
20261002_21:00:00   1.7694e-01   4.6136e+01   1.3182e+01   1.1372e-02   1.4314e-04   3.3914e+02
20261003_00:00:00   1.6715e-01   4.3832e+01   1.2564e+01   2.7224e-03   3.2935e-04   3.4577e+02
20261003_03:00:00   2.7008e-01   6.6066e+01   1.2830e+01   1.1833e-01   2.8692e-04   3.5401e+02
20261003_06:00:00   3.2087e-01   7.6316e+01   1.2690e+01   1.7798e-01   1.6958e-04   3.4669e+02
20261003_09:00:00   1.5944e-01   4.1948e+01   1.2271e+01   1.2244e-03   1.6754e-05   3.4688e+02
20261003_12:00:00   1.8348e-01   4.7302e+01   1.2721e+01   2.5460e-02   9.6463e-05   3.4703e+02
20261003_15:00:00   1.9064e-01   4.9004e+01   1.2634e+01   3.3565e-02   3.0627e-04   3.4690e+02
20261003_18:00:00   2.2717e-01   5.6908e+01   1.5192e+01   5.6636e-02   2.0897e-03   3.4453e+02
20261003_21:00:00   1.8947e-01   4.8832e+01   1.5920e+01   8.7936e-03   1.9347e-04   3.4254e+02
20261004_00:00:00   1.9897e-01   5.1203e+01   1.3702e+01   3.9555e-02   3.8470e-03   3.4443e+02
20261004_03:00:00   1.5807e-01   4.2087e+01   1.2499e+01   0.0000e+00   4.0780e-06   3.2541e+02
20261004_06:00:00   1.5456e-01   4.1407e+01   1.2043e+01   0.0000e+00   7.0880e-06   3.1446e+02
20261004_09:00:00   1.4960e-01   4.0334e+01   1.1577e+01   0.0000e+00   0.0000e+00   3.0597e+02
20261004_12:00:00   1.4443e-01   3.9172e+01   1.1389e+01   0.0000e+00   0.0000e+00   2.9996e+02
20261004_15:00:00   1.5074e-01   4.0678e+01   1.3396e+01   0.0000e+00   0.0000e+00   2.9339e+02
20261004_18:00:00   1.7464e-01   4.6384e+01   1.7862e+01   0.0000e+00   7.8618e-04   2.9221e+02
20261004_21:00:00   2.2997e-01   5.9038e+01   2.4845e+01   0.0000e+00   3.5626e-05   2.9279e+02
20261005_00:00:00   2.1100e-01   5.5046e+01   2.2079e+01   0.0000e+00   6.3980e-03   2.9082e+02
20261005_03:00:00   2.2312e-01   5.7802e+01   2.3146e+01   0.0000e+00   0.0000e+00   2.8757e+02
20261005_06:00:00   2.0895e-01   5.4502e+01   2.1557e+01   0.0000e+00   5.3402e-03   2.8525e+02
20261005_09:00:00   2.0937e-01   5.4571e+01   2.1347e+01   0.0000e+00   3.7248e-02   2.8705e+02
20261005_12:00:00   1.8619e-01   4.9358e+01   1.8020e+01   0.0000e+00   7.3864e-03   2.8476e+02
20261005_15:00:00   1.8749e-01   4.9908e+01   1.8120e+01   0.0000e+00   0.0000e+00   2.8150e+02
20261005_18:00:00   1.7894e-01   4.8174e+01   1.6914e+01   0.0000e+00   3.4620e-05   2.8393e+02
20261005_21:00:00   1.8521e-01   4.9646e+01   1.7801e+01   0.0000e+00   3.0140e-04   2.7806e+02
20261006_00:00:00   1.7976e-01   4.8392e+01   1.6144e+01   0.0000e+00   3.2051e-02   2.8235e+02
20261006_03:00:00   1.9974e-01   5.2906e+01   1.8420e+01   0.0000e+00   1.3199e-01   2.8396e+02
20261006_06:00:00   2.3997e-01   6.1764e+01   2.3401e+01   0.0000e+00   1.8575e-01   2.8452e+02
