#            date       tau255        Tb[K]      pwv[mm] lwp[kg*m^-2] iwp[kg*m^-2]       o3[DU]
20260829_00:00:00   2.5006e-01   6.5101e+01   2.2596e+01   0.0000e+00   4.6320e-04   3.1500e+02
20260829_01:00:00   2.3345e-01   6.1303e+01   2.0511e+01   0.0000e+00   8.6880e-07   3.1682e+02
20260829_02:00:00   2.2649e-01   5.9582e+01   1.9634e+01   0.0000e+00   0.0000e+00   3.1744e+02
20260829_03:00:00   2.1517e-01   5.6900e+01   1.8544e+01   0.0000e+00   0.0000e+00   3.1894e+02
20260829_04:00:00   1.9603e-01   5.2401e+01   1.6608e+01   0.0000e+00   0.0000e+00   3.2021e+02
20260829_05:00:00   1.7560e-01   4.7556e+01   1.4480e+01   0.0000e+00   0.0000e+00   3.2161e+02
20260829_06:00:00   1.5696e-01   4.3047e+01   1.2328e+01   0.0000e+00   0.0000e+00   3.2331e+02
20260829_07:00:00   1.3965e-01   3.8807e+01   1.0269e+01   0.0000e+00   0.0000e+00   3.2556e+02
20260829_08:00:00   1.3783e-01   3.8336e+01   9.9539e+00   0.0000e+00   0.0000e+00   3.2628e+02
20260829_09:00:00   1.3719e-01   3.8155e+01   9.8740e+00   0.0000e+00   0.0000e+00   3.2686e+02
20260829_10:00:00   1.3632e-01   3.7914e+01   9.8395e+00   0.0000e+00   0.0000e+00   3.2753e+02
20260829_11:00:00   1.3473e-01   3.7521e+01   9.6786e+00   0.0000e+00   0.0000e+00   3.2961e+02
20260829_12:00:00   1.3407e-01   3.7373e+01   9.6479e+00   0.0000e+00   0.0000e+00   3.3077e+02
20260829_13:00:00   1.3499e-01   3.7615e+01   9.8353e+00   0.0000e+00   0.0000e+00   3.3319e+02
20260829_14:00:00   1.3694e-01   3.8130e+01   1.0128e+01   0.0000e+00   0.0000e+00   3.3294e+02
20260829_15:00:00   1.4144e-01   3.9256e+01   1.0697e+01   0.0000e+00   0.0000e+00   3.2855e+02
20260829_16:00:00   1.4164e-01   3.9363e+01   1.0860e+01   0.0000e+00   0.0000e+00   3.2519e+02
20260829_17:00:00   1.4725e-01   4.0745e+01   1.1721e+01   0.0000e+00   0.0000e+00   3.2178e+02
20260829_18:00:00   1.5026e-01   4.1519e+01   1.2210e+01   0.0000e+00   0.0000e+00   3.2037e+02
20260829_19:00:00   1.5105e-01   4.1773e+01   1.2443e+01   0.0000e+00   0.0000e+00   3.1991e+02
20260829_20:00:00   1.5556e-01   4.2877e+01   1.3150e+01   0.0000e+00   0.0000e+00   3.1874e+02
20260829_21:00:00   1.6015e-01   4.3987e+01   1.3771e+01   0.0000e+00   2.5640e-06   3.2152e+02
20260829_22:00:00   1.7103e-01   4.6559e+01   1.5050e+01   0.0000e+00   1.6194e-02   3.2383e+02
20260829_23:00:00   1.7854e-01   4.8309e+01   1.5703e+01   0.0000e+00   2.7448e-02   3.2590e+02
20260830_00:00:00   1.8102e-01   4.8853e+01   1.6055e+01   0.0000e+00   3.0410e-06   3.2360e+02
20260830_01:00:00   1.7714e-01   4.7936e+01   1.5652e+01   0.0000e+00   0.0000e+00   3.1964e+02
20260830_02:00:00   1.8068e-01   4.8656e+01   1.6428e+01   0.0000e+00   4.7898e-05   3.1816e+02
20260830_03:00:00   1.7744e-01   4.7891e+01   1.6066e+01   0.0000e+00   9.4484e-04   3.1930e+02
20260830_04:00:00   1.7784e-01   4.7984e+01   1.6036e+01   0.0000e+00   1.4176e-05   3.1899e+02
20260830_05:00:00   1.7736e-01   4.7824e+01   1.6290e+01   0.0000e+00   2.7334e-04   3.1762e+02
20260830_06:00:00   1.8341e-01   4.9140e+01   1.7582e+01   0.0000e+00   5.9181e-03   3.1518e+02
20260830_07:00:00   2.0424e-01   5.3843e+01   2.0459e+01   0.0000e+00   7.2321e-03   3.1404e+02
20260830_08:00:00   2.1811e-01   5.6994e+01   2.2067e+01   0.0000e+00   3.8080e-02   3.1380e+02
20260830_09:00:00   2.3098e-01   5.9883e+01   2.3568e+01   0.0000e+00   2.9358e-03   3.1491e+02
20260830_10:00:00   2.4561e-01   6.3045e+01   2.5336e+01   0.0000e+00   1.6972e-02   3.1702e+02
20260830_11:00:00   2.5164e-01   6.4308e+01   2.6243e+01   0.0000e+00   6.9219e-02   3.1744e+02
20260830_12:00:00   2.5898e-01   6.5828e+01   2.7281e+01   0.0000e+00   1.2143e-01   3.1781e+02
20260830_13:00:00   2.6404e-01   6.6892e+01   2.8023e+01   0.0000e+00   2.8584e-01   3.1631e+02
20260830_14:00:00   2.6947e-01   6.8064e+01   2.8763e+01   0.0000e+00   9.6198e-02   3.1372e+02
20260830_15:00:00   2.7092e-01   6.8442e+01   2.9055e+01   0.0000e+00   1.0062e-02   3.1202e+02
20260830_16:00:00   2.6727e-01   6.7805e+01   2.8647e+01   0.0000e+00   1.0204e-02   3.1055e+02
20260830_17:00:00   2.5812e-01   6.6044e+01   2.7545e+01   0.0000e+00   2.8550e-03   3.0959e+02
20260830_18:00:00   2.7582e-01   7.0058e+01   2.9263e+01   0.0000e+00   1.6119e-03   3.0983e+02
20260830_19:00:00   3.0069e-01   7.5362e+01   3.1807e+01   2.0798e-03   1.0746e-03   3.0890e+02
20260830_20:00:00   4.1643e-01   9.7199e+01   3.3220e+01   1.1478e-01   8.5049e-03   3.0866e+02
20260830_21:00:00   4.9755e-01   1.1092e+02   3.2960e+01   2.0711e-01   7.0329e-02   3.0978e+02
20260830_22:00:00   8.1838e-01   1.5563e+02   3.2802e+01   5.7658e-01   2.4754e-01   3.0984e+02
20260830_23:00:00   4.0781e-01   9.5005e+01   3.1076e+01   1.3918e-01   2.3565e-01   3.1025e+02
20260831_00:00:00   3.2023e-01   7.8420e+01   3.1235e+01   3.9601e-02   4.4111e-01   3.0919e+02
20260831_01:00:00   3.3817e-01   8.2072e+01   3.3390e+01   3.3324e-02   4.0389e-01   3.1044e+02
20260831_02:00:00   5.2157e-01   1.1474e+02   3.5358e+01   2.1288e-01   1.2378e-01   3.0952e+02
20260831_03:00:00   5.7772e-01   1.2428e+02   3.7959e+01   2.4028e-01   1.8004e-01   3.0786e+02
20260831_04:00:00   3.5819e-01   8.6379e+01   3.6796e+01   6.2410e-05   9.1636e-02   3.0828e+02
20260831_05:00:00   3.3862e-01   8.2586e+01   3.4811e+01   0.0000e+00   1.4188e-01   3.1031e+02
20260831_06:00:00   3.1020e-01   7.6993e+01   3.1465e+01   7.7344e-05   1.0338e-02   3.1325e+02
20260831_07:00:00   2.7964e-01   7.0825e+01   2.7223e+01   0.0000e+00   5.7878e-03   3.1516e+02
20260831_08:00:00   2.6068e-01   6.6791e+01   2.4701e+01   0.0000e+00   2.5391e-03   3.1627e+02
20260831_09:00:00   2.4393e-01   6.3154e+01   2.2731e+01   0.0000e+00   1.0564e-02   3.1999e+02
20260831_10:00:00   2.2821e-01   5.9749e+01   2.0613e+01   0.0000e+00   5.1280e-06   3.2177e+02
20260831_11:00:00   2.2256e-01   5.8492e+01   1.9736e+01   0.0000e+00   0.0000e+00   3.2331e+02
20260831_12:00:00   2.1513e-01   5.6892e+01   1.8793e+01   0.0000e+00   0.0000e+00   3.2256e+02
20260831_13:00:00   2.0824e-01   5.5395e+01   1.8015e+01   0.0000e+00   0.0000e+00   3.2369e+02
20260831_14:00:00   2.0248e-01   5.4151e+01   1.7454e+01   0.0000e+00   0.0000e+00   3.2497e+02
20260831_15:00:00   2.0279e-01   5.4265e+01   1.7539e+01   0.0000e+00   0.0000e+00   3.2368e+02
20260831_16:00:00   2.0639e-01   5.5129e+01   1.8036e+01   0.0000e+00   0.0000e+00   3.2257e+02
20260831_17:00:00   2.0246e-01   5.4292e+01   1.7915e+01   0.0000e+00   0.0000e+00   3.2122e+02
20260831_18:00:00   2.0542e-01   5.4976e+01   1.8614e+01   0.0000e+00   2.5644e-05   3.1975e+02
20260831_19:00:00   2.1330e-01   5.6781e+01   1.9646e+01   0.0000e+00   1.4180e-03   3.1802e+02
20260831_20:00:00   2.1722e-01   5.7686e+01   2.0257e+01   0.0000e+00   4.9380e-03   3.1639e+02
20260831_21:00:00   2.2242e-01   5.8826e+01   2.1089e+01   0.0000e+00   1.7524e-03   3.1430e+02
20260831_22:00:00   2.3098e-01   6.0740e+01   2.1871e+01   3.7080e-03   1.5212e-05   3.1126e+02
20260831_23:00:00   2.6378e-01   6.7770e+01   2.2689e+01   3.3840e-02   0.0000e+00   3.0884e+02
20260901_00:00:00   2.5738e-01   6.6342e+01   2.2757e+01   2.4600e-02   2.5160e-04   3.0758e+02
20260901_01:00:00   2.4367e-01   6.3390e+01   2.2896e+01   4.1340e-03   4.0382e-04   3.0855e+02
20260901_02:00:00   2.4620e-01   6.3906e+01   2.3406e+01   1.4480e-07   3.1566e-03   3.0766e+02
20260901_03:00:00   2.4645e-01   6.3951e+01   2.3505e+01   0.0000e+00   7.7514e-04   3.0700e+02
20260901_04:00:00   2.5040e-01   6.4764e+01   2.4093e+01   0.0000e+00   7.9484e-05   3.0653e+02
20260901_05:00:00   2.6104e-01   6.6964e+01   2.5602e+01   0.0000e+00   2.8918e-04   3.0516e+02
20260901_06:00:00   2.7712e-01   7.0249e+01   2.8264e+01   0.0000e+00   3.9441e-03   3.0178e+02
20260901_07:00:00   2.9838e-01   7.4573e+01   3.1111e+01   5.4860e-04   1.3751e-02   3.0104e+02
20260901_08:00:00   4.1312e-01   9.6287e+01   3.5167e+01   8.7520e-02   2.6945e-02   3.0056e+02
20260901_09:00:00   7.6290e-01   1.4943e+02   3.8700e+01   4.4441e-01   3.3660e-01   3.0003e+02
20260901_10:00:00   7.4730e-01   1.4785e+02   4.0603e+01   4.0052e-01   5.0078e-01   2.9969e+02
20260901_11:00:00   6.5587e-01   1.3538e+02   4.1888e+01   2.7363e-01   1.2094e+00   2.9929e+02
20260901_12:00:00   9.5472e-01   1.7195e+02   4.2242e+01   6.1443e-01   1.0897e+00   2.9964e+02
20260901_13:00:00   1.3077e+00   2.0357e+02   4.1110e+01   1.0318e+00   2.4579e-01   3.0346e+02
20260901_14:00:00   1.5553e+00   2.2163e+02   4.0708e+01   1.3412e+00   3.2753e-02   3.0724e+02
20260901_15:00:00   1.3645e+00   2.0986e+02   3.9123e+01   1.1381e+00   3.6571e-04   3.0880e+02
20260901_16:00:00   1.3409e+00   2.0922e+02   3.7493e+01   1.1370e+00   8.7500e-05   3.0871e+02
20260901_17:00:00   1.2724e+00   2.0477e+02   3.7138e+01   1.0741e+00   1.0784e-04   3.0647e+02
20260901_18:00:00   1.0579e+00   1.8627e+02   3.6144e+01   8.3395e-01   2.5620e-06   3.0757e+02
20260901_19:00:00   6.9617e-01   1.4325e+02   3.5297e+01   3.9855e-01   0.0000e+00   3.0776e+02
20260901_20:00:00   6.0220e-01   1.2937e+02   3.4835e+01   2.8923e-01   0.0000e+00   3.0718e+02
20260901_21:00:00   5.0780e-01   1.1415e+02   3.4024e+01   1.8313e-01   0.0000e+00   3.0721e+02
20260901_22:00:00   5.8907e-01   1.2735e+02   3.3211e+01   2.9085e-01   0.0000e+00   3.0772e+02
20260901_23:00:00   6.7848e-01   1.4064e+02   3.2844e+01   4.0523e-01   0.0000e+00   3.0819e+02
20260902_00:00:00   6.6447e-01   1.3865e+02   3.2673e+01   3.9263e-01   0.0000e+00   3.0785e+02
20260902_01:00:00   6.0861e-01   1.3035e+02   3.2703e+01   3.2580e-01   0.0000e+00   3.1025e+02
20260902_02:00:00   5.4177e-01   1.1972e+02   3.2947e+01   2.4262e-01   0.0000e+00   3.1176e+02
20260902_03:00:00   5.1277e-01   1.1483e+02   3.3243e+01   2.0413e-01   0.0000e+00   3.1045e+02
20260902_04:00:00   5.2901e-01   1.1746e+02   3.3658e+01   2.1838e-01   1.6952e-04   3.0674e+02
20260902_05:00:00   5.7626e-01   1.2510e+02   3.3838e+01   2.7212e-01   3.3040e-03   3.0418e+02
20260902_06:00:00   6.5012e-01   1.3639e+02   3.4164e+01   3.5820e-01   2.6195e-02   3.0276e+02
20260902_07:00:00   6.5020e-01   1.3631e+02   3.4764e+01   3.5183e-01   2.5681e-02   3.0233e+02
20260902_08:00:00   6.9737e-01   1.4290e+02   3.5084e+01   4.0402e-01   2.5770e-02   3.0036e+02
20260902_09:00:00   8.6414e-01   1.6415e+02   3.5469e+01   6.0058e-01   9.0884e-03   2.9958e+02
20260902_10:00:00   9.6391e-01   1.7520e+02   3.5653e+01   7.1973e-01   5.5142e-03   2.9867e+02
20260902_11:00:00   1.1125e+00   1.8957e+02   3.5769e+01   8.9230e-01   2.7013e-02   2.9849e+02
20260902_12:00:00   8.9165e-01   1.6701e+02   3.5240e+01   6.4018e-01   8.0752e-03   3.0031e+02
20260902_13:00:00   1.1619e+00   1.9403e+02   3.5897e+01   9.5499e-01   1.5897e-02   2.9930e+02
20260902_14:00:00   1.1882e+00   1.9611e+02   3.6527e+01   9.7519e-01   3.3263e-02   2.9908e+02
20260902_15:00:00   1.0276e+00   1.8090e+02   3.7622e+01   7.7177e-01   2.6937e-02   2.9813e+02
20260902_16:00:00   6.6067e-01   1.3734e+02   3.6498e+01   3.6320e-01   1.0639e-02   2.9725e+02
20260902_17:00:00   1.0114e+00   1.8000e+02   3.7922e+01   7.6274e-01   5.9855e-02   2.9584e+02
20260902_18:00:00   4.7708e-01   1.0826e+02   3.7545e+01   1.3666e-01   1.6630e-01   2.9581e+02
20260902_19:00:00   5.3989e-01   1.1877e+02   4.0052e+01   1.8282e-01   1.7523e-02   2.9627e+02
20260902_20:00:00   6.0600e-01   1.2940e+02   3.9956e+01   2.5836e-01   2.3582e-02   2.9651e+02
20260902_21:00:00   6.0137e-01   1.2891e+02   3.7655e+01   2.7331e-01   2.3571e-03   2.9848e+02
20260902_22:00:00   8.2206e-01   1.5850e+02   3.8575e+01   5.2729e-01   3.8585e-02   3.0007e+02
20260902_23:00:00   5.4325e-01   1.1973e+02   3.8498e+01   2.0924e-01   5.2787e-02   3.0044e+02
20260903_00:00:00   5.8320e-01   1.2615e+02   3.9246e+01   2.5655e-01   9.2006e-02   2.9994e+02
20260903_03:00:00   1.1515e+00   1.9087e+02   4.2716e+01   8.5263e-01   5.7142e-01   3.0117e+02
20260903_06:00:00   1.3603e+00   2.0817e+02   4.6825e+01   1.0435e+00   4.4444e-01   2.9949e+02
20260903_09:00:00   8.2484e-01   1.6108e+02   4.5002e+01   4.7933e-01   6.0261e-01   3.0339e+02
20260903_12:00:00   1.2640e+00   2.0738e+02   3.4172e+01   1.1402e+00   0.0000e+00   3.1466e+02
20260903_15:00:00   5.7629e-01   1.2773e+02   2.4035e+01   3.8365e-01   0.0000e+00   3.1211e+02
20260903_18:00:00   3.4165e-01   8.5079e+01   2.5095e+01   7.6235e-02   4.4862e-03   3.0783e+02
20260903_21:00:00   3.1926e-01   8.0367e+01   2.9300e+01   6.2181e-03   4.9511e-03   3.0212e+02
20260904_00:00:00   3.4844e-01   8.5983e+01   2.8448e+01   6.3230e-02   5.0535e-03   2.9857e+02
20260904_03:00:00   4.7181e-01   1.0891e+02   2.8810e+01   2.2118e-01   6.3825e-03   3.0183e+02
20260904_06:00:00   4.6806e-01   1.0823e+02   2.8195e+01   2.2232e-01   1.2545e-02   3.0693e+02
20260904_09:00:00   4.6025e-01   1.0680e+02   2.5075e+01   2.4267e-01   1.4726e-03   3.0604e+02
20260904_12:00:00   3.6475e-01   8.8595e+01   2.7099e+01   1.0571e-01   0.0000e+00   3.0247e+02
20260904_15:00:00   2.8936e-01   7.3325e+01   2.9192e+01   3.0866e-04   0.0000e+00   3.0225e+02
20260904_18:00:00   2.9642e-01   7.5168e+01   3.0884e+01   0.0000e+00   0.0000e+00   3.0518e+02
20260904_21:00:00   3.1076e-01   7.8249e+01   3.2930e+01   0.0000e+00   0.0000e+00   3.0771e+02
20260905_00:00:00   3.5003e-01   8.6208e+01   3.6374e+01   0.0000e+00   5.6700e-05   3.0570e+02
20260905_03:00:00   3.6632e-01   8.9472e+01   3.7581e+01   0.0000e+00   2.9621e-03   3.0621e+02
20260905_06:00:00   4.7297e-01   1.0936e+02   4.5209e+01   5.7820e-02   1.1740e-01   3.0557e+02
20260905_09:00:00   7.9257e-01   1.5584e+02   4.7869e+01   3.8589e-01   9.4614e-01   3.0512e+02
20260905_12:00:00   5.6439e-01   1.2612e+02   3.8220e+01   2.5119e-01   3.4067e-03   3.0851e+02
20260905_15:00:00   2.8115e-01   7.2568e+01   2.5027e+01   9.9118e-03   0.0000e+00   3.0825e+02
20260905_18:00:00   2.7724e-01   7.1772e+01   2.6056e+01   3.6020e-06   0.0000e+00   3.1285e+02
20260905_21:00:00   2.4838e-01   6.5089e+01   2.3612e+01   2.3520e-03   0.0000e+00   3.1720e+02
20260906_00:00:00   2.4275e-01   6.3422e+01   2.2256e+01   2.8960e-07   0.0000e+00   3.1217e+02
20260906_03:00:00   2.1709e-01   5.7421e+01   1.9641e+01   0.0000e+00   4.2160e-04   3.1037e+02
20260906_06:00:00   2.1135e-01   5.5865e+01   2.0118e+01   0.0000e+00   4.2229e-02   3.0873e+02
20260906_09:00:00   2.0671e-01   5.4615e+01   2.0722e+01   0.0000e+00   1.9238e-01   3.1153e+02
20260906_12:00:00   2.1983e-01   5.7541e+01   2.2995e+01   0.0000e+00   2.5278e-02   3.1432e+02
20260906_15:00:00   2.2770e-01   5.9445e+01   2.4272e+01   0.0000e+00   1.3719e-03   3.2047e+02
20260906_18:00:00   2.5632e-01   6.5789e+01   2.8016e+01   0.0000e+00   4.1390e-03   3.1988e+02
20260906_21:00:00   2.6829e-01   6.8448e+01   2.9574e+01   0.0000e+00   1.7384e-02   3.1773e+02
20260907_00:00:00   2.8081e-01   7.1142e+01   3.0426e+01   0.0000e+00   1.0903e-02   3.2285e+02
20260907_03:00:00   2.7836e-01   7.0660e+01   2.9259e+01   0.0000e+00   2.6027e-03   3.3397e+02
20260907_06:00:00   3.0610e-01   7.6430e+01   3.1009e+01   2.9145e-03   6.1612e-03   3.3948e+02
20260907_09:00:00   3.0619e-01   7.6416e+01   2.9102e+01   1.1412e-02   0.0000e+00   3.3767e+02
20260907_12:00:00   4.1175e-01   9.7061e+01   2.7762e+01   1.3100e-01   0.0000e+00   3.3285e+02
20260907_15:00:00   4.0454e-01   9.5661e+01   2.5005e+01   1.4771e-01   0.0000e+00   3.3910e+02
20260907_18:00:00   2.1766e-01   5.6969e+01   1.9792e+01   2.8862e-03   0.0000e+00   3.4973e+02
20260907_21:00:00   1.9935e-01   5.2635e+01   1.8664e+01   0.0000e+00   0.0000e+00   3.4895e+02
20260908_00:00:00   1.8911e-01   5.0070e+01   1.7182e+01   0.0000e+00   2.1422e-04   3.5059e+02
20260908_03:00:00   1.8191e-01   4.8346e+01   1.6345e+01   0.0000e+00   0.0000e+00   3.5059e+02
20260908_06:00:00   2.1505e-01   5.5945e+01   1.9600e+01   0.0000e+00   0.0000e+00   3.3659e+02
20260908_09:00:00   2.3062e-01   5.9344e+01   2.1794e+01   0.0000e+00   4.8135e-02   3.3344e+02
20260908_12:00:00   2.4335e-01   6.2038e+01   2.2876e+01   3.3380e-05   1.1178e-03   3.3933e+02
20260908_15:00:00   2.3225e-01   5.9745e+01   2.1852e+01   2.8020e-06   3.0401e-04   3.4918e+02
20260908_18:00:00   3.2431e-01   7.8765e+01   2.3692e+01   9.1464e-02   9.1174e-03   3.4326e+02
20260908_21:00:00   3.9038e-01   9.0792e+01   2.6712e+01   1.3451e-01   2.5280e-02   3.3720e+02
20260909_00:00:00   4.8975e-01   1.0859e+02   2.5615e+01   2.5460e-01   1.9718e-03   3.5212e+02
20260909_03:00:00   2.6371e-01   6.6224e+01   2.3573e+01   1.5394e-02   2.0537e-04   3.5371e+02
20260909_06:00:00   2.4505e-01   6.2288e+01   2.2739e+01   0.0000e+00   1.6012e-06   3.4674e+02
20260909_09:00:00   2.3836e-01   6.0853e+01   2.2187e+01   0.0000e+00   0.0000e+00   3.4124e+02
20260909_12:00:00   2.3947e-01   6.0997e+01   2.2067e+01   2.9844e-04   1.4985e-05   3.4423e+02
20260909_15:00:00   2.8990e-01   7.1310e+01   2.1228e+01   6.3045e-02   6.3571e-03   3.4012e+02
20260909_18:00:00   2.2411e-01   5.7555e+01   1.9787e+01   3.9751e-03   6.8033e-03   3.4632e+02
20260909_21:00:00   2.0172e-01   5.2828e+01   1.7636e+01   3.1921e-03   3.2020e-07   3.3553e+02
20260910_00:00:00   1.7023e-01   4.5757e+01   1.4506e+01   0.0000e+00   7.0460e-04   3.3303e+02
20260910_03:00:00   1.6970e-01   4.5480e+01   1.4739e+01   0.0000e+00   4.1758e-03   3.3349e+02
20260910_06:00:00   2.0386e-01   5.2986e+01   1.9535e+01   0.0000e+00   4.3665e-02   3.4132e+02
20260910_09:00:00   2.2992e-01   5.8613e+01   2.2696e+01   2.8780e-05   9.8277e-02   3.5183e+02
20260910_12:00:00   3.6710e-01   8.6126e+01   2.3231e+01   1.4748e-01   1.5041e-01   3.5311e+02
20260910_15:00:00   3.2379e-01   7.7949e+01   2.2102e+01   1.0781e-01   6.0706e-02   3.4917e+02
20260910_18:00:00   3.1664e-01   7.7005e+01   2.2439e+01   9.7008e-02   6.3398e-05   3.5345e+02
20260910_21:00:00   2.4929e-01   6.3361e+01   1.9709e+01   4.1085e-02   4.1699e-05   3.5008e+02
20260911_00:00:00   2.0339e-01   5.3284e+01   1.8543e+01   0.0000e+00   0.0000e+00   3.4977e+02
20260911_03:00:00   2.0753e-01   5.4081e+01   1.8618e+01   0.0000e+00   0.0000e+00   3.4454e+02
20260911_06:00:00   2.1384e-01   5.5328e+01   1.9520e+01   0.0000e+00   0.0000e+00   3.3801e+02
20260911_09:00:00   2.1609e-01   5.5732e+01   1.9652e+01   0.0000e+00   3.2020e-07   3.3611e+02
20260911_12:00:00   2.2389e-01   5.7365e+01   2.0638e+01   9.3000e-04   3.8180e-05   3.3666e+02
20260911_15:00:00   2.3551e-01   6.0029e+01   2.0145e+01   1.2020e-02   2.8160e-04   3.3592e+02
20260911_18:00:00   3.3000e-01   7.9788e+01   2.1797e+01   1.0821e-01   4.0780e-06   3.3740e+02
20260911_21:00:00   2.8879e-01   7.1453e+01   2.4250e+01   3.8530e-02   4.5731e-05   3.3091e+02
20260912_00:00:00   3.1004e-01   7.5816e+01   2.1621e+01   8.2684e-02   1.3730e-06   3.2921e+02
20260912_03:00:00   1.8983e-01   5.0065e+01   1.6446e+01   2.5174e-05   0.0000e+00   3.3104e+02
20260912_06:00:00   1.6810e-01   4.5072e+01   1.3877e+01   0.0000e+00   0.0000e+00   3.3439e+02
20260912_09:00:00   1.7039e-01   4.5577e+01   1.3918e+01   0.0000e+00   0.0000e+00   3.3926e+02
20260912_12:00:00   1.6823e-01   4.5075e+01   1.3258e+01   0.0000e+00   0.0000e+00   3.3973e+02
20260912_15:00:00   1.5978e-01   4.3225e+01   1.2579e+01   0.0000e+00   0.0000e+00   3.2692e+02
20260912_18:00:00   1.5759e-01   4.2890e+01   1.2752e+01   0.0000e+00   7.6020e-04   3.1725e+02
20260912_21:00:00   1.6639e-01   4.5113e+01   1.3994e+01   0.0000e+00   1.6028e-02   3.1376e+02
20260913_00:00:00   1.6264e-01   4.4247e+01   1.3674e+01   0.0000e+00   1.5474e-02   3.1358e+02
20260913_03:00:00   1.7386e-01   4.6768e+01   1.5070e+01   0.0000e+00   3.6967e-03   3.1019e+02
20260913_06:00:00   1.6735e-01   4.5150e+01   1.4788e+01   0.0000e+00   1.4622e-04   3.0203e+02
20260913_09:00:00   1.7908e-01   4.7727e+01   1.6756e+01   0.0000e+00   2.7022e-05   2.9709e+02
20260913_12:00:00   1.9193e-01   5.0506e+01   1.8911e+01   0.0000e+00   5.8869e-03   2.9527e+02
20260913_15:00:00   2.6858e-01   6.6888e+01   2.1061e+01   6.8720e-02   3.1537e-02   2.9315e+02
20260913_18:00:00   2.3708e-01   6.0764e+01   2.4091e+01   5.0062e-03   8.7400e-04   2.9482e+02
20260913_21:00:00   2.7819e-01   6.9435e+01   2.2526e+01   5.9073e-02   2.9762e-03   2.9383e+02
20260914_00:00:00   2.4234e-01   6.1990e+01   2.1527e+01   2.6334e-02   2.6620e-03   2.9213e+02
