#            date       tau255        Tb[K]      pwv[mm] lwp[kg*m^-2] iwp[kg*m^-2]       o3[DU]
20261005_18:00:00   1.5663e-01   4.1844e+01   1.1909e+01   3.2058e-03   9.4836e-04   3.3934e+02
20261005_19:00:00   1.4991e-01   4.0278e+01   1.1448e+01   0.0000e+00   5.9901e-06   3.4400e+02
20261005_20:00:00   1.3418e-01   3.6608e+01   9.3059e+00   0.0000e+00   0.0000e+00   3.5086e+02
20261005_21:00:00   1.2692e-01   3.4766e+01   8.4400e+00   0.0000e+00   0.0000e+00   3.5418e+02
20261005_22:00:00   1.2824e-01   3.4984e+01   8.5467e+00   0.0000e+00   0.0000e+00   3.5937e+02
20261005_23:00:00   1.3020e-01   3.5426e+01   8.6631e+00   0.0000e+00   0.0000e+00   3.6121e+02
20261006_00:00:00   1.2846e-01   3.4980e+01   8.4106e+00   0.0000e+00   0.0000e+00   3.6075e+02
20261006_01:00:00   1.2766e-01   3.4761e+01   8.2517e+00   0.0000e+00   0.0000e+00   3.5829e+02
20261006_02:00:00   1.2556e-01   3.4232e+01   7.9306e+00   0.0000e+00   0.0000e+00   3.5239e+02
20261006_03:00:00   1.2231e-01   3.3443e+01   7.4462e+00   0.0000e+00   0.0000e+00   3.4785e+02
20261006_04:00:00   1.1666e-01   3.2087e+01   6.7526e+00   0.0000e+00   0.0000e+00   3.4080e+02
20261006_05:00:00   1.1126e-01   3.0767e+01   6.1594e+00   0.0000e+00   0.0000e+00   3.3588e+02
20261006_06:00:00   1.1289e-01   3.1118e+01   6.4949e+00   0.0000e+00   6.0050e-08   3.3218e+02
20261006_07:00:00   1.1226e-01   3.0945e+01   6.6215e+00   0.0000e+00   1.0632e-06   3.3167e+02
20261006_08:00:00   1.1346e-01   3.1210e+01   7.0279e+00   0.0000e+00   0.0000e+00   3.3030e+02
20261006_09:00:00   1.1610e-01   3.1826e+01   7.5529e+00   0.0000e+00   1.1232e-06   3.2811e+02
20261006_10:00:00   1.1823e-01   3.2330e+01   7.9402e+00   0.0000e+00   0.0000e+00   3.2649e+02
20261006_11:00:00   1.2016e-01   3.2784e+01   8.2475e+00   0.0000e+00   6.0050e-08   3.2728e+02
20261006_12:00:00   1.2088e-01   3.2965e+01   8.3662e+00   0.0000e+00   1.1232e-06   3.2840e+02
20261006_13:00:00   1.2181e-01   3.3209e+01   8.5171e+00   0.0000e+00   6.0050e-08   3.3033e+02
20261006_14:00:00   1.2149e-01   3.3180e+01   8.5823e+00   0.0000e+00   0.0000e+00   3.3232e+02
20261006_15:00:00   1.2255e-01   3.3459e+01   8.8918e+00   0.0000e+00   0.0000e+00   3.3506e+02
20261006_16:00:00   1.2619e-01   3.4333e+01   9.4980e+00   0.0000e+00   0.0000e+00   3.3703e+02
20261006_17:00:00   1.2858e-01   3.4928e+01   9.9761e+00   0.0000e+00   0.0000e+00   3.3625e+02
20261006_18:00:00   1.3024e-01   3.5353e+01   1.0331e+01   0.0000e+00   0.0000e+00   3.3187e+02
20261006_19:00:00   1.3164e-01   3.5715e+01   1.0613e+01   0.0000e+00   0.0000e+00   3.2898e+02
20261006_20:00:00   1.3184e-01   3.5788e+01   1.0727e+01   0.0000e+00   0.0000e+00   3.2504e+02
20261006_21:00:00   1.3242e-01   3.5946e+01   1.0793e+01   0.0000e+00   0.0000e+00   3.2355e+02
20261006_22:00:00   1.3210e-01   3.5866e+01   1.0751e+01   0.0000e+00   0.0000e+00   3.2345e+02
20261006_23:00:00   1.3019e-01   3.5394e+01   1.0530e+01   0.0000e+00   0.0000e+00   3.2319e+02
20261007_00:00:00   1.2855e-01   3.5001e+01   1.0241e+01   0.0000e+00   0.0000e+00   3.2463e+02
20261007_01:00:00   1.2635e-01   3.4523e+01   9.7240e+00   0.0000e+00   0.0000e+00   3.2404e+02
20261007_02:00:00   1.2504e-01   3.4225e+01   9.5418e+00   0.0000e+00   0.0000e+00   3.2314e+02
20261007_03:00:00   1.2433e-01   3.4062e+01   9.4930e+00   0.0000e+00   0.0000e+00   3.2150e+02
20261007_04:00:00   1.2610e-01   3.4486e+01   9.8661e+00   0.0000e+00   1.4976e-05   3.1730e+02
20261007_05:00:00   1.2962e-01   3.5333e+01   1.0474e+01   0.0000e+00   0.0000e+00   3.1293e+02
20261007_06:00:00   1.3344e-01   3.6239e+01   1.1099e+01   0.0000e+00   7.8774e-05   3.1107e+02
20261007_07:00:00   1.3477e-01   3.6543e+01   1.1320e+01   0.0000e+00   2.2462e-05   3.1007e+02
20261007_08:00:00   1.3374e-01   3.6297e+01   1.1281e+01   0.0000e+00   2.2462e-05   3.0988e+02
20261007_09:00:00   1.2778e-01   3.4866e+01   1.0557e+01   0.0000e+00   5.6700e-06   3.0955e+02
20261007_10:00:00   1.2486e-01   3.4141e+01   1.0267e+01   0.0000e+00   3.0937e-04   3.1105e+02
20261007_11:00:00   1.3055e-01   3.5512e+01   1.1020e+01   0.0000e+00   1.3288e-04   3.1099e+02
20261007_12:00:00   1.4376e-01   3.8716e+01   1.2595e+01   0.0000e+00   0.0000e+00   3.1004e+02
20261007_13:00:00   1.5970e-01   4.2545e+01   1.4456e+01   0.0000e+00   0.0000e+00   3.0994e+02
20261007_14:00:00   1.7434e-01   4.6031e+01   1.6129e+01   0.0000e+00   0.0000e+00   3.0907e+02
20261007_15:00:00   1.8291e-01   4.8073e+01   1.7142e+01   0.0000e+00   0.0000e+00   3.0904e+02
20261007_16:00:00   1.8827e-01   4.9367e+01   1.7789e+01   0.0000e+00   1.1822e-04   3.0902e+02
20261007_17:00:00   1.9260e-01   5.0400e+01   1.8319e+01   0.0000e+00   5.9769e-04   3.0785e+02
20261007_18:00:00   2.0048e-01   5.2275e+01   1.9168e+01   0.0000e+00   1.2914e-04   3.0820e+02
20261007_19:00:00   2.0495e-01   5.3366e+01   1.9743e+01   0.0000e+00   0.0000e+00   3.0765e+02
20261007_20:00:00   2.0110e-01   5.2566e+01   1.9294e+01   0.0000e+00   0.0000e+00   3.0592e+02
20261007_21:00:00   1.9602e-01   5.1423e+01   1.8772e+01   0.0000e+00   0.0000e+00   3.0474e+02
20261007_22:00:00   1.8434e-01   4.8747e+01   1.7454e+01   0.0000e+00   1.9798e-03   3.0506e+02
20261007_23:00:00   1.7338e-01   4.6173e+01   1.6179e+01   0.0000e+00   3.9437e-03   3.0826e+02
20261008_00:00:00   1.7537e-01   4.6619e+01   1.6355e+01   4.4040e-06   1.5707e-03   3.0944e+02
20261008_01:00:00   1.8276e-01   4.8367e+01   1.7158e+01   0.0000e+00   9.5624e-06   3.1139e+02
20261008_02:00:00   1.9232e-01   5.0595e+01   1.8051e+01   0.0000e+00   5.6834e-04   3.1595e+02
20261008_03:00:00   1.9688e-01   5.1660e+01   1.8421e+01   0.0000e+00   6.6505e-04   3.1710e+02
20261008_04:00:00   2.0162e-01   5.2751e+01   1.8901e+01   0.0000e+00   3.2027e-03   3.1624e+02
20261008_05:00:00   2.0730e-01   5.4013e+01   1.9404e+01   0.0000e+00   2.5333e-03   3.1703e+02
20261008_06:00:00   2.0626e-01   5.3908e+01   1.8987e+01   0.0000e+00   1.0470e-03   3.1508e+02
20261008_07:00:00   2.0017e-01   5.2556e+01   1.8317e+01   0.0000e+00   1.0806e-04   3.1734e+02
20261008_08:00:00   2.0735e-01   5.4188e+01   1.9063e+01   0.0000e+00   5.8520e-06   3.1809e+02
20261008_09:00:00   2.1067e-01   5.4953e+01   1.9312e+01   0.0000e+00   0.0000e+00   3.1721e+02
20261008_10:00:00   2.1329e-01   5.5545e+01   1.9607e+01   0.0000e+00   0.0000e+00   3.1553e+02
20261008_11:00:00   2.1737e-01   5.6447e+01   2.0092e+01   0.0000e+00   0.0000e+00   3.1336e+02
20261008_12:00:00   2.1822e-01   5.6688e+01   2.0165e+01   0.0000e+00   0.0000e+00   3.1318e+02
20261008_13:00:00   2.2317e-01   5.7792e+01   2.0898e+01   0.0000e+00   0.0000e+00   3.1268e+02
20261008_14:00:00   2.3610e-01   6.0617e+01   2.2468e+01   0.0000e+00   0.0000e+00   3.1079e+02
20261008_15:00:00   2.4782e-01   6.3116e+01   2.3849e+01   0.0000e+00   3.0723e-04   3.0730e+02
20261008_16:00:00   2.5657e-01   6.5052e+01   2.4587e+01   6.7400e-04   1.1537e-03   3.1070e+02
20261008_17:00:00   3.5291e-01   8.4829e+01   2.5724e+01   9.5160e-02   1.2260e-03   3.1304e+02
20261008_18:00:00   3.4247e-01   8.2878e+01   2.4098e+01   9.6041e-02   1.1326e-03   3.1523e+02
20261008_19:00:00   4.7336e-01   1.0653e+02   2.2457e+01   2.5971e-01   9.6429e-04   3.1702e+02
20261008_20:00:00   2.3006e-01   5.9300e+01   2.0722e+01   0.0000e+00   9.5469e-04   3.1838e+02
20261008_21:00:00   1.9691e-01   5.1955e+01   1.6726e+01   0.0000e+00   4.3500e-05   3.2203e+02
20261008_22:00:00   1.7992e-01   4.8023e+01   1.4578e+01   0.0000e+00   4.6940e-04   3.2535e+02
20261008_23:00:00   1.5940e-01   4.3151e+01   1.2415e+01   0.0000e+00   1.1584e-06   3.2838e+02
20261009_00:00:00   1.5904e-01   4.2989e+01   1.2227e+01   0.0000e+00   6.4400e-05   3.3075e+02
20261009_01:00:00   1.4504e-01   3.9562e+01   1.0900e+01   0.0000e+00   6.5084e-05   3.3392e+02
20261009_02:00:00   1.4964e-01   4.0577e+01   1.1532e+01   0.0000e+00   0.0000e+00   3.3264e+02
20261009_03:00:00   1.5138e-01   4.0939e+01   1.1696e+01   0.0000e+00   0.0000e+00   3.3251e+02
20261009_04:00:00   1.4925e-01   4.0346e+01   1.1638e+01   0.0000e+00   1.2350e-04   3.3296e+02
20261009_05:00:00   1.5253e-01   4.1055e+01   1.2046e+01   0.0000e+00   0.0000e+00   3.3227e+02
20261009_06:00:00   1.4786e-01   3.9957e+01   1.1190e+01   0.0000e+00   0.0000e+00   3.3114e+02
20261009_07:00:00   1.4428e-01   3.9078e+01   1.0583e+01   0.0000e+00   1.4176e-05   3.3122e+02
20261009_08:00:00   1.3273e-01   3.6240e+01   9.1935e+00   0.0000e+00   3.9523e-04   3.3302e+02
20261009_09:00:00   1.3316e-01   3.6269e+01   9.3119e+00   0.0000e+00   1.4869e-03   3.3365e+02
20261009_10:00:00   1.3159e-01   3.5846e+01   9.2866e+00   0.0000e+00   9.5102e-04   3.3236e+02
20261009_11:00:00   1.3015e-01   3.5453e+01   9.2447e+00   0.0000e+00   1.0136e-06   3.2828e+02
20261009_12:00:00   1.2976e-01   3.5338e+01   9.2083e+00   0.0000e+00   0.0000e+00   3.2732e+02
20261009_13:00:00   1.3232e-01   3.5968e+01   9.3278e+00   0.0000e+00   0.0000e+00   3.2673e+02
20261009_14:00:00   1.3822e-01   3.7425e+01   9.6982e+00   0.0000e+00   0.0000e+00   3.2629e+02
20261009_15:00:00   1.4287e-01   3.8525e+01   1.0134e+01   0.0000e+00   0.0000e+00   3.2449e+02
20261009_16:00:00   1.4146e-01   3.8197e+01   9.9526e+00   0.0000e+00   2.8960e-07   3.2267e+02
20261009_17:00:00   1.3762e-01   3.7285e+01   9.6023e+00   0.0000e+00   0.0000e+00   3.2144e+02
20261009_18:00:00   1.3105e-01   3.5738e+01   8.9976e+00   0.0000e+00   0.0000e+00   3.2201e+02
20261009_19:00:00   1.3131e-01   3.5778e+01   9.1330e+00   0.0000e+00   0.0000e+00   3.2260e+02
20261009_20:00:00   1.3530e-01   3.6726e+01   9.5952e+00   0.0000e+00   0.0000e+00   3.2279e+02
20261009_21:00:00   1.4086e-01   3.8023e+01   1.0242e+01   0.0000e+00   2.1800e-07   3.2603e+02
20261009_22:00:00   1.4817e-01   3.9697e+01   1.1022e+01   0.0000e+00   2.9960e-06   3.2821e+02
20261009_23:00:00   1.5365e-01   4.0936e+01   1.1599e+01   0.0000e+00   0.0000e+00   3.2983e+02
20261010_00:00:00   1.5732e-01   4.1775e+01   1.1971e+01   0.0000e+00   0.0000e+00   3.3023e+02
20261010_01:00:00   1.5510e-01   4.1317e+01   1.1711e+01   0.0000e+00   0.0000e+00   3.2984e+02
20261010_02:00:00   1.5140e-01   4.0486e+01   1.1236e+01   0.0000e+00   0.0000e+00   3.2807e+02
20261010_03:00:00   1.4405e-01   3.8803e+01   1.0374e+01   0.0000e+00   0.0000e+00   3.2646e+02
20261010_04:00:00   1.4571e-01   3.9187e+01   1.0616e+01   0.0000e+00   0.0000e+00   3.2332e+02
20261010_05:00:00   1.4716e-01   3.9566e+01   1.0698e+01   0.0000e+00   0.0000e+00   3.2201e+02
20261010_06:00:00   1.5521e-01   4.1439e+01   1.1603e+01   0.0000e+00   2.8360e-06   3.2267e+02
20261010_07:00:00   1.6486e-01   4.3617e+01   1.2609e+01   0.0000e+00   1.6012e-07   3.2147e+02
20261010_08:00:00   1.7153e-01   4.5069e+01   1.3277e+01   5.4980e-04   1.1406e-04   3.2017e+02
20261010_09:00:00   1.5849e-01   4.2093e+01   1.1855e+01   0.0000e+00   0.0000e+00   3.1947e+02
20261010_10:00:00   1.5143e-01   4.0422e+01   1.1172e+01   0.0000e+00   1.0834e-06   3.1881e+02
20261010_11:00:00   1.4490e-01   3.8851e+01   1.0440e+01   0.0000e+00   0.0000e+00   3.1374e+02
20261010_12:00:00   1.3884e-01   3.7439e+01   9.7898e+00   0.0000e+00   3.6180e-05   3.1333e+02
20261010_13:00:00   1.3618e-01   3.6808e+01   9.6216e+00   0.0000e+00   3.1440e-04   3.0874e+02
20261010_14:00:00   1.3239e-01   3.5899e+01   9.4830e+00   0.0000e+00   3.5278e-04   3.0460e+02
20261010_15:00:00   1.3386e-01   3.6276e+01   9.7306e+00   0.0000e+00   1.7372e-03   3.0089e+02
20261010_16:00:00   1.3012e-01   3.5426e+01   9.4803e+00   0.0000e+00   6.5618e-03   2.9639e+02
20261010_17:00:00   1.2654e-01   3.4614e+01   9.2632e+00   0.0000e+00   1.0261e-02   2.9335e+02
20261010_18:00:00   1.2547e-01   3.4401e+01   9.2027e+00   0.0000e+00   1.1317e-02   2.8960e+02
20261010_21:00:00   1.2292e-01   3.3936e+01   8.8203e+00   0.0000e+00   1.1706e-02   2.8471e+02
20261011_00:00:00   1.2780e-01   3.5137e+01   9.7655e+00   0.0000e+00   1.7635e-02   2.8625e+02
20261011_03:00:00   1.3653e-01   3.7207e+01   1.1347e+01   0.0000e+00   1.9407e-02   2.8506e+02
20261011_06:00:00   1.4510e-01   3.9298e+01   1.2698e+01   0.0000e+00   1.4024e-02   2.8821e+02
20261011_09:00:00   1.6090e-01   4.3087e+01   1.4728e+01   0.0000e+00   3.8272e-03   2.8755e+02
20261011_12:00:00   1.6836e-01   4.4974e+01   1.5404e+01   0.0000e+00   2.9954e-03   2.8985e+02
20261011_15:00:00   1.7869e-01   4.7443e+01   1.6943e+01   0.0000e+00   8.6794e-03   2.8439e+02
20261011_18:00:00   1.9263e-01   5.0497e+01   1.9105e+01   0.0000e+00   3.5833e-01   2.8678e+02
20261011_21:00:00   8.5596e-01   1.5868e+02   2.9868e+01   6.4698e-01   6.4131e-01   2.8341e+02
20261012_00:00:00   9.5224e-01   1.7098e+02   3.5601e+01   6.9444e-01   3.0655e-01   2.8074e+02
20261012_03:00:00   1.4514e+00   2.1533e+02   3.3244e+01   1.3096e+00   2.8028e-04   2.8879e+02
20261012_06:00:00   1.4037e+00   2.1335e+02   3.4080e+01   1.2688e+00   1.1208e-06   2.8174e+02
20261012_09:00:00   1.0399e+00   1.8305e+02   3.2634e+01   8.5387e-01   6.6089e-03   2.8234e+02
20261012_12:00:00   4.6459e-01   1.0568e+02   3.2817e+01   1.6443e-01   4.4020e-02   2.8492e+02
20261012_15:00:00   2.6251e-01   6.6661e+01   2.4438e+01   6.2874e-03   6.9750e-04   2.7491e+02
20261012_18:00:00   2.5291e-01   6.4704e+01   2.3725e+01   4.3560e-03   0.0000e+00   2.7495e+02
20261012_21:00:00   2.4809e-01   6.3356e+01   2.3345e+01   2.5280e-03   0.0000e+00   2.7559e+02
20261013_00:00:00   2.0847e-01   5.4378e+01   1.8798e+01   0.0000e+00   1.4926e-04   2.7703e+02
20261013_03:00:00   1.6030e-01   4.2940e+01   1.3537e+01   2.5040e-05   0.0000e+00   2.6806e+02
20261013_06:00:00   1.2282e-01   3.3718e+01   9.6569e+00   0.0000e+00   0.0000e+00   2.6862e+02
20261013_09:00:00   1.1381e-01   3.1475e+01   8.3579e+00   1.1337e-04   1.5378e-05   2.6893e+02
20261013_12:00:00   1.0912e-01   3.0397e+01   7.3135e+00   1.3524e-05   0.0000e+00   2.6386e+02
20261013_15:00:00   1.1564e-01   3.1986e+01   8.2934e+00   0.0000e+00   3.5104e-04   2.6426e+02
20261013_18:00:00   1.2800e-01   3.5006e+01   1.0444e+01   0.0000e+00   2.1881e-03   2.6575e+02
20261013_21:00:00   1.3895e-01   3.7696e+01   1.2029e+01   0.0000e+00   7.9220e-05   2.6511e+02
20261014_00:00:00   1.6475e-01   4.3821e+01   1.5308e+01   0.0000e+00   5.5868e-04   2.6584e+02
20261014_03:00:00   1.9804e-01   5.1425e+01   1.9543e+01   0.0000e+00   3.1726e-02   2.6187e+02
20261014_06:00:00   2.3415e-01   5.9553e+01   2.3226e+01   0.0000e+00   5.0641e-02   2.5644e+02
20261014_09:00:00   2.6211e-01   6.5672e+01   2.5933e+01   0.0000e+00   1.2339e-04   2.5708e+02
20261014_12:00:00   2.8273e-01   7.0228e+01   2.7983e+01   0.0000e+00   2.6366e-05   2.5507e+02
20261014_15:00:00   2.4781e-01   6.3155e+01   2.4647e+01   0.0000e+00   8.4665e-03   2.5270e+02
20261014_18:00:00   2.4388e-01   6.2438e+01   2.4842e+01   0.0000e+00   2.5384e-02   2.5021e+02
20261014_21:00:00   2.1048e-01   5.5325e+01   2.0148e+01   0.0000e+00   5.7695e-02   2.5086e+02
20261015_00:00:00   2.2142e-01   5.7644e+01   2.2189e+01   0.0000e+00   4.8453e-02   2.4931e+02
20261015_03:00:00   2.6631e-01   6.7288e+01   2.7943e+01   0.0000e+00   2.0051e-01   2.5243e+02
20261015_06:00:00   3.5914e-01   8.6014e+01   3.5228e+01   3.3916e-02   9.6322e-02   2.5195e+02
20261015_09:00:00   3.5078e-01   8.4880e+01   3.6239e+01   1.4480e-07   1.6783e-02   2.5290e+02
20261015_12:00:00   3.8664e-01   9.2127e+01   3.6996e+01   2.6796e-02   5.9928e-04   2.5835e+02
20261015_15:00:00   7.1609e-01   1.4594e+02   3.6449e+01   4.1918e-01   1.1958e-04   2.5967e+02
20261015_18:00:00   3.4361e-01   8.3598e+01   2.2247e+01   1.0504e-01   7.6106e-03   2.6059e+02
20261015_21:00:00   1.3950e-01   3.8297e+01   9.6905e+00   0.0000e+00   3.6751e-02   2.6809e+02
20261016_00:00:00   1.2786e-01   3.5304e+01   8.2548e+00   0.0000e+00   1.8756e-02   2.6923e+02
20261016_03:00:00   1.1192e-01   3.1361e+01   6.4561e+00   0.0000e+00   2.8876e-04   2.6547e+02
20261016_06:00:00   1.0746e-01   3.0202e+01   6.1853e+00   0.0000e+00   2.2703e-02   2.6108e+02
20261016_09:00:00   1.1608e-01   3.2238e+01   7.2262e+00   0.0000e+00   1.9702e-02   2.6116e+02
20261016_12:00:00   1.1288e-01   3.1380e+01   7.1915e+00   0.0000e+00   2.5340e-03   2.6007e+02
20261016_15:00:00   1.1215e-01   3.1204e+01   7.3200e+00   0.0000e+00   4.8730e-03   2.5980e+02
20261016_18:00:00   1.4544e-01   3.9162e+01   1.2255e+01   0.0000e+00   1.1588e-02   2.5794e+02
20261016_21:00:00   1.7956e-01   4.7019e+01   1.7078e+01   1.9402e-05   1.2711e-01   2.6079e+02
20261017_00:00:00   7.4931e-01   1.4658e+02   3.2259e+01   5.1111e-01   2.0030e-02   2.6162e+02
20261017_03:00:00   1.5959e+00   2.2132e+02   3.5834e+01   1.4417e+00   9.8164e-02   2.5954e+02
20261017_06:00:00   7.2374e-01   1.4557e+02   3.1352e+01   5.0017e-01   1.3952e-01   2.5787e+02
20261017_09:00:00   1.3175e+00   2.0763e+02   3.3946e+01   1.1937e+00   1.3230e-02   2.5996e+02
20261017_12:00:00   8.7802e-01   1.6613e+02   3.6288e+01   6.2918e-01   1.3856e-02   2.6863e+02
20261017_15:00:00   7.0649e-01   1.4433e+02   3.9166e+01   3.8853e-01   1.0345e-01   2.6804e+02
20261017_18:00:00   1.0334e+00   1.8016e+02   3.9162e+01   7.4482e-01   2.0135e-01   2.6475e+02
20261017_21:00:00   1.5859e+00   2.2050e+02   3.5840e+01   1.4102e+00   2.8445e-01   2.6613e+02
20261018_00:00:00   9.1632e-01   1.6608e+02   3.1625e+01   6.9091e-01   3.9813e-01   2.7391e+02
20261018_03:00:00   5.9239e-01   1.2360e+02   2.7113e+01   3.7163e-01   5.1110e-01   2.7485e+02
20261018_06:00:00   7.4029e-01   1.4278e+02   2.5471e+01   5.4547e-01   4.4270e-01   2.7566e+02
20261018_09:00:00   5.9279e-01   1.2254e+02   1.9854e+01   4.3074e-01   3.1865e-01   2.7345e+02
20261018_12:00:00   1.4361e-01   3.8310e+01   9.6104e+00   5.4120e-03   3.6828e-02   2.8333e+02
20261018_15:00:00   1.5910e-01   4.1733e+01   8.3397e+00   2.9863e-02   6.3283e-04   2.9413e+02
20261018_18:00:00   1.2560e-01   3.3709e+01   6.8885e+00   6.8020e-03   8.4685e-03   3.2357e+02
20261018_21:00:00   1.1333e-01   3.0685e+01   5.8768e+00   0.0000e+00   7.7415e-05   3.4513e+02
20261019_00:00:00   1.0236e-01   2.8038e+01   4.5201e+00   0.0000e+00   4.0780e-06   3.5001e+02
20261019_03:00:00   9.6689e-02   2.6785e+01   3.9910e+00   0.0000e+00   4.0780e-06   3.2925e+02
20261019_06:00:00   9.6509e-02   2.6764e+01   4.4632e+00   0.0000e+00   0.0000e+00   3.2343e+02
20261019_09:00:00   1.0423e-01   2.8570e+01   6.1852e+00   0.0000e+00   1.0441e-04   3.1139e+02
20261019_12:00:00   1.0815e-01   2.9516e+01   7.0603e+00   0.0000e+00   1.7301e-03   3.0906e+02
20261019_15:00:00   1.3377e-01   3.5571e+01   1.0898e+01   0.0000e+00   1.1338e-02   3.1310e+02
20261019_18:00:00   1.3943e-01   3.6901e+01   1.1721e+01   0.0000e+00   1.1167e-01   3.0867e+02
20261019_21:00:00   1.5697e-01   4.0975e+01   1.3881e+01   0.0000e+00   2.3596e-01   3.0894e+02
20261020_00:00:00   1.7105e-01   4.4213e+01   1.5272e+01   9.6754e-06   8.2159e-02   3.1554e+02
20261020_03:00:00   1.6891e-01   4.3892e+01   1.3745e+01   1.7328e-03   1.1531e-01   3.2766e+02
20261020_06:00:00   1.5268e-01   4.0328e+01   1.1668e+01   1.8081e-03   3.5330e-04   3.3615e+02
20261020_09:00:00   1.5818e-01   4.1583e+01   1.2712e+01   0.0000e+00   5.6885e-03   3.3659e+02
20261020_12:00:00   1.4916e-01   3.9671e+01   1.1215e+01   0.0000e+00   2.7268e-03   3.3695e+02
20261020_15:00:00   2.0956e-01   5.3381e+01   1.2414e+01   5.3900e-02   4.4220e-04   3.3033e+02
20261020_18:00:00   1.4276e-01   3.8525e+01   1.0224e+01   1.1342e-04   2.9960e-06   3.3426e+02
20261020_21:00:00   1.6137e-01   4.2833e+01   1.3175e+01   0.0000e+00   2.6039e-04   3.2584e+02
20261021_00:00:00   1.7173e-01   4.5181e+01   1.5319e+01   0.0000e+00   4.9333e-02   2.9787e+02
20261021_03:00:00   2.1238e-01   5.4299e+01   2.0587e+01   0.0000e+00   6.1865e-03   2.8419e+02
20261021_06:00:00   2.0477e-01   5.2876e+01   2.0338e+01   0.0000e+00   2.1532e-02   2.7648e+02
20261021_09:00:00   2.1880e-01   5.6333e+01   2.1968e+01   0.0000e+00   9.4361e-03   2.7690e+02
20261021_12:00:00   2.4206e-01   6.1588e+01   2.3778e+01   0.0000e+00   5.8324e-04   2.7556e+02
20261021_15:00:00   2.2058e-01   5.7182e+01   1.7891e+01   2.7100e-02   0.0000e+00   2.7056e+02
20261021_18:00:00   1.9034e-01   5.0414e+01   1.7630e+01   0.0000e+00   0.0000e+00   2.6841e+02
