#            date       tau255        Tb[K]      pwv[mm] lwp[kg*m^-2] iwp[kg*m^-2]       o3[DU]
20260917_18:00:00   8.5990e-01   1.6475e+02   4.9001e+01   4.5838e-01   1.0736e-02   2.8955e+02
20260917_19:00:00   1.7384e+00   2.3313e+02   5.0291e+01   1.4560e+00   3.9406e-02   2.8880e+02
20260917_20:00:00   1.8024e+00   2.3677e+02   5.0362e+01   1.5348e+00   7.4835e-02   2.9010e+02
20260917_21:00:00   1.9237e+00   2.4387e+02   5.0448e+01   1.7142e+00   6.3201e-04   2.8956e+02
20260917_22:00:00   1.4040e+00   2.1683e+02   4.9882e+01   1.1215e+00   1.9759e-04   2.8981e+02
20260917_23:00:00   1.0064e+00   1.8221e+02   4.9102e+01   6.2559e-01   6.6977e-05   2.9012e+02
20260918_00:00:00   1.6100e+00   2.2898e+02   4.9177e+01   1.3472e+00   4.1509e-03   2.8914e+02
20260918_01:00:00   1.8570e+00   2.4234e+02   4.8380e+01   1.6784e+00   3.9324e-03   2.8609e+02
20260918_02:00:00   8.2351e-01   1.6240e+02   4.6030e+01   4.5536e-01   3.4835e-03   2.8594e+02
20260918_03:00:00   1.0373e+00   1.8690e+02   4.5034e+01   7.4383e-01   2.4544e-03   2.8690e+02
20260918_04:00:00   8.7255e-01   1.6868e+02   4.3642e+01   5.5008e-01   1.5284e-03   2.8904e+02
20260918_05:00:00   7.1741e-01   1.4845e+02   4.1829e+01   3.6969e-01   3.4652e-04   2.8643e+02
20260918_06:00:00   5.2831e-01   1.1911e+02   3.9606e+01   1.5176e-01   6.8542e-05   2.8512e+02
20260918_07:00:00   4.5966e-01   1.0694e+02   3.8056e+01   7.7845e-02   1.5493e-03   2.8568e+02
20260918_08:00:00   5.4550e-01   1.2160e+02   3.6737e+01   1.9778e-01   4.2680e-04   2.8893e+02
20260918_09:00:00   3.8466e-01   9.2760e+01   3.4621e+01   2.4540e-02   9.4660e-04   2.9315e+02
20260918_10:00:00   3.6405e-01   8.8613e+01   3.4206e+01   2.3580e-03   2.7080e-06   2.9549e+02
20260918_11:00:00   3.3675e-01   8.3133e+01   3.1811e+01   0.0000e+00   0.0000e+00   2.9818e+02
20260918_12:00:00   3.1338e-01   7.8363e+01   2.9194e+01   0.0000e+00   0.0000e+00   2.9896e+02
20260918_13:00:00   2.6598e-01   6.8220e+01   2.5030e+01   0.0000e+00   0.0000e+00   2.9953e+02
20260918_14:00:00   2.3384e-01   6.1052e+01   2.2199e+01   0.0000e+00   0.0000e+00   3.0235e+02
20260918_15:00:00   2.3420e-01   6.1100e+01   2.2280e+01   0.0000e+00   6.5587e-04   3.0828e+02
20260918_16:00:00   2.2062e-01   5.8099e+01   2.0717e+01   0.0000e+00   4.8343e-04   3.0870e+02
20260918_17:00:00   2.2141e-01   5.8227e+01   2.0643e+01   0.0000e+00   7.3500e-05   3.0681e+02
20260918_18:00:00   2.1339e-01   5.6431e+01   1.9726e+01   0.0000e+00   5.2041e-04   3.0279e+02
20260918_19:00:00   2.0080e-01   5.3512e+01   1.8391e+01   0.0000e+00   1.3130e-03   3.0055e+02
20260918_20:00:00   1.8533e-01   4.9901e+01   1.6295e+01   0.0000e+00   1.1822e-04   3.0175e+02
20260918_21:00:00   1.7583e-01   4.7626e+01   1.5148e+01   0.0000e+00   3.3965e-04   3.0281e+02
20260918_22:00:00   1.5822e-01   4.3324e+01   1.3219e+01   0.0000e+00   2.2648e-02   3.0236e+02
20260918_23:00:00   1.4387e-01   3.9667e+01   1.1905e+01   0.0000e+00   1.3869e-01   3.0291e+02
20260919_00:00:00   1.2583e-01   3.5121e+01   1.0022e+01   0.0000e+00   4.8750e-02   3.0170e+02
20260919_01:00:00   1.1908e-01   3.3338e+01   9.2604e+00   0.0000e+00   8.8368e-02   3.0190e+02
20260919_02:00:00   1.2168e-01   3.3926e+01   9.6447e+00   0.0000e+00   4.0485e-02   3.0124e+02
20260919_03:00:00   1.2557e-01   3.4856e+01   1.0043e+01   0.0000e+00   4.1090e-02   3.0210e+02
20260919_04:00:00   1.2303e-01   3.4246e+01   9.4962e+00   0.0000e+00   1.1612e-02   3.0329e+02
20260919_05:00:00   1.1915e-01   3.3284e+01   8.8366e+00   0.0000e+00   1.3721e-03   3.0237e+02
20260919_06:00:00   1.1660e-01   3.2602e+01   8.5569e+00   0.0000e+00   2.3235e-03   3.0182e+02
20260919_07:00:00   1.1626e-01   3.2433e+01   8.6663e+00   0.0000e+00   3.5203e-03   3.0129e+02
20260919_08:00:00   1.1219e-01   3.1419e+01   8.1836e+00   0.0000e+00   4.1701e-04   3.0088e+02
20260919_09:00:00   1.0735e-01   3.0219e+01   7.4845e+00   0.0000e+00   4.4198e-04   2.9846e+02
20260919_10:00:00   1.0666e-01   3.0021e+01   7.3467e+00   0.0000e+00   0.0000e+00   2.9526e+02
20260919_11:00:00   1.0959e-01   3.0695e+01   7.7057e+00   0.0000e+00   3.1320e-04   2.9616e+02
20260919_12:00:00   1.1153e-01   3.1176e+01   7.9199e+00   0.0000e+00   1.4847e-05   2.9907e+02
20260919_13:00:00   1.1421e-01   3.1843e+01   8.2202e+00   0.0000e+00   0.0000e+00   3.0342e+02
20260919_14:00:00   1.1703e-01   3.2569e+01   8.5487e+00   0.0000e+00   0.0000e+00   3.0464e+02
20260919_15:00:00   1.1671e-01   3.2525e+01   8.6623e+00   0.0000e+00   8.0060e-07   3.0339e+02
20260919_16:00:00   1.2005e-01   3.3365e+01   9.1887e+00   0.0000e+00   1.0138e-04   3.0098e+02
20260919_17:00:00   1.2514e-01   3.4619e+01   9.9698e+00   0.0000e+00   3.5767e-04   2.9925e+02
20260919_18:00:00   1.2536e-01   3.4732e+01   1.0076e+01   0.0000e+00   7.6920e-06   2.9882e+02
20260919_19:00:00   1.2657e-01   3.5046e+01   1.0329e+01   0.0000e+00   1.1974e-03   2.9809e+02
20260919_20:00:00   1.2828e-01   3.5496e+01   1.0570e+01   0.0000e+00   3.4358e-03   3.0048e+02
20260919_21:00:00   1.3075e-01   3.6121e+01   1.0880e+01   0.0000e+00   1.9926e-05   3.0233e+02
20260919_22:00:00   1.3435e-01   3.7019e+01   1.1218e+01   0.0000e+00   0.0000e+00   3.0342e+02
20260919_23:00:00   1.3593e-01   3.7406e+01   1.1286e+01   0.0000e+00   0.0000e+00   3.0247e+02
20260920_00:00:00   1.4020e-01   3.8421e+01   1.1694e+01   0.0000e+00   0.0000e+00   2.9988e+02
20260920_01:00:00   1.4340e-01   3.9159e+01   1.1963e+01   0.0000e+00   1.9908e-05   2.9946e+02
20260920_02:00:00   1.4703e-01   4.0003e+01   1.2306e+01   0.0000e+00   0.0000e+00   2.9812e+02
20260920_03:00:00   1.5198e-01   4.1143e+01   1.2874e+01   0.0000e+00   4.5820e-05   2.9823e+02
20260920_04:00:00   1.5708e-01   4.2315e+01   1.3458e+01   0.0000e+00   1.9088e-03   2.9661e+02
20260920_05:00:00   1.5625e-01   4.2095e+01   1.3473e+01   0.0000e+00   5.6478e-03   2.9593e+02
20260920_06:00:00   1.5592e-01   4.1980e+01   1.3480e+01   0.0000e+00   1.0048e-02   2.9453e+02
20260920_07:00:00   1.5900e-01   4.2663e+01   1.3886e+01   0.0000e+00   1.8685e-02   2.9438e+02
20260920_08:00:00   1.6024e-01   4.2934e+01   1.4205e+01   0.0000e+00   5.1715e-03   2.9398e+02
20260920_09:00:00   1.6568e-01   4.4121e+01   1.5165e+01   1.2410e-05   1.1932e-02   2.9476e+02
20260920_10:00:00   1.7110e-01   4.5317e+01   1.6033e+01   0.0000e+00   5.1030e-02   2.9649e+02
20260920_11:00:00   1.8078e-01   4.7484e+01   1.7638e+01   0.0000e+00   1.6007e-02   2.9728e+02
20260920_12:00:00   1.9911e-01   5.1545e+01   1.9117e+01   7.8623e-03   2.6228e-02   2.9608e+02
20260920_13:00:00   2.1048e-01   5.4101e+01   2.1048e+01   4.4161e-03   2.6035e-02   2.9547e+02
20260920_14:00:00   3.5507e-01   8.3491e+01   2.4173e+01   1.3975e-01   3.9082e-02   2.9510e+02
20260920_15:00:00   7.4150e-01   1.4432e+02   2.6147e+01   5.5640e-01   2.7869e-02   2.9324e+02
20260920_16:00:00   7.7523e-01   1.4872e+02   2.7620e+01   5.7863e-01   5.3958e-02   2.9309e+02
20260920_17:00:00   9.6260e-01   1.7019e+02   2.9058e+01   7.7386e-01   4.2772e-02   2.9445e+02
20260920_18:00:00   8.8116e-01   1.6181e+02   3.0805e+01   6.6367e-01   3.2414e-01   2.9287e+02
20260920_19:00:00   8.2892e-01   1.5579e+02   3.1264e+01   5.9608e-01   2.1488e-01   2.9193e+02
20260920_20:00:00   1.0361e+00   1.7821e+02   3.1516e+01   8.2723e-01   2.8173e-01   2.9099e+02
20260920_21:00:00   1.2920e+00   2.0063e+02   3.1232e+01   1.1218e+00   1.9083e-01   2.8994e+02
20260920_22:00:00   1.3327e+00   2.0404e+02   3.0476e+01   1.1716e+00   2.1359e-01   2.8885e+02
20260920_23:00:00   1.3006e+00   2.0253e+02   2.9270e+01   1.1495e+00   2.6356e-02   2.8809e+02
20260921_00:00:00   1.3505e+00   2.0657e+02   2.8699e+01   1.2149e+00   1.5128e-02   2.8630e+02
20260921_01:00:00   1.3094e+00   2.0374e+02   2.7925e+01   1.1744e+00   1.8461e-03   2.8688e+02
20260921_02:00:00   1.3710e+00   2.0839e+02   2.6852e+01   1.2583e+00   7.7578e-03   2.8830e+02
20260921_03:00:00   1.2511e+00   1.9966e+02   2.6260e+01   1.1281e+00   2.3918e-02   2.8761e+02
20260921_04:00:00   9.6139e-01   1.7327e+02   2.5248e+01   8.0580e-01   5.6589e-02   2.8815e+02
20260921_05:00:00   7.1934e-01   1.4443e+02   2.3939e+01   5.3765e-01   7.4547e-02   2.8796e+02
20260921_06:00:00   5.3111e-01   1.1650e+02   2.2655e+01   3.3142e-01   9.1022e-02   2.8680e+02
20260921_07:00:00   4.2740e-01   9.8672e+01   2.1699e+01   2.2178e-01   5.5553e-02   2.8717e+02
20260921_08:00:00   3.8336e-01   9.0487e+01   2.0513e+01   1.8308e-01   2.7077e-02   2.8778e+02
20260921_09:00:00   3.0204e-01   7.4439e+01   1.9027e+01   1.0393e-01   3.3004e-02   2.8758e+02
20260921_10:00:00   2.4255e-01   6.1897e+01   1.7139e+01   5.5879e-02   9.3681e-02   2.8784e+02
20260921_11:00:00   2.0364e-01   5.3234e+01   1.5638e+01   2.7280e-02   3.9325e-02   2.8802e+02
20260921_12:00:00   1.7104e-01   4.5684e+01   1.4635e+01   1.3170e-03   1.1581e-01   2.8706e+02
20260921_13:00:00   1.6518e-01   4.4305e+01   1.4109e+01   0.0000e+00   1.0091e-01   2.8770e+02
20260921_14:00:00   1.6453e-01   4.4165e+01   1.4011e+01   0.0000e+00   1.0489e-01   2.8751e+02
20260921_15:00:00   1.6177e-01   4.3569e+01   1.3584e+01   0.0000e+00   1.0819e-01   2.8784e+02
20260921_16:00:00   1.5942e-01   4.3046e+01   1.3340e+01   0.0000e+00   8.1529e-02   2.8872e+02
20260921_17:00:00   1.6273e-01   4.3834e+01   1.3747e+01   1.1208e-05   8.9509e-02   2.8765e+02
20260921_18:00:00   1.6106e-01   4.3452e+01   1.3701e+01   0.0000e+00   9.3916e-02   2.8753e+02
20260921_19:00:00   1.5867e-01   4.2906e+01   1.3447e+01   4.3440e-07   8.2798e-02   2.8748e+02
20260921_20:00:00   1.5458e-01   4.1948e+01   1.3008e+01   1.7954e-05   2.3504e-02   2.8804e+02
20260921_21:00:00   1.4455e-01   3.9558e+01   1.1905e+01   1.4994e-04   2.1754e-02   2.8656e+02
20260921_22:00:00   1.3757e-01   3.7867e+01   1.1137e+01   1.2886e-05   1.0856e-02   2.8672e+02
20260921_23:00:00   1.3358e-01   3.6849e+01   1.0741e+01   0.0000e+00   5.3824e-03   2.8791e+02
20260922_00:00:00   1.3271e-01   3.6620e+01   1.0577e+01   0.0000e+00   6.3267e-03   2.8893e+02
20260922_01:00:00   1.3723e-01   3.7680e+01   1.1174e+01   0.0000e+00   6.9022e-03   2.9004e+02
20260922_02:00:00   1.6028e-01   4.3052e+01   1.4032e+01   0.0000e+00   3.7823e-02   2.8983e+02
20260922_03:00:00   1.9697e-01   5.1230e+01   1.6971e+01   1.3783e-02   2.6623e-01   2.8974e+02
20260922_04:00:00   2.9024e-01   7.0385e+01   1.8390e+01   1.0890e-01   3.4742e-01   2.9003e+02
20260922_05:00:00   4.1415e-01   9.3246e+01   2.0920e+01   2.2874e-01   3.5786e-01   2.8927e+02
20260922_06:00:00   4.1489e-01   9.3706e+01   2.2617e+01   2.1607e-01   2.8360e-01   2.8986e+02
20260922_07:00:00   3.8215e-01   8.8079e+01   2.3582e+01   1.7324e-01   3.2052e-01   2.9147e+02
20260922_08:00:00   3.5951e-01   8.3941e+01   2.4261e+01   1.4142e-01   7.8603e-01   2.9282e+02
20260922_09:00:00   4.8193e-01   1.0591e+02   2.6710e+01   2.5398e-01   6.2105e-01   2.9337e+02
20260922_10:00:00   8.4498e-01   1.5683e+02   2.7952e+01   6.5064e-01   6.2083e-01   2.9313e+02
20260922_11:00:00   1.1272e+00   1.8535e+02   2.8464e+01   9.6166e-01   6.8809e-01   2.9346e+02
20260922_12:00:00   7.8576e-01   1.4982e+02   2.9066e+01   5.6832e-01   9.1801e-01   2.9305e+02
20260922_13:00:00   7.5379e-01   1.4595e+02   2.9549e+01   5.2657e-01   9.6315e-01   2.9267e+02
20260922_14:00:00   7.9737e-01   1.5141e+02   2.9583e+01   5.7609e-01   9.4365e-01   2.9328e+02
20260922_15:00:00   6.7120e-01   1.3509e+02   2.9831e+01   4.3125e-01   6.6168e-01   2.9502e+02
20260922_16:00:00   9.5451e-01   1.6919e+02   2.9943e+01   7.5125e-01   7.4014e-01   2.9501e+02
20260922_17:00:00   6.9745e-01   1.3871e+02   3.0229e+01   4.5802e-01   5.3535e-01   2.9429e+02
20260922_18:00:00   7.2151e-01   1.4181e+02   3.0444e+01   4.8102e-01   7.2416e-01   2.9563e+02
20260922_21:00:00   9.4037e-01   1.6814e+02   2.7813e+01   7.5287e-01   7.6158e-03   2.9813e+02
20260923_00:00:00   8.0641e-01   1.5311e+02   2.6611e+01   6.1855e-01   3.5602e-02   2.9856e+02
20260923_03:00:00   7.4590e-01   1.4563e+02   2.4596e+01   5.6445e-01   7.7511e-03   3.0249e+02
20260923_06:00:00   6.0692e-01   1.2667e+02   2.2753e+01   4.1916e-01   1.4911e-03   3.0756e+02
20260923_09:00:00   4.8502e-01   1.0756e+02   2.2588e+01   2.8248e-01   9.7420e-05   3.0655e+02
20260923_12:00:00   3.7560e-01   8.8057e+01   2.2067e+01   1.6268e-01   3.2721e-06   3.1143e+02
20260923_15:00:00   2.8707e-01   7.0688e+01   2.1872e+01   6.2880e-02   0.0000e+00   3.1134e+02
20260923_18:00:00   2.5280e-01   6.3628e+01   2.2409e+01   1.8957e-02   0.0000e+00   3.1029e+02
20260923_21:00:00   2.1474e-01   5.5387e+01   2.0340e+01   9.2300e-05   0.0000e+00   3.0912e+02
20260924_00:00:00   2.1265e-01   5.4773e+01   1.8992e+01   9.5298e-03   5.1280e-06   3.1097e+02
20260924_03:00:00   2.5107e-01   6.3171e+01   2.0360e+01   3.8711e-02   5.0757e-04   3.1532e+02
20260924_06:00:00   3.4957e-01   8.3399e+01   2.1581e+01   1.4329e-01   2.1422e-03   3.1693e+02
20260924_09:00:00   2.7281e-01   6.7802e+01   2.1957e+01   5.1227e-02   5.6592e-03   3.1287e+02
20260924_12:00:00   2.7254e-01   6.7617e+01   2.3407e+01   3.8441e-02   2.9758e-04   3.1348e+02
20260924_15:00:00   2.6915e-01   6.6936e+01   2.3811e+01   3.1351e-02   3.1337e-03   3.1267e+02
20260924_18:00:00   2.8547e-01   7.0391e+01   2.4781e+01   3.9049e-02   4.5959e-03   3.1531e+02
20260924_21:00:00   2.4429e-01   6.1702e+01   2.3743e+01   1.7120e-03   2.1078e-03   3.1785e+02
20260925_00:00:00   2.7033e-01   6.7010e+01   2.3734e+01   3.1256e-02   9.7789e-03   3.1886e+02
20260925_03:00:00   4.5296e-01   1.0287e+02   2.6073e+01   2.2152e-01   9.8874e-03   3.1646e+02
20260925_06:00:00   6.6588e-01   1.3681e+02   2.7563e+01   4.5493e-01   1.2352e-02   3.1536e+02
20260925_09:00:00   4.6517e-01   1.0477e+02   2.6218e+01   2.2953e-01   1.8703e-03   3.1362e+02
20260925_12:00:00   3.4522e-01   8.2596e+01   2.5039e+01   1.0628e-01   4.5062e-03   3.1384e+02
20260925_15:00:00   2.5259e-01   6.3553e+01   2.3382e+01   2.1722e-02   6.8616e-02   3.1499e+02
20260925_18:00:00   2.3736e-01   6.0160e+01   2.4496e+01   0.0000e+00   2.1948e-01   3.1099e+02
20260925_21:00:00   2.4070e-01   6.0837e+01   2.4993e+01   0.0000e+00   5.7937e-01   3.0953e+02
20260926_00:00:00   2.0613e-01   5.3033e+01   2.0849e+01   3.3380e-05   5.7869e-01   3.0496e+02
20260926_03:00:00   2.1064e-01   5.3970e+01   2.0610e+01   8.2876e-03   5.2698e-01   3.0729e+02
20260926_06:00:00   2.6735e-01   6.6096e+01   2.1055e+01   7.1411e-02   5.4587e-01   3.0708e+02
20260926_09:00:00   3.6049e-01   8.4487e+01   2.2079e+01   1.6524e-01   5.4208e-01   3.0637e+02
20260926_12:00:00   5.2003e-01   1.1256e+02   2.1135e+01   3.5208e-01   1.3376e-01   3.1069e+02
20260926_15:00:00   2.6677e-01   6.6266e+01   1.8322e+01   9.2496e-02   1.1101e-01   3.0971e+02
20260926_18:00:00   2.1126e-01   5.4282e+01   2.1335e+01   2.6798e-03   6.6820e-01   3.0972e+02
20260926_21:00:00   1.6271e-01   4.3553e+01   1.5129e+01   0.0000e+00   2.4677e-01   3.0617e+02
20260927_00:00:00   1.6960e-01   4.5453e+01   1.5303e+01   0.0000e+00   7.5066e-03   3.0772e+02
20260927_03:00:00   1.8133e-01   4.8215e+01   1.5981e+01   0.0000e+00   0.0000e+00   3.0563e+02
20260927_06:00:00   1.6934e-01   4.5459e+01   1.3710e+01   0.0000e+00   0.0000e+00   3.0622e+02
20260927_09:00:00   1.3148e-01   3.6352e+01   9.1138e+00   0.0000e+00   0.0000e+00   3.0923e+02
20260927_12:00:00   1.0407e-01   2.9604e+01   5.5752e+00   0.0000e+00   0.0000e+00   3.1197e+02
20260927_15:00:00   1.1445e-01   3.2201e+01   6.8934e+00   0.0000e+00   1.9989e-03   3.0862e+02
20260927_18:00:00   1.1625e-01   3.2758e+01   7.4614e+00   0.0000e+00   2.9190e-03   3.0620e+02
20260927_21:00:00   1.1948e-01   3.3587e+01   7.8835e+00   0.0000e+00   1.7363e-03   3.0559e+02
20260928_00:00:00   1.1220e-01   3.1725e+01   6.8886e+00   0.0000e+00   8.3540e-04   3.0609e+02
20260928_03:00:00   1.1318e-01   3.1899e+01   7.2475e+00   0.0000e+00   4.7077e-03   3.0486e+02
20260928_06:00:00   1.1801e-01   3.3042e+01   8.0370e+00   0.0000e+00   2.2811e-03   3.0929e+02
20260928_09:00:00   1.1748e-01   3.2916e+01   8.1383e+00   0.0000e+00   0.0000e+00   3.0838e+02
20260928_12:00:00   1.1828e-01   3.3132e+01   8.3019e+00   0.0000e+00   0.0000e+00   3.0361e+02
20260928_15:00:00   1.2166e-01   3.4072e+01   8.8939e+00   0.0000e+00   1.9304e-05   3.0375e+02
20260928_18:00:00   1.2827e-01   3.5831e+01   1.0029e+01   0.0000e+00   3.4820e-05   3.0094e+02
20260928_21:00:00   1.3243e-01   3.6855e+01   1.0607e+01   0.0000e+00   1.0256e-05   2.9906e+02
20260929_00:00:00   1.3038e-01   3.6292e+01   1.0312e+01   0.0000e+00   2.9260e-04   2.9574e+02
20260929_03:00:00   1.3304e-01   3.6906e+01   1.0634e+01   0.0000e+00   7.9640e-04   2.9669e+02
20260929_06:00:00   1.4304e-01   3.9337e+01   1.1905e+01   0.0000e+00   2.3995e-03   2.9552e+02
20260929_09:00:00   1.5058e-01   4.1120e+01   1.2893e+01   0.0000e+00   1.4338e-03   2.9562e+02
20260929_12:00:00   1.5932e-01   4.3055e+01   1.4544e+01   0.0000e+00   4.1841e-03   2.9311e+02
20260929_15:00:00   2.4015e-01   6.1069e+01   2.4450e+01   5.0411e-03   6.5253e-02   2.8862e+02
20260929_18:00:00   3.7675e-01   8.9093e+01   3.4235e+01   5.1467e-02   3.2725e-01   2.7814e+02
20260929_21:00:00   5.9171e-01   1.2501e+02   3.4942e+01   2.7932e-01   8.0608e-02   2.7796e+02
20260930_00:00:00   8.1223e-01   1.5587e+02   3.7789e+01   5.0625e-01   2.2601e-01   2.7939e+02
20260930_03:00:00   1.0508e+00   1.8493e+02   3.6800e+01   8.3455e-01   2.6467e-03   2.8365e+02
20260930_06:00:00   9.3052e-01   1.7241e+02   3.5533e+01   7.0501e-01   1.0279e-03   2.8234e+02
20260930_09:00:00   8.0682e-01   1.5762e+02   3.5796e+01   5.4682e-01   0.0000e+00   2.7929e+02
20260930_12:00:00   7.8747e-01   1.5514e+02   3.5191e+01   5.2969e-01   1.4380e-05   2.7758e+02
20260930_15:00:00   1.0249e+00   1.8226e+02   3.5254e+01   8.0629e-01   0.0000e+00   2.8069e+02
20260930_18:00:00   9.5422e-01   1.7475e+02   3.5195e+01   7.1956e-01   1.3450e-05   2.8158e+02
20260930_21:00:00   8.6733e-01   1.6496e+02   3.3942e+01   6.2739e-01   0.0000e+00   2.7851e+02
20261001_00:00:00   8.0095e-01   1.5672e+02   3.3120e+01   5.5435e-01   0.0000e+00   2.7701e+02
20261001_03:00:00   1.3974e+00   2.1287e+02   3.2915e+01   1.2629e+00   0.0000e+00   2.7758e+02
20261001_06:00:00   7.8195e-01   1.5418e+02   3.1480e+01   5.4822e-01   0.0000e+00   2.7444e+02
20261001_09:00:00   8.1664e-01   1.5856e+02   3.1239e+01   5.9475e-01   2.8960e-07   2.7161e+02
20261001_12:00:00   8.3613e-01   1.6064e+02   3.1044e+01   6.1456e-01   2.1294e-03   2.7238e+02
20261001_15:00:00   7.1889e-01   1.4537e+02   3.1403e+01   4.7021e-01   1.2554e-02   2.7183e+02
20261001_18:00:00   7.8841e-01   1.5442e+02   3.2266e+01   5.4592e-01   7.2446e-02   2.7112e+02
20261001_21:00:00   8.4898e-01   1.6204e+02   3.0555e+01   6.3094e-01   3.7530e-02   2.7172e+02
20261002_00:00:00   1.8003e+00   2.3368e+02   3.1467e+01   1.7101e+00   2.9540e-02   2.6926e+02
20261002_03:00:00   7.6017e-01   1.4848e+02   3.0505e+01   5.0601e-01   4.7421e-01   2.7153e+02
20261002_06:00:00   4.1867e-01   9.6262e+01   2.5647e+01   1.6455e-01   3.1314e-02   2.7910e+02
20261002_09:00:00   2.3552e-01   6.0355e+01   2.0592e+01   5.0148e-03   0.0000e+00   2.9085e+02
20261002_12:00:00   2.8176e-01   7.0555e+01   1.7154e+01   9.1167e-02   0.0000e+00   2.8809e+02
20261002_15:00:00   3.2913e-01   8.0172e+01   1.9605e+01   1.1884e-01   0.0000e+00   2.8456e+02
20261002_18:00:00   3.0776e-01   7.5968e+01   1.9785e+01   9.6637e-02   0.0000e+00   2.8321e+02
20261002_21:00:00   2.1529e-01   5.6245e+01   1.7771e+01   9.1860e-03   0.0000e+00   2.8911e+02
20261003_00:00:00   1.9448e-01   5.1523e+01   1.6179e+01   5.6700e-05   0.0000e+00   2.8318e+02
20261003_03:00:00   1.7761e-01   4.7514e+01   1.4495e+01   0.0000e+00   4.6416e-03   2.8026e+02
20261003_06:00:00   1.8022e-01   4.7793e+01   1.5984e+01   0.0000e+00   1.9683e-02   2.8099e+02
20261003_09:00:00   1.6810e-01   4.4783e+01   1.5353e+01   0.0000e+00   2.4245e-04   2.8176e+02
20261003_12:00:00   1.9508e-01   5.1164e+01   1.8382e+01   2.7860e-05   7.6740e-05   2.7760e+02
20261003_15:00:00   2.3138e-01   5.9667e+01   2.1618e+01   0.0000e+00   0.0000e+00   2.7900e+02
20261003_18:00:00   3.1406e-01   7.7092e+01   1.7947e+01   1.2302e-01   1.7632e-04   2.7758e+02
