#            date       tau255        Tb[K]      pwv[mm] lwp[kg*m^-2] iwp[kg*m^-2]       o3[DU]
20260930_06:00:00   2.8690e-01   7.1865e+01   2.6933e+01   6.0261e-05   0.0000e+00   2.9136e+02
20260930_07:00:00   2.7818e-01   7.0075e+01   2.5989e+01   5.3040e-06   0.0000e+00   2.9068e+02
20260930_08:00:00   2.7087e-01   6.8537e+01   2.5191e+01   1.2910e-05   0.0000e+00   2.8993e+02
20260930_09:00:00   2.6031e-01   6.6336e+01   2.4130e+01   4.2030e-06   0.0000e+00   2.8918e+02
20260930_10:00:00   2.5212e-01   6.4550e+01   2.2937e+01   5.4880e-04   0.0000e+00   2.9003e+02
20260930_11:00:00   2.4156e-01   6.2271e+01   2.1502e+01   1.8797e-03   0.0000e+00   2.8955e+02
20260930_12:00:00   2.3196e-01   6.0215e+01   2.0551e+01   1.8733e-04   0.0000e+00   2.8835e+02
20260930_13:00:00   2.2740e-01   5.9248e+01   2.0042e+01   3.0930e-05   0.0000e+00   2.8681e+02
20260930_14:00:00   2.2720e-01   5.9273e+01   1.9555e+01   4.6230e-03   1.4976e-05   2.8311e+02
20260930_15:00:00   2.2065e-01   5.7915e+01   1.9383e+01   6.2380e-05   1.6530e-04   2.8216e+02
20260930_16:00:00   2.1547e-01   5.6873e+01   1.9094e+01   1.3254e-05   3.0681e-03   2.8115e+02
20260930_17:00:00   2.1934e-01   5.7786e+01   1.9525e+01   1.0488e-03   1.1762e-02   2.8093e+02
20260930_18:00:00   2.2434e-01   5.8935e+01   1.9993e+01   1.6170e-03   1.0888e-01   2.8161e+02
20260930_19:00:00   2.2108e-01   5.8180e+01   2.0037e+01   1.4496e-03   6.7260e-02   2.8233e+02
20260930_20:00:00   2.1518e-01   5.6844e+01   1.9868e+01   1.1874e-05   7.2661e-03   2.8382e+02
20260930_21:00:00   2.2053e-01   5.7993e+01   2.0654e+01   0.0000e+00   6.8439e-03   2.8392e+02
20260930_22:00:00   2.2500e-01   5.8930e+01   2.1345e+01   0.0000e+00   7.0195e-03   2.8278e+02
20260930_23:00:00   2.3464e-01   6.1030e+01   2.2860e+01   0.0000e+00   1.5767e-02   2.8146e+02
20261001_00:00:00   2.3625e-01   6.1413e+01   2.2948e+01   0.0000e+00   7.2880e-02   2.8156e+02
20261001_01:00:00   2.3624e-01   6.1388e+01   2.2937e+01   0.0000e+00   1.6618e-01   2.8203e+02
20261001_02:00:00   2.4065e-01   6.2244e+01   2.3803e+01   0.0000e+00   9.5903e-02   2.8503e+02
20261001_03:00:00   2.5048e-01   6.4250e+01   2.5611e+01   0.0000e+00   2.4598e-01   2.8508e+02
20261001_04:00:00   2.5235e-01   6.4717e+01   2.6144e+01   0.0000e+00   6.2559e-02   2.8520e+02
20261001_05:00:00   2.5977e-01   6.6298e+01   2.6616e+01   0.0000e+00   4.4931e-02   2.8609e+02
20261001_06:00:00   2.3930e-01   6.1816e+01   2.4715e+01   0.0000e+00   1.7219e-01   2.8673e+02
20261001_07:00:00   2.3658e-01   6.1175e+01   2.4329e+01   0.0000e+00   3.9134e-02   2.8639e+02
20261001_08:00:00   2.2986e-01   5.9576e+01   2.3664e+01   0.0000e+00   4.2223e-01   2.8585e+02
20261001_09:00:00   2.2881e-01   5.9328e+01   2.3863e+01   0.0000e+00   1.2080e-01   2.8820e+02
20261001_10:00:00   2.3608e-01   6.0946e+01   2.4501e+01   0.0000e+00   1.6996e-01   2.8654e+02
20261001_11:00:00   2.3757e-01   6.1342e+01   2.4684e+01   0.0000e+00   8.4263e-03   2.8483e+02
20261001_12:00:00   2.5051e-01   6.4155e+01   2.6060e+01   3.3839e-04   4.6337e-04   2.8481e+02
20261001_13:00:00   2.8582e-01   7.1441e+01   2.6791e+01   3.2856e-02   3.5732e-03   2.8249e+02
20261001_14:00:00   3.3363e-01   8.1186e+01   2.9023e+01   6.1726e-02   2.3238e-03   2.8187e+02
20261001_15:00:00   3.8736e-01   9.1471e+01   3.0179e+01   1.0757e-01   8.6458e-03   2.8212e+02
20261001_16:00:00   3.6595e-01   8.7543e+01   3.1305e+01   7.0230e-02   7.7368e-03   2.8121e+02
20261001_17:00:00   3.0664e-01   7.6288e+01   3.1195e+01   2.7089e-03   5.5260e-06   2.7919e+02
20261001_18:00:00   3.3009e-01   8.1247e+01   3.2634e+01   6.1364e-03   0.0000e+00   2.7843e+02
20261001_19:00:00   4.1660e-01   9.8003e+01   3.3014e+01   1.0237e-01   1.2182e-03   2.7863e+02
20261001_20:00:00   3.6601e-01   8.8195e+01   3.8003e+01   2.6756e-03   1.6542e-03   2.7703e+02
20261001_21:00:00   4.0776e-01   9.5996e+01   4.1390e+01   1.4686e-02   4.1023e-05   2.7470e+02
20261001_22:00:00   8.6312e-01   1.6173e+02   4.1554e+01   5.2927e-01   6.7069e-03   2.7408e+02
20261001_23:00:00   5.5571e-01   1.2070e+02   4.1084e+01   1.9028e-01   6.3155e-03   2.7200e+02
20261002_00:00:00   3.8422e-01   9.1785e+01   4.0378e+01   8.6220e-03   5.5309e-03   2.7113e+02
20261002_01:00:00   3.6838e-01   8.8738e+01   3.8743e+01   1.3492e-02   1.6651e-03   2.6983e+02
20261002_02:00:00   3.2781e-01   8.0874e+01   3.5737e+01   0.0000e+00   2.2700e-04   2.7055e+02
20261002_03:00:00   3.1970e-01   7.9237e+01   3.4714e+01   0.0000e+00   1.1474e-03   2.6988e+02
20261002_04:00:00   3.0682e-01   7.6668e+01   3.3322e+01   0.0000e+00   2.4818e-04   2.6941e+02
20261002_05:00:00   3.3216e-01   8.1702e+01   3.6433e+01   1.0860e-05   4.1079e-03   2.6815e+02
20261002_06:00:00   3.4493e-01   8.4238e+01   3.7766e+01   4.6200e-04   4.6784e-03   2.6583e+02
20261002_07:00:00   3.3735e-01   8.2741e+01   3.7083e+01   7.9783e-04   1.5416e-03   2.6603e+02
20261002_08:00:00   3.5016e-01   8.5198e+01   3.8479e+01   1.7705e-03   1.0499e-03   2.6421e+02
20261002_09:00:00   4.6459e-01   1.0602e+02   3.8651e+01   1.3000e-01   1.0233e-03   2.6297e+02
20261002_10:00:00   5.0490e-01   1.1279e+02   3.9274e+01   1.6852e-01   3.0420e-03   2.6393e+02
20261002_11:00:00   4.5222e-01   1.0381e+02   3.8754e+01   1.1282e-01   1.4135e-02   2.6564e+02
20261002_12:00:00   4.0677e-01   9.5939e+01   3.8314e+01   6.3144e-02   2.7734e-02   2.6780e+02
20261002_13:00:00   5.6094e-01   1.2113e+02   3.6402e+01   2.5837e-01   2.0918e-02   2.6832e+02
20261002_14:00:00   5.9046e-01   1.2561e+02   3.7914e+01   2.7571e-01   6.3245e-02   2.6781e+02
20261002_15:00:00   6.7162e-01   1.3833e+02   3.9008e+01   3.5548e-01   6.7072e-03   2.6681e+02
20261002_16:00:00   6.5560e-01   1.3564e+02   4.3753e+01   2.7541e-01   1.6379e-01   2.7046e+02
20261002_17:00:00   4.4225e-01   1.0269e+02   4.3177e+01   3.4640e-02   4.6019e-03   2.7178e+02
20261002_18:00:00   5.1314e-01   1.1462e+02   4.3417e+01   1.1708e-01   6.0972e-03   2.7143e+02
20261002_19:00:00   8.7262e-01   1.6442e+02   4.2674e+01   5.3981e-01   5.2442e-03   2.7112e+02
20261002_20:00:00   6.4601e-01   1.3450e+02   4.2181e+01   2.7741e-01   3.6147e-02   2.7120e+02
20261002_21:00:00   7.2606e-01   1.4524e+02   4.0964e+01   3.8394e-01   8.3906e-02   2.7210e+02
20261002_22:00:00   6.3330e-01   1.3212e+02   3.9172e+01   2.9795e-01   1.2434e-01   2.7165e+02
20261002_23:00:00   6.5077e-01   1.3437e+02   3.8859e+01   3.1853e-01   2.3670e-01   2.7043e+02
20261003_00:00:00   5.5092e-01   1.1943e+02   3.7389e+01   2.2024e-01   4.8128e-02   2.7194e+02
20261003_01:00:00   3.6084e-01   8.6597e+01   3.5517e+01   2.5439e-02   1.2156e-01   2.7265e+02
20261003_02:00:00   3.2039e-01   7.8646e+01   3.3497e+01   6.7770e-05   2.8300e-01   2.7443e+02
20261003_03:00:00   2.7224e-01   6.8542e+01   2.8482e+01   0.0000e+00   1.4582e-01   2.7655e+02
20261003_04:00:00   2.1898e-01   5.6833e+01   2.2140e+01   0.0000e+00   1.7161e-01   2.7931e+02
20261003_05:00:00   2.2196e-01   5.7488e+01   2.1531e+01   2.4020e-06   2.2351e-01   2.8493e+02
20261003_06:00:00   1.6626e-01   4.4916e+01   1.4135e+01   0.0000e+00   1.4480e-07   2.9228e+02
20261003_07:00:00   1.3230e-01   3.6741e+01   9.3703e+00   0.0000e+00   0.0000e+00   2.9044e+02
20261003_08:00:00   1.2719e-01   3.5406e+01   8.6193e+00   0.0000e+00   0.0000e+00   2.8933e+02
20261003_09:00:00   1.2066e-01   3.3737e+01   7.9498e+00   0.0000e+00   0.0000e+00   2.8798e+02
20261003_10:00:00   1.1631e-01   3.2606e+01   7.4710e+00   0.0000e+00   0.0000e+00   2.8745e+02
20261003_11:00:00   1.1891e-01   3.3173e+01   7.8353e+00   0.0000e+00   0.0000e+00   2.8831e+02
20261003_12:00:00   1.2103e-01   3.3666e+01   8.1450e+00   0.0000e+00   0.0000e+00   2.8690e+02
20261003_13:00:00   1.2400e-01   3.4376e+01   8.5926e+00   0.0000e+00   0.0000e+00   2.8548e+02
20261003_14:00:00   1.2571e-01   3.4809e+01   8.8916e+00   0.0000e+00   0.0000e+00   2.8550e+02
20261003_15:00:00   1.2551e-01   3.4789e+01   9.0046e+00   0.0000e+00   0.0000e+00   2.8661e+02
20261003_16:00:00   1.2371e-01   3.4386e+01   8.9261e+00   0.0000e+00   0.0000e+00   2.8658e+02
20261003_17:00:00   1.2372e-01   3.4412e+01   9.0467e+00   0.0000e+00   0.0000e+00   2.8667e+02
20261003_18:00:00   1.2899e-01   3.5699e+01   9.7342e+00   0.0000e+00   0.0000e+00   2.8758e+02
20261003_19:00:00   1.3274e-01   3.6589e+01   1.0270e+01   0.0000e+00   0.0000e+00   2.8830e+02
20261003_20:00:00   1.3563e-01   3.7270e+01   1.0690e+01   0.0000e+00   0.0000e+00   2.9001e+02
20261003_21:00:00   1.3816e-01   3.7867e+01   1.0974e+01   0.0000e+00   0.0000e+00   2.9042e+02
20261003_22:00:00   1.3518e-01   3.7120e+01   1.0680e+01   0.0000e+00   0.0000e+00   2.9252e+02
20261003_23:00:00   1.3281e-01   3.6543e+01   1.0324e+01   0.0000e+00   0.0000e+00   2.9719e+02
20261004_00:00:00   1.3277e-01   3.6537e+01   1.0260e+01   0.0000e+00   0.0000e+00   3.0054e+02
20261004_01:00:00   1.3582e-01   3.7275e+01   1.0484e+01   0.0000e+00   0.0000e+00   3.0272e+02
20261004_02:00:00   1.3868e-01   3.7957e+01   1.0674e+01   0.0000e+00   0.0000e+00   3.0574e+02
20261004_03:00:00   1.4162e-01   3.8661e+01   1.0911e+01   0.0000e+00   0.0000e+00   3.0581e+02
20261004_04:00:00   1.4410e-01   3.9261e+01   1.1122e+01   0.0000e+00   3.7800e-05   3.0519e+02
20261004_05:00:00   1.4510e-01   3.9484e+01   1.1253e+01   0.0000e+00   3.7932e-04   3.0585e+02
20261004_06:00:00   1.4562e-01   3.9581e+01   1.1392e+01   0.0000e+00   1.2336e-03   3.0479e+02
20261004_07:00:00   1.4616e-01   3.9687e+01   1.1529e+01   0.0000e+00   4.0641e-04   3.0409e+02
20261004_08:00:00   1.4696e-01   3.9868e+01   1.1710e+01   0.0000e+00   7.6720e-04   3.0408e+02
20261004_09:00:00   1.4737e-01   3.9945e+01   1.1782e+01   0.0000e+00   2.9900e-03   3.0406e+02
20261004_10:00:00   1.4834e-01   4.0151e+01   1.2017e+01   0.0000e+00   7.3680e-03   3.0373e+02
20261004_11:00:00   1.4914e-01   4.0319e+01   1.2264e+01   0.0000e+00   1.3118e-04   3.0267e+02
20261004_12:00:00   1.4916e-01   4.0329e+01   1.2284e+01   0.0000e+00   3.4231e-03   3.0140e+02
20261004_13:00:00   1.5026e-01   4.0601e+01   1.2444e+01   0.0000e+00   2.9325e-03   3.0020e+02
20261004_14:00:00   1.5292e-01   4.1271e+01   1.2668e+01   0.0000e+00   3.6898e-03   2.9839e+02
20261004_15:00:00   1.5508e-01   4.1817e+01   1.2960e+01   0.0000e+00   4.5821e-04   2.9729e+02
20261004_16:00:00   1.5493e-01   4.1825e+01   1.3159e+01   0.0000e+00   0.0000e+00   2.9605e+02
20261004_17:00:00   1.6086e-01   4.3249e+01   1.4043e+01   0.0000e+00   9.9180e-04   2.9564e+02
20261004_18:00:00   1.6736e-01   4.4794e+01   1.4980e+01   0.0000e+00   6.5023e-03   2.9316e+02
20261004_19:00:00   1.7328e-01   4.6193e+01   1.5847e+01   0.0000e+00   9.0421e-03   2.9365e+02
20261004_20:00:00   1.7794e-01   4.7277e+01   1.6501e+01   0.0000e+00   1.0983e-02   2.9544e+02
20261004_21:00:00   1.8249e-01   4.8315e+01   1.7156e+01   0.0000e+00   2.0147e-02   2.9708e+02
20261004_22:00:00   1.8461e-01   4.8803e+01   1.7451e+01   0.0000e+00   1.9988e-03   3.0011e+02
20261004_23:00:00   1.8710e-01   4.9407e+01   1.7397e+01   0.0000e+00   1.4480e-07   3.0161e+02
20261005_00:00:00   1.8908e-01   4.9877e+01   1.7438e+01   0.0000e+00   0.0000e+00   3.0096e+02
20261005_01:00:00   1.9460e-01   5.1133e+01   1.8020e+01   0.0000e+00   0.0000e+00   2.9992e+02
20261005_02:00:00   2.0715e-01   5.3989e+01   1.9229e+01   0.0000e+00   0.0000e+00   3.0168e+02
20261005_03:00:00   2.1960e-01   5.6792e+01   2.0348e+01   0.0000e+00   0.0000e+00   3.0300e+02
20261005_04:00:00   2.2711e-01   5.8493e+01   2.1076e+01   0.0000e+00   0.0000e+00   3.0508e+02
20261005_05:00:00   2.2997e-01   5.9181e+01   2.1358e+01   0.0000e+00   0.0000e+00   3.0793e+02
20261005_06:00:00   2.3349e-01   5.9958e+01   2.1599e+01   0.0000e+00   0.0000e+00   3.1070e+02
20261005_09:00:00   2.4025e-01   6.1447e+01   2.2325e+01   0.0000e+00   0.0000e+00   3.0872e+02
20261005_12:00:00   2.1506e-01   5.5880e+01   1.9413e+01   0.0000e+00   1.0004e-04   3.0911e+02
20261005_15:00:00   2.3209e-01   5.9620e+01   1.9967e+01   7.7077e-03   5.1806e-04   3.0744e+02
20261005_18:00:00   2.3764e-01   6.0744e+01   1.6551e+01   4.4814e-02   7.2715e-04   3.0465e+02
20261005_21:00:00   1.6472e-01   4.3830e+01   1.3354e+01   2.7100e-03   8.6362e-04   3.0784e+02
20261006_00:00:00   1.2156e-01   3.3415e+01   7.4425e+00   0.0000e+00   2.8360e-06   3.1232e+02
20261006_03:00:00   1.0672e-01   2.9620e+01   5.4361e+00   0.0000e+00   0.0000e+00   3.1934e+02
20261006_06:00:00   1.0552e-01   2.9164e+01   5.2978e+00   0.0000e+00   0.0000e+00   3.3312e+02
20261006_09:00:00   1.1045e-01   3.0161e+01   5.9593e+00   0.0000e+00   1.1232e-06   3.5299e+02
20261006_12:00:00   1.1506e-01   3.1127e+01   6.4202e+00   0.0000e+00   2.5499e-06   3.6093e+02
20261006_15:00:00   1.1005e-01   3.0003e+01   5.9110e+00   0.0000e+00   0.0000e+00   3.7017e+02
20261006_18:00:00   1.1001e-01   3.0186e+01   6.2706e+00   0.0000e+00   0.0000e+00   3.6330e+02
20261006_21:00:00   1.0554e-01   2.9259e+01   5.8257e+00   0.0000e+00   0.0000e+00   3.5820e+02
20261007_00:00:00   1.1032e-01   3.0347e+01   6.7485e+00   0.0000e+00   0.0000e+00   3.4575e+02
20261007_03:00:00   1.1135e-01   3.0610e+01   7.0499e+00   0.0000e+00   0.0000e+00   3.3520e+02
20261007_06:00:00   1.1299e-01   3.1016e+01   7.6519e+00   0.0000e+00   0.0000e+00   3.2509e+02
20261007_09:00:00   1.1816e-01   3.2264e+01   8.7330e+00   0.0000e+00   0.0000e+00   3.2540e+02
20261007_12:00:00   1.1365e-01   3.1276e+01   8.2566e+00   0.0000e+00   0.0000e+00   3.2199e+02
20261007_15:00:00   1.1962e-01   3.2846e+01   9.2476e+00   0.0000e+00   1.4976e-05   3.1797e+02
20261007_18:00:00   1.1748e-01   3.2568e+01   9.0255e+00   0.0000e+00   4.9880e-04   3.1399e+02
20261007_21:00:00   1.1647e-01   3.2469e+01   8.6916e+00   0.0000e+00   1.6449e-03   3.1366e+02
20261008_00:00:00   1.1297e-01   3.1605e+01   8.0716e+00   0.0000e+00   3.8560e-04   3.1752e+02
20261008_03:00:00   1.1473e-01   3.2075e+01   8.1253e+00   0.0000e+00   2.5114e-03   3.1506e+02
20261008_06:00:00   1.2629e-01   3.4959e+01   9.1643e+00   0.0000e+00   6.5451e-03   3.1976e+02
20261008_09:00:00   1.4114e-01   3.8544e+01   1.0843e+01   0.0000e+00   4.7915e-03   3.1530e+02
20261008_12:00:00   1.9694e-01   5.1626e+01   1.7787e+01   0.0000e+00   5.7060e-06   3.1049e+02
20261008_15:00:00   2.1969e-01   5.6881e+01   1.9572e+01   5.6040e-05   2.8300e-04   3.0755e+02
20261008_18:00:00   2.4009e-01   6.1534e+01   1.8237e+01   3.5822e-02   4.6467e-03   3.0508e+02
20261008_21:00:00   2.1539e-01   5.6085e+01   1.8203e+01   8.4380e-03   2.7450e-02   3.0905e+02
20261009_00:00:00   2.5025e-01   6.3526e+01   1.7588e+01   5.3674e-02   4.7531e-03   3.1681e+02
20261009_03:00:00   1.8268e-01   4.8536e+01   1.5305e+01   0.0000e+00   1.9102e-03   3.1023e+02
20261009_06:00:00   1.5582e-01   4.2170e+01   1.2251e+01   0.0000e+00   1.3730e-05   3.0899e+02
20261009_09:00:00   1.3875e-01   3.7985e+01   1.0087e+01   0.0000e+00   0.0000e+00   3.0991e+02
20261009_12:00:00   1.1602e-01   3.2259e+01   7.7505e+00   0.0000e+00   3.2717e-02   3.1292e+02
20261009_15:00:00   1.1474e-01   3.2075e+01   7.0372e+00   0.0000e+00   3.0462e-04   3.1915e+02
20261009_18:00:00   1.1956e-01   3.3293e+01   7.5411e+00   0.0000e+00   2.8360e-05   3.2115e+02
20261009_21:00:00   1.2295e-01   3.4050e+01   8.0761e+00   0.0000e+00   2.5721e-03   3.2217e+02
20261010_00:00:00   1.1778e-01   3.2602e+01   7.6429e+00   0.0000e+00   2.9998e-02   3.2856e+02
20261010_03:00:00   1.0428e-01   2.9175e+01   6.1552e+00   0.0000e+00   3.5609e-03   3.2591e+02
20261010_06:00:00   1.1040e-01   3.0651e+01   6.8289e+00   0.0000e+00   6.6490e-04   3.1867e+02
20261010_09:00:00   1.1194e-01   3.0992e+01   7.0447e+00   0.0000e+00   4.4199e-03   3.1318e+02
20261010_12:00:00   1.1503e-01   3.1716e+01   7.4180e+00   0.0000e+00   0.0000e+00   3.1070e+02
20261010_15:00:00   1.1987e-01   3.2978e+01   7.9974e+00   0.0000e+00   5.5480e-05   3.0294e+02
20261010_18:00:00   1.1710e-01   3.2474e+01   7.9707e+00   0.0000e+00   0.0000e+00   3.0273e+02
20261010_21:00:00   1.2272e-01   3.3952e+01   8.7563e+00   0.0000e+00   0.0000e+00   2.9907e+02
20261011_00:00:00   1.2442e-01   3.4336e+01   9.0457e+00   0.0000e+00   0.0000e+00   2.9047e+02
20261011_03:00:00   1.2368e-01   3.4130e+01   9.1234e+00   0.0000e+00   0.0000e+00   2.8485e+02
20261011_06:00:00   1.2358e-01   3.4122e+01   9.1676e+00   0.0000e+00   0.0000e+00   2.7944e+02
20261011_09:00:00   1.2452e-01   3.4389e+01   9.3574e+00   0.0000e+00   0.0000e+00   2.7470e+02
20261011_12:00:00   1.2749e-01   3.5151e+01   9.7914e+00   0.0000e+00   0.0000e+00   2.7429e+02
20261011_15:00:00   1.3113e-01   3.6170e+01   1.0311e+01   0.0000e+00   0.0000e+00   2.7607e+02
20261011_18:00:00   1.3162e-01   3.6430e+01   1.0519e+01   0.0000e+00   0.0000e+00   2.7618e+02
20261011_21:00:00   1.3549e-01   3.7436e+01   1.0996e+01   0.0000e+00   0.0000e+00   2.7449e+02
20261012_00:00:00   1.3002e-01   3.6062e+01   1.0383e+01   0.0000e+00   0.0000e+00   2.7399e+02
20261012_03:00:00   1.3330e-01   3.6846e+01   1.0857e+01   0.0000e+00   0.0000e+00   2.7425e+02
20261012_06:00:00   1.3437e-01   3.7088e+01   1.1032e+01   0.0000e+00   0.0000e+00   2.7521e+02
20261012_09:00:00   1.3387e-01   3.6996e+01   1.0965e+01   0.0000e+00   0.0000e+00   2.6966e+02
20261012_12:00:00   1.2873e-01   3.5755e+01   1.0323e+01   0.0000e+00   0.0000e+00   2.8219e+02
20261012_15:00:00   1.3128e-01   3.6497e+01   1.0548e+01   0.0000e+00   0.0000e+00   2.8482e+02
20261012_18:00:00   1.3372e-01   3.7193e+01   1.0969e+01   0.0000e+00   0.0000e+00   2.8946e+02
20261012_21:00:00   1.4572e-01   4.0126e+01   1.2498e+01   0.0000e+00   0.0000e+00   2.9735e+02
20261013_00:00:00   1.4640e-01   4.0144e+01   1.2391e+01   0.0000e+00   0.0000e+00   2.9432e+02
20261013_03:00:00   1.8019e-01   4.7621e+01   1.7315e+01   0.0000e+00   2.3124e-02   2.8982e+02
20261013_06:00:00   2.2075e-01   5.6624e+01   2.1595e+01   0.0000e+00   6.2460e-06   2.8161e+02
20261013_09:00:00   1.8836e-01   4.9678e+01   1.5690e+01   0.0000e+00   0.0000e+00   2.7659e+02
20261013_12:00:00   1.4072e-01   3.8507e+01   9.7179e+00   0.0000e+00   0.0000e+00   2.7409e+02
20261013_15:00:00   1.3301e-01   3.6689e+01   9.3256e+00   0.0000e+00   0.0000e+00   2.7026e+02
20261013_18:00:00   1.3818e-01   3.8059e+01   1.0661e+01   0.0000e+00   7.0194e-03   2.7169e+02
20261013_21:00:00   1.3875e-01   3.8311e+01   1.0692e+01   0.0000e+00   1.8824e-06   2.6904e+02
20261014_00:00:00   1.5213e-01   4.1496e+01   1.2046e+01   0.0000e+00   0.0000e+00   2.6811e+02
20261014_03:00:00   1.4561e-01   3.9828e+01   1.1667e+01   0.0000e+00   2.0720e-04   2.6626e+02
20261014_06:00:00   1.7600e-01   4.7022e+01   1.5547e+01   0.0000e+00   0.0000e+00   2.6474e+02
20261014_09:00:00   2.9379e-01   7.2825e+01   2.1262e+01   6.8540e-02   0.0000e+00   2.6260e+02
20261014_12:00:00   3.7519e-01   8.8507e+01   2.1647e+01   1.5890e-01   7.0620e-05   2.6264e+02
20261014_15:00:00   2.2911e-01   5.9364e+01   1.9790e+01   5.0040e-03   0.0000e+00   2.6840e+02
20261014_18:00:00   2.7364e-01   6.8864e+01   1.8576e+01   6.9566e-02   0.0000e+00   2.6854e+02
20261014_21:00:00   1.5828e-01   4.3077e+01   1.2771e+01   0.0000e+00   0.0000e+00   2.7655e+02
20261015_00:00:00   1.6734e-01   4.5018e+01   1.3754e+01   0.0000e+00   0.0000e+00   2.8160e+02
20261015_03:00:00   1.4799e-01   4.0306e+01   1.1954e+01   0.0000e+00   0.0000e+00   2.8034e+02
20261015_06:00:00   1.4393e-01   3.9253e+01   1.1827e+01   0.0000e+00   0.0000e+00   2.7763e+02
20261015_09:00:00   1.4602e-01   3.9719e+01   1.2270e+01   0.0000e+00   0.0000e+00   2.8037e+02
20261015_12:00:00   1.4368e-01   3.9207e+01   1.2276e+01   0.0000e+00   0.0000e+00   2.7184e+02
20261015_15:00:00   1.4705e-01   4.0193e+01   1.2746e+01   0.0000e+00   0.0000e+00   2.6682e+02
20261015_18:00:00   1.4535e-01   4.0018e+01   1.2537e+01   0.0000e+00   0.0000e+00   2.6412e+02
20261015_21:00:00   1.5662e-01   4.2869e+01   1.3552e+01   0.0000e+00   0.0000e+00   2.6321e+02
20261016_00:00:00   1.4638e-01   4.0373e+01   1.2001e+01   0.0000e+00   0.0000e+00   2.6338e+02
20261016_03:00:00   1.6448e-01   4.4587e+01   1.4324e+01   0.0000e+00   0.0000e+00   2.6433e+02
20261016_06:00:00   2.0624e-01   5.4338e+01   1.8509e+01   0.0000e+00   0.0000e+00   2.6477e+02
