#            date       tau255        Tb[K]      pwv[mm] lwp[kg*m^-2] iwp[kg*m^-2]       o3[DU]
20260902_12:00:00   3.0240e-01   7.5450e+01   2.6873e+01   1.4164e-02   5.1316e-03   3.0057e+02
20260902_13:00:00   2.8354e-01   7.1637e+01   2.5827e+01   2.5508e-03   9.7116e-03   3.0222e+02
20260902_14:00:00   2.9471e-01   7.4009e+01   2.6040e+01   1.1934e-02   1.2282e-02   3.0273e+02
20260902_15:00:00   2.9531e-01   7.4191e+01   2.6411e+01   1.2364e-02   1.3664e-02   3.0154e+02
20260902_16:00:00   3.2863e-01   8.1110e+01   2.6454e+01   5.5995e-02   2.6921e-02   2.9965e+02
20260902_17:00:00   5.0132e-01   1.1334e+02   2.7108e+01   2.6361e-01   2.4547e-02   2.9818e+02
20260902_18:00:00   5.2231e-01   1.1697e+02   2.8444e+01   2.8060e-01   6.0575e-02   2.9666e+02
20260902_19:00:00   3.7489e-01   9.0248e+01   3.0818e+01   8.1560e-02   1.0650e-02   2.9552e+02
20260902_20:00:00   3.1034e-01   7.7273e+01   3.1970e+01   1.5292e-04   5.1635e-03   2.9465e+02
20260902_21:00:00   3.1449e-01   7.8089e+01   3.2570e+01   2.0220e-03   3.1705e-02   2.9533e+02
20260902_22:00:00   3.2268e-01   7.9597e+01   3.3976e+01   0.0000e+00   3.8515e-02   2.9373e+02
20260902_23:00:00   3.3107e-01   8.1122e+01   3.5023e+01   5.6554e-05   1.4904e-02   2.9341e+02
20260903_00:00:00   3.2686e-01   8.0245e+01   3.5050e+01   0.0000e+00   7.1315e-02   2.9691e+02
20260903_01:00:00   3.5051e-01   8.4805e+01   3.7371e+01   1.5833e-03   2.3789e-01   2.9840e+02
20260903_02:00:00   7.5029e-01   1.4737e+02   3.9396e+01   4.2842e-01   5.4173e-01   2.9737e+02
20260903_03:00:00   1.2206e+00   1.9474e+02   4.0236e+01   9.4755e-01   5.6051e-01   2.9718e+02
20260903_04:00:00   4.2004e-01   9.7850e+01   4.0001e+01   4.7594e-02   4.2099e-01   2.9880e+02
20260903_05:00:00   1.2428e+00   2.0019e+02   4.2986e+01   9.6668e-01   5.9345e-01   2.9896e+02
20260903_06:00:00   6.2637e-01   1.3251e+02   4.3332e+01   2.4345e-01   1.2582e+00   2.9908e+02
20260903_07:00:00   9.4062e-01   1.7202e+02   4.4166e+01   5.9626e-01   8.0192e-01   2.9899e+02
20260903_08:00:00   1.5055e+00   2.1892e+02   4.5546e+01   1.2338e+00   3.6984e-01   2.9878e+02
20260903_09:00:00   1.3987e+00   2.1544e+02   4.4275e+01   1.1782e+00   3.0666e-02   2.9998e+02
20260903_10:00:00   1.1696e+00   1.9810e+02   4.2876e+01   9.1953e-01   2.4452e-02   3.0112e+02
20260903_11:00:00   1.1514e+00   1.9721e+02   4.1375e+01   9.2248e-01   1.3251e-02   3.0388e+02
20260903_12:00:00   8.7365e-01   1.6852e+02   4.0214e+01   5.9176e-01   8.8707e-03   3.0758e+02
20260903_13:00:00   7.6556e-01   1.5471e+02   3.9827e+01   4.5494e-01   1.3596e-03   3.1123e+02
20260903_14:00:00   6.3299e-01   1.3570e+02   3.8971e+01   2.9162e-01   0.0000e+00   3.1240e+02
20260903_15:00:00   5.0901e-01   1.1588e+02   3.7238e+01   1.6095e-01   0.0000e+00   3.1366e+02
20260903_16:00:00   3.6910e-01   8.9982e+01   3.4393e+01   1.4792e-02   0.0000e+00   3.1668e+02
20260903_17:00:00   3.2521e-01   8.1319e+01   3.1000e+01   3.7535e-03   0.0000e+00   3.1767e+02
20260903_18:00:00   3.0417e-01   7.7018e+01   2.9581e+01   1.8760e-03   0.0000e+00   3.1524e+02
20260903_19:00:00   2.7878e-01   7.1582e+01   2.8139e+01   0.0000e+00   0.0000e+00   3.1526e+02
20260903_20:00:00   2.7657e-01   7.1047e+01   2.7690e+01   1.5564e-03   0.0000e+00   3.1652e+02
20260903_21:00:00   2.7201e-01   7.0172e+01   2.6736e+01   1.8574e-03   1.1028e-04   3.1393e+02
20260903_22:00:00   2.7241e-01   7.0339e+01   2.6037e+01   5.1380e-03   2.8216e-03   3.1130e+02
20260903_23:00:00   3.3520e-01   8.3307e+01   2.6518e+01   7.2860e-02   4.7724e-03   3.0998e+02
20260904_00:00:00   2.8145e-01   7.2210e+01   2.7065e+01   4.9120e-03   1.9889e-03   3.0909e+02
20260904_01:00:00   2.8514e-01   7.2883e+01   2.7862e+01   0.0000e+00   1.5806e-03   3.0771e+02
20260904_02:00:00   2.8700e-01   7.3157e+01   2.7894e+01   1.2084e-03   1.6325e-03   3.0635e+02
20260904_03:00:00   2.8321e-01   7.2305e+01   2.7357e+01   1.2150e-04   1.5096e-03   3.0721e+02
20260904_04:00:00   2.7261e-01   6.9984e+01   2.6243e+01   6.2781e-04   2.2404e-03   3.0658e+02
20260904_05:00:00   2.6842e-01   6.9010e+01   2.5767e+01   1.0904e-03   1.9836e-03   3.0572e+02
20260904_06:00:00   2.5923e-01   6.7002e+01   2.4780e+01   4.8834e-04   1.6738e-03   3.0989e+02
20260904_07:00:00   2.5097e-01   6.5213e+01   2.3695e+01   2.7518e-05   2.1580e-04   3.1107e+02
20260904_08:00:00   2.4450e-01   6.3798e+01   2.2953e+01   0.0000e+00   0.0000e+00   3.0853e+02
20260904_09:00:00   2.4485e-01   6.3844e+01   2.3005e+01   0.0000e+00   1.0546e-05   3.0816e+02
20260904_10:00:00   2.4998e-01   6.4932e+01   2.3639e+01   0.0000e+00   0.0000e+00   3.0680e+02
20260904_11:00:00   2.5832e-01   6.6742e+01   2.4430e+01   1.0644e-04   2.1000e-04   3.0697e+02
20260904_12:00:00   2.6153e-01   6.7488e+01   2.4765e+01   0.0000e+00   2.3361e-03   3.0744e+02
20260904_13:00:00   2.7946e-01   7.1343e+01   2.6462e+01   7.0880e-06   2.8433e-04   3.0723e+02
20260904_14:00:00   2.8535e-01   7.2659e+01   2.6793e+01   3.3760e-03   1.2698e-03   3.0696e+02
20260904_15:00:00   3.0341e-01   7.6467e+01   2.6355e+01   3.0880e-02   1.1558e-05   3.0694e+02
20260904_16:00:00   2.7710e-01   7.1017e+01   2.6140e+01   3.1092e-03   5.1120e-04   3.0572e+02
20260904_17:00:00   2.7366e-01   7.0347e+01   2.5978e+01   4.7042e-03   1.2050e-03   3.0473e+02
20260904_18:00:00   2.6452e-01   6.8353e+01   2.5192e+01   7.3419e-03   3.0858e-03   3.0649e+02
20260904_19:00:00   2.5420e-01   6.6103e+01   2.4092e+01   7.9955e-03   2.4504e-03   3.0826e+02
20260904_20:00:00   2.7970e-01   7.1509e+01   2.4703e+01   2.7261e-02   1.7611e-03   3.1054e+02
20260904_21:00:00   3.5306e-01   8.6205e+01   2.5370e+01   1.0318e-01   5.2806e-03   3.1183e+02
20260904_22:00:00   2.6222e-01   6.7682e+01   2.4926e+01   3.8197e-03   2.2152e-02   3.1332e+02
20260904_23:00:00   2.7470e-01   7.0176e+01   2.5439e+01   8.8860e-03   3.0471e-02   3.1286e+02
20260905_00:00:00   2.7807e-01   7.0763e+01   2.3756e+01   2.6460e-02   3.8924e-03   3.1383e+02
20260905_01:00:00   2.2875e-01   5.9972e+01   2.0896e+01   0.0000e+00   1.1090e-03   3.1449e+02
20260905_02:00:00   2.1263e-01   5.6219e+01   1.9384e+01   0.0000e+00   5.7340e-04   3.1424e+02
20260905_03:00:00   2.0998e-01   5.5539e+01   1.9285e+01   0.0000e+00   4.0040e-07   3.1422e+02
20260905_04:00:00   2.1641e-01   5.6918e+01   2.0197e+01   0.0000e+00   0.0000e+00   3.1617e+02
20260905_05:00:00   2.3057e-01   6.0053e+01   2.1587e+01   0.0000e+00   2.3457e-04   3.1514e+02
20260905_06:00:00   2.3396e-01   6.0763e+01   2.1722e+01   0.0000e+00   5.0355e-04   3.1626e+02
20260905_07:00:00   2.3456e-01   6.0821e+01   2.1595e+01   0.0000e+00   1.0834e-05   3.1950e+02
20260905_08:00:00   2.3840e-01   6.1605e+01   2.1728e+01   0.0000e+00   0.0000e+00   3.1968e+02
20260905_09:00:00   2.4263e-01   6.2474e+01   2.2036e+01   0.0000e+00   0.0000e+00   3.1944e+02
20260905_10:00:00   2.4064e-01   6.1983e+01   2.1859e+01   0.0000e+00   0.0000e+00   3.2075e+02
20260905_11:00:00   2.4010e-01   6.1818e+01   2.1795e+01   0.0000e+00   0.0000e+00   3.2210e+02
20260905_12:00:00   2.4449e-01   6.2797e+01   2.2168e+01   0.0000e+00   0.0000e+00   3.2438e+02
20260905_13:00:00   2.5128e-01   6.4291e+01   2.2729e+01   5.0297e-04   0.0000e+00   3.2604e+02
20260905_14:00:00   2.9582e-01   7.3702e+01   2.3274e+01   4.6567e-02   0.0000e+00   3.2750e+02
20260905_15:00:00   4.9710e-01   1.1102e+02   2.4110e+01   2.7036e-01   0.0000e+00   3.2598e+02
20260905_16:00:00   3.9900e-01   9.3684e+01   2.4488e+01   1.5224e-01   0.0000e+00   3.2656e+02
20260905_17:00:00   3.2652e-01   7.9846e+01   2.5568e+01   5.5941e-02   0.0000e+00   3.2653e+02
20260905_18:00:00   3.4085e-01   8.2463e+01   2.6652e+01   5.8651e-02   7.8556e-05   3.2728e+02
20260905_19:00:00   3.5492e-01   8.5375e+01   2.7619e+01   6.5088e-02   1.0637e-04   3.2884e+02
20260905_20:00:00   6.5479e-01   1.3537e+02   2.8678e+01   3.9842e-01   1.1457e-04   3.2892e+02
20260905_21:00:00   7.5335e-01   1.4839e+02   2.8506e+01   5.1210e-01   1.0066e-03   3.3004e+02
20260905_22:00:00   5.1812e-01   1.1413e+02   2.8040e+01   2.4773e-01   9.7577e-04   3.2910e+02
20260905_23:00:00   5.3667e-01   1.1743e+02   2.8299e+01   2.6873e-01   4.9363e-03   3.2708e+02
20260906_00:00:00   7.7520e-01   1.5164e+02   2.8441e+01   5.4468e-01   2.8448e-02   3.2801e+02
20260906_01:00:00   9.1318e-01   1.6717e+02   2.7648e+01   7.0724e-01   5.3960e-02   3.2938e+02
20260906_02:00:00   1.1047e+00   1.8594e+02   2.6504e+01   9.3941e-01   2.9930e-02   3.3128e+02
20260906_03:00:00   1.3352e+00   2.0340e+02   2.6171e+01   1.1974e+00   1.3697e-01   3.3326e+02
20260906_04:00:00   7.7171e-01   1.4900e+02   2.5488e+01   5.6411e-01   1.0401e-01   3.3426e+02
20260906_05:00:00   8.5531e-01   1.5847e+02   2.5608e+01   6.5572e-01   2.1417e-01   3.3709e+02
20260906_06:00:00   7.2995e-01   1.4348e+02   2.5642e+01   5.1654e-01   1.8805e-01   3.4204e+02
20260906_07:00:00   1.0417e+00   1.7804e+02   2.5380e+01   8.6875e-01   6.7295e-02   3.4350e+02
20260906_08:00:00   7.3471e-01   1.4384e+02   2.5724e+01   5.1946e-01   2.7473e-01   3.4041e+02
20260906_09:00:00   3.4975e-01   8.2992e+01   2.5688e+01   8.4935e-02   2.9715e-01   3.3899e+02
20260906_10:00:00   3.0920e-01   7.5159e+01   2.4399e+01   5.2525e-02   1.3782e-02   3.4112e+02
20260906_11:00:00   2.4121e-01   6.1188e+01   2.2036e+01   1.4358e-04   8.6077e-05   3.4177e+02
20260906_12:00:00   2.2990e-01   5.8787e+01   2.0704e+01   0.0000e+00   2.9629e-05   3.4078e+02
20260906_13:00:00   2.1589e-01   5.5766e+01   1.8880e+01   2.6214e-03   9.9220e-04   3.4109e+02
20260906_14:00:00   1.8295e-01   4.8508e+01   1.4830e+01   0.0000e+00   9.2680e-05   3.4376e+02
20260906_15:00:00   1.5556e-01   4.2158e+01   1.2049e+01   0.0000e+00   1.1584e-07   3.4699e+02
20260906_16:00:00   1.5022e-01   4.0899e+01   1.1604e+01   0.0000e+00   0.0000e+00   3.4786e+02
20260906_17:00:00   1.5613e-01   4.2315e+01   1.2425e+01   0.0000e+00   0.0000e+00   3.4649e+02
20260906_18:00:00   1.6275e-01   4.3882e+01   1.3404e+01   3.6020e-06   2.8832e-04   3.4544e+02
20260906_19:00:00   1.6846e-01   4.5185e+01   1.4421e+01   1.5060e-05   8.4492e-04   3.4466e+02
20260906_20:00:00   1.7919e-01   4.7590e+01   1.5823e+01   3.2676e-03   3.9770e-04   3.4470e+02
20260906_21:00:00   2.0830e-01   5.4049e+01   1.7850e+01   2.0461e-02   1.0238e-03   3.4277e+02
20260906_22:00:00   3.1246e-01   7.5601e+01   2.0039e+01   1.1732e-01   3.8865e-03   3.4101e+02
20260906_23:00:00   2.5305e-01   6.3609e+01   1.9465e+01   5.5657e-02   2.2556e-03   3.4148e+02
20260907_00:00:00   1.8923e-01   4.9892e+01   1.7611e+01   0.0000e+00   2.3242e-04   3.4223e+02
20260907_01:00:00   1.8654e-01   4.9373e+01   1.6857e+01   0.0000e+00   0.0000e+00   3.4304e+02
20260907_02:00:00   1.8783e-01   4.9667e+01   1.7107e+01   0.0000e+00   0.0000e+00   3.4351e+02
20260907_03:00:00   1.9471e-01   5.1196e+01   1.8060e+01   0.0000e+00   3.2020e-07   3.4366e+02
20260907_04:00:00   2.1651e-01   5.6060e+01   2.0316e+01   9.9940e-04   8.5060e-06   3.4452e+02
20260907_05:00:00   2.2779e-01   5.8568e+01   2.1145e+01   4.1640e-03   2.9380e-05   3.4432e+02
20260907_06:00:00   2.3212e-01   5.9544e+01   2.0867e+01   1.1796e-02   1.6012e-07   3.4161e+02
20260907_07:00:00   2.1996e-01   5.6931e+01   2.0934e+01   0.0000e+00   0.0000e+00   3.3928e+02
20260907_08:00:00   2.0307e-01   5.3262e+01   1.8792e+01   0.0000e+00   0.0000e+00   3.4038e+02
20260907_09:00:00   1.9193e-01   5.0794e+01   1.7289e+01   0.0000e+00   0.0000e+00   3.3975e+02
20260907_10:00:00   1.8586e-01   4.9490e+01   1.6201e+01   0.0000e+00   0.0000e+00   3.4056e+02
20260907_11:00:00   1.9205e-01   5.0919e+01   1.6841e+01   0.0000e+00   0.0000e+00   3.3918e+02
20260907_12:00:00   1.8803e-01   5.0060e+01   1.6296e+01   0.0000e+00   0.0000e+00   3.3726e+02
20260907_15:00:00   2.0500e-01   5.4027e+01   1.8467e+01   0.0000e+00   0.0000e+00   3.3168e+02
20260907_18:00:00   2.0609e-01   5.4607e+01   1.8831e+01   0.0000e+00   0.0000e+00   3.3303e+02
20260907_21:00:00   1.9624e-01   5.2554e+01   1.7892e+01   0.0000e+00   0.0000e+00   3.3378e+02
20260908_00:00:00   1.9336e-01   5.1891e+01   1.7387e+01   0.0000e+00   2.2804e-03   3.2937e+02
20260908_03:00:00   1.8435e-01   4.9719e+01   1.6649e+01   0.0000e+00   8.0690e-03   3.2535e+02
20260908_06:00:00   1.9458e-01   5.1999e+01   1.8234e+01   0.0000e+00   5.7486e-03   3.2016e+02
20260908_09:00:00   1.9964e-01   5.3060e+01   1.9232e+01   0.0000e+00   3.9382e-02   3.1784e+02
20260908_12:00:00   1.9387e-01   5.1704e+01   1.8885e+01   0.0000e+00   3.0501e-04   3.1299e+02
20260908_15:00:00   2.0132e-01   5.3425e+01   2.0244e+01   0.0000e+00   1.8010e-02   3.0981e+02
20260908_18:00:00   2.3196e-01   6.0296e+01   2.4829e+01   0.0000e+00   4.8651e-02   3.0881e+02
20260908_21:00:00   2.4823e-01   6.3502e+01   2.7537e+01   0.0000e+00   2.9415e-01   3.0603e+02
20260909_00:00:00   1.1189e+00   1.8694e+02   3.5914e+01   8.9285e-01   5.3959e-02   3.0411e+02
20260909_03:00:00   1.4568e+00   2.1257e+02   3.5948e+01   1.2621e+00   2.3863e-02   3.0460e+02
20260909_06:00:00   1.3373e+00   2.0586e+02   3.6364e+01   1.1364e+00   1.5914e-02   3.0658e+02
20260909_09:00:00   6.6121e-01   1.3672e+02   3.1645e+01   4.0003e-01   9.0120e-04   3.1422e+02
20260909_12:00:00   3.0709e-01   7.6127e+01   3.0214e+01   1.1622e-03   0.0000e+00   3.1673e+02
20260909_15:00:00   3.0275e-01   7.5464e+01   2.9036e+01   3.2040e-03   0.0000e+00   3.1619e+02
20260909_18:00:00   6.2246e-01   1.3205e+02   2.8867e+01   3.7597e-01   3.9477e-03   3.1203e+02
20260909_21:00:00   3.2283e-01   7.9961e+01   2.6414e+01   3.6957e-02   5.4000e-05   3.0634e+02
20260910_00:00:00   3.0537e-01   7.6548e+01   2.4684e+01   3.4707e-02   2.8643e-03   3.0613e+02
20260910_03:00:00   2.8981e-01   7.3235e+01   2.7273e+01   0.0000e+00   6.6140e-04   3.0465e+02
20260910_06:00:00   3.2308e-01   7.9994e+01   3.1043e+01   3.8460e-06   0.0000e+00   3.0322e+02
20260910_09:00:00   5.0053e-01   1.1323e+02   3.1747e+01   2.0090e-01   4.9796e-04   3.0482e+02
20260910_12:00:00   9.6590e-01   1.7775e+02   3.3348e+01   7.7313e-01   2.1356e-02   3.0928e+02
20260910_15:00:00   9.7196e-01   1.7839e+02   3.6372e+01   7.5467e-01   3.4149e-01   3.1787e+02
20260910_18:00:00   3.4266e-01   8.3718e+01   3.4475e+01   1.4987e-02   1.4810e-01   3.1603e+02
20260910_21:00:00   5.9638e-01   1.2958e+02   3.7587e+01   2.5978e-01   1.0546e-05   3.1839e+02
20260911_00:00:00   5.3687e-01   1.2046e+02   3.1063e+01   2.6480e-01   0.0000e+00   3.1701e+02
20260911_03:00:00   2.5327e-01   6.5402e+01   2.2804e+01   1.0922e-02   7.0880e-06   3.3142e+02
20260911_06:00:00   2.3593e-01   6.1211e+01   2.1300e+01   0.0000e+00   3.5660e-05   3.3085e+02
20260911_09:00:00   2.2049e-01   5.7517e+01   1.9511e+01   0.0000e+00   0.0000e+00   3.3764e+02
20260911_12:00:00   2.7511e-01   6.9397e+01   2.2498e+01   2.7725e-02   0.0000e+00   3.3736e+02
20260911_15:00:00   3.0827e-01   7.6579e+01   2.4144e+01   5.3837e-02   0.0000e+00   3.1930e+02
20260911_18:00:00   2.6855e-01   6.8327e+01   2.2718e+01   2.4471e-02   0.0000e+00   3.1697e+02
20260911_21:00:00   2.5101e-01   6.4621e+01   2.2776e+01   2.8060e-03   0.0000e+00   3.2371e+02
20260912_00:00:00   2.4542e-01   6.3135e+01   2.2538e+01   2.3924e-04   2.0079e-03   3.2843e+02
20260912_03:00:00   2.3939e-01   6.1642e+01   2.2420e+01   1.2883e-04   1.6912e-02   3.3150e+02
20260912_06:00:00   2.3442e-01   6.0452e+01   2.1618e+01   2.3257e-03   1.0963e-03   3.2711e+02
20260912_09:00:00   3.1112e-01   7.6629e+01   2.0199e+01   1.0400e-01   3.5060e-04   3.2196e+02
20260912_12:00:00   2.5698e-01   6.5368e+01   1.9862e+01   4.1578e-02   7.2068e-03   3.1440e+02
20260912_15:00:00   2.4175e-01   6.2155e+01   2.1025e+01   1.5588e-02   1.6836e-02   3.0731e+02
20260912_18:00:00   2.5810e-01   6.5646e+01   2.3956e+01   2.0143e-02   7.1191e-02   3.0590e+02
20260912_21:00:00   2.6981e-01   6.7935e+01   2.7181e+01   9.3800e-03   3.3818e-01   3.0350e+02
20260913_00:00:00   7.8055e-01   1.5094e+02   3.1764e+01   5.4004e-01   1.1808e-03   3.0561e+02
20260913_03:00:00   3.2319e-01   7.9121e+01   2.8193e+01   3.8238e-02   4.9042e-04   3.0551e+02
20260913_06:00:00   2.9370e-01   7.3040e+01   3.0081e+01   5.3760e-04   4.8872e-03   3.0158e+02
20260913_09:00:00   3.0832e-01   7.5988e+01   3.2313e+01   1.8698e-03   6.7602e-04   2.9746e+02
20260913_12:00:00   6.9401e-01   1.3994e+02   3.7590e+01   3.8710e-01   2.1853e-02   2.9798e+02
20260913_15:00:00   4.0794e-01   9.5732e+01   4.1381e+01   1.4913e-02   2.5938e-04   2.9798e+02
20260913_18:00:00   5.2306e-01   1.1601e+02   4.2530e+01   1.3886e-01   4.7122e-04   2.9838e+02
20260913_21:00:00   5.2109e-01   1.1585e+02   4.5571e+01   1.0240e-01   1.7843e-03   2.9812e+02
20260914_00:00:00   3.9278e-01   9.3838e+01   4.0817e+01   0.0000e+00   0.0000e+00   2.9742e+02
20260914_03:00:00   3.9528e-01   9.4370e+01   4.1148e+01   0.0000e+00   0.0000e+00   2.9718e+02
20260914_06:00:00   4.1905e-01   9.8848e+01   4.3869e+01   0.0000e+00   9.3991e-03   2.9436e+02
20260914_09:00:00   4.3453e-01   1.0177e+02   4.5965e+01   9.8846e-04   9.6416e-03   2.9403e+02
20260914_12:00:00   4.6035e-01   1.0648e+02   4.8573e+01   1.4740e-03   1.1477e-02   2.9277e+02
20260914_15:00:00   4.7046e-01   1.0859e+02   4.9665e+01   2.6008e-04   6.6184e-03   2.9163e+02
20260914_18:00:00   4.6967e-01   1.0907e+02   4.9675e+01   8.0060e-07   5.1572e-05   2.9157e+02
20260914_21:00:00   4.8484e-01   1.1201e+02   5.0862e+01   0.0000e+00   0.0000e+00   2.9177e+02
20260915_00:00:00   4.8486e-01   1.1193e+02   5.0663e+01   2.2280e-05   5.2029e-04   2.9285e+02
20260915_03:00:00   5.2437e-01   1.1832e+02   5.4164e+01   2.5539e-03   7.3235e-01   2.9142e+02
20260915_06:00:00   4.7230e-01   1.0950e+02   4.8928e+01   1.7953e-03   1.2934e-03   2.9089e+02
20260915_09:00:00   5.1316e-01   1.1676e+02   4.7228e+01   7.5582e-02   4.3017e-05   2.9181e+02
20260915_12:00:00   4.3314e-01   1.0262e+02   3.9731e+01   6.5965e-02   5.1280e-06   2.9346e+02
20260915_15:00:00   3.6367e-01   8.8740e+01   3.9267e+01   0.0000e+00   5.6700e-06   2.9121e+02
20260915_18:00:00   3.6164e-01   8.8043e+01   3.9961e+01   0.0000e+00   1.2914e-05   2.9219e+02
20260915_21:00:00   3.4356e-01   8.3877e+01   3.7213e+01   1.0903e-02   4.1030e-03   2.9381e+02
20260916_00:00:00   3.8516e-01   9.1154e+01   3.3112e+01   1.0098e-01   2.2021e-02   2.9930e+02
20260916_03:00:00   2.2415e-01   5.8574e+01   2.4382e+01   0.0000e+00   1.2848e-02   3.0348e+02
20260916_06:00:00   1.6738e-01   4.5772e+01   1.5673e+01   0.0000e+00   1.4480e-06   3.0706e+02
20260916_09:00:00   1.5862e-01   4.3701e+01   1.4201e+01   0.0000e+00   0.0000e+00   3.0449e+02
20260916_12:00:00   1.6111e-01   4.4233e+01   1.4961e+01   0.0000e+00   0.0000e+00   3.0563e+02
20260916_15:00:00   1.6886e-01   4.6056e+01   1.6556e+01   0.0000e+00   8.6506e-03   3.0386e+02
20260916_18:00:00   2.0078e-01   5.3726e+01   1.9925e+01   0.0000e+00   1.4480e-06   3.0465e+02
20260916_21:00:00   2.2277e-01   5.8909e+01   2.1513e+01   0.0000e+00   0.0000e+00   3.0565e+02
20260917_00:00:00   2.2202e-01   5.8564e+01   2.1662e+01   0.0000e+00   0.0000e+00   3.0658e+02
20260917_03:00:00   1.8805e-01   5.0621e+01   1.7422e+01   0.0000e+00   0.0000e+00   3.0429e+02
20260917_06:00:00   1.6518e-01   4.5092e+01   1.4619e+01   0.0000e+00   0.0000e+00   3.0119e+02
20260917_09:00:00   1.5202e-01   4.1796e+01   1.3127e+01   0.0000e+00   0.0000e+00   2.9869e+02
20260917_12:00:00   1.3148e-01   3.6616e+01   1.0951e+01   0.0000e+00   0.0000e+00   3.0102e+02
20260917_15:00:00   1.4825e-01   4.0789e+01   1.2930e+01   0.0000e+00   0.0000e+00   2.9968e+02
20260917_18:00:00   1.7369e-01   4.6873e+01   1.6064e+01   0.0000e+00   0.0000e+00   2.9757e+02
20260917_21:00:00   2.1131e-01   5.5357e+01   2.1187e+01   0.0000e+00   0.0000e+00   2.9493e+02
20260918_00:00:00   2.0455e-01   5.3538e+01   2.0599e+01   0.0000e+00   2.5526e-04   2.9573e+02
20260918_03:00:00   2.3647e-01   6.0260e+01   2.4507e+01   1.3468e-04   1.0214e-03   2.9347e+02
20260918_06:00:00   6.3256e-01   1.3034e+02   2.6037e+01   4.3065e-01   2.7186e-03   2.9331e+02
20260918_09:00:00   5.0792e-01   1.1123e+02   2.6209e+01   2.8415e-01   1.7007e-02   2.9743e+02
20260918_12:00:00   7.1948e-01   1.4227e+02   2.6565e+01   5.1836e-01   1.2657e-01   3.0141e+02
