#            date       tau255        Tb[K]      pwv[mm] lwp[kg*m^-2] iwp[kg*m^-2]       o3[DU]
20260730_06:00:00   1.2228e+00   1.9947e+02   3.5227e+01   1.0177e+00   0.0000e+00   3.5194e+02
20260730_07:00:00   1.1064e+00   1.8933e+02   3.4390e+01   8.8569e-01   2.3960e-05   3.5330e+02
20260730_08:00:00   9.7639e-01   1.7700e+02   3.4349e+01   7.3893e-01   6.6321e-06   3.5449e+02
20260730_09:00:00   8.5446e-01   1.6371e+02   3.3963e+01   6.0454e-01   2.8355e-05   3.5535e+02
20260730_10:00:00   7.7578e-01   1.5494e+02   3.3570e+01   5.2934e-01   5.6700e-06   3.5540e+02
20260730_11:00:00   8.1500e-01   1.5992e+02   3.3385e+01   5.7833e-01   2.3160e-07   3.5477e+02
20260730_12:00:00   9.2425e-01   1.7225e+02   3.3823e+01   6.9386e-01   1.1428e-04   3.5308e+02
20260730_13:00:00   1.6710e+00   2.2919e+02   3.5564e+01   1.5337e+00   2.2578e-04   3.4960e+02
20260730_14:00:00   1.6066e+00   2.2481e+02   3.6060e+01   1.4420e+00   1.8910e-03   3.4966e+02
20260730_15:00:00   1.0205e+00   1.7908e+02   3.5435e+01   7.5472e-01   1.6047e-02   3.4809e+02
20260730_16:00:00   5.5242e-01   1.2027e+02   3.4900e+01   2.2330e-01   3.1644e-02   3.4562e+02
20260730_17:00:00   3.9312e-01   9.3414e+01   3.4487e+01   4.6548e-02   7.7169e-02   3.4617e+02
20260730_18:00:00   3.7701e-01   9.0383e+01   3.4673e+01   2.8440e-02   5.8392e-02   3.4829e+02
20260730_19:00:00   3.9324e-01   9.3526e+01   3.5187e+01   4.7834e-02   1.5637e-02   3.4939e+02
20260730_20:00:00   4.3074e-01   1.0052e+02   3.5362e+01   9.2982e-02   1.1817e-02   3.4939e+02
20260730_21:00:00   4.0587e-01   9.5684e+01   3.6093e+01   5.5188e-02   9.4327e-03   3.4653e+02
20260730_22:00:00   5.3638e-01   1.1838e+02   3.7200e+01   1.9961e-01   3.1800e-03   3.4278e+02
20260730_23:00:00   5.8796e-01   1.2664e+02   3.6822e+01   2.6634e-01   1.5322e-03   3.4351e+02
20260731_00:00:00   4.1558e-01   9.7334e+01   3.5377e+01   7.5610e-02   5.0160e-04   3.4541e+02
20260731_01:00:00   3.4944e-01   8.4637e+01   3.4122e+01   8.2380e-03   4.1689e-04   3.4564e+02
20260731_02:00:00   3.4541e-01   8.3790e+01   3.4002e+01   3.7280e-03   4.3487e-03   3.4738e+02
20260731_03:00:00   3.3655e-01   8.2017e+01   3.3507e+01   6.8160e-05   1.1908e-02   3.4959e+02
20260731_04:00:00   3.3031e-01   8.0751e+01   3.3014e+01   0.0000e+00   1.2602e-02   3.5042e+02
20260731_05:00:00   3.2528e-01   7.9709e+01   3.2754e+01   0.0000e+00   3.1189e-02   3.4997e+02
20260731_06:00:00   3.2116e-01   7.8854e+01   3.2435e+01   3.5440e-05   8.7118e-02   3.5073e+02
20260731_07:00:00   3.5857e-01   8.6068e+01   3.2459e+01   4.1844e-02   3.2016e-02   3.5132e+02
20260731_08:00:00   3.8277e-01   9.0611e+01   3.2426e+01   6.7612e-02   3.4674e-03   3.5088e+02
20260731_09:00:00   3.2093e-01   7.8925e+01   3.2036e+01   7.5005e-04   4.0943e-05   3.4902e+02
20260731_10:00:00   3.2028e-01   7.8838e+01   3.1806e+01   0.0000e+00   0.0000e+00   3.4786e+02
20260731_11:00:00   3.2229e-01   7.9287e+01   3.1680e+01   4.8040e-06   1.2010e-06   3.4716e+02
20260731_12:00:00   3.2540e-01   7.9968e+01   3.1940e+01   0.0000e+00   8.0070e-07   3.4464e+02
20260731_13:00:00   3.3378e-01   8.1687e+01   3.2941e+01   5.0020e-04   1.4304e-05   3.4238e+02
20260731_14:00:00   3.4145e-01   8.3259e+01   3.3803e+01   3.4354e-03   1.3152e-05   3.3998e+02
20260731_15:00:00   3.4443e-01   8.3988e+01   3.4090e+01   5.1406e-03   1.2873e-05   3.3779e+02
20260731_16:00:00   3.6585e-01   8.8226e+01   3.5571e+01   1.3552e-02   1.1013e-04   3.3637e+02
20260731_17:00:00   3.7060e-01   8.9209e+01   3.6414e+01   7.0886e-03   1.7689e-05   3.3779e+02
20260731_18:00:00   3.5920e-01   8.7182e+01   3.5749e+01   2.7662e-04   5.4482e-06   3.3876e+02
20260731_19:00:00   3.6444e-01   8.8237e+01   3.5777e+01   7.9074e-03   4.5740e-05   3.3881e+02
20260731_20:00:00   3.8148e-01   9.1491e+01   3.6304e+01   2.3495e-02   1.1198e-04   3.4249e+02
20260731_21:00:00   3.5194e-01   8.5921e+01   3.5627e+01   0.0000e+00   0.0000e+00   3.4096e+02
20260731_22:00:00   3.4745e-01   8.5076e+01   3.5271e+01   0.0000e+00   0.0000e+00   3.3827e+02
20260731_23:00:00   3.4756e-01   8.5087e+01   3.5350e+01   0.0000e+00   3.2020e-07   3.3817e+02
20260801_00:00:00   3.3723e-01   8.3102e+01   3.4229e+01   0.0000e+00   0.0000e+00   3.3715e+02
20260801_01:00:00   3.3071e-01   8.1828e+01   3.3385e+01   0.0000e+00   0.0000e+00   3.3487e+02
20260801_02:00:00   3.2756e-01   8.1238e+01   3.2811e+01   0.0000e+00   2.9960e-05   3.3287e+02
20260801_03:00:00   3.2244e-01   8.0242e+01   3.2144e+01   0.0000e+00   8.0060e-07   3.3062e+02
20260801_04:00:00   3.2033e-01   7.9823e+01   3.1732e+01   0.0000e+00   1.4976e-05   3.2901e+02
20260801_05:00:00   3.1133e-01   7.8023e+01   3.0874e+01   0.0000e+00   1.4176e-05   3.2885e+02
20260801_06:00:00   3.0698e-01   7.7148e+01   3.0241e+01   0.0000e+00   8.9130e-04   3.2786e+02
20260801_07:00:00   3.0032e-01   7.5789e+01   2.9441e+01   0.0000e+00   1.6740e-05   3.2735e+02
20260801_08:00:00   2.9475e-01   7.4648e+01   2.8782e+01   0.0000e+00   1.4480e-07   3.2777e+02
20260801_09:00:00   2.9712e-01   7.5116e+01   2.8920e+01   0.0000e+00   0.0000e+00   3.2633e+02
20260801_10:00:00   2.9944e-01   7.5606e+01   2.9080e+01   0.0000e+00   0.0000e+00   3.2401e+02
20260801_11:00:00   2.9834e-01   7.5406e+01   2.9081e+01   0.0000e+00   0.0000e+00   3.2362e+02
20260801_12:00:00   3.0089e-01   7.5982e+01   2.9346e+01   0.0000e+00   0.0000e+00   3.2202e+02
20260801_13:00:00   3.0693e-01   7.7273e+01   2.9987e+01   0.0000e+00   0.0000e+00   3.1854e+02
20260801_14:00:00   3.0075e-01   7.6135e+01   2.9539e+01   0.0000e+00   0.0000e+00   3.1697e+02
20260801_15:00:00   2.9696e-01   7.5403e+01   2.9377e+01   0.0000e+00   3.0240e-04   3.1555e+02
20260801_16:00:00   2.8707e-01   7.3402e+01   2.8651e+01   0.0000e+00   2.3864e-04   3.1516e+02
20260801_17:00:00   2.8833e-01   7.3700e+01   2.9045e+01   4.8040e-06   3.3584e-03   3.1411e+02
20260801_18:00:00   2.9037e-01   7.4156e+01   2.9462e+01   4.0560e-04   5.3706e-03   3.1161e+02
20260801_19:00:00   3.0173e-01   7.6522e+01   2.9989e+01   1.0743e-02   3.8799e-03   3.1100e+02
20260801_20:00:00   3.7627e-01   9.1290e+01   3.0414e+01   9.2580e-02   2.4881e-03   3.1133e+02
20260801_21:00:00   3.7904e-01   9.1780e+01   2.9792e+01   1.0099e-01   6.6985e-03   3.0980e+02
20260801_22:00:00   3.1687e-01   7.9690e+01   2.8791e+01   3.9222e-02   1.2320e-02   3.1056e+02
20260801_23:00:00   4.1030e-01   9.7747e+01   3.0858e+01   1.2178e-01   1.0978e-01   3.1013e+02
20260802_00:00:00   3.6996e-01   9.0297e+01   3.2654e+01   4.7097e-02   6.7198e-02   3.0838e+02
20260802_01:00:00   3.1745e-01   7.9847e+01   3.1351e+01   3.0973e-03   4.4133e-02   3.0779e+02
20260802_02:00:00   3.0906e-01   7.8010e+01   3.0875e+01   1.8648e-03   4.4142e-02   3.0725e+02
20260802_03:00:00   2.9738e-01   7.5531e+01   2.9769e+01   7.2500e-04   1.1091e-02   3.0740e+02
20260802_04:00:00   3.0439e-01   7.6852e+01   3.0142e+01   9.1740e-03   8.9006e-03   3.0831e+02
20260802_05:00:00   3.8506e-01   9.2577e+01   3.1573e+01   8.7320e-02   9.2631e-03   3.0776e+02
20260802_06:00:00   3.2200e-01   8.0332e+01   3.1519e+01   1.7954e-02   2.5718e-02   3.0708e+02
20260802_07:00:00   3.0330e-01   7.6520e+01   3.1056e+01   0.0000e+00   3.6838e-03   3.0733e+02
20260802_08:00:00   3.1060e-01   7.7962e+01   3.1440e+01   5.0260e-04   1.1370e-02   3.0709e+02
20260802_09:00:00   3.0942e-01   7.7712e+01   3.1274e+01   9.3960e-05   1.0109e-02   3.0679e+02
20260802_10:00:00   2.9735e-01   7.5198e+01   3.0309e+01   0.0000e+00   1.1061e-02   3.0660e+02
20260802_11:00:00   2.9597e-01   7.4878e+01   3.0280e+01   0.0000e+00   1.4617e-02   3.0691e+02
20260802_12:00:00   3.0468e-01   7.6638e+01   3.1565e+01   0.0000e+00   4.4126e-02   3.0674e+02
20260802_13:00:00   3.0106e-01   7.5940e+01   3.1116e+01   0.0000e+00   2.3432e-01   3.0577e+02
20260802_14:00:00   2.9271e-01   7.4341e+01   2.9926e+01   0.0000e+00   3.1395e-02   3.0601e+02
20260802_15:00:00   2.9721e-01   7.5395e+01   3.0489e+01   0.0000e+00   4.6877e-03   3.0588e+02
20260802_16:00:00   3.0654e-01   7.7347e+01   3.2064e+01   0.0000e+00   1.8821e-02   3.0509e+02
20260802_17:00:00   3.1260e-01   7.8619e+01   3.3175e+01   0.0000e+00   5.1819e-03   3.0583e+02
20260802_18:00:00   3.2798e-01   8.1696e+01   3.5375e+01   5.9360e-05   4.7554e-04   3.0583e+02
20260802_19:00:00   3.3952e-01   8.3971e+01   3.7299e+01   2.3660e-04   7.1203e-05   3.0621e+02
20260802_20:00:00   3.5518e-01   8.7089e+01   3.8634e+01   5.9768e-03   5.2526e-04   3.0711e+02
20260802_21:00:00   3.4261e-01   8.4743e+01   3.6862e+01   5.6760e-03   3.0558e-03   3.0730e+02
20260802_22:00:00   3.3494e-01   8.3324e+01   3.5948e+01   1.0806e-03   1.4803e-02   3.0704e+02
20260802_23:00:00   3.3705e-01   8.3857e+01   3.5186e+01   8.2658e-04   1.8745e-02   3.0717e+02
20260803_00:00:00   3.1734e-01   7.9783e+01   3.2322e+01   0.0000e+00   1.3142e-01   3.0879e+02
20260803_01:00:00   2.9957e-01   7.6045e+01   3.0186e+01   0.0000e+00   1.3892e-01   3.0888e+02
20260803_02:00:00   2.6121e-01   6.7820e+01   2.5832e+01   0.0000e+00   1.3682e-02   3.0873e+02
20260803_03:00:00   2.3776e-01   6.2566e+01   2.3044e+01   0.0000e+00   2.4662e-03   3.0750e+02
20260803_04:00:00   2.2969e-01   6.0711e+01   2.2208e+01   0.0000e+00   1.0894e-02   3.0534e+02
20260803_05:00:00   2.2981e-01   6.0596e+01   2.2475e+01   0.0000e+00   2.0765e-02   3.0510e+02
20260803_06:00:00   2.1889e-01   5.8132e+01   2.0687e+01   0.0000e+00   3.7257e-03   3.0538e+02
20260803_07:00:00   2.4580e-01   6.4188e+01   2.3622e+01   1.1492e-04   3.1345e-02   3.0545e+02
20260803_08:00:00   3.8639e-01   9.3284e+01   3.4802e+01   4.3784e-02   1.5830e-02   3.0513e+02
20260803_09:00:00   5.4396e-01   1.2187e+02   3.6861e+01   2.1711e-01   1.7555e-02   3.0567e+02
20260803_10:00:00   5.5038e-01   1.2270e+02   3.9321e+01   2.1060e-01   3.9236e-02   3.0586e+02
20260803_11:00:00   7.7982e-01   1.5397e+02   4.0956e+01   4.5145e-01   3.0352e-02   3.0573e+02
20260803_12:00:00   9.7733e-01   1.7724e+02   4.2278e+01   6.7747e-01   5.5139e-02   3.0498e+02
20260803_13:00:00   6.7494e-01   1.4050e+02   4.5573e+01   2.9412e-01   1.0411e-01   3.0346e+02
20260803_14:00:00   6.1508e-01   1.3176e+02   4.8763e+01   1.8263e-01   4.2077e-01   3.0433e+02
20260803_15:00:00   8.3668e-01   1.6083e+02   5.0364e+01   4.0928e-01   1.8187e-01   3.0395e+02
20260803_16:00:00   1.3526e+00   2.0838e+02   5.3654e+01   9.4779e-01   1.7414e-01   3.0341e+02
20260803_17:00:00   1.7144e+00   2.3319e+02   5.6086e+01   1.3766e+00   3.2899e-01   3.0169e+02
20260803_18:00:00   1.7521e+00   2.3646e+02   5.6646e+01   1.4417e+00   3.8320e-01   3.0159e+02
20260803_19:00:00   8.0170e-01   1.5707e+02   5.4395e+01   3.1429e-01   2.4456e-01   3.0256e+02
20260803_20:00:00   9.9811e-01   1.7879e+02   5.5606e+01   5.2069e-01   8.2480e-01   3.0294e+02
20260803_21:00:00   8.0468e-01   1.5763e+02   5.6548e+01   2.8975e-01   6.7641e-01   3.0231e+02
20260803_22:00:00   9.1452e-01   1.7050e+02   5.7158e+01   4.0918e-01   5.9514e-01   3.0205e+02
20260803_23:00:00   7.0211e-01   1.4484e+02   5.7153e+01   1.6811e-01   4.0997e-01   3.0259e+02
20260804_00:00:00   6.5510e-01   1.3937e+02   5.6240e+01   1.4030e-01   8.5877e-02   3.0300e+02
20260804_01:00:00   8.5708e-01   1.6502e+02   5.6535e+01   3.6617e-01   1.6557e-01   3.0221e+02
20260804_02:00:00   6.9353e-01   1.4481e+02   5.5406e+01   1.9961e-01   4.0914e-02   3.0221e+02
20260804_03:00:00   5.1269e-01   1.1629e+02   5.2713e+01   7.9469e-03   2.8329e-02   3.0167e+02
20260804_04:00:00   5.1137e-01   1.1581e+02   5.2213e+01   1.2388e-02   4.4569e-02   3.0135e+02
20260804_05:00:00   6.7714e-01   1.4082e+02   5.3240e+01   1.8556e-01   4.6119e-02   2.9994e+02
20260804_06:00:00   1.2551e+00   2.0222e+02   5.4157e+01   8.4199e-01   3.6128e-02   2.9885e+02
20260804_09:00:00   1.0485e+00   1.8495e+02   5.2732e+01   6.3019e-01   6.8950e-03   3.0073e+02
20260804_12:00:00   9.9277e-01   1.7770e+02   5.2185e+01   5.4879e-01   1.9884e-01   3.0172e+02
20260804_15:00:00   5.8722e-01   1.2902e+02   4.8204e+01   1.6064e-01   3.8711e-02   3.0593e+02
20260804_18:00:00   4.7669e-01   1.1027e+02   4.9272e+01   6.6021e-03   1.5893e-01   3.0382e+02
20260804_21:00:00   7.7497e-01   1.5315e+02   5.0475e+01   3.2741e-01   2.6402e-01   3.0336e+02
20260805_00:00:00   8.7263e-01   1.6769e+02   4.8648e+01   4.7951e-01   6.2036e-03   3.0558e+02
20260805_03:00:00   4.8198e-01   1.1129e+02   4.3562e+01   7.6989e-02   1.7744e-02   3.0766e+02
20260805_06:00:00   5.5541e-01   1.2354e+02   4.8242e+01   1.1236e-01   3.9374e-01   3.0641e+02
20260805_09:00:00   5.6162e-01   1.2425e+02   4.7229e+01   1.2913e-01   2.8469e-01   3.1083e+02
20260805_12:00:00   5.6238e-01   1.2485e+02   4.5268e+01   1.3645e-01   5.2254e-02   3.1723e+02
20260805_15:00:00   4.2812e-01   1.0133e+02   4.0766e+01   1.7484e-02   1.5168e-05   3.2109e+02
20260805_18:00:00   3.8284e-01   9.2697e+01   3.9446e+01   3.3243e-03   6.7429e-05   3.2523e+02
20260805_21:00:00   8.4676e-01   1.6317e+02   4.3777e+01   4.9624e-01   1.3237e-02   3.2802e+02
20260806_00:00:00   5.0579e-01   1.1333e+02   4.0551e+01   1.3573e-01   1.7815e-01   3.3575e+02
20260806_03:00:00   3.8594e-01   9.2344e+01   3.9209e+01   1.3182e-02   1.7944e-02   3.3632e+02
20260806_06:00:00   3.9978e-01   9.5091e+01   4.1353e+01   8.4400e-04   4.0755e-02   3.3063e+02
20260806_09:00:00   3.7458e-01   9.0403e+01   3.9830e+01   0.0000e+00   1.4885e-02   3.2289e+02
20260806_12:00:00   3.8957e-01   9.3582e+01   3.9890e+01   0.0000e+00   1.1341e-05   3.1740e+02
20260806_15:00:00   4.0747e-01   9.7345e+01   4.0684e+01   7.9340e-03   0.0000e+00   3.1248e+02
20260806_18:00:00   3.9330e-01   9.4831e+01   4.1640e+01   2.1960e-04   6.4740e-05   3.1035e+02
20260806_21:00:00   3.6701e-01   9.0001e+01   3.9120e+01   2.4622e-04   8.7900e-05   3.0900e+02
20260807_00:00:00   3.4312e-01   8.5140e+01   3.6578e+01   0.0000e+00   3.4230e-05   3.0946e+02
20260807_03:00:00   3.8296e-01   9.2936e+01   3.9683e+01   0.0000e+00   3.0312e-03   3.1631e+02
20260807_06:00:00   3.6122e-01   8.8635e+01   3.7459e+01   0.0000e+00   6.7957e-03   3.2052e+02
20260807_09:00:00   3.5854e-01   8.7840e+01   3.7717e+01   0.0000e+00   4.9755e-02   3.2341e+02
20260807_12:00:00   3.8835e-01   9.3383e+01   4.0684e+01   0.0000e+00   2.6547e-01   3.3222e+02
20260807_15:00:00   4.2327e-01   1.0024e+02   3.9335e+01   4.0020e-02   1.2964e-03   3.2864e+02
20260807_18:00:00   3.6996e-01   9.0414e+01   3.7495e+01   1.0468e-03   1.3748e-02   3.2748e+02
20260807_21:00:00   3.5443e-01   8.7554e+01   3.6229e+01   2.6934e-04   3.9081e-02   3.2850e+02
20260808_00:00:00   3.7420e-01   9.1059e+01   3.7400e+01   0.0000e+00   3.4616e-04   3.3390e+02
20260808_03:00:00   3.4158e-01   8.4661e+01   3.2873e+01   0.0000e+00   0.0000e+00   3.4206e+02
20260808_06:00:00   3.1544e-01   7.9340e+01   2.9727e+01   0.0000e+00   0.0000e+00   3.4273e+02
20260808_09:00:00   3.0081e-01   7.6232e+01   2.7768e+01   0.0000e+00   1.9594e-05   3.3809e+02
20260808_12:00:00   3.0274e-01   7.6554e+01   2.7372e+01   2.5072e-06   6.9520e-04   3.3779e+02
20260808_15:00:00   3.0585e-01   7.7482e+01   2.6596e+01   1.5287e-02   5.2140e-05   3.3371e+02
20260808_18:00:00   5.8747e-01   1.2845e+02   3.1591e+01   3.1006e-01   2.3738e-04   3.3045e+02
20260808_21:00:00   3.2648e-01   8.1807e+01   3.2013e+01   4.3100e-03   5.1983e-04   3.2870e+02
20260809_00:00:00   3.5797e-01   8.8092e+01   3.4349e+01   1.9156e-03   3.7322e-04   3.2638e+02
20260809_03:00:00   4.0437e-01   9.6671e+01   4.0063e+01   0.0000e+00   2.6060e-03   3.2389e+02
20260809_06:00:00   5.5946e-01   1.2369e+02   4.5922e+01   1.4198e-01   6.1236e-03   3.2202e+02
20260809_09:00:00   1.1153e+00   1.9105e+02   4.7983e+01   7.6871e-01   1.4896e-01   3.2399e+02
20260809_12:00:00   8.6513e-01   1.6736e+02   4.1649e+01   5.6040e-01   5.0212e-03   3.2782e+02
20260809_15:00:00   8.4825e-01   1.6581e+02   4.0383e+01   5.6244e-01   1.6537e-02   3.2589e+02
20260809_18:00:00   6.6737e-01   1.4131e+02   4.4215e+01   3.0391e-01   7.6187e-02   3.2377e+02
20260809_21:00:00   5.3586e-01   1.1941e+02   4.7455e+01   8.6367e-02   1.2720e-01   3.2207e+02
20260810_00:00:00   4.8807e-01   1.1246e+02   4.4424e+01   5.0723e-02   2.2300e-04   3.2648e+02
20260810_03:00:00   5.0343e-01   1.1532e+02   4.2306e+01   9.3684e-02   0.0000e+00   3.2822e+02
20260810_06:00:00   4.2605e-01   1.0116e+02   4.0451e+01   1.3663e-02   7.9564e-06   3.3153e+02
20260810_09:00:00   3.8196e-01   9.2632e+01   3.6571e+01   9.2891e-03   5.2671e-03   3.2751e+02
20260810_12:00:00   3.6661e-01   8.9770e+01   3.3767e+01   2.9285e-02   4.4704e-03   3.2874e+02
20260810_15:00:00   3.3776e-01   8.3861e+01   3.4267e+01   2.4336e-03   8.4201e-02   3.2410e+02
20260810_18:00:00   3.7556e-01   9.0783e+01   4.0741e+01   2.7138e-03   2.3935e-01   3.2186e+02
20260810_21:00:00   1.2274e+00   1.9793e+02   4.6636e+01   8.9292e-01   1.1017e-01   3.1892e+02
20260811_00:00:00   1.1772e+00   1.9673e+02   4.4529e+01   8.8131e-01   3.8803e-03   3.2105e+02
20260811_03:00:00   1.1390e+00   1.9325e+02   4.3782e+01   8.3699e-01   8.3358e-03   3.2365e+02
20260811_06:00:00   4.9511e-01   1.1257e+02   3.8836e+01   1.2555e-01   3.9800e-04   3.2238e+02
20260811_09:00:00   2.9212e-01   7.3988e+01   2.8630e+01   0.0000e+00   0.0000e+00   3.2403e+02
20260811_12:00:00   2.5604e-01   6.6232e+01   2.5075e+01   0.0000e+00   5.3000e-05   3.2250e+02
20260811_15:00:00   2.5928e-01   6.7003e+01   2.5695e+01   0.0000e+00   2.6279e-02   3.2182e+02
20260811_18:00:00   2.6619e-01   6.8594e+01   2.6936e+01   1.4480e-07   2.0248e-02   3.1980e+02
20260811_21:00:00   3.7277e-01   9.0200e+01   2.8465e+01   1.1348e-01   6.9665e-02   3.1938e+02
20260812_00:00:00   2.6379e-01   6.7957e+01   2.5587e+01   0.0000e+00   2.0074e-01   3.2185e+02
20260812_03:00:00   2.2867e-01   6.0120e+01   2.1295e+01   0.0000e+00   1.3549e-02   3.2619e+02
20260812_06:00:00   2.1621e-01   5.7094e+01   2.0043e+01   0.0000e+00   1.0104e-03   3.2684e+02
20260812_09:00:00   1.8978e-01   5.1020e+01   1.6380e+01   0.0000e+00   1.9304e-04   3.2519e+02
20260812_12:00:00   1.8250e-01   4.9341e+01   1.5341e+01   0.0000e+00   0.0000e+00   3.2774e+02
20260812_15:00:00   1.8508e-01   5.0052e+01   1.5715e+01   0.0000e+00   0.0000e+00   3.2856e+02
20260812_18:00:00   1.9395e-01   5.2227e+01   1.7186e+01   0.0000e+00   0.0000e+00   3.2892e+02
20260812_21:00:00   2.0759e-01   5.5365e+01   1.8807e+01   7.9000e-05   0.0000e+00   3.3326e+02
20260813_00:00:00   2.5948e-01   6.6535e+01   2.0408e+01   4.1600e-02   0.0000e+00   3.3956e+02
20260813_03:00:00   2.6192e-01   6.6855e+01   2.0411e+01   4.3527e-02   0.0000e+00   3.4728e+02
20260813_06:00:00   2.0747e-01   5.4891e+01   1.8413e+01   0.0000e+00   0.0000e+00   3.4378e+02
20260813_09:00:00   2.0464e-01   5.4165e+01   1.8155e+01   0.0000e+00   0.0000e+00   3.3656e+02
20260813_12:00:00   2.1112e-01   5.5511e+01   1.9384e+01   0.0000e+00   2.7638e-02   3.3322e+02
20260813_15:00:00   2.1180e-01   5.5771e+01   1.9754e+01   0.0000e+00   1.6990e-04   3.3206e+02
20260813_18:00:00   2.2731e-01   5.9369e+01   2.1756e+01   1.2708e-03   0.0000e+00   3.3368e+02
20260813_21:00:00   2.7727e-01   7.0206e+01   2.2741e+01   5.0900e-02   0.0000e+00   3.3322e+02
20260814_00:00:00   3.3847e-01   8.2588e+01   2.4036e+01   1.0486e-01   9.5365e-05   3.3051e+02
20260814_03:00:00   3.2062e-01   7.9000e+01   2.5105e+01   6.9777e-02   1.7700e-05   3.2922e+02
20260814_06:00:00   3.3513e-01   8.1853e+01   2.4994e+01   8.7281e-02   2.4075e-04   3.2693e+02
20260814_09:00:00   3.6387e-01   8.7269e+01   2.5254e+01   1.2150e-01   6.9976e-02   3.2660e+02
20260814_12:00:00   2.8035e-01   7.0500e+01   2.6314e+01   1.6092e-02   5.5854e-02   3.2850e+02
20260814_15:00:00   2.8471e-01   7.1605e+01   2.6843e+01   1.1852e-02   5.3215e-05   3.2889e+02
20260814_18:00:00   4.9085e-01   1.1024e+02   2.8289e+01   2.3809e-01   0.0000e+00   3.2688e+02
20260814_21:00:00   5.1555e-01   1.1452e+02   2.8332e+01   2.6807e-01   0.0000e+00   3.2845e+02
20260815_00:00:00   5.4054e-01   1.1841e+02   2.8552e+01   2.9480e-01   6.9169e-04   3.2814e+02
20260815_03:00:00   2.9002e-01   7.2505e+01   2.8698e+01   0.0000e+00   9.6736e-04   3.3198e+02
20260815_06:00:00   2.7959e-01   7.0136e+01   2.7759e+01   0.0000e+00   5.4380e-03   3.3023e+02
