#            date       tau255        Tb[K]      pwv[mm] lwp[kg*m^-2] iwp[kg*m^-2]       o3[DU]
20260806_18:00:00   1.4280e-01   4.0407e+01   1.3749e+01   0.0000e+00   7.1040e-06   3.1075e+02
20260806_19:00:00   1.4233e-01   4.0322e+01   1.3871e+01   0.0000e+00   2.3020e-05   3.1111e+02
20260806_20:00:00   1.4108e-01   4.0057e+01   1.3851e+01   0.0000e+00   0.0000e+00   3.1077e+02
20260806_21:00:00   1.4052e-01   3.9940e+01   1.3970e+01   0.0000e+00   0.0000e+00   3.1119e+02
20260806_22:00:00   1.4239e-01   4.0432e+01   1.4435e+01   0.0000e+00   0.0000e+00   3.1094e+02
20260806_23:00:00   1.4326e-01   4.0673e+01   1.4747e+01   0.0000e+00   0.0000e+00   3.0988e+02
20260807_00:00:00   1.4303e-01   4.0631e+01   1.4872e+01   0.0000e+00   0.0000e+00   3.1023e+02
20260807_01:00:00   1.4073e-01   4.0070e+01   1.4623e+01   0.0000e+00   0.0000e+00   3.1180e+02
20260807_02:00:00   1.3984e-01   3.9849e+01   1.4545e+01   0.0000e+00   0.0000e+00   3.1345e+02
20260807_03:00:00   1.4068e-01   4.0045e+01   1.4626e+01   0.0000e+00   0.0000e+00   3.1450e+02
20260807_04:00:00   1.4078e-01   4.0048e+01   1.4517e+01   0.0000e+00   0.0000e+00   3.1576e+02
20260807_05:00:00   1.4059e-01   3.9923e+01   1.4426e+01   0.0000e+00   0.0000e+00   3.1700e+02
20260807_06:00:00   1.4109e-01   3.9989e+01   1.4399e+01   0.0000e+00   0.0000e+00   3.1583e+02
20260807_07:00:00   1.4344e-01   4.0525e+01   1.4600e+01   0.0000e+00   0.0000e+00   3.1457e+02
20260807_08:00:00   1.4588e-01   4.1063e+01   1.4840e+01   0.0000e+00   0.0000e+00   3.1596e+02
20260807_09:00:00   1.4758e-01   4.1463e+01   1.4977e+01   0.0000e+00   1.1428e-06   3.1569e+02
20260807_10:00:00   1.4923e-01   4.1852e+01   1.5088e+01   0.0000e+00   0.0000e+00   3.1357e+02
20260807_11:00:00   1.5025e-01   4.2053e+01   1.5183e+01   0.0000e+00   0.0000e+00   3.1272e+02
20260807_12:00:00   1.4853e-01   4.1572e+01   1.4935e+01   0.0000e+00   0.0000e+00   3.1243e+02
20260807_13:00:00   1.4640e-01   4.1031e+01   1.4479e+01   0.0000e+00   0.0000e+00   3.1483e+02
20260807_14:00:00   1.4466e-01   4.0625e+01   1.4053e+01   0.0000e+00   0.0000e+00   3.1610e+02
20260807_15:00:00   1.4326e-01   4.0313e+01   1.3911e+01   0.0000e+00   0.0000e+00   3.1809e+02
20260807_16:00:00   1.4079e-01   3.9769e+01   1.3582e+01   0.0000e+00   0.0000e+00   3.2298e+02
20260807_17:00:00   1.3728e-01   3.8970e+01   1.3155e+01   0.0000e+00   0.0000e+00   3.2120e+02
20260807_18:00:00   1.3419e-01   3.8287e+01   1.2794e+01   0.0000e+00   0.0000e+00   3.2187e+02
20260807_19:00:00   1.3340e-01   3.8155e+01   1.2815e+01   0.0000e+00   0.0000e+00   3.2182e+02
20260807_20:00:00   1.3452e-01   3.8477e+01   1.3188e+01   0.0000e+00   0.0000e+00   3.1894e+02
20260807_21:00:00   1.3617e-01   3.8917e+01   1.3629e+01   0.0000e+00   0.0000e+00   3.1587e+02
20260807_22:00:00   1.3672e-01   3.9087e+01   1.3862e+01   0.0000e+00   0.0000e+00   3.1336e+02
20260807_23:00:00   1.3664e-01   3.9105e+01   1.3927e+01   0.0000e+00   0.0000e+00   3.1145e+02
20260808_00:00:00   1.3872e-01   3.9650e+01   1.4286e+01   0.0000e+00   0.0000e+00   3.1179e+02
20260808_01:00:00   1.4330e-01   4.0828e+01   1.4966e+01   0.0000e+00   0.0000e+00   3.1245e+02
20260808_02:00:00   1.4718e-01   4.1840e+01   1.5379e+01   0.0000e+00   0.0000e+00   3.1207e+02
20260808_03:00:00   1.4453e-01   4.1170e+01   1.4803e+01   0.0000e+00   0.0000e+00   3.1151e+02
20260808_04:00:00   1.4571e-01   4.1396e+01   1.4777e+01   0.0000e+00   0.0000e+00   3.1174e+02
20260808_05:00:00   1.4821e-01   4.1941e+01   1.4975e+01   0.0000e+00   5.7776e-05   3.1142e+02
20260808_06:00:00   1.5007e-01   4.2326e+01   1.5008e+01   0.0000e+00   6.9602e-04   3.1076e+02
20260808_07:00:00   1.5258e-01   4.2871e+01   1.5119e+01   0.0000e+00   6.8096e-04   3.1152e+02
20260808_08:00:00   1.5353e-01   4.3069e+01   1.4973e+01   0.0000e+00   1.5405e-04   3.1196e+02
20260808_09:00:00   1.5550e-01   4.3474e+01   1.5113e+01   0.0000e+00   3.9233e-05   3.1170e+02
20260808_10:00:00   1.5777e-01   4.3954e+01   1.5311e+01   0.0000e+00   0.0000e+00   3.1073e+02
20260808_11:00:00   1.6037e-01   4.4529e+01   1.5572e+01   0.0000e+00   0.0000e+00   3.1151e+02
20260808_12:00:00   1.6314e-01   4.5105e+01   1.5985e+01   0.0000e+00   0.0000e+00   3.1132e+02
20260808_13:00:00   1.6246e-01   4.4908e+01   1.5795e+01   0.0000e+00   0.0000e+00   3.1357e+02
20260808_14:00:00   1.6114e-01   4.4570e+01   1.5654e+01   0.0000e+00   1.1192e-04   3.1632e+02
20260808_15:00:00   1.5809e-01   4.3860e+01   1.5498e+01   0.0000e+00   2.8682e-04   3.1663e+02
20260808_16:00:00   1.5468e-01   4.3040e+01   1.5371e+01   0.0000e+00   7.2203e-03   3.1645e+02
20260808_17:00:00   1.4983e-01   4.1870e+01   1.4992e+01   0.0000e+00   2.2484e-02   3.1568e+02
20260808_18:00:00   1.4882e-01   4.1611e+01   1.5020e+01   0.0000e+00   1.0117e-01   3.1510e+02
20260808_19:00:00   1.4898e-01   4.1603e+01   1.5236e+01   0.0000e+00   1.3802e-01   3.1775e+02
20260808_20:00:00   1.4937e-01   4.1669e+01   1.5458e+01   0.0000e+00   1.1929e-01   3.1973e+02
20260808_21:00:00   1.5353e-01   4.2587e+01   1.6254e+01   0.0000e+00   1.4132e-01   3.2223e+02
20260808_22:00:00   1.5689e-01   4.3346e+01   1.6867e+01   2.8420e-06   1.4120e-01   3.2451e+02
20260808_23:00:00   1.5801e-01   4.3700e+01   1.6873e+01   0.0000e+00   1.0474e-02   3.3065e+02
20260809_00:00:00   1.5943e-01   4.4116e+01   1.6878e+01   0.0000e+00   5.1460e-04   3.3713e+02
20260809_01:00:00   1.6103e-01   4.4554e+01   1.7010e+01   0.0000e+00   0.0000e+00   3.3615e+02
20260809_02:00:00   1.6404e-01   4.5298e+01   1.7374e+01   0.0000e+00   0.0000e+00   3.3397e+02
20260809_03:00:00   1.6530e-01   4.5661e+01   1.7354e+01   0.0000e+00   0.0000e+00   3.3188e+02
20260809_04:00:00   1.6920e-01   4.6607e+01   1.7606e+01   0.0000e+00   0.0000e+00   3.3114e+02
20260809_05:00:00   1.7257e-01   4.7432e+01   1.7821e+01   0.0000e+00   0.0000e+00   3.3046e+02
20260809_06:00:00   1.7378e-01   4.7720e+01   1.7765e+01   0.0000e+00   0.0000e+00   3.3096e+02
20260809_07:00:00   1.7363e-01   4.7631e+01   1.7556e+01   0.0000e+00   0.0000e+00   3.3150e+02
20260809_08:00:00   1.7367e-01   4.7590e+01   1.7378e+01   0.0000e+00   0.0000e+00   3.3076e+02
20260809_09:00:00   1.7365e-01   4.7514e+01   1.7267e+01   0.0000e+00   0.0000e+00   3.2925e+02
20260809_10:00:00   1.7411e-01   4.7558e+01   1.7263e+01   0.0000e+00   0.0000e+00   3.2761e+02
20260809_11:00:00   1.7568e-01   4.7877e+01   1.7415e+01   0.0000e+00   0.0000e+00   3.2599e+02
20260809_12:00:00   1.7709e-01   4.8158e+01   1.7536e+01   0.0000e+00   0.0000e+00   3.2689e+02
20260809_13:00:00   1.7803e-01   4.8346e+01   1.7628e+01   0.0000e+00   0.0000e+00   3.2772e+02
20260809_14:00:00   1.7721e-01   4.8167e+01   1.7512e+01   0.0000e+00   0.0000e+00   3.2893e+02
20260809_15:00:00   1.7368e-01   4.7414e+01   1.7179e+01   0.0000e+00   0.0000e+00   3.2764e+02
20260809_16:00:00   1.6945e-01   4.6490e+01   1.6830e+01   0.0000e+00   0.0000e+00   3.2645e+02
20260809_17:00:00   1.6455e-01   4.5396e+01   1.6403e+01   0.0000e+00   3.1100e-04   3.2482e+02
20260809_18:00:00   1.6006e-01   4.4381e+01   1.6001e+01   0.0000e+00   4.3784e-04   3.2462e+02
20260809_19:00:00   1.5579e-01   4.3391e+01   1.5686e+01   0.0000e+00   8.2740e-05   3.2399e+02
20260809_20:00:00   1.5306e-01   4.2711e+01   1.5618e+01   0.0000e+00   5.6365e-03   3.2241e+02
20260809_21:00:00   1.5165e-01   4.2350e+01   1.5649e+01   0.0000e+00   1.5614e-02   3.2216e+02
20260809_22:00:00   1.5090e-01   4.2179e+01   1.5687e+01   0.0000e+00   2.6622e-02   3.2141e+02
20260809_23:00:00   1.5298e-01   4.2698e+01   1.6102e+01   0.0000e+00   3.6116e-02   3.2002e+02
20260810_00:00:00   1.5352e-01   4.2839e+01   1.6286e+01   0.0000e+00   1.6133e-02   3.1942e+02
20260810_01:00:00   1.5460e-01   4.3086e+01   1.6536e+01   0.0000e+00   5.5070e-03   3.1823e+02
20260810_02:00:00   1.5538e-01   4.3313e+01   1.6572e+01   0.0000e+00   2.5269e-03   3.2132e+02
20260810_03:00:00   1.5775e-01   4.3904e+01   1.6713e+01   0.0000e+00   2.9563e-03   3.2420e+02
20260810_04:00:00   1.5765e-01   4.3903e+01   1.6400e+01   0.0000e+00   6.0813e-03   3.2573e+02
20260810_05:00:00   1.6052e-01   4.4592e+01   1.6557e+01   0.0000e+00   4.1306e-03   3.2899e+02
20260810_06:00:00   1.6454e-01   4.5557e+01   1.6840e+01   0.0000e+00   3.9480e-04   3.3296e+02
20260810_07:00:00   1.6763e-01   4.6258e+01   1.7012e+01   0.0000e+00   0.0000e+00   3.3182e+02
20260810_08:00:00   1.6914e-01   4.6594e+01   1.6920e+01   0.0000e+00   0.0000e+00   3.3245e+02
20260810_09:00:00   1.7085e-01   4.6953e+01   1.6919e+01   0.0000e+00   0.0000e+00   3.3377e+02
20260810_10:00:00   1.7438e-01   4.7735e+01   1.7266e+01   0.0000e+00   0.0000e+00   3.3316e+02
20260810_11:00:00   1.7937e-01   4.8874e+01   1.7799e+01   0.0000e+00   0.0000e+00   3.3184e+02
20260810_12:00:00   1.8372e-01   4.9855e+01   1.8283e+01   0.0000e+00   0.0000e+00   3.2977e+02
20260810_13:00:00   1.8678e-01   5.0529e+01   1.8611e+01   0.0000e+00   0.0000e+00   3.2708e+02
20260810_14:00:00   1.8948e-01   5.1139e+01   1.8955e+01   0.0000e+00   4.4300e-05   3.2489e+02
20260810_15:00:00   1.9006e-01   5.1321e+01   1.9265e+01   0.0000e+00   0.0000e+00   3.2303e+02
20260810_16:00:00   1.8802e-01   5.0901e+01   1.9289e+01   0.0000e+00   1.7274e-03   3.2135e+02
20260810_17:00:00   1.8350e-01   4.9919e+01   1.8966e+01   0.0000e+00   3.5039e-03   3.2098e+02
20260810_18:00:00   1.7708e-01   4.8494e+01   1.8295e+01   0.0000e+00   9.6900e-06   3.2079e+02
20260810_19:00:00   1.7027e-01   4.6938e+01   1.7620e+01   0.0000e+00   6.2660e-05   3.1848e+02
20260810_20:00:00   1.6366e-01   4.5407e+01   1.6943e+01   0.0000e+00   7.1659e-04   3.1593e+02
20260810_21:00:00   1.5742e-01   4.3900e+01   1.6311e+01   0.0000e+00   1.2458e-04   3.1438e+02
20260810_22:00:00   1.5293e-01   4.2832e+01   1.5860e+01   0.0000e+00   7.7760e-04   3.1351e+02
20260810_23:00:00   1.5108e-01   4.2390e+01   1.5781e+01   0.0000e+00   1.5742e-04   3.1260e+02
20260811_00:00:00   1.5109e-01   4.2409e+01   1.5874e+01   0.0000e+00   0.0000e+00   3.1247e+02
20260811_01:00:00   1.5217e-01   4.2696e+01   1.5992e+01   0.0000e+00   3.2100e-05   3.1198e+02
20260811_02:00:00   1.5456e-01   4.3284e+01   1.6323e+01   0.0000e+00   0.0000e+00   3.1191e+02
20260811_03:00:00   1.5950e-01   4.4517e+01   1.6928e+01   0.0000e+00   0.0000e+00   3.1107e+02
20260811_04:00:00   1.6612e-01   4.6135e+01   1.7721e+01   0.0000e+00   0.0000e+00   3.1206e+02
20260811_05:00:00   1.7435e-01   4.8090e+01   1.8699e+01   0.0000e+00   0.0000e+00   3.1191e+02
20260811_06:00:00   1.8220e-01   4.9899e+01   1.9567e+01   0.0000e+00   0.0000e+00   3.1213e+02
20260811_07:00:00   1.8835e-01   5.1257e+01   2.0245e+01   0.0000e+00   1.2016e-04   3.1250e+02
20260811_08:00:00   1.9299e-01   5.2247e+01   2.0738e+01   0.0000e+00   7.8460e-06   3.1336e+02
20260811_09:00:00   1.9700e-01   5.3087e+01   2.1180e+01   0.0000e+00   0.0000e+00   3.1383e+02
20260811_10:00:00   1.9866e-01   5.3395e+01   2.1303e+01   0.0000e+00   6.9160e-05   3.1427e+02
20260811_11:00:00   1.9825e-01   5.3249e+01   2.1080e+01   0.0000e+00   1.8318e-03   3.1685e+02
20260811_12:00:00   1.9662e-01   5.2860e+01   2.0620e+01   0.0000e+00   3.0000e-05   3.1770e+02
20260811_13:00:00   1.9548e-01   5.2587e+01   2.0289e+01   0.0000e+00   0.0000e+00   3.1329e+02
20260811_14:00:00   1.9292e-01   5.2062e+01   1.9650e+01   0.0000e+00   0.0000e+00   3.1312e+02
20260811_15:00:00   1.9113e-01   5.1748e+01   1.9384e+01   0.0000e+00   0.0000e+00   3.1294e+02
20260811_16:00:00   1.8885e-01   5.1306e+01   1.9182e+01   0.0000e+00   0.0000e+00   3.1122e+02
20260811_17:00:00   1.8528e-01   5.0571e+01   1.8921e+01   0.0000e+00   0.0000e+00   3.1038e+02
20260811_18:00:00   1.8285e-01   5.0079e+01   1.8798e+01   0.0000e+00   0.0000e+00   3.1129e+02
20260811_21:00:00   1.7468e-01   4.8206e+01   1.8533e+01   0.0000e+00   8.3440e-05   3.1018e+02
20260812_00:00:00   1.7703e-01   4.8837e+01   1.9200e+01   0.0000e+00   8.1760e-05   3.1372e+02
20260812_03:00:00   1.9318e-01   5.2878e+01   2.0906e+01   0.0000e+00   0.0000e+00   3.1313e+02
20260812_06:00:00   2.1108e-01   5.6860e+01   2.2354e+01   0.0000e+00   0.0000e+00   3.1169e+02
20260812_09:00:00   2.2589e-01   5.9967e+01   2.3318e+01   0.0000e+00   0.0000e+00   3.1117e+02
20260812_12:00:00   2.3591e-01   6.2035e+01   2.4011e+01   0.0000e+00   0.0000e+00   3.1323e+02
20260812_15:00:00   2.2623e-01   5.9855e+01   2.3010e+01   0.0000e+00   0.0000e+00   3.1677e+02
20260812_18:00:00   2.1603e-01   5.7799e+01   2.2592e+01   0.0000e+00   0.0000e+00   3.1722e+02
20260812_21:00:00   2.0161e-01   5.4732e+01   2.1476e+01   0.0000e+00   0.0000e+00   3.1030e+02
20260813_00:00:00   1.9491e-01   5.3049e+01   2.1496e+01   0.0000e+00   0.0000e+00   3.1079e+02
20260813_03:00:00   1.9580e-01   5.3280e+01   2.1451e+01   0.0000e+00   0.0000e+00   3.1240e+02
20260813_06:00:00   1.9797e-01   5.3723e+01   2.0462e+01   0.0000e+00   0.0000e+00   3.1485e+02
20260813_09:00:00   2.0955e-01   5.6220e+01   2.0515e+01   0.0000e+00   0.0000e+00   3.1354e+02
20260813_12:00:00   2.2695e-01   5.9918e+01   2.1917e+01   0.0000e+00   0.0000e+00   3.1419e+02
20260813_15:00:00   2.1196e-01   5.6533e+01   2.0170e+01   0.0000e+00   0.0000e+00   3.1346e+02
20260813_18:00:00   1.8941e-01   5.1582e+01   1.8192e+01   0.0000e+00   0.0000e+00   3.1378e+02
20260813_21:00:00   1.8234e-01   4.9871e+01   1.8501e+01   0.0000e+00   0.0000e+00   3.1573e+02
20260814_00:00:00   1.7504e-01   4.8127e+01   1.8385e+01   0.0000e+00   0.0000e+00   3.1425e+02
20260814_03:00:00   1.7930e-01   4.9011e+01   1.8687e+01   0.0000e+00   0.0000e+00   3.0835e+02
20260814_06:00:00   1.8399e-01   5.0013e+01   1.8456e+01   0.0000e+00   0.0000e+00   3.0492e+02
20260814_09:00:00   1.8391e-01   4.9855e+01   1.7999e+01   0.0000e+00   2.9260e-05   3.0365e+02
20260814_12:00:00   1.8929e-01   5.0990e+01   1.8489e+01   0.0000e+00   0.0000e+00   3.0551e+02
20260814_15:00:00   1.8921e-01   5.0989e+01   1.8635e+01   0.0000e+00   1.5692e-05   3.0686e+02
20260814_18:00:00   1.8363e-01   4.9885e+01   1.8734e+01   0.0000e+00   2.2848e-04   3.0676e+02
20260814_21:00:00   1.7539e-01   4.8176e+01   1.8251e+01   0.0000e+00   1.5370e-03   3.0733e+02
20260815_00:00:00   1.8810e-01   5.1217e+01   2.0625e+01   0.0000e+00   0.0000e+00   3.0574e+02
20260815_03:00:00   1.9429e-01   5.2566e+01   2.1639e+01   0.0000e+00   1.6382e-04   3.0521e+02
20260815_06:00:00   1.9164e-01   5.1802e+01   2.0986e+01   0.0000e+00   4.5320e-05   3.0656e+02
20260815_09:00:00   2.0075e-01   5.3732e+01   2.1849e+01   0.0000e+00   7.1131e-04   3.1082e+02
20260815_12:00:00   2.1333e-01   5.6426e+01   2.3210e+01   0.0000e+00   1.6877e-02   3.1926e+02
20260815_15:00:00   2.1496e-01   5.6853e+01   2.2898e+01   0.0000e+00   7.1745e-02   3.2419e+02
20260815_18:00:00   2.1749e-01   5.7632e+01   2.3222e+01   0.0000e+00   2.0968e-02   3.3054e+02
20260815_21:00:00   2.0929e-01   5.5915e+01   2.2838e+01   0.0000e+00   7.0099e-03   3.3769e+02
20260816_00:00:00   2.1407e-01   5.6685e+01   2.3684e+01   4.7540e-03   1.9097e-01   3.3729e+02
20260816_03:00:00   2.1627e-01   5.7187e+01   2.4159e+01   0.0000e+00   9.5616e-04   3.3159e+02
20260816_06:00:00   2.0402e-01   5.4133e+01   2.2003e+01   0.0000e+00   2.8441e-03   3.2799e+02
20260816_09:00:00   2.1164e-01   5.5703e+01   2.2421e+01   0.0000e+00   1.0588e-02   3.2446e+02
20260816_12:00:00   2.1929e-01   5.7180e+01   2.3289e+01   0.0000e+00   1.9573e-02   3.2544e+02
20260816_15:00:00   2.3652e-01   6.0942e+01   2.5690e+01   0.0000e+00   4.1956e-02   3.2648e+02
20260816_18:00:00   2.5522e-01   6.5068e+01   2.8233e+01   0.0000e+00   3.4360e-01   3.2130e+02
20260816_21:00:00   2.7327e-01   6.8991e+01   3.0679e+01   0.0000e+00   4.3047e-01   3.2156e+02
20260817_00:00:00   2.8558e-01   7.1691e+01   3.2508e+01   0.0000e+00   4.3876e-01   3.1569e+02
20260817_03:00:00   3.3045e-01   8.0556e+01   3.4710e+01   2.9603e-02   1.4751e-01   3.0961e+02
20260817_06:00:00   3.4343e-01   8.3102e+01   3.5909e+01   2.5597e-02   6.5172e-02   3.0582e+02
20260817_09:00:00   3.7722e-01   8.9545e+01   3.7178e+01   4.9505e-02   5.8535e-02   3.0217e+02
20260817_12:00:00   6.2736e-01   1.3093e+02   3.8678e+01   3.1496e-01   3.3100e-02   3.0160e+02
20260817_15:00:00   6.0750e-01   1.2771e+02   3.8826e+01   2.8587e-01   1.0549e-02   3.0080e+02
20260817_18:00:00   3.0740e-01   7.6834e+01   3.1354e+01   4.2080e-04   0.0000e+00   2.9801e+02
20260817_21:00:00   2.5778e-01   6.7094e+01   2.6125e+01   0.0000e+00   0.0000e+00   2.9679e+02
20260818_00:00:00   2.4679e-01   6.5063e+01   2.5435e+01   0.0000e+00   0.0000e+00   2.9367e+02
20260818_03:00:00   2.4851e-01   6.5547e+01   2.5770e+01   0.0000e+00   0.0000e+00   2.9374e+02
20260818_06:00:00   2.5339e-01   6.6398e+01   2.5797e+01   0.0000e+00   4.1500e-04   2.9229e+02
20260818_09:00:00   2.5626e-01   6.6695e+01   2.5933e+01   0.0000e+00   9.2237e-03   2.9444e+02
20260818_12:00:00   3.1402e-01   7.8228e+01   3.4459e+01   0.0000e+00   1.0548e-02   2.9369e+02
20260818_15:00:00   4.4932e-01   1.0343e+02   4.0324e+01   9.8455e-02   8.8632e-02   2.9365e+02
20260818_18:00:00   3.0506e-01   7.7041e+01   3.1840e+01   0.0000e+00   1.0984e-02   3.0059e+02
20260818_21:00:00   2.6456e-01   6.9238e+01   2.7237e+01   0.0000e+00   0.0000e+00   3.0100e+02
20260819_00:00:00   2.8055e-01   7.2603e+01   3.1848e+01   0.0000e+00   4.7082e-02   3.0115e+02
20260819_03:00:00   3.0484e-01   7.7357e+01   3.5636e+01   0.0000e+00   7.5071e-02   3.0487e+02
20260819_06:00:00   3.1438e-01   7.9117e+01   3.6161e+01   4.9760e-05   2.7022e-01   3.0725e+02
20260819_09:00:00   2.4749e-01   6.5067e+01   2.6770e+01   0.0000e+00   7.6240e-04   3.1646e+02
20260819_12:00:00   2.6986e-01   6.9502e+01   2.8690e+01   0.0000e+00   2.9920e-04   3.2872e+02
20260819_15:00:00   2.3272e-01   6.1502e+01   2.3231e+01   0.0000e+00   5.8868e-03   3.0799e+02
20260819_18:00:00   2.2579e-01   6.0172e+01   2.2968e+01   0.0000e+00   4.0820e-03   3.0669e+02
20260819_21:00:00   2.0762e-01   5.5760e+01   2.2446e+01   0.0000e+00   2.7092e-02   3.1362e+02
20260820_00:00:00   2.4463e-01   6.3944e+01   2.6378e+01   0.0000e+00   0.0000e+00   3.3796e+02
20260820_03:00:00   2.0072e-01   5.4183e+01   1.9597e+01   0.0000e+00   0.0000e+00   3.2641e+02
20260820_06:00:00   2.1913e-01   5.8100e+01   2.0865e+01   0.0000e+00   1.9806e-03   3.1963e+02
20260820_09:00:00   2.4161e-01   6.2693e+01   2.3041e+01   0.0000e+00   1.0794e-03   3.1758e+02
20260820_12:00:00   2.4056e-01   6.2210e+01   2.3079e+01   0.0000e+00   3.9240e-06   3.1547e+02
20260820_15:00:00   2.3924e-01   6.1938e+01   2.2960e+01   0.0000e+00   0.0000e+00   3.1870e+02
20260820_18:00:00   2.3250e-01   6.0727e+01   2.3037e+01   0.0000e+00   7.7340e-05   3.1747e+02
20260820_21:00:00   2.2410e-01   5.9068e+01   2.2791e+01   4.4440e-03   8.9284e-05   3.1105e+02
20260821_00:00:00   2.0424e-01   5.4811e+01   2.1889e+01   0.0000e+00   0.0000e+00   3.0754e+02
20260821_03:00:00   1.9357e-01   5.2287e+01   2.0918e+01   0.0000e+00   0.0000e+00   3.0689e+02
20260821_06:00:00   1.9473e-01   5.2439e+01   2.0832e+01   0.0000e+00   1.0197e-04   3.0787e+02
20260821_09:00:00   1.9212e-01   5.1705e+01   1.9900e+01   0.0000e+00   3.1165e-04   3.0935e+02
20260821_12:00:00   2.0611e-01   5.4744e+01   2.1502e+01   0.0000e+00   0.0000e+00   3.0546e+02
20260821_15:00:00   1.9250e-01   5.1721e+01   1.9093e+01   0.0000e+00   0.0000e+00   3.0587e+02
20260821_18:00:00   1.8342e-01   4.9783e+01   1.8645e+01   0.0000e+00   7.8680e-05   3.0605e+02
20260821_21:00:00   1.6510e-01   4.5713e+01   1.6761e+01   0.0000e+00   0.0000e+00   3.0419e+02
20260822_00:00:00   1.6209e-01   4.4921e+01   1.7232e+01   0.0000e+00   1.4485e-02   3.0404e+02
20260822_03:00:00   1.6853e-01   4.6381e+01   1.8344e+01   0.0000e+00   9.1969e-03   3.0617e+02
20260822_06:00:00   1.5474e-01   4.3042e+01   1.5282e+01   0.0000e+00   8.6618e-05   3.1044e+02
20260822_09:00:00   2.0282e-01   5.4022e+01   2.1064e+01   0.0000e+00   1.7284e-02   3.1040e+02
20260822_12:00:00   2.2319e-01   5.8385e+01   2.3200e+01   0.0000e+00   1.3619e-02   3.1306e+02
20260822_15:00:00   1.8951e-01   5.1009e+01   1.6702e+01   0.0000e+00   1.7084e-05   3.3105e+02
20260822_18:00:00   1.7818e-01   4.8523e+01   1.6227e+01   0.0000e+00   0.0000e+00   3.3134e+02
