#            date       tau255        Tb[K]      pwv[mm] lwp[kg*m^-2] iwp[kg*m^-2]       o3[DU]
20260830_00:00:00   2.3597e-01   6.0245e+01   2.0695e+01   1.7345e-02   6.5133e-03   3.6546e+02
20260830_01:00:00   2.2607e-01   5.8156e+01   2.1162e+01   2.7327e-03   8.2506e-03   3.6441e+02
20260830_02:00:00   2.2420e-01   5.7774e+01   2.0955e+01   2.6718e-03   4.8036e-03   3.6262e+02
20260830_03:00:00   2.2231e-01   5.7349e+01   2.0995e+01   0.0000e+00   8.4070e-04   3.6382e+02
20260830_04:00:00   2.2090e-01   5.7019e+01   2.0796e+01   0.0000e+00   6.2275e-04   3.6417e+02
20260830_05:00:00   2.1793e-01   5.6320e+01   2.0364e+01   0.0000e+00   9.7697e-05   3.6047e+02
20260830_06:00:00   2.1617e-01   5.5880e+01   2.0139e+01   0.0000e+00   6.6492e-06   3.5809e+02
20260830_07:00:00   2.1291e-01   5.5105e+01   1.9740e+01   0.0000e+00   0.0000e+00   3.5302e+02
20260830_08:00:00   2.1030e-01   5.4486e+01   1.9447e+01   0.0000e+00   0.0000e+00   3.5053e+02
20260830_09:00:00   2.0604e-01   5.3506e+01   1.8981e+01   0.0000e+00   0.0000e+00   3.4808e+02
20260830_10:00:00   1.9795e-01   5.1718e+01   1.8082e+01   0.0000e+00   5.7140e-07   3.4409e+02
20260830_11:00:00   1.9243e-01   5.0481e+01   1.7481e+01   0.0000e+00   0.0000e+00   3.4054e+02
20260830_12:00:00   1.8758e-01   4.9379e+01   1.6980e+01   0.0000e+00   8.3080e-05   3.4035e+02
20260830_13:00:00   1.8260e-01   4.8240e+01   1.6417e+01   0.0000e+00   6.0160e-05   3.3881e+02
20260830_14:00:00   1.8026e-01   4.7685e+01   1.6152e+01   0.0000e+00   2.8977e-04   3.3306e+02
20260830_15:00:00   1.7914e-01   4.7438e+01   1.6203e+01   0.0000e+00   2.6568e-03   3.3053e+02
20260830_16:00:00   1.8294e-01   4.8266e+01   1.7153e+01   0.0000e+00   1.3371e-02   3.2936e+02
20260830_17:00:00   1.8734e-01   4.9262e+01   1.8154e+01   0.0000e+00   1.2872e-02   3.2889e+02
20260830_18:00:00   1.9209e-01   5.0342e+01   1.9029e+01   0.0000e+00   1.3339e-02   3.2852e+02
20260830_19:00:00   1.9379e-01   5.0803e+01   1.9411e+01   0.0000e+00   1.6107e-02   3.2892e+02
20260830_20:00:00   1.9645e-01   5.1487e+01   1.9910e+01   0.0000e+00   1.7047e-02   3.3075e+02
20260830_21:00:00   1.9983e-01   5.2319e+01   2.0485e+01   0.0000e+00   2.5946e-02   3.3263e+02
20260830_22:00:00   2.0561e-01   5.3683e+01   2.1348e+01   0.0000e+00   1.2604e-02   3.3449e+02
20260830_23:00:00   2.0768e-01   5.4251e+01   2.1607e+01   0.0000e+00   5.3272e-04   3.3489e+02
20260831_00:00:00   2.0817e-01   5.4477e+01   2.1580e+01   0.0000e+00   5.5143e-04   3.3465e+02
20260831_01:00:00   2.0696e-01   5.4291e+01   2.1301e+01   0.0000e+00   3.7288e-06   3.3425e+02
20260831_02:00:00   2.0616e-01   5.4168e+01   2.1139e+01   0.0000e+00   0.0000e+00   3.3282e+02
20260831_03:00:00   2.0523e-01   5.3985e+01   2.0891e+01   0.0000e+00   0.0000e+00   3.3119e+02
20260831_04:00:00   2.0692e-01   5.4346e+01   2.1042e+01   0.0000e+00   3.5081e-04   3.2994e+02
20260831_05:00:00   2.0823e-01   5.4614e+01   2.1158e+01   0.0000e+00   6.2153e-04   3.2874e+02
20260831_06:00:00   2.0779e-01   5.4514e+01   2.1008e+01   0.0000e+00   2.5391e-04   3.2740e+02
20260831_07:00:00   2.1095e-01   5.5203e+01   2.1348e+01   0.0000e+00   1.3302e-03   3.2556e+02
20260831_08:00:00   2.1528e-01   5.6116e+01   2.1907e+01   0.0000e+00   1.1018e-02   3.2480e+02
20260831_09:00:00   2.1596e-01   5.6215e+01   2.1952e+01   0.0000e+00   1.5399e-02   3.2285e+02
20260831_10:00:00   2.2136e-01   5.7319e+01   2.2729e+01   0.0000e+00   2.2940e-03   3.2180e+02
20260831_11:00:00   2.2847e-01   5.8815e+01   2.3675e+01   0.0000e+00   3.7590e-04   3.2170e+02
20260831_12:00:00   2.2974e-01   5.9104e+01   2.3733e+01   0.0000e+00   5.3520e-06   3.2005e+02
20260831_13:00:00   2.2698e-01   5.8536e+01   2.3240e+01   0.0000e+00   8.3703e-05   3.1985e+02
20260831_14:00:00   2.2260e-01   5.7634e+01   2.2503e+01   0.0000e+00   1.1588e-03   3.2055e+02
20260831_15:00:00   2.1884e-01   5.6876e+01   2.1994e+01   0.0000e+00   2.1480e-04   3.2131e+02
20260831_16:00:00   2.1460e-01   5.5996e+01   2.1590e+01   0.0000e+00   4.6980e-04   3.2240e+02
20260831_17:00:00   2.1309e-01   5.5706e+01   2.1689e+01   0.0000e+00   1.5802e-03   3.2320e+02
20260831_18:00:00   2.1186e-01   5.5456e+01   2.1828e+01   0.0000e+00   3.4436e-04   3.2321e+02
20260831_19:00:00   2.1023e-01   5.5171e+01   2.1770e+01   0.0000e+00   0.0000e+00   3.2413e+02
20260831_20:00:00   2.0941e-01   5.5055e+01   2.1889e+01   0.0000e+00   0.0000e+00   3.2539e+02
20260831_21:00:00   2.0952e-01   5.5158e+01   2.2053e+01   0.0000e+00   0.0000e+00   3.2610e+02
20260831_22:00:00   2.1034e-01   5.5401e+01   2.2391e+01   0.0000e+00   0.0000e+00   3.2728e+02
20260831_23:00:00   2.1256e-01   5.5938e+01   2.2897e+01   0.0000e+00   0.0000e+00   3.2681e+02
20260901_00:00:00   2.1501e-01   5.6528e+01   2.3342e+01   0.0000e+00   0.0000e+00   3.2513e+02
20260901_01:00:00   2.1473e-01   5.6528e+01   2.3300e+01   0.0000e+00   0.0000e+00   3.2358e+02
20260901_02:00:00   2.1341e-01   5.6289e+01   2.3039e+01   0.0000e+00   0.0000e+00   3.2315e+02
20260901_03:00:00   2.1173e-01   5.5927e+01   2.2770e+01   0.0000e+00   0.0000e+00   3.2226e+02
20260901_04:00:00   2.1135e-01   5.5823e+01   2.2677e+01   0.0000e+00   0.0000e+00   3.2147e+02
20260901_05:00:00   2.1193e-01   5.5917e+01   2.2727e+01   0.0000e+00   4.5212e-05   3.2017e+02
20260901_06:00:00   2.1203e-01   5.5911e+01   2.2690e+01   0.0000e+00   2.1060e-03   3.1976e+02
20260901_07:00:00   2.0962e-01   5.5372e+01   2.2304e+01   0.0000e+00   5.3108e-03   3.1910e+02
20260901_08:00:00   2.0654e-01   5.4682e+01   2.1820e+01   0.0000e+00   1.4199e-02   3.1890e+02
20260901_09:00:00   2.0578e-01   5.4463e+01   2.1690e+01   0.0000e+00   2.5340e-02   3.1984e+02
20260901_10:00:00   2.0792e-01   5.4891e+01   2.1938e+01   0.0000e+00   2.1323e-02   3.2130e+02
20260901_11:00:00   2.0827e-01   5.4926e+01   2.1969e+01   0.0000e+00   2.1361e-02   3.2147e+02
20260901_12:00:00   2.0584e-01   5.4377e+01   2.1592e+01   0.0000e+00   9.3214e-03   3.2192e+02
20260901_13:00:00   2.0325e-01   5.3785e+01   2.1179e+01   0.0000e+00   7.5337e-03   3.2393e+02
20260901_14:00:00   2.0213e-01   5.3523e+01   2.0957e+01   0.0000e+00   5.8766e-03   3.2495e+02
20260901_15:00:00   2.0174e-01   5.3453e+01   2.0893e+01   0.0000e+00   7.4053e-03   3.2584e+02
20260901_16:00:00   2.0140e-01   5.3403e+01   2.0944e+01   0.0000e+00   1.1073e-02   3.2672e+02
20260901_17:00:00   2.0069e-01   5.3275e+01   2.1001e+01   0.0000e+00   8.4839e-03   3.2816e+02
20260901_18:00:00   1.9759e-01   5.2651e+01   2.0737e+01   0.0000e+00   6.7405e-03   3.2866e+02
20260901_19:00:00   1.9443e-01   5.1995e+01   2.0444e+01   0.0000e+00   6.1325e-03   3.2951e+02
20260901_20:00:00   1.9136e-01   5.1357e+01   2.0198e+01   0.0000e+00   7.3573e-03   3.3018e+02
20260901_21:00:00   1.8724e-01   5.0478e+01   1.9786e+01   0.0000e+00   5.4020e-03   3.3045e+02
20260901_22:00:00   1.8563e-01   5.0139e+01   1.9698e+01   0.0000e+00   3.9335e-03   3.3121e+02
20260901_23:00:00   1.8501e-01   5.0005e+01   1.9719e+01   0.0000e+00   4.8839e-03   3.3432e+02
20260902_00:00:00   1.8436e-01   4.9891e+01   1.9571e+01   0.0000e+00   5.5698e-05   3.3848e+02
20260902_01:00:00   1.8124e-01   4.9222e+01   1.8974e+01   0.0000e+00   0.0000e+00   3.4019e+02
20260902_02:00:00   1.8009e-01   4.8960e+01   1.8709e+01   0.0000e+00   2.4098e-03   3.4167e+02
20260902_03:00:00   1.8072e-01   4.9017e+01   1.8820e+01   0.0000e+00   7.9923e-03   3.4396e+02
20260902_04:00:00   1.8091e-01   4.9016e+01   1.8731e+01   0.0000e+00   1.9873e-02   3.4310e+02
20260902_05:00:00   1.8354e-01   4.9601e+01   1.9042e+01   0.0000e+00   2.1215e-02   3.4303e+02
20260902_06:00:00   1.9333e-01   5.1824e+01   2.0218e+01   0.0000e+00   1.2411e-02   3.4398e+02
20260902_07:00:00   2.0222e-01   5.3910e+01   2.0938e+01   0.0000e+00   3.0430e-02   3.4353e+02
20260902_08:00:00   2.1447e-01   5.6610e+01   2.2328e+01   0.0000e+00   2.7584e-02   3.4064e+02
20260902_09:00:00   2.2778e-01   5.9455e+01   2.3875e+01   0.0000e+00   1.3922e-02   3.3990e+02
20260902_10:00:00   2.3558e-01   6.1100e+01   2.4663e+01   0.0000e+00   2.3452e-02   3.4129e+02
20260902_11:00:00   2.4420e-01   6.2906e+01   2.5428e+01   0.0000e+00   7.2801e-02   3.4251e+02
20260902_12:00:00   2.4665e-01   6.3433e+01   2.5387e+01   0.0000e+00   8.8887e-02   3.4163e+02
20260902_13:00:00   2.4863e-01   6.3829e+01   2.5439e+01   0.0000e+00   4.1161e-02   3.4175e+02
20260902_14:00:00   2.5273e-01   6.4663e+01   2.5634e+01   0.0000e+00   1.6911e-02   3.4290e+02
20260902_15:00:00   2.6538e-01   6.7298e+01   2.6648e+01   0.0000e+00   3.3722e-03   3.4390e+02
20260902_16:00:00   2.7011e-01   6.8316e+01   2.6928e+01   0.0000e+00   5.5477e-04   3.4437e+02
20260902_17:00:00   2.7807e-01   6.9978e+01   2.7772e+01   0.0000e+00   4.1234e-02   3.4465e+02
20260902_18:00:00   2.7892e-01   7.0082e+01   2.8106e+01   0.0000e+00   3.4687e-01   3.4455e+02
20260902_19:00:00   2.7954e-01   7.0220e+01   2.8125e+01   1.4284e-06   1.0611e-01   3.4577e+02
20260902_20:00:00   3.1299e-01   7.7145e+01   2.7914e+01   3.6691e-02   1.1477e-01   3.4477e+02
20260902_21:00:00   2.9302e-01   7.3062e+01   2.7131e+01   2.2574e-02   3.8865e-02   3.4433e+02
20260902_22:00:00   2.5333e-01   6.4783e+01   2.5011e+01   1.2221e-04   3.4833e-02   3.4381e+02
20260902_23:00:00   2.3855e-01   6.1670e+01   2.3333e+01   1.7552e-03   3.4934e-02   3.4316e+02
20260903_00:00:00   2.4057e-01   6.2055e+01   2.2690e+01   1.1482e-02   9.7205e-03   3.4090e+02
20260903_01:00:00   2.1838e-01   5.7159e+01   2.0893e+01   5.9560e-03   8.4488e-03   3.3830e+02
20260903_02:00:00   1.9992e-01   5.2947e+01   1.9297e+01   1.9608e-03   6.7490e-03   3.4050e+02
20260903_03:00:00   2.1070e-01   5.5179e+01   1.9118e+01   1.4970e-02   2.2635e-03   3.4523e+02
20260903_04:00:00   1.9525e-01   5.1778e+01   1.8849e+01   0.0000e+00   2.6287e-03   3.4814e+02
20260903_05:00:00   2.0214e-01   5.3236e+01   1.9470e+01   1.5692e-05   3.1177e-03   3.4937e+02
20260903_06:00:00   2.0870e-01   5.4681e+01   2.0035e+01   0.0000e+00   1.9391e-03   3.4746e+02
20260903_07:00:00   2.3617e-01   6.0572e+01   2.3092e+01   1.9992e-03   8.8656e-03   3.4422e+02
20260903_08:00:00   2.7524e-01   6.8667e+01   2.5190e+01   2.3979e-02   6.0984e-03   3.4158e+02
20260903_09:00:00   2.5979e-01   6.5503e+01   2.5355e+01   2.9037e-03   4.5837e-03   3.4175e+02
20260903_10:00:00   3.3027e-01   7.9556e+01   2.5726e+01   7.6760e-02   1.8675e-02   3.4322e+02
20260903_11:00:00   5.3786e-01   1.1559e+02   2.5984e+01   3.0602e-01   3.3965e-02   3.4256e+02
20260903_12:00:00   8.8533e-01   1.6176e+02   2.6413e+01   6.9194e-01   9.7123e-02   3.4257e+02
20260903_13:00:00   5.9971e-01   1.2519e+02   2.6099e+01   3.7208e-01   3.9971e-02   3.4445e+02
20260903_14:00:00   3.2268e-01   7.8070e+01   2.5154e+01   6.6560e-02   5.2066e-03   3.4768e+02
20260903_15:00:00   2.8716e-01   7.0984e+01   2.4866e+01   3.0496e-02   3.5632e-03   3.4756e+02
20260903_16:00:00   2.8709e-01   7.0993e+01   2.4102e+01   3.7220e-02   3.6206e-03   3.4708e+02
20260903_17:00:00   2.6180e-01   6.5869e+01   2.3415e+01   1.5232e-02   4.2753e-04   3.4729e+02
20260903_18:00:00   2.5676e-01   6.4869e+01   2.3403e+01   1.1886e-02   3.6699e-04   3.4775e+02
20260903_19:00:00   2.4412e-01   6.2254e+01   2.3256e+01   1.5949e-03   4.7418e-03   3.4836e+02
20260903_20:00:00   2.5804e-01   6.5307e+01   2.3238e+01   2.0096e-02   1.7452e-03   3.4968e+02
20260903_21:00:00   3.0024e-01   7.4050e+01   2.3489e+01   6.8979e-02   2.9112e-03   3.5100e+02
20260903_22:00:00   4.5647e-01   1.0290e+02   2.3711e+01   2.4525e-01   6.0922e-03   3.5205e+02
20260903_23:00:00   4.6327e-01   1.0406e+02   2.3884e+01   2.5099e-01   2.1726e-03   3.5290e+02
20260904_00:00:00   3.6804e-01   8.7046e+01   2.4358e+01   1.3706e-01   6.8406e-03   3.5285e+02
20260904_03:00:00   3.1371e-01   7.6559e+01   2.4097e+01   7.3838e-02   5.4584e-04   3.5200e+02
20260904_06:00:00   3.3901e-01   8.1239e+01   2.5421e+01   9.0404e-02   6.1520e-02   3.5104e+02
20260904_09:00:00   4.5932e-01   1.0327e+02   2.6880e+01   2.0886e-01   1.4798e-01   3.5148e+02
20260904_12:00:00   8.1558e-01   1.5484e+02   2.8004e+01   5.8949e-01   6.3039e-01   3.5316e+02
20260904_15:00:00   1.2029e+00   1.9319e+02   2.6583e+01   1.0409e+00   3.5488e-01   3.5691e+02
20260904_18:00:00   4.5912e-01   1.0376e+02   2.2659e+01   2.3743e-01   1.1741e-04   3.5758e+02
20260904_21:00:00   2.9292e-01   7.2442e+01   2.0754e+01   7.3974e-02   6.1242e-03   3.5494e+02
20260905_00:00:00   2.1927e-01   5.7003e+01   1.8059e+01   2.2100e-02   8.5260e-06   3.5591e+02
20260905_03:00:00   1.8850e-01   5.0120e+01   1.7099e+01   0.0000e+00   1.7296e-02   3.4894e+02
20260905_06:00:00   1.8965e-01   5.0246e+01   1.7640e+01   0.0000e+00   9.1429e-03   3.4467e+02
20260905_09:00:00   2.1617e-01   5.5800e+01   2.1330e+01   2.5860e-06   2.3229e-01   3.3700e+02
20260905_12:00:00   3.3065e-01   7.8933e+01   2.5579e+01   7.0925e-02   7.3735e-01   3.3893e+02
20260905_15:00:00   5.5565e-01   1.1834e+02   2.4798e+01   3.2266e-01   2.9904e-01   3.5561e+02
20260905_18:00:00   2.8498e-01   7.0465e+01   2.4314e+01   2.8681e-02   1.4727e-02   3.5408e+02
20260905_21:00:00   2.7722e-01   6.9371e+01   2.1284e+01   5.4120e-02   1.1641e-05   3.5288e+02
20260906_00:00:00   2.3373e-01   6.0254e+01   2.1177e+01   9.9220e-03   0.0000e+00   3.4964e+02
20260906_03:00:00   2.1683e-01   5.6627e+01   2.0300e+01   0.0000e+00   0.0000e+00   3.4882e+02
20260906_06:00:00   2.1188e-01   5.5521e+01   1.9487e+01   0.0000e+00   0.0000e+00   3.4681e+02
20260906_09:00:00   2.1143e-01   5.5350e+01   1.9393e+01   0.0000e+00   0.0000e+00   3.3624e+02
20260906_12:00:00   2.0655e-01   5.4170e+01   1.8899e+01   0.0000e+00   3.9240e-05   3.2861e+02
20260906_15:00:00   2.0133e-01   5.2970e+01   1.8634e+01   0.0000e+00   0.0000e+00   3.1725e+02
20260906_18:00:00   1.9665e-01   5.2137e+01   1.8886e+01   0.0000e+00   0.0000e+00   3.1010e+02
20260906_21:00:00   1.9642e-01   5.2408e+01   1.9821e+01   0.0000e+00   0.0000e+00   3.0618e+02
20260907_00:00:00   2.0861e-01   5.5453e+01   2.1914e+01   0.0000e+00   0.0000e+00   2.9851e+02
20260907_03:00:00   2.1454e-01   5.6805e+01   2.3096e+01   0.0000e+00   1.6416e-05   2.9253e+02
20260907_06:00:00   2.1557e-01   5.6983e+01   2.3432e+01   0.0000e+00   1.6750e-04   2.8779e+02
20260907_09:00:00   2.1663e-01   5.7183e+01   2.3387e+01   0.0000e+00   0.0000e+00   2.8790e+02
20260907_12:00:00   2.1758e-01   5.7341e+01   2.3416e+01   0.0000e+00   0.0000e+00   2.8595e+02
20260907_15:00:00   2.1477e-01   5.6695e+01   2.3052e+01   0.0000e+00   0.0000e+00   2.9095e+02
20260907_18:00:00   2.2144e-01   5.8410e+01   2.4018e+01   0.0000e+00   3.5565e-05   2.9551e+02
20260907_21:00:00   2.1682e-01   5.7589e+01   2.3872e+01   0.0000e+00   0.0000e+00   3.0080e+02
20260908_00:00:00   2.0633e-01   5.5427e+01   2.3002e+01   0.0000e+00   3.6952e-03   2.9754e+02
20260908_03:00:00   2.2148e-01   5.8831e+01   2.4757e+01   0.0000e+00   1.2476e-03   2.9392e+02
20260908_06:00:00   2.1304e-01   5.6707e+01   2.3473e+01   0.0000e+00   4.5037e-03   2.9334e+02
20260908_09:00:00   2.1464e-01   5.6726e+01   2.3430e+01   0.0000e+00   8.7311e-02   2.9009e+02
20260908_12:00:00   2.1816e-01   5.7352e+01   2.3517e+01   0.0000e+00   5.5938e-02   2.8806e+02
20260908_15:00:00   2.3879e-01   6.1818e+01   2.5636e+01   0.0000e+00   5.2642e-03   2.9209e+02
20260908_18:00:00   2.2069e-01   5.7962e+01   2.3626e+01   0.0000e+00   2.2500e-05   2.9022e+02
20260908_21:00:00   2.0320e-01   5.4222e+01   2.1785e+01   0.0000e+00   0.0000e+00   2.9792e+02
20260909_00:00:00   1.8378e-01   4.9909e+01   1.9283e+01   0.0000e+00   0.0000e+00   3.0003e+02
20260909_03:00:00   1.7245e-01   4.7061e+01   1.7821e+01   0.0000e+00   0.0000e+00   3.0204e+02
20260909_06:00:00   1.5701e-01   4.3005e+01   1.5542e+01   0.0000e+00   0.0000e+00   3.0106e+02
20260909_09:00:00   1.6121e-01   4.4022e+01   1.4441e+01   0.0000e+00   0.0000e+00   3.0397e+02
20260909_12:00:00   1.6752e-01   4.5350e+01   1.4244e+01   0.0000e+00   1.3342e-04   3.0368e+02
20260909_15:00:00   1.7840e-01   4.7744e+01   1.5166e+01   0.0000e+00   0.0000e+00   3.0708e+02
20260909_18:00:00   1.6549e-01   4.4853e+01   1.4103e+01   0.0000e+00   0.0000e+00   3.0674e+02
20260909_21:00:00   1.4233e-01   3.9395e+01   1.1878e+01   0.0000e+00   0.0000e+00   3.1190e+02
20260910_00:00:00   1.5306e-01   4.1940e+01   1.3373e+01   0.0000e+00   2.0843e-04   3.1665e+02
20260910_03:00:00   1.7492e-01   4.6945e+01   1.5548e+01   0.0000e+00   2.3185e-04   3.2220e+02
20260910_06:00:00   1.7558e-01   4.7091e+01   1.5121e+01   0.0000e+00   0.0000e+00   3.2208e+02
20260910_09:00:00   1.6486e-01   4.4562e+01   1.3588e+01   0.0000e+00   0.0000e+00   3.0886e+02
20260910_12:00:00   1.5150e-01   4.1409e+01   1.1765e+01   0.0000e+00   0.0000e+00   3.0862e+02
20260910_15:00:00   1.3698e-01   3.7947e+01   1.0022e+01   0.0000e+00   0.0000e+00   3.0517e+02
20260910_18:00:00   1.2035e-01   3.4087e+01   8.3965e+00   0.0000e+00   1.8648e-05   3.0050e+02
20260910_21:00:00   1.0852e-01   3.1321e+01   7.4371e+00   0.0000e+00   1.6814e-05   2.9956e+02
20260911_00:00:00   1.0833e-01   3.1327e+01   7.8599e+00   0.0000e+00   1.0755e-03   3.0094e+02
20260911_03:00:00   1.2195e-01   3.4491e+01   1.0739e+01   0.0000e+00   6.8804e-03   2.9833e+02
20260911_06:00:00   1.4095e-01   3.8981e+01   1.3749e+01   0.0000e+00   6.2599e-03   2.9740e+02
20260911_09:00:00   1.5720e-01   4.2931e+01   1.5684e+01   0.0000e+00   0.0000e+00   2.9367e+02
20260911_12:00:00   1.7464e-01   4.6818e+01   1.8555e+01   0.0000e+00   0.0000e+00   2.9226e+02
20260911_15:00:00   1.8422e-01   4.8963e+01   1.9778e+01   0.0000e+00   3.6884e-04   2.9488e+02
20260911_18:00:00   1.9438e-01   5.1344e+01   2.1267e+01   5.6920e-05   7.2157e-03   3.0551e+02
20260911_21:00:00   1.8869e-01   5.0338e+01   2.0109e+01   0.0000e+00   5.9800e-06   2.9703e+02
20260912_00:00:00   1.6862e-01   4.5995e+01   1.7225e+01   0.0000e+00   0.0000e+00   2.9575e+02
20260912_03:00:00   1.6103e-01   4.4152e+01   1.6083e+01   0.0000e+00   0.0000e+00   2.9687e+02
20260912_06:00:00   1.7057e-01   4.6183e+01   1.7034e+01   0.0000e+00   4.6520e-04   2.9940e+02
20260912_09:00:00   1.9020e-01   5.0476e+01   1.9074e+01   0.0000e+00   1.8508e-02   3.2268e+02
20260912_12:00:00   2.1165e-01   5.5077e+01   2.0955e+01   3.5937e-03   6.8063e-03   3.0898e+02
20260912_15:00:00   2.2617e-01   5.8330e+01   2.2723e+01   0.0000e+00   5.4783e-04   3.0773e+02
20260912_18:00:00   2.0957e-01   5.5155e+01   2.0038e+01   0.0000e+00   0.0000e+00   3.0983e+02
20260912_21:00:00   1.9063e-01   5.1181e+01   1.7807e+01   0.0000e+00   0.0000e+00   3.1453e+02
20260913_00:00:00   1.7283e-01   4.7114e+01   1.6063e+01   0.0000e+00   4.7697e-03   3.1125e+02
20260913_03:00:00   1.6814e-01   4.5962e+01   1.5234e+01   0.0000e+00   0.0000e+00   3.0919e+02
20260913_06:00:00   1.6904e-01   4.6017e+01   1.4952e+01   0.0000e+00   8.0260e-03   2.9973e+02
20260913_09:00:00   1.7596e-01   4.7313e+01   1.6240e+01   0.0000e+00   1.4063e-02   2.9000e+02
20260913_12:00:00   1.7490e-01   4.7053e+01   1.5825e+01   0.0000e+00   6.3493e-05   2.8924e+02
20260913_15:00:00   1.7392e-01   4.6804e+01   1.5569e+01   0.0000e+00   4.4460e-04   2.9046e+02
20260913_18:00:00   1.6927e-01   4.5946e+01   1.5259e+01   0.0000e+00   0.0000e+00   2.9510e+02
20260913_21:00:00   1.7722e-01   4.8006e+01   1.6787e+01   0.0000e+00   0.0000e+00   2.9694e+02
20260914_00:00:00   1.7656e-01   4.7953e+01   1.7006e+01   0.0000e+00   0.0000e+00   2.9916e+02
20260914_03:00:00   1.7713e-01   4.8074e+01   1.7121e+01   0.0000e+00   1.0910e-04   2.9933e+02
20260914_06:00:00   1.7434e-01   4.7372e+01   1.6379e+01   0.0000e+00   1.0984e-05   3.0156e+02
20260914_09:00:00   1.9110e-01   5.0855e+01   1.8744e+01   0.0000e+00   7.5671e-02   2.9905e+02
20260914_12:00:00   1.8085e-01   4.8592e+01   1.6181e+01   0.0000e+00   0.0000e+00   3.2970e+02
20260914_15:00:00   1.6811e-01   4.5541e+01   1.3927e+01   0.0000e+00   0.0000e+00   3.2780e+02
20260914_18:00:00   1.4365e-01   3.9824e+01   1.1418e+01   0.0000e+00   0.0000e+00   3.3286e+02
20260914_21:00:00   1.2774e-01   3.5980e+01   1.0038e+01   0.0000e+00   0.0000e+00   3.2069e+02
20260915_00:00:00   1.2491e-01   3.5292e+01   1.0092e+01   0.0000e+00   5.0320e-05   3.1111e+02
