#            date       tau255        Tb[K]      pwv[mm] lwp[kg*m^-2] iwp[kg*m^-2]       o3[DU]
20260731_06:00:00   1.7065e-01   4.6708e+01   1.8321e+01   0.0000e+00   3.0036e-03   3.2825e+02
20260731_07:00:00   1.7667e-01   4.8138e+01   1.8987e+01   0.0000e+00   1.5875e-03   3.2468e+02
20260731_08:00:00   1.8272e-01   4.9563e+01   1.9590e+01   0.0000e+00   0.0000e+00   3.2269e+02
20260731_09:00:00   1.8791e-01   5.0760e+01   2.0119e+01   0.0000e+00   0.0000e+00   3.2172e+02
20260731_10:00:00   1.9162e-01   5.1574e+01   2.0550e+01   0.0000e+00   0.0000e+00   3.2112e+02
20260731_11:00:00   1.9342e-01   5.1942e+01   2.0709e+01   0.0000e+00   0.0000e+00   3.1852e+02
20260731_12:00:00   1.9287e-01   5.1778e+01   2.0545e+01   0.0000e+00   0.0000e+00   3.1839e+02
20260731_13:00:00   1.9184e-01   5.1515e+01   2.0337e+01   0.0000e+00   0.0000e+00   3.1803e+02
20260731_14:00:00   1.8943e-01   5.0978e+01   2.0001e+01   0.0000e+00   0.0000e+00   3.1981e+02
20260731_15:00:00   1.8652e-01   5.0361e+01   1.9692e+01   0.0000e+00   0.0000e+00   3.2020e+02
20260731_16:00:00   1.8297e-01   4.9597e+01   1.9314e+01   0.0000e+00   0.0000e+00   3.2051e+02
20260731_17:00:00   1.7963e-01   4.8897e+01   1.8992e+01   0.0000e+00   0.0000e+00   3.2103e+02
20260731_18:00:00   1.7615e-01   4.8173e+01   1.8649e+01   0.0000e+00   0.0000e+00   3.2105e+02
20260731_19:00:00   1.7180e-01   4.7240e+01   1.8240e+01   0.0000e+00   0.0000e+00   3.1978e+02
20260731_20:00:00   1.6883e-01   4.6616e+01   1.7974e+01   0.0000e+00   0.0000e+00   3.1957e+02
20260731_21:00:00   1.6356e-01   4.5458e+01   1.7400e+01   0.0000e+00   0.0000e+00   3.1923e+02
20260731_22:00:00   1.5990e-01   4.4679e+01   1.6963e+01   0.0000e+00   0.0000e+00   3.1908e+02
20260731_23:00:00   1.5643e-01   4.3911e+01   1.6522e+01   0.0000e+00   0.0000e+00   3.1725e+02
20260801_00:00:00   1.5311e-01   4.3160e+01   1.6095e+01   0.0000e+00   0.0000e+00   3.1549e+02
20260801_01:00:00   1.5275e-01   4.3113e+01   1.6050e+01   0.0000e+00   0.0000e+00   3.1373e+02
20260801_02:00:00   1.5383e-01   4.3391e+01   1.6192e+01   0.0000e+00   0.0000e+00   3.1168e+02
20260801_03:00:00   1.5423e-01   4.3467e+01   1.6182e+01   0.0000e+00   0.0000e+00   3.0997e+02
20260801_04:00:00   1.5568e-01   4.3778e+01   1.6346e+01   0.0000e+00   0.0000e+00   3.0881e+02
20260801_05:00:00   1.5872e-01   4.4450e+01   1.6714e+01   0.0000e+00   0.0000e+00   3.0815e+02
20260801_06:00:00   1.6069e-01   4.4863e+01   1.6956e+01   0.0000e+00   0.0000e+00   3.0784e+02
20260801_07:00:00   1.6205e-01   4.5155e+01   1.7027e+01   0.0000e+00   0.0000e+00   3.0673e+02
20260801_08:00:00   1.6508e-01   4.5888e+01   1.7259e+01   0.0000e+00   0.0000e+00   3.0679e+02
20260801_09:00:00   1.7493e-01   4.8212e+01   1.8369e+01   0.0000e+00   0.0000e+00   3.0890e+02
20260801_10:00:00   1.8295e-01   5.0084e+01   1.9145e+01   0.0000e+00   0.0000e+00   3.0993e+02
20260801_11:00:00   1.8559e-01   5.0677e+01   1.9217e+01   0.0000e+00   0.0000e+00   3.1099e+02
20260801_12:00:00   1.8845e-01   5.1271e+01   1.9346e+01   0.0000e+00   0.0000e+00   3.1240e+02
20260801_13:00:00   1.9208e-01   5.2052e+01   1.9571e+01   0.0000e+00   0.0000e+00   3.1247e+02
20260801_14:00:00   1.9525e-01   5.2759e+01   1.9806e+01   0.0000e+00   0.0000e+00   3.1289e+02
20260801_15:00:00   1.9465e-01   5.2648e+01   1.9750e+01   0.0000e+00   0.0000e+00   3.1507e+02
20260801_16:00:00   1.9443e-01   5.2666e+01   1.9785e+01   0.0000e+00   0.0000e+00   3.1753e+02
20260801_17:00:00   1.9090e-01   5.1916e+01   1.9334e+01   0.0000e+00   0.0000e+00   3.1895e+02
20260801_18:00:00   1.8612e-01   5.0842e+01   1.8817e+01   0.0000e+00   0.0000e+00   3.2268e+02
20260801_19:00:00   1.7060e-01   4.7177e+01   1.6925e+01   0.0000e+00   0.0000e+00   3.2958e+02
20260801_20:00:00   1.3984e-01   3.9699e+01   1.2835e+01   0.0000e+00   0.0000e+00   3.4603e+02
20260801_21:00:00   1.2613e-01   3.6219e+01   1.1014e+01   0.0000e+00   0.0000e+00   3.4742e+02
20260801_22:00:00   1.3185e-01   3.7652e+01   1.1718e+01   0.0000e+00   0.0000e+00   3.4899e+02
20260801_23:00:00   1.4507e-01   4.0924e+01   1.3324e+01   0.0000e+00   0.0000e+00   3.4819e+02
20260802_00:00:00   1.4621e-01   4.1120e+01   1.3263e+01   0.0000e+00   0.0000e+00   3.4497e+02
20260802_01:00:00   1.4381e-01   4.0450e+01   1.2688e+01   0.0000e+00   0.0000e+00   3.4582e+02
20260802_02:00:00   1.3518e-01   3.8209e+01   1.1418e+01   0.0000e+00   3.1280e-04   3.4450e+02
20260802_03:00:00   1.3625e-01   3.8364e+01   1.1359e+01   0.0000e+00   2.1980e-05   3.4308e+02
20260802_04:00:00   1.4035e-01   3.9260e+01   1.1709e+01   0.0000e+00   0.0000e+00   3.4467e+02
20260802_05:00:00   1.4797e-01   4.0990e+01   1.2511e+01   0.0000e+00   0.0000e+00   3.4471e+02
20260802_06:00:00   1.5330e-01   4.2160e+01   1.3059e+01   0.0000e+00   0.0000e+00   3.4467e+02
20260802_07:00:00   1.5876e-01   4.3346e+01   1.3686e+01   0.0000e+00   0.0000e+00   3.4337e+02
20260802_08:00:00   1.6494e-01   4.4682e+01   1.4424e+01   0.0000e+00   2.0703e-04   3.4263e+02
20260802_09:00:00   1.6984e-01   4.5722e+01   1.5035e+01   0.0000e+00   3.5551e-04   3.4530e+02
20260802_10:00:00   1.7149e-01   4.6029e+01   1.5229e+01   0.0000e+00   2.8512e-03   3.5126e+02
20260802_11:00:00   1.7325e-01   4.6392e+01   1.5317e+01   0.0000e+00   4.5319e-04   3.5509e+02
20260802_12:00:00   1.7336e-01   4.6348e+01   1.5264e+01   0.0000e+00   6.0398e-04   3.5619e+02
20260802_13:00:00   1.7249e-01   4.6092e+01   1.5058e+01   0.0000e+00   2.2690e-03   3.5972e+02
20260802_14:00:00   1.6977e-01   4.5467e+01   1.4723e+01   0.0000e+00   2.3035e-02   3.6313e+02
20260802_15:00:00   1.6508e-01   4.4450e+01   1.4126e+01   0.0000e+00   7.9646e-04   3.6555e+02
20260802_16:00:00   1.6002e-01   4.3360e+01   1.3535e+01   0.0000e+00   0.0000e+00   3.6387e+02
20260802_17:00:00   1.5483e-01   4.2230e+01   1.2979e+01   0.0000e+00   0.0000e+00   3.6423e+02
20260802_18:00:00   1.5127e-01   4.1452e+01   1.2686e+01   0.0000e+00   0.0000e+00   3.6598e+02
20260802_19:00:00   1.4763e-01   4.0640e+01   1.2418e+01   0.0000e+00   0.0000e+00   3.6616e+02
20260802_20:00:00   1.4600e-01   4.0309e+01   1.2461e+01   0.0000e+00   0.0000e+00   3.6487e+02
20260802_21:00:00   1.4593e-01   4.0328e+01   1.2709e+01   0.0000e+00   0.0000e+00   3.6306e+02
20260802_22:00:00   1.4899e-01   4.1064e+01   1.3358e+01   0.0000e+00   0.0000e+00   3.6102e+02
20260802_23:00:00   1.5225e-01   4.1840e+01   1.3983e+01   0.0000e+00   1.2258e-05   3.5978e+02
20260803_00:00:00   1.5520e-01   4.2513e+01   1.4491e+01   7.0246e-05   8.1846e-04   3.6029e+02
20260803_01:00:00   1.6014e-01   4.3608e+01   1.4954e+01   1.6398e-03   3.8523e-02   3.6342e+02
20260803_02:00:00   1.7672e-01   4.7267e+01   1.5742e+01   1.2880e-02   1.1833e-01   3.6776e+02
20260803_03:00:00   1.8832e-01   4.9929e+01   1.7358e+01   9.6136e-03   9.8232e-02   3.7193e+02
20260803_04:00:00   2.0150e-01   5.2964e+01   1.9283e+01   2.5788e-03   2.9625e-03   3.7817e+02
20260803_05:00:00   2.1487e-01   5.5813e+01   2.0141e+01   5.3612e-03   1.0074e-01   3.8087e+02
20260803_06:00:00   2.1149e-01   5.5115e+01   2.0141e+01   7.4280e-05   1.2925e-01   3.8076e+02
20260803_07:00:00   2.0801e-01   5.4314e+01   1.9753e+01   0.0000e+00   8.1639e-02   3.8113e+02
20260803_08:00:00   2.0295e-01   5.3158e+01   1.9095e+01   0.0000e+00   1.4822e-02   3.8096e+02
20260803_09:00:00   1.9159e-01   5.0656e+01   1.7426e+01   0.0000e+00   0.0000e+00   3.8262e+02
20260803_10:00:00   1.8371e-01   4.8874e+01   1.6258e+01   0.0000e+00   0.0000e+00   3.8342e+02
20260803_11:00:00   1.7933e-01   4.7795e+01   1.5955e+01   0.0000e+00   8.2787e-04   3.7704e+02
20260803_12:00:00   1.8294e-01   4.8559e+01   1.6610e+01   0.0000e+00   1.7117e-04   3.6743e+02
20260803_13:00:00   1.8938e-01   4.9996e+01   1.7509e+01   0.0000e+00   6.8121e-04   3.6214e+02
20260803_14:00:00   1.9490e-01   5.1248e+01   1.8374e+01   0.0000e+00   5.6238e-03   3.6008e+02
20260803_15:00:00   1.9574e-01   5.1509e+01   1.8649e+01   0.0000e+00   4.1939e-04   3.5823e+02
20260803_16:00:00   1.9531e-01   5.1526e+01   1.8727e+01   0.0000e+00   0.0000e+00   3.5812e+02
20260803_17:00:00   1.9484e-01   5.1549e+01   1.8798e+01   0.0000e+00   0.0000e+00   3.5758e+02
20260803_18:00:00   1.9174e-01   5.0975e+01   1.8543e+01   0.0000e+00   8.0580e-05   3.5659e+02
20260803_19:00:00   1.8970e-01   5.0606e+01   1.8409e+01   0.0000e+00   2.8560e-06   3.5610e+02
20260803_20:00:00   1.8964e-01   5.0673e+01   1.8548e+01   0.0000e+00   0.0000e+00   3.5628e+02
20260803_21:00:00   1.8897e-01   5.0604e+01   1.8636e+01   0.0000e+00   0.0000e+00   3.5644e+02
20260803_22:00:00   1.8795e-01   5.0439e+01   1.8693e+01   0.0000e+00   0.0000e+00   3.5690e+02
20260803_23:00:00   1.8818e-01   5.0551e+01   1.8848e+01   0.0000e+00   0.0000e+00   3.5771e+02
20260804_00:00:00   1.8864e-01   5.0704e+01   1.8925e+01   0.0000e+00   0.0000e+00   3.5753e+02
20260804_01:00:00   1.8807e-01   5.0616e+01   1.8828e+01   0.0000e+00   0.0000e+00   3.5760e+02
20260804_02:00:00   1.8767e-01   5.0559e+01   1.8749e+01   0.0000e+00   0.0000e+00   3.5446e+02
20260804_03:00:00   1.8892e-01   5.0816e+01   1.8902e+01   0.0000e+00   0.0000e+00   3.4908e+02
20260804_04:00:00   1.9057e-01   5.1141e+01   1.9031e+01   0.0000e+00   0.0000e+00   3.4523e+02
20260804_05:00:00   1.9184e-01   5.1386e+01   1.9085e+01   0.0000e+00   0.0000e+00   3.4429e+02
20260804_06:00:00   1.9363e-01   5.1740e+01   1.9227e+01   0.0000e+00   0.0000e+00   3.4457e+02
20260804_07:00:00   1.9404e-01   5.1795e+01   1.9215e+01   0.0000e+00   0.0000e+00   3.4531e+02
20260804_08:00:00   1.9250e-01   5.1414e+01   1.8925e+01   0.0000e+00   0.0000e+00   3.4558e+02
20260804_09:00:00   1.9193e-01   5.1255e+01   1.8730e+01   0.0000e+00   0.0000e+00   3.4680e+02
20260804_10:00:00   1.9159e-01   5.1162e+01   1.8564e+01   0.0000e+00   0.0000e+00   3.4814e+02
20260804_11:00:00   1.8918e-01   5.0603e+01   1.8085e+01   0.0000e+00   0.0000e+00   3.4909e+02
20260804_12:00:00   1.8454e-01   4.9540e+01   1.7276e+01   0.0000e+00   0.0000e+00   3.5019e+02
20260804_13:00:00   1.7956e-01   4.8404e+01   1.6457e+01   0.0000e+00   0.0000e+00   3.5506e+02
20260804_14:00:00   1.7553e-01   4.7498e+01   1.5903e+01   0.0000e+00   0.0000e+00   3.5686e+02
20260804_15:00:00   1.7028e-01   4.6358e+01   1.5364e+01   0.0000e+00   0.0000e+00   3.5215e+02
20260804_16:00:00   1.6411e-01   4.5008e+01   1.4700e+01   0.0000e+00   0.0000e+00   3.5109e+02
20260804_17:00:00   1.5660e-01   4.3305e+01   1.3903e+01   0.0000e+00   0.0000e+00   3.5112e+02
20260804_18:00:00   1.4948e-01   4.1663e+01   1.3128e+01   0.0000e+00   0.0000e+00   3.5146e+02
20260804_19:00:00   1.4525e-01   4.0716e+01   1.2742e+01   0.0000e+00   0.0000e+00   3.5164e+02
20260804_20:00:00   1.4233e-01   4.0066e+01   1.2596e+01   0.0000e+00   0.0000e+00   3.5052e+02
20260804_21:00:00   1.4026e-01   3.9620e+01   1.2545e+01   0.0000e+00   0.0000e+00   3.4902e+02
20260804_22:00:00   1.4133e-01   3.9955e+01   1.2882e+01   0.0000e+00   0.0000e+00   3.4699e+02
20260804_23:00:00   1.4348e-01   4.0533e+01   1.3331e+01   0.0000e+00   0.0000e+00   3.4530e+02
20260805_00:00:00   1.4653e-01   4.1318e+01   1.3900e+01   0.0000e+00   0.0000e+00   3.4394e+02
20260805_01:00:00   1.4900e-01   4.1952e+01   1.4346e+01   0.0000e+00   0.0000e+00   3.4251e+02
20260805_02:00:00   1.5068e-01   4.2356e+01   1.4649e+01   0.0000e+00   0.0000e+00   3.4084e+02
20260805_03:00:00   1.5287e-01   4.2862e+01   1.4959e+01   0.0000e+00   0.0000e+00   3.3883e+02
20260805_04:00:00   1.5467e-01   4.3251e+01   1.5169e+01   0.0000e+00   0.0000e+00   3.3710e+02
20260805_05:00:00   1.5601e-01   4.3526e+01   1.5315e+01   0.0000e+00   0.0000e+00   3.3477e+02
20260805_06:00:00   1.5749e-01   4.3818e+01   1.5510e+01   0.0000e+00   0.0000e+00   3.3370e+02
20260805_09:00:00   1.5272e-01   4.2555e+01   1.4655e+01   0.0000e+00   0.0000e+00   3.3312e+02
20260805_12:00:00   1.5051e-01   4.1935e+01   1.4101e+01   0.0000e+00   0.0000e+00   3.2770e+02
20260805_15:00:00   1.4751e-01   4.1306e+01   1.3627e+01   0.0000e+00   0.0000e+00   3.2362e+02
20260805_18:00:00   1.4250e-01   4.0326e+01   1.3277e+01   0.0000e+00   0.0000e+00   3.1610e+02
20260805_21:00:00   1.3833e-01   3.9480e+01   1.3198e+01   0.0000e+00   0.0000e+00   3.1371e+02
20260806_00:00:00   1.4688e-01   4.1645e+01   1.5023e+01   0.0000e+00   0.0000e+00   3.0791e+02
20260806_03:00:00   1.5296e-01   4.3113e+01   1.6053e+01   0.0000e+00   0.0000e+00   3.0448e+02
20260806_06:00:00   1.5432e-01   4.3317e+01   1.6065e+01   0.0000e+00   0.0000e+00   3.0321e+02
20260806_09:00:00   1.5546e-01   4.3490e+01   1.6004e+01   0.0000e+00   0.0000e+00   2.9850e+02
20260806_12:00:00   1.5612e-01   4.3564e+01   1.5913e+01   0.0000e+00   0.0000e+00   2.9988e+02
20260806_15:00:00   1.5415e-01   4.3073e+01   1.5705e+01   0.0000e+00   1.3046e-04   3.0675e+02
20260806_18:00:00   1.4441e-01   4.0896e+01   1.4555e+01   0.0000e+00   2.7707e-05   3.0392e+02
20260806_21:00:00   1.4039e-01   4.0145e+01   1.4280e+01   0.0000e+00   0.0000e+00   3.0488e+02
20260807_00:00:00   1.4891e-01   4.2327e+01   1.5922e+01   0.0000e+00   0.0000e+00   3.0077e+02
20260807_03:00:00   1.5490e-01   4.3756e+01   1.6747e+01   0.0000e+00   0.0000e+00   3.0069e+02
20260807_06:00:00   1.4662e-01   4.1526e+01   1.5595e+01   0.0000e+00   2.5260e-04   2.9999e+02
20260807_09:00:00   1.5339e-01   4.3201e+01   1.6209e+01   0.0000e+00   1.5424e-04   3.0563e+02
20260807_12:00:00   1.5668e-01   4.3968e+01   1.6348e+01   0.0000e+00   0.0000e+00   3.0298e+02
20260807_15:00:00   1.5392e-01   4.3321e+01   1.5821e+01   0.0000e+00   0.0000e+00   3.0389e+02
20260807_18:00:00   1.4733e-01   4.1848e+01   1.5226e+01   0.0000e+00   0.0000e+00   2.9999e+02
20260807_21:00:00   1.4373e-01   4.1163e+01   1.5105e+01   0.0000e+00   0.0000e+00   3.0054e+02
20260808_00:00:00   1.3994e-01   4.0168e+01   1.5123e+01   0.0000e+00   0.0000e+00   3.0094e+02
20260808_03:00:00   1.3613e-01   3.9124e+01   1.4640e+01   0.0000e+00   0.0000e+00   2.9995e+02
20260808_06:00:00   1.4324e-01   4.0950e+01   1.4869e+01   0.0000e+00   0.0000e+00   3.0307e+02
20260808_09:00:00   1.5271e-01   4.3065e+01   1.5891e+01   0.0000e+00   0.0000e+00   3.0339e+02
20260808_12:00:00   1.5003e-01   4.2396e+01   1.4569e+01   0.0000e+00   0.0000e+00   3.1049e+02
20260808_15:00:00   1.5346e-01   4.3296e+01   1.4719e+01   0.0000e+00   0.0000e+00   3.1009e+02
20260808_18:00:00   1.5107e-01   4.2972e+01   1.4719e+01   0.0000e+00   0.0000e+00   3.1311e+02
20260808_21:00:00   1.5210e-01   4.3153e+01   1.6031e+01   0.0000e+00   0.0000e+00   3.1530e+02
20260809_00:00:00   1.3690e-01   3.9204e+01   1.4219e+01   0.0000e+00   0.0000e+00   3.1601e+02
20260809_03:00:00   1.3033e-01   3.7411e+01   1.2998e+01   0.0000e+00   0.0000e+00   3.2326e+02
20260809_06:00:00   1.3531e-01   3.8410e+01   1.3090e+01   0.0000e+00   6.5522e-05   3.2091e+02
20260809_09:00:00   1.5008e-01   4.1863e+01   1.4586e+01   0.0000e+00   0.0000e+00   3.2359e+02
20260809_12:00:00   1.7927e-01   4.8812e+01   1.7957e+01   0.0000e+00   0.0000e+00   3.2297e+02
20260809_15:00:00   1.8939e-01   5.1271e+01   1.8977e+01   0.0000e+00   0.0000e+00   3.2252e+02
20260809_18:00:00   1.9104e-01   5.1973e+01   1.9689e+01   0.0000e+00   0.0000e+00   3.2466e+02
20260809_21:00:00   1.9590e-01   5.3099e+01   2.1268e+01   2.2760e-04   1.0957e-03   3.2568e+02
20260810_00:00:00   2.0376e-01   5.4827e+01   2.2695e+01   1.2548e-03   1.3703e-02   3.2551e+02
20260810_03:00:00   2.0801e-01   5.5698e+01   2.3083e+01   1.2513e-03   1.6237e-02   3.2618e+02
20260810_06:00:00   2.0288e-01   5.4416e+01   2.1783e+01   0.0000e+00   0.0000e+00   3.2617e+02
20260810_09:00:00   2.1169e-01   5.6274e+01   2.2057e+01   0.0000e+00   8.0168e-04   3.2952e+02
20260810_12:00:00   2.1839e-01   5.7582e+01   2.2599e+01   0.0000e+00   4.0052e-04   3.2917e+02
20260810_15:00:00   2.1899e-01   5.7712e+01   2.2744e+01   0.0000e+00   1.0984e-05   3.3027e+02
20260810_18:00:00   2.0857e-01   5.5567e+01   2.1902e+01   0.0000e+00   0.0000e+00   3.2582e+02
20260810_21:00:00   2.0416e-01   5.4771e+01   2.1844e+01   0.0000e+00   0.0000e+00   3.3568e+02
20260811_00:00:00   2.3702e-01   6.2013e+01   2.5360e+01   8.0537e-03   2.3432e-02   3.3608e+02
20260811_03:00:00   2.6117e-01   6.7468e+01   2.7972e+01   0.0000e+00   1.1828e-04   3.3787e+02
20260811_06:00:00   2.7141e-01   6.9362e+01   2.7934e+01   0.0000e+00   2.9123e-04   3.3969e+02
20260811_09:00:00   2.5486e-01   6.5562e+01   2.5716e+01   0.0000e+00   1.7744e-05   3.3700e+02
20260811_12:00:00   2.7535e-01   6.9535e+01   2.5101e+01   2.7380e-02   3.6056e-04   3.3778e+02
20260811_15:00:00   2.5711e-01   6.5823e+01   2.4598e+01   1.0882e-02   1.3878e-04   3.3795e+02
20260811_18:00:00   2.3778e-01   6.2005e+01   2.3940e+01   0.0000e+00   0.0000e+00   3.4009e+02
20260811_21:00:00   2.2120e-01   5.8566e+01   2.2473e+01   2.4280e-03   1.8830e-05   3.4684e+02
20260812_00:00:00   2.2132e-01   5.8549e+01   2.3322e+01   4.1200e-04   7.8985e-04   3.4901e+02
20260812_03:00:00   2.4894e-01   6.4396e+01   2.4425e+01   2.0365e-02   6.4322e-03   3.4779e+02
20260812_06:00:00   2.5693e-01   6.5844e+01   2.3683e+01   3.2810e-02   1.6727e-02   3.4948e+02
20260812_09:00:00   4.0550e-01   9.3889e+01   2.2739e+01   2.0741e-01   8.1902e-02   3.5177e+02
20260812_12:00:00   2.2265e-01   5.7978e+01   2.2326e+01   5.4836e-03   2.2339e-02   3.5492e+02
20260812_15:00:00   2.8141e-01   7.0253e+01   2.1318e+01   7.7560e-02   3.7286e-02   3.5524e+02
20260812_18:00:00   2.0730e-01   5.4711e+01   2.0615e+01   1.9762e-03   1.9456e-02   3.5251e+02
20260812_21:00:00   2.1640e-01   5.7014e+01   2.0858e+01   1.3496e-02   4.4346e-03   3.5271e+02
20260813_00:00:00   2.3870e-01   6.1968e+01   2.2686e+01   2.4461e-02   2.7541e-02   3.5191e+02
20260813_03:00:00   2.2098e-01   5.8294e+01   2.3069e+01   1.2078e-04   3.5320e-03   3.4770e+02
20260813_06:00:00   2.1709e-01   5.7325e+01   2.2101e+01   0.0000e+00   5.8288e-04   3.4406e+02
20260813_09:00:00   3.9591e-01   9.2089e+01   2.2122e+01   1.9851e-01   3.0411e-02   3.3853e+02
20260813_12:00:00   2.2754e-01   5.9151e+01   2.0967e+01   1.3806e-02   7.8678e-04   3.4700e+02
20260813_15:00:00   1.9609e-01   5.2201e+01   1.8545e+01   5.7540e-04   2.7400e-04   3.4916e+02
20260813_18:00:00   1.8322e-01   4.9304e+01   1.7545e+01   0.0000e+00   0.0000e+00   3.5330e+02
20260813_21:00:00   1.7060e-01   4.6512e+01   1.6466e+01   0.0000e+00   5.0218e-05   3.4889e+02
20260814_00:00:00   1.6393e-01   4.5036e+01   1.6013e+01   0.0000e+00   8.7880e-05   3.4769e+02
20260814_03:00:00   1.7874e-01   4.8567e+01   1.7756e+01   0.0000e+00   1.0178e-04   3.4647e+02
20260814_06:00:00   1.9676e-01   5.2754e+01   1.9178e+01   0.0000e+00   0.0000e+00   3.4621e+02
20260814_09:00:00   1.8966e-01   5.1070e+01   1.7924e+01   0.0000e+00   0.0000e+00   3.4689e+02
20260814_12:00:00   1.8543e-01   4.9981e+01   1.7160e+01   0.0000e+00   0.0000e+00   3.4785e+02
20260814_15:00:00   1.8396e-01   4.9692e+01   1.6939e+01   0.0000e+00   1.9614e-04   3.4770e+02
20260814_18:00:00   1.7902e-01   4.8833e+01   1.6698e+01   0.0000e+00   6.5600e-04   3.4746e+02
20260814_21:00:00   1.6411e-01   4.5406e+01   1.5519e+01   0.0000e+00   2.8628e-03   3.4949e+02
20260815_00:00:00   1.5875e-01   4.4182e+01   1.5312e+01   0.0000e+00   2.6841e-03   3.4453e+02
20260815_03:00:00   1.6706e-01   4.6109e+01   1.6533e+01   0.0000e+00   0.0000e+00   3.3910e+02
20260815_06:00:00   1.7305e-01   4.7267e+01   1.7280e+01   0.0000e+00   0.0000e+00   3.3745e+02
20260815_09:00:00   1.7406e-01   4.7386e+01   1.7141e+01   0.0000e+00   0.0000e+00   3.3787e+02
20260815_12:00:00   1.7875e-01   4.8345e+01   1.7536e+01   0.0000e+00   0.0000e+00   3.4118e+02
20260815_15:00:00   1.8138e-01   4.8922e+01   1.7932e+01   0.0000e+00   0.0000e+00   3.3675e+02
20260815_18:00:00   1.7745e-01   4.8245e+01   1.7749e+01   0.0000e+00   0.0000e+00   3.3175e+02
20260815_21:00:00   1.7282e-01   4.7313e+01   1.7685e+01   0.0000e+00   1.8284e-05   3.2981e+02
20260816_00:00:00   1.7893e-01   4.8683e+01   1.8519e+01   3.7360e-03   8.5126e-03   3.3295e+02
20260816_03:00:00   1.7132e-01   4.6943e+01   1.7798e+01   0.0000e+00   1.3618e-03   3.3230e+02
20260816_06:00:00   1.7308e-01   4.7270e+01   1.7642e+01   0.0000e+00   0.0000e+00   3.3636e+02
