#            date       tau255        Tb[K]      pwv[mm] lwp[kg*m^-2] iwp[kg*m^-2]       o3[DU]
20261002_00:00:00   2.0360e-01   5.3082e+01   2.0729e+01   0.0000e+00   1.6353e-02   2.9924e+02
20261002_01:00:00   2.0271e-01   5.2927e+01   2.0607e+01   0.0000e+00   2.3429e-02   2.9837e+02
20261002_02:00:00   2.0027e-01   5.2405e+01   2.0265e+01   0.0000e+00   1.8830e-02   2.9752e+02
20261002_03:00:00   1.9884e-01   5.2109e+01   1.9966e+01   0.0000e+00   3.7278e-03   2.9827e+02
20261002_04:00:00   1.9758e-01   5.1813e+01   1.9786e+01   0.0000e+00   5.1622e-03   2.9800e+02
20261002_05:00:00   1.9768e-01   5.1843e+01   1.9741e+01   0.0000e+00   5.4067e-03   2.9846e+02
20261002_06:00:00   1.9426e-01   5.1075e+01   1.9158e+01   0.0000e+00   1.4653e-02   3.0036e+02
20261002_07:00:00   1.9178e-01   5.0529e+01   1.8787e+01   0.0000e+00   7.1705e-02   3.0077e+02
20261002_08:00:00   1.9344e-01   5.0903e+01   1.8870e+01   0.0000e+00   1.0363e-02   2.9965e+02
20261002_09:00:00   1.8969e-01   5.0121e+01   1.8163e+01   0.0000e+00   7.1312e-04   2.9975e+02
20261002_10:00:00   1.8718e-01   4.9585e+01   1.7601e+01   0.0000e+00   1.9396e-04   3.0175e+02
20261002_11:00:00   1.8868e-01   4.9885e+01   1.7704e+01   0.0000e+00   4.3086e-04   3.0422e+02
20261002_12:00:00   1.8793e-01   4.9716e+01   1.7514e+01   0.0000e+00   8.0123e-03   3.0812e+02
20261002_13:00:00   1.9063e-01   5.0300e+01   1.7787e+01   0.0000e+00   3.2913e-03   3.1015e+02
20261002_14:00:00   1.9090e-01   5.0366e+01   1.7739e+01   0.0000e+00   8.3738e-04   3.0761e+02
20261002_15:00:00   1.9059e-01   5.0351e+01   1.7439e+01   0.0000e+00   0.0000e+00   3.0338e+02
20261002_16:00:00   1.9484e-01   5.1356e+01   1.8050e+01   0.0000e+00   0.0000e+00   2.9894e+02
20261002_17:00:00   1.9399e-01   5.1279e+01   1.7990e+01   0.0000e+00   1.5786e-03   2.9795e+02
20261002_18:00:00   1.9456e-01   5.1464e+01   1.8221e+01   0.0000e+00   3.0404e-03   2.9748e+02
20261002_19:00:00   1.9746e-01   5.2216e+01   1.8718e+01   4.5080e-05   3.5717e-03   2.9671e+02
20261002_20:00:00   2.0007e-01   5.2885e+01   1.9182e+01   0.0000e+00   8.4152e-03   2.9532e+02
20261002_21:00:00   2.0620e-01   5.4389e+01   1.9932e+01   0.0000e+00   3.2774e-03   2.9536e+02
20261002_22:00:00   2.1100e-01   5.5602e+01   2.0508e+01   0.0000e+00   5.8560e-04   2.9582e+02
20261002_23:00:00   2.0854e-01   5.5182e+01   2.0221e+01   0.0000e+00   0.0000e+00   2.9448e+02
20261003_00:00:00   2.0766e-01   5.5039e+01   2.0055e+01   0.0000e+00   0.0000e+00   2.9478e+02
20261003_01:00:00   2.0580e-01   5.4614e+01   1.9641e+01   0.0000e+00   3.5520e-06   2.9216e+02
20261003_02:00:00   1.9898e-01   5.3077e+01   1.8650e+01   0.0000e+00   7.1040e-06   2.9230e+02
20261003_03:00:00   1.9891e-01   5.3021e+01   1.8378e+01   0.0000e+00   1.8796e-04   2.8974e+02
20261003_04:00:00   1.9805e-01   5.2780e+01   1.8088e+01   0.0000e+00   2.8273e-04   2.8905e+02
20261003_05:00:00   1.9557e-01   5.2187e+01   1.7653e+01   0.0000e+00   9.2456e-04   2.8767e+02
20261003_06:00:00   1.9766e-01   5.2617e+01   1.7770e+01   0.0000e+00   5.0300e-03   2.8628e+02
20261003_07:00:00   1.9888e-01   5.2847e+01   1.7812e+01   0.0000e+00   9.8160e-03   2.8593e+02
20261003_08:00:00   1.9674e-01   5.2355e+01   1.7521e+01   0.0000e+00   1.5271e-02   2.8110e+02
20261003_09:00:00   1.9675e-01   5.2336e+01   1.7547e+01   0.0000e+00   1.8844e-02   2.7833e+02
20261003_10:00:00   1.9754e-01   5.2494e+01   1.7644e+01   0.0000e+00   1.7066e-02   2.7792e+02
20261003_11:00:00   1.9950e-01   5.2885e+01   1.7909e+01   0.0000e+00   4.6906e-02   2.7586e+02
20261003_12:00:00   2.0119e-01   5.3248e+01   1.8115e+01   0.0000e+00   1.8830e-02   2.7559e+02
20261003_13:00:00   2.0437e-01   5.3889e+01   1.8629e+01   0.0000e+00   2.3777e-02   2.7629e+02
20261003_14:00:00   2.0717e-01   5.4469e+01   1.9040e+01   0.0000e+00   3.2411e-02   2.7832e+02
20261003_15:00:00   2.1110e-01   5.5287e+01   1.9689e+01   0.0000e+00   7.3573e-02   2.8072e+02
20261003_16:00:00   2.1690e-01   5.6552e+01   2.0822e+01   0.0000e+00   3.1632e-02   2.8128e+02
20261003_17:00:00   2.1194e-01   5.5557e+01   2.0358e+01   0.0000e+00   1.7048e-03   2.8089e+02
20261003_18:00:00   2.0930e-01   5.5067e+01   2.0146e+01   0.0000e+00   8.6339e-04   2.7746e+02
20261003_19:00:00   2.0478e-01   5.4170e+01   1.9742e+01   0.0000e+00   1.1070e-04   2.7413e+02
20261003_20:00:00   2.0365e-01   5.4014e+01   1.9849e+01   0.0000e+00   3.5718e-05   2.7257e+02
20261003_21:00:00   2.0610e-01   5.4631e+01   2.0482e+01   0.0000e+00   0.0000e+00   2.7119e+02
20261003_22:00:00   2.0335e-01   5.4092e+01   2.0271e+01   0.0000e+00   0.0000e+00   2.7118e+02
20261003_23:00:00   1.9847e-01   5.3064e+01   1.9625e+01   0.0000e+00   0.0000e+00   2.7143e+02
20261004_00:00:00   1.9395e-01   5.2071e+01   1.8997e+01   0.0000e+00   0.0000e+00   2.7177e+02
20261004_01:00:00   1.9164e-01   5.1560e+01   1.8613e+01   0.0000e+00   0.0000e+00   2.7158e+02
20261004_02:00:00   1.8955e-01   5.1078e+01   1.8236e+01   0.0000e+00   0.0000e+00   2.7113e+02
20261004_03:00:00   1.8777e-01   5.0666e+01   1.7863e+01   0.0000e+00   0.0000e+00   2.7158e+02
20261004_04:00:00   1.8680e-01   5.0431e+01   1.7583e+01   0.0000e+00   0.0000e+00   2.7159e+02
20261004_05:00:00   1.8541e-01   5.0087e+01   1.7262e+01   0.0000e+00   0.0000e+00   2.7229e+02
20261004_06:00:00   1.8419e-01   4.9777e+01   1.6986e+01   0.0000e+00   0.0000e+00   2.7376e+02
20261004_07:00:00   1.8288e-01   4.9436e+01   1.6723e+01   0.0000e+00   0.0000e+00   2.7597e+02
20261004_08:00:00   1.8176e-01   4.9137e+01   1.6506e+01   0.0000e+00   0.0000e+00   2.7678e+02
20261004_09:00:00   1.8170e-01   4.9079e+01   1.6455e+01   0.0000e+00   0.0000e+00   2.7568e+02
20261004_10:00:00   1.8176e-01   4.9059e+01   1.6416e+01   0.0000e+00   0.0000e+00   2.7729e+02
20261004_11:00:00   1.8229e-01   4.9153e+01   1.6376e+01   0.0000e+00   0.0000e+00   2.7819e+02
20261004_12:00:00   1.8061e-01   4.8757e+01   1.5986e+01   0.0000e+00   0.0000e+00   2.8114e+02
20261004_13:00:00   1.7918e-01   4.8413e+01   1.5661e+01   0.0000e+00   0.0000e+00   2.8214e+02
20261004_14:00:00   1.7903e-01   4.8354e+01   1.5619e+01   0.0000e+00   0.0000e+00   2.8105e+02
20261004_15:00:00   1.7894e-01   4.8314e+01   1.5614e+01   0.0000e+00   0.0000e+00   2.8103e+02
20261004_16:00:00   1.7809e-01   4.8179e+01   1.5553e+01   0.0000e+00   0.0000e+00   2.8310e+02
20261004_17:00:00   1.7719e-01   4.8030e+01   1.5529e+01   0.0000e+00   0.0000e+00   2.8572e+02
20261004_18:00:00   1.7565e-01   4.7741e+01   1.5507e+01   0.0000e+00   2.5180e-04   2.8616e+02
20261004_19:00:00   1.7347e-01   4.7288e+01   1.5512e+01   0.0000e+00   7.9240e-04   2.8635e+02
20261004_20:00:00   1.7063e-01   4.6680e+01   1.5433e+01   0.0000e+00   8.6900e-04   2.8640e+02
20261004_21:00:00   1.7110e-01   4.6816e+01   1.5788e+01   0.0000e+00   3.4960e-05   2.8675e+02
20261004_22:00:00   1.7210e-01   4.7068e+01   1.6269e+01   0.0000e+00   1.3676e-04   2.8623e+02
20261004_23:00:00   1.7325e-01   4.7371e+01   1.6571e+01   0.0000e+00   5.0980e-04   2.8708e+02
20261005_00:00:00   1.7563e-01   4.7961e+01   1.6934e+01   0.0000e+00   4.1299e-04   2.8796e+02
20261005_01:00:00   1.7970e-01   4.8851e+01   1.7720e+01   0.0000e+00   3.0765e-03   2.8661e+02
20261005_02:00:00   1.8164e-01   4.9267e+01   1.8056e+01   0.0000e+00   2.4247e-04   2.8589e+02
20261005_03:00:00   1.8241e-01   4.9408e+01   1.8159e+01   0.0000e+00   2.7220e-04   2.8772e+02
20261005_04:00:00   1.8398e-01   4.9723e+01   1.8302e+01   0.0000e+00   1.1916e-03   2.8968e+02
20261005_05:00:00   1.8383e-01   4.9645e+01   1.8209e+01   0.0000e+00   8.9275e-04   2.9171e+02
20261005_06:00:00   1.8141e-01   4.9048e+01   1.7827e+01   0.0000e+00   1.8110e-04   2.9585e+02
20261005_07:00:00   1.7837e-01   4.8330e+01   1.7240e+01   0.0000e+00   2.3152e-04   2.9543e+02
20261005_08:00:00   1.7565e-01   4.7657e+01   1.6722e+01   0.0000e+00   9.8740e-03   2.9349e+02
20261005_09:00:00   1.7352e-01   4.7148e+01   1.6284e+01   0.0000e+00   7.3113e-04   2.8980e+02
20261005_10:00:00   1.7075e-01   4.6482e+01   1.5781e+01   0.0000e+00   1.9647e-03   2.9017e+02
20261005_11:00:00   1.7155e-01   4.6607e+01   1.5928e+01   0.0000e+00   3.2751e-03   2.9400e+02
20261005_12:00:00   1.7352e-01   4.6962e+01   1.6340e+01   0.0000e+00   1.2754e-02   2.9433e+02
20261005_13:00:00   1.7435e-01   4.7073e+01   1.6561e+01   0.0000e+00   9.0275e-03   2.9402e+02
20261005_14:00:00   1.7346e-01   4.6827e+01   1.6445e+01   0.0000e+00   4.9327e-03   2.9587e+02
20261005_15:00:00   1.7138e-01   4.6318e+01   1.6129e+01   0.0000e+00   2.7464e-03   2.9405e+02
20261005_16:00:00   1.6849e-01   4.5656e+01   1.5798e+01   0.0000e+00   4.4451e-03   2.9096e+02
20261005_17:00:00   1.6679e-01   4.5297e+01   1.5684e+01   0.0000e+00   3.6796e-03   2.8888e+02
20261005_18:00:00   1.6368e-01   4.4599e+01   1.5463e+01   0.0000e+00   5.6639e-03   2.8695e+02
20261005_19:00:00   1.6215e-01   4.4291e+01   1.5472e+01   0.0000e+00   1.2841e-02   2.8544e+02
20261005_20:00:00   1.6134e-01   4.4137e+01   1.5565e+01   9.0240e-05   2.8815e-02   2.8500e+02
20261005_21:00:00   1.5983e-01   4.3840e+01   1.5427e+01   3.7980e-04   4.2807e-02   2.8715e+02
20261005_22:00:00   1.5930e-01   4.3799e+01   1.5381e+01   0.0000e+00   6.0059e-02   2.8930e+02
20261005_23:00:00   1.5921e-01   4.3844e+01   1.5324e+01   0.0000e+00   2.1817e-02   2.9026e+02
20261006_00:00:00   1.5486e-01   4.2863e+01   1.4510e+01   0.0000e+00   4.6428e-02   2.9145e+02
20261006_01:00:00   1.5049e-01   4.1800e+01   1.3722e+01   0.0000e+00   1.2234e-01   2.9138e+02
20261006_02:00:00   1.4735e-01   4.1050e+01   1.3106e+01   0.0000e+00   1.0428e-01   2.9052e+02
20261006_03:00:00   1.4615e-01   4.0739e+01   1.2731e+01   0.0000e+00   1.1687e-01   2.9039e+02
20261006_04:00:00   1.4292e-01   3.9921e+01   1.2142e+01   0.0000e+00   1.1492e-01   2.9077e+02
20261006_05:00:00   1.3939e-01   3.9029e+01   1.1541e+01   0.0000e+00   1.8122e-03   2.9155e+02
20261006_06:00:00   1.3876e-01   3.8792e+01   1.1343e+01   0.0000e+00   3.2736e-03   2.9349e+02
20261006_07:00:00   1.4367e-01   3.9901e+01   1.1913e+01   0.0000e+00   2.5116e-03   2.9400e+02
20261006_08:00:00   1.4772e-01   4.0861e+01   1.2146e+01   0.0000e+00   1.1735e-03   2.9291e+02
20261006_09:00:00   1.5144e-01   4.1732e+01   1.2394e+01   0.0000e+00   8.9641e-03   2.9219e+02
20261006_10:00:00   1.5558e-01   4.2666e+01   1.2800e+01   0.0000e+00   5.1884e-03   2.9199e+02
20261006_11:00:00   1.5897e-01   4.3404e+01   1.3220e+01   0.0000e+00   4.9175e-03   2.9153e+02
20261006_12:00:00   1.5820e-01   4.3160e+01   1.3118e+01   0.0000e+00   2.9159e-03   2.9106e+02
20261006_13:00:00   1.5735e-01   4.2919e+01   1.2911e+01   0.0000e+00   1.9985e-04   2.9170e+02
20261006_14:00:00   1.5516e-01   4.2344e+01   1.2675e+01   0.0000e+00   9.7552e-04   2.9307e+02
20261006_15:00:00   1.5501e-01   4.2261e+01   1.2781e+01   0.0000e+00   2.5842e-03   2.9226e+02
20261006_16:00:00   1.5432e-01   4.2100e+01   1.2980e+01   0.0000e+00   7.3002e-03   2.9143e+02
20261006_17:00:00   1.5382e-01   4.1997e+01   1.3272e+01   0.0000e+00   2.4061e-03   2.9115e+02
20261006_18:00:00   1.5292e-01   4.1785e+01   1.3594e+01   0.0000e+00   1.1443e-02   2.8992e+02
20261006_19:00:00   1.5099e-01   4.1343e+01   1.3665e+01   0.0000e+00   1.1389e-02   2.8897e+02
20261006_20:00:00   1.5141e-01   4.1466e+01   1.4031e+01   0.0000e+00   1.3051e-02   2.8910e+02
20261006_21:00:00   1.5600e-01   4.2565e+01   1.4964e+01   0.0000e+00   4.0392e-03   2.8983e+02
20261006_22:00:00   1.5986e-01   4.3501e+01   1.5684e+01   0.0000e+00   1.0168e-02   2.9193e+02
20261006_23:00:00   1.6536e-01   4.4749e+01   1.6683e+01   0.0000e+00   8.1578e-02   2.9321e+02
20261007_00:00:00   1.6864e-01   4.5507e+01   1.7235e+01   0.0000e+00   1.9969e-02   2.9404e+02
20261007_03:00:00   1.6391e-01   4.4376e+01   1.6417e+01   0.0000e+00   9.7339e-03   2.9188e+02
20261007_06:00:00   1.6946e-01   4.5504e+01   1.7090e+01   0.0000e+00   1.0819e-02   2.8787e+02
20261007_09:00:00   1.7755e-01   4.7318e+01   1.8026e+01   0.0000e+00   1.2799e-02   2.8153e+02
20261007_12:00:00   1.7281e-01   4.6133e+01   1.7302e+01   6.3020e-04   2.3519e-02   2.7875e+02
20261007_15:00:00   1.5985e-01   4.3217e+01   1.5213e+01   0.0000e+00   6.8494e-03   2.7804e+02
20261007_18:00:00   1.6315e-01   4.4050e+01   1.5998e+01   0.0000e+00   1.7725e-02   2.8006e+02
20261007_21:00:00   1.7123e-01   4.5989e+01   1.7477e+01   0.0000e+00   3.3142e-02   2.7975e+02
20261008_00:00:00   1.7693e-01   4.7422e+01   1.8287e+01   0.0000e+00   5.9896e-03   2.8016e+02
20261008_03:00:00   1.7992e-01   4.8114e+01   1.8517e+01   0.0000e+00   1.9544e-02   2.8037e+02
20261008_06:00:00   1.8535e-01   4.9397e+01   1.8858e+01   0.0000e+00   3.9628e-03   2.7998e+02
20261008_09:00:00   1.9085e-01   5.0652e+01   1.9216e+01   0.0000e+00   0.0000e+00   2.7872e+02
20261008_12:00:00   1.9261e-01   5.0993e+01   1.9338e+01   0.0000e+00   0.0000e+00   2.7802e+02
20261008_15:00:00   1.8595e-01   4.9480e+01   1.8307e+01   0.0000e+00   0.0000e+00   2.7529e+02
20261008_18:00:00   1.7369e-01   4.6871e+01   1.6619e+01   0.0000e+00   0.0000e+00   2.7346e+02
20261008_21:00:00   1.6036e-01   4.3961e+01   1.4979e+01   0.0000e+00   0.0000e+00   2.7000e+02
20261009_00:00:00   1.5014e-01   4.1634e+01   1.3638e+01   0.0000e+00   0.0000e+00   2.7109e+02
20261009_03:00:00   1.5553e-01   4.2866e+01   1.4327e+01   0.0000e+00   0.0000e+00   2.7129e+02
20261009_06:00:00   1.6781e-01   4.5468e+01   1.6535e+01   0.0000e+00   5.2128e-04   2.6962e+02
20261009_09:00:00   1.6614e-01   4.5004e+01   1.6155e+01   0.0000e+00   5.1257e-03   2.7145e+02
20261009_12:00:00   1.7019e-01   4.5885e+01   1.6380e+01   0.0000e+00   1.3563e-02   2.7232e+02
20261009_15:00:00   1.8292e-01   4.8660e+01   1.8011e+01   0.0000e+00   5.7287e-03   2.7385e+02
20261009_18:00:00   2.0499e-01   5.3659e+01   2.0909e+01   0.0000e+00   9.4123e-02   2.7316e+02
20261009_21:00:00   1.8262e-01   4.8719e+01   1.8098e+01   0.0000e+00   5.0272e-02   3.0882e+02
20261010_00:00:00   1.6699e-01   4.5165e+01   1.5280e+01   0.0000e+00   0.0000e+00   3.1462e+02
20261010_03:00:00   1.4545e-01   3.9751e+01   1.1444e+01   0.0000e+00   8.7040e-05   3.1669e+02
20261010_06:00:00   1.2486e-01   3.4526e+01   8.6409e+00   0.0000e+00   1.1961e-02   3.0013e+02
20261010_09:00:00   1.3275e-01   3.6052e+01   1.0204e+01   0.0000e+00   2.3284e-01   2.9414e+02
20261010_12:00:00   1.3018e-01   3.5549e+01   9.4916e+00   0.0000e+00   0.0000e+00   2.9756e+02
20261010_15:00:00   1.2812e-01   3.5035e+01   9.0425e+00   0.0000e+00   0.0000e+00   2.9864e+02
20261010_18:00:00   1.2259e-01   3.3862e+01   8.5764e+00   0.0000e+00   0.0000e+00   2.9875e+02
20261010_21:00:00   1.1954e-01   3.3205e+01   8.6521e+00   0.0000e+00   0.0000e+00   2.9654e+02
20261011_00:00:00   1.2520e-01   3.4622e+01   9.6814e+00   0.0000e+00   0.0000e+00   2.9777e+02
20261011_03:00:00   1.2412e-01   3.4364e+01   9.2001e+00   0.0000e+00   0.0000e+00   2.9242e+02
20261011_06:00:00   1.2829e-01   3.5330e+01   9.6106e+00   0.0000e+00   0.0000e+00   2.8294e+02
20261011_09:00:00   1.5012e-01   4.0335e+01   1.2751e+01   0.0000e+00   0.0000e+00   2.7621e+02
20261011_12:00:00   1.4719e-01   3.9717e+01   1.2101e+01   1.5533e-04   1.1251e-02   2.7900e+02
20261011_15:00:00   1.4476e-01   3.9104e+01   1.1917e+01   3.1620e-04   4.0941e-02   2.7762e+02
20261011_18:00:00   1.5611e-01   4.1866e+01   1.3695e+01   8.9760e-04   8.4003e-03   2.7756e+02
20261011_21:00:00   1.6633e-01   4.4608e+01   1.4662e+01   0.0000e+00   0.0000e+00   2.8032e+02
20261012_00:00:00   1.6334e-01   4.4065e+01   1.4294e+01   0.0000e+00   0.0000e+00   2.8661e+02
20261012_03:00:00   1.4479e-01   3.9677e+01   1.1463e+01   0.0000e+00   0.0000e+00   2.9032e+02
20261012_06:00:00   1.4932e-01   4.0583e+01   1.1745e+01   0.0000e+00   1.7073e-03   2.9550e+02
20261012_09:00:00   1.5323e-01   4.1418e+01   1.1928e+01   3.3360e-04   1.0025e-02   2.9299e+02
20261012_12:00:00   1.5490e-01   4.1730e+01   1.2151e+01   2.8420e-06   9.1395e-03   2.8791e+02
20261012_15:00:00   1.5360e-01   4.1343e+01   1.2167e+01   0.0000e+00   2.1970e-03   2.8284e+02
20261012_18:00:00   1.5639e-01   4.2054e+01   1.2971e+01   0.0000e+00   1.2764e-02   2.8210e+02
20261012_21:00:00   1.6940e-01   4.5130e+01   1.5553e+01   0.0000e+00   7.1886e-03   2.8345e+02
20261013_00:00:00   1.8952e-01   4.9821e+01   1.8850e+01   0.0000e+00   2.9620e-04   2.8609e+02
20261013_03:00:00   1.9804e-01   5.1732e+01   1.9741e+01   0.0000e+00   2.2243e-05   2.8354e+02
20261013_06:00:00   2.0744e-01   5.3815e+01   2.0506e+01   0.0000e+00   4.5003e-05   2.7830e+02
20261013_09:00:00   2.6234e-01   6.5592e+01   1.8908e+01   6.8590e-02   1.4760e-03   2.7397e+02
20261013_12:00:00   1.9579e-01   5.1310e+01   1.7615e+01   3.6400e-03   7.6993e-03   2.7099e+02
20261013_15:00:00   2.1899e-01   5.6269e+01   1.9469e+01   1.3078e-02   2.1390e-02   2.6957e+02
20261013_18:00:00   2.9074e-01   7.1365e+01   2.2022e+01   7.1288e-02   1.7073e-01   2.6350e+02
20261013_21:00:00   1.9653e-01   5.1595e+01   1.8198e+01   0.0000e+00   1.0497e-01   2.6339e+02
20261014_00:00:00   1.3598e-01   3.7529e+01   1.1009e+01   0.0000e+00   1.1266e-02   2.6545e+02
20261014_03:00:00   1.2796e-01   3.5344e+01   1.0024e+01   0.0000e+00   4.0362e-02   2.6972e+02
20261014_06:00:00   1.3038e-01   3.5703e+01   1.0239e+01   0.0000e+00   7.9050e-02   2.7605e+02
20261014_09:00:00   1.5742e-01   4.1909e+01   1.3472e+01   0.0000e+00   2.1479e-01   2.7212e+02
20261014_12:00:00   1.9250e-01   4.9682e+01   1.6148e+01   1.1754e-02   1.7532e-01   2.7570e+02
20261014_15:00:00   1.9296e-01   4.9704e+01   1.6922e+01   6.9133e-04   1.8193e-01   2.8155e+02
20261014_18:00:00   1.8928e-01   4.8871e+01   1.6118e+01   3.0620e-03   9.4830e-02   2.9002e+02
20261014_21:00:00   1.7720e-01   4.6228e+01   1.4817e+01   3.0356e-03   1.2821e-01   3.0009e+02
20261015_00:00:00   1.6069e-01   4.2549e+01   1.2989e+01   3.0687e-04   2.9218e-02   3.1329e+02
20261015_03:00:00   1.4847e-01   3.9616e+01   1.1005e+01   0.0000e+00   3.4397e-04   3.1929e+02
20261015_06:00:00   1.3059e-01   3.5266e+01   8.7396e+00   0.0000e+00   0.0000e+00   3.2984e+02
20261015_09:00:00   1.3023e-01   3.5060e+01   8.7042e+00   0.0000e+00   0.0000e+00   3.3564e+02
20261015_12:00:00   1.3102e-01   3.5179e+01   8.7163e+00   0.0000e+00   0.0000e+00   3.3539e+02
20261015_15:00:00   1.3287e-01   3.5578e+01   8.9054e+00   0.0000e+00   0.0000e+00   3.3373e+02
20261015_18:00:00   1.2907e-01   3.4877e+01   8.6064e+00   0.0000e+00   0.0000e+00   3.2601e+02
20261015_21:00:00   1.2782e-01   3.4684e+01   8.8605e+00   0.0000e+00   2.0030e-03   3.1553e+02
20261016_00:00:00   1.3406e-01   3.6105e+01   1.0179e+01   0.0000e+00   2.0157e-02   3.0403e+02
20261016_03:00:00   1.4392e-01   3.8275e+01   1.1721e+01   0.0000e+00   3.5599e-02   3.0419e+02
20261016_06:00:00   1.6460e-01   4.2933e+01   1.4293e+01   0.0000e+00   2.1756e-01   3.0206e+02
20261016_09:00:00   1.8020e-01   4.6537e+01   1.5850e+01   0.0000e+00   2.4721e-01   3.0871e+02
20261016_12:00:00   3.7933e-01   8.7374e+01   1.7689e+01   2.0043e-01   2.8076e-01   3.1375e+02
20261016_15:00:00   1.3342e+00   2.0103e+02   1.7296e+01   1.2738e+00   4.2640e-01   3.1623e+02
20261016_18:00:00   8.8649e-01   1.6075e+02   1.6582e+01   7.7586e-01   3.2205e-01   3.3370e+02
20261016_21:00:00   8.1797e-01   1.5321e+02   1.5390e+01   7.1366e-01   2.6136e-01   3.5297e+02
20261017_00:00:00   3.1832e-01   7.5869e+01   1.4479e+01   1.5684e-01   3.5035e-02   3.6088e+02
20261017_03:00:00   2.3459e-01   5.8544e+01   1.3966e+01   6.3130e-02   2.4366e-03   3.5167e+02
20261017_06:00:00   2.1179e-01   5.3547e+01   1.3998e+01   3.7180e-02   1.1116e-01   3.5977e+02
20261017_09:00:00   1.8664e-01   4.7931e+01   1.4617e+01   4.1319e-03   1.9704e-01   3.6537e+02
20261017_12:00:00   1.8475e-01   4.7474e+01   1.4922e+01   0.0000e+00   1.2808e-01   3.6357e+02
20261017_15:00:00   1.8417e-01   4.7352e+01   1.4771e+01   3.5169e-04   1.7296e-02   3.6620e+02
20261017_18:00:00   2.2863e-01   5.7344e+01   1.4868e+01   4.7431e-02   2.1818e-02   3.5752e+02
20261017_21:00:00   2.0670e-01   5.2646e+01   1.5524e+01   2.0965e-02   1.1575e-01   3.4257e+02
20261018_00:00:00   1.9882e-01   5.0956e+01   1.6580e+01   2.4700e-03   9.3873e-02   3.2488e+02
