#            date       tau255        Tb[K]      pwv[mm] lwp[kg*m^-2] iwp[kg*m^-2]       o3[DU]
20260913_18:00:00   1.2548e+00   1.9700e+02   2.5340e+01   1.1144e+00   4.5535e-01   3.4584e+02
20260913_19:00:00   1.3733e+00   2.0547e+02   2.5041e+01   1.2507e+00   3.2366e-01   3.4521e+02
20260913_20:00:00   1.0690e+00   1.8116e+02   2.4547e+01   9.1283e-01   1.7286e-01   3.4563e+02
20260913_21:00:00   7.2739e-01   1.4326e+02   2.3969e+01   5.3281e-01   1.1200e-01   3.4381e+02
20260913_22:00:00   4.5447e-01   1.0204e+02   2.3446e+01   2.3046e-01   4.7238e-02   3.4381e+02
20260913_23:00:00   3.4686e-01   8.2388e+01   2.3553e+01   1.0974e-01   4.9570e-02   3.4281e+02
20260914_00:00:00   3.3826e-01   8.0691e+01   2.3941e+01   9.7398e-02   1.2933e-01   3.4127e+02
20260914_01:00:00   3.3672e-01   8.0428e+01   2.4339e+01   9.2742e-02   1.4062e-01   3.3816e+02
20260914_02:00:00   4.8099e-01   1.0646e+02   2.4931e+01   2.4943e-01   2.2302e-01   3.3257e+02
20260914_03:00:00   7.0077e-01   1.3964e+02   2.5361e+01   4.9364e-01   1.4771e-01   3.2192e+02
20260914_04:00:00   4.0127e-01   9.2753e+01   2.4826e+01   1.6060e-01   9.9064e-03   3.0906e+02
20260914_05:00:00   2.5535e-01   6.4129e+01   2.3782e+01   3.9714e-03   6.8805e-03   3.0097e+02
20260914_06:00:00   2.4158e-01   6.1254e+01   2.2765e+01   0.0000e+00   3.2734e-02   3.0227e+02
20260914_07:00:00   2.3471e-01   5.9786e+01   2.2098e+01   0.0000e+00   5.0455e-02   3.0155e+02
20260914_08:00:00   2.2769e-01   5.8344e+01   2.1122e+01   0.0000e+00   1.5838e-04   3.0186e+02
20260914_09:00:00   2.1939e-01   5.6613e+01   1.9838e+01   0.0000e+00   2.9260e-05   2.9820e+02
20260914_10:00:00   2.1818e-01   5.6314e+01   1.9846e+01   0.0000e+00   2.8560e-06   2.9876e+02
20260914_11:00:00   2.1800e-01   5.6255e+01   2.0006e+01   0.0000e+00   0.0000e+00   3.0110e+02
20260914_12:00:00   2.1975e-01   5.6608e+01   2.0327e+01   0.0000e+00   0.0000e+00   3.0255e+02
20260914_13:00:00   2.2125e-01   5.6913e+01   2.0533e+01   0.0000e+00   0.0000e+00   2.9985e+02
20260914_14:00:00   2.2106e-01   5.6866e+01   2.0516e+01   0.0000e+00   0.0000e+00   2.9974e+02
20260914_15:00:00   2.2119e-01   5.6933e+01   2.0505e+01   0.0000e+00   2.5322e-05   3.0017e+02
20260914_16:00:00   2.1981e-01   5.6694e+01   2.0390e+01   0.0000e+00   2.3643e-03   2.9846e+02
20260914_17:00:00   2.1841e-01   5.6462e+01   2.0320e+01   0.0000e+00   2.9150e-03   2.9677e+02
20260914_18:00:00   2.1759e-01   5.6357e+01   2.0350e+01   7.8460e-06   1.2752e-03   2.9846e+02
20260914_19:00:00   2.1921e-01   5.6789e+01   2.0633e+01   0.0000e+00   3.9598e-04   3.0050e+02
20260914_20:00:00   2.2008e-01   5.7037e+01   2.0974e+01   0.0000e+00   2.5339e-03   3.0141e+02
20260914_21:00:00   2.2151e-01   5.7371e+01   2.1420e+01   0.0000e+00   1.2372e-02   3.0283e+02
20260914_22:00:00   2.2431e-01   5.7991e+01   2.1946e+01   0.0000e+00   1.0746e-02   3.0614e+02
20260914_23:00:00   2.2274e-01   5.7698e+01   2.1862e+01   0.0000e+00   3.1357e-03   3.0983e+02
20260915_00:00:00   2.2324e-01   5.7859e+01   2.1828e+01   0.0000e+00   3.0100e-03   3.0908e+02
20260915_01:00:00   2.2454e-01   5.8157e+01   2.1917e+01   0.0000e+00   5.4253e-03   3.0995e+02
20260915_02:00:00   2.2780e-01   5.8861e+01   2.2114e+01   0.0000e+00   1.8074e-03   3.1031e+02
20260915_03:00:00   2.3138e-01   5.9596e+01   2.2414e+01   0.0000e+00   2.8420e-06   3.0975e+02
20260915_04:00:00   2.3215e-01   5.9737e+01   2.2429e+01   0.0000e+00   6.2760e-06   3.1203e+02
20260915_05:00:00   2.3245e-01   5.9773e+01   2.2385e+01   4.2080e-05   0.0000e+00   3.1344e+02
20260915_06:00:00   2.4498e-01   6.2422e+01   2.2269e+01   1.4630e-02   1.9450e-04   3.1131e+02
20260915_07:00:00   2.6720e-01   6.7065e+01   2.2318e+01   3.9740e-02   5.8833e-04   3.0948e+02
20260915_08:00:00   2.9447e-01   7.2603e+01   2.2616e+01   6.8280e-02   1.6656e-03   3.0833e+02
20260915_09:00:00   2.8106e-01   6.9767e+01   2.3076e+01   4.9379e-02   2.3454e-02   3.0794e+02
20260915_10:00:00   2.4508e-01   6.2169e+01   2.3113e+01   8.5060e-03   7.3491e-02   3.1001e+02
20260915_11:00:00   2.3748e-01   6.0503e+01   2.3117e+01   1.0856e-04   4.3691e-02   3.1147e+02
20260915_12:00:00   2.3959e-01   6.0888e+01   2.3263e+01   0.0000e+00   1.1002e-01   3.1279e+02
20260915_13:00:00   2.4047e-01   6.1030e+01   2.3273e+01   0.0000e+00   1.6246e-01   3.1333e+02
20260915_14:00:00   2.4304e-01   6.1535e+01   2.3567e+01   0.0000e+00   1.8647e-01   3.1540e+02
20260915_15:00:00   2.4988e-01   6.2928e+01   2.4238e+01   1.7690e-04   1.8215e-01   3.1917e+02
20260915_16:00:00   2.5268e-01   6.3509e+01   2.4473e+01   1.2132e-05   2.9815e-01   3.2167e+02
20260915_17:00:00   2.5718e-01   6.4479e+01   2.4729e+01   1.7218e-03   2.2493e-01   3.2432e+02
20260915_18:00:00   2.8050e-01   6.9362e+01   2.4709e+01   2.8258e-02   1.5099e-01   3.2527e+02
20260915_19:00:00   3.4314e-01   8.1850e+01   2.4725e+01   9.8925e-02   1.0361e-01   3.2669e+02
20260915_20:00:00   4.2786e-01   9.7535e+01   2.4538e+01   1.9639e-01   6.2048e-02   3.2921e+02
20260915_21:00:00   4.2745e-01   9.7516e+01   2.4381e+01   1.9686e-01   3.2298e-02   3.3341e+02
20260915_22:00:00   4.4079e-01   9.9893e+01   2.3986e+01   2.1450e-01   8.2977e-03   3.3654e+02
20260915_23:00:00   3.9279e-01   9.1276e+01   2.3636e+01   1.6168e-01   7.8673e-03   3.3699e+02
20260916_00:00:00   4.2170e-01   9.6421e+01   2.3308e+01   1.9648e-01   5.0331e-03   3.3365e+02
20260916_01:00:00   3.6384e-01   8.5905e+01   2.3124e+01   1.3240e-01   2.8553e-03   3.3187e+02
20260916_02:00:00   3.2227e-01   7.7858e+01   2.2836e+01   8.7659e-02   4.3921e-03   3.3294e+02
20260916_03:00:00   3.0346e-01   7.4154e+01   2.2596e+01   6.8675e-02   2.4191e-03   3.3658e+02
20260916_04:00:00   2.6828e-01   6.7072e+01   2.2294e+01   3.1516e-02   4.6094e-04   3.3937e+02
20260916_05:00:00   2.4360e-01   6.1949e+01   2.1915e+01   7.0760e-03   8.0280e-05   3.3764e+02
20260916_06:00:00   2.3767e-01   6.0688e+01   2.1434e+01   4.6520e-03   1.9984e-05   3.3434e+02
20260916_07:00:00   2.2787e-01   5.8596e+01   2.0698e+01   4.1520e-04   4.5960e-06   3.3255e+02
20260916_08:00:00   2.2230e-01   5.7383e+01   2.0097e+01   0.0000e+00   4.0780e-06   3.3118e+02
20260916_09:00:00   2.1536e-01   5.5891e+01   1.9274e+01   0.0000e+00   1.9382e-06   3.2914e+02
20260916_10:00:00   2.1128e-01   5.4990e+01   1.8761e+01   0.0000e+00   0.0000e+00   3.2755e+02
20260916_11:00:00   2.0339e-01   5.3277e+01   1.7855e+01   0.0000e+00   0.0000e+00   3.2575e+02
20260916_12:00:00   2.0052e-01   5.2625e+01   1.7470e+01   0.0000e+00   0.0000e+00   3.2481e+02
20260916_13:00:00   1.9801e-01   5.2055e+01   1.7217e+01   0.0000e+00   0.0000e+00   3.2374e+02
20260916_14:00:00   1.9515e-01   5.1420e+01   1.6923e+01   0.0000e+00   0.0000e+00   3.2246e+02
20260916_15:00:00   1.9285e-01   5.0942e+01   1.6742e+01   0.0000e+00   0.0000e+00   3.2161e+02
20260916_16:00:00   1.8913e-01   5.0193e+01   1.6468e+01   0.0000e+00   0.0000e+00   3.2071e+02
20260916_17:00:00   1.8545e-01   4.9468e+01   1.6209e+01   0.0000e+00   0.0000e+00   3.1961e+02
20260916_18:00:00   1.8094e-01   4.8545e+01   1.5882e+01   0.0000e+00   0.0000e+00   3.1910e+02
20260916_19:00:00   1.7607e-01   4.7525e+01   1.5503e+01   0.0000e+00   0.0000e+00   3.1796e+02
20260916_20:00:00   1.7117e-01   4.6481e+01   1.5101e+01   0.0000e+00   0.0000e+00   3.1699e+02
20260916_21:00:00   1.6697e-01   4.5576e+01   1.4745e+01   0.0000e+00   0.0000e+00   3.1759e+02
20260916_22:00:00   1.6291e-01   4.4680e+01   1.4382e+01   0.0000e+00   0.0000e+00   3.1771e+02
20260916_23:00:00   1.5925e-01   4.3867e+01   1.4041e+01   0.0000e+00   0.0000e+00   3.1784e+02
20260917_00:00:00   1.5712e-01   4.3404e+01   1.3834e+01   0.0000e+00   0.0000e+00   3.1782e+02
20260917_01:00:00   1.5644e-01   4.3266e+01   1.3773e+01   0.0000e+00   0.0000e+00   3.1710e+02
20260917_02:00:00   1.5574e-01   4.3094e+01   1.3712e+01   0.0000e+00   0.0000e+00   3.1700e+02
20260917_03:00:00   1.5639e-01   4.3227e+01   1.3806e+01   0.0000e+00   0.0000e+00   3.1699e+02
20260917_04:00:00   1.5820e-01   4.3624e+01   1.4051e+01   0.0000e+00   0.0000e+00   3.1621e+02
20260917_05:00:00   1.5946e-01   4.3885e+01   1.4215e+01   0.0000e+00   0.0000e+00   3.1535e+02
20260917_06:00:00   1.5975e-01   4.3924e+01   1.4240e+01   0.0000e+00   0.0000e+00   3.1494e+02
20260917_07:00:00   1.5923e-01   4.3776e+01   1.4123e+01   0.0000e+00   0.0000e+00   3.1467e+02
20260917_08:00:00   1.5774e-01   4.3394e+01   1.3852e+01   0.0000e+00   0.0000e+00   3.1420e+02
20260917_09:00:00   1.5529e-01   4.2787e+01   1.3428e+01   0.0000e+00   0.0000e+00   3.1350e+02
20260917_10:00:00   1.5292e-01   4.2200e+01   1.3046e+01   0.0000e+00   0.0000e+00   3.1349e+02
20260917_11:00:00   1.5185e-01   4.1916e+01   1.2882e+01   0.0000e+00   0.0000e+00   3.1280e+02
20260917_12:00:00   1.5150e-01   4.1800e+01   1.2838e+01   0.0000e+00   0.0000e+00   3.1249e+02
20260917_13:00:00   1.5122e-01   4.1704e+01   1.2804e+01   0.0000e+00   0.0000e+00   3.1145e+02
20260917_14:00:00   1.5058e-01   4.1536e+01   1.2741e+01   0.0000e+00   0.0000e+00   3.1106e+02
20260917_15:00:00   1.5146e-01   4.1761e+01   1.2912e+01   0.0000e+00   0.0000e+00   3.1085e+02
20260917_16:00:00   1.5070e-01   4.1628e+01   1.3015e+01   0.0000e+00   0.0000e+00   3.1103e+02
20260917_17:00:00   1.4894e-01   4.1291e+01   1.3003e+01   0.0000e+00   0.0000e+00   3.1179e+02
20260917_18:00:00   1.4721e-01   4.0968e+01   1.2965e+01   0.0000e+00   0.0000e+00   3.1238e+02
20260917_19:00:00   1.4575e-01   4.0699e+01   1.2962e+01   0.0000e+00   0.0000e+00   3.1345e+02
20260917_20:00:00   1.4423e-01   4.0395e+01   1.2896e+01   0.0000e+00   0.0000e+00   3.1326e+02
20260917_21:00:00   1.4427e-01   4.0452e+01   1.3037e+01   0.0000e+00   0.0000e+00   3.1319e+02
20260917_22:00:00   1.4699e-01   4.1131e+01   1.3559e+01   0.0000e+00   6.4677e-06   3.1283e+02
20260917_23:00:00   1.4979e-01   4.1828e+01   1.4043e+01   0.0000e+00   1.5606e-05   3.1125e+02
20260918_00:00:00   1.5213e-01   4.2415e+01   1.4412e+01   0.0000e+00   1.1209e-04   3.0838e+02
20260918_01:00:00   1.5394e-01   4.2884e+01   1.4650e+01   0.0000e+00   1.0700e-04   3.0682e+02
20260918_02:00:00   1.5656e-01   4.3494e+01   1.5001e+01   0.0000e+00   1.9366e-04   3.0554e+02
20260918_03:00:00   1.6119e-01   4.4538e+01   1.5552e+01   0.0000e+00   0.0000e+00   3.0384e+02
20260918_04:00:00   1.6380e-01   4.5124e+01   1.5806e+01   0.0000e+00   0.0000e+00   3.0235e+02
20260918_05:00:00   1.6673e-01   4.5775e+01   1.6105e+01   0.0000e+00   0.0000e+00   3.0261e+02
20260918_06:00:00   1.6919e-01   4.6320e+01   1.6329e+01   0.0000e+00   0.0000e+00   3.0138e+02
20260918_07:00:00   1.7066e-01   4.6632e+01   1.6395e+01   0.0000e+00   0.0000e+00   3.0156e+02
20260918_08:00:00   1.7047e-01   4.6565e+01   1.6234e+01   0.0000e+00   0.0000e+00   3.0183e+02
20260918_09:00:00   1.7190e-01   4.6868e+01   1.6284e+01   0.0000e+00   0.0000e+00   3.0100e+02
20260918_10:00:00   1.7374e-01   4.7258e+01   1.6435e+01   0.0000e+00   0.0000e+00   2.9937e+02
20260918_11:00:00   1.7657e-01   4.7860e+01   1.6741e+01   0.0000e+00   0.0000e+00   2.9819e+02
20260918_12:00:00   1.7946e-01   4.8491e+01   1.7032e+01   0.0000e+00   0.0000e+00   2.9650e+02
20260918_13:00:00   1.8044e-01   4.8694e+01   1.7061e+01   0.0000e+00   0.0000e+00   2.9462e+02
20260918_14:00:00   1.8123e-01   4.8859e+01   1.7065e+01   0.0000e+00   0.0000e+00   2.9356e+02
20260918_15:00:00   1.8297e-01   4.9253e+01   1.7177e+01   0.0000e+00   0.0000e+00   2.9207e+02
20260918_16:00:00   1.8323e-01   4.9350e+01   1.7227e+01   0.0000e+00   0.0000e+00   2.9093e+02
20260918_17:00:00   1.8235e-01   4.9194e+01   1.7161e+01   0.0000e+00   0.0000e+00   2.9161e+02
20260918_18:00:00   1.8051e-01   4.8840e+01   1.7022e+01   0.0000e+00   0.0000e+00   2.9204e+02
20260918_21:00:00   1.6786e-01   4.6082e+01   1.5763e+01   0.0000e+00   0.0000e+00   2.8945e+02
20260919_00:00:00   1.5440e-01   4.2936e+01   1.4377e+01   0.0000e+00   0.0000e+00   2.8578e+02
20260919_03:00:00   1.6207e-01   4.4716e+01   1.5464e+01   0.0000e+00   0.0000e+00   2.8512e+02
20260919_06:00:00   1.7006e-01   4.6547e+01   1.6151e+01   0.0000e+00   0.0000e+00   2.8412e+02
20260919_09:00:00   1.7446e-01   4.7427e+01   1.6632e+01   0.0000e+00   0.0000e+00   2.8580e+02
20260919_12:00:00   1.7643e-01   4.7780e+01   1.6668e+01   0.0000e+00   0.0000e+00   2.8904e+02
20260919_15:00:00   1.7399e-01   4.7151e+01   1.6115e+01   0.0000e+00   0.0000e+00   2.9258e+02
20260919_18:00:00   1.6834e-01   4.6037e+01   1.5378e+01   0.0000e+00   1.8042e-04   2.9442e+02
20260919_21:00:00   1.6101e-01   4.4432e+01   1.4913e+01   0.0000e+00   1.1654e-03   2.9811e+02
20260920_00:00:00   1.6166e-01   4.4601e+01   1.5660e+01   0.0000e+00   8.7380e-04   2.9548e+02
20260920_03:00:00   1.6049e-01   4.4372e+01   1.5162e+01   0.0000e+00   0.0000e+00   2.9351e+02
20260920_06:00:00   1.6292e-01   4.4897e+01   1.5013e+01   0.0000e+00   0.0000e+00   2.9275e+02
20260920_09:00:00   1.6799e-01   4.5958e+01   1.5493e+01   0.0000e+00   0.0000e+00   2.8482e+02
20260920_12:00:00   1.6445e-01   4.5029e+01   1.4980e+01   0.0000e+00   0.0000e+00   2.8588e+02
20260920_15:00:00   1.6675e-01   4.5495e+01   1.5236e+01   0.0000e+00   0.0000e+00   2.8547e+02
20260920_18:00:00   1.6352e-01   4.4925e+01   1.4839e+01   0.0000e+00   0.0000e+00   2.8175e+02
20260920_21:00:00   1.5377e-01   4.2830e+01   1.3774e+01   0.0000e+00   0.0000e+00   2.8335e+02
20260921_00:00:00   1.4937e-01   4.1865e+01   1.3490e+01   0.0000e+00   7.8460e-06   2.8707e+02
20260921_03:00:00   1.5472e-01   4.3124e+01   1.4166e+01   0.0000e+00   7.3100e-05   2.8807e+02
20260921_06:00:00   1.5471e-01   4.3018e+01   1.3782e+01   0.0000e+00   1.8123e-03   2.9139e+02
20260921_09:00:00   1.5084e-01   4.1955e+01   1.2975e+01   0.0000e+00   3.1319e-03   2.8936e+02
20260921_12:00:00   1.5128e-01   4.1850e+01   1.3227e+01   0.0000e+00   5.5729e-03   2.8172e+02
20260921_15:00:00   1.5167e-01   4.1694e+01   1.3736e+01   0.0000e+00   9.9002e-03   2.8226e+02
20260921_18:00:00   1.4601e-01   4.0441e+01   1.3119e+01   0.0000e+00   3.6860e-04   2.8786e+02
20260921_21:00:00   1.3566e-01   3.8246e+01   1.1594e+01   0.0000e+00   0.0000e+00   2.9654e+02
20260922_00:00:00   1.3744e-01   3.8748e+01   1.2053e+01   0.0000e+00   0.0000e+00   3.0357e+02
20260922_03:00:00   1.3525e-01   3.8043e+01   1.1642e+01   0.0000e+00   7.9230e-03   3.1308e+02
20260922_06:00:00   1.2774e-01   3.5868e+01   1.0418e+01   0.0000e+00   1.8095e-03   3.1162e+02
20260922_09:00:00   1.3702e-01   3.7938e+01   1.1369e+01   0.0000e+00   3.7628e-03   3.0734e+02
20260922_12:00:00   1.5714e-01   4.2583e+01   1.3681e+01   0.0000e+00   3.5710e-03   3.0274e+02
20260922_15:00:00   1.5799e-01   4.2726e+01   1.3908e+01   0.0000e+00   4.9640e-04   2.9976e+02
20260922_18:00:00   1.4273e-01   3.9176e+01   1.2687e+01   0.0000e+00   1.8090e-05   2.9508e+02
20260922_21:00:00   1.3660e-01   3.7778e+01   1.2509e+01   0.0000e+00   5.1922e-04   2.9483e+02
20260923_00:00:00   1.4420e-01   3.9636e+01   1.4091e+01   0.0000e+00   1.8658e-03   2.9306e+02
20260923_03:00:00   1.5851e-01   4.3025e+01   1.6132e+01   0.0000e+00   8.1961e-04   2.9196e+02
20260923_06:00:00   1.6558e-01   4.4633e+01   1.7068e+01   0.0000e+00   0.0000e+00   2.8951e+02
20260923_09:00:00   1.6479e-01   4.4429e+01   1.6771e+01   0.0000e+00   2.0639e-04   2.8793e+02
20260923_12:00:00   1.5957e-01   4.3226e+01   1.5895e+01   0.0000e+00   2.1836e-04   2.8361e+02
20260923_15:00:00   1.5504e-01   4.2179e+01   1.5236e+01   0.0000e+00   1.9538e-04   2.8623e+02
20260923_18:00:00   1.4827e-01   4.0742e+01   1.4422e+01   0.0000e+00   0.0000e+00   2.8643e+02
20260923_21:00:00   1.4189e-01   3.9400e+01   1.3662e+01   0.0000e+00   0.0000e+00   2.8654e+02
20260924_00:00:00   1.3931e-01   3.8870e+01   1.3393e+01   0.0000e+00   0.0000e+00   2.8708e+02
20260924_03:00:00   1.3820e-01   3.8616e+01   1.3151e+01   0.0000e+00   0.0000e+00   2.8478e+02
20260924_06:00:00   1.3045e-01   3.6696e+01   1.1894e+01   0.0000e+00   0.0000e+00   2.8762e+02
20260924_09:00:00   1.2719e-01   3.5858e+01   1.1245e+01   0.0000e+00   0.0000e+00   2.8887e+02
20260924_12:00:00   1.3591e-01   3.7963e+01   1.2470e+01   0.0000e+00   0.0000e+00   2.9032e+02
20260924_15:00:00   1.4176e-01   3.9347e+01   1.3300e+01   0.0000e+00   0.0000e+00   2.9006e+02
20260924_18:00:00   1.4509e-01   4.0343e+01   1.3821e+01   0.0000e+00   4.4740e-04   2.9278e+02
20260924_21:00:00   1.5257e-01   4.2297e+01   1.5281e+01   0.0000e+00   3.5709e-03   2.9247e+02
20260925_00:00:00   1.6689e-01   4.5697e+01   1.7634e+01   0.0000e+00   4.7673e-04   2.9010e+02
20260925_03:00:00   1.8162e-01   4.8956e+01   1.9811e+01   0.0000e+00   2.3471e-03   2.8654e+02
20260925_06:00:00   1.9760e-01   5.2356e+01   2.1931e+01   0.0000e+00   8.3561e-02   2.8405e+02
20260925_09:00:00   2.1838e-01   5.7080e+01   2.4029e+01   0.0000e+00   7.4795e-02   2.8720e+02
20260925_12:00:00   2.5555e-01   6.4948e+01   2.6910e+01   1.2257e-02   8.0914e-02   2.8803e+02
20260925_15:00:00   7.2052e-01   1.4268e+02   2.8910e+01   5.1118e-01   3.4390e-01   2.8675e+02
20260925_18:00:00   9.5682e-01   1.7095e+02   3.4636e+01   6.9555e-01   7.9444e-01   2.8607e+02
20260925_21:00:00   3.9480e-01   9.2310e+01   3.2959e+01   6.7172e-02   7.9920e-01   2.8881e+02
20260926_00:00:00   3.1190e-01   7.6715e+01   3.0178e+01   8.0766e-04   1.9227e-02   2.8328e+02
20260926_03:00:00   3.9358e-01   9.2075e+01   3.0852e+01   8.5092e-02   1.0373e-01   2.8569e+02
20260926_06:00:00   4.1846e-01   9.6773e+01   2.7164e+01   1.4139e-01   4.2554e-03   2.8994e+02
20260926_09:00:00   2.6644e-01   6.7264e+01   2.3486e+01   4.5847e-03   1.2554e-05   3.0145e+02
20260926_12:00:00   2.3429e-01   6.0348e+01   1.8498e+01   1.7226e-02   0.0000e+00   3.0391e+02
20260926_15:00:00   2.2010e-01   5.7000e+01   1.7041e+01   1.5608e-02   0.0000e+00   3.0684e+02
20260926_18:00:00   1.8562e-01   4.9218e+01   1.4699e+01   6.0838e-03   6.6268e-03   3.1183e+02
20260926_21:00:00   1.6828e-01   4.5067e+01   1.4222e+01   0.0000e+00   1.5919e-01   3.1470e+02
20260927_00:00:00   1.6025e-01   4.2996e+01   1.4020e+01   0.0000e+00   5.2590e-02   3.2175e+02
20260927_03:00:00   1.5823e-01   4.2259e+01   1.3862e+01   1.9616e-05   1.2507e-01   3.3086e+02
20260927_06:00:00   1.5214e-01   4.0765e+01   1.2772e+01   0.0000e+00   3.5164e-02   3.2536e+02
20260927_09:00:00   1.5496e-01   4.1429e+01   1.2899e+01   0.0000e+00   5.8962e-04   3.1228e+02
20260927_12:00:00   1.5378e-01   4.1115e+01   1.2631e+01   0.0000e+00   1.5785e-02   3.0335e+02
20260927_15:00:00   1.6096e-01   4.2704e+01   1.3769e+01   0.0000e+00   2.3130e-02   2.9782e+02
20260927_18:00:00   1.6524e-01   4.3701e+01   1.4706e+01   0.0000e+00   1.6927e-01   2.9233e+02
20260927_21:00:00   1.8057e-01   4.7232e+01   1.6815e+01   0.0000e+00   9.4749e-02   2.9820e+02
20260928_00:00:00   1.8518e-01   4.8504e+01   1.7225e+01   0.0000e+00   1.3497e-02   3.0700e+02
20260928_03:00:00   1.9957e-01   5.1657e+01   1.8697e+01   0.0000e+00   8.9263e-02   3.1429e+02
20260928_06:00:00   1.9648e-01   5.0923e+01   1.8188e+01   0.0000e+00   3.6678e-02   3.1961e+02
20260928_09:00:00   2.0412e-01   5.2509e+01   1.8712e+01   0.0000e+00   1.2581e-01   3.1818e+02
20260928_12:00:00   2.0505e-01   5.2802e+01   1.8214e+01   0.0000e+00   1.6369e-02   3.2382e+02
20260928_15:00:00   1.8516e-01   4.8489e+01   1.5120e+01   0.0000e+00   9.3120e-06   3.1994e+02
20260928_18:00:00   1.7785e-01   4.6946e+01   1.4586e+01   0.0000e+00   2.1400e-06   3.2265e+02
20260928_21:00:00   1.6651e-01   4.4396e+01   1.3655e+01   2.1740e-03   8.2494e-04   3.1945e+02
20260929_00:00:00   1.5866e-01   4.2502e+01   1.2869e+01   3.8821e-03   2.7113e-02   3.2039e+02
20260929_03:00:00   1.4613e-01   3.9557e+01   1.1522e+01   0.0000e+00   5.7140e-07   3.1301e+02
20260929_06:00:00   1.4067e-01   3.8181e+01   1.0615e+01   0.0000e+00   0.0000e+00   3.1084e+02
20260929_09:00:00   1.4698e-01   3.9575e+01   1.1393e+01   0.0000e+00   2.8665e-03   3.0611e+02
20260929_12:00:00   1.5510e-01   4.1324e+01   1.2735e+01   0.0000e+00   6.7855e-03   2.9677e+02
20260929_15:00:00   1.6155e-01   4.2782e+01   1.3791e+01   0.0000e+00   1.8247e-03   2.8920e+02
20260929_18:00:00   1.6738e-01   4.4246e+01   1.4952e+01   0.0000e+00   7.5252e-04   2.8146e+02
