#            date       tau255        Tb[K]      pwv[mm] lwp[kg*m^-2] iwp[kg*m^-2]       o3[DU]
20260916_00:00:00   3.3516e-01   8.0370e+01   2.3509e+01   1.0271e-01   1.0787e-02   3.3344e+02
20260916_01:00:00   3.6768e-01   8.6581e+01   2.3702e+01   1.3646e-01   2.5365e-03   3.3064e+02
20260916_02:00:00   3.4534e-01   8.2305e+01   2.3672e+01   1.1015e-01   8.4171e-04   3.2816e+02
20260916_03:00:00   2.8575e-01   7.0527e+01   2.3481e+01   4.3623e-02   3.1383e-04   3.2875e+02
20260916_04:00:00   2.4358e-01   6.1811e+01   2.2973e+01   7.9260e-04   6.0009e-05   3.3308e+02
20260916_05:00:00   2.4084e-01   6.1227e+01   2.2658e+01   0.0000e+00   9.0980e-06   3.3562e+02
20260916_06:00:00   2.3803e-01   6.0648e+01   2.2239e+01   0.0000e+00   8.4554e-06   3.3424e+02
20260916_07:00:00   2.3384e-01   5.9793e+01   2.1717e+01   0.0000e+00   0.0000e+00   3.3198e+02
20260916_08:00:00   2.2677e-01   5.8324e+01   2.0846e+01   0.0000e+00   3.5620e-06   3.2794e+02
20260916_09:00:00   2.1970e-01   5.6835e+01   1.9933e+01   0.0000e+00   0.0000e+00   3.2125e+02
20260916_10:00:00   2.1506e-01   5.5837e+01   1.9347e+01   0.0000e+00   0.0000e+00   3.1679e+02
20260916_11:00:00   2.0982e-01   5.4695e+01   1.8689e+01   0.0000e+00   0.0000e+00   3.1644e+02
20260916_12:00:00   2.0306e-01   5.3218e+01   1.7843e+01   0.0000e+00   0.0000e+00   3.1659e+02
20260916_13:00:00   1.9748e-01   5.1980e+01   1.7127e+01   0.0000e+00   0.0000e+00   3.1603e+02
20260916_14:00:00   1.9242e-01   5.0843e+01   1.6523e+01   0.0000e+00   0.0000e+00   3.1634e+02
20260916_15:00:00   1.8838e-01   4.9984e+01   1.6133e+01   0.0000e+00   0.0000e+00   3.1604e+02
20260916_16:00:00   1.8512e-01   4.9326e+01   1.5919e+01   0.0000e+00   0.0000e+00   3.1439e+02
20260916_17:00:00   1.8111e-01   4.8512e+01   1.5613e+01   0.0000e+00   0.0000e+00   3.1390e+02
20260916_18:00:00   1.7706e-01   4.7685e+01   1.5357e+01   0.0000e+00   0.0000e+00   3.1208e+02
20260916_19:00:00   1.7135e-01   4.6451e+01   1.4924e+01   0.0000e+00   0.0000e+00   3.1072e+02
20260916_20:00:00   1.6598e-01   4.5258e+01   1.4482e+01   0.0000e+00   0.0000e+00   3.1055e+02
20260916_21:00:00   1.5995e-01   4.3901e+01   1.3918e+01   0.0000e+00   0.0000e+00   3.1115e+02
20260916_22:00:00   1.5517e-01   4.2817e+01   1.3453e+01   0.0000e+00   0.0000e+00   3.1152e+02
20260916_23:00:00   1.5152e-01   4.1989e+01   1.3086e+01   0.0000e+00   0.0000e+00   3.1205e+02
20260917_00:00:00   1.4926e-01   4.1484e+01   1.2847e+01   0.0000e+00   0.0000e+00   3.1216e+02
20260917_01:00:00   1.4849e-01   4.1326e+01   1.2741e+01   0.0000e+00   0.0000e+00   3.1107e+02
20260917_02:00:00   1.4785e-01   4.1177e+01   1.2669e+01   0.0000e+00   0.0000e+00   3.1369e+02
20260917_03:00:00   1.4889e-01   4.1400e+01   1.2802e+01   0.0000e+00   0.0000e+00   3.1507e+02
20260917_04:00:00   1.5070e-01   4.1792e+01   1.3058e+01   0.0000e+00   0.0000e+00   3.1497e+02
20260917_05:00:00   1.5220e-01   4.2100e+01   1.3256e+01   0.0000e+00   0.0000e+00   3.1471e+02
20260917_06:00:00   1.5124e-01   4.1835e+01   1.3107e+01   0.0000e+00   0.0000e+00   3.1712e+02
20260917_07:00:00   1.4862e-01   4.1180e+01   1.2721e+01   0.0000e+00   0.0000e+00   3.2106e+02
20260917_08:00:00   1.4720e-01   4.0812e+01   1.2480e+01   0.0000e+00   0.0000e+00   3.2183e+02
20260917_09:00:00   1.4659e-01   4.0646e+01   1.2338e+01   0.0000e+00   0.0000e+00   3.2116e+02
20260917_10:00:00   1.4579e-01   4.0414e+01   1.2194e+01   0.0000e+00   0.0000e+00   3.1927e+02
20260917_11:00:00   1.4498e-01   4.0188e+01   1.2066e+01   0.0000e+00   0.0000e+00   3.1785e+02
20260917_12:00:00   1.4437e-01   4.0011e+01   1.1987e+01   0.0000e+00   0.0000e+00   3.1733e+02
20260917_13:00:00   1.4329e-01   3.9734e+01   1.1833e+01   0.0000e+00   0.0000e+00   3.1699e+02
20260917_14:00:00   1.4207e-01   3.9427e+01   1.1671e+01   0.0000e+00   0.0000e+00   3.1704e+02
20260917_15:00:00   1.4252e-01   3.9554e+01   1.1743e+01   0.0000e+00   0.0000e+00   3.1733e+02
20260917_16:00:00   1.4121e-01   3.9305e+01   1.1653e+01   0.0000e+00   0.0000e+00   3.1749e+02
20260917_17:00:00   1.3902e-01   3.8860e+01   1.1483e+01   0.0000e+00   0.0000e+00   3.1690e+02
20260917_18:00:00   1.3717e-01   3.8487e+01   1.1398e+01   0.0000e+00   0.0000e+00   3.1717e+02
20260917_19:00:00   1.3507e-01   3.8034e+01   1.1314e+01   0.0000e+00   0.0000e+00   3.1861e+02
20260917_20:00:00   1.3194e-01   3.7313e+01   1.1065e+01   0.0000e+00   0.0000e+00   3.2016e+02
20260917_21:00:00   1.2981e-01   3.6820e+01   1.0916e+01   0.0000e+00   1.2934e-06   3.2076e+02
20260917_22:00:00   1.2939e-01   3.6748e+01   1.0979e+01   0.0000e+00   3.1760e-04   3.1989e+02
20260917_23:00:00   1.3010e-01   3.6953e+01   1.1162e+01   0.0000e+00   5.3675e-04   3.1760e+02
20260918_00:00:00   1.3254e-01   3.7571e+01   1.1552e+01   0.0000e+00   3.0119e-04   3.1475e+02
20260918_01:00:00   1.3772e-01   3.8844e+01   1.2252e+01   0.0000e+00   7.2620e-05   3.1215e+02
20260918_02:00:00   1.4036e-01   3.9469e+01   1.2579e+01   0.0000e+00   0.0000e+00   3.1050e+02
20260918_03:00:00   1.4345e-01   4.0217e+01   1.2913e+01   0.0000e+00   0.0000e+00   3.0946e+02
20260918_04:00:00   1.5083e-01   4.1949e+01   1.3818e+01   0.0000e+00   0.0000e+00   3.0864e+02
20260918_05:00:00   1.5471e-01   4.2843e+01   1.4255e+01   0.0000e+00   0.0000e+00   3.0840e+02
20260918_06:00:00   1.5549e-01   4.3011e+01   1.4315e+01   0.0000e+00   0.0000e+00   3.0886e+02
20260918_07:00:00   1.6004e-01   4.4033e+01   1.4858e+01   0.0000e+00   0.0000e+00   3.0833e+02
20260918_08:00:00   1.6531e-01   4.5207e+01   1.5539e+01   0.0000e+00   0.0000e+00   3.0920e+02
20260918_09:00:00   1.6950e-01   4.6127e+01   1.6075e+01   0.0000e+00   0.0000e+00   3.0693e+02
20260918_10:00:00   1.7214e-01   4.6689e+01   1.6376e+01   0.0000e+00   0.0000e+00   3.0621e+02
20260918_11:00:00   1.7421e-01   4.7130e+01   1.6585e+01   0.0000e+00   0.0000e+00   3.0476e+02
20260918_12:00:00   1.7551e-01   4.7396e+01   1.6665e+01   0.0000e+00   0.0000e+00   3.0099e+02
20260918_13:00:00   1.7541e-01   4.7341e+01   1.6549e+01   0.0000e+00   0.0000e+00   3.0088e+02
20260918_14:00:00   1.7543e-01   4.7320e+01   1.6471e+01   0.0000e+00   0.0000e+00   3.0043e+02
20260918_15:00:00   1.7746e-01   4.7767e+01   1.6668e+01   0.0000e+00   0.0000e+00   2.9921e+02
20260918_16:00:00   1.7808e-01   4.7934e+01   1.6744e+01   0.0000e+00   0.0000e+00   2.9831e+02
20260918_17:00:00   1.7769e-01   4.7903e+01   1.6712e+01   0.0000e+00   0.0000e+00   2.9963e+02
20260918_18:00:00   1.7749e-01   4.7930e+01   1.6712e+01   0.0000e+00   0.0000e+00   2.9923e+02
20260918_19:00:00   1.7820e-01   4.8175e+01   1.6839e+01   0.0000e+00   0.0000e+00   2.9800e+02
20260918_20:00:00   1.7957e-01   4.8570e+01   1.7066e+01   0.0000e+00   0.0000e+00   2.9811e+02
20260918_21:00:00   1.7863e-01   4.8431e+01   1.7023e+01   0.0000e+00   0.0000e+00   2.9829e+02
20260918_22:00:00   1.7579e-01   4.7841e+01   1.6738e+01   0.0000e+00   0.0000e+00   2.9822e+02
20260918_23:00:00   1.7229e-01   4.7057e+01   1.6371e+01   0.0000e+00   0.0000e+00   2.9685e+02
20260919_00:00:00   1.6777e-01   4.6013e+01   1.5854e+01   0.0000e+00   0.0000e+00   2.9454e+02
20260919_01:00:00   1.6274e-01   4.4835e+01   1.5232e+01   0.0000e+00   0.0000e+00   2.9380e+02
20260919_02:00:00   1.5839e-01   4.3772e+01   1.4717e+01   0.0000e+00   0.0000e+00   2.9484e+02
20260919_03:00:00   1.5752e-01   4.3530e+01   1.4620e+01   0.0000e+00   0.0000e+00   2.9326e+02
20260919_04:00:00   1.5916e-01   4.3883e+01   1.4812e+01   0.0000e+00   0.0000e+00   2.9218e+02
20260919_05:00:00   1.6038e-01   4.4122e+01   1.4944e+01   0.0000e+00   0.0000e+00   2.9115e+02
20260919_06:00:00   1.6375e-01   4.4864e+01   1.5319e+01   0.0000e+00   0.0000e+00   2.9153e+02
20260919_07:00:00   1.6682e-01   4.5537e+01   1.5651e+01   0.0000e+00   0.0000e+00   2.9190e+02
20260919_08:00:00   1.6815e-01   4.5818e+01   1.5785e+01   0.0000e+00   3.9240e-06   2.9194e+02
20260919_09:00:00   1.6962e-01   4.6129e+01   1.5930e+01   0.0000e+00   0.0000e+00   2.9291e+02
20260919_10:00:00   1.7060e-01   4.6331e+01   1.6006e+01   0.0000e+00   1.4587e-04   2.9400e+02
20260919_11:00:00   1.7043e-01   4.6272e+01   1.5938e+01   0.0000e+00   8.2740e-05   2.9410e+02
20260919_12:00:00   1.7025e-01   4.6213e+01   1.5825e+01   0.0000e+00   3.7199e-03   2.9454e+02
20260919_13:00:00   1.7093e-01   4.6354e+01   1.5835e+01   0.0000e+00   3.4092e-03   2.9364e+02
20260919_14:00:00   1.7263e-01   4.6719e+01   1.6024e+01   0.0000e+00   7.0837e-04   2.9265e+02
20260919_15:00:00   1.7482e-01   4.7218e+01   1.6297e+01   0.0000e+00   2.3696e-04   2.9155e+02
20260919_16:00:00   1.7577e-01   4.7475e+01   1.6456e+01   0.0000e+00   2.5002e-03   2.9006e+02
20260919_17:00:00   1.7550e-01   4.7465e+01   1.6446e+01   0.0000e+00   3.6459e-03   2.9017e+02
20260919_18:00:00   1.7542e-01   4.7508e+01   1.6476e+01   0.0000e+00   5.3500e-03   2.9244e+02
20260919_19:00:00   1.7540e-01   4.7569e+01   1.6545e+01   0.0000e+00   2.3022e-03   2.9234e+02
20260919_20:00:00   1.7342e-01   4.7175e+01   1.6401e+01   0.0000e+00   2.0720e-03   2.9309e+02
20260919_21:00:00   1.7137e-01   4.6761e+01   1.6275e+01   0.0000e+00   6.0420e-03   2.9775e+02
20260919_22:00:00   1.6985e-01   4.6457e+01   1.6165e+01   0.0000e+00   5.5893e-03   3.0176e+02
20260919_23:00:00   1.6931e-01   4.6388e+01   1.6133e+01   0.0000e+00   1.0880e-03   3.0139e+02
20260920_00:00:00   1.6981e-01   4.6545e+01   1.6218e+01   0.0000e+00   4.8460e-06   3.0276e+02
20260920_01:00:00   1.7125e-01   4.6905e+01   1.6427e+01   0.0000e+00   0.0000e+00   2.9953e+02
20260920_02:00:00   1.7186e-01   4.7046e+01   1.6496e+01   0.0000e+00   0.0000e+00   2.9465e+02
20260920_03:00:00   1.7294e-01   4.7286e+01   1.6536e+01   0.0000e+00   0.0000e+00   2.9413e+02
20260920_04:00:00   1.7366e-01   4.7433e+01   1.6512e+01   0.0000e+00   0.0000e+00   2.9397e+02
20260920_05:00:00   1.7461e-01   4.7630e+01   1.6530e+01   0.0000e+00   0.0000e+00   2.9450e+02
20260920_06:00:00   1.7515e-01   4.7726e+01   1.6507e+01   0.0000e+00   0.0000e+00   2.9369e+02
20260920_07:00:00   1.7483e-01   4.7625e+01   1.6385e+01   0.0000e+00   0.0000e+00   2.9347e+02
20260920_08:00:00   1.7399e-01   4.7400e+01   1.6180e+01   0.0000e+00   0.0000e+00   2.9257e+02
20260920_09:00:00   1.7312e-01   4.7159e+01   1.5997e+01   0.0000e+00   0.0000e+00   2.9206e+02
20260920_10:00:00   1.7312e-01   4.7128e+01   1.5898e+01   0.0000e+00   0.0000e+00   2.9123e+02
20260920_11:00:00   1.7318e-01   4.7118e+01   1.5819e+01   0.0000e+00   0.0000e+00   2.8999e+02
20260920_12:00:00   1.7317e-01   4.7094e+01   1.5731e+01   0.0000e+00   0.0000e+00   2.8840e+02
20260920_13:00:00   1.7325e-01   4.7089e+01   1.5648e+01   0.0000e+00   0.0000e+00   2.8795e+02
20260920_14:00:00   1.7324e-01   4.7054e+01   1.5585e+01   0.0000e+00   0.0000e+00   2.8885e+02
20260920_15:00:00   1.7339e-01   4.7084e+01   1.5552e+01   0.0000e+00   0.0000e+00   2.8970e+02
20260920_16:00:00   1.7240e-01   4.6905e+01   1.5415e+01   0.0000e+00   0.0000e+00   2.9164e+02
20260920_17:00:00   1.7138e-01   4.6739e+01   1.5296e+01   0.0000e+00   0.0000e+00   2.9199e+02
20260920_18:00:00   1.6962e-01   4.6401e+01   1.5165e+01   0.0000e+00   0.0000e+00   2.9102e+02
20260920_19:00:00   1.6717e-01   4.5895e+01   1.5003e+01   0.0000e+00   0.0000e+00   2.8991e+02
20260920_20:00:00   1.6442e-01   4.5307e+01   1.4851e+01   0.0000e+00   0.0000e+00   2.9056e+02
20260920_21:00:00   1.6174e-01   4.4717e+01   1.4705e+01   0.0000e+00   0.0000e+00   2.9190e+02
20260920_22:00:00   1.6084e-01   4.4542e+01   1.4779e+01   0.0000e+00   0.0000e+00   2.9397e+02
20260920_23:00:00   1.6144e-01   4.4706e+01   1.5053e+01   0.0000e+00   2.5860e-06   2.9453e+02
20260921_00:00:00   1.6283e-01   4.5067e+01   1.5350e+01   0.0000e+00   0.0000e+00   2.9292e+02
20260921_03:00:00   1.6517e-01   4.5570e+01   1.5638e+01   0.0000e+00   3.7539e-03   2.8813e+02
20260921_06:00:00   1.5924e-01   4.3986e+01   1.4625e+01   0.0000e+00   7.1038e-03   2.8657e+02
20260921_09:00:00   1.5959e-01   4.3742e+01   1.4820e+01   0.0000e+00   2.1915e-02   2.9148e+02
20260921_12:00:00   1.6255e-01   4.4388e+01   1.4783e+01   0.0000e+00   5.3021e-04   2.8977e+02
20260921_15:00:00   1.5561e-01   4.2688e+01   1.3185e+01   0.0000e+00   0.0000e+00   3.0199e+02
20260921_18:00:00   1.5821e-01   4.3311e+01   1.3748e+01   0.0000e+00   0.0000e+00   3.1433e+02
20260921_21:00:00   1.2372e-01   3.4677e+01   9.5147e+00   0.0000e+00   4.4460e-05   3.3715e+02
20260922_00:00:00   1.1589e-01   3.2655e+01   8.2389e+00   0.0000e+00   0.0000e+00   3.4266e+02
20260922_03:00:00   1.3278e-01   3.6723e+01   9.8881e+00   0.0000e+00   0.0000e+00   3.4228e+02
20260922_06:00:00   1.4838e-01   4.0264e+01   1.1678e+01   0.0000e+00   0.0000e+00   3.2526e+02
20260922_09:00:00   1.4763e-01   4.0060e+01   1.1518e+01   0.0000e+00   2.5864e-06   3.1459e+02
20260922_12:00:00   1.4089e-01   3.8392e+01   1.0939e+01   0.0000e+00   0.0000e+00   3.0914e+02
20260922_15:00:00   1.3873e-01   3.7798e+01   1.1166e+01   0.0000e+00   7.7600e-06   3.0752e+02
20260922_18:00:00   1.4803e-01   4.0064e+01   1.3545e+01   0.0000e+00   8.8860e-04   3.0516e+02
20260922_21:00:00   1.6785e-01   4.4843e+01   1.6691e+01   0.0000e+00   0.0000e+00   3.0453e+02
20260923_00:00:00   1.7720e-01   4.7204e+01   1.8168e+01   0.0000e+00   1.9614e-03   3.0158e+02
20260923_03:00:00   1.9123e-01   5.0513e+01   2.0007e+01   0.0000e+00   2.0015e-03   2.9570e+02
20260923_06:00:00   2.0467e-01   5.3677e+01   2.1290e+01   0.0000e+00   3.5343e-05   2.8663e+02
20260923_09:00:00   2.1879e-01   5.6926e+01   2.2990e+01   0.0000e+00   2.2240e-04   2.8407e+02
20260923_12:00:00   2.2478e-01   5.8241e+01   2.3584e+01   0.0000e+00   1.2435e-03   2.8215e+02
20260923_15:00:00   2.3085e-01   5.9636e+01   2.4232e+01   0.0000e+00   3.8022e-03   2.8266e+02
20260923_18:00:00   2.2025e-01   5.7534e+01   2.2824e+01   0.0000e+00   2.3256e-05   2.8279e+02
20260923_21:00:00   2.0963e-01   5.5558e+01   2.1392e+01   0.0000e+00   5.7042e-03   2.8210e+02
20260924_00:00:00   2.0272e-01   5.4207e+01   2.0507e+01   0.0000e+00   1.7562e-03   2.7963e+02
20260924_03:00:00   1.9490e-01   5.2473e+01   1.9397e+01   0.0000e+00   2.4961e-04   2.7713e+02
20260924_06:00:00   1.9367e-01   5.2139e+01   1.9274e+01   0.0000e+00   5.5611e-04   2.7764e+02
20260924_09:00:00   1.9493e-01   5.2348e+01   1.9441e+01   0.0000e+00   0.0000e+00   2.7834e+02
20260924_12:00:00   1.9701e-01   5.2713e+01   1.9811e+01   0.0000e+00   0.0000e+00   2.8034e+02
20260924_15:00:00   1.9454e-01   5.2086e+01   1.9512e+01   0.0000e+00   0.0000e+00   2.8210e+02
20260924_18:00:00   1.8792e-01   5.0790e+01   1.8825e+01   0.0000e+00   0.0000e+00   2.8462e+02
20260924_21:00:00   1.8616e-01   5.0593e+01   1.9110e+01   0.0000e+00   0.0000e+00   2.8600e+02
20260925_00:00:00   1.8431e-01   5.0271e+01   1.9075e+01   0.0000e+00   0.0000e+00   2.8592e+02
20260925_03:00:00   1.8296e-01   4.9929e+01   1.8878e+01   0.0000e+00   0.0000e+00   2.8605e+02
20260925_06:00:00   1.8339e-01   4.9940e+01   1.8653e+01   0.0000e+00   0.0000e+00   2.8886e+02
20260925_09:00:00   1.8947e-01   5.1257e+01   1.9169e+01   0.0000e+00   0.0000e+00   2.8444e+02
20260925_12:00:00   1.9284e-01   5.1897e+01   1.9564e+01   0.0000e+00   6.8234e-03   2.8214e+02
20260925_15:00:00   1.9612e-01   5.2528e+01   2.0025e+01   0.0000e+00   4.8234e-04   2.8263e+02
20260925_18:00:00   1.9635e-01   5.2698e+01   2.0364e+01   0.0000e+00   0.0000e+00   2.8496e+02
20260925_21:00:00   1.8816e-01   5.0990e+01   1.9704e+01   0.0000e+00   4.5360e-04   2.8935e+02
20260926_00:00:00   1.8187e-01   4.9658e+01   1.9003e+01   0.0000e+00   2.6181e-03   2.9441e+02
20260926_03:00:00   1.8690e-01   5.0746e+01   1.9349e+01   0.0000e+00   9.7517e-04   2.9375e+02
20260926_06:00:00   1.9233e-01   5.1650e+01   2.0241e+01   0.0000e+00   5.5350e-03   2.8832e+02
20260926_09:00:00   1.9713e-01   5.2270e+01   2.0972e+01   0.0000e+00   7.0147e-02   2.8887e+02
20260926_12:00:00   2.1446e-01   5.6049e+01   2.2803e+01   0.0000e+00   5.8281e-02   2.9052e+02
20260926_15:00:00   2.0431e-01   5.3865e+01   2.0742e+01   0.0000e+00   4.2933e-02   2.9272e+02
20260926_18:00:00   2.2297e-01   5.8059e+01   2.3147e+01   0.0000e+00   1.2373e-02   2.9053e+02
20260926_21:00:00   2.4033e-01   6.1744e+01   2.5060e+01   1.3496e-03   2.3007e-01   2.9238e+02
20260927_00:00:00   2.1913e-01   5.6798e+01   2.2409e+01   0.0000e+00   1.6427e-01   3.0407e+02
20260927_03:00:00   1.6837e-01   4.5389e+01   1.4047e+01   0.0000e+00   8.0050e-04   3.1669e+02
20260927_06:00:00   1.4296e-01   3.9107e+01   1.0321e+01   0.0000e+00   0.0000e+00   3.1312e+02
20260927_09:00:00   1.3980e-01   3.7988e+01   1.0199e+01   0.0000e+00   0.0000e+00   3.1174e+02
20260927_12:00:00   1.2988e-01   3.5461e+01   9.0548e+00   0.0000e+00   0.0000e+00   3.1548e+02
20260927_15:00:00   1.2590e-01   3.4462e+01   8.4281e+00   0.0000e+00   0.0000e+00   3.2076e+02
20260927_18:00:00   1.2774e-01   3.5023e+01   8.7654e+00   0.0000e+00   0.0000e+00   3.2695e+02
20260927_21:00:00   1.3232e-01   3.6213e+01   9.6626e+00   0.0000e+00   8.6735e-06   3.2766e+02
20260928_00:00:00   1.3069e-01   3.5730e+01   9.6370e+00   0.0000e+00   4.4926e-03   3.2756e+02
20260928_03:00:00   1.4075e-01   3.8003e+01   1.0518e+01   0.0000e+00   6.8876e-03   3.2548e+02
20260928_06:00:00   1.3048e-01   3.5558e+01   8.8908e+00   0.0000e+00   0.0000e+00   3.2352e+02
20260928_09:00:00   1.2454e-01   3.4129e+01   7.8757e+00   0.0000e+00   0.0000e+00   3.2569e+02
20260928_12:00:00   1.1432e-01   3.1625e+01   6.6053e+00   0.0000e+00   0.0000e+00   3.2323e+02
20260928_15:00:00   1.0974e-01   3.0483e+01   6.1032e+00   0.0000e+00   0.0000e+00   3.2420e+02
20260928_18:00:00   1.0851e-01   3.0341e+01   6.1924e+00   0.0000e+00   0.0000e+00   3.2106e+02
20260928_21:00:00   1.0560e-01   2.9748e+01   6.0966e+00   0.0000e+00   0.0000e+00   3.2071e+02
20260929_00:00:00   1.0017e-01   2.8450e+01   5.5738e+00   0.0000e+00   0.0000e+00   3.2450e+02
20260929_03:00:00   1.0105e-01   2.8645e+01   5.6141e+00   0.0000e+00   0.0000e+00   3.2623e+02
20260929_06:00:00   1.0155e-01   2.8706e+01   5.5731e+00   0.0000e+00   0.0000e+00   3.2671e+02
20260929_09:00:00   1.1186e-01   3.1170e+01   6.9185e+00   0.0000e+00   0.0000e+00   3.2290e+02
20260929_12:00:00   1.1096e-01   3.0944e+01   6.7190e+00   0.0000e+00   0.0000e+00   3.2313e+02
20260929_15:00:00   1.0820e-01   3.0263e+01   6.3197e+00   0.0000e+00   0.0000e+00   3.2355e+02
20260929_18:00:00   1.0648e-01   2.9992e+01   6.3038e+00   0.0000e+00   0.0000e+00   3.2516e+02
20260929_21:00:00   1.0085e-01   2.8719e+01   5.8438e+00   0.0000e+00   0.0000e+00   3.2474e+02
20260930_00:00:00   9.9989e-02   2.8551e+01   5.8754e+00   0.0000e+00   0.0000e+00   3.2784e+02
20260930_03:00:00   1.0002e-01   2.8533e+01   5.8338e+00   0.0000e+00   0.0000e+00   3.3044e+02
20260930_06:00:00   1.0187e-01   2.8953e+01   5.9841e+00   0.0000e+00   0.0000e+00   3.2964e+02
20260930_09:00:00   1.0304e-01   2.9202e+01   6.0545e+00   0.0000e+00   0.0000e+00   3.2735e+02
20260930_12:00:00   1.0409e-01   2.9430e+01   6.1702e+00   0.0000e+00   0.0000e+00   3.2171e+02
20260930_15:00:00   1.0505e-01   2.9644e+01   6.3546e+00   0.0000e+00   8.6660e-05   3.1724e+02
20260930_18:00:00   1.0520e-01   2.9784e+01   6.5840e+00   0.0000e+00   1.9106e-03   3.1508e+02
20260930_21:00:00   1.0222e-01   2.9179e+01   6.3381e+00   0.0000e+00   5.3224e-03   3.1158e+02
20261001_00:00:00   1.0053e-01   2.8791e+01   6.1855e+00   0.0000e+00   2.2981e-02   3.0836e+02
20261001_03:00:00   9.7607e-02   2.8064e+01   5.6281e+00   0.0000e+00   3.0856e-03   3.1600e+02
20261001_06:00:00   9.9904e-02   2.8554e+01   5.9191e+00   0.0000e+00   0.0000e+00   3.1762e+02
20261001_09:00:00   1.0023e-01   2.8585e+01   5.8248e+00   0.0000e+00   3.9598e-05   3.1547e+02
20261001_12:00:00   1.0032e-01   2.8570e+01   5.8364e+00   0.0000e+00   1.5584e-04   3.1566e+02
20261001_15:00:00   1.0318e-01   2.9279e+01   6.2550e+00   0.0000e+00   0.0000e+00   3.1324e+02
20261001_18:00:00   1.0383e-01   2.9583e+01   6.5349e+00   0.0000e+00   0.0000e+00   3.0789e+02
20261001_21:00:00   1.0278e-01   2.9465e+01   6.7114e+00   0.0000e+00   2.2020e-03   3.0661e+02
20261002_00:00:00   1.0585e-01   3.0222e+01   7.5681e+00   0.0000e+00   2.4834e-02   3.0331e+02
