#            date       tau255        Tb[K]      pwv[mm] lwp[kg*m^-2] iwp[kg*m^-2]       o3[DU]
20260904_00:00:00   1.9080e-01   5.0041e+01   1.5780e+01   1.6136e-02   4.4097e-03   3.6364e+02
20260904_01:00:00   1.8159e-01   4.8019e+01   1.5771e+01   5.4397e-03   1.9070e-03   3.6369e+02
20260904_02:00:00   1.9548e-01   5.1143e+01   1.5861e+01   1.8612e-02   1.0163e-03   3.6358e+02
20260904_03:00:00   2.2806e-01   5.8166e+01   1.6164e+01   5.0864e-02   3.5420e-03   3.6409e+02
20260904_04:00:00   2.4999e-01   6.2711e+01   1.6347e+01   7.3981e-02   1.1216e-02   3.6358e+02
20260904_05:00:00   2.0744e-01   5.3683e+01   1.6239e+01   2.7823e-02   6.5416e-03   3.6194e+02
20260904_06:00:00   1.8470e-01   4.8668e+01   1.6332e+01   1.5938e-03   2.1123e-03   3.6183e+02
20260904_07:00:00   1.8569e-01   4.8840e+01   1.6647e+01   9.0540e-06   1.5905e-02   3.6198e+02
20260904_08:00:00   1.8813e-01   4.9348e+01   1.6875e+01   0.0000e+00   5.2788e-03   3.6425e+02
20260904_09:00:00   1.9174e-01   5.0089e+01   1.7229e+01   0.0000e+00   7.5946e-02   3.6446e+02
20260904_10:00:00   1.9411e-01   5.0588e+01   1.7449e+01   0.0000e+00   6.9261e-02   3.6472e+02
20260904_11:00:00   1.9583e-01   5.0914e+01   1.7643e+01   0.0000e+00   1.5387e-01   3.6549e+02
20260904_12:00:00   1.9734e-01   5.1236e+01   1.7787e+01   1.5392e-04   6.3256e-02   3.6614e+02
20260904_13:00:00   1.9784e-01   5.1344e+01   1.7701e+01   2.6640e-04   8.6452e-02   3.6599e+02
20260904_14:00:00   2.0155e-01   5.2160e+01   1.7638e+01   3.3837e-03   8.7763e-03   3.6709e+02
20260904_15:00:00   2.0462e-01   5.2840e+01   1.7838e+01   3.6318e-03   4.7205e-03   3.6722e+02
20260904_16:00:00   2.0628e-01   5.3249e+01   1.7707e+01   6.5920e-03   4.9312e-03   3.6640e+02
20260904_17:00:00   1.9813e-01   5.1546e+01   1.7321e+01   2.2500e-03   2.6874e-04   3.6620e+02
20260904_18:00:00   1.9295e-01   5.0472e+01   1.7121e+01   0.0000e+00   4.2402e-05   3.6609e+02
20260904_19:00:00   1.9558e-01   5.1082e+01   1.7323e+01   2.6179e-03   1.5251e-03   3.6597e+02
20260904_20:00:00   2.1894e-01   5.6146e+01   1.7426e+01   3.0121e-02   8.9956e-04   3.6683e+02
20260904_21:00:00   2.1056e-01   5.4374e+01   1.6925e+01   2.7194e-02   7.1270e-04   3.6995e+02
20260904_22:00:00   2.3575e-01   5.9746e+01   1.7133e+01   5.4279e-02   4.4741e-03   3.7230e+02
20260904_23:00:00   2.3609e-01   5.9828e+01   1.7410e+01   5.1767e-02   2.3218e-02   3.7338e+02
20260905_00:00:00   2.0341e-01   5.2921e+01   1.7427e+01   1.4804e-02   8.0964e-03   3.7315e+02
20260905_01:00:00   2.0225e-01   5.2723e+01   1.7214e+01   1.5700e-02   1.5177e-04   3.7211e+02
20260905_02:00:00   2.0911e-01   5.4231e+01   1.7076e+01   2.4380e-02   1.7613e-04   3.7030e+02
20260905_03:00:00   2.0988e-01   5.4379e+01   1.6958e+01   2.5700e-02   3.5226e-04   3.6845e+02
20260905_04:00:00   2.0860e-01   5.4087e+01   1.6990e+01   2.3400e-02   3.4514e-04   3.6693e+02
20260905_05:00:00   1.9350e-01   5.0760e+01   1.6962e+01   6.0220e-03   1.9138e-04   3.6592e+02
20260905_06:00:00   1.9037e-01   5.0041e+01   1.7115e+01   4.6300e-04   6.6480e-05   3.6495e+02
20260905_07:00:00   1.9064e-01   5.0067e+01   1.7140e+01   0.0000e+00   1.2090e-04   3.6471e+02
20260905_08:00:00   1.8933e-01   4.9762e+01   1.6938e+01   0.0000e+00   2.3160e-05   3.6441e+02
20260905_09:00:00   1.8808e-01   4.9476e+01   1.6726e+01   0.0000e+00   3.5620e-06   3.6279e+02
20260905_10:00:00   1.8728e-01   4.9284e+01   1.6574e+01   0.0000e+00   1.1770e-05   3.6160e+02
20260905_11:00:00   1.9009e-01   4.9860e+01   1.6845e+01   0.0000e+00   5.1460e-05   3.6075e+02
20260905_12:00:00   1.9026e-01   4.9861e+01   1.6807e+01   0.0000e+00   8.1067e-05   3.6048e+02
20260905_13:00:00   1.8883e-01   4.9523e+01   1.6597e+01   0.0000e+00   2.9752e-04   3.6115e+02
20260905_14:00:00   1.8757e-01   4.9234e+01   1.6411e+01   0.0000e+00   5.1625e-04   3.6241e+02
20260905_15:00:00   1.8758e-01   4.9261e+01   1.6473e+01   0.0000e+00   2.3289e-05   3.6235e+02
20260905_16:00:00   1.8628e-01   4.9015e+01   1.6493e+01   0.0000e+00   1.0314e-03   3.6147e+02
20260905_17:00:00   1.8155e-01   4.8030e+01   1.6115e+01   0.0000e+00   2.4436e-03   3.5977e+02
20260905_18:00:00   1.7763e-01   4.7187e+01   1.5832e+01   0.0000e+00   5.4910e-03   3.6018e+02
20260905_19:00:00   1.7701e-01   4.7060e+01   1.5896e+01   0.0000e+00   3.0159e-03   3.6013e+02
20260905_20:00:00   1.7198e-01   4.5917e+01   1.5469e+01   0.0000e+00   9.7942e-03   3.5879e+02
20260905_21:00:00   1.7106e-01   4.5696e+01   1.5378e+01   8.7560e-04   1.8008e-02   3.5949e+02
20260905_22:00:00   1.7256e-01   4.6027e+01   1.5500e+01   2.4346e-03   1.9053e-02   3.5903e+02
20260905_23:00:00   1.8414e-01   4.8678e+01   1.6426e+01   6.3587e-03   1.7827e-02   3.5844e+02
20260906_00:00:00   1.9531e-01   5.1300e+01   1.7816e+01   4.3726e-03   1.7187e-02   3.5721e+02
20260906_01:00:00   2.0609e-01   5.3783e+01   1.8973e+01   2.6740e-03   4.5630e-03   3.5671e+02
20260906_02:00:00   2.1804e-01   5.6323e+01   2.0026e+01   4.4840e-03   1.3098e-02   3.5807e+02
20260906_03:00:00   2.1633e-01   5.5937e+01   1.9794e+01   4.1273e-03   2.9010e-03   3.5687e+02
20260906_04:00:00   2.1455e-01   5.5558e+01   1.9548e+01   3.0784e-03   1.1004e-03   3.5512e+02
20260906_05:00:00   2.1377e-01   5.5410e+01   1.9505e+01   6.6000e-04   8.1350e-04   3.5597e+02
20260906_06:00:00   2.1195e-01   5.5045e+01   1.9187e+01   0.0000e+00   1.1108e-04   3.5596e+02
20260906_07:00:00   2.1403e-01   5.5498e+01   1.9204e+01   0.0000e+00   0.0000e+00   3.5619e+02
20260906_08:00:00   2.1701e-01   5.6125e+01   1.9351e+01   0.0000e+00   7.8398e-04   3.5682e+02
20260906_09:00:00   2.1668e-01   5.6021e+01   1.9229e+01   0.0000e+00   2.6223e-03   3.5723e+02
20260906_10:00:00   2.1560e-01   5.5763e+01   1.9088e+01   0.0000e+00   7.3281e-04   3.5793e+02
20260906_11:00:00   2.1777e-01   5.6201e+01   1.9354e+01   0.0000e+00   3.3278e-03   3.5698e+02
20260906_12:00:00   2.1558e-01   5.5698e+01   1.9183e+01   0.0000e+00   3.8095e-03   3.5620e+02
20260906_13:00:00   2.1319e-01   5.5141e+01   1.9035e+01   0.0000e+00   3.6389e-03   3.5451e+02
20260906_14:00:00   2.1120e-01   5.4677e+01   1.8908e+01   0.0000e+00   9.6461e-03   3.5387e+02
20260906_15:00:00   2.0880e-01   5.4169e+01   1.8867e+01   0.0000e+00   1.7728e-02   3.5241e+02
20260906_16:00:00   2.0831e-01   5.4113e+01   1.9061e+01   0.0000e+00   1.2716e-02   3.4970e+02
20260906_17:00:00   2.0561e-01   5.3593e+01   1.9085e+01   0.0000e+00   1.7692e-03   3.4665e+02
20260906_18:00:00   2.0247e-01   5.2973e+01   1.9077e+01   0.0000e+00   2.7022e-04   3.4547e+02
20260906_19:00:00   1.9942e-01   5.2347e+01   1.9049e+01   0.0000e+00   4.5344e-04   3.4510e+02
20260906_20:00:00   1.9757e-01   5.1937e+01   1.9190e+01   0.0000e+00   1.4179e-02   3.4552e+02
20260906_21:00:00   1.9521e-01   5.1416e+01   1.9214e+01   0.0000e+00   1.3705e-02   3.4565e+02
20260906_22:00:00   1.9179e-01   5.0647e+01   1.9022e+01   0.0000e+00   5.3524e-02   3.4455e+02
20260906_23:00:00   1.9451e-01   5.1238e+01   1.9465e+01   0.0000e+00   1.1076e-01   3.4412e+02
20260907_00:00:00   1.9611e-01   5.1567e+01   1.9664e+01   0.0000e+00   1.6263e-01   3.4333e+02
20260907_01:00:00   2.1064e-01   5.4694e+01   1.9626e+01   1.8054e-02   6.0787e-02   3.4435e+02
20260907_02:00:00   2.7639e-01   6.8297e+01   2.0116e+01   8.6160e-02   6.5540e-02   3.4482e+02
20260907_03:00:00   2.2619e-01   5.8078e+01   2.0521e+01   2.5661e-02   6.0044e-02   3.4527e+02
20260907_04:00:00   2.0685e-01   5.3983e+01   2.0412e+01   4.9960e-03   3.1617e-02   3.4509e+02
20260907_05:00:00   2.3836e-01   6.0712e+01   2.0250e+01   4.0780e-02   2.0700e-02   3.4508e+02
20260907_06:00:00   2.1052e-01   5.4791e+01   2.0324e+01   8.5940e-03   3.3666e-03   3.4476e+02
20260907_07:00:00   2.0451e-01   5.3465e+01   2.0387e+01   7.8960e-04   1.2504e-02   3.4556e+02
20260907_08:00:00   2.0373e-01   5.3282e+01   2.0339e+01   9.1820e-05   1.7723e-02   3.4619e+02
20260907_09:00:00   2.0383e-01   5.3297e+01   2.0299e+01   1.3900e-05   2.9983e-02   3.4732e+02
20260907_10:00:00   2.0281e-01   5.3062e+01   2.0111e+01   0.0000e+00   2.8295e-02   3.4724e+02
20260907_11:00:00   2.0275e-01   5.3041e+01   2.0047e+01   0.0000e+00   2.5019e-02   3.4710e+02
20260907_12:00:00   2.0238e-01   5.2943e+01   1.9940e+01   0.0000e+00   2.6510e-02   3.4605e+02
20260907_13:00:00   2.0193e-01   5.2830e+01   1.9816e+01   0.0000e+00   2.3016e-02   3.4434e+02
20260907_14:00:00   2.0255e-01   5.2957e+01   1.9829e+01   0.0000e+00   1.2919e-02   3.4424e+02
20260907_15:00:00   2.0143e-01   5.2760e+01   1.9640e+01   0.0000e+00   1.3396e-03   3.4508e+02
20260907_16:00:00   1.9856e-01   5.2203e+01   1.9280e+01   0.0000e+00   7.3391e-04   3.4646e+02
20260907_17:00:00   1.9623e-01   5.1788e+01   1.9021e+01   0.0000e+00   6.1476e-04   3.4760e+02
20260907_18:00:00   1.9361e-01   5.1323e+01   1.8706e+01   0.0000e+00   1.2708e-04   3.4790e+02
20260907_19:00:00   1.9106e-01   5.0883e+01   1.8385e+01   0.0000e+00   1.2934e-06   3.4708e+02
20260907_20:00:00   1.9050e-01   5.0865e+01   1.8324e+01   1.4908e-04   4.0800e-05   3.4542e+02
20260907_21:00:00   1.9076e-01   5.0982e+01   1.8433e+01   0.0000e+00   2.6680e-04   3.4043e+02
20260907_22:00:00   1.9233e-01   5.1385e+01   1.8645e+01   6.8620e-04   1.0264e-03   3.3433e+02
20260907_23:00:00   1.9402e-01   5.1789e+01   1.8895e+01   9.2820e-04   7.0944e-03   3.2969e+02
20260908_00:00:00   2.0380e-01   5.3932e+01   1.9094e+01   1.0662e-02   1.3193e-02   3.2669e+02
20260908_01:00:00   2.1912e-01   5.7220e+01   1.9354e+01   2.6495e-02   2.0041e-02   3.2538e+02
20260908_02:00:00   1.9945e-01   5.2898e+01   1.9574e+01   3.9305e-03   1.2392e-02   3.2104e+02
20260908_03:00:00   2.0367e-01   5.3772e+01   2.0030e+01   5.8349e-03   3.0696e-03   3.1811e+02
20260908_04:00:00   2.1834e-01   5.6938e+01   2.0378e+01   1.9242e-02   1.3626e-03   3.1843e+02
20260908_05:00:00   2.1396e-01   5.5984e+01   2.0360e+01   1.3814e-02   2.1860e-04   3.1925e+02
20260908_06:00:00   2.0361e-01   5.3701e+01   2.0047e+01   3.9260e-03   7.7640e-05   3.1912e+02
20260908_07:00:00   2.0081e-01   5.3061e+01   1.9991e+01   0.0000e+00   0.0000e+00   3.1870e+02
20260908_08:00:00   2.0239e-01   5.3379e+01   2.0027e+01   0.0000e+00   0.0000e+00   3.1914e+02
20260908_09:00:00   2.0273e-01   5.3426e+01   1.9926e+01   0.0000e+00   0.0000e+00   3.2051e+02
20260908_10:00:00   2.0014e-01   5.2834e+01   1.9493e+01   0.0000e+00   0.0000e+00   3.2241e+02
20260908_11:00:00   1.9677e-01   5.2051e+01   1.9026e+01   0.0000e+00   7.1040e-06   3.2395e+02
20260908_12:00:00   1.9743e-01   5.2159e+01   1.9058e+01   0.0000e+00   2.1258e-03   3.2402e+02
20260908_13:00:00   1.9681e-01   5.1980e+01   1.8930e+01   0.0000e+00   2.6253e-03   3.2243e+02
20260908_14:00:00   1.9846e-01   5.2318e+01   1.9113e+01   0.0000e+00   4.9233e-03   3.2238e+02
20260908_15:00:00   2.0289e-01   5.3277e+01   1.9754e+01   0.0000e+00   1.7697e-02   3.2139e+02
20260908_16:00:00   2.0719e-01   5.4220e+01   2.0441e+01   0.0000e+00   2.2371e-02   3.2363e+02
20260908_17:00:00   2.0618e-01   5.4030e+01   2.0415e+01   0.0000e+00   1.6679e-02   3.2590e+02
20260908_18:00:00   2.0391e-01   5.3581e+01   2.0206e+01   0.0000e+00   3.3777e-02   3.2653e+02
20260908_19:00:00   2.0085e-01   5.2956e+01   1.9926e+01   0.0000e+00   5.5489e-02   3.2777e+02
20260908_20:00:00   1.9288e-01   5.1231e+01   1.9044e+01   0.0000e+00   1.8855e-02   3.2903e+02
20260908_21:00:00   1.8430e-01   4.9375e+01   1.7975e+01   0.0000e+00   1.2253e-03   3.3027e+02
20260908_22:00:00   1.7662e-01   4.7664e+01   1.7054e+01   0.0000e+00   6.9526e-04   3.2982e+02
20260908_23:00:00   1.7149e-01   4.6497e+01   1.6462e+01   0.0000e+00   8.6284e-03   3.2949e+02
20260909_00:00:00   1.6790e-01   4.5671e+01   1.6014e+01   0.0000e+00   2.1562e-02   3.2966e+02
20260909_03:00:00   1.8242e-01   4.8940e+01   1.7904e+01   0.0000e+00   1.0695e-01   3.2932e+02
20260909_06:00:00   1.9435e-01   5.1571e+01   1.9570e+01   0.0000e+00   2.5009e-02   3.3040e+02
20260909_09:00:00   1.9898e-01   5.2555e+01   2.0019e+01   0.0000e+00   2.8041e-02   3.2922e+02
20260909_12:00:00   1.9793e-01   5.2311e+01   1.9734e+01   0.0000e+00   7.6236e-04   3.2800e+02
20260909_15:00:00   2.0614e-01   5.4149e+01   2.0759e+01   0.0000e+00   1.0348e-06   3.2638e+02
20260909_18:00:00   2.0648e-01   5.4423e+01   2.1354e+01   0.0000e+00   2.9477e-04   3.2508e+02
20260909_21:00:00   1.9690e-01   5.2453e+01   2.0558e+01   0.0000e+00   2.7444e-03   3.2622e+02
20260910_00:00:00   1.8903e-01   5.0738e+01   1.9719e+01   0.0000e+00   2.6179e-03   3.2646e+02
20260910_03:00:00   2.0705e-01   5.4871e+01   2.1499e+01   0.0000e+00   5.8998e-04   3.2913e+02
20260910_06:00:00   2.2913e-01   5.9846e+01   2.2774e+01   0.0000e+00   0.0000e+00   3.3194e+02
20260910_09:00:00   2.1616e-01   5.6898e+01   2.1287e+01   0.0000e+00   0.0000e+00   3.3009e+02
20260910_12:00:00   2.1104e-01   5.5689e+01   2.0560e+01   0.0000e+00   1.2278e-05   3.2780e+02
20260910_15:00:00   1.8939e-01   5.0823e+01   1.7760e+01   0.0000e+00   6.2380e-05   3.3169e+02
20260910_18:00:00   1.7066e-01   4.6715e+01   1.5740e+01   0.0000e+00   2.3281e-05   3.3163e+02
20260910_21:00:00   1.6970e-01   4.6640e+01   1.6562e+01   0.0000e+00   0.0000e+00   3.2775e+02
20260911_00:00:00   1.4747e-01   4.1220e+01   1.4204e+01   0.0000e+00   0.0000e+00   3.2183e+02
20260911_03:00:00   1.3434e-01   3.8047e+01   1.2063e+01   0.0000e+00   0.0000e+00   3.1836e+02
20260911_06:00:00   1.4413e-01   4.0291e+01   1.3252e+01   0.0000e+00   0.0000e+00   3.0881e+02
20260911_09:00:00   1.6397e-01   4.4808e+01   1.6196e+01   0.0000e+00   6.9940e-03   3.0385e+02
20260911_12:00:00   1.9214e-01   5.1093e+01   2.0209e+01   0.0000e+00   7.2928e-02   2.9994e+02
20260911_15:00:00   1.9465e-01   5.1514e+01   2.0590e+01   0.0000e+00   6.3024e-02   2.9802e+02
20260911_18:00:00   1.9081e-01   5.0794e+01   2.0294e+01   0.0000e+00   2.1018e-03   2.9856e+02
20260911_21:00:00   1.8496e-01   4.9593e+01   2.0061e+01   0.0000e+00   4.2744e-02   2.9750e+02
20260912_00:00:00   1.9283e-01   5.1474e+01   2.1309e+01   0.0000e+00   7.1672e-02   2.9400e+02
20260912_03:00:00   1.9992e-01   5.2961e+01   2.1800e+01   1.8108e-05   2.4052e-01   3.0132e+02
20260912_06:00:00   1.7766e-01   4.8019e+01   1.7929e+01   0.0000e+00   1.9961e-02   3.0563e+02
20260912_09:00:00   1.9832e-01   5.2436e+01   2.0070e+01   0.0000e+00   1.1344e-01   3.0123e+02
20260912_12:00:00   2.1019e-01   5.4833e+01   2.1259e+01   8.5360e-05   2.1578e-01   3.0565e+02
20260912_15:00:00   2.8904e-01   7.1091e+01   2.2966e+01   6.7950e-02   2.0257e-01   3.1908e+02
20260912_18:00:00   2.1720e-01   5.6371e+01   2.1600e+01   0.0000e+00   7.5098e-04   3.1731e+02
20260912_21:00:00   1.6607e-01   4.5086e+01   1.5422e+01   0.0000e+00   0.0000e+00   3.1511e+02
20260913_00:00:00   1.2806e-01   3.5990e+01   1.0834e+01   0.0000e+00   0.0000e+00   3.0848e+02
20260913_03:00:00   1.3769e-01   3.8318e+01   1.2022e+01   0.0000e+00   0.0000e+00   3.0310e+02
20260913_06:00:00   1.5227e-01   4.1750e+01   1.3145e+01   0.0000e+00   7.7420e-05   3.0070e+02
20260913_09:00:00   1.6259e-01   4.4031e+01   1.3746e+01   0.0000e+00   0.0000e+00   2.9967e+02
20260913_12:00:00   1.7319e-01   4.6385e+01   1.4573e+01   0.0000e+00   0.0000e+00   3.0533e+02
20260913_15:00:00   1.6855e-01   4.5261e+01   1.4037e+01   0.0000e+00   0.0000e+00   3.0516e+02
20260913_18:00:00   1.5178e-01   4.1474e+01   1.2547e+01   0.0000e+00   0.0000e+00   3.0284e+02
20260913_21:00:00   1.3973e-01   3.8759e+01   1.1417e+01   0.0000e+00   0.0000e+00   3.0210e+02
20260914_00:00:00   1.3594e-01   3.7893e+01   1.1245e+01   0.0000e+00   0.0000e+00   3.0258e+02
20260914_03:00:00   1.4451e-01   3.9895e+01   1.2526e+01   0.0000e+00   0.0000e+00   3.0224e+02
20260914_06:00:00   1.4720e-01   4.0457e+01   1.2755e+01   0.0000e+00   0.0000e+00   2.9998e+02
20260914_09:00:00   1.4867e-01   4.0672e+01   1.2870e+01   0.0000e+00   0.0000e+00   3.0013e+02
20260914_12:00:00   1.5463e-01   4.1927e+01   1.3769e+01   0.0000e+00   0.0000e+00   3.0082e+02
20260914_15:00:00   1.5603e-01   4.2196e+01   1.3936e+01   0.0000e+00   0.0000e+00   2.9961e+02
20260914_18:00:00   1.4994e-01   4.0938e+01   1.3379e+01   0.0000e+00   0.0000e+00   2.9655e+02
20260914_21:00:00   1.4936e-01   4.0942e+01   1.3736e+01   0.0000e+00   0.0000e+00   2.9663e+02
20260915_00:00:00   1.5795e-01   4.3036e+01   1.5214e+01   0.0000e+00   0.0000e+00   2.9853e+02
20260915_03:00:00   1.6081e-01   4.3723e+01   1.5540e+01   0.0000e+00   6.8400e-05   3.0149e+02
20260915_06:00:00   1.7372e-01   4.6636e+01   1.7111e+01   0.0000e+00   9.6822e-03   3.0451e+02
20260915_09:00:00   1.8107e-01   4.8222e+01   1.7894e+01   0.0000e+00   6.6432e-03   3.0486e+02
20260915_12:00:00   1.8774e-01   4.9650e+01   1.8483e+01   0.0000e+00   1.8584e-03   3.0649e+02
20260915_15:00:00   1.9065e-01   5.0321e+01   1.8545e+01   0.0000e+00   6.2451e-05   3.0612e+02
20260915_18:00:00   1.9255e-01   5.0947e+01   1.8980e+01   0.0000e+00   8.5340e-05   3.0532e+02
20260915_21:00:00   1.9349e-01   5.1476e+01   1.9274e+01   0.0000e+00   0.0000e+00   3.0456e+02
20260916_00:00:00   1.9232e-01   5.1467e+01   1.9143e+01   0.0000e+00   0.0000e+00   3.0547e+02
20260916_03:00:00   1.8908e-01   5.0791e+01   1.8535e+01   0.0000e+00   1.0444e-03   3.0205e+02
20260916_06:00:00   1.8939e-01   5.0785e+01   1.8457e+01   0.0000e+00   2.2284e-03   3.0196e+02
20260916_09:00:00   1.9145e-01   5.1146e+01   1.8659e+01   0.0000e+00   1.9526e-03   3.0033e+02
20260916_12:00:00   1.9393e-01   5.1549e+01   1.9457e+01   0.0000e+00   1.0467e-03   3.0193e+02
20260916_15:00:00   2.0522e-01   5.4046e+01   2.0999e+01   0.0000e+00   1.1428e-06   3.0529e+02
20260916_18:00:00   2.0586e-01   5.4390e+01   2.1525e+01   0.0000e+00   4.2820e-06   3.0717e+02
20260916_21:00:00   2.0200e-01   5.3642e+01   2.1743e+01   0.0000e+00   1.2295e-02   3.0414e+02
20260917_00:00:00   2.1078e-01   5.5616e+01   2.3105e+01   0.0000e+00   1.0829e-01   3.0699e+02
20260917_03:00:00   2.1658e-01   5.6839e+01   2.3654e+01   1.2088e-04   1.8032e-02   3.0895e+02
20260917_06:00:00   2.2305e-01   5.8203e+01   2.4320e+01   9.4160e-05   2.1805e-02   3.1231e+02
20260917_09:00:00   2.9179e-01   7.2789e+01   2.9298e+01   1.5505e-02   3.1790e-01   3.0980e+02
20260917_12:00:00   2.7973e-01   7.0649e+01   2.7781e+01   2.6020e-03   4.8500e-02   3.1583e+02
20260917_15:00:00   2.6832e-01   6.8288e+01   2.6113e+01   0.0000e+00   7.5171e-03   3.1830e+02
20260917_18:00:00   2.6330e-01   6.7339e+01   2.6479e+01   0.0000e+00   9.9953e-04   3.2312e+02
20260917_21:00:00   2.6845e-01   6.8400e+01   2.7909e+01   0.0000e+00   2.7254e-02   3.2372e+02
20260918_00:00:00   2.7419e-01   6.9560e+01   2.8568e+01   1.2162e-04   2.6206e-01   3.2486e+02
20260918_03:00:00   2.9399e-01   7.3577e+01   3.0063e+01   0.0000e+00   1.5466e-01   3.2841e+02
20260918_06:00:00   2.9079e-01   7.2655e+01   2.9510e+01   1.7069e-04   7.0089e-02   3.2726e+02
20260918_09:00:00   2.9922e-01   7.4268e+01   2.9198e+01   7.1880e-03   2.8939e-02   3.1710e+02
20260918_12:00:00   2.8099e-01   7.0391e+01   2.7154e+01   2.9220e-03   3.8100e-04   3.1742e+02
20260918_15:00:00   2.5446e-01   6.4729e+01   2.4154e+01   7.4380e-04   0.0000e+00   3.1378e+02
20260918_18:00:00   2.4236e-01   6.2188e+01   2.3706e+01   0.0000e+00   1.1560e-05   3.1202e+02
20260918_21:00:00   2.2662e-01   5.9139e+01   2.0187e+01   1.2664e-02   1.4124e-05   3.0992e+02
20260919_00:00:00   1.8721e-01   5.0362e+01   1.7051e+01   8.9520e-04   1.4210e-06   3.1491e+02
20260919_03:00:00   1.7513e-01   4.7400e+01   1.5594e+01   0.0000e+00   0.0000e+00   3.1361e+02
20260919_06:00:00   1.7715e-01   4.7669e+01   1.5306e+01   0.0000e+00   0.0000e+00   3.1390e+02
20260919_09:00:00   1.7748e-01   4.7559e+01   1.5005e+01   0.0000e+00   2.5500e-04   3.1446e+02
20260919_12:00:00   1.7928e-01   4.7818e+01   1.5088e+01   0.0000e+00   1.1602e-03   3.2075e+02
20260919_15:00:00   1.7720e-01   4.7248e+01   1.4761e+01   0.0000e+00   0.0000e+00   3.2503e+02
20260919_18:00:00   1.6980e-01   4.5712e+01   1.4203e+01   0.0000e+00   0.0000e+00   3.2719e+02
20260919_21:00:00   1.6580e-01   4.4793e+01   1.4687e+01   0.0000e+00   0.0000e+00   3.2536e+02
20260920_00:00:00   1.4919e-01   4.0839e+01   1.3175e+01   0.0000e+00   0.0000e+00   3.2819e+02
