#            date       tau255        Tb[K]      pwv[mm] lwp[kg*m^-2] iwp[kg*m^-2]       o3[DU]
20260910_18:00:00   1.9728e-01   5.3112e+01   1.7833e+01   0.0000e+00   4.4613e-03   3.1123e+02
20260910_19:00:00   1.9141e-01   5.1767e+01   1.7571e+01   0.0000e+00   4.4135e-03   3.1232e+02
20260910_20:00:00   1.8452e-01   5.0110e+01   1.7328e+01   0.0000e+00   1.1029e-02   3.1380e+02
20260910_21:00:00   1.7541e-01   4.7835e+01   1.6805e+01   0.0000e+00   5.2384e-02   3.1492e+02
20260910_22:00:00   1.6722e-01   4.5800e+01   1.6076e+01   0.0000e+00   7.3933e-02   3.1383e+02
20260910_23:00:00   1.6013e-01   4.4027e+01   1.5362e+01   0.0000e+00   5.0934e-02   3.1270e+02
20260911_00:00:00   1.5636e-01   4.3046e+01   1.4849e+01   0.0000e+00   2.9324e-02   3.1085e+02
20260911_01:00:00   1.6053e-01   4.3919e+01   1.5192e+01   1.3072e-03   2.5860e-02   3.1107e+02
20260911_02:00:00   1.7552e-01   4.7239e+01   1.5479e+01   1.3314e-02   2.0866e-02   3.1300e+02
20260911_03:00:00   1.7468e-01   4.6978e+01   1.5892e+01   6.6440e-03   1.6858e-03   3.1929e+02
20260911_04:00:00   1.7226e-01   4.6387e+01   1.6080e+01   5.2200e-04   1.1689e-04   3.2442e+02
20260911_05:00:00   1.7609e-01   4.7177e+01   1.6318e+01   1.1292e-03   4.3179e-03   3.3062e+02
20260911_06:00:00   1.7973e-01   4.7919e+01   1.6651e+01   8.2860e-04   5.5256e-02   3.3469e+02
20260911_07:00:00   1.7716e-01   4.7306e+01   1.6291e+01   0.0000e+00   5.4586e-02   3.3525e+02
20260911_08:00:00   1.7423e-01   4.6636e+01   1.5725e+01   0.0000e+00   1.8693e-02   3.3624e+02
20260911_09:00:00   1.7095e-01   4.5837e+01   1.5311e+01   0.0000e+00   1.5724e-04   3.3147e+02
20260911_10:00:00   1.6605e-01   4.4656e+01   1.4574e+01   0.0000e+00   1.0296e-04   3.2966e+02
20260911_11:00:00   1.6065e-01   4.3406e+01   1.3675e+01   0.0000e+00   0.0000e+00   3.2953e+02
20260911_12:00:00   1.5680e-01   4.2475e+01   1.3136e+01   0.0000e+00   3.9460e-04   3.2920e+02
20260911_13:00:00   1.5419e-01   4.1818e+01   1.2807e+01   0.0000e+00   3.4597e-05   3.2959e+02
20260911_14:00:00   1.5323e-01   4.1550e+01   1.2683e+01   0.0000e+00   2.1418e-03   3.3108e+02
20260911_15:00:00   1.5365e-01   4.1631e+01   1.2841e+01   0.0000e+00   7.0194e-03   3.3230e+02
20260911_16:00:00   1.5211e-01   4.1299e+01   1.2718e+01   0.0000e+00   2.8518e-03   3.3231e+02
20260911_17:00:00   1.5119e-01   4.1107e+01   1.2775e+01   0.0000e+00   6.9598e-03   3.3163e+02
20260911_18:00:00   1.4812e-01   4.0388e+01   1.2612e+01   0.0000e+00   5.3957e-03   3.3097e+02
20260911_19:00:00   1.4508e-01   3.9645e+01   1.2447e+01   0.0000e+00   3.4374e-03   3.2946e+02
20260911_20:00:00   1.4243e-01   3.9017e+01   1.2239e+01   0.0000e+00   8.1580e-06   3.2793e+02
20260911_21:00:00   1.4012e-01   3.8468e+01   1.2088e+01   0.0000e+00   4.3613e-04   3.2700e+02
20260911_22:00:00   1.4040e-01   3.8512e+01   1.2293e+01   0.0000e+00   4.8691e-03   3.2642e+02
20260911_23:00:00   1.4149e-01   3.8742e+01   1.2645e+01   0.0000e+00   7.9217e-03   3.2627e+02
20260912_00:00:00   1.4331e-01   3.9137e+01   1.3011e+01   0.0000e+00   1.9139e-02   3.2614e+02
20260912_01:00:00   1.4356e-01   3.9180e+01   1.3123e+01   0.0000e+00   1.5264e-02   3.2501e+02
20260912_02:00:00   1.4532e-01   3.9561e+01   1.3423e+01   0.0000e+00   1.3891e-02   3.2210e+02
20260912_03:00:00   1.4576e-01   3.9651e+01   1.3511e+01   0.0000e+00   1.7487e-02   3.1886e+02
20260912_04:00:00   1.4507e-01   3.9510e+01   1.3362e+01   0.0000e+00   1.4714e-02   3.1589e+02
20260912_05:00:00   1.4642e-01   3.9808e+01   1.3524e+01   0.0000e+00   1.1335e-02   3.1536e+02
20260912_06:00:00   1.4973e-01   4.0535e+01   1.3960e+01   0.0000e+00   2.2483e-02   3.1517e+02
20260912_07:00:00   1.5151e-01   4.0925e+01   1.4168e+01   0.0000e+00   3.3104e-02   3.1679e+02
20260912_08:00:00   1.5429e-01   4.1557e+01   1.4481e+01   0.0000e+00   7.4714e-02   3.1939e+02
20260912_09:00:00   1.5796e-01   4.2394e+01   1.4867e+01   0.0000e+00   1.8161e-01   3.2166e+02
20260912_10:00:00   1.6107e-01   4.3119e+01   1.5219e+01   0.0000e+00   2.3090e-01   3.2327e+02
20260912_11:00:00   1.6464e-01   4.3980e+01   1.5734e+01   0.0000e+00   9.6340e-02   3.2517e+02
20260912_12:00:00   1.6664e-01   4.4463e+01   1.5887e+01   0.0000e+00   5.8795e-02   3.2567e+02
20260912_13:00:00   1.7036e-01   4.5340e+01   1.6272e+01   0.0000e+00   6.1224e-02   3.2574e+02
20260912_14:00:00   1.7747e-01   4.6976e+01   1.7058e+01   0.0000e+00   1.4284e-01   3.2501e+02
20260912_15:00:00   1.8493e-01   4.8653e+01   1.7946e+01   0.0000e+00   2.3663e-01   3.2522e+02
20260912_16:00:00   1.8620e-01   4.8924e+01   1.8187e+01   0.0000e+00   1.7683e-01   3.2721e+02
20260912_17:00:00   1.8387e-01   4.8405e+01   1.7962e+01   0.0000e+00   1.5838e-01   3.2879e+02
20260912_18:00:00   1.7764e-01   4.7057e+01   1.7276e+01   0.0000e+00   9.9753e-02   3.2921e+02
20260912_19:00:00   1.7494e-01   4.6507e+01   1.6985e+01   0.0000e+00   9.9711e-02   3.3084e+02
20260912_20:00:00   1.7199e-01   4.5926e+01   1.6707e+01   0.0000e+00   9.6285e-02   3.3146e+02
20260912_21:00:00   1.7123e-01   4.5826e+01   1.6691e+01   0.0000e+00   1.1278e-01   3.3323e+02
20260912_22:00:00   1.7135e-01   4.5895e+01   1.6774e+01   0.0000e+00   8.2253e-02   3.3515e+02
20260912_23:00:00   1.7259e-01   4.6264e+01   1.6950e+01   0.0000e+00   1.0965e-02   3.3722e+02
20260913_00:00:00   1.7543e-01   4.6960e+01   1.7269e+01   0.0000e+00   1.1590e-02   3.3811e+02
20260913_01:00:00   1.7834e-01   4.7664e+01   1.7526e+01   1.1428e-05   4.7110e-03   3.3928e+02
20260913_02:00:00   1.7967e-01   4.8028e+01   1.7421e+01   0.0000e+00   2.3727e-03   3.3984e+02
20260913_03:00:00   1.7792e-01   4.7568e+01   1.7279e+01   0.0000e+00   7.6982e-02   3.3501e+02
20260913_04:00:00   1.8328e-01   4.8705e+01   1.8005e+01   0.0000e+00   7.8411e-02   3.3293e+02
20260913_05:00:00   1.8981e-01   5.0079e+01   1.8799e+01   1.1640e-05   1.5391e-01   3.3217e+02
20260913_06:00:00   2.0279e-01   5.2876e+01   2.0010e+01   2.6660e-03   2.2085e-01   3.3269e+02
20260913_07:00:00   2.1443e-01   5.5474e+01   2.1306e+01   1.5713e-04   1.5800e-01   3.3172e+02
20260913_08:00:00   2.3366e-01   5.9596e+01   2.2969e+01   1.9132e-03   4.6485e-01   3.3126e+02
20260913_09:00:00   2.3826e-01   6.0605e+01   2.3456e+01   7.7600e-06   3.7686e-01   3.3171e+02
20260913_10:00:00   2.4079e-01   6.1109e+01   2.3546e+01   3.8800e-06   5.3182e-01   3.3241e+02
20260913_11:00:00   2.4876e-01   6.2704e+01   2.4150e+01   1.0348e-05   8.5703e-01   3.2996e+02
20260913_12:00:00   2.4823e-01   6.2597e+01   2.4118e+01   9.1837e-05   6.1502e-01   3.3128e+02
20260913_13:00:00   2.4932e-01   6.2822e+01   2.4097e+01   2.5860e-06   4.6192e-01   3.2915e+02
20260913_14:00:00   2.5542e-01   6.4091e+01   2.4584e+01   7.0813e-05   4.5201e-01   3.2641e+02
20260913_15:00:00   2.5536e-01   6.4080e+01   2.4601e+01   2.5097e-04   4.6789e-01   3.2909e+02
20260913_16:00:00   2.4702e-01   6.2380e+01   2.3916e+01   1.2158e-04   2.1327e-01   3.3159e+02
20260913_17:00:00   2.4120e-01   6.1199e+01   2.3452e+01   0.0000e+00   4.3683e-02   3.3252e+02
20260913_18:00:00   2.3907e-01   6.0829e+01   2.3302e+01   0.0000e+00   5.1329e-03   3.3315e+02
20260913_19:00:00   2.3521e-01   6.0069e+01   2.3063e+01   6.8020e-04   2.9745e-02   3.3423e+02
20260913_20:00:00   2.3339e-01   5.9779e+01   2.2920e+01   1.1884e-03   2.3458e-02   3.3383e+02
20260913_21:00:00   2.4680e-01   6.2766e+01   2.2905e+01   1.5849e-02   4.5321e-03   3.3383e+02
20260913_22:00:00   2.5609e-01   6.4830e+01   2.2426e+01   2.7640e-02   7.0896e-03   3.3006e+02
20260913_23:00:00   2.7319e-01   6.8475e+01   2.1744e+01   5.0574e-02   4.2974e-03   3.2208e+02
20260914_00:00:00   2.4189e-01   6.1951e+01   2.1096e+01   1.9345e-02   7.9163e-04   3.1411e+02
20260914_01:00:00   2.1954e-01   5.7148e+01   2.0407e+01   0.0000e+00   1.6500e-04   3.1028e+02
20260914_02:00:00   2.1796e-01   5.6769e+01   2.0259e+01   0.0000e+00   1.3916e-03   3.0811e+02
20260914_03:00:00   2.1218e-01   5.5451e+01   1.9515e+01   0.0000e+00   6.4177e-04   3.0678e+02
20260914_04:00:00   2.0549e-01   5.3930e+01   1.8651e+01   0.0000e+00   0.0000e+00   3.0479e+02
20260914_05:00:00   2.0026e-01   5.2695e+01   1.8049e+01   0.0000e+00   0.0000e+00   3.0252e+02
20260914_06:00:00   1.9595e-01   5.1615e+01   1.7700e+01   0.0000e+00   0.0000e+00   2.9970e+02
20260914_07:00:00   1.9417e-01   5.1131e+01   1.7671e+01   0.0000e+00   0.0000e+00   3.0014e+02
20260914_08:00:00   1.9214e-01   5.0628e+01   1.7498e+01   0.0000e+00   0.0000e+00   3.0044e+02
20260914_09:00:00   1.9230e-01   5.0602e+01   1.7640e+01   0.0000e+00   3.4856e-04   2.9865e+02
20260914_10:00:00   1.9440e-01   5.0999e+01   1.8016e+01   0.0000e+00   1.2774e-03   2.9871e+02
20260914_11:00:00   1.9704e-01   5.1523e+01   1.8466e+01   0.0000e+00   4.7880e-04   2.9844e+02
20260914_12:00:00   1.9586e-01   5.1268e+01   1.8223e+01   0.0000e+00   1.0310e-04   3.0043e+02
20260914_13:00:00   1.9542e-01   5.1188e+01   1.7988e+01   0.0000e+00   0.0000e+00   3.0219e+02
20260914_14:00:00   1.9647e-01   5.1424e+01   1.7981e+01   0.0000e+00   0.0000e+00   3.0285e+02
20260914_15:00:00   1.9847e-01   5.1878e+01   1.8218e+01   0.0000e+00   0.0000e+00   3.0275e+02
20260914_16:00:00   1.9896e-01   5.2038e+01   1.8290e+01   0.0000e+00   0.0000e+00   3.0421e+02
20260914_17:00:00   1.9746e-01   5.1764e+01   1.8196e+01   0.0000e+00   0.0000e+00   3.0354e+02
20260914_18:00:00   1.9674e-01   5.1673e+01   1.8165e+01   0.0000e+00   0.0000e+00   3.0267e+02
20260914_19:00:00   1.9573e-01   5.1529e+01   1.8157e+01   0.0000e+00   0.0000e+00   3.0273e+02
20260914_20:00:00   1.9452e-01   5.1335e+01   1.8108e+01   0.0000e+00   0.0000e+00   3.0401e+02
20260914_21:00:00   1.9585e-01   5.1709e+01   1.8261e+01   0.0000e+00   0.0000e+00   3.0628e+02
20260914_22:00:00   1.9518e-01   5.1641e+01   1.8202e+01   0.0000e+00   0.0000e+00   3.0858e+02
20260914_23:00:00   1.9648e-01   5.2008e+01   1.8362e+01   0.0000e+00   0.0000e+00   3.1046e+02
20260915_00:00:00   2.0078e-01   5.2998e+01   1.8871e+01   0.0000e+00   2.4960e-04   3.1248e+02
20260915_01:00:00   2.0444e-01   5.3819e+01   1.9247e+01   0.0000e+00   2.4119e-03   3.1362e+02
20260915_02:00:00   2.0769e-01   5.4508e+01   1.9546e+01   0.0000e+00   5.2798e-03   3.1325e+02
20260915_03:00:00   2.0921e-01   5.4811e+01   1.9666e+01   0.0000e+00   4.3488e-03   3.1263e+02
20260915_04:00:00   2.1115e-01   5.5199e+01   1.9893e+01   0.0000e+00   3.9369e-03   3.1165e+02
20260915_05:00:00   2.1185e-01   5.5317e+01   1.9989e+01   0.0000e+00   1.0055e-02   3.0942e+02
20260915_06:00:00   2.1540e-01   5.6046e+01   2.0434e+01   0.0000e+00   3.8963e-02   3.0870e+02
20260915_07:00:00   2.1924e-01   5.6829e+01   2.0939e+01   0.0000e+00   4.1120e-02   3.0987e+02
20260915_08:00:00   2.2286e-01   5.7563e+01   2.1463e+01   0.0000e+00   4.1961e-02   3.1136e+02
20260915_09:00:00   2.2317e-01   5.7584e+01   2.1560e+01   0.0000e+00   5.7221e-02   3.1257e+02
20260915_10:00:00   2.2475e-01   5.7870e+01   2.1768e+01   0.0000e+00   1.1666e-01   3.1463e+02
20260915_11:00:00   2.2527e-01   5.7921e+01   2.1859e+01   0.0000e+00   1.9042e-01   3.1706e+02
20260915_12:00:00   2.2714e-01   5.8282e+01   2.2084e+01   0.0000e+00   1.2044e-01   3.1682e+02
20260915_13:00:00   2.2762e-01   5.8363e+01   2.2140e+01   0.0000e+00   5.8403e-02   3.1831e+02
20260915_14:00:00   2.2814e-01   5.8452e+01   2.2140e+01   0.0000e+00   5.6974e-02   3.2142e+02
20260915_15:00:00   2.3113e-01   5.9100e+01   2.2417e+01   2.2700e-04   4.4067e-02   3.2307e+02
20260915_16:00:00   2.3248e-01   5.9424e+01   2.2612e+01   0.0000e+00   1.3092e-02   3.2457e+02
20260915_17:00:00   2.3408e-01   5.9808e+01   2.2858e+01   0.0000e+00   2.0282e-02   3.2774e+02
20260915_18:00:00   2.3398e-01   5.9834e+01   2.2959e+01   0.0000e+00   3.6740e-02   3.3082e+02
20260915_21:00:00   2.2088e-01   5.7197e+01   2.1985e+01   0.0000e+00   5.5223e-03   3.3418e+02
20260916_00:00:00   2.0986e-01   5.4983e+01   2.0858e+01   0.0000e+00   7.6820e-04   3.2728e+02
20260916_03:00:00   1.9694e-01   5.2275e+01   1.8815e+01   0.0000e+00   0.0000e+00   3.1798e+02
20260916_06:00:00   1.8279e-01   4.9128e+01   1.6667e+01   0.0000e+00   0.0000e+00   3.0522e+02
20260916_09:00:00   1.7647e-01   4.7616e+01   1.5796e+01   0.0000e+00   0.0000e+00   2.9992e+02
20260916_12:00:00   1.7405e-01   4.6994e+01   1.5450e+01   0.0000e+00   0.0000e+00   2.9172e+02
20260916_15:00:00   1.7251e-01   4.6628e+01   1.5371e+01   0.0000e+00   0.0000e+00   2.8492e+02
20260916_18:00:00   1.6594e-01   4.5317e+01   1.5097e+01   0.0000e+00   0.0000e+00   2.8027e+02
20260916_21:00:00   1.5431e-01   4.2686e+01   1.4306e+01   0.0000e+00   0.0000e+00   2.8037e+02
20260917_00:00:00   1.4826e-01   4.1265e+01   1.3967e+01   0.0000e+00   0.0000e+00   2.8150e+02
20260917_03:00:00   1.5890e-01   4.3759e+01   1.5511e+01   0.0000e+00   0.0000e+00   2.8474e+02
20260917_06:00:00   1.6130e-01   4.4339e+01   1.5295e+01   0.0000e+00   0.0000e+00   2.8714e+02
20260917_09:00:00   1.5522e-01   4.2875e+01   1.4153e+01   0.0000e+00   0.0000e+00   2.8351e+02
20260917_12:00:00   1.5568e-01   4.2923e+01   1.4050e+01   0.0000e+00   0.0000e+00   2.8461e+02
20260917_15:00:00   1.5616e-01   4.3015e+01   1.3976e+01   0.0000e+00   0.0000e+00   2.8518e+02
20260917_18:00:00   1.5327e-01   4.2495e+01   1.3956e+01   0.0000e+00   0.0000e+00   2.8494e+02
20260917_21:00:00   1.4856e-01   4.1549e+01   1.3743e+01   0.0000e+00   0.0000e+00   2.8743e+02
20260918_00:00:00   1.4776e-01   4.1445e+01   1.3956e+01   0.0000e+00   0.0000e+00   2.8737e+02
20260918_03:00:00   1.5259e-01   4.2534e+01   1.4574e+01   0.0000e+00   0.0000e+00   2.8673e+02
20260918_06:00:00   1.5523e-01   4.3082e+01   1.4665e+01   0.0000e+00   0.0000e+00   2.8804e+02
20260918_09:00:00   1.5705e-01   4.3454e+01   1.4696e+01   0.0000e+00   0.0000e+00   2.8708e+02
20260918_12:00:00   1.5733e-01   4.3467e+01   1.4457e+01   0.0000e+00   0.0000e+00   2.8598e+02
20260918_15:00:00   1.5743e-01   4.3439e+01   1.4319e+01   0.0000e+00   0.0000e+00   2.8566e+02
20260918_18:00:00   1.5223e-01   4.2346e+01   1.3826e+01   0.0000e+00   0.0000e+00   2.8769e+02
20260918_21:00:00   1.4724e-01   4.1318e+01   1.3532e+01   0.0000e+00   0.0000e+00   2.8735e+02
20260919_00:00:00   1.4702e-01   4.1348e+01   1.3779e+01   0.0000e+00   0.0000e+00   2.8821e+02
20260919_03:00:00   1.5598e-01   4.3467e+01   1.4941e+01   0.0000e+00   0.0000e+00   2.9003e+02
20260919_06:00:00   1.5762e-01   4.3786e+01   1.4915e+01   0.0000e+00   0.0000e+00   2.9030e+02
20260919_09:00:00   1.5602e-01   4.3310e+01   1.4491e+01   0.0000e+00   0.0000e+00   2.9300e+02
20260919_12:00:00   1.5407e-01   4.2737e+01   1.4069e+01   0.0000e+00   0.0000e+00   2.9276e+02
20260919_15:00:00   1.5498e-01   4.2881e+01   1.4055e+01   0.0000e+00   0.0000e+00   2.8947e+02
20260919_18:00:00   1.5017e-01   4.1907e+01   1.3519e+01   0.0000e+00   0.0000e+00   2.8795e+02
20260919_21:00:00   1.4439e-01   4.0684e+01   1.3022e+01   0.0000e+00   0.0000e+00   2.8805e+02
20260920_00:00:00   1.5277e-01   4.2799e+01   1.4482e+01   0.0000e+00   0.0000e+00   2.8552e+02
20260920_03:00:00   1.6037e-01   4.4550e+01   1.5546e+01   0.0000e+00   1.9624e-03   2.8270e+02
20260920_06:00:00   1.6412e-01   4.5238e+01   1.6188e+01   0.0000e+00   2.4240e-03   2.8434e+02
20260920_09:00:00   1.7528e-01   4.7579e+01   1.7867e+01   0.0000e+00   3.3680e-04   2.8981e+02
20260920_12:00:00   1.8230e-01   4.9105e+01   1.8617e+01   0.0000e+00   5.9280e-04   2.8931e+02
20260920_15:00:00   1.8893e-01   5.0530e+01   1.9389e+01   0.0000e+00   3.8577e-03   2.8488e+02
20260920_18:00:00   1.8859e-01   5.0586e+01   1.9606e+01   0.0000e+00   6.3673e-03   2.8884e+02
20260920_21:00:00   1.8606e-01   5.0208e+01   1.9543e+01   0.0000e+00   7.0701e-03   2.8739e+02
20260921_00:00:00   1.8623e-01   5.0479e+01   1.9596e+01   0.0000e+00   0.0000e+00   2.8189e+02
20260921_03:00:00   1.8630e-01   5.0452e+01   1.9194e+01   0.0000e+00   0.0000e+00   2.8087e+02
20260921_06:00:00   1.8362e-01   4.9863e+01   1.8329e+01   0.0000e+00   0.0000e+00   2.8274e+02
20260921_09:00:00   1.7979e-01   4.8899e+01   1.7325e+01   0.0000e+00   0.0000e+00   2.8552e+02
20260921_12:00:00   1.7079e-01   4.6666e+01   1.5852e+01   0.0000e+00   5.3520e-04   2.8269e+02
20260921_15:00:00   1.5825e-01   4.3627e+01   1.3999e+01   0.0000e+00   0.0000e+00   2.8126e+02
20260921_18:00:00   1.4917e-01   4.1554e+01   1.3657e+01   0.0000e+00   3.3440e-04   2.7867e+02
20260921_21:00:00   1.4597e-01   4.0782e+01   1.4467e+01   0.0000e+00   2.6075e-03   2.7509e+02
20260922_00:00:00   1.5158e-01   4.2007e+01   1.6193e+01   0.0000e+00   2.0092e-03   2.7191e+02
20260922_03:00:00   1.6770e-01   4.5754e+01   1.8540e+01   0.0000e+00   1.1771e-02   2.6911e+02
20260922_06:00:00   1.8645e-01   5.0094e+01   2.0714e+01   0.0000e+00   5.1034e-03   2.6936e+02
20260922_09:00:00   1.9021e-01   5.0922e+01   2.0724e+01   0.0000e+00   2.2721e-03   2.6929e+02
20260922_12:00:00   1.9062e-01   5.0922e+01   2.0445e+01   0.0000e+00   2.3468e-03   2.6802e+02
20260922_15:00:00   1.9171e-01   5.1152e+01   2.0408e+01   0.0000e+00   3.2720e-04   2.7034e+02
20260922_18:00:00   1.8576e-01   4.9968e+01   1.9887e+01   0.0000e+00   1.0702e-05   2.6771e+02
20260922_21:00:00   1.7915e-01   4.8689e+01   1.9291e+01   0.0000e+00   2.4220e-04   2.6973e+02
20260923_00:00:00   1.7658e-01   4.8230e+01   1.9090e+01   0.0000e+00   6.7700e-04   2.7004e+02
20260923_03:00:00   1.8352e-01   4.9818e+01   2.0020e+01   0.0000e+00   4.2340e-04   2.7149e+02
20260923_06:00:00   1.9592e-01   5.2659e+01   2.1013e+01   0.0000e+00   1.0726e-03   2.7405e+02
20260923_09:00:00   2.0347e-01   5.4336e+01   2.1477e+01   0.0000e+00   4.0840e-04   2.7583e+02
20260923_12:00:00   2.0766e-01   5.5200e+01   2.1751e+01   0.0000e+00   3.1383e-04   2.7705e+02
20260923_15:00:00   1.9902e-01   5.3276e+01   2.0283e+01   0.0000e+00   3.3940e-04   2.8125e+02
20260923_18:00:00   1.8903e-01   5.1191e+01   1.8895e+01   0.0000e+00   1.0702e-05   2.7948e+02
20260923_21:00:00   1.8406e-01   5.0271e+01   1.8466e+01   0.0000e+00   0.0000e+00   2.8111e+02
20260924_00:00:00   1.8955e-01   5.1724e+01   1.9174e+01   0.0000e+00   0.0000e+00   2.8198e+02
20260924_03:00:00   1.9348e-01   5.2500e+01   1.9572e+01   0.0000e+00   0.0000e+00   2.8486e+02
20260924_06:00:00   2.0551e-01   5.4917e+01   2.0676e+01   0.0000e+00   0.0000e+00   2.8453e+02
20260924_09:00:00   2.1891e-01   5.7680e+01   2.2003e+01   0.0000e+00   0.0000e+00   2.8240e+02
20260924_12:00:00   2.1284e-01   5.6183e+01   2.0834e+01   0.0000e+00   6.8541e-04   2.8308e+02
20260924_15:00:00   2.1345e-01   5.6181e+01   2.0874e+01   0.0000e+00   2.3540e-05   2.8228e+02
20260924_18:00:00   2.0830e-01   5.5166e+01   2.0960e+01   0.0000e+00   0.0000e+00   2.7846e+02
20260924_21:00:00   1.9987e-01   5.3368e+01   2.0452e+01   0.0000e+00   2.4118e-04   2.7750e+02
20260925_00:00:00   1.8717e-01   5.0332e+01   1.9065e+01   0.0000e+00   0.0000e+00   2.7551e+02
20260925_03:00:00   1.7074e-01   4.6312e+01   1.6706e+01   0.0000e+00   0.0000e+00   2.7628e+02
20260925_06:00:00   1.6515e-01   4.4905e+01   1.5672e+01   0.0000e+00   0.0000e+00   2.7443e+02
20260925_09:00:00   1.6333e-01   4.4415e+01   1.5232e+01   0.0000e+00   0.0000e+00   2.7290e+02
20260925_12:00:00   1.5784e-01   4.3024e+01   1.4563e+01   0.0000e+00   3.5520e-06   2.7177e+02
20260925_15:00:00   1.5809e-01   4.2971e+01   1.4939e+01   0.0000e+00   2.7220e-05   2.7642e+02
20260925_18:00:00   1.5983e-01   4.3420e+01   1.5950e+01   0.0000e+00   2.2860e-04   2.8160e+02
20260925_21:00:00   1.6393e-01   4.4570e+01   1.6885e+01   0.0000e+00   3.2619e-04   2.7552e+02
20260926_00:00:00   1.7048e-01   4.6462e+01   1.7620e+01   0.0000e+00   1.4446e-03   2.7020e+02
20260926_03:00:00   1.7097e-01   4.6600e+01   1.7510e+01   0.0000e+00   3.6740e-04   2.6765e+02
20260926_06:00:00   1.7181e-01   4.6737e+01   1.7426e+01   0.0000e+00   2.0360e-04   2.6930e+02
20260926_09:00:00   1.7111e-01   4.6542e+01   1.6952e+01   0.0000e+00   9.6380e-05   2.6786e+02
20260926_12:00:00   1.7127e-01   4.6505e+01   1.6798e+01   0.0000e+00   9.3200e-05   2.6686e+02
20260926_15:00:00   1.7322e-01   4.6854e+01   1.7058e+01   0.0000e+00   4.1415e-03   2.6362e+02
20260926_18:00:00   1.7842e-01   4.8191e+01   1.7864e+01   0.0000e+00   5.7496e-02   2.6935e+02
