#            date       tau255        Tb[K]      pwv[mm] lwp[kg*m^-2] iwp[kg*m^-2]       o3[DU]
20261002_12:00:00   1.8396e-01   4.8735e+01   1.7234e+01   0.0000e+00   1.5706e-02   2.9945e+02
20261002_13:00:00   1.8625e-01   4.9202e+01   1.7607e+01   6.4920e-05   6.0508e-03   3.0224e+02
20261002_14:00:00   1.8604e-01   4.9175e+01   1.7485e+01   0.0000e+00   7.0780e-05   3.0199e+02
20261002_15:00:00   1.8326e-01   4.8598e+01   1.6909e+01   0.0000e+00   0.0000e+00   2.9911e+02
20261002_16:00:00   1.8133e-01   4.8239e+01   1.6663e+01   0.0000e+00   0.0000e+00   2.9632e+02
20261002_17:00:00   1.8282e-01   4.8662e+01   1.6911e+01   0.0000e+00   2.4663e-03   2.9629e+02
20261002_18:00:00   1.8471e-01   4.9138e+01   1.7299e+01   0.0000e+00   2.2066e-03   2.9639e+02
20261002_19:00:00   1.8748e-01   4.9852e+01   1.7707e+01   0.0000e+00   1.7244e-03   2.9522e+02
20261002_20:00:00   1.8868e-01   5.0254e+01   1.7909e+01   0.0000e+00   3.5256e-03   2.9289e+02
20261002_21:00:00   1.9991e-01   5.2936e+01   1.9318e+01   0.0000e+00   5.7656e-04   2.9197e+02
20261002_22:00:00   2.0706e-01   5.4704e+01   2.0183e+01   0.0000e+00   0.0000e+00   2.9335e+02
20261002_23:00:00   2.0609e-01   5.4614e+01   1.9972e+01   0.0000e+00   0.0000e+00   2.9518e+02
20261003_00:00:00   1.9896e-01   5.3082e+01   1.9057e+01   0.0000e+00   3.5520e-06   2.9260e+02
20261003_01:00:00   1.9318e-01   5.1783e+01   1.8235e+01   0.0000e+00   1.4210e-05   2.8938e+02
20261003_02:00:00   1.8873e-01   5.0750e+01   1.7472e+01   0.0000e+00   0.0000e+00   2.8700e+02
20261003_03:00:00   1.8540e-01   4.9958e+01   1.6829e+01   0.0000e+00   2.8420e-05   2.8649e+02
20261003_04:00:00   1.8389e-01   4.9570e+01   1.6468e+01   0.0000e+00   1.6796e-05   2.8798e+02
20261003_05:00:00   1.8522e-01   4.9833e+01   1.6497e+01   0.0000e+00   4.6443e-04   2.8783e+02
20261003_06:00:00   1.8760e-01   5.0308e+01   1.6687e+01   0.0000e+00   7.2740e-03   2.8716e+02
20261003_07:00:00   1.8515e-01   4.9702e+01   1.6344e+01   0.0000e+00   1.9075e-02   2.8474e+02
20261003_08:00:00   1.8453e-01   4.9541e+01   1.6212e+01   0.0000e+00   3.5863e-02   2.8211e+02
20261003_09:00:00   1.8458e-01   4.9537e+01   1.6212e+01   0.0000e+00   2.9341e-02   2.8053e+02
20261003_10:00:00   1.8915e-01   5.0550e+01   1.6723e+01   0.0000e+00   1.2883e-02   2.8033e+02
20261003_11:00:00   1.9106e-01   5.0965e+01   1.6932e+01   0.0000e+00   2.8471e-03   2.7900e+02
20261003_12:00:00   1.9477e-01   5.1751e+01   1.7374e+01   0.0000e+00   2.1268e-02   2.7899e+02
20261003_13:00:00   1.9622e-01   5.2062e+01   1.7480e+01   0.0000e+00   2.2517e-02   2.8074e+02
20261003_14:00:00   1.9825e-01   5.2483e+01   1.7710e+01   0.0000e+00   1.9566e-02   2.8141e+02
20261003_15:00:00   2.0285e-01   5.3446e+01   1.8513e+01   0.0000e+00   8.1824e-02   2.8224e+02
20261003_16:00:00   2.0677e-01   5.4311e+01   1.9390e+01   0.0000e+00   1.2381e-02   2.8335e+02
20261003_17:00:00   2.1082e-01   5.5265e+01   2.0395e+01   0.0000e+00   3.5141e-03   2.8019e+02
20261003_18:00:00   2.1292e-01   5.5818e+01   2.1097e+01   0.0000e+00   2.8547e-04   2.7852e+02
20261003_19:00:00   2.1078e-01   5.5442e+01   2.1091e+01   0.0000e+00   0.0000e+00   2.7665e+02
20261003_20:00:00   2.0569e-01   5.4410e+01   2.0614e+01   0.0000e+00   0.0000e+00   2.7432e+02
20261003_21:00:00   2.0386e-01   5.4062e+01   2.0582e+01   0.0000e+00   3.0123e-04   2.7280e+02
20261003_22:00:00   1.9807e-01   5.2826e+01   1.9936e+01   0.0000e+00   4.7574e-04   2.7198e+02
20261003_23:00:00   1.9296e-01   5.1718e+01   1.9323e+01   0.0000e+00   0.0000e+00   2.7206e+02
20261004_00:00:00   1.8890e-01   5.0819e+01   1.8785e+01   0.0000e+00   0.0000e+00   2.7237e+02
20261004_01:00:00   1.8608e-01   5.0196e+01   1.8338e+01   0.0000e+00   0.0000e+00   2.7283e+02
20261004_02:00:00   1.8355e-01   4.9620e+01   1.7884e+01   0.0000e+00   0.0000e+00   2.7323e+02
20261004_03:00:00   1.8237e-01   4.9344e+01   1.7604e+01   0.0000e+00   0.0000e+00   2.7271e+02
20261004_04:00:00   1.8189e-01   4.9212e+01   1.7398e+01   0.0000e+00   0.0000e+00   2.7145e+02
20261004_05:00:00   1.8179e-01   4.9169e+01   1.7246e+01   0.0000e+00   0.0000e+00   2.7012e+02
20261004_06:00:00   1.8118e-01   4.9004e+01   1.7086e+01   0.0000e+00   0.0000e+00   2.7000e+02
20261004_07:00:00   1.8071e-01   4.8858e+01   1.6940e+01   0.0000e+00   0.0000e+00   2.7143e+02
20261004_08:00:00   1.8014e-01   4.8696e+01   1.6794e+01   0.0000e+00   0.0000e+00   2.7268e+02
20261004_09:00:00   1.7977e-01   4.8577e+01   1.6645e+01   0.0000e+00   0.0000e+00   2.7490e+02
20261004_10:00:00   1.7921e-01   4.8416e+01   1.6467e+01   0.0000e+00   0.0000e+00   2.7613e+02
20261004_11:00:00   1.7897e-01   4.8333e+01   1.6348e+01   0.0000e+00   0.0000e+00   2.7915e+02
20261004_12:00:00   1.7798e-01   4.8065e+01   1.6191e+01   0.0000e+00   0.0000e+00   2.8093e+02
20261004_13:00:00   1.7785e-01   4.8008e+01   1.6157e+01   0.0000e+00   0.0000e+00   2.8140e+02
20261004_14:00:00   1.7791e-01   4.8003e+01   1.6103e+01   0.0000e+00   0.0000e+00   2.8239e+02
20261004_15:00:00   1.7697e-01   4.7803e+01   1.5810e+01   0.0000e+00   0.0000e+00   2.8408e+02
20261004_16:00:00   1.7563e-01   4.7566e+01   1.5568e+01   0.0000e+00   7.1040e-06   2.8492e+02
20261004_17:00:00   1.7451e-01   4.7390e+01   1.5486e+01   0.0000e+00   1.5504e-04   2.8591e+02
20261004_18:00:00   1.7301e-01   4.7121e+01   1.5396e+01   0.0000e+00   2.9220e-04   2.8863e+02
20261004_19:00:00   1.7114e-01   4.6743e+01   1.5392e+01   0.0000e+00   0.0000e+00   2.9197e+02
20261004_20:00:00   1.6770e-01   4.5988e+01   1.5177e+01   0.0000e+00   0.0000e+00   2.9416e+02
20261004_21:00:00   1.6623e-01   4.5682e+01   1.5153e+01   0.0000e+00   1.1312e-05   2.9173e+02
20261004_22:00:00   1.6488e-01   4.5396e+01   1.5215e+01   0.0000e+00   0.0000e+00   2.9068e+02
20261004_23:00:00   1.6536e-01   4.5538e+01   1.5437e+01   0.0000e+00   9.4240e-04   2.9086e+02
20261005_00:00:00   1.6807e-01   4.6186e+01   1.5946e+01   0.0000e+00   1.9544e-03   2.9072e+02
20261005_01:00:00   1.7259e-01   4.7209e+01   1.6788e+01   0.0000e+00   4.7243e-04   2.8973e+02
20261005_02:00:00   1.7295e-01   4.7285e+01   1.6794e+01   0.0000e+00   0.0000e+00   2.8983e+02
20261005_03:00:00   1.7267e-01   4.7200e+01   1.6705e+01   0.0000e+00   1.7000e-03   2.8945e+02
20261005_04:00:00   1.7161e-01   4.6922e+01   1.6431e+01   0.0000e+00   6.4675e-04   2.8983e+02
20261005_05:00:00   1.7018e-01   4.6549e+01   1.6126e+01   0.0000e+00   4.7800e-05   2.9105e+02
20261005_06:00:00   1.6853e-01   4.6140e+01   1.5726e+01   0.0000e+00   0.0000e+00   2.9456e+02
20261005_07:00:00   1.7016e-01   4.6445e+01   1.6028e+01   0.0000e+00   0.0000e+00   2.9767e+02
20261005_08:00:00   1.6945e-01   4.6233e+01   1.5905e+01   0.0000e+00   7.1040e-06   2.9516e+02
20261005_09:00:00   1.6876e-01   4.6030e+01   1.5803e+01   0.0000e+00   0.0000e+00   2.9462e+02
20261005_10:00:00   1.7108e-01   4.6498e+01   1.6212e+01   0.0000e+00   3.3986e-04   2.9241e+02
20261005_11:00:00   1.7023e-01   4.6255e+01   1.6085e+01   0.0000e+00   4.0250e-03   2.9548e+02
20261005_12:00:00   1.6884e-01   4.5877e+01   1.5899e+01   0.0000e+00   7.7894e-03   2.9466e+02
20261005_13:00:00   1.6818e-01   4.5672e+01   1.5788e+01   0.0000e+00   1.1226e-02   2.9178e+02
20261005_14:00:00   1.6782e-01   4.5539e+01   1.5712e+01   0.0000e+00   3.6881e-03   2.9399e+02
20261005_15:00:00   1.6633e-01   4.5162e+01   1.5496e+01   0.0000e+00   1.3173e-03   2.9600e+02
20261005_16:00:00   1.6372e-01   4.4566e+01   1.5196e+01   0.0000e+00   2.2144e-03   2.9697e+02
20261005_17:00:00   1.6047e-01   4.3843e+01   1.4927e+01   0.0000e+00   3.8021e-03   2.9698e+02
20261005_18:00:00   1.5994e-01   4.3759e+01   1.5059e+01   0.0000e+00   1.7078e-02   2.9740e+02
20261005_19:00:00   1.6082e-01   4.3996e+01   1.5410e+01   0.0000e+00   4.9166e-02   2.9616e+02
20261005_20:00:00   1.6100e-01   4.4059e+01   1.5607e+01   0.0000e+00   3.9872e-02   2.9480e+02
20261005_21:00:00   1.5855e-01   4.3539e+01   1.5326e+01   0.0000e+00   4.7891e-02   2.9421e+02
20261005_22:00:00   1.5901e-01   4.3697e+01   1.5425e+01   3.1380e-05   1.0301e-01   2.9356e+02
20261005_23:00:00   1.5896e-01   4.3764e+01   1.5145e+01   7.8600e-04   8.1051e-02   2.9312e+02
20261006_00:00:00   1.5684e-01   4.3308e+01   1.4742e+01   0.0000e+00   1.0023e-01   2.9511e+02
20261006_01:00:00   1.5525e-01   4.2891e+01   1.4466e+01   0.0000e+00   1.1906e-01   2.9726e+02
20261006_02:00:00   1.5443e-01   4.2689e+01   1.4232e+01   0.0000e+00   9.9383e-02   2.9867e+02
20261006_03:00:00   1.5460e-01   4.2706e+01   1.4135e+01   0.0000e+00   1.3593e-01   2.9861e+02
20261006_04:00:00   1.5317e-01   4.2296e+01   1.3920e+01   0.0000e+00   1.6967e-01   2.9757e+02
20261006_05:00:00   1.4958e-01   4.1360e+01   1.3353e+01   0.0000e+00   2.6190e-01   2.9406e+02
20261006_06:00:00   1.4497e-01   4.0196e+01   1.2678e+01   0.0000e+00   2.3333e-01   2.9366e+02
20261006_07:00:00   1.4412e-01   3.9933e+01   1.2616e+01   0.0000e+00   8.9401e-02   2.9090e+02
20261006_08:00:00   1.4084e-01   3.9157e+01   1.1974e+01   0.0000e+00   2.6420e-02   2.9217e+02
20261006_09:00:00   1.4132e-01   3.9242e+01   1.1956e+01   0.0000e+00   8.4100e-04   2.9158e+02
20261006_10:00:00   1.4223e-01   3.9442e+01   1.1880e+01   0.0000e+00   0.0000e+00   2.9347e+02
20261006_11:00:00   1.4158e-01   3.9259e+01   1.1590e+01   0.0000e+00   7.1040e-06   2.9378e+02
20261006_12:00:00   1.4351e-01   3.9674e+01   1.1706e+01   0.0000e+00   2.4994e-03   2.9296e+02
20261006_13:00:00   1.4276e-01   3.9464e+01   1.1469e+01   0.0000e+00   3.4601e-04   2.9382e+02
20261006_14:00:00   1.4127e-01   3.9087e+01   1.1115e+01   0.0000e+00   4.9560e-05   2.9466e+02
20261006_15:00:00   1.3912e-01   3.8529e+01   1.0870e+01   0.0000e+00   1.2166e-03   2.9367e+02
20261006_16:00:00   1.3773e-01   3.8194e+01   1.0908e+01   0.0000e+00   5.7553e-03   2.9475e+02
20261006_17:00:00   1.3837e-01   3.8344e+01   1.1380e+01   0.0000e+00   6.2976e-03   2.9454e+02
20261006_18:00:00   1.3955e-01   3.8640e+01   1.1901e+01   0.0000e+00   9.7601e-03   2.9324e+02
20261006_19:00:00   1.4018e-01   3.8800e+01   1.2369e+01   0.0000e+00   4.3539e-03   2.9197e+02
20261006_20:00:00   1.4121e-01   3.9060e+01   1.2803e+01   0.0000e+00   1.2464e-02   2.9158e+02
20261006_21:00:00   1.4420e-01   3.9790e+01   1.3463e+01   0.0000e+00   8.3486e-03   2.9227e+02
20261006_22:00:00   1.4882e-01   4.0896e+01   1.4278e+01   0.0000e+00   1.1672e-01   2.9162e+02
20261006_23:00:00   1.5086e-01   4.1412e+01   1.4657e+01   0.0000e+00   7.8693e-02   2.9178e+02
20261007_00:00:00   1.5307e-01   4.1930e+01   1.5017e+01   1.7260e-05   9.3991e-02   2.9181e+02
20261007_01:00:00   1.5495e-01   4.2358e+01   1.5360e+01   0.0000e+00   3.5693e-02   2.9228e+02
20261007_02:00:00   1.5670e-01   4.2772e+01   1.5567e+01   1.0640e-05   1.3918e-02   2.9223e+02
20261007_03:00:00   1.5728e-01   4.2916e+01   1.5575e+01   0.0000e+00   9.3154e-03   2.9102e+02
20261007_04:00:00   1.5985e-01   4.3505e+01   1.5916e+01   0.0000e+00   1.1298e-02   2.9062e+02
20261007_05:00:00   1.6197e-01   4.3995e+01   1.6056e+01   0.0000e+00   8.3253e-03   2.8972e+02
20261007_06:00:00   1.6276e-01   4.4166e+01   1.6039e+01   0.0000e+00   6.2050e-03   2.8923e+02
20261007_07:00:00   1.6353e-01   4.4305e+01   1.6120e+01   0.0000e+00   1.2647e-02   2.8855e+02
20261007_08:00:00   1.6207e-01   4.3931e+01   1.5888e+01   0.0000e+00   1.0616e-02   2.8742e+02
20261007_09:00:00   1.6525e-01   4.4618e+01   1.6388e+01   0.0000e+00   7.4044e-03   2.8576e+02
20261007_10:00:00   1.6980e-01   4.5612e+01   1.7062e+01   0.0000e+00   7.5681e-03   2.8569e+02
20261007_11:00:00   1.7356e-01   4.6410e+01   1.7626e+01   1.4840e-04   1.5821e-02   2.8455e+02
20261007_12:00:00   1.7430e-01   4.6523e+01   1.7797e+01   1.0700e-05   2.8563e-02   2.8328e+02
20261007_15:00:00   1.7755e-01   4.7275e+01   1.8099e+01   2.1430e-06   1.9301e-02   2.7914e+02
20261007_18:00:00   1.7802e-01   4.7561e+01   1.8119e+01   0.0000e+00   1.3499e-02   2.7880e+02
20261007_21:00:00   1.7210e-01   4.6428e+01   1.7286e+01   0.0000e+00   8.3888e-03   2.7909e+02
20261008_00:00:00   1.6692e-01   4.5357e+01   1.6409e+01   0.0000e+00   3.4327e-03   2.7846e+02
20261008_03:00:00   1.6815e-01   4.5642e+01   1.6389e+01   0.0000e+00   2.0660e-04   2.7714e+02
20261008_06:00:00   1.7515e-01   4.7197e+01   1.7085e+01   0.0000e+00   1.0766e-03   2.7755e+02
20261008_09:00:00   1.8103e-01   4.8495e+01   1.7675e+01   0.0000e+00   7.8190e-04   2.7727e+02
20261008_12:00:00   1.8061e-01   4.8379e+01   1.7426e+01   0.0000e+00   9.9400e-05   2.8120e+02
20261008_15:00:00   1.7766e-01   4.7753e+01   1.6705e+01   0.0000e+00   0.0000e+00   2.8067e+02
20261008_18:00:00   1.7322e-01   4.6899e+01   1.6280e+01   0.0000e+00   0.0000e+00   2.7944e+02
20261008_21:00:00   1.6637e-01   4.5491e+01   1.5656e+01   0.0000e+00   0.0000e+00   2.7808e+02
20261009_00:00:00   1.6416e-01   4.5104e+01   1.5461e+01   0.0000e+00   0.0000e+00   2.7839e+02
20261009_03:00:00   1.6541e-01   4.5278e+01   1.5849e+01   0.0000e+00   2.3540e-05   2.7547e+02
20261009_06:00:00   1.6506e-01   4.5113e+01   1.5515e+01   0.0000e+00   0.0000e+00   2.7375e+02
20261009_09:00:00   1.6653e-01   4.5427e+01   1.5272e+01   0.0000e+00   0.0000e+00   2.7407e+02
20261009_12:00:00   1.7466e-01   4.7153e+01   1.6449e+01   0.0000e+00   1.7215e-03   2.7590e+02
20261009_15:00:00   1.8469e-01   4.9227e+01   1.8055e+01   0.0000e+00   2.8548e-03   2.7794e+02
20261009_18:00:00   1.6259e-01   4.4379e+01   1.4864e+01   0.0000e+00   5.4423e-03   2.9345e+02
20261009_21:00:00   1.7824e-01   4.8147e+01   1.7292e+01   0.0000e+00   4.7365e-03   3.1520e+02
20261010_00:00:00   1.8390e-01   4.9468e+01   1.8044e+01   0.0000e+00   3.3657e-03   3.1786e+02
20261010_03:00:00   1.9754e-01   5.2400e+01   1.9653e+01   0.0000e+00   3.7930e-04   3.0664e+02
20261010_06:00:00   2.0436e-01   5.3736e+01   1.9904e+01   0.0000e+00   2.0944e-03   3.0156e+02
20261010_09:00:00   2.0349e-01   5.3311e+01   1.9580e+01   0.0000e+00   3.4138e-03   3.0416e+02
20261010_12:00:00   1.9825e-01   5.1933e+01   1.8766e+01   0.0000e+00   6.1739e-03   3.0683e+02
20261010_15:00:00   1.9724e-01   5.1525e+01   1.8770e+01   0.0000e+00   8.9937e-03   3.0970e+02
20261010_18:00:00   1.9186e-01   5.0309e+01   1.8536e+01   0.0000e+00   2.4632e-02   2.9866e+02
20261010_21:00:00   1.8841e-01   4.9538e+01   1.8524e+01   0.0000e+00   5.9964e-02   2.9607e+02
20261011_00:00:00   1.9159e-01   5.0178e+01   1.8944e+01   0.0000e+00   2.6965e-01   2.9658e+02
20261011_03:00:00   1.8412e-01   4.8435e+01   1.7845e+01   0.0000e+00   8.0895e-02   3.0432e+02
20261011_06:00:00   1.9218e-01   5.0114e+01   1.8593e+01   0.0000e+00   1.2578e-01   3.0406e+02
20261011_09:00:00   1.9328e-01   5.0280e+01   1.8355e+01   0.0000e+00   7.5734e-02   3.0337e+02
20261011_12:00:00   1.6544e-01   4.4025e+01   1.4387e+01   0.0000e+00   2.7969e-03   3.0356e+02
20261011_15:00:00   1.4303e-01   3.8855e+01   1.0958e+01   0.0000e+00   0.0000e+00   2.9574e+02
20261011_18:00:00   1.2541e-01   3.4766e+01   9.0935e+00   0.0000e+00   0.0000e+00   2.8416e+02
20261011_21:00:00   1.1824e-01   3.3060e+01   8.8685e+00   0.0000e+00   0.0000e+00   2.7679e+02
20261012_00:00:00   1.1871e-01   3.3260e+01   9.1768e+00   0.0000e+00   0.0000e+00   2.7582e+02
20261012_03:00:00   1.1800e-01   3.3051e+01   9.0641e+00   0.0000e+00   0.0000e+00   2.7699e+02
20261012_06:00:00   1.4516e-01   3.9197e+01   1.2911e+01   1.4722e-03   9.4658e-03   2.7551e+02
20261012_09:00:00   1.4008e-01   3.8126e+01   1.1864e+01   0.0000e+00   0.0000e+00   2.8408e+02
20261012_12:00:00   1.5048e-01   4.0553e+01   1.2756e+01   0.0000e+00   0.0000e+00   2.9157e+02
20261012_15:00:00   1.5431e-01   4.1449e+01   1.2552e+01   0.0000e+00   0.0000e+00   2.9638e+02
20261012_18:00:00   1.4731e-01   3.9966e+01   1.1689e+01   0.0000e+00   0.0000e+00   3.0125e+02
20261012_21:00:00   1.3950e-01   3.8330e+01   1.0960e+01   0.0000e+00   0.0000e+00   3.0310e+02
20261013_00:00:00   1.2467e-01   3.4627e+01   9.1595e+00   0.0000e+00   0.0000e+00   3.0294e+02
20261013_03:00:00   1.3152e-01   3.6082e+01   9.5271e+00   0.0000e+00   0.0000e+00   3.0568e+02
20261013_06:00:00   1.3446e-01   3.6509e+01   9.8512e+00   0.0000e+00   0.0000e+00   3.0526e+02
20261013_09:00:00   1.3501e-01   3.6452e+01   9.9218e+00   0.0000e+00   0.0000e+00   3.0396e+02
20261013_12:00:00   1.3041e-01   3.5276e+01   9.1005e+00   0.0000e+00   0.0000e+00   3.0624e+02
20261013_15:00:00   1.3215e-01   3.5576e+01   9.3002e+00   0.0000e+00   1.7308e-03   3.1304e+02
20261013_18:00:00   1.4516e-01   3.8638e+01   1.1039e+01   0.0000e+00   8.8860e-04   3.2184e+02
20261013_21:00:00   1.5681e-01   4.1429e+01   1.2601e+01   7.3720e-05   1.1667e-02   3.2938e+02
20261014_00:00:00   1.3500e-01   3.6587e+01   9.6864e+00   0.0000e+00   0.0000e+00   3.2616e+02
20261014_03:00:00   1.3634e-01   3.6735e+01   9.9553e+00   0.0000e+00   2.5827e-03   3.2786e+02
20261014_06:00:00   1.5742e-01   4.1342e+01   1.2608e+01   0.0000e+00   1.3196e-01   3.2657e+02
20261014_09:00:00   1.5982e-01   4.1840e+01   1.2575e+01   0.0000e+00   7.8759e-02   3.2892e+02
20261014_12:00:00   1.5465e-01   4.0624e+01   1.1715e+01   0.0000e+00   1.0104e-03   3.3137e+02
20261014_15:00:00   1.5346e-01   4.0315e+01   1.1414e+01   0.0000e+00   1.3948e-03   3.3874e+02
20261014_18:00:00   1.6264e-01   4.2416e+01   1.2559e+01   0.0000e+00   1.4309e-01   3.4581e+02
20261014_21:00:00   1.5190e-01   4.0086e+01   1.1505e+01   0.0000e+00   7.7293e-02   3.5116e+02
20261015_00:00:00   1.4100e-01   3.7605e+01   1.0485e+01   0.0000e+00   8.4528e-03   3.4838e+02
20261015_03:00:00   1.2788e-01   3.4581e+01   8.3996e+00   0.0000e+00   8.6541e-03   3.3869e+02
20261015_06:00:00   1.4295e-01   3.7944e+01   1.0349e+01   0.0000e+00   1.9332e-01   3.3647e+02
20261015_09:00:00   1.5308e-01   4.0182e+01   1.1636e+01   0.0000e+00   2.1533e-01   3.3266e+02
20261015_12:00:00   1.7605e-01   4.5422e+01   1.3249e+01   8.3035e-03   3.5529e-03   3.3637e+02
20261015_15:00:00   2.1651e-01   5.4412e+01   1.3443e+01   4.9594e-02   6.0363e-02   3.2956e+02
20261015_18:00:00   1.5099e-01   4.0063e+01   1.1031e+01   0.0000e+00   5.3212e-03   3.2722e+02
20261015_21:00:00   1.4164e-01   3.8124e+01   1.0707e+01   0.0000e+00   1.5833e-04   3.1865e+02
20261016_00:00:00   1.4325e-01   3.8469e+01   1.1668e+01   0.0000e+00   4.0660e-03   3.0764e+02
20261016_03:00:00   1.6293e-01   4.2959e+01   1.4294e+01   0.0000e+00   7.3903e-03   2.9844e+02
20261016_06:00:00   1.7212e-01   4.5110e+01   1.5391e+01   0.0000e+00   1.6287e-04   2.9444e+02
20261016_09:00:00   2.0355e-01   5.2084e+01   1.9211e+01   1.2121e-03   1.0007e-02   2.8351e+02
20261016_12:00:00   5.0473e-01   1.0943e+02   2.2248e+01   3.1327e-01   3.6177e-03   2.7659e+02
20261016_15:00:00   2.6624e-01   6.5760e+01   2.3601e+01   3.2382e-02   1.2797e-02   2.7607e+02
20261016_18:00:00   2.4764e-01   6.2092e+01   2.4647e+01   1.9616e-04   5.1013e-03   2.7243e+02
20261016_21:00:00   2.5126e-01   6.3162e+01   2.5129e+01   2.0320e-03   9.3682e-03   2.6942e+02
20261017_00:00:00   2.4059e-01   6.1073e+01   2.4385e+01   0.0000e+00   8.3871e-02   2.6707e+02
20261017_03:00:00   2.3670e-01   6.0278e+01   2.3669e+01   3.1020e-03   7.9643e-02   2.6670e+02
20261017_06:00:00   2.4001e-01   6.1008e+01   2.3504e+01   8.3660e-03   2.2738e-01   2.6289e+02
20261017_09:00:00   2.2705e-01   5.8213e+01   2.2475e+01   2.4440e-03   1.7671e-01   2.6229e+02
20261017_12:00:00   2.1892e-01   5.6408e+01   2.1827e+01   3.8360e-05   1.4232e-01   2.6001e+02
20261017_15:00:00   2.2459e-01   5.7579e+01   2.2515e+01   1.5780e-03   1.7997e-01   2.5814e+02
20261017_18:00:00   2.3262e-01   5.9419e+01   2.3663e+01   3.4253e-03   1.9324e-01   2.5817e+02
20261017_21:00:00   2.4071e-01   6.1542e+01   2.5336e+01   0.0000e+00   7.4716e-02   2.5735e+02
20261018_00:00:00   2.4881e-01   6.3488e+01   2.6038e+01   1.0858e-03   3.2909e-02   2.5736e+02
20261018_03:00:00   2.4947e-01   6.3681e+01   2.6021e+01   0.0000e+00   3.5941e-03   2.5516e+02
20261018_06:00:00   2.5543e-01   6.4764e+01   2.6317e+01   0.0000e+00   1.6702e-02   2.5649e+02
20261018_09:00:00   2.5078e-01   6.3794e+01   2.5614e+01   0.0000e+00   4.4321e-03   2.5805e+02
20261018_12:00:00   2.6052e-01   6.5780e+01   2.6855e+01   0.0000e+00   1.6568e-04   2.5950e+02
