#            date       tau255        Tb[K]      pwv[mm] lwp[kg*m^-2] iwp[kg*m^-2]       o3[DU]
20260825_18:00:00   1.8567e-01   5.0775e+01   1.8473e+01   0.0000e+00   0.0000e+00   3.2020e+02
20260825_19:00:00   1.8211e-01   4.9994e+01   1.8322e+01   0.0000e+00   0.0000e+00   3.1998e+02
20260825_20:00:00   1.7935e-01   4.9337e+01   1.8325e+01   0.0000e+00   0.0000e+00   3.1912e+02
20260825_21:00:00   1.7679e-01   4.8738e+01   1.8243e+01   0.0000e+00   6.2380e-05   3.1755e+02
20260825_22:00:00   1.7775e-01   4.8969e+01   1.8577e+01   0.0000e+00   5.2439e-03   3.1647e+02
20260825_23:00:00   1.7770e-01   4.8943e+01   1.8748e+01   0.0000e+00   8.1562e-03   3.1503e+02
20260826_00:00:00   1.7894e-01   4.9245e+01   1.8974e+01   0.0000e+00   6.9953e-03   3.1513e+02
20260826_01:00:00   1.8049e-01   4.9608e+01   1.9211e+01   0.0000e+00   5.1542e-03   3.1497e+02
20260826_02:00:00   1.8153e-01   4.9851e+01   1.9338e+01   0.0000e+00   2.9338e-03   3.1489e+02
20260826_03:00:00   1.7803e-01   4.9060e+01   1.8726e+01   0.0000e+00   0.0000e+00   3.1647e+02
20260826_04:00:00   1.7531e-01   4.8441e+01   1.8215e+01   0.0000e+00   0.0000e+00   3.2093e+02
20260826_05:00:00   1.7557e-01   4.8482e+01   1.8125e+01   0.0000e+00   0.0000e+00   3.1984e+02
20260826_06:00:00   1.7484e-01   4.8293e+01   1.7900e+01   0.0000e+00   0.0000e+00   3.1829e+02
20260826_07:00:00   1.7285e-01   4.7791e+01   1.7495e+01   0.0000e+00   0.0000e+00   3.1762e+02
20260826_08:00:00   1.6982e-01   4.7035e+01   1.6963e+01   0.0000e+00   0.0000e+00   3.1593e+02
20260826_09:00:00   1.7226e-01   4.7541e+01   1.7280e+01   0.0000e+00   0.0000e+00   3.1600e+02
20260826_10:00:00   1.7744e-01   4.8711e+01   1.7911e+01   0.0000e+00   0.0000e+00   3.1755e+02
20260826_11:00:00   1.8178e-01   4.9679e+01   1.8438e+01   0.0000e+00   0.0000e+00   3.1766e+02
20260826_12:00:00   1.8568e-01   5.0534e+01   1.8972e+01   0.0000e+00   6.0160e-05   3.1647e+02
20260826_13:00:00   1.9175e-01   5.1844e+01   1.9902e+01   0.0000e+00   1.4422e-04   3.1603e+02
20260826_14:00:00   2.0308e-01   5.4320e+01   2.1624e+01   0.0000e+00   6.2480e-05   3.1598e+02
20260826_15:00:00   2.1007e-01   5.5897e+01   2.2624e+01   0.0000e+00   0.0000e+00   3.1582e+02
20260826_16:00:00   2.1150e-01   5.6258e+01   2.2861e+01   0.0000e+00   0.0000e+00   3.1446e+02
20260826_17:00:00   2.0861e-01   5.5669e+01   2.2504e+01   0.0000e+00   0.0000e+00   3.1335e+02
20260826_18:00:00   2.0028e-01   5.3864e+01   2.1471e+01   0.0000e+00   0.0000e+00   3.1434e+02
20260826_19:00:00   1.8866e-01   5.1319e+01   2.0015e+01   0.0000e+00   0.0000e+00   3.1375e+02
20260826_20:00:00   1.7954e-01   4.9296e+01   1.8835e+01   0.0000e+00   0.0000e+00   3.1290e+02
20260826_21:00:00   1.7711e-01   4.8793e+01   1.8634e+01   0.0000e+00   3.2925e-04   3.1174e+02
20260826_22:00:00   1.7454e-01   4.8228e+01   1.8436e+01   0.0000e+00   2.8908e-03   3.1129e+02
20260826_23:00:00   1.7525e-01   4.8375e+01   1.8666e+01   0.0000e+00   8.7504e-03   3.1155e+02
20260827_00:00:00   1.8048e-01   4.9542e+01   1.9570e+01   0.0000e+00   1.0025e-02   3.1150e+02
20260827_01:00:00   1.8994e-01   5.1762e+01   2.0886e+01   0.0000e+00   5.3720e-03   3.1145e+02
20260827_02:00:00   1.9857e-01   5.3911e+01   2.1610e+01   0.0000e+00   1.9878e-03   3.1217e+02
20260827_03:00:00   1.9098e-01   5.2141e+01   2.0319e+01   0.0000e+00   2.1340e-03   3.1464e+02
20260827_04:00:00   1.8697e-01   5.1249e+01   1.9539e+01   0.0000e+00   1.2180e-03   3.1756e+02
20260827_05:00:00   1.9126e-01   5.2313e+01   1.9562e+01   0.0000e+00   2.5511e-03   3.2041e+02
20260827_06:00:00   1.9246e-01   5.2572e+01   1.9063e+01   0.0000e+00   4.7484e-03   3.2233e+02
20260827_07:00:00   1.9025e-01   5.1947e+01   1.8311e+01   0.0000e+00   6.0460e-03   3.2305e+02
20260827_08:00:00   1.9600e-01   5.3187e+01   1.8667e+01   0.0000e+00   6.4841e-03   3.2239e+02
20260827_09:00:00   2.0723e-01   5.5593e+01   2.0286e+01   0.0000e+00   6.5069e-03   3.1974e+02
20260827_10:00:00   2.1523e-01   5.7195e+01   2.1742e+01   0.0000e+00   1.1490e-02   3.1754e+02
20260827_11:00:00   2.1868e-01   5.7802e+01   2.2431e+01   0.0000e+00   2.4308e-02   3.1523e+02
20260827_12:00:00   2.1821e-01   5.7563e+01   2.2480e+01   0.0000e+00   2.4865e-02   3.1391e+02
20260827_13:00:00   2.1126e-01   5.5911e+01   2.1633e+01   0.0000e+00   1.4907e-02   3.1501e+02
20260827_14:00:00   2.0551e-01   5.4577e+01   2.0905e+01   0.0000e+00   6.5159e-03   3.1791e+02
20260827_15:00:00   2.0422e-01   5.4304e+01   2.0817e+01   0.0000e+00   1.4634e-02   3.1899e+02
20260827_16:00:00   2.0461e-01   5.4389e+01   2.1024e+01   0.0000e+00   2.9787e-02   3.2090e+02
20260827_17:00:00   2.0020e-01   5.3404e+01   2.0723e+01   0.0000e+00   3.6839e-02   3.2412e+02
20260827_18:00:00   1.9665e-01   5.2578e+01   2.0533e+01   0.0000e+00   5.8365e-02   3.2826e+02
20260827_19:00:00   1.9317e-01   5.1771e+01   2.0287e+01   0.0000e+00   7.0102e-03   3.2842e+02
20260827_20:00:00   1.8607e-01   5.0176e+01   1.9532e+01   0.0000e+00   1.3438e-02   3.2860e+02
20260827_21:00:00   1.7611e-01   4.7848e+01   1.8390e+01   0.0000e+00   1.3980e-01   3.2585e+02
20260827_22:00:00   1.7301e-01   4.7096e+01   1.8036e+01   0.0000e+00   3.1135e-02   3.2380e+02
20260827_23:00:00   1.6121e-01   4.4411e+01   1.6299e+01   0.0000e+00   1.2660e-05   3.2291e+02
20260828_00:00:00   1.5467e-01   4.2928e+01   1.5174e+01   0.0000e+00   0.0000e+00   3.2364e+02
20260828_01:00:00   1.4350e-01   4.0250e+01   1.3520e+01   0.0000e+00   0.0000e+00   3.2484e+02
20260828_02:00:00   1.3386e-01   3.7843e+01   1.2117e+01   0.0000e+00   1.5315e-04   3.2572e+02
20260828_03:00:00   1.2874e-01   3.6484e+01   1.1261e+01   0.0000e+00   1.7076e-03   3.2718e+02
20260828_04:00:00   1.3025e-01   3.6817e+01   1.1250e+01   0.0000e+00   4.5132e-03   3.2810e+02
20260828_05:00:00   1.3593e-01   3.8175e+01   1.1845e+01   0.0000e+00   4.0374e-03   3.2788e+02
20260828_06:00:00   1.4334e-01   3.9925e+01   1.2688e+01   0.0000e+00   4.9765e-03   3.2915e+02
20260828_07:00:00   1.5111e-01   4.1739e+01   1.3554e+01   0.0000e+00   4.0718e-03   3.3086e+02
20260828_08:00:00   1.5863e-01   4.3481e+01   1.4363e+01   0.0000e+00   1.0079e-03   3.3144e+02
20260828_09:00:00   1.6459e-01   4.4834e+01   1.4996e+01   0.0000e+00   1.1272e-04   3.3151e+02
20260828_10:00:00   1.6907e-01   4.5849e+01   1.5360e+01   0.0000e+00   0.0000e+00   3.3032e+02
20260828_11:00:00   1.7377e-01   4.6913e+01   1.5735e+01   0.0000e+00   0.0000e+00   3.2928e+02
20260828_12:00:00   1.7761e-01   4.7769e+01   1.6057e+01   0.0000e+00   0.0000e+00   3.2997e+02
20260828_13:00:00   1.8096e-01   4.8494e+01   1.6378e+01   0.0000e+00   0.0000e+00   3.3098e+02
20260828_14:00:00   1.8306e-01   4.8947e+01   1.6575e+01   0.0000e+00   0.0000e+00   3.3196e+02
20260828_15:00:00   1.8244e-01   4.8849e+01   1.6572e+01   0.0000e+00   0.0000e+00   3.3135e+02
20260828_16:00:00   1.8281e-01   4.8998e+01   1.6739e+01   0.0000e+00   0.0000e+00   3.3160e+02
20260828_17:00:00   1.8190e-01   4.8856e+01   1.6849e+01   0.0000e+00   0.0000e+00   3.3144e+02
20260828_18:00:00   1.8158e-01   4.8827e+01   1.7078e+01   0.0000e+00   0.0000e+00   3.3123e+02
20260828_19:00:00   1.8013e-01   4.8535e+01   1.7180e+01   0.0000e+00   0.0000e+00   3.3126e+02
20260828_20:00:00   1.7864e-01   4.8237e+01   1.7268e+01   0.0000e+00   0.0000e+00   3.3197e+02
20260828_21:00:00   1.7935e-01   4.8440e+01   1.7549e+01   0.0000e+00   0.0000e+00   3.3219e+02
20260828_22:00:00   1.7994e-01   4.8601e+01   1.7862e+01   0.0000e+00   0.0000e+00   3.3271e+02
20260828_23:00:00   1.8019e-01   4.8648e+01   1.8086e+01   0.0000e+00   4.7080e-05   3.3331e+02
20260829_00:00:00   1.7769e-01   4.8041e+01   1.7930e+01   0.0000e+00   0.0000e+00   3.3427e+02
20260829_01:00:00   1.7640e-01   4.7709e+01   1.7793e+01   0.0000e+00   3.1380e-06   3.3441e+02
20260829_02:00:00   1.7453e-01   4.7241e+01   1.7483e+01   0.0000e+00   4.5700e-06   3.3663e+02
20260829_03:00:00   1.7246e-01   4.6717e+01   1.7038e+01   0.0000e+00   1.8268e-05   3.3767e+02
20260829_04:00:00   1.7595e-01   4.7534e+01   1.7192e+01   1.7140e-05   4.7652e-05   3.3853e+02
20260829_05:00:00   1.8524e-01   4.9740e+01   1.7832e+01   0.0000e+00   7.8460e-06   3.4059e+02
20260829_06:00:00   1.8945e-01   5.0693e+01   1.7954e+01   0.0000e+00   0.0000e+00   3.4283e+02
20260829_07:00:00   1.9503e-01   5.1903e+01   1.8272e+01   0.0000e+00   0.0000e+00   3.4525e+02
20260829_08:00:00   2.0124e-01   5.3248e+01   1.8602e+01   0.0000e+00   0.0000e+00   3.5474e+02
20260829_09:00:00   2.0471e-01   5.3968e+01   1.8726e+01   0.0000e+00   0.0000e+00   3.5913e+02
20260829_10:00:00   2.0952e-01   5.4934e+01   1.9301e+01   0.0000e+00   0.0000e+00   3.5540e+02
20260829_11:00:00   2.1440e-01   5.5925e+01   1.9808e+01   0.0000e+00   0.0000e+00   3.5636e+02
20260829_12:00:00   2.1861e-01   5.6774e+01   2.0174e+01   0.0000e+00   4.2860e-06   3.5374e+02
20260829_13:00:00   2.1762e-01   5.6490e+01   1.9945e+01   0.0000e+00   1.5692e-05   3.4919e+02
20260829_14:00:00   2.1122e-01   5.5047e+01   1.9242e+01   0.0000e+00   0.0000e+00   3.4693e+02
20260829_15:00:00   2.0285e-01   5.3240e+01   1.8494e+01   0.0000e+00   0.0000e+00   3.4657e+02
20260829_16:00:00   1.9570e-01   5.1708e+01   1.7919e+01   0.0000e+00   0.0000e+00   3.4362e+02
20260829_17:00:00   1.9043e-01   5.0580e+01   1.7644e+01   0.0000e+00   2.3540e-05   3.3957e+02
20260829_18:00:00   1.8707e-01   4.9887e+01   1.7559e+01   0.0000e+00   2.8560e-06   3.3473e+02
20260829_19:00:00   1.8406e-01   4.9249e+01   1.7511e+01   0.0000e+00   3.8499e-04   3.3175e+02
20260829_20:00:00   1.8088e-01   4.8561e+01   1.7457e+01   0.0000e+00   0.0000e+00   3.3189e+02
20260829_21:00:00   1.8009e-01   4.8424e+01   1.7697e+01   0.0000e+00   0.0000e+00   3.2929e+02
20260829_22:00:00   1.8157e-01   4.8795e+01   1.8154e+01   0.0000e+00   0.0000e+00   3.2702e+02
20260829_23:00:00   1.8376e-01   4.9328e+01   1.8614e+01   0.0000e+00   1.3696e-05   3.2588e+02
20260830_00:00:00   1.8583e-01   4.9812e+01   1.9104e+01   0.0000e+00   1.2453e-04   3.2372e+02
20260830_01:00:00   1.8878e-01   5.0489e+01   1.9650e+01   0.0000e+00   5.1092e-04   3.2050e+02
20260830_02:00:00   1.9125e-01   5.1050e+01   2.0035e+01   0.0000e+00   7.7218e-04   3.1922e+02
20260830_03:00:00   1.9352e-01   5.1514e+01   2.0293e+01   0.0000e+00   1.5401e-03   3.1717e+02
20260830_04:00:00   1.9531e-01   5.1881e+01   2.0495e+01   0.0000e+00   1.1011e-03   3.1580e+02
20260830_05:00:00   1.9919e-01   5.2742e+01   2.0811e+01   0.0000e+00   0.0000e+00   3.1406e+02
20260830_06:00:00   2.0410e-01   5.3834e+01   2.1181e+01   0.0000e+00   0.0000e+00   3.1372e+02
20260830_07:00:00   2.0767e-01   5.4610e+01   2.1379e+01   0.0000e+00   0.0000e+00   3.1317e+02
20260830_08:00:00   2.0934e-01   5.4959e+01   2.1396e+01   0.0000e+00   0.0000e+00   3.1323e+02
20260830_09:00:00   2.1015e-01   5.5115e+01   2.1400e+01   0.0000e+00   0.0000e+00   3.1351e+02
20260830_10:00:00   2.1026e-01   5.5125e+01   2.1333e+01   0.0000e+00   0.0000e+00   3.1357e+02
20260830_11:00:00   2.0977e-01   5.4988e+01   2.1234e+01   0.0000e+00   0.0000e+00   3.1412e+02
20260830_12:00:00   2.0879e-01   5.4739e+01   2.1113e+01   0.0000e+00   9.9840e-05   3.1503e+02
20260830_13:00:00   2.0706e-01   5.4335e+01   2.0867e+01   0.0000e+00   2.0300e-05   3.1617e+02
20260830_14:00:00   2.0529e-01   5.3926e+01   2.0699e+01   0.0000e+00   0.0000e+00   3.1691e+02
20260830_15:00:00   2.0493e-01   5.3874e+01   2.0830e+01   0.0000e+00   0.0000e+00   3.1663e+02
20260830_16:00:00   2.0520e-01   5.3970e+01   2.1045e+01   0.0000e+00   0.0000e+00   3.1546e+02
20260830_17:00:00   2.0333e-01   5.3637e+01   2.0957e+01   0.0000e+00   0.0000e+00   3.1495e+02
20260830_18:00:00   2.0171e-01   5.3357e+01   2.0907e+01   0.0000e+00   0.0000e+00   3.1527e+02
20260830_21:00:00   1.9493e-01   5.2031e+01   2.0663e+01   0.0000e+00   0.0000e+00   3.1582e+02
20260831_00:00:00   1.9395e-01   5.1947e+01   2.1012e+01   0.0000e+00   1.1770e-05   3.1508e+02
20260831_03:00:00   2.0049e-01   5.3385e+01   2.1827e+01   0.0000e+00   0.0000e+00   3.1538e+02
20260831_06:00:00   2.0092e-01   5.3393e+01   2.1480e+01   0.0000e+00   1.4866e-05   3.1787e+02
20260831_09:00:00   2.0648e-01   5.4524e+01   2.1769e+01   0.0000e+00   5.0620e-05   3.1989e+02
20260831_12:00:00   2.1391e-01   5.6012e+01   2.2565e+01   0.0000e+00   0.0000e+00   3.2233e+02
20260831_15:00:00   2.1989e-01   5.7230e+01   2.3250e+01   0.0000e+00   5.2750e-03   3.2608e+02
20260831_18:00:00   2.1529e-01   5.6322e+01   2.3019e+01   0.0000e+00   3.7938e-02   3.3067e+02
20260831_21:00:00   2.1365e-01   5.6091e+01   2.3220e+01   0.0000e+00   5.1064e-02   3.2811e+02
20260901_00:00:00   2.2681e-01   5.9194e+01   2.5006e+01   0.0000e+00   4.6675e-02   3.2706e+02
20260901_03:00:00   2.3213e-01   6.0388e+01   2.5468e+01   0.0000e+00   1.0398e-02   3.2822e+02
20260901_06:00:00   2.5209e-01   6.4701e+01   2.6812e+01   0.0000e+00   3.2132e-02   3.2912e+02
20260901_09:00:00   2.7082e-01   6.8490e+01   2.7760e+01   1.2122e-03   6.4134e-02   3.3030e+02
20260901_12:00:00   2.7341e-01   6.8822e+01   2.7536e+01   1.4552e-03   5.3721e-02   3.2870e+02
20260901_15:00:00   2.8757e-01   7.1531e+01   2.8287e+01   6.0526e-03   9.7065e-02   3.3527e+02
20260901_18:00:00   3.6294e-01   8.6323e+01   2.8357e+01   8.6819e-02   3.2839e-01   3.4059e+02
20260901_21:00:00   2.6547e-01   6.6898e+01   2.6126e+01   2.0792e-04   9.5849e-02   3.4788e+02
20260902_00:00:00   2.5903e-01   6.5595e+01   2.1713e+01   3.0793e-02   4.8080e-04   3.5574e+02
20260902_03:00:00   2.2940e-01   5.9234e+01   2.0893e+01   3.5817e-03   4.1516e-04   3.5606e+02
20260902_06:00:00   2.1180e-01   5.5166e+01   1.9109e+01   0.0000e+00   0.0000e+00   3.5446e+02
20260902_09:00:00   2.0211e-01   5.2724e+01   1.8504e+01   0.0000e+00   1.0646e-03   3.3026e+02
20260902_12:00:00   1.9393e-01   5.0734e+01   1.7801e+01   0.0000e+00   3.8978e-02   3.3482e+02
20260902_15:00:00   2.3163e-01   5.8663e+01   2.2791e+01   5.9500e-05   6.4351e-01   3.3342e+02
20260902_18:00:00   2.3207e-01   5.8880e+01   2.2821e+01   0.0000e+00   1.8314e-01   3.4052e+02
20260902_21:00:00   3.4534e-01   8.2196e+01   2.3038e+01   1.2352e-01   1.3568e-01   3.4107e+02
20260903_00:00:00   2.7431e-01   6.8351e+01   2.0183e+01   5.7823e-02   1.4528e-03   3.4555e+02
20260903_03:00:00   2.6540e-01   6.6290e+01   1.8252e+01   6.2744e-02   1.5787e-03   3.5003e+02
20260903_06:00:00   2.0531e-01   5.3415e+01   1.7764e+01   1.6814e-05   1.4765e-04   3.5249e+02
20260903_09:00:00   1.9979e-01   5.2083e+01   1.7234e+01   0.0000e+00   0.0000e+00   3.4755e+02
20260903_12:00:00   1.8895e-01   4.9583e+01   1.5841e+01   0.0000e+00   5.7140e-07   3.4884e+02
20260903_15:00:00   1.8032e-01   4.7595e+01   1.5198e+01   0.0000e+00   0.0000e+00   3.4156e+02
20260903_18:00:00   1.7067e-01   4.5620e+01   1.4725e+01   0.0000e+00   0.0000e+00   3.3206e+02
20260903_21:00:00   1.7614e-01   4.6930e+01   1.5023e+01   8.2964e-03   3.3066e-02   3.2710e+02
20260904_00:00:00   1.6552e-01   4.4668e+01   1.4863e+01   1.0200e-04   2.1086e-02   3.2029e+02
20260904_03:00:00   1.6118e-01   4.3665e+01   1.4153e+01   0.0000e+00   1.0496e-02   3.1535e+02
20260904_06:00:00   1.5701e-01   4.2688e+01   1.3458e+01   0.0000e+00   0.0000e+00   3.1195e+02
20260904_09:00:00   1.6255e-01   4.3929e+01   1.3931e+01   0.0000e+00   0.0000e+00   3.1084e+02
20260904_12:00:00   1.6515e-01   4.4451e+01   1.4340e+01   0.0000e+00   0.0000e+00   3.1468e+02
20260904_15:00:00   1.6597e-01   4.4568e+01   1.4579e+01   0.0000e+00   0.0000e+00   3.1747e+02
20260904_18:00:00   1.5899e-01   4.3081e+01   1.4031e+01   0.0000e+00   3.2180e-04   3.2073e+02
20260904_21:00:00   1.5608e-01   4.2515e+01   1.4221e+01   0.0000e+00   0.0000e+00   3.2741e+02
20260905_00:00:00   1.7090e-01   4.5962e+01   1.5881e+01   3.3040e-03   1.3360e-03   3.3145e+02
20260905_03:00:00   2.5122e-01   6.3158e+01   1.9097e+01   5.3829e-02   6.3504e-02   3.3484e+02
20260905_06:00:00   2.9303e-01   7.0965e+01   1.8543e+01   9.8924e-02   3.1077e-01   3.3996e+02
20260905_09:00:00   1.8103e-01   4.7419e+01   1.5572e+01   0.0000e+00   7.5310e-02   3.6419e+02
20260905_12:00:00   1.6961e-01   4.4776e+01   1.4103e+01   0.0000e+00   9.1662e-05   3.6835e+02
20260905_15:00:00   1.9157e-01   4.9410e+01   1.6190e+01   3.2558e-03   5.9449e-02   3.6837e+02
20260905_18:00:00   1.7807e-01   4.6465e+01   1.5152e+01   2.1340e-03   1.6394e-02   3.6269e+02
20260905_21:00:00   1.6362e-01   4.3260e+01   1.3296e+01   6.0400e-03   2.1405e-02   3.5831e+02
20260906_00:00:00   1.4528e-01   3.9182e+01   1.1993e+01   4.7080e-05   2.3236e-03   3.5832e+02
20260906_03:00:00   1.3212e-01   3.6038e+01   1.0301e+01   0.0000e+00   6.1179e-04   3.4393e+02
20260906_06:00:00   1.3097e-01   3.5644e+01   1.0411e+01   0.0000e+00   3.5969e-02   3.4191e+02
20260906_09:00:00   1.5480e-01   4.1091e+01   1.3633e+01   0.0000e+00   1.5680e-03   3.4053e+02
20260906_12:00:00   1.6070e-01   4.2446e+01   1.4278e+01   0.0000e+00   1.7975e-02   3.4298e+02
20260906_15:00:00   1.6455e-01   4.3263e+01   1.4844e+01   0.0000e+00   1.0490e-03   3.4349e+02
20260906_18:00:00   1.5541e-01   4.1432e+01   1.3711e+01   0.0000e+00   1.7774e-05   3.3939e+02
20260906_21:00:00   1.4953e-01   4.0293e+01   1.3452e+01   0.0000e+00   2.5100e-06   3.3419e+02
20260907_00:00:00   1.4829e-01   4.0140e+01   1.3697e+01   0.0000e+00   1.0562e-04   3.3502e+02
20260907_03:00:00   1.5463e-01   4.1587e+01   1.4573e+01   0.0000e+00   1.6735e-03   3.3553e+02
20260907_06:00:00   1.6380e-01   4.3652e+01   1.5651e+01   0.0000e+00   9.0842e-03   3.3746e+02
20260907_09:00:00   1.6907e-01   4.4773e+01   1.6230e+01   0.0000e+00   1.3167e-02   3.3961e+02
20260907_12:00:00   1.7116e-01   4.5141e+01   1.6447e+01   0.0000e+00   8.5532e-02   3.3753e+02
20260907_15:00:00   1.6914e-01   4.4690e+01   1.6160e+01   0.0000e+00   7.2636e-02   3.3775e+02
20260907_18:00:00   1.6871e-01   4.4766e+01   1.6234e+01   0.0000e+00   2.5896e-02   3.3927e+02
20260907_21:00:00   1.7179e-01   4.5703e+01   1.6865e+01   0.0000e+00   1.6453e-02   3.3841e+02
20260908_00:00:00   1.7636e-01   4.6931e+01   1.7554e+01   0.0000e+00   4.9605e-02   3.3532e+02
20260908_03:00:00   1.8279e-01   4.8462e+01   1.8249e+01   0.0000e+00   5.6200e-03   3.3217e+02
20260908_06:00:00   1.8663e-01   4.9361e+01   1.8486e+01   0.0000e+00   2.6024e-04   3.3079e+02
20260908_09:00:00   1.8627e-01   4.9326e+01   1.8107e+01   0.0000e+00   5.0200e-06   3.2928e+02
20260908_12:00:00   1.8532e-01   4.9161e+01   1.7706e+01   0.0000e+00   0.0000e+00   3.2323e+02
20260908_15:00:00   1.8046e-01   4.8165e+01   1.6886e+01   0.0000e+00   0.0000e+00   3.1696e+02
20260908_18:00:00   1.7014e-01   4.6098e+01   1.5943e+01   0.0000e+00   0.0000e+00   3.1392e+02
20260908_21:00:00   1.6129e-01   4.4265e+01   1.5307e+01   0.0000e+00   0.0000e+00   3.1354e+02
20260909_00:00:00   1.5482e-01   4.2860e+01   1.4837e+01   0.0000e+00   0.0000e+00   3.1299e+02
20260909_03:00:00   1.5958e-01   4.3973e+01   1.5575e+01   0.0000e+00   0.0000e+00   3.1443e+02
20260909_06:00:00   1.6508e-01   4.5184e+01   1.6157e+01   0.0000e+00   0.0000e+00   3.2353e+02
20260909_09:00:00   1.7405e-01   4.7137e+01   1.7454e+01   0.0000e+00   0.0000e+00   3.2262e+02
20260909_12:00:00   1.7780e-01   4.7931e+01   1.7963e+01   0.0000e+00   0.0000e+00   3.1525e+02
20260909_15:00:00   1.7665e-01   4.7706e+01   1.7690e+01   0.0000e+00   0.0000e+00   3.1307e+02
20260909_18:00:00   1.6696e-01   4.5741e+01   1.6799e+01   0.0000e+00   0.0000e+00   3.0832e+02
20260909_21:00:00   1.5823e-01   4.3794e+01   1.6182e+01   0.0000e+00   0.0000e+00   3.0615e+02
20260910_00:00:00   1.5265e-01   4.2510e+01   1.5604e+01   0.0000e+00   0.0000e+00   3.0536e+02
20260910_03:00:00   1.5126e-01   4.2125e+01   1.5351e+01   0.0000e+00   0.0000e+00   3.0220e+02
20260910_06:00:00   1.5870e-01   4.3767e+01   1.6197e+01   0.0000e+00   0.0000e+00   3.0145e+02
20260910_09:00:00   1.6598e-01   4.5339e+01   1.6983e+01   0.0000e+00   1.0348e-06   3.0118e+02
20260910_12:00:00   1.6924e-01   4.6050e+01   1.7201e+01   0.0000e+00   0.0000e+00   2.9982e+02
20260910_15:00:00   1.7577e-01   4.7519e+01   1.7937e+01   0.0000e+00   0.0000e+00   2.9892e+02
20260910_18:00:00   1.7973e-01   4.8479e+01   1.8989e+01   0.0000e+00   1.9348e-02   2.9723e+02
