#            date       tau255        Tb[K]      pwv[mm] lwp[kg*m^-2] iwp[kg*m^-2]       o3[DU]
20260814_00:00:00   3.6658e-01   8.7544e+01   2.4460e+01   1.4294e-01   1.3654e-02   3.4690e+02
20260814_01:00:00   3.3071e-01   8.0882e+01   2.5031e+01   9.8380e-02   7.2519e-03   3.4805e+02
20260814_02:00:00   2.5347e-01   6.5332e+01   2.5265e+01   8.2466e-03   6.1847e-03   3.5015e+02
20260814_03:00:00   2.5115e-01   6.4854e+01   2.5647e+01   2.4720e-04   4.8630e-04   3.5320e+02
20260814_04:00:00   2.5369e-01   6.5346e+01   2.5830e+01   5.7400e-04   3.4500e-03   3.5622e+02
20260814_05:00:00   2.5420e-01   6.5393e+01   2.6056e+01   0.0000e+00   5.8063e-03   3.5843e+02
20260814_06:00:00   2.5328e-01   6.5135e+01   2.6008e+01   0.0000e+00   1.2972e-03   3.5646e+02
20260814_07:00:00   2.5397e-01   6.5235e+01   2.5931e+01   0.0000e+00   4.0429e-04   3.5469e+02
20260814_08:00:00   2.5707e-01   6.5804e+01   2.6110e+01   0.0000e+00   2.8580e-04   3.5357e+02
20260814_09:00:00   2.5659e-01   6.5629e+01   2.6008e+01   0.0000e+00   1.0348e-06   3.5175e+02
20260814_10:00:00   2.5476e-01   6.5158e+01   2.5860e+01   0.0000e+00   1.6727e-05   3.5056e+02
20260814_11:00:00   2.5571e-01   6.5275e+01   2.5987e+01   0.0000e+00   8.7920e-05   3.4789e+02
20260814_12:00:00   2.5603e-01   6.5262e+01   2.6030e+01   0.0000e+00   3.6717e-04   3.4711e+02
20260814_13:00:00   2.5605e-01   6.5213e+01   2.5993e+01   0.0000e+00   3.9587e-04   3.4665e+02
20260814_14:00:00   2.5459e-01   6.4886e+01   2.5756e+01   0.0000e+00   7.3078e-04   3.4686e+02
20260814_15:00:00   2.5327e-01   6.4636e+01   2.5705e+01   0.0000e+00   4.3688e-03   3.4540e+02
20260814_16:00:00   2.5233e-01   6.4477e+01   2.5775e+01   0.0000e+00   1.3668e-02   3.4494e+02
20260814_17:00:00   2.4844e-01   6.3723e+01   2.5593e+01   0.0000e+00   1.9294e-02   3.4452e+02
20260814_18:00:00   2.4617e-01   6.3319e+01   2.5557e+01   0.0000e+00   9.0031e-03   3.4158e+02
20260814_19:00:00   2.4473e-01   6.3081e+01   2.5628e+01   0.0000e+00   1.6463e-02   3.4196e+02
20260814_20:00:00   2.4086e-01   6.2324e+01   2.5378e+01   0.0000e+00   8.4113e-03   3.4431e+02
20260814_21:00:00   2.3803e-01   6.1799e+01   2.5090e+01   8.8800e-05   7.0894e-03   3.4486e+02
20260814_22:00:00   2.6199e-01   6.6950e+01   2.4903e+01   2.8768e-02   1.3311e-02   3.4501e+02
20260814_23:00:00   2.8687e-01   7.2238e+01   2.5737e+01   4.6627e-02   1.7499e-03   3.4001e+02
20260815_00:00:00   3.7378e-01   8.9090e+01   2.6622e+01   1.3417e-01   7.8570e-03   3.3812e+02
20260815_01:00:00   2.5289e-01   6.5432e+01   2.5912e+01   5.8940e-03   3.7815e-04   3.3699e+02
20260815_02:00:00   2.5461e-01   6.5765e+01   2.6672e+01   1.1828e-03   1.0510e-03   3.3569e+02
20260815_03:00:00   2.6972e-01   6.8870e+01   2.7580e+01   8.3520e-03   5.9200e-03   3.3569e+02
20260815_04:00:00   2.5752e-01   6.6242e+01   2.7083e+01   0.0000e+00   1.3017e-02   3.3657e+02
20260815_05:00:00   2.7038e-01   6.8881e+01   2.7169e+01   9.7523e-03   2.6980e-03   3.3833e+02
20260815_06:00:00   2.5406e-01   6.5473e+01   2.6048e+01   4.2684e-04   6.0515e-04   3.3760e+02
20260815_07:00:00   2.4392e-01   6.3298e+01   2.4663e+01   0.0000e+00   2.3999e-05   3.3668e+02
20260815_08:00:00   2.3813e-01   6.2035e+01   2.3721e+01   0.0000e+00   7.7600e-06   3.3578e+02
20260815_09:00:00   2.3748e-01   6.1868e+01   2.3375e+01   0.0000e+00   5.9463e-04   3.3499e+02
20260815_10:00:00   2.3648e-01   6.1627e+01   2.3049e+01   0.0000e+00   1.3030e-03   3.3398e+02
20260815_11:00:00   2.3235e-01   6.0723e+01   2.2446e+01   0.0000e+00   3.1108e-03   3.3383e+02
20260815_12:00:00   2.3502e-01   6.1242e+01   2.2823e+01   0.0000e+00   5.4260e-03   3.3160e+02
20260815_13:00:00   2.4755e-01   6.3840e+01   2.3936e+01   5.2320e-03   5.2231e-03   3.2810e+02
20260815_14:00:00   3.1005e-01   7.6552e+01   2.5416e+01   6.4240e-02   6.3337e-03   3.2623e+02
20260815_15:00:00   2.5280e-01   6.4901e+01   2.5877e+01   4.7560e-04   1.4104e-02   3.2629e+02
20260815_16:00:00   2.4530e-01   6.3430e+01   2.4905e+01   1.3730e-04   7.6064e-03   3.2741e+02
20260815_17:00:00   2.3559e-01   6.1484e+01   2.3675e+01   0.0000e+00   1.5408e-02   3.2820e+02
20260815_18:00:00   2.3415e-01   6.1239e+01   2.3862e+01   0.0000e+00   2.8601e-02   3.2830e+02
20260815_19:00:00   2.4343e-01   6.3218e+01   2.5350e+01   1.3854e-03   2.6897e-02   3.2775e+02
20260815_20:00:00   2.5160e-01   6.4918e+01   2.6954e+01   0.0000e+00   4.8267e-02   3.2892e+02
20260815_21:00:00   2.4881e-01   6.4315e+01   2.6908e+01   0.0000e+00   4.4450e-02   3.2955e+02
20260815_22:00:00   2.3883e-01   6.2263e+01   2.5763e+01   8.5700e-06   1.0831e-02   3.2930e+02
20260815_23:00:00   2.3257e-01   6.1029e+01   2.4999e+01   0.0000e+00   8.4588e-03   3.2858e+02
20260816_00:00:00   2.2531e-01   5.9542e+01   2.4068e+01   0.0000e+00   1.4819e-04   3.3043e+02
20260816_01:00:00   2.2207e-01   5.8863e+01   2.3614e+01   0.0000e+00   0.0000e+00   3.3089e+02
20260816_02:00:00   2.2999e-01   6.0582e+01   2.4100e+01   4.6281e-03   1.8391e-03   3.3053e+02
20260816_03:00:00   3.5369e-01   8.5278e+01   2.5631e+01   1.3024e-01   2.6565e-02   3.3199e+02
20260816_04:00:00   3.7467e-01   8.9287e+01   2.6981e+01   1.3901e-01   3.7240e-02   3.3407e+02
20260816_05:00:00   2.5389e-01   6.5730e+01   2.6470e+01   5.6539e-03   8.0187e-03   3.3472e+02
20260816_06:00:00   2.4561e-01   6.4040e+01   2.5776e+01   0.0000e+00   4.7718e-05   3.3397e+02
20260816_07:00:00   2.4314e-01   6.3501e+01   2.5269e+01   0.0000e+00   1.5692e-05   3.3243e+02
20260816_08:00:00   2.4774e-01   6.4408e+01   2.5830e+01   0.0000e+00   0.0000e+00   3.3048e+02
20260816_09:00:00   2.5045e-01   6.4911e+01   2.6140e+01   0.0000e+00   1.5558e-04   3.3024e+02
20260816_10:00:00   2.4399e-01   6.3510e+01   2.5197e+01   0.0000e+00   2.8749e-03   3.3081e+02
20260816_11:00:00   2.3797e-01   6.2192e+01   2.4356e+01   0.0000e+00   5.7338e-03   3.3106e+02
20260816_12:00:00   2.3709e-01   6.1956e+01   2.4221e+01   0.0000e+00   1.8344e-02   3.3164e+02
20260816_13:00:00   2.4121e-01   6.2768e+01   2.4741e+01   0.0000e+00   4.4482e-02   3.3232e+02
20260816_14:00:00   2.4494e-01   6.3509e+01   2.5239e+01   0.0000e+00   6.1214e-02   3.3354e+02
20260816_15:00:00   2.4852e-01   6.4258e+01   2.5793e+01   0.0000e+00   8.4371e-02   3.3471e+02
20260816_16:00:00   2.5144e-01   6.4848e+01   2.6366e+01   0.0000e+00   6.6878e-02   3.3503e+02
20260816_17:00:00   2.5309e-01   6.5241e+01   2.6639e+01   0.0000e+00   3.4998e-02   3.3547e+02
20260816_18:00:00   2.4897e-01   6.4485e+01   2.6177e+01   5.1000e-05   3.1520e-02   3.3434e+02
20260816_19:00:00   2.4672e-01   6.4111e+01   2.6043e+01   0.0000e+00   1.5237e-02   3.3385e+02
20260816_20:00:00   2.3985e-01   6.2777e+01   2.5363e+01   0.0000e+00   3.5073e-03   3.3288e+02
20260816_21:00:00   2.3424e-01   6.1700e+01   2.4832e+01   0.0000e+00   1.1319e-03   3.3387e+02
20260816_22:00:00   2.3180e-01   6.1166e+01   2.4915e+01   0.0000e+00   6.7800e-06   3.3568e+02
20260816_23:00:00   2.2989e-01   6.0675e+01   2.4982e+01   0.0000e+00   0.0000e+00   3.3779e+02
20260817_00:00:00   2.2978e-01   6.0656e+01   2.5142e+01   0.0000e+00   0.0000e+00   3.3861e+02
20260817_01:00:00   2.3151e-01   6.1017e+01   2.5414e+01   2.8780e-04   3.6181e-05   3.3458e+02
20260817_02:00:00   2.3005e-01   6.0698e+01   2.5220e+01   2.2539e-04   2.7940e-05   3.3273e+02
20260817_03:00:00   2.2988e-01   6.0652e+01   2.4840e+01   2.5261e-03   1.3219e-03   3.3007e+02
20260817_04:00:00   2.2905e-01   6.0523e+01   2.4709e+01   1.2946e-04   4.3947e-03   3.2926e+02
20260817_05:00:00   2.3501e-01   6.1836e+01   2.5097e+01   0.0000e+00   6.2944e-03   3.2850e+02
20260817_06:00:00   2.4044e-01   6.2984e+01   2.5440e+01   0.0000e+00   7.6810e-03   3.2678e+02
20260817_07:00:00   2.4202e-01   6.3282e+01   2.5437e+01   0.0000e+00   5.6592e-03   3.2674e+02
20260817_08:00:00   2.4015e-01   6.2827e+01   2.5101e+01   0.0000e+00   5.1130e-03   3.2586e+02
20260817_09:00:00   2.3755e-01   6.2220e+01   2.4663e+01   0.0000e+00   8.1262e-03   3.2607e+02
20260817_10:00:00   2.3798e-01   6.2274e+01   2.4627e+01   0.0000e+00   9.8490e-03   3.2703e+02
20260817_11:00:00   2.3962e-01   6.2596e+01   2.4733e+01   0.0000e+00   9.8304e-03   3.2784e+02
20260817_12:00:00   2.4100e-01   6.2871e+01   2.4804e+01   0.0000e+00   5.5225e-03   3.2835e+02
20260817_13:00:00   2.4160e-01   6.2975e+01   2.4749e+01   0.0000e+00   5.9433e-03   3.2814e+02
20260817_14:00:00   2.4007e-01   6.2637e+01   2.4489e+01   0.0000e+00   6.4641e-03   3.2786e+02
20260817_15:00:00   2.3551e-01   6.1688e+01   2.4035e+01   0.0000e+00   5.2944e-03   3.3111e+02
20260817_16:00:00   2.3114e-01   6.0780e+01   2.3658e+01   0.0000e+00   4.3076e-03   3.3466e+02
20260817_17:00:00   2.2412e-01   5.9293e+01   2.3036e+01   0.0000e+00   3.1269e-03   3.3734e+02
20260817_18:00:00   2.1624e-01   5.7607e+01   2.2308e+01   0.0000e+00   2.6955e-03   3.4005e+02
20260817_19:00:00   2.1016e-01   5.6312e+01   2.1752e+01   0.0000e+00   9.6487e-04   3.4067e+02
20260817_20:00:00   2.0953e-01   5.6256e+01   2.1905e+01   0.0000e+00   1.2348e-04   3.4045e+02
20260817_21:00:00   2.1432e-01   5.7398e+01   2.2744e+01   0.0000e+00   4.7203e-05   3.4082e+02
20260817_22:00:00   2.1758e-01   5.8174e+01   2.3338e+01   0.0000e+00   5.1740e-06   3.4124e+02
20260817_23:00:00   2.1380e-01   5.7296e+01   2.3072e+01   0.0000e+00   2.5860e-06   3.4126e+02
20260818_00:00:00   1.9393e-01   5.2576e+01   2.0864e+01   0.0000e+00   2.5860e-06   3.4108e+02
20260818_01:00:00   1.6958e-01   4.6651e+01   1.7702e+01   1.2724e-03   4.6797e-04   3.4017e+02
20260818_02:00:00   1.7965e-01   4.8880e+01   1.7669e+01   1.2366e-02   2.0244e-03   3.3789e+02
20260818_03:00:00   1.8627e-01   5.0655e+01   1.9606e+01   2.5060e-04   9.7648e-04   3.3693e+02
20260818_04:00:00   1.9650e-01   5.3069e+01   2.0635e+01   0.0000e+00   2.5368e-03   3.3718e+02
20260818_05:00:00   2.0222e-01   5.4359e+01   2.1167e+01   0.0000e+00   1.2454e-02   3.3887e+02
20260818_06:00:00   2.0254e-01   5.4342e+01   2.1090e+01   0.0000e+00   1.9706e-02   3.4009e+02
20260818_07:00:00   2.0297e-01   5.4375e+01   2.0957e+01   0.0000e+00   1.6352e-02   3.4081e+02
20260818_08:00:00   2.0534e-01   5.4887e+01   2.0951e+01   0.0000e+00   1.6136e-02   3.4137e+02
20260818_09:00:00   2.0843e-01   5.5528e+01   2.1239e+01   0.0000e+00   5.2728e-02   3.4158e+02
20260818_10:00:00   2.0875e-01   5.5485e+01   2.1459e+01   0.0000e+00   3.6901e-02   3.4137e+02
20260818_11:00:00   2.0620e-01   5.4876e+01   2.1012e+01   0.0000e+00   1.1742e-02   3.4093e+02
20260818_12:00:00   2.0378e-01   5.4309e+01   2.0420e+01   0.0000e+00   4.2614e-03   3.3935e+02
20260818_13:00:00   2.0196e-01   5.3850e+01   1.9947e+01   0.0000e+00   7.2298e-04   3.3785e+02
20260818_14:00:00   2.0263e-01   5.3965e+01   1.9928e+01   0.0000e+00   1.8525e-04   3.3684e+02
20260818_15:00:00   2.0386e-01   5.4255e+01   2.0187e+01   0.0000e+00   3.1220e-04   3.3476e+02
20260818_16:00:00   2.0461e-01   5.4433e+01   2.0548e+01   0.0000e+00   3.1840e-04   3.3349e+02
20260818_17:00:00   2.0416e-01   5.4358e+01   2.0751e+01   0.0000e+00   3.6281e-05   3.3468e+02
20260818_18:00:00   2.0193e-01   5.3920e+01   2.0637e+01   0.0000e+00   0.0000e+00   3.3260e+02
20260818_19:00:00   1.9878e-01   5.3290e+01   2.0381e+01   0.0000e+00   0.0000e+00   3.2902e+02
20260818_20:00:00   1.9656e-01   5.2876e+01   2.0273e+01   0.0000e+00   0.0000e+00   3.2584e+02
20260818_21:00:00   1.9329e-01   5.2233e+01   2.0040e+01   0.0000e+00   0.0000e+00   3.2121e+02
20260818_22:00:00   1.8947e-01   5.1431e+01   1.9718e+01   0.0000e+00   0.0000e+00   3.1857e+02
20260818_23:00:00   1.8490e-01   5.0429e+01   1.9254e+01   0.0000e+00   0.0000e+00   3.1800e+02
20260819_00:00:00   1.8190e-01   4.9774e+01   1.8935e+01   0.0000e+00   0.0000e+00   3.1612e+02
20260819_03:00:00   1.8700e-01   5.1055e+01   1.9449e+01   0.0000e+00   0.0000e+00   3.1233e+02
20260819_06:00:00   2.0763e-01   5.5771e+01   2.1498e+01   0.0000e+00   1.1003e-02   3.0677e+02
20260819_09:00:00   2.1591e-01   5.7398e+01   2.2481e+01   0.0000e+00   5.5512e-03   2.9957e+02
20260819_12:00:00   2.1368e-01   5.6784e+01   2.1767e+01   0.0000e+00   6.6040e-04   2.9700e+02
20260819_15:00:00   2.1640e-01   5.7318e+01   2.2376e+01   0.0000e+00   5.0780e-05   2.9551e+02
20260819_18:00:00   2.1097e-01   5.6223e+01   2.2622e+01   0.0000e+00   1.8550e-05   2.9494e+02
20260819_21:00:00   2.0292e-01   5.4414e+01   2.2264e+01   0.0000e+00   0.0000e+00   2.9516e+02
20260820_00:00:00   1.9778e-01   5.3409e+01   2.1966e+01   0.0000e+00   0.0000e+00   2.9974e+02
20260820_03:00:00   2.2711e-01   6.0245e+01   2.5194e+01   0.0000e+00   3.1740e-05   3.0542e+02
20260820_06:00:00   2.3505e-01   6.2034e+01   2.5484e+01   0.0000e+00   2.6800e-04   3.0532e+02
20260820_09:00:00   2.4445e-01   6.4049e+01   2.5933e+01   0.0000e+00   1.2338e-04   3.0580e+02
20260820_12:00:00   2.3965e-01   6.2873e+01   2.5029e+01   0.0000e+00   0.0000e+00   3.0725e+02
20260820_15:00:00   2.2911e-01   6.0542e+01   2.3725e+01   0.0000e+00   0.0000e+00   3.0750e+02
20260820_18:00:00   2.1613e-01   5.7798e+01   2.2810e+01   0.0000e+00   0.0000e+00   3.0186e+02
20260820_21:00:00   2.0543e-01   5.5666e+01   2.2030e+01   0.0000e+00   0.0000e+00   2.9245e+02
20260821_00:00:00   2.1265e-01   5.7547e+01   2.3399e+01   0.0000e+00   0.0000e+00   2.8817e+02
20260821_03:00:00   2.0662e-01   5.6200e+01   2.2681e+01   0.0000e+00   0.0000e+00   2.8633e+02
20260821_06:00:00   1.9724e-01   5.3856e+01   2.1189e+01   0.0000e+00   5.3694e-03   2.8764e+02
20260821_09:00:00   2.1463e-01   5.7731e+01   2.3001e+01   0.0000e+00   4.3167e-02   2.8782e+02
20260821_12:00:00   2.1875e-01   5.8551e+01   2.3210e+01   0.0000e+00   2.7180e-04   2.8539e+02
20260821_15:00:00   2.2237e-01   5.9285e+01   2.3816e+01   0.0000e+00   0.0000e+00   2.8495e+02
20260821_18:00:00   2.1493e-01   5.7703e+01   2.3955e+01   0.0000e+00   3.8697e-04   2.8548e+02
20260821_21:00:00   2.0908e-01   5.6434e+01   2.4275e+01   0.0000e+00   8.0636e-03   2.8837e+02
20260822_00:00:00   1.9727e-01   5.3444e+01   2.3442e+01   0.0000e+00   1.6033e-02   2.8644e+02
20260822_03:00:00   2.0636e-01   5.5158e+01   2.4511e+01   0.0000e+00   3.6300e-01   2.8729e+02
20260822_06:00:00   2.4420e-01   6.3565e+01   2.7843e+01   3.7889e-03   8.3438e-01   2.9312e+02
20260822_09:00:00   2.2515e-01   5.9383e+01   2.3669e+01   2.3880e-03   3.3886e-01   3.0953e+02
20260822_12:00:00   2.0297e-01   5.4417e+01   1.9304e+01   0.0000e+00   0.0000e+00   3.2045e+02
20260822_15:00:00   2.2330e-01   5.8881e+01   2.1925e+01   0.0000e+00   0.0000e+00   3.1736e+02
20260822_18:00:00   2.2340e-01   5.8937e+01   2.3182e+01   0.0000e+00   0.0000e+00   3.1546e+02
20260822_21:00:00   2.1908e-01   5.7922e+01   2.3196e+01   4.7480e-04   2.8420e-06   3.2237e+02
20260823_00:00:00   2.0296e-01   5.4295e+01   2.0877e+01   4.1700e-04   1.1598e-05   3.2654e+02
20260823_03:00:00   1.5864e-01   4.3853e+01   1.4722e+01   0.0000e+00   0.0000e+00   3.2723e+02
20260823_06:00:00   1.8459e-01   4.9826e+01   1.7019e+01   0.0000e+00   0.0000e+00   3.1798e+02
20260823_09:00:00   1.8182e-01   4.9093e+01   1.6354e+01   0.0000e+00   0.0000e+00   3.1520e+02
20260823_12:00:00   1.7939e-01   4.8448e+01   1.6273e+01   0.0000e+00   0.0000e+00   3.1329e+02
20260823_15:00:00   1.8124e-01   4.8940e+01   1.6679e+01   0.0000e+00   0.0000e+00   3.1338e+02
20260823_18:00:00   1.7329e-01   4.7450e+01   1.6101e+01   0.0000e+00   0.0000e+00   3.1192e+02
20260823_21:00:00   1.5558e-01   4.3468e+01   1.4590e+01   0.0000e+00   0.0000e+00   3.1096e+02
20260824_00:00:00   1.3941e-01   3.9642e+01   1.2786e+01   0.0000e+00   0.0000e+00   3.0853e+02
20260824_03:00:00   1.3883e-01   3.9524e+01   1.2770e+01   0.0000e+00   0.0000e+00   3.0493e+02
20260824_06:00:00   1.4129e-01   3.9999e+01   1.3146e+01   0.0000e+00   0.0000e+00   2.9999e+02
20260824_09:00:00   1.4335e-01   4.0363e+01   1.3284e+01   0.0000e+00   0.0000e+00   2.9293e+02
20260824_12:00:00   1.4256e-01   4.0122e+01   1.2791e+01   0.0000e+00   5.6520e-04   2.9450e+02
20260824_15:00:00   1.6419e-01   4.5154e+01   1.6871e+01   0.0000e+00   8.7700e-04   2.9240e+02
20260824_18:00:00   1.8296e-01   4.9730e+01   2.0247e+01   0.0000e+00   0.0000e+00   2.9175e+02
20260824_21:00:00   1.8561e-01   5.0542e+01   2.1028e+01   0.0000e+00   1.7514e-04   2.9586e+02
20260825_00:00:00   1.8639e-01   5.0908e+01   2.1490e+01   0.0000e+00   5.1299e-03   2.9674e+02
20260825_03:00:00   1.7852e-01   4.9181e+01   2.0039e+01   0.0000e+00   4.8840e-04   3.0013e+02
20260825_06:00:00   1.7831e-01   4.9045e+01   1.9835e+01   0.0000e+00   0.0000e+00   3.0209e+02
20260825_09:00:00   1.8298e-01   4.9990e+01   2.0262e+01   0.0000e+00   3.5280e-04   3.0215e+02
20260825_12:00:00   1.9925e-01   5.3687e+01   2.2133e+01   0.0000e+00   4.3689e-04   3.0273e+02
20260825_15:00:00   2.3357e-01   6.1277e+01   2.7041e+01   0.0000e+00   2.9957e-03   3.0095e+02
20260825_18:00:00   2.4563e-01   6.4423e+01   2.8350e+01   0.0000e+00   8.7980e-03   2.9748e+02
20260825_21:00:00   2.2344e-01   6.0021e+01   2.5595e+01   0.0000e+00   6.2576e-03   2.9749e+02
20260826_00:00:00   2.0869e-01   5.6720e+01   2.4397e+01   0.0000e+00   5.1746e-03   2.9823e+02
20260826_03:00:00   1.9454e-01   5.3220e+01   2.2176e+01   0.0000e+00   1.0737e-01   2.9837e+02
20260826_06:00:00   2.1162e-01   5.7111e+01   2.3458e+01   0.0000e+00   0.0000e+00   3.0415e+02
20260826_09:00:00   2.2898e-01   6.0848e+01   2.5479e+01   0.0000e+00   1.0425e-03   2.9997e+02
20260826_12:00:00   2.5386e-01   6.6383e+01   2.8073e+01   0.0000e+00   2.4675e-02   2.9948e+02
20260826_15:00:00   2.5755e-01   6.7317e+01   2.7546e+01   0.0000e+00   2.2858e-06   3.0002e+02
20260826_18:00:00   2.4187e-01   6.4300e+01   2.4946e+01   0.0000e+00   0.0000e+00   2.9920e+02
20260826_21:00:00   2.1380e-01   5.8132e+01   2.2579e+01   0.0000e+00   1.5970e-03   3.0486e+02
20260827_00:00:00   1.7380e-01   4.8292e+01   1.8589e+01   0.0000e+00   8.3440e-04   3.0419e+02
20260827_03:00:00   1.3439e-01   3.8544e+01   1.2978e+01   0.0000e+00   3.8808e-03   3.0114e+02
20260827_06:00:00   1.7051e-01   4.7202e+01   1.7510e+01   0.0000e+00   3.7521e-04   3.0039e+02
20260827_09:00:00   1.8194e-01   4.9624e+01   1.8744e+01   0.0000e+00   7.8735e-04   2.9992e+02
20260827_12:00:00   1.8572e-01   5.0291e+01   1.9033e+01   0.0000e+00   4.8460e-06   2.9895e+02
20260827_15:00:00   1.7894e-01   4.8622e+01   1.7736e+01   0.0000e+00   0.0000e+00   2.9751e+02
20260827_18:00:00   1.5579e-01   4.3276e+01   1.4806e+01   0.0000e+00   0.0000e+00   2.9975e+02
20260827_21:00:00   1.3641e-01   3.8448e+01   1.2902e+01   0.0000e+00   3.9944e-03   3.0810e+02
20260828_00:00:00   1.4529e-01   4.0412e+01   1.4031e+01   0.0000e+00   2.5716e-05   3.2264e+02
20260828_03:00:00   1.2328e-01   3.5312e+01   9.9695e+00   0.0000e+00   7.5720e-03   3.1344e+02
20260828_06:00:00   1.3859e-01   3.8948e+01   1.1375e+01   0.0000e+00   1.5857e-03   3.1429e+02
20260828_09:00:00   1.4131e-01   3.9378e+01   1.1357e+01   0.0000e+00   0.0000e+00   3.2396e+02
20260828_12:00:00   1.4294e-01   3.9646e+01   1.1577e+01   0.0000e+00   0.0000e+00   3.0999e+02
20260828_15:00:00   1.3723e-01   3.8261e+01   1.1031e+01   0.0000e+00   5.8000e-04   3.0382e+02
20260828_18:00:00   1.2847e-01   3.6308e+01   1.0530e+01   0.0000e+00   2.2806e-03   2.9902e+02
20260828_21:00:00   1.2610e-01   3.5780e+01   1.1026e+01   0.0000e+00   2.3262e-02   2.9470e+02
20260829_00:00:00   1.2357e-01   3.5310e+01   1.0949e+01   0.0000e+00   7.8264e-03   2.9436e+02
20260829_03:00:00   1.2500e-01   3.5721e+01   1.1156e+01   0.0000e+00   1.0422e-02   2.9293e+02
20260829_06:00:00   1.2616e-01   3.5930e+01   1.1082e+01   0.0000e+00   1.1988e-04   2.8909e+02
20260829_09:00:00   1.2793e-01   3.6326e+01   1.0968e+01   0.0000e+00   2.4944e-04   2.9115e+02
20260829_12:00:00   1.2937e-01   3.6638e+01   1.0881e+01   0.0000e+00   3.9700e-04   2.9277e+02
20260829_15:00:00   1.2868e-01   3.6489e+01   1.0769e+01   0.0000e+00   2.6229e-04   2.9034e+02
20260829_18:00:00   1.2454e-01   3.5648e+01   1.0596e+01   0.0000e+00   9.4286e-04   2.8918e+02
20260829_21:00:00   1.2207e-01   3.5250e+01   1.0537e+01   0.0000e+00   4.5460e-04   2.8925e+02
20260830_00:00:00   1.2527e-01   3.6169e+01   1.1441e+01   0.0000e+00   0.0000e+00   2.9014e+02
