#            date       tau255        Tb[K]      pwv[mm] lwp[kg*m^-2] iwp[kg*m^-2]       o3[DU]
20260922_18:00:00   1.5267e-01   4.2028e+01   1.3136e+01   0.0000e+00   7.8140e-05   2.9731e+02
20260922_19:00:00   1.4846e-01   4.1077e+01   1.2753e+01   0.0000e+00   2.5860e-06   2.9935e+02
20260922_20:00:00   1.4676e-01   4.0700e+01   1.2707e+01   0.0000e+00   0.0000e+00   2.9997e+02
20260922_21:00:00   1.4477e-01   4.0231e+01   1.2672e+01   0.0000e+00   0.0000e+00   3.0120e+02
20260922_22:00:00   1.4466e-01   4.0219e+01   1.2766e+01   0.0000e+00   0.0000e+00   3.0226e+02
20260922_23:00:00   1.4392e-01   4.0060e+01   1.2693e+01   0.0000e+00   0.0000e+00   3.0502e+02
20260923_00:00:00   1.4257e-01   3.9727e+01   1.2554e+01   0.0000e+00   0.0000e+00   3.0838e+02
20260923_01:00:00   1.3832e-01   3.8709e+01   1.1952e+01   0.0000e+00   0.0000e+00   3.1135e+02
20260923_02:00:00   1.3536e-01   3.7956e+01   1.1453e+01   0.0000e+00   0.0000e+00   3.1420e+02
20260923_03:00:00   1.3918e-01   3.8832e+01   1.1827e+01   0.0000e+00   1.3420e-03   3.1422e+02
20260923_04:00:00   1.4750e-01   4.0815e+01   1.2710e+01   0.0000e+00   1.4364e-03   3.1412e+02
20260923_05:00:00   1.5223e-01   4.1913e+01   1.3090e+01   0.0000e+00   2.1142e-03   3.1483e+02
20260923_06:00:00   1.5413e-01   4.2306e+01   1.3137e+01   0.0000e+00   3.9601e-03   3.1404e+02
20260923_07:00:00   1.5531e-01   4.2527e+01   1.3167e+01   0.0000e+00   1.6192e-04   3.1352e+02
20260923_08:00:00   1.5659e-01   4.2747e+01   1.3242e+01   0.0000e+00   2.0206e-03   3.1553e+02
20260923_09:00:00   1.5597e-01   4.2538e+01   1.3120e+01   0.0000e+00   4.4592e-03   3.1645e+02
20260923_10:00:00   1.5547e-01   4.2358e+01   1.3000e+01   0.0000e+00   6.6551e-03   3.1687e+02
20260923_11:00:00   1.5560e-01   4.2336e+01   1.2941e+01   0.0000e+00   3.0283e-03   3.1592e+02
20260923_12:00:00   1.5725e-01   4.2660e+01   1.3194e+01   0.0000e+00   5.9860e-04   3.1650e+02
20260923_13:00:00   1.6029e-01   4.3268e+01   1.3747e+01   0.0000e+00   4.9371e-04   3.1711e+02
20260923_14:00:00   1.5972e-01   4.3129e+01   1.3497e+01   0.0000e+00   1.6295e-04   3.1832e+02
20260923_15:00:00   1.6153e-01   4.3509e+01   1.3844e+01   0.0000e+00   3.0914e-04   3.1657e+02
20260923_16:00:00   1.6201e-01   4.3638e+01   1.4013e+01   0.0000e+00   4.0312e-04   3.1601e+02
20260923_17:00:00   1.6376e-01   4.4049e+01   1.4411e+01   0.0000e+00   8.5960e-03   3.1128e+02
20260923_18:00:00   1.6496e-01   4.4306e+01   1.4844e+01   0.0000e+00   3.0900e-02   3.1075e+02
20260923_19:00:00   1.6625e-01   4.4615e+01   1.5132e+01   0.0000e+00   1.1166e-01   3.1072e+02
20260923_20:00:00   1.6539e-01   4.4492e+01   1.4988e+01   0.0000e+00   2.2786e-02   3.1425e+02
20260923_21:00:00   1.6345e-01   4.4172e+01   1.4627e+01   0.0000e+00   6.4221e-04   3.1617e+02
20260923_22:00:00   1.6182e-01   4.3877e+01   1.4444e+01   0.0000e+00   4.2080e-05   3.1571e+02
20260923_23:00:00   1.5888e-01   4.3237e+01   1.4162e+01   0.0000e+00   1.9800e-04   3.1558e+02
20260924_00:00:00   1.5584e-01   4.2519e+01   1.3927e+01   0.0000e+00   1.4284e-06   3.1716e+02
20260924_01:00:00   1.5134e-01   4.1449e+01   1.3460e+01   0.0000e+00   1.0168e-04   3.1718e+02
20260924_02:00:00   1.5021e-01   4.1141e+01   1.3319e+01   0.0000e+00   1.7732e-04   3.1670e+02
20260924_03:00:00   1.4890e-01   4.0803e+01   1.3092e+01   0.0000e+00   2.9130e-03   3.1683e+02
20260924_04:00:00   1.4979e-01   4.0968e+01   1.3221e+01   0.0000e+00   3.0656e-03   3.1750e+02
20260924_05:00:00   1.4988e-01   4.0968e+01   1.3191e+01   0.0000e+00   1.6556e-03   3.1790e+02
20260924_06:00:00   1.5218e-01   4.1477e+01   1.3475e+01   0.0000e+00   5.3907e-03   3.1673e+02
20260924_07:00:00   1.5584e-01   4.2302e+01   1.3987e+01   0.0000e+00   1.9017e-02   3.1577e+02
20260924_08:00:00   1.6118e-01   4.3507e+01   1.4770e+01   0.0000e+00   1.6726e-03   3.1589e+02
20260924_09:00:00   1.6575e-01   4.4529e+01   1.5387e+01   0.0000e+00   3.6908e-03   3.1429e+02
20260924_10:00:00   1.7140e-01   4.5777e+01   1.6320e+01   0.0000e+00   6.1701e-03   3.1306e+02
20260924_11:00:00   1.7992e-01   4.7641e+01   1.7580e+01   0.0000e+00   5.5057e-03   3.1148e+02
20260924_12:00:00   1.8730e-01   4.9281e+01   1.8604e+01   0.0000e+00   6.5611e-03   3.1058e+02
20260924_13:00:00   1.9317e-01   5.0591e+01   1.9318e+01   0.0000e+00   4.4317e-03   3.0955e+02
20260924_14:00:00   1.9537e-01   5.1088e+01   1.9529e+01   0.0000e+00   4.9629e-03   3.0898e+02
20260924_15:00:00   1.9679e-01   5.1400e+01   1.9764e+01   0.0000e+00   2.5470e-03   3.0704e+02
20260924_16:00:00   1.9682e-01   5.1435e+01   1.9878e+01   0.0000e+00   3.2214e-03   3.0371e+02
20260924_17:00:00   2.0111e-01   5.2394e+01   2.0614e+01   0.0000e+00   9.1263e-02   3.0088e+02
20260924_18:00:00   2.0920e-01   5.4227e+01   2.1753e+01   0.0000e+00   1.0500e-01   2.9925e+02
20260924_19:00:00   2.1160e-01   5.4844e+01   2.2203e+01   0.0000e+00   2.5850e-02   2.9579e+02
20260924_20:00:00   2.1646e-01   5.5970e+01   2.2879e+01   0.0000e+00   1.2677e-01   2.9457e+02
20260924_21:00:00   2.1295e-01   5.5303e+01   2.2524e+01   0.0000e+00   6.9331e-02   2.9527e+02
20260924_22:00:00   2.1336e-01   5.5448e+01   2.2665e+01   0.0000e+00   1.5274e-01   2.9764e+02
20260924_23:00:00   2.1471e-01   5.5792e+01   2.2909e+01   0.0000e+00   1.5930e-01   2.9791e+02
20260925_00:00:00   2.0735e-01   5.4276e+01   2.1864e+01   0.0000e+00   1.2683e-01   2.9950e+02
20260925_01:00:00   2.0556e-01   5.3933e+01   2.1542e+01   0.0000e+00   1.2623e-01   3.0098e+02
20260925_02:00:00   2.0819e-01   5.4506e+01   2.1843e+01   0.0000e+00   9.5129e-02   3.0181e+02
20260925_03:00:00   2.2296e-01   5.7632e+01   2.3783e+01   0.0000e+00   1.4414e-01   3.0357e+02
20260925_04:00:00   2.3956e-01   6.1201e+01   2.5336e+01   1.4485e-03   5.4071e-01   3.0521e+02
20260925_05:00:00   2.2115e-01   5.7297e+01   2.3477e+01   0.0000e+00   2.5867e-01   3.0548e+02
20260925_06:00:00   2.2618e-01   5.8284e+01   2.3979e+01   0.0000e+00   2.2955e-01   3.0591e+02
20260925_07:00:00   2.2563e-01   5.8134e+01   2.3866e+01   0.0000e+00   2.9188e-01   3.0535e+02
20260925_08:00:00   2.6827e-01   6.7071e+01   2.5165e+01   3.1033e-02   5.7121e-01   3.0758e+02
20260925_09:00:00   3.5700e-01   8.4537e+01   2.5842e+01   1.2098e-01   7.8418e-01   3.1166e+02
20260925_10:00:00   3.7466e-01   8.7903e+01   2.6411e+01   1.3262e-01   3.9939e-01   3.1447e+02
20260925_11:00:00   5.5267e-01   1.1783e+02   2.7481e+01   3.1156e-01   7.0638e-01   3.2046e+02
20260925_12:00:00   3.6697e-01   8.6103e+01   2.6124e+01   1.0880e-01   5.9438e-01   3.2845e+02
20260925_13:00:00   2.7448e-01   6.8449e+01   2.3704e+01   2.4600e-02   2.3029e-01   3.3474e+02
20260925_14:00:00   2.8088e-01   6.9833e+01   2.2481e+01   3.8640e-02   1.1229e-01   3.4004e+02
20260925_15:00:00   2.5210e-01   6.3814e+01   2.1274e+01   1.3959e-02   1.8570e-05   3.4611e+02
20260925_16:00:00   2.3920e-01   6.0962e+01   2.1598e+01   2.0893e-04   0.0000e+00   3.4840e+02
20260925_17:00:00   2.5173e-01   6.3590e+01   2.2913e+01   5.2538e-03   3.6506e-03   3.5041e+02
20260925_18:00:00   2.4805e-01   6.2801e+01   2.3074e+01   1.8664e-03   1.6645e-02   3.5225e+02
20260925_19:00:00   2.6880e-01   6.7168e+01   2.3539e+01   2.3409e-02   7.6549e-02   3.5078e+02
20260925_20:00:00   2.8552e-01   7.0577e+01   2.3637e+01   4.0611e-02   2.3533e-01   3.5252e+02
20260925_21:00:00   2.4992e-01   6.3110e+01   2.3020e+01   7.4878e-03   5.7450e-02   3.5356e+02
20260925_22:00:00   2.8193e-01   6.9674e+01   2.2896e+01   4.6291e-02   1.3029e-01   3.5152e+02
20260925_23:00:00   2.4716e-01   6.2292e+01   2.1238e+01   2.4477e-02   8.3932e-02   3.5329e+02
20260926_00:00:00   1.9263e-01   5.0322e+01   1.7745e+01   0.0000e+00   7.6424e-02   3.5157e+02
20260926_01:00:00   1.7818e-01   4.6931e+01   1.5915e+01   0.0000e+00   6.0457e-02   3.4699e+02
20260926_02:00:00   1.6884e-01   4.4751e+01   1.4414e+01   6.2080e-05   1.6556e-02   3.3991e+02
20260926_03:00:00   1.6230e-01   4.3253e+01   1.3202e+01   0.0000e+00   2.6100e-03   3.3461e+02
20260926_04:00:00   1.6014e-01   4.2711e+01   1.2721e+01   0.0000e+00   1.3005e-03   3.3043e+02
20260926_05:00:00   1.6028e-01   4.2669e+01   1.2605e+01   0.0000e+00   2.3513e-04   3.2885e+02
20260926_06:00:00   1.6088e-01   4.2757e+01   1.2626e+01   0.0000e+00   1.4900e-04   3.2764e+02
20260926_07:00:00   1.5980e-01   4.2473e+01   1.2499e+01   0.0000e+00   2.3418e-05   3.2588e+02
20260926_08:00:00   1.5622e-01   4.1617e+01   1.2121e+01   0.0000e+00   1.9615e-04   3.2626e+02
20260926_09:00:00   1.5429e-01   4.1152e+01   1.1889e+01   0.0000e+00   2.3158e-04   3.2630e+02
20260926_10:00:00   1.5267e-01   4.0772e+01   1.1668e+01   0.0000e+00   9.9485e-04   3.2622e+02
20260926_11:00:00   1.5041e-01   4.0247e+01   1.1364e+01   0.0000e+00   1.2570e-05   3.2744e+02
20260926_12:00:00   1.4901e-01   3.9914e+01   1.1107e+01   0.0000e+00   2.4560e-05   3.2929e+02
20260926_13:00:00   1.4776e-01   3.9619e+01   1.0868e+01   0.0000e+00   8.0000e-06   3.3173e+02
20260926_14:00:00   1.4686e-01   3.9409e+01   1.0665e+01   0.0000e+00   0.0000e+00   3.3183e+02
20260926_15:00:00   1.4779e-01   3.9641e+01   1.0735e+01   0.0000e+00   0.0000e+00   3.3199e+02
20260926_16:00:00   1.4852e-01   3.9858e+01   1.0881e+01   0.0000e+00   0.0000e+00   3.3194e+02
20260926_17:00:00   1.4742e-01   3.9670e+01   1.0851e+01   0.0000e+00   0.0000e+00   3.3276e+02
20260926_18:00:00   1.4474e-01   3.9117e+01   1.0673e+01   0.0000e+00   0.0000e+00   3.2906e+02
20260926_19:00:00   1.4391e-01   3.8970e+01   1.0733e+01   0.0000e+00   0.0000e+00   3.2589e+02
20260926_20:00:00   1.4078e-01   3.8286e+01   1.0540e+01   0.0000e+00   0.0000e+00   3.2202e+02
20260926_21:00:00   1.3836e-01   3.7739e+01   1.0433e+01   0.0000e+00   0.0000e+00   3.1806e+02
20260926_22:00:00   1.3727e-01   3.7492e+01   1.0486e+01   0.0000e+00   9.6920e-06   3.1423e+02
20260926_23:00:00   1.3510e-01   3.6985e+01   1.0392e+01   0.0000e+00   2.8037e-04   3.1259e+02
20260927_00:00:00   1.3193e-01   3.6227e+01   1.0133e+01   0.0000e+00   2.6925e-03   3.1006e+02
20260927_01:00:00   1.3254e-01   3.6362e+01   1.0305e+01   0.0000e+00   1.6046e-02   3.0875e+02
20260927_02:00:00   1.3313e-01   3.6481e+01   1.0417e+01   0.0000e+00   2.6893e-02   3.0841e+02
20260927_03:00:00   1.3162e-01   3.6127e+01   1.0224e+01   0.0000e+00   2.7100e-02   3.0988e+02
20260927_04:00:00   1.3051e-01   3.5880e+01   1.0010e+01   0.0000e+00   2.0918e-02   3.1205e+02
20260927_05:00:00   1.3101e-01   3.5969e+01   1.0096e+01   0.0000e+00   4.6971e-02   3.1414e+02
20260927_06:00:00   1.3279e-01   3.6344e+01   1.0404e+01   0.0000e+00   6.1654e-02   3.1416e+02
20260927_07:00:00   1.3387e-01   3.6579e+01   1.0563e+01   0.0000e+00   4.6220e-02   3.1475e+02
20260927_08:00:00   1.3342e-01   3.6470e+01   1.0410e+01   0.0000e+00   9.6871e-02   3.1442e+02
20260927_09:00:00   1.3880e-01   3.7663e+01   1.1250e+01   0.0000e+00   1.7446e-01   3.1489e+02
20260927_10:00:00   1.4859e-01   3.9868e+01   1.2854e+01   0.0000e+00   1.4079e-01   3.1385e+02
20260927_11:00:00   1.6874e-01   4.4412e+01   1.5664e+01   0.0000e+00   2.0809e-01   3.1477e+02
20260927_12:00:00   1.7077e-01   4.4874e+01   1.5919e+01   0.0000e+00   2.0895e-01   3.1642e+02
20260927_13:00:00   1.6245e-01   4.2981e+01   1.4780e+01   0.0000e+00   2.5584e-01   3.1655e+02
20260927_14:00:00   1.5692e-01   4.1725e+01   1.3944e+01   0.0000e+00   2.9164e-01   3.1859e+02
20260927_15:00:00   1.5566e-01   4.1454e+01   1.3731e+01   0.0000e+00   2.4437e-01   3.1952e+02
20260927_16:00:00   1.5792e-01   4.1985e+01   1.4097e+01   0.0000e+00   2.2122e-01   3.2119e+02
20260927_17:00:00   1.6129e-01   4.2767e+01   1.4608e+01   0.0000e+00   1.5608e-01   3.2204e+02
20260927_18:00:00   1.6438e-01   4.3487e+01   1.5096e+01   0.0000e+00   1.4180e-01   3.2190e+02
20260927_21:00:00   1.6755e-01   4.4223e+01   1.5553e+01   0.0000e+00   2.7632e-01   3.2187e+02
20260928_00:00:00   1.7154e-01   4.5153e+01   1.6034e+01   0.0000e+00   2.0066e-01   3.2535e+02
20260928_03:00:00   1.7897e-01   4.6819e+01   1.6822e+01   0.0000e+00   1.1328e-01   3.1818e+02
20260928_06:00:00   1.7934e-01   4.6927e+01   1.6740e+01   0.0000e+00   3.6223e-03   3.1688e+02
20260928_09:00:00   1.7944e-01   4.7015e+01   1.6366e+01   0.0000e+00   7.7067e-05   3.1585e+02
20260928_12:00:00   1.7379e-01   4.5849e+01   1.4999e+01   0.0000e+00   3.8760e-06   3.1333e+02
20260928_15:00:00   1.7180e-01   4.5381e+01   1.4742e+01   0.0000e+00   1.1013e-03   3.1130e+02
20260928_18:00:00   1.7376e-01   4.5876e+01   1.5698e+01   0.0000e+00   1.7694e-02   3.1315e+02
20260928_21:00:00   1.6908e-01   4.4981e+01   1.5534e+01   0.0000e+00   3.7973e-03   3.0793e+02
20260929_00:00:00   1.7832e-01   4.7122e+01   1.7220e+01   0.0000e+00   2.7301e-03   3.0514e+02
20260929_03:00:00   1.8971e-01   4.9674e+01   1.8599e+01   0.0000e+00   1.0141e-02   3.0172e+02
20260929_06:00:00   1.9740e-01   5.1325e+01   1.9231e+01   0.0000e+00   3.2630e-02   2.9620e+02
20260929_09:00:00   2.0281e-01   5.2464e+01   1.9723e+01   0.0000e+00   8.4213e-02   2.9268e+02
20260929_12:00:00   1.9572e-01   5.0919e+01   1.8350e+01   0.0000e+00   1.1768e-03   2.9679e+02
20260929_15:00:00   1.9043e-01   4.9741e+01   1.6945e+01   0.0000e+00   1.3936e-02   2.9778e+02
20260929_18:00:00   1.7616e-01   4.6809e+01   1.4987e+01   0.0000e+00   1.2903e-02   2.9469e+02
20260929_21:00:00   1.7265e-01   4.6233e+01   1.4738e+01   0.0000e+00   6.0833e-03   2.9257e+02
20260930_00:00:00   1.8207e-01   4.8507e+01   1.6436e+01   0.0000e+00   6.6894e-03   2.8890e+02
20260930_03:00:00   1.9381e-01   5.1075e+01   1.8168e+01   0.0000e+00   3.7835e-03   2.9105e+02
20260930_06:00:00   2.1225e-01   5.5004e+01   2.0898e+01   0.0000e+00   3.0472e-02   2.9229e+02
20260930_09:00:00   2.3000e-01   5.8726e+01   2.3483e+01   0.0000e+00   2.1585e-02   2.9233e+02
20260930_12:00:00   2.3314e-01   5.9436e+01   2.3596e+01   0.0000e+00   1.1649e-02   2.9474e+02
20260930_15:00:00   2.3328e-01   5.9485e+01   2.3462e+01   0.0000e+00   2.9441e-02   3.0104e+02
20260930_18:00:00   2.2725e-01   5.8363e+01   2.2808e+01   0.0000e+00   5.6728e-02   3.0074e+02
20260930_21:00:00   2.2411e-01   5.7892e+01   2.2525e+01   0.0000e+00   5.3114e-02   3.0162e+02
20261001_00:00:00   2.1963e-01   5.7076e+01   2.1877e+01   0.0000e+00   2.8853e-02   3.0376e+02
20261001_03:00:00   2.2025e-01   5.7205e+01   2.1839e+01   0.0000e+00   6.1926e-02   3.0712e+02
20261001_06:00:00   2.3040e-01   5.9312e+01   2.2879e+01   0.0000e+00   1.9377e-01   3.1240e+02
20261001_09:00:00   2.3989e-01   6.1260e+01   2.3863e+01   0.0000e+00   9.4316e-03   3.1610e+02
20261001_12:00:00   2.3772e-01   6.0669e+01   2.3374e+01   0.0000e+00   2.6109e-02   3.2087e+02
20261001_15:00:00   2.4566e-01   6.2259e+01   2.3962e+01   0.0000e+00   6.0817e-02   3.2871e+02
20261001_18:00:00   2.5240e-01   6.3868e+01   2.4672e+01   3.5520e-06   2.3286e-02   3.2101e+02
20261001_21:00:00   2.7715e-01   6.9442e+01   2.3377e+01   3.5401e-02   4.0405e-05   3.1928e+02
20261002_00:00:00   2.0658e-01   5.4573e+01   1.8205e+01   3.6220e-05   5.1740e-07   3.1628e+02
20261002_03:00:00   1.9482e-01   5.1765e+01   1.6753e+01   0.0000e+00   0.0000e+00   3.1453e+02
20261002_06:00:00   1.8086e-01   4.8433e+01   1.5142e+01   0.0000e+00   0.0000e+00   3.1463e+02
20261002_09:00:00   1.5168e-01   4.1416e+01   1.1995e+01   0.0000e+00   2.0165e-03   3.0973e+02
20261002_12:00:00   1.3538e-01   3.7365e+01   1.0309e+01   0.0000e+00   2.1863e-03   3.0659e+02
20261002_15:00:00   1.2918e-01   3.5799e+01   9.6728e+00   0.0000e+00   0.0000e+00   3.0046e+02
20261002_18:00:00   1.2404e-01   3.4645e+01   9.7229e+00   0.0000e+00   1.8550e-05   2.9571e+02
20261002_21:00:00   1.1722e-01   3.3088e+01   9.3090e+00   0.0000e+00   0.0000e+00   2.8876e+02
20261003_00:00:00   1.1316e-01   3.2141e+01   8.9760e+00   0.0000e+00   0.0000e+00   2.7778e+02
20261003_03:00:00   1.2036e-01   3.3890e+01   1.0077e+01   0.0000e+00   0.0000e+00   2.7818e+02
20261003_06:00:00   1.2810e-01   3.5659e+01   1.1366e+01   0.0000e+00   0.0000e+00   2.7660e+02
20261003_09:00:00   1.2716e-01   3.5413e+01   1.1192e+01   0.0000e+00   7.1596e-04   2.7339e+02
20261003_12:00:00   1.2670e-01   3.5323e+01   1.0973e+01   0.0000e+00   2.0656e-04   2.7231e+02
20261003_15:00:00   1.2737e-01   3.5535e+01   1.0845e+01   0.0000e+00   3.4240e-05   2.7221e+02
20261003_18:00:00   1.2830e-01   3.5939e+01   1.0905e+01   0.0000e+00   2.6100e-05   2.7285e+02
20261003_21:00:00   1.2639e-01   3.5710e+01   1.0570e+01   0.0000e+00   0.0000e+00   2.7551e+02
20261004_00:00:00   1.2480e-01   3.5431e+01   1.0329e+01   0.0000e+00   0.0000e+00   2.7695e+02
20261004_03:00:00   1.2824e-01   3.6312e+01   1.0482e+01   0.0000e+00   3.2600e-04   2.7683e+02
20261004_06:00:00   1.3498e-01   3.7872e+01   1.1356e+01   0.0000e+00   3.3601e-03   2.7376e+02
20261004_09:00:00   1.4145e-01   3.9329e+01   1.2282e+01   0.0000e+00   4.9785e-03   2.7406e+02
20261004_12:00:00   1.5257e-01   4.1846e+01   1.3972e+01   0.0000e+00   1.5586e-02   2.7883e+02
20261004_15:00:00   1.8306e-01   4.8590e+01   1.8672e+01   0.0000e+00   1.3396e-01   2.8554e+02
20261004_18:00:00   1.7356e-01   4.6594e+01   1.6924e+01   0.0000e+00   3.0337e-02   2.8932e+02
20261004_21:00:00   1.7333e-01   4.6466e+01   1.7259e+01   0.0000e+00   6.5368e-02   2.9869e+02
20261005_00:00:00   1.6159e-01   4.3815e+01   1.5738e+01   0.0000e+00   7.3188e-03   2.9949e+02
20261005_03:00:00   1.5611e-01   4.2464e+01   1.4432e+01   0.0000e+00   3.0153e-02   3.0496e+02
20261005_06:00:00   1.4838e-01   4.0582e+01   1.2726e+01   0.0000e+00   0.0000e+00   3.0394e+02
20261005_09:00:00   1.3951e-01   3.8463e+01   1.0879e+01   0.0000e+00   0.0000e+00   3.0355e+02
20261005_12:00:00   1.3693e-01   3.7791e+01   1.0304e+01   0.0000e+00   4.8922e-04   2.8769e+02
20261005_15:00:00   1.4348e-01   3.9309e+01   1.1253e+01   0.0000e+00   0.0000e+00   2.8554e+02
20261005_18:00:00   1.4692e-01   4.0285e+01   1.2126e+01   0.0000e+00   7.1040e-06   2.7578e+02
20261005_21:00:00   1.4745e-01   4.0571e+01   1.2694e+01   0.0000e+00   3.0087e-03   2.7042e+02
20261006_00:00:00   1.5261e-01   4.1831e+01   1.4053e+01   0.0000e+00   1.7484e-03   2.6974e+02
20261006_03:00:00   1.4537e-01   4.0213e+01   1.2463e+01   0.0000e+00   2.0260e-04   2.7151e+02
20261006_06:00:00   1.4168e-01   3.9286e+01   1.1865e+01   0.0000e+00   0.0000e+00   2.7890e+02
20261006_09:00:00   1.4186e-01   3.9221e+01   1.2048e+01   0.0000e+00   0.0000e+00   2.7983e+02
20261006_12:00:00   1.5007e-01   4.1145e+01   1.3108e+01   0.0000e+00   0.0000e+00   2.7621e+02
20261006_15:00:00   1.6114e-01   4.3683e+01   1.4753e+01   0.0000e+00   0.0000e+00   2.7547e+02
20261006_18:00:00   1.6507e-01   4.4671e+01   1.5515e+01   0.0000e+00   0.0000e+00   2.7812e+02
20261006_21:00:00   1.6559e-01   4.4833e+01   1.6111e+01   0.0000e+00   0.0000e+00   2.7950e+02
20261007_00:00:00   1.6898e-01   4.5558e+01   1.6531e+01   0.0000e+00   2.0842e-05   2.8084e+02
20261007_03:00:00   2.0502e-01   5.3364e+01   2.0332e+01   0.0000e+00   3.1239e-01   2.9093e+02
20261007_06:00:00   1.9523e-01   5.1042e+01   1.7998e+01   0.0000e+00   1.9147e-01   3.0342e+02
20261007_09:00:00   1.7775e-01   4.6742e+01   1.5079e+01   0.0000e+00   1.8840e-01   3.3176e+02
20261007_12:00:00   1.5186e-01   4.0708e+01   1.1258e+01   0.0000e+00   3.7966e-03   3.3918e+02
20261007_15:00:00   1.4125e-01   3.8185e+01   9.9175e+00   0.0000e+00   0.0000e+00   3.2937e+02
20261007_18:00:00   1.3793e-01   3.7467e+01   1.0249e+01   0.0000e+00   0.0000e+00   3.2467e+02
20261007_21:00:00   1.4156e-01   3.8439e+01   1.1388e+01   0.0000e+00   0.0000e+00   3.1327e+02
20261008_00:00:00   1.5464e-01   4.1512e+01   1.3725e+01   0.0000e+00   1.9022e-02   3.0939e+02
20261008_03:00:00   1.7489e-01   4.6072e+01   1.6270e+01   1.5348e-03   7.4078e-02   3.0765e+02
20261008_06:00:00   1.8995e-01   4.9493e+01   1.8085e+01   0.0000e+00   7.1960e-03   3.0267e+02
20261008_09:00:00   1.9399e-01   5.0454e+01   1.8509e+01   0.0000e+00   3.2204e-03   2.9243e+02
20261008_12:00:00   2.0639e-01   5.3193e+01   2.0412e+01   0.0000e+00   3.4670e-04   2.8476e+02
20261008_15:00:00   2.2322e-01   5.6912e+01   2.2088e+01   1.5792e-03   2.3771e-04   2.7999e+02
20261008_18:00:00   2.2196e-01   5.6772e+01   2.2724e+01   0.0000e+00   3.7785e-03   2.7817e+02
