#            date       tau255        Tb[K]      pwv[mm] lwp[kg*m^-2] iwp[kg*m^-2]       o3[DU]
20260813_06:00:00   2.3023e-01   5.9978e+01   2.3807e+01   0.0000e+00   2.3207e-03   3.5079e+02
20260813_07:00:00   2.2589e-01   5.8970e+01   2.3264e+01   0.0000e+00   1.4493e-03   3.5128e+02
20260813_08:00:00   2.2115e-01   5.7881e+01   2.2600e+01   0.0000e+00   2.8400e-05   3.5244e+02
20260813_09:00:00   2.1473e-01   5.6404e+01   2.1776e+01   0.0000e+00   5.6840e-06   3.5326e+02
20260813_10:00:00   2.1237e-01   5.5821e+01   2.1448e+01   0.0000e+00   0.0000e+00   3.5185e+02
20260813_11:00:00   2.1249e-01   5.5794e+01   2.1412e+01   0.0000e+00   0.0000e+00   3.5067e+02
20260813_12:00:00   2.1439e-01   5.6157e+01   2.1552e+01   0.0000e+00   0.0000e+00   3.4840e+02
20260813_13:00:00   2.1643e-01   5.6574e+01   2.1633e+01   0.0000e+00   1.5692e-05   3.4829e+02
20260813_14:00:00   2.1899e-01   5.7162e+01   2.1780e+01   0.0000e+00   7.5320e-05   3.4865e+02
20260813_15:00:00   2.1963e-01   5.7386e+01   2.1824e+01   0.0000e+00   2.1960e-05   3.4700e+02
20260813_16:00:00   2.1888e-01   5.7323e+01   2.1744e+01   0.0000e+00   3.1380e-06   3.4436e+02
20260813_17:00:00   2.1611e-01   5.6829e+01   2.1465e+01   0.0000e+00   0.0000e+00   3.4305e+02
20260813_18:00:00   2.1214e-01   5.6077e+01   2.1057e+01   0.0000e+00   0.0000e+00   3.4149e+02
20260813_19:00:00   2.0920e-01   5.5531e+01   2.0818e+01   0.0000e+00   0.0000e+00   3.4154e+02
20260813_20:00:00   2.0482e-01   5.4636e+01   2.0460e+01   0.0000e+00   0.0000e+00   3.4373e+02
20260813_21:00:00   2.0027e-01   5.3641e+01   2.0019e+01   9.5477e-04   1.2412e-04   3.4578e+02
20260813_22:00:00   1.9809e-01   5.3145e+01   1.9917e+01   1.4830e-03   7.4880e-04   3.4710e+02
20260813_23:00:00   2.3278e-01   6.0546e+01   2.0659e+01   3.5975e-02   3.4724e-02   3.4625e+02
20260814_00:00:00   3.1920e-01   7.8111e+01   2.2472e+01   1.1486e-01   1.0420e-01   3.4399e+02
20260814_01:00:00   3.8353e-01   9.0465e+01   2.3883e+01   1.7229e-01   1.0311e-01   3.4377e+02
20260814_02:00:00   2.6916e-01   6.8555e+01   2.4711e+01   3.4462e-02   7.3637e-02   3.4460e+02
20260814_03:00:00   2.4759e-01   6.4095e+01   2.4686e+01   1.0401e-02   5.3445e-02   3.4646e+02
20260814_04:00:00   2.4376e-01   6.3230e+01   2.4494e+01   7.5403e-03   4.2511e-02   3.4997e+02
20260814_05:00:00   2.6425e-01   6.7424e+01   2.4821e+01   2.6075e-02   2.4913e-02   3.5291e+02
20260814_06:00:00   2.4934e-01   6.4386e+01   2.5120e+01   4.1000e-03   6.5829e-03   3.5504e+02
20260814_07:00:00   2.4678e-01   6.3854e+01   2.5028e+01   0.0000e+00   8.8520e-06   3.5352e+02
20260814_08:00:00   2.5201e-01   6.4907e+01   2.5554e+01   0.0000e+00   1.4122e-05   3.5173e+02
20260814_09:00:00   2.5615e-01   6.5716e+01   2.5981e+01   0.0000e+00   0.0000e+00   3.4859e+02
20260814_10:00:00   2.5873e-01   6.6198e+01   2.6295e+01   0.0000e+00   1.0843e-04   3.4581e+02
20260814_11:00:00   2.5970e-01   6.6355e+01   2.6425e+01   0.0000e+00   1.4662e-03   3.4421e+02
20260814_12:00:00   2.5985e-01   6.6335e+01   2.6415e+01   0.0000e+00   6.7734e-04   3.4266e+02
20260814_13:00:00   2.6166e-01   6.6652e+01   2.6621e+01   0.0000e+00   5.6105e-03   3.4280e+02
20260814_14:00:00   2.6669e-01   6.7689e+01   2.7177e+01   0.0000e+00   3.7344e-03   3.4382e+02
20260814_15:00:00   2.6674e-01   6.7729e+01   2.7295e+01   0.0000e+00   2.1459e-03   3.4523e+02
20260814_16:00:00   2.6947e-01   6.8364e+01   2.7701e+01   0.0000e+00   1.2049e-03   3.4520e+02
20260814_17:00:00   2.6620e-01   6.7786e+01   2.7516e+01   0.0000e+00   4.3245e-04   3.4225e+02
20260814_18:00:00   2.6280e-01   6.7170e+01   2.7332e+01   0.0000e+00   5.4238e-04   3.3839e+02
20260814_19:00:00   2.5614e-01   6.5841e+01   2.6852e+01   0.0000e+00   1.2876e-03   3.3899e+02
20260814_20:00:00   2.4761e-01   6.4092e+01   2.6082e+01   0.0000e+00   1.1428e-03   3.4235e+02
20260814_21:00:00   2.3273e-01   6.0948e+01   2.4514e+01   0.0000e+00   7.1726e-05   3.4387e+02
20260814_22:00:00   2.9242e-01   7.3184e+01   2.5136e+01   6.3560e-02   6.1708e-02   3.4107e+02
20260814_23:00:00   3.1679e-01   7.8184e+01   2.6879e+01   7.3345e-02   1.8116e-01   3.3297e+02
20260815_00:00:00   4.1047e-01   9.5742e+01   3.0030e+01   1.4119e-01   2.5730e-01   3.3133e+02
20260815_01:00:00   3.4431e-01   8.3631e+01   3.0837e+01   5.5760e-02   3.8026e-01   3.3047e+02
20260815_02:00:00   3.8274e-01   9.0589e+01   3.0612e+01   1.0191e-01   4.8318e-01   3.3132e+02
20260815_03:00:00   2.7602e-01   7.0010e+01   2.8679e+01   1.3726e-03   2.1576e-01   3.3420e+02
20260815_04:00:00   2.7270e-01   6.9474e+01   2.6208e+01   1.4053e-02   3.0007e-03   3.3660e+02
20260815_05:00:00   2.6380e-01   6.7603e+01   2.6543e+01   4.5219e-04   7.3915e-03   3.3657e+02
20260815_06:00:00   2.5304e-01   6.5331e+01   2.5280e+01   0.0000e+00   3.8209e-03   3.3761e+02
20260815_07:00:00   2.4680e-01   6.4022e+01   2.4265e+01   0.0000e+00   4.5704e-06   3.3727e+02
20260815_08:00:00   2.4547e-01   6.3698e+01   2.3989e+01   0.0000e+00   0.0000e+00   3.3694e+02
20260815_09:00:00   2.4140e-01   6.2786e+01   2.3420e+01   0.0000e+00   0.0000e+00   3.3537e+02
20260815_10:00:00   2.3567e-01   6.1514e+01   2.2745e+01   0.0000e+00   0.0000e+00   3.3285e+02
20260815_11:00:00   2.3082e-01   6.0429e+01   2.2158e+01   0.0000e+00   0.0000e+00   3.3130e+02
20260815_12:00:00   2.3488e-01   6.1245e+01   2.2718e+01   0.0000e+00   1.0348e-06   3.3158e+02
20260815_13:00:00   2.4092e-01   6.2484e+01   2.3468e+01   0.0000e+00   5.1360e-05   3.3181e+02
20260815_14:00:00   2.4705e-01   6.3775e+01   2.4131e+01   1.8766e-03   5.1734e-05   3.3206e+02
20260815_15:00:00   2.4730e-01   6.3884e+01   2.4096e+01   4.4140e-03   5.0720e-05   3.3169e+02
20260815_16:00:00   2.3554e-01   6.1470e+01   2.3325e+01   0.0000e+00   0.0000e+00   3.3124e+02
20260815_17:00:00   2.2840e-01   6.0027e+01   2.2652e+01   0.0000e+00   1.7780e-05   3.3070e+02
20260815_18:00:00   2.3405e-01   6.1313e+01   2.3807e+01   0.0000e+00   1.0016e-03   3.2980e+02
20260815_19:00:00   2.3984e-01   6.2634e+01   2.4795e+01   0.0000e+00   9.7307e-04   3.2956e+02
20260815_20:00:00   2.3982e-01   6.2744e+01   2.4948e+01   0.0000e+00   9.3330e-04   3.3017e+02
20260815_21:00:00   2.3960e-01   6.2767e+01   2.5135e+01   0.0000e+00   5.2825e-04   3.2928e+02
20260815_22:00:00   2.3123e-01   6.1047e+01   2.4295e+01   0.0000e+00   1.0438e-04   3.2917e+02
20260815_23:00:00   2.3453e-01   6.1730e+01   2.4899e+01   1.7420e-03   1.1179e-04   3.2844e+02
20260816_00:00:00   2.7375e-01   6.9894e+01   2.6033e+01   3.8962e-02   7.8459e-04   3.2737e+02
20260816_01:00:00   2.3924e-01   6.2682e+01   2.6025e+01   2.7986e-03   5.3495e-03   3.2686e+02
20260816_02:00:00   2.2927e-01   6.0500e+01   2.5211e+01   1.2676e-04   4.0318e-02   3.2794e+02
20260816_03:00:00   2.4022e-01   6.2746e+01   2.6672e+01   5.6840e-05   8.3704e-02   3.2657e+02
20260816_04:00:00   2.5716e-01   6.6413e+01   2.8294e+01   1.1746e-03   9.7120e-02   3.2822e+02
20260816_05:00:00   2.8027e-01   7.1308e+01   2.9117e+01   1.5385e-02   4.3970e-02   3.2901e+02
20260816_06:00:00   2.6477e-01   6.8158e+01   2.8514e+01   6.5384e-04   7.6588e-03   3.3020e+02
20260816_07:00:00   2.6225e-01   6.7622e+01   2.8067e+01   1.7678e-04   2.4887e-03   3.3137e+02
20260816_08:00:00   2.5405e-01   6.5892e+01   2.6848e+01   0.0000e+00   2.2860e-06   3.3253e+02
20260816_09:00:00   2.4678e-01   6.4318e+01   2.5590e+01   0.0000e+00   3.5520e-06   3.3278e+02
20260816_10:00:00   2.4757e-01   6.4425e+01   2.5493e+01   0.0000e+00   4.0744e-04   3.3018e+02
20260816_11:00:00   2.4556e-01   6.3924e+01   2.5217e+01   0.0000e+00   2.6274e-03   3.2989e+02
20260816_12:00:00   2.4535e-01   6.3804e+01   2.5207e+01   0.0000e+00   4.2080e-03   3.3113e+02
20260816_13:00:00   2.5040e-01   6.4805e+01   2.5782e+01   0.0000e+00   6.8521e-03   3.3194e+02
20260816_14:00:00   2.5502e-01   6.5733e+01   2.6317e+01   0.0000e+00   9.3554e-03   3.3176e+02
20260816_15:00:00   2.6047e-01   6.6852e+01   2.7190e+01   1.2934e-05   1.6062e-02   3.3215e+02
20260816_16:00:00   2.5924e-01   6.6623e+01   2.7218e+01   0.0000e+00   1.9564e-02   3.3263e+02
20260816_17:00:00   2.5218e-01   6.5254e+01   2.6210e+01   0.0000e+00   1.5442e-02   3.3313e+02
20260816_18:00:00   2.4314e-01   6.3453e+01   2.5135e+01   0.0000e+00   1.9996e-02   3.3335e+02
20260816_19:00:00   2.3492e-01   6.1766e+01   2.4366e+01   0.0000e+00   2.0616e-02   3.3205e+02
20260816_20:00:00   2.3221e-01   6.1237e+01   2.4466e+01   0.0000e+00   1.8744e-02   3.3216e+02
20260816_21:00:00   2.3860e-01   6.2717e+01   2.5526e+01   0.0000e+00   1.4864e-02   3.3396e+02
20260816_22:00:00   2.4024e-01   6.3065e+01   2.5935e+01   0.0000e+00   8.6425e-03   3.3614e+02
20260816_23:00:00   2.3560e-01   6.2064e+01   2.5550e+01   0.0000e+00   3.4325e-03   3.3752e+02
20260817_00:00:00   2.2979e-01   6.0760e+01   2.5077e+01   0.0000e+00   0.0000e+00   3.3768e+02
20260817_01:00:00   2.2374e-01   5.9396e+01   2.4467e+01   0.0000e+00   6.2760e-06   3.3674e+02
20260817_02:00:00   2.1847e-01   5.8218e+01   2.3803e+01   3.8440e-04   8.7020e-05   3.3498e+02
20260817_03:00:00   2.2741e-01   6.0185e+01   2.4788e+01   6.5420e-04   1.5774e-02   3.3258e+02
20260817_04:00:00   2.3794e-01   6.2499e+01   2.5604e+01   2.0160e-03   4.2045e-03   3.3161e+02
20260817_05:00:00   2.4328e-01   6.3660e+01   2.6147e+01   0.0000e+00   1.0806e-03   3.3002e+02
20260817_06:00:00   2.4468e-01   6.3900e+01   2.6102e+01   0.0000e+00   1.3579e-03   3.2894e+02
20260817_07:00:00   2.4407e-01   6.3742e+01   2.5855e+01   0.0000e+00   1.6397e-03   3.2804e+02
20260817_08:00:00   2.4538e-01   6.3984e+01   2.5800e+01   0.0000e+00   1.7594e-03   3.2834e+02
20260817_09:00:00   2.4573e-01   6.4008e+01   2.5730e+01   0.0000e+00   2.1420e-03   3.2874e+02
20260817_10:00:00   2.4371e-01   6.3547e+01   2.5364e+01   0.0000e+00   2.0583e-03   3.2863e+02
20260817_11:00:00   2.4004e-01   6.2736e+01   2.4777e+01   0.0000e+00   2.7958e-03   3.2935e+02
20260817_12:00:00   2.3457e-01   6.1512e+01   2.4010e+01   0.0000e+00   4.6998e-03   3.3043e+02
20260817_13:00:00   2.3176e-01   6.0858e+01   2.3591e+01   0.0000e+00   5.7984e-03   3.3170e+02
20260817_14:00:00   2.2975e-01   6.0386e+01   2.3329e+01   0.0000e+00   4.9840e-03   3.3329e+02
20260817_15:00:00   2.2599e-01   5.9594e+01   2.2957e+01   0.0000e+00   4.1399e-03   3.3626e+02
20260817_16:00:00   2.2166e-01   5.8694e+01   2.2514e+01   0.0000e+00   2.9601e-03   3.3885e+02
20260817_17:00:00   2.1966e-01   5.8312e+01   2.2400e+01   0.0000e+00   1.7126e-03   3.4056e+02
20260817_18:00:00   2.1613e-01   5.7609e+01   2.2117e+01   0.0000e+00   9.3700e-04   3.4143e+02
20260817_19:00:00   2.0602e-01   5.5439e+01   2.1056e+01   0.0000e+00   1.0344e-04   3.4218e+02
20260817_20:00:00   1.9856e-01   5.3819e+01   2.0325e+01   0.0000e+00   5.1730e-06   3.4260e+02
20260817_21:00:00   1.9480e-01   5.2923e+01   2.0202e+01   0.0000e+00   7.7600e-06   3.4205e+02
20260817_22:00:00   1.9280e-01   5.2445e+01   2.0221e+01   0.0000e+00   1.3899e-05   3.4167e+02
20260817_23:00:00   1.9536e-01   5.3055e+01   2.0690e+01   0.0000e+00   3.4903e-05   3.4052e+02
20260818_00:00:00   1.9871e-01   5.3836e+01   2.1202e+01   0.0000e+00   2.5217e-05   3.4031e+02
20260818_01:00:00   1.9617e-01   5.3223e+01   2.0971e+01   0.0000e+00   0.0000e+00   3.4158e+02
20260818_02:00:00   1.9214e-01   5.2192e+01   2.0563e+01   0.0000e+00   0.0000e+00   3.4258e+02
20260818_03:00:00   1.9058e-01   5.1739e+01   2.0330e+01   3.9240e-05   7.0620e-05   3.4203e+02
20260818_04:00:00   1.8903e-01   5.1348e+01   2.0036e+01   0.0000e+00   9.2740e-06   3.4196e+02
20260818_05:00:00   1.9086e-01   5.1757e+01   2.0076e+01   0.0000e+00   0.0000e+00   3.4206e+02
20260818_06:00:00   1.9881e-01   5.3669e+01   2.0755e+01   0.0000e+00   0.0000e+00   3.4131e+02
20260818_09:00:00   2.0602e-01   5.5304e+01   2.0877e+01   0.0000e+00   1.3898e-03   3.3995e+02
20260818_12:00:00   2.0716e-01   5.5331e+01   2.0824e+01   0.0000e+00   1.0732e-02   3.3324e+02
20260818_15:00:00   1.9931e-01   5.3455e+01   1.9842e+01   0.0000e+00   1.1486e-03   3.2958e+02
20260818_18:00:00   1.6809e-01   4.6178e+01   1.6711e+01   0.0000e+00   6.9808e-03   3.2949e+02
20260818_21:00:00   1.5038e-01   4.1917e+01   1.5064e+01   0.0000e+00   9.7639e-04   3.2815e+02
20260819_00:00:00   1.5637e-01   4.3524e+01   1.6111e+01   0.0000e+00   0.0000e+00   3.2576e+02
20260819_03:00:00   1.7598e-01   4.8389e+01   1.8428e+01   0.0000e+00   0.0000e+00   3.2064e+02
20260819_06:00:00   1.9996e-01   5.3919e+01   2.0799e+01   0.0000e+00   0.0000e+00   3.1479e+02
20260819_09:00:00   2.1867e-01   5.7990e+01   2.2623e+01   0.0000e+00   0.0000e+00   3.1075e+02
20260819_12:00:00   2.2896e-01   6.0205e+01   2.3551e+01   0.0000e+00   9.6260e-05   3.0716e+02
20260819_15:00:00   2.3323e-01   6.1120e+01   2.4377e+01   0.0000e+00   0.0000e+00   3.0599e+02
20260819_18:00:00   2.5149e-01   6.5144e+01   2.8019e+01   0.0000e+00   5.1740e-06   3.0346e+02
20260819_21:00:00   2.3166e-01   6.1215e+01   2.5774e+01   0.0000e+00   0.0000e+00   3.0121e+02
20260820_00:00:00   2.3054e-01   6.1055e+01   2.6156e+01   0.0000e+00   0.0000e+00   3.0138e+02
20260820_03:00:00   2.3818e-01   6.2625e+01   2.6500e+01   5.3980e-03   3.8240e-05   2.9974e+02
20260820_06:00:00   2.4923e-01   6.5133e+01   2.7614e+01   0.0000e+00   0.0000e+00   3.0006e+02
20260820_09:00:00   2.5592e-01   6.6432e+01   2.7816e+01   0.0000e+00   0.0000e+00   3.0311e+02
20260820_12:00:00   2.5772e-01   6.6771e+01   2.7266e+01   0.0000e+00   0.0000e+00   3.0526e+02
20260820_15:00:00   2.4829e-01   6.4857e+01   2.5734e+01   0.0000e+00   0.0000e+00   3.0695e+02
20260820_18:00:00   2.3066e-01   6.1270e+01   2.4212e+01   0.0000e+00   0.0000e+00   3.0666e+02
20260820_21:00:00   2.1204e-01   5.7229e+01   2.2891e+01   0.0000e+00   0.0000e+00   3.0671e+02
20260821_00:00:00   2.0003e-01   5.4561e+01   2.1853e+01   0.0000e+00   3.3560e-05   3.0560e+02
20260821_03:00:00   2.0444e-01   5.5548e+01   2.2442e+01   0.0000e+00   0.0000e+00   3.0717e+02
20260821_06:00:00   2.1165e-01   5.7081e+01   2.2893e+01   0.0000e+00   0.0000e+00   3.1158e+02
20260821_09:00:00   2.1984e-01   5.8918e+01   2.3228e+01   0.0000e+00   0.0000e+00   3.1081e+02
20260821_12:00:00   2.1193e-01   5.6969e+01   2.1884e+01   0.0000e+00   0.0000e+00   3.1166e+02
20260821_15:00:00   2.0068e-01   5.4295e+01   2.0443e+01   0.0000e+00   0.0000e+00   3.0943e+02
20260821_18:00:00   1.8932e-01   5.1852e+01   1.9708e+01   0.0000e+00   0.0000e+00   3.0747e+02
20260821_21:00:00   1.7547e-01   4.8764e+01   1.8562e+01   0.0000e+00   0.0000e+00   3.0519e+02
20260822_00:00:00   1.7058e-01   4.7620e+01   1.8519e+01   0.0000e+00   0.0000e+00   3.0308e+02
20260822_03:00:00   1.6821e-01   4.7033e+01   1.8216e+01   0.0000e+00   0.0000e+00   3.0355e+02
20260822_06:00:00   1.7252e-01   4.7981e+01   1.8357e+01   0.0000e+00   0.0000e+00   2.9854e+02
20260822_09:00:00   1.7752e-01   4.9066e+01   1.8587e+01   0.0000e+00   0.0000e+00   2.9617e+02
20260822_12:00:00   1.8629e-01   5.1080e+01   1.9407e+01   0.0000e+00   0.0000e+00   2.9366e+02
20260822_15:00:00   1.9159e-01   5.2377e+01   1.9934e+01   0.0000e+00   0.0000e+00   2.9359e+02
20260822_18:00:00   1.8822e-01   5.1892e+01   1.9898e+01   0.0000e+00   0.0000e+00   2.8915e+02
20260822_21:00:00   1.7407e-01   4.8715e+01   1.8515e+01   0.0000e+00   0.0000e+00   2.8445e+02
20260823_00:00:00   1.7270e-01   4.8429e+01   1.8944e+01   0.0000e+00   0.0000e+00   2.8197e+02
20260823_03:00:00   1.6430e-01   4.6369e+01   1.7923e+01   0.0000e+00   0.0000e+00   2.7995e+02
20260823_06:00:00   1.6702e-01   4.6849e+01   1.8285e+01   0.0000e+00   1.4995e-04   2.7897e+02
20260823_09:00:00   1.7436e-01   4.8466e+01   1.9110e+01   0.0000e+00   9.9045e-03   2.8355e+02
20260823_12:00:00   1.6676e-01   4.6573e+01   1.7586e+01   0.0000e+00   1.0928e-03   2.8505e+02
20260823_15:00:00   1.7953e-01   4.9393e+01   1.9775e+01   0.0000e+00   1.3724e-02   2.8407e+02
20260823_18:00:00   1.9600e-01   5.3173e+01   2.2862e+01   0.0000e+00   4.0624e-03   2.8400e+02
20260823_21:00:00   1.7752e-01   4.9095e+01   2.0474e+01   0.0000e+00   4.1860e-05   2.8613e+02
20260824_00:00:00   1.6189e-01   4.5584e+01   1.8166e+01   0.0000e+00   0.0000e+00   2.9049e+02
20260824_03:00:00   1.3907e-01   4.0017e+01   1.3781e+01   0.0000e+00   0.0000e+00   2.8775e+02
20260824_06:00:00   1.5099e-01   4.2835e+01   1.4431e+01   0.0000e+00   7.4802e-03   2.9133e+02
20260824_09:00:00   1.5783e-01   4.4322e+01   1.4742e+01   0.0000e+00   2.0515e-03   2.9465e+02
20260824_12:00:00   1.7549e-01   4.8416e+01   1.6592e+01   0.0000e+00   2.1540e-04   2.9177e+02
20260824_15:00:00   1.8823e-01   5.1434e+01   1.8263e+01   0.0000e+00   0.0000e+00   2.8985e+02
20260824_18:00:00   1.8106e-01   4.9990e+01   1.8148e+01   0.0000e+00   0.0000e+00   2.9106e+02
20260824_21:00:00   1.6895e-01   4.7121e+01   1.7353e+01   0.0000e+00   0.0000e+00   2.9028e+02
20260825_00:00:00   1.6481e-01   4.6171e+01   1.7400e+01   0.0000e+00   0.0000e+00   2.8971e+02
20260825_03:00:00   1.6380e-01   4.5884e+01   1.7362e+01   0.0000e+00   0.0000e+00   2.9045e+02
20260825_06:00:00   1.6780e-01   4.6769e+01   1.7584e+01   0.0000e+00   0.0000e+00   2.9197e+02
20260825_09:00:00   1.8227e-01   5.0151e+01   1.8873e+01   0.0000e+00   0.0000e+00   2.9189e+02
20260825_12:00:00   1.8456e-01   5.0611e+01   1.8731e+01   0.0000e+00   0.0000e+00   2.8980e+02
20260825_15:00:00   1.8405e-01   5.0483e+01   1.8550e+01   0.0000e+00   0.0000e+00   2.8800e+02
20260825_18:00:00   1.7501e-01   4.8588e+01   1.7824e+01   0.0000e+00   0.0000e+00   2.8582e+02
20260825_21:00:00   1.6331e-01   4.5816e+01   1.7015e+01   0.0000e+00   0.0000e+00   2.8449e+02
20260826_00:00:00   1.6786e-01   4.6933e+01   1.8099e+01   0.0000e+00   0.0000e+00   2.8802e+02
20260826_03:00:00   1.5882e-01   4.4724e+01   1.6885e+01   0.0000e+00   0.0000e+00   2.8882e+02
20260826_06:00:00   1.5865e-01   4.4551e+01   1.6570e+01   0.0000e+00   0.0000e+00   2.8706e+02
20260826_09:00:00   1.6524e-01   4.6006e+01   1.7022e+01   0.0000e+00   0.0000e+00   2.8600e+02
20260826_12:00:00   1.8007e-01   4.9439e+01   1.8477e+01   0.0000e+00   3.1699e-04   2.8672e+02
20260826_15:00:00   1.8248e-01   5.0009e+01   1.8328e+01   0.0000e+00   1.4580e-03   2.9079e+02
20260826_18:00:00   1.8067e-01   4.9823e+01   1.8376e+01   0.0000e+00   0.0000e+00   2.8941e+02
20260826_21:00:00   1.7724e-01   4.9167e+01   1.8628e+01   0.0000e+00   0.0000e+00   2.9341e+02
20260827_00:00:00   1.6997e-01   4.7416e+01   1.8108e+01   0.0000e+00   0.0000e+00   2.9548e+02
20260827_03:00:00   1.7044e-01   4.7595e+01   1.7910e+01   0.0000e+00   1.6262e-04   2.9448e+02
20260827_06:00:00   1.8381e-01   5.0776e+01   1.8847e+01   0.0000e+00   4.8460e-06   2.9621e+02
20260827_09:00:00   1.8624e-01   5.1136e+01   1.8130e+01   0.0000e+00   0.0000e+00   2.9861e+02
20260827_12:00:00   1.6954e-01   4.6945e+01   1.5403e+01   0.0000e+00   0.0000e+00   2.9484e+02
20260827_15:00:00   1.6136e-01   4.4778e+01   1.5048e+01   0.0000e+00   3.8480e-05   2.9361e+02
20260827_18:00:00   1.5830e-01   4.4108e+01   1.5803e+01   0.0000e+00   1.6328e-03   2.9177e+02
20260827_21:00:00   1.5688e-01   4.3830e+01   1.6347e+01   0.0000e+00   2.5840e-05   2.9141e+02
20260828_00:00:00   1.6243e-01   4.5168e+01   1.7612e+01   0.0000e+00   1.3867e-04   2.9336e+02
20260828_03:00:00   1.8425e-01   5.0259e+01   2.0201e+01   0.0000e+00   2.3537e-04   2.9394e+02
20260828_06:00:00   2.0997e-01   5.6015e+01   2.2762e+01   0.0000e+00   5.6740e-04   2.9567e+02
20260828_09:00:00   2.1602e-01   5.7207e+01   2.3070e+01   0.0000e+00   2.0442e-03   2.9466e+02
20260828_12:00:00   2.1937e-01   5.7859e+01   2.2814e+01   0.0000e+00   0.0000e+00   2.9639e+02
20260828_15:00:00   1.7504e-01   4.7748e+01   1.6680e+01   0.0000e+00   1.0198e-05   3.0030e+02
20260828_18:00:00   1.4856e-01   4.1638e+01   1.3448e+01   0.0000e+00   6.2741e-04   3.0145e+02
20260828_21:00:00   1.5324e-01   4.2850e+01   1.4886e+01   0.0000e+00   0.0000e+00   2.9983e+02
20260829_00:00:00   1.6901e-01   4.6710e+01   1.7415e+01   0.0000e+00   0.0000e+00   2.9699e+02
20260829_03:00:00   1.7630e-01   4.8367e+01   1.8049e+01   0.0000e+00   1.8300e-05   2.9539e+02
20260829_06:00:00   1.6948e-01   4.6763e+01   1.6316e+01   0.0000e+00   0.0000e+00   2.9701e+02
