#            date       tau255        Tb[K]      pwv[mm] lwp[kg*m^-2] iwp[kg*m^-2]       o3[DU]
20260831_18:00:00   2.2534e-01   5.8513e+01   2.3108e+01   0.0000e+00   1.6108e-04   3.1664e+02
20260831_19:00:00   2.2118e-01   5.7648e+01   2.2932e+01   0.0000e+00   1.0702e-05   3.1762e+02
20260831_20:00:00   2.1864e-01   5.7136e+01   2.2870e+01   0.0000e+00   0.0000e+00   3.1678e+02
20260831_21:00:00   2.1625e-01   5.6651e+01   2.2855e+01   0.0000e+00   0.0000e+00   3.1672e+02
20260831_22:00:00   2.1234e-01   5.5846e+01   2.2572e+01   0.0000e+00   5.7200e-04   3.1837e+02
20260831_23:00:00   2.0793e-01   5.4932e+01   2.2053e+01   0.0000e+00   7.8920e-05   3.2100e+02
20260901_00:00:00   2.0561e-01   5.4437e+01   2.1937e+01   0.0000e+00   0.0000e+00   3.2057e+02
20260901_01:00:00   2.0509e-01   5.4311e+01   2.2071e+01   0.0000e+00   0.0000e+00   3.1970e+02
20260901_02:00:00   2.0470e-01   5.4220e+01   2.2097e+01   0.0000e+00   8.3980e-06   3.2018e+02
20260901_03:00:00   2.0116e-01   5.3455e+01   2.1514e+01   0.0000e+00   6.1640e-05   3.1982e+02
20260901_04:00:00   1.9693e-01   5.2523e+01   2.0852e+01   0.0000e+00   3.4120e-04   3.2067e+02
20260901_05:00:00   1.9420e-01   5.1892e+01   2.0398e+01   0.0000e+00   2.4736e-03   3.1986e+02
20260901_06:00:00   1.9669e-01   5.2436e+01   2.0609e+01   0.0000e+00   7.1889e-03   3.1835e+02
20260901_07:00:00   1.9959e-01   5.3072e+01   2.0976e+01   0.0000e+00   1.8717e-02   3.2021e+02
20260901_08:00:00   1.9930e-01   5.2963e+01   2.0925e+01   0.0000e+00   2.2407e-02   3.2164e+02
20260901_09:00:00   2.0165e-01   5.3425e+01   2.1209e+01   0.0000e+00   5.4309e-03   3.2336e+02
20260901_10:00:00   2.0298e-01   5.3726e+01   2.1236e+01   0.0000e+00   2.3986e-03   3.2398e+02
20260901_11:00:00   2.0235e-01   5.3595e+01   2.1055e+01   0.0000e+00   5.1642e-03   3.2444e+02
20260901_12:00:00   2.0093e-01   5.3259e+01   2.0859e+01   0.0000e+00   6.5988e-03   3.2591e+02
20260901_13:00:00   2.0251e-01   5.3557e+01   2.1078e+01   0.0000e+00   7.4797e-03   3.2617e+02
20260901_14:00:00   2.0371e-01   5.3783e+01   2.1279e+01   0.0000e+00   1.0839e-02   3.2467e+02
20260901_15:00:00   2.0471e-01   5.3997e+01   2.1507e+01   0.0000e+00   2.8966e-02   3.2358e+02
20260901_16:00:00   2.0541e-01   5.4137e+01   2.1711e+01   0.0000e+00   7.3049e-02   3.2427e+02
20260901_17:00:00   2.0854e-01   5.4848e+01   2.2354e+01   0.0000e+00   1.6572e-01   3.2490e+02
20260901_18:00:00   2.0228e-01   5.3504e+01   2.1657e+01   0.0000e+00   3.4638e-02   3.2536e+02
20260901_19:00:00   1.9806e-01   5.2606e+01   2.1175e+01   0.0000e+00   4.7165e-03   3.2838e+02
20260901_20:00:00   1.9438e-01   5.1815e+01   2.0879e+01   0.0000e+00   2.4857e-02   3.3357e+02
20260901_21:00:00   1.9105e-01   5.1119e+01   2.0455e+01   0.0000e+00   4.0806e-02   3.3278e+02
20260901_22:00:00   1.8900e-01   5.0708e+01   2.0083e+01   0.0000e+00   1.1709e-01   3.3257e+02
20260901_23:00:00   1.8504e-01   4.9889e+01   1.9436e+01   0.0000e+00   4.5202e-02   3.3524e+02
20260902_00:00:00   1.7877e-01   4.8579e+01   1.8318e+01   0.0000e+00   7.4005e-05   3.3679e+02
20260902_01:00:00   1.7984e-01   4.8826e+01   1.8430e+01   0.0000e+00   0.0000e+00   3.3462e+02
20260902_02:00:00   1.7921e-01   4.8676e+01   1.8320e+01   0.0000e+00   1.8040e-04   3.3686e+02
20260902_03:00:00   1.7972e-01   4.8717e+01   1.8325e+01   0.0000e+00   2.4987e-04   3.3671e+02
20260902_04:00:00   1.8241e-01   4.9261e+01   1.8579e+01   0.0000e+00   1.5924e-04   3.3473e+02
20260902_05:00:00   1.9055e-01   5.1074e+01   1.9505e+01   0.0000e+00   2.4475e-03   3.3214e+02
20260902_06:00:00   2.0592e-01   5.4515e+01   2.1403e+01   0.0000e+00   3.3664e-02   3.3294e+02
20260902_07:00:00   2.2259e-01   5.8190e+01   2.3214e+01   0.0000e+00   4.0201e-03   3.3346e+02
20260902_08:00:00   2.3323e-01   6.0550e+01   2.4053e+01   0.0000e+00   4.2319e-03   3.3303e+02
20260902_09:00:00   2.3984e-01   6.1971e+01   2.4490e+01   0.0000e+00   2.4668e-02   3.3356e+02
20260902_10:00:00   2.4787e-01   6.3639e+01   2.5286e+01   0.0000e+00   1.5559e-02   3.3574e+02
20260902_11:00:00   2.4755e-01   6.3581e+01   2.4873e+01   0.0000e+00   7.1979e-04   3.3812e+02
20260902_12:00:00   2.5286e-01   6.4624e+01   2.5283e+01   0.0000e+00   1.0459e-02   3.4062e+02
20260902_13:00:00   2.5648e-01   6.5314e+01   2.5337e+01   0.0000e+00   6.9414e-03   3.4160e+02
20260902_14:00:00   2.5727e-01   6.5394e+01   2.5143e+01   0.0000e+00   8.5468e-03   3.4210e+02
20260902_15:00:00   2.5726e-01   6.5306e+01   2.5070e+01   0.0000e+00   1.4281e-02   3.4229e+02
20260902_16:00:00   2.5498e-01   6.4796e+01   2.4894e+01   1.2946e-04   2.9625e-03   3.4246e+02
20260902_17:00:00   2.5874e-01   6.5540e+01   2.4950e+01   4.8274e-03   1.6289e-03   3.4220e+02
20260902_18:00:00   2.5372e-01   6.4475e+01   2.3726e+01   1.2522e-02   5.0728e-04   3.4313e+02
20260902_19:00:00   2.3384e-01   6.0293e+01   2.2572e+01   1.7436e-03   1.0665e-03   3.4402e+02
20260902_20:00:00   2.2564e-01   5.8604e+01   2.1795e+01   0.0000e+00   5.7826e-05   3.4463e+02
20260902_21:00:00   2.3157e-01   5.9877e+01   2.1332e+01   1.2798e-02   4.4029e-04   3.4322e+02
20260902_22:00:00   2.4713e-01   6.2964e+01   2.0709e+01   4.1195e-02   4.8220e-03   3.4564e+02
20260902_23:00:00   2.1538e-01   5.6081e+01   2.0188e+01   1.4760e-02   1.2511e-02   3.4334e+02
20260903_00:00:00   2.0675e-01   5.4153e+01   2.0065e+01   8.5124e-03   1.1605e-02   3.4345e+02
20260903_01:00:00   2.0086e-01   5.2884e+01   2.0350e+01   2.8560e-06   1.2997e-02   3.4472e+02
20260903_02:00:00   2.1285e-01   5.5498e+01   2.1649e+01   1.0046e-03   9.0517e-03   3.4461e+02
20260903_03:00:00   2.2708e-01   5.8415e+01   2.3158e+01   6.7240e-04   2.6940e-02   3.4511e+02
20260903_04:00:00   2.5293e-01   6.3829e+01   2.4427e+01   1.4490e-02   2.6554e-01   3.4668e+02
20260903_05:00:00   3.9513e-01   9.1420e+01   2.4292e+01   1.7464e-01   4.1345e-01   3.4743e+02
20260903_06:00:00   7.5281e-01   1.4590e+02   2.5175e+01   5.6512e-01   4.4499e-01   3.5016e+02
20260903_07:00:00   4.1624e-01   9.5186e+01   2.5039e+01   1.8418e-01   3.2311e-01   3.5138e+02
20260903_08:00:00   3.2150e-01   7.7574e+01   2.4819e+01   7.6031e-02   4.8792e-01   3.5292e+02
20260903_09:00:00   2.8528e-01   7.0309e+01   2.4650e+01   3.3909e-02   2.1360e-01   3.5826e+02
20260903_10:00:00   3.3819e-01   8.0882e+01   2.3773e+01   1.0107e-01   1.5560e-01   3.6165e+02
20260903_11:00:00   2.9454e-01   7.2326e+01   2.1435e+01   6.8124e-02   1.3402e-02   3.6534e+02
20260903_12:00:00   2.6975e-01   6.7282e+01   1.9479e+01   5.5748e-02   3.2222e-04   3.6609e+02
20260903_13:00:00   2.3762e-01   6.0429e+01   1.8445e+01   2.6638e-02   4.3807e-04   3.6730e+02
20260903_14:00:00   2.3789e-01   6.0408e+01   1.8031e+01   3.1331e-02   5.4060e-04   3.6811e+02
20260903_15:00:00   2.3117e-01   5.8987e+01   1.7938e+01   2.5439e-02   2.0438e-03   3.6813e+02
20260903_16:00:00   2.6022e-01   6.5170e+01   1.7773e+01   6.2747e-02   0.0000e+00   3.6781e+02
20260903_17:00:00   1.9958e-01   5.1931e+01   1.7254e+01   1.0304e-03   6.0160e-06   3.6776e+02
20260903_18:00:00   1.9886e-01   5.1764e+01   1.7206e+01   2.8982e-03   3.7899e-04   3.6977e+02
20260903_19:00:00   1.8987e-01   4.9789e+01   1.6523e+01   1.8746e-03   3.1021e-04   3.7280e+02
20260903_20:00:00   1.8308e-01   4.8287e+01   1.5582e+01   5.2584e-03   2.2542e-04   3.7309e+02
20260903_21:00:00   1.7635e-01   4.6686e+01   1.5081e+01   6.4760e-03   9.1305e-04   3.7088e+02
20260903_22:00:00   1.6466e-01   4.3978e+01   1.4472e+01   2.1440e-03   1.1125e-03   3.6683e+02
20260903_23:00:00   1.6398e-01   4.3771e+01   1.4597e+01   2.5482e-03   5.2402e-03   3.6313e+02
20260904_00:00:00   1.6572e-01   4.4178e+01   1.5122e+01   5.9984e-04   2.1937e-02   3.6049e+02
20260904_01:00:00   1.9138e-01   4.9943e+01   1.6245e+01   1.8040e-02   5.9922e-02   3.6030e+02
20260904_02:00:00   1.9530e-01   5.0964e+01   1.7523e+01   8.3300e-03   1.0292e-01   3.6015e+02
20260904_03:00:00   2.0191e-01   5.2450e+01   1.8327e+01   6.2223e-03   3.7407e-02   3.6054e+02
20260904_04:00:00   2.0218e-01   5.2502e+01   1.8630e+01   2.3400e-03   4.0811e-03   3.6186e+02
20260904_05:00:00   2.0110e-01   5.2243e+01   1.8600e+01   4.9480e-04   2.5747e-03   3.6245e+02
20260904_06:00:00   2.0166e-01   5.2352e+01   1.8135e+01   4.4300e-03   4.4603e-04   3.6314e+02
20260904_07:00:00   2.0905e-01   5.3936e+01   1.7828e+01   1.3776e-02   3.2218e-04   3.6444e+02
20260904_08:00:00   2.1011e-01   5.4135e+01   1.7881e+01   1.2656e-02   4.0935e-04   3.6648e+02
20260904_09:00:00   2.1555e-01   5.5295e+01   1.7769e+01   1.8106e-02   1.9840e-04   3.6677e+02
20260904_10:00:00   2.1217e-01   5.4585e+01   1.7839e+01   1.2186e-02   1.5504e-04   3.6521e+02
20260904_11:00:00   2.2428e-01   5.7222e+01   1.8013e+01   2.2060e-02   3.6720e-04   3.6439e+02
20260904_12:00:00   2.5026e-01   6.2681e+01   1.8259e+01   4.7620e-02   1.2484e-03   3.6428e+02
20260904_13:00:00   2.3153e-01   5.8778e+01   1.8323e+01   2.5820e-02   7.8022e-04   3.6392e+02
20260904_14:00:00   2.2554e-01   5.7492e+01   1.8604e+01   1.5664e-02   6.4444e-04   3.6281e+02
20260904_15:00:00   2.2795e-01   5.8015e+01   1.8993e+01   1.4314e-02   1.5403e-03   3.5990e+02
20260904_16:00:00   2.2765e-01   5.7970e+01   1.9212e+01   1.2248e-02   3.3446e-03   3.5770e+02
20260904_17:00:00   2.2384e-01   5.7207e+01   1.9163e+01   9.6084e-03   6.1985e-04   3.5659e+02
20260904_18:00:00   2.3254e-01   5.9126e+01   1.9453e+01   1.8632e-02   7.9160e-04   3.5600e+02
20260904_19:00:00   2.4119e-01   6.1022e+01   1.9202e+01   3.3220e-02   1.9273e-04   3.5532e+02
20260904_20:00:00   3.0766e-01   7.4731e+01   1.9033e+01   1.1212e-01   3.9477e-04   3.5607e+02
20260904_21:00:00   3.5495e-01   8.3932e+01   1.8763e+01   1.6947e-01   5.1977e-04   3.5630e+02
20260904_22:00:00   4.1369e-01   9.4351e+01   1.8659e+01   2.3561e-01   9.9550e-04   3.5674e+02
20260904_23:00:00   3.3869e-01   8.0550e+01   1.8521e+01   1.5278e-01   4.8662e-04   3.5697e+02
20260905_00:00:00   3.3560e-01   7.9978e+01   1.8314e+01   1.5201e-01   4.4242e-04   3.5782e+02
20260905_01:00:00   2.5724e-01   6.4424e+01   1.7835e+01   6.8680e-02   3.0180e-04   3.5927e+02
20260905_02:00:00   2.4563e-01   6.2023e+01   1.7587e+01   5.7440e-02   4.8055e-04   3.5922e+02
20260905_03:00:00   2.4665e-01   6.2230e+01   1.7433e+01   5.9340e-02   4.3386e-04   3.5852e+02
20260905_04:00:00   2.6001e-01   6.4968e+01   1.7440e+01   7.4260e-02   5.8520e-04   3.5711e+02
20260905_05:00:00   1.9595e-01   5.1332e+01   1.7034e+01   6.3980e-03   7.8900e-05   3.5733e+02
20260905_06:00:00   2.0324e-01   5.2903e+01   1.7153e+01   1.2606e-02   1.7416e-04   3.5713e+02
20260905_07:00:00   2.1483e-01   5.5416e+01   1.7181e+01   2.4520e-02   1.5131e-04   3.5702e+02
20260905_08:00:00   2.3662e-01   6.0036e+01   1.7566e+01   4.4260e-02   4.6879e-04   3.5784e+02
20260905_09:00:00   2.7033e-01   6.7027e+01   1.7656e+01   8.0300e-02   5.3298e-04   3.5693e+02
20260905_10:00:00   2.5346e-01   6.3547e+01   1.7429e+01   6.2480e-02   5.6791e-04   3.5511e+02
20260905_11:00:00   2.8827e-01   7.0599e+01   1.7577e+01   9.9635e-02   2.5964e-03   3.5253e+02
20260905_12:00:00   2.7008e-01   6.6925e+01   1.7379e+01   8.1280e-02   2.5886e-03   3.5099e+02
20260905_13:00:00   2.5948e-01   6.4712e+01   1.7586e+01   6.8040e-02   5.4838e-03   3.5100e+02
20260905_14:00:00   2.2773e-01   5.8055e+01   1.7482e+01   3.4320e-02   4.3804e-03   3.5091e+02
20260905_15:00:00   2.2443e-01   5.7352e+01   1.7597e+01   3.0340e-02   4.8839e-03   3.4812e+02
20260905_16:00:00   2.2235e-01   5.6961e+01   1.7504e+01   2.9540e-02   3.8761e-03   3.4588e+02
20260905_17:00:00   1.9432e-01   5.0967e+01   1.7313e+01   3.0000e-04   9.3112e-03   3.4352e+02
20260905_18:00:00   1.9212e-01   5.0552e+01   1.7229e+01   0.0000e+00   2.0291e-02   3.4102e+02
20260905_21:00:00   1.8703e-01   4.9447e+01   1.7289e+01   5.0000e-04   2.7532e-02   3.3473e+02
20260906_00:00:00   1.8700e-01   4.9487e+01   1.7934e+01   0.0000e+00   9.8679e-03   3.3426e+02
20260906_03:00:00   1.9988e-01   5.2312e+01   1.9714e+01   0.0000e+00   1.2032e-03   3.3124e+02
20260906_06:00:00   2.0754e-01   5.3997e+01   2.0113e+01   2.2700e-03   2.3430e-04   3.2600e+02
20260906_09:00:00   2.0944e-01   5.4454e+01   1.9955e+01   0.0000e+00   2.7500e-04   3.2323e+02
20260906_12:00:00   1.9863e-01   5.2117e+01   1.8429e+01   0.0000e+00   1.7478e-03   3.1688e+02
20260906_15:00:00   1.9881e-01   5.2126e+01   1.8943e+01   0.0000e+00   1.6129e-03   3.1114e+02
20260906_18:00:00   1.9424e-01   5.1306e+01   1.9016e+01   0.0000e+00   8.1580e-06   3.0276e+02
20260906_21:00:00   1.8265e-01   4.8965e+01   1.7982e+01   0.0000e+00   0.0000e+00   3.0587e+02
20260907_00:00:00   1.8125e-01   4.8868e+01   1.8182e+01   0.0000e+00   0.0000e+00   3.0887e+02
20260907_03:00:00   1.8587e-01   4.9945e+01   1.8952e+01   0.0000e+00   1.5692e-05   3.0525e+02
20260907_06:00:00   1.8505e-01   4.9660e+01   1.8774e+01   0.0000e+00   0.0000e+00   3.0832e+02
20260907_09:00:00   1.8496e-01   4.9603e+01   1.8526e+01   0.0000e+00   0.0000e+00   3.1333e+02
20260907_12:00:00   1.8422e-01   4.9380e+01   1.8332e+01   0.0000e+00   0.0000e+00   3.0842e+02
20260907_15:00:00   1.8735e-01   5.0067e+01   1.8830e+01   0.0000e+00   4.2080e-05   2.9957e+02
20260907_18:00:00   1.8532e-01   4.9733e+01   1.9276e+01   0.0000e+00   3.1753e-02   2.9479e+02
20260907_21:00:00   1.7461e-01   4.7540e+01   1.8086e+01   0.0000e+00   1.3576e-03   2.9332e+02
20260908_00:00:00   1.7366e-01   4.7475e+01   1.8654e+01   0.0000e+00   0.0000e+00   2.8951e+02
20260908_03:00:00   1.6871e-01   4.6281e+01   1.8145e+01   0.0000e+00   0.0000e+00   2.9021e+02
20260908_06:00:00   1.6131e-01   4.4540e+01   1.6489e+01   0.0000e+00   0.0000e+00   2.8959e+02
20260908_09:00:00   1.6610e-01   4.5672e+01   1.6411e+01   0.0000e+00   0.0000e+00   2.9299e+02
20260908_12:00:00   1.6252e-01   4.4797e+01   1.5377e+01   0.0000e+00   0.0000e+00   2.9356e+02
20260908_15:00:00   1.4508e-01   4.0632e+01   1.2596e+01   0.0000e+00   0.0000e+00   2.9093e+02
20260908_18:00:00   1.3349e-01   3.8028e+01   1.1060e+01   0.0000e+00   0.0000e+00   2.8848e+02
20260908_21:00:00   1.3152e-01   3.7722e+01   1.1412e+01   0.0000e+00   0.0000e+00   2.8889e+02
20260909_00:00:00   1.0788e-01   3.1714e+01   8.4093e+00   0.0000e+00   0.0000e+00   2.9094e+02
20260909_03:00:00   9.6100e-02   2.8493e+01   6.2243e+00   0.0000e+00   0.0000e+00   2.9460e+02
20260909_06:00:00   1.0064e-01   2.9456e+01   6.3827e+00   0.0000e+00   0.0000e+00   2.9686e+02
20260909_09:00:00   1.2183e-01   3.4630e+01   8.7641e+00   0.0000e+00   0.0000e+00   2.9697e+02
20260909_12:00:00   1.4273e-01   3.9621e+01   1.1020e+01   0.0000e+00   0.0000e+00   2.9390e+02
20260909_15:00:00   1.5300e-01   4.1989e+01   1.2551e+01   0.0000e+00   1.2422e-04   2.9228e+02
20260909_18:00:00   1.4773e-01   4.0886e+01   1.2491e+01   0.0000e+00   0.0000e+00   2.9433e+02
20260909_21:00:00   1.4234e-01   3.9708e+01   1.2621e+01   0.0000e+00   0.0000e+00   2.9326e+02
20260910_00:00:00   1.4931e-01   4.1432e+01   1.4385e+01   0.0000e+00   0.0000e+00   2.9319e+02
20260910_03:00:00   1.4109e-01   3.9382e+01   1.3527e+01   0.0000e+00   0.0000e+00   2.9272e+02
20260910_06:00:00   1.4451e-01   4.0058e+01   1.3893e+01   0.0000e+00   0.0000e+00   2.9023e+02
20260910_09:00:00   1.5027e-01   4.1248e+01   1.4360e+01   0.0000e+00   0.0000e+00   2.9075e+02
20260910_12:00:00   1.5285e-01   4.1644e+01   1.4626e+01   0.0000e+00   1.0346e-03   2.9413e+02
20260910_15:00:00   1.4774e-01   4.0381e+01   1.3684e+01   0.0000e+00   1.7192e-03   2.9431e+02
20260910_18:00:00   1.4190e-01   3.9197e+01   1.2814e+01   0.0000e+00   0.0000e+00   2.9967e+02
20260910_21:00:00   1.3397e-01   3.7521e+01   1.1422e+01   0.0000e+00   8.6300e-05   3.0619e+02
20260911_00:00:00   1.3294e-01   3.7375e+01   1.1256e+01   0.0000e+00   1.9066e-04   3.1130e+02
20260911_03:00:00   1.3071e-01   3.6729e+01   1.0898e+01   0.0000e+00   0.0000e+00   3.1505e+02
20260911_06:00:00   1.2729e-01   3.5716e+01   1.0438e+01   0.0000e+00   0.0000e+00   3.1686e+02
20260911_09:00:00   1.2125e-01   3.4191e+01   9.3208e+00   0.0000e+00   5.6380e-05   3.2049e+02
20260911_12:00:00   1.1931e-01   3.3627e+01   8.9120e+00   0.0000e+00   5.2696e-03   3.2076e+02
20260911_15:00:00   1.2171e-01   3.4177e+01   9.0495e+00   0.0000e+00   1.1640e-05   3.2296e+02
20260911_18:00:00   1.1895e-01   3.3641e+01   8.9639e+00   0.0000e+00   0.0000e+00   3.2463e+02
20260911_21:00:00   1.3037e-01   3.6412e+01   1.1624e+01   0.0000e+00   8.6300e-05   3.2439e+02
20260912_00:00:00   1.2090e-01   3.4180e+01   1.0419e+01   0.0000e+00   0.0000e+00   3.2182e+02
20260912_03:00:00   1.2166e-01   3.4345e+01   1.0259e+01   0.0000e+00   0.0000e+00   3.2203e+02
20260912_06:00:00   1.2798e-01   3.5747e+01   1.0789e+01   0.0000e+00   5.5960e-04   3.1816e+02
20260912_09:00:00   1.3678e-01   3.7747e+01   1.1624e+01   0.0000e+00   4.1100e-04   3.1404e+02
20260912_12:00:00   1.4169e-01   3.8878e+01   1.1595e+01   0.0000e+00   2.5380e-04   3.1585e+02
20260912_15:00:00   1.5122e-01   4.1055e+01   1.2410e+01   0.0000e+00   5.1740e-06   3.1720e+02
20260912_18:00:00   1.4941e-01   4.0749e+01   1.2227e+01   0.0000e+00   0.0000e+00   3.1593e+02
20260912_21:00:00   1.4307e-01   3.9096e+01   1.1838e+01   1.7382e-03   1.2518e-02   3.1933e+02
20260913_00:00:00   1.8171e-01   4.7591e+01   1.4212e+01   1.9653e-02   1.8684e-01   3.3483e+02
20260913_03:00:00   1.6689e-01   4.4004e+01   1.3964e+01   0.0000e+00   4.3195e-02   3.5486e+02
20260913_06:00:00   1.5183e-01   4.0400e+01   1.2020e+01   0.0000e+00   1.2568e-03   3.5221e+02
20260913_09:00:00   1.4999e-01   3.9867e+01   1.1609e+01   0.0000e+00   1.6601e-06   3.5476e+02
20260913_12:00:00   1.5849e-01   4.1635e+01   1.2534e+01   0.0000e+00   1.1093e-02   3.5745e+02
20260913_15:00:00   1.5998e-01   4.1940e+01   1.2699e+01   0.0000e+00   5.3023e-02   3.5942e+02
20260913_18:00:00   1.6584e-01   4.3243e+01   1.2582e+01   1.0024e-02   9.6589e-02   3.6161e+02
20260913_21:00:00   1.4441e-01   3.8563e+01   1.1406e+01   7.7764e-04   1.0987e-02   3.5611e+02
20260914_00:00:00   1.4202e-01   3.8170e+01   1.1272e+01   1.3198e-05   9.0582e-03   3.5383e+02
20260914_03:00:00   1.4165e-01   3.8211e+01   1.1038e+01   0.0000e+00   3.1119e-05   3.5063e+02
20260914_06:00:00   1.3892e-01   3.7630e+01   1.0464e+01   0.0000e+00   0.0000e+00   3.4809e+02
20260914_09:00:00   1.3124e-01   3.5818e+01   9.5187e+00   0.0000e+00   0.0000e+00   3.4553e+02
20260914_12:00:00   1.2279e-01   3.3783e+01   8.4804e+00   0.0000e+00   0.0000e+00   3.3791e+02
20260914_15:00:00   1.2351e-01   3.3960e+01   8.7441e+00   0.0000e+00   0.0000e+00   3.2615e+02
20260914_18:00:00   1.3038e-01   3.5722e+01   1.0279e+01   0.0000e+00   1.2692e-04   3.1835e+02
20260914_21:00:00   1.3609e-01   3.7209e+01   1.1764e+01   0.0000e+00   1.4141e-04   3.1731e+02
20260915_00:00:00   1.4541e-01   3.9529e+01   1.3552e+01   0.0000e+00   0.0000e+00   3.1415e+02
20260915_03:00:00   1.5222e-01   4.1176e+01   1.4469e+01   0.0000e+00   0.0000e+00   3.1022e+02
20260915_06:00:00   1.5248e-01   4.1254e+01   1.4204e+01   0.0000e+00   2.8560e-06   3.0779e+02
20260915_09:00:00   1.5231e-01   4.1218e+01   1.3930e+01   0.0000e+00   4.2135e-04   3.0512e+02
20260915_12:00:00   1.5202e-01   4.1135e+01   1.3778e+01   0.0000e+00   1.5749e-03   3.0510e+02
20260915_15:00:00   1.5263e-01   4.1272e+01   1.3963e+01   0.0000e+00   1.0644e-02   3.0715e+02
20260915_18:00:00   1.5312e-01   4.1497e+01   1.4346e+01   0.0000e+00   4.1003e-03   3.0743e+02
20260915_21:00:00   1.5117e-01   4.1226e+01   1.4441e+01   0.0000e+00   0.0000e+00   3.0838e+02
20260916_00:00:00   1.4961e-01   4.0983e+01   1.4400e+01   0.0000e+00   0.0000e+00   3.1149e+02
20260916_03:00:00   1.5499e-01   4.2270e+01   1.5173e+01   0.0000e+00   0.0000e+00   3.1285e+02
20260916_06:00:00   1.5166e-01   4.1528e+01   1.4338e+01   0.0000e+00   0.0000e+00   3.1251e+02
20260916_09:00:00   1.4843e-01   4.0786e+01   1.3655e+01   0.0000e+00   0.0000e+00   3.1214e+02
20260916_12:00:00   1.4885e-01   4.0859e+01   1.3638e+01   0.0000e+00   0.0000e+00   3.0649e+02
20260916_15:00:00   1.4812e-01   4.0698e+01   1.3555e+01   0.0000e+00   0.0000e+00   3.0503e+02
20260916_18:00:00   1.4411e-01   3.9909e+01   1.3255e+01   0.0000e+00   0.0000e+00   3.0187e+02
