#            date       tau255        Tb[K]      pwv[mm] lwp[kg*m^-2] iwp[kg*m^-2]       o3[DU]
20260809_12:00:00   1.6124e-01   4.4357e+01   1.5500e+01   0.0000e+00   0.0000e+00   3.2790e+02
20260809_13:00:00   1.6206e-01   4.4493e+01   1.5630e+01   0.0000e+00   1.7808e-05   3.2785e+02
20260809_14:00:00   1.6174e-01   4.4385e+01   1.5632e+01   0.0000e+00   2.8560e-06   3.2809e+02
20260809_15:00:00   1.5944e-01   4.3871e+01   1.5473e+01   0.0000e+00   0.0000e+00   3.2762e+02
20260809_16:00:00   1.5784e-01   4.3517e+01   1.5477e+01   0.0000e+00   0.0000e+00   3.2631e+02
20260809_17:00:00   1.5513e-01   4.2900e+01   1.5376e+01   0.0000e+00   0.0000e+00   3.2622e+02
20260809_18:00:00   1.5254e-01   4.2301e+01   1.5287e+01   0.0000e+00   0.0000e+00   3.2660e+02
20260809_19:00:00   1.5017e-01   4.1761e+01   1.5193e+01   0.0000e+00   1.9758e-04   3.2759e+02
20260809_20:00:00   1.4687e-01   4.0987e+01   1.4917e+01   0.0000e+00   9.2318e-04   3.3068e+02
20260809_21:00:00   1.4167e-01   3.9748e+01   1.4284e+01   0.0000e+00   1.8124e-03   3.3235e+02
20260809_22:00:00   1.3837e-01   3.8955e+01   1.3896e+01   0.0000e+00   9.1215e-03   3.3047e+02
20260809_23:00:00   1.3950e-01   3.9222e+01   1.4205e+01   0.0000e+00   1.5333e-02   3.2838e+02
20260810_00:00:00   1.4181e-01   3.9800e+01   1.4582e+01   0.0000e+00   2.1392e-02   3.2623e+02
20260810_01:00:00   1.4640e-01   4.0877e+01   1.5335e+01   0.0000e+00   1.4493e-02   3.2597e+02
20260810_02:00:00   1.5267e-01   4.2405e+01   1.6213e+01   0.0000e+00   6.1027e-02   3.2809e+02
20260810_03:00:00   1.5879e-01   4.3863e+01   1.6974e+01   0.0000e+00   5.4981e-02   3.3099e+02
20260810_04:00:00   1.6491e-01   4.5305e+01   1.7712e+01   0.0000e+00   9.1845e-02   3.3254e+02
20260810_05:00:00   1.7249e-01   4.7154e+01   1.8467e+01   0.0000e+00   3.2230e-03   3.3531e+02
20260810_06:00:00   1.7680e-01   4.8176e+01   1.8790e+01   0.0000e+00   1.2149e-03   3.3746e+02
20260810_07:00:00   1.7871e-01   4.8601e+01   1.8759e+01   0.0000e+00   8.1020e-05   3.3886e+02
20260810_08:00:00   1.8066e-01   4.9066e+01   1.8613e+01   0.0000e+00   0.0000e+00   3.3687e+02
20260810_09:00:00   1.8108e-01   4.9166e+01   1.8347e+01   0.0000e+00   0.0000e+00   3.3583e+02
20260810_10:00:00   1.8470e-01   4.9969e+01   1.8638e+01   0.0000e+00   0.0000e+00   3.3261e+02
20260810_11:00:00   1.8580e-01   5.0189e+01   1.8612e+01   0.0000e+00   0.0000e+00   3.3019e+02
20260810_12:00:00   1.8867e-01   5.0787e+01   1.8967e+01   0.0000e+00   1.9614e-04   3.2872e+02
20260810_13:00:00   1.9128e-01   5.1323e+01   1.9285e+01   0.0000e+00   0.0000e+00   3.2780e+02
20260810_14:00:00   1.9187e-01   5.1430e+01   1.9433e+01   0.0000e+00   0.0000e+00   3.2867e+02
20260810_15:00:00   1.9000e-01   5.1049e+01   1.9333e+01   0.0000e+00   0.0000e+00   3.2941e+02
20260810_16:00:00   1.8473e-01   4.9902e+01   1.8783e+01   0.0000e+00   0.0000e+00   3.2898e+02
20260810_17:00:00   1.7841e-01   4.8497e+01   1.8154e+01   0.0000e+00   0.0000e+00   3.2947e+02
20260810_18:00:00   1.7418e-01   4.7563e+01   1.7792e+01   0.0000e+00   0.0000e+00   3.3033e+02
20260810_19:00:00   1.6853e-01   4.6285e+01   1.7250e+01   0.0000e+00   4.8460e-06   3.2687e+02
20260810_20:00:00   1.6301e-01   4.5030e+01   1.6658e+01   0.0000e+00   8.4720e-04   3.2627e+02
20260810_21:00:00   1.6068e-01   4.4485e+01   1.6591e+01   0.0000e+00   2.9476e-03   3.2565e+02
20260810_22:00:00   1.6161e-01   4.4706e+01   1.6927e+01   0.0000e+00   1.9116e-02   3.2324e+02
20260810_23:00:00   1.6221e-01   4.4850e+01   1.7180e+01   0.0000e+00   2.1889e-02   3.1987e+02
20260811_00:00:00   1.6158e-01   4.4728e+01   1.7173e+01   0.0000e+00   7.2269e-03   3.1876e+02
20260811_01:00:00   1.6178e-01   4.4843e+01   1.7143e+01   0.0000e+00   6.8672e-04   3.1659e+02
20260811_02:00:00   1.6397e-01   4.5433e+01   1.7404e+01   0.0000e+00   1.5692e-05   3.1444e+02
20260811_03:00:00   1.6797e-01   4.6401e+01   1.7806e+01   0.0000e+00   2.4288e-04   3.1341e+02
20260811_04:00:00   1.7057e-01   4.6976e+01   1.7904e+01   0.0000e+00   0.0000e+00   3.1290e+02
20260811_05:00:00   1.7322e-01   4.7560e+01   1.8078e+01   0.0000e+00   0.0000e+00   3.1264e+02
20260811_06:00:00   1.8072e-01   4.9277e+01   1.8851e+01   0.0000e+00   0.0000e+00   3.1400e+02
20260811_07:00:00   1.8780e-01   5.0869e+01   1.9510e+01   0.0000e+00   0.0000e+00   3.1428e+02
20260811_08:00:00   1.9376e-01   5.2196e+01   2.0048e+01   0.0000e+00   0.0000e+00   3.1449e+02
20260811_09:00:00   1.9972e-01   5.3520e+01   2.0630e+01   0.0000e+00   0.0000e+00   3.1465e+02
20260811_10:00:00   2.0584e-01   5.4857e+01   2.1283e+01   0.0000e+00   0.0000e+00   3.1428e+02
20260811_11:00:00   2.1247e-01   5.6320e+01   2.2008e+01   0.0000e+00   0.0000e+00   3.1356e+02
20260811_12:00:00   2.1661e-01   5.7203e+01   2.2412e+01   0.0000e+00   0.0000e+00   3.1465e+02
20260811_13:00:00   2.1820e-01   5.7511e+01   2.2549e+01   0.0000e+00   0.0000e+00   3.1553e+02
20260811_14:00:00   2.1900e-01   5.7663e+01   2.2685e+01   0.0000e+00   0.0000e+00   3.1532e+02
20260811_15:00:00   2.1806e-01   5.7514e+01   2.2716e+01   0.0000e+00   0.0000e+00   3.1448e+02
20260811_16:00:00   2.1621e-01   5.7166e+01   2.2660e+01   0.0000e+00   0.0000e+00   3.1452e+02
20260811_17:00:00   2.1192e-01   5.6279e+01   2.2361e+01   0.0000e+00   0.0000e+00   3.1372e+02
20260811_18:00:00   2.0662e-01   5.5133e+01   2.1938e+01   0.0000e+00   0.0000e+00   3.1355e+02
20260811_19:00:00   2.0002e-01   5.3669e+01   2.1348e+01   0.0000e+00   0.0000e+00   3.1242e+02
20260811_20:00:00   1.9290e-01   5.2059e+01   2.0583e+01   0.0000e+00   0.0000e+00   3.1048e+02
20260811_21:00:00   1.8569e-01   5.0444e+01   1.9764e+01   0.0000e+00   0.0000e+00   3.1139e+02
20260811_22:00:00   1.8254e-01   4.9789e+01   1.9470e+01   0.0000e+00   0.0000e+00   3.1328e+02
20260811_23:00:00   1.8367e-01   5.0099e+01   1.9740e+01   0.0000e+00   0.0000e+00   3.1465e+02
20260812_00:00:00   1.8880e-01   5.1329e+01   2.0484e+01   0.0000e+00   0.0000e+00   3.1524e+02
20260812_01:00:00   1.9461e-01   5.2715e+01   2.1234e+01   0.0000e+00   4.2240e-05   3.1598e+02
20260812_02:00:00   1.9946e-01   5.3906e+01   2.1646e+01   4.9660e-04   5.7660e-04   3.1641e+02
20260812_03:00:00   2.0534e-01   5.5279e+01   2.2250e+01   1.8988e-04   5.8240e-05   3.1726e+02
20260812_04:00:00   2.1109e-01   5.6569e+01   2.2736e+01   0.0000e+00   0.0000e+00   3.1700e+02
20260812_05:00:00   2.1427e-01   5.7255e+01   2.2854e+01   0.0000e+00   1.0348e-05   3.1823e+02
20260812_06:00:00   2.1847e-01   5.8126e+01   2.3083e+01   0.0000e+00   1.4754e-03   3.1957e+02
20260812_07:00:00   2.2204e-01   5.8856e+01   2.3201e+01   0.0000e+00   8.6009e-03   3.1904e+02
20260812_08:00:00   2.2457e-01   5.9367e+01   2.3219e+01   0.0000e+00   1.1362e-02   3.1913e+02
20260812_09:00:00   2.2789e-01   6.0044e+01   2.3416e+01   0.0000e+00   2.6086e-02   3.2229e+02
20260812_10:00:00   2.3141e-01   6.0766e+01   2.3707e+01   0.0000e+00   1.7743e-02   3.2749e+02
20260812_11:00:00   2.3506e-01   6.1514e+01   2.4002e+01   0.0000e+00   2.5821e-04   3.2849e+02
20260812_12:00:00   2.3931e-01   6.2387e+01   2.4369e+01   0.0000e+00   3.8305e-04   3.2692e+02
20260812_13:00:00   2.4383e-01   6.3293e+01   2.4812e+01   0.0000e+00   3.9200e-04   3.2875e+02
20260812_14:00:00   2.4878e-01   6.4315e+01   2.5367e+01   0.0000e+00   1.4828e-03   3.3038e+02
20260812_15:00:00   2.5020e-01   6.4644e+01   2.5668e+01   0.0000e+00   7.8886e-04   3.3163e+02
20260812_16:00:00   2.5123e-01   6.4913e+01   2.6046e+01   0.0000e+00   4.0667e-03   3.3333e+02
20260812_17:00:00   2.5032e-01   6.4795e+01   2.6065e+01   0.0000e+00   2.2923e-04   3.3677e+02
20260812_18:00:00   2.4726e-01   6.4256e+01   2.5773e+01   0.0000e+00   0.0000e+00   3.4009e+02
20260812_19:00:00   2.4336e-01   6.3531e+01   2.5333e+01   0.0000e+00   0.0000e+00   3.4363e+02
20260812_20:00:00   2.4184e-01   6.3291e+01   2.4937e+01   2.5980e-03   1.2554e-05   3.4716e+02
20260812_21:00:00   2.7724e-01   7.0687e+01   2.4918e+01   4.4239e-02   1.2222e-03   3.4977e+02
20260812_22:00:00   4.3652e-01   1.0065e+02   2.6326e+01   2.1065e-01   2.7156e-02   3.4963e+02
20260812_23:00:00   2.6824e-01   6.8979e+01   2.6899e+01   1.0904e-02   6.0915e-04   3.4970e+02
20260813_00:00:00   2.8210e-01   7.1721e+01   2.6652e+01   3.0876e-02   8.7379e-02   3.4957e+02
20260813_01:00:00   3.1411e-01   7.8219e+01   2.6774e+01   6.2224e-02   9.5751e-03   3.4771e+02
20260813_02:00:00   3.0461e-01   7.6443e+01   2.7132e+01   4.2052e-02   3.0938e-03   3.4599e+02
20260813_03:00:00   2.8770e-01   7.3070e+01   2.8130e+01   5.0560e-03   3.5961e-04   3.4752e+02
20260813_04:00:00   2.8033e-01   7.1415e+01   2.7296e+01   4.8977e-03   1.2238e-04   3.4859e+02
20260813_05:00:00   2.6673e-01   6.8525e+01   2.6446e+01   3.5658e-04   1.7977e-05   3.4768e+02
20260813_06:00:00   2.5740e-01   6.6435e+01   2.5567e+01   0.0000e+00   0.0000e+00   3.4683e+02
20260813_07:00:00   2.4815e-01   6.4296e+01   2.4588e+01   0.0000e+00   0.0000e+00   3.4606e+02
20260813_08:00:00   2.3799e-01   6.1975e+01   2.3399e+01   0.0000e+00   0.0000e+00   3.4515e+02
20260813_09:00:00   2.3213e-01   6.0620e+01   2.2655e+01   0.0000e+00   0.0000e+00   3.4478e+02
20260813_10:00:00   2.2659e-01   5.9348e+01   2.1934e+01   0.0000e+00   0.0000e+00   3.4319e+02
20260813_11:00:00   2.2365e-01   5.8648e+01   2.1534e+01   0.0000e+00   0.0000e+00   3.4247e+02
20260813_12:00:00   2.2228e-01   5.8291e+01   2.1327e+01   0.0000e+00   0.0000e+00   3.4268e+02
20260813_13:00:00   2.2185e-01   5.8147e+01   2.1237e+01   0.0000e+00   0.0000e+00   3.4405e+02
20260813_14:00:00   2.2006e-01   5.7746e+01   2.1010e+01   0.0000e+00   0.0000e+00   3.4414e+02
20260813_15:00:00   2.1628e-01   5.6994e+01   2.0700e+01   0.0000e+00   0.0000e+00   3.4455e+02
20260813_16:00:00   2.1182e-01   5.6091e+01   2.0353e+01   0.0000e+00   0.0000e+00   3.4521e+02
20260813_17:00:00   2.0680e-01   5.5062e+01   1.9952e+01   0.0000e+00   0.0000e+00   3.4566e+02
20260813_18:00:00   2.0252e-01   5.4172e+01   1.9622e+01   0.0000e+00   0.0000e+00   3.4686e+02
20260813_19:00:00   1.9855e-01   5.3309e+01   1.9350e+01   0.0000e+00   0.0000e+00   3.4649e+02
20260813_20:00:00   1.9371e-01   5.2255e+01   1.9015e+01   0.0000e+00   0.0000e+00   3.4479e+02
20260813_21:00:00   1.9124e-01   5.1723e+01   1.8987e+01   0.0000e+00   0.0000e+00   3.4393e+02
20260813_22:00:00   1.9217e-01   5.1976e+01   1.9349e+01   0.0000e+00   0.0000e+00   3.4404e+02
20260813_23:00:00   1.9659e-01   5.3006e+01   2.0099e+01   0.0000e+00   2.7661e-05   3.4603e+02
20260814_00:00:00   2.0424e-01   5.4733e+01   2.1055e+01   4.4040e-04   2.9240e-04   3.4490e+02
20260814_01:00:00   2.1016e-01   5.6089e+01   2.1831e+01   0.0000e+00   1.6796e-04   3.4301e+02
20260814_02:00:00   2.1936e-01   5.8166e+01   2.2875e+01   0.0000e+00   3.4527e-04   3.3890e+02
20260814_03:00:00   2.2730e-01   5.9891e+01   2.3576e+01   0.0000e+00   1.8188e-04   3.3778e+02
20260814_04:00:00   2.3967e-01   6.2490e+01   2.3801e+01   8.8637e-03   3.8821e-03   3.3384e+02
20260814_05:00:00   2.9750e-01   7.4246e+01   2.3928e+01   7.0900e-02   3.1342e-03   3.3048e+02
20260814_06:00:00   2.7244e-01   6.9180e+01   2.3557e+01   4.4723e-02   1.0052e-03   3.2934e+02
20260814_07:00:00   2.3457e-01   6.1338e+01   2.3153e+01   3.8560e-03   7.3301e-05   3.2835e+02
20260814_08:00:00   2.3957e-01   6.2365e+01   2.2997e+01   9.1640e-03   1.0404e-04   3.2695e+02
20260814_09:00:00   2.2953e-01   6.0176e+01   2.2633e+01   1.4996e-04   2.2840e-05   3.2749e+02
20260814_10:00:00   2.2853e-01   5.9914e+01   2.2411e+01   0.0000e+00   0.0000e+00   3.2775e+02
20260814_11:00:00   2.2847e-01   5.9857e+01   2.2294e+01   0.0000e+00   0.0000e+00   3.2797e+02
20260814_12:00:00   2.2832e-01   5.9777e+01   2.2192e+01   0.0000e+00   0.0000e+00   3.2816e+02
20260814_15:00:00   2.3092e-01   6.0382e+01   2.2548e+01   0.0000e+00   0.0000e+00   3.2935e+02
20260814_18:00:00   2.2366e-01   5.9013e+01   2.2438e+01   0.0000e+00   0.0000e+00   3.2739e+02
20260814_21:00:00   2.0620e-01   5.5387e+01   2.1011e+01   0.0000e+00   0.0000e+00   3.2811e+02
20260815_00:00:00   2.3133e-01   6.0745e+01   2.3762e+01   1.3814e-02   3.9904e-03   3.2669e+02
20260815_03:00:00   2.3058e-01   6.0669e+01   2.5245e+01   7.9620e-04   4.3184e-04   3.2408e+02
20260815_06:00:00   2.4303e-01   6.3252e+01   2.6235e+01   2.5500e-03   2.1906e-03   3.2379e+02
20260815_09:00:00   2.9850e-01   7.4476e+01   2.7140e+01   5.3586e-02   3.8463e-03   3.1894e+02
20260815_12:00:00   2.7208e-01   6.9163e+01   2.5840e+01   3.1694e-02   3.1878e-03   3.1932e+02
20260815_15:00:00   2.3860e-01   6.2202e+01   2.5218e+01   0.0000e+00   2.0258e-03   3.2139e+02
20260815_18:00:00   2.4367e-01   6.3438e+01   2.6353e+01   0.0000e+00   4.1615e-03   3.2358e+02
20260815_21:00:00   2.3910e-01   6.2564e+01   2.6587e+01   0.0000e+00   3.3826e-02   3.2526e+02
20260816_00:00:00   3.0039e-01   7.5015e+01   2.7038e+01   7.0319e-02   5.1354e-02   3.2539e+02
20260816_03:00:00   2.7025e-01   6.9398e+01   2.9169e+01   2.1726e-04   4.6843e-03   3.2955e+02
20260816_06:00:00   2.8760e-01   7.2918e+01   2.9879e+01   0.0000e+00   7.0931e-03   3.3680e+02
20260816_09:00:00   2.8389e-01   7.2010e+01   2.8674e+01   0.0000e+00   7.1422e-06   3.4328e+02
20260816_12:00:00   2.8235e-01   7.1451e+01   2.7735e+01   0.0000e+00   2.0400e-04   3.5043e+02
20260816_15:00:00   2.6539e-01   6.7864e+01   2.5678e+01   0.0000e+00   0.0000e+00   3.5180e+02
20260816_18:00:00   2.4974e-01   6.4800e+01   2.4465e+01   0.0000e+00   0.0000e+00   3.4338e+02
20260816_21:00:00   2.2801e-01   6.0220e+01   2.3279e+01   0.0000e+00   0.0000e+00   3.3410e+02
20260817_00:00:00   2.1725e-01   5.7677e+01   2.2606e+01   2.6064e-03   8.0078e-03   3.2987e+02
20260817_03:00:00   2.0483e-01   5.4788e+01   2.0924e+01   6.6600e-03   6.1156e-02   3.2929e+02
20260817_06:00:00   2.1201e-01   5.6178e+01   2.2821e+01   0.0000e+00   1.5572e-02   3.2671e+02
20260817_09:00:00   2.2117e-01   5.8128e+01   2.2922e+01   0.0000e+00   9.3674e-03   3.2774e+02
20260817_12:00:00   2.3796e-01   6.1634e+01   2.4416e+01   0.0000e+00   9.3863e-03   3.2751e+02
20260817_15:00:00   2.4280e-01   6.2715e+01   2.4710e+01   0.0000e+00   2.5299e-05   3.2599e+02
20260817_18:00:00   2.4223e-01   6.2757e+01   2.5321e+01   0.0000e+00   1.6542e-03   3.2295e+02
20260817_21:00:00   2.2876e-01   6.0038e+01   2.4472e+01   0.0000e+00   3.8300e-05   3.2157e+02
20260818_00:00:00   2.2156e-01   5.8383e+01   2.4724e+01   0.0000e+00   1.0160e-02   3.1692e+02
20260818_03:00:00   2.4691e-01   6.4083e+01   2.7930e+01   0.0000e+00   5.2923e-04   3.1474e+02
20260818_06:00:00   2.7070e-01   6.8903e+01   3.0930e+01   0.0000e+00   1.0160e-01   3.1473e+02
20260818_09:00:00   4.0140e-01   9.4149e+01   3.3963e+01   1.1185e-01   2.6699e-01   3.1055e+02
20260818_12:00:00   3.0187e-01   7.5392e+01   3.2065e+01   2.6565e-03   8.3865e-03   3.1445e+02
20260818_15:00:00   2.6573e-01   6.8215e+01   2.6447e+01   0.0000e+00   2.5040e-03   3.2736e+02
20260818_18:00:00   2.5942e-01   6.7063e+01   2.6484e+01   0.0000e+00   7.8640e-05   3.2273e+02
20260818_21:00:00   2.8155e-01   7.1776e+01   2.7983e+01   2.0442e-02   1.6310e-02   3.1978e+02
20260819_00:00:00   2.6771e-01   6.9179e+01   2.9154e+01   0.0000e+00   2.5791e-03   3.2511e+02
20260819_03:00:00   2.7505e-01   7.0675e+01   3.0011e+01   0.0000e+00   7.7084e-02   3.2717e+02
20260819_06:00:00   2.6449e-01   6.8373e+01   2.7818e+01   0.0000e+00   3.7407e-03   3.2431e+02
20260819_09:00:00   2.6361e-01   6.8009e+01   2.7132e+01   0.0000e+00   7.9790e-03   3.2502e+02
20260819_12:00:00   2.6350e-01   6.7841e+01   2.6547e+01   0.0000e+00   8.3222e-03   3.2199e+02
20260819_15:00:00   2.5165e-01   6.5243e+01   2.5047e+01   0.0000e+00   9.3308e-03   3.1833e+02
20260819_18:00:00   2.3127e-01   6.0984e+01   2.3372e+01   0.0000e+00   4.3073e-02   3.1716e+02
20260819_21:00:00   2.0660e-01   5.5643e+01   2.1638e+01   0.0000e+00   1.5874e-03   3.1777e+02
20260820_00:00:00   1.7947e-01   4.9376e+01   1.9158e+01   0.0000e+00   3.5820e-03   3.1418e+02
20260820_03:00:00   1.7014e-01   4.7107e+01   1.7992e+01   0.0000e+00   1.5330e-02   3.1363e+02
20260820_06:00:00   2.0377e-01   5.4533e+01   2.2952e+01   0.0000e+00   3.5421e-02   3.1100e+02
20260820_09:00:00   2.0301e-01   5.4119e+01   2.2833e+01   0.0000e+00   2.1143e-02   3.0963e+02
20260820_12:00:00   2.3492e-01   6.1226e+01   2.6165e+01   0.0000e+00   2.2338e-03   3.0975e+02
20260820_15:00:00   2.4260e-01   6.2947e+01   2.6669e+01   0.0000e+00   6.2098e-06   3.0916e+02
20260820_18:00:00   2.3640e-01   6.1791e+01   2.6436e+01   0.0000e+00   1.4676e-03   3.0550e+02
20260820_21:00:00   2.2366e-01   5.9479e+01   2.4840e+01   0.0000e+00   1.3669e-02   3.0338e+02
20260821_00:00:00   2.4526e-01   6.4970e+01   2.7701e+01   0.0000e+00   2.9181e-02   3.0229e+02
20260821_03:00:00   2.6613e-01   6.9768e+01   2.9906e+01   0.0000e+00   3.4511e-02   3.0131e+02
20260821_06:00:00   2.6034e-01   6.8326e+01   2.8534e+01   0.0000e+00   1.5597e-03   3.0108e+02
20260821_09:00:00   2.5332e-01   6.6425e+01   2.7328e+01   0.0000e+00   3.8145e-03   3.0102e+02
20260821_12:00:00   2.5473e-01   6.6496e+01   2.7259e+01   0.0000e+00   4.4500e-04   3.0025e+02
20260821_15:00:00   2.6035e-01   6.7716e+01   2.7959e+01   0.0000e+00   1.4160e-03   3.0059e+02
20260821_18:00:00   2.5087e-01   6.5938e+01   2.7613e+01   0.0000e+00   2.2196e-03   3.0046e+02
20260821_21:00:00   2.4446e-01   6.4850e+01   2.7674e+01   0.0000e+00   1.5478e-03   3.0096e+02
20260822_00:00:00   2.4068e-01   6.4208e+01   2.7774e+01   0.0000e+00   9.6583e-03   3.0071e+02
20260822_03:00:00   2.4151e-01   6.4206e+01   2.8285e+01   0.0000e+00   1.2918e-04   3.0205e+02
20260822_06:00:00   2.5372e-01   6.6423e+01   2.9728e+01   0.0000e+00   0.0000e+00   2.9777e+02
20260822_09:00:00   2.4742e-01   6.4927e+01   2.8002e+01   0.0000e+00   0.0000e+00   2.9790e+02
20260822_12:00:00   2.4173e-01   6.3721e+01   2.6206e+01   0.0000e+00   0.0000e+00   2.9746e+02
20260822_15:00:00   2.3831e-01   6.2983e+01   2.5801e+01   0.0000e+00   0.0000e+00   2.9627e+02
20260822_18:00:00   2.1993e-01   5.9140e+01   2.4235e+01   0.0000e+00   0.0000e+00   2.9581e+02
20260822_21:00:00   2.0217e-01   5.5262e+01   2.2624e+01   0.0000e+00   3.4477e-04   2.9559e+02
20260823_00:00:00   1.9376e-01   5.3399e+01   2.1967e+01   0.0000e+00   3.4639e-04   2.9312e+02
20260823_03:00:00   1.8471e-01   5.1215e+01   2.0722e+01   0.0000e+00   1.6612e-03   2.9159e+02
20260823_06:00:00   1.9245e-01   5.2857e+01   2.1659e+01   0.0000e+00   2.6342e-03   2.8946e+02
20260823_09:00:00   2.0167e-01   5.4877e+01   2.2356e+01   0.0000e+00   0.0000e+00   2.8901e+02
20260823_12:00:00   2.0842e-01   5.6276e+01   2.3123e+01   0.0000e+00   1.6796e-05   2.8687e+02
20260823_15:00:00   2.1095e-01   5.6867e+01   2.3424e+01   0.0000e+00   0.0000e+00   2.8875e+02
20260823_18:00:00   2.0480e-01   5.5708e+01   2.2944e+01   0.0000e+00   0.0000e+00   2.8794e+02
20260823_21:00:00   1.9326e-01   5.3230e+01   2.1985e+01   0.0000e+00   0.0000e+00   2.8653e+02
20260824_00:00:00   1.8799e-01   5.2173e+01   2.1451e+01   0.0000e+00   0.0000e+00   2.8502e+02
20260824_03:00:00   1.8413e-01   5.1214e+01   2.0965e+01   0.0000e+00   0.0000e+00   2.8366e+02
20260824_06:00:00   1.8843e-01   5.2089e+01   2.1025e+01   0.0000e+00   0.0000e+00   2.8221e+02
20260824_09:00:00   1.9269e-01   5.2853e+01   2.1324e+01   0.0000e+00   0.0000e+00   2.8481e+02
20260824_12:00:00   1.9930e-01   5.4220e+01   2.2059e+01   0.0000e+00   0.0000e+00   2.8721e+02
20260824_15:00:00   2.0307e-01   5.5056e+01   2.2399e+01   0.0000e+00   0.0000e+00   2.8845e+02
20260824_18:00:00   1.9279e-01   5.2871e+01   2.1562e+01   0.0000e+00   0.0000e+00   2.8575e+02
20260824_21:00:00   1.7785e-01   4.9450e+01   2.0124e+01   0.0000e+00   0.0000e+00   2.8440e+02
20260825_00:00:00   1.7208e-01   4.8234e+01   1.9575e+01   0.0000e+00   0.0000e+00   2.8621e+02
20260825_03:00:00   1.7695e-01   4.9379e+01   1.9917e+01   0.0000e+00   5.7140e-06   2.8738e+02
20260825_06:00:00   1.7157e-01   4.7883e+01   1.8187e+01   0.0000e+00   1.5692e-05   2.8989e+02
20260825_09:00:00   1.6422e-01   4.5714e+01   1.6411e+01   0.0000e+00   1.9180e-03   2.9086e+02
20260825_12:00:00   1.8828e-01   5.1242e+01   1.9293e+01   0.0000e+00   3.6009e-03   2.9058e+02
