#            date       tau255        Tb[K]      pwv[mm] lwp[kg*m^-2] iwp[kg*m^-2]       o3[DU]
20261010_12:00:00   1.4182e-01   3.8002e+01   1.0374e+01   0.0000e+00   1.3132e-04   3.4578e+02
20261010_13:00:00   1.4440e-01   3.8553e+01   1.0619e+01   0.0000e+00   1.5482e-04   3.4707e+02
20261010_14:00:00   1.4648e-01   3.8997e+01   1.0795e+01   0.0000e+00   7.1121e-05   3.5038e+02
20261010_15:00:00   1.4810e-01   3.9342e+01   1.0937e+01   0.0000e+00   4.2969e-04   3.5057e+02
20261010_16:00:00   1.5004e-01   3.9809e+01   1.1183e+01   0.0000e+00   1.7640e-03   3.5419e+02
20261010_17:00:00   1.5198e-01   4.0280e+01   1.1437e+01   0.0000e+00   5.0044e-03   3.5609e+02
20261010_18:00:00   1.5413e-01   4.0807e+01   1.1668e+01   6.7481e-04   1.6670e-02   3.5415e+02
20261010_19:00:00   1.6098e-01   4.2406e+01   1.1851e+01   7.1180e-03   1.1875e-02   3.5049e+02
20261010_20:00:00   1.5944e-01   4.2102e+01   1.2017e+01   4.1620e-03   3.9784e-03   3.4654e+02
20261010_21:00:00   1.5675e-01   4.1521e+01   1.1897e+01   3.0459e-03   1.4886e-03   3.4376e+02
20261010_22:00:00   1.5102e-01   4.0245e+01   1.1554e+01   6.6000e-04   7.1761e-04   3.4177e+02
20261010_23:00:00   1.4951e-01   3.9910e+01   1.1532e+01   8.6660e-05   1.1614e-03   3.4130e+02
20261011_00:00:00   1.5141e-01   4.0337e+01   1.1817e+01   0.0000e+00   7.6362e-03   3.4255e+02
20261011_01:00:00   1.5510e-01   4.1170e+01   1.2216e+01   0.0000e+00   2.4043e-02   3.4295e+02
20261011_02:00:00   1.5731e-01   4.1684e+01   1.2384e+01   0.0000e+00   9.9890e-03   3.4004e+02
20261011_03:00:00   1.5528e-01   4.1261e+01   1.1956e+01   0.0000e+00   4.0629e-04   3.3559e+02
20261011_04:00:00   1.5943e-01   4.2185e+01   1.2289e+01   0.0000e+00   8.1571e-03   3.3473e+02
20261011_05:00:00   1.7350e-01   4.5272e+01   1.3883e+01   8.5700e-06   4.8883e-02   3.3324e+02
20261011_06:00:00   1.8243e-01   4.7229e+01   1.4726e+01   0.0000e+00   2.3137e-01   3.3373e+02
20261011_07:00:00   1.7314e-01   4.5188e+01   1.3723e+01   1.4154e-04   6.8906e-03   3.3479e+02
20261011_08:00:00   1.6578e-01   4.3513e+01   1.2840e+01   0.0000e+00   5.7892e-03   3.3396e+02
20261011_09:00:00   1.5921e-01   4.1980e+01   1.2187e+01   0.0000e+00   7.1014e-04   3.2998e+02
20261011_10:00:00   1.6063e-01   4.2266e+01   1.2367e+01   0.0000e+00   6.7897e-06   3.2622e+02
20261011_11:00:00   1.6455e-01   4.3122e+01   1.2808e+01   2.3280e-05   6.6267e-04   3.2722e+02
20261011_12:00:00   1.6360e-01   4.2884e+01   1.2734e+01   1.9402e-05   1.0121e-03   3.2863e+02
20261011_13:00:00   1.6509e-01   4.3200e+01   1.2906e+01   0.0000e+00   1.0855e-02   3.2616e+02
20261011_14:00:00   1.6458e-01   4.3078e+01   1.2806e+01   0.0000e+00   4.8320e-03   3.2365e+02
20261011_15:00:00   1.6155e-01   4.2408e+01   1.2454e+01   0.0000e+00   1.2081e-03   3.1866e+02
20261011_16:00:00   1.5608e-01   4.1218e+01   1.1896e+01   0.0000e+00   4.9802e-04   3.1222e+02
20261011_17:00:00   1.5160e-01   4.0247e+01   1.1469e+01   0.0000e+00   6.5880e-06   3.1128e+02
20261011_18:00:00   1.4757e-01   3.9384e+01   1.1114e+01   0.0000e+00   8.6747e-06   3.0961e+02
20261011_19:00:00   1.4168e-01   3.8099e+01   1.0510e+01   0.0000e+00   0.0000e+00   3.1087e+02
20261011_20:00:00   1.3812e-01   3.7332e+01   1.0167e+01   0.0000e+00   1.0888e-06   3.1009e+02
20261011_21:00:00   1.3476e-01   3.6598e+01   9.8468e+00   0.0000e+00   1.5004e-05   3.1042e+02
20261011_22:00:00   1.3261e-01   3.6132e+01   9.6550e+00   2.1980e-05   1.2986e-05   3.0726e+02
20261011_23:00:00   1.3102e-01   3.5792e+01   9.5197e+00   3.8800e-06   9.3120e-06   3.0274e+02
20261012_00:00:00   1.3126e-01   3.5861e+01   9.5786e+00   0.0000e+00   2.0700e-06   2.9655e+02
20261012_01:00:00   1.3199e-01   3.6028e+01   9.6715e+00   0.0000e+00   4.0240e-06   2.9072e+02
20261012_02:00:00   1.3166e-01   3.5945e+01   9.5978e+00   0.0000e+00   0.0000e+00   2.8691e+02
20261012_03:00:00   1.3147e-01   3.5897e+01   9.5399e+00   0.0000e+00   0.0000e+00   2.8757e+02
20261012_04:00:00   1.3066e-01   3.5687e+01   9.3994e+00   0.0000e+00   0.0000e+00   2.8732e+02
20261012_05:00:00   1.2925e-01   3.5348e+01   9.1553e+00   0.0000e+00   0.0000e+00   2.8707e+02
20261012_06:00:00   1.2773e-01   3.4993e+01   8.9018e+00   0.0000e+00   0.0000e+00   2.8689e+02
20261012_07:00:00   1.2642e-01   3.4687e+01   8.6710e+00   0.0000e+00   0.0000e+00   2.8516e+02
20261012_08:00:00   1.2574e-01   3.4523e+01   8.5289e+00   0.0000e+00   0.0000e+00   2.8273e+02
20261012_09:00:00   1.2501e-01   3.4345e+01   8.4013e+00   0.0000e+00   0.0000e+00   2.8096e+02
20261012_10:00:00   1.2555e-01   3.4465e+01   8.4515e+00   0.0000e+00   0.0000e+00   2.8174e+02
20261012_11:00:00   1.2465e-01   3.4238e+01   8.3411e+00   0.0000e+00   0.0000e+00   2.8354e+02
20261012_12:00:00   1.2340e-01   3.3934e+01   8.1953e+00   0.0000e+00   0.0000e+00   2.8508e+02
20261012_13:00:00   1.2290e-01   3.3803e+01   8.1317e+00   0.0000e+00   0.0000e+00   2.8565e+02
20261012_14:00:00   1.2193e-01   3.3556e+01   7.9921e+00   0.0000e+00   0.0000e+00   2.8564e+02
20261012_15:00:00   1.2119e-01   3.3372e+01   7.8824e+00   0.0000e+00   0.0000e+00   2.8539e+02
20261012_16:00:00   1.2091e-01   3.3326e+01   7.8978e+00   0.0000e+00   0.0000e+00   2.8569e+02
20261012_17:00:00   1.2060e-01   3.3287e+01   7.9751e+00   0.0000e+00   0.0000e+00   2.8464e+02
20261012_18:00:00   1.2089e-01   3.3408e+01   8.1435e+00   0.0000e+00   0.0000e+00   2.8344e+02
20261012_19:00:00   1.2078e-01   3.3439e+01   8.2553e+00   0.0000e+00   0.0000e+00   2.8382e+02
20261012_20:00:00   1.1991e-01   3.3288e+01   8.2141e+00   0.0000e+00   0.0000e+00   2.8655e+02
20261012_21:00:00   1.1900e-01   3.3138e+01   8.1779e+00   0.0000e+00   0.0000e+00   2.8920e+02
20261012_22:00:00   1.1811e-01   3.2972e+01   8.1491e+00   0.0000e+00   0.0000e+00   2.9074e+02
20261012_23:00:00   1.1883e-01   3.3180e+01   8.3630e+00   0.0000e+00   0.0000e+00   2.9269e+02
20261013_00:00:00   1.2177e-01   3.3890e+01   8.8653e+00   0.0000e+00   0.0000e+00   2.8941e+02
20261013_01:00:00   1.2429e-01   3.4487e+01   9.2656e+00   0.0000e+00   0.0000e+00   2.8734e+02
20261013_02:00:00   1.2975e-01   3.5760e+01   1.0103e+01   0.0000e+00   0.0000e+00   2.8432e+02
20261013_03:00:00   1.3797e-01   3.7652e+01   1.1332e+01   0.0000e+00   0.0000e+00   2.8383e+02
20261013_04:00:00   1.4421e-01   3.9085e+01   1.2264e+01   0.0000e+00   0.0000e+00   2.8117e+02
20261013_05:00:00   1.4934e-01   4.0248e+01   1.3053e+01   0.0000e+00   0.0000e+00   2.7806e+02
20261013_06:00:00   1.5297e-01   4.1069e+01   1.3605e+01   0.0000e+00   0.0000e+00   2.7612e+02
20261013_07:00:00   1.5553e-01   4.1643e+01   1.3957e+01   0.0000e+00   0.0000e+00   2.7576e+02
20261013_08:00:00   1.5724e-01   4.2025e+01   1.4190e+01   0.0000e+00   0.0000e+00   2.7707e+02
20261013_09:00:00   1.5955e-01   4.2543e+01   1.4492e+01   0.0000e+00   0.0000e+00   2.7783e+02
20261013_10:00:00   1.6131e-01   4.2930e+01   1.4695e+01   0.0000e+00   0.0000e+00   2.7881e+02
20261013_11:00:00   1.6294e-01   4.3283e+01   1.4921e+01   0.0000e+00   0.0000e+00   2.8033e+02
20261013_12:00:00   1.6370e-01   4.3437e+01   1.5032e+01   0.0000e+00   0.0000e+00   2.8067e+02
20261013_13:00:00   1.6442e-01   4.3571e+01   1.5121e+01   0.0000e+00   5.1454e-04   2.7774e+02
20261013_14:00:00   1.6405e-01   4.3445e+01   1.5106e+01   0.0000e+00   5.8511e-04   2.7672e+02
20261013_15:00:00   1.6281e-01   4.3125e+01   1.4977e+01   0.0000e+00   1.5133e-03   2.7717e+02
20261013_16:00:00   1.6113e-01   4.2744e+01   1.4758e+01   0.0000e+00   3.0078e-04   2.7715e+02
20261013_17:00:00   1.5930e-01   4.2347e+01   1.4566e+01   0.0000e+00   2.2185e-04   2.7610e+02
20261013_18:00:00   1.5846e-01   4.2190e+01   1.4522e+01   0.0000e+00   6.1415e-05   2.7590e+02
20261013_19:00:00   1.5720e-01   4.1940e+01   1.4458e+01   0.0000e+00   0.0000e+00   2.7696e+02
20261013_20:00:00   1.5805e-01   4.2191e+01   1.4679e+01   0.0000e+00   0.0000e+00   2.7642e+02
20261013_21:00:00   1.6403e-01   4.3624e+01   1.5568e+01   0.0000e+00   0.0000e+00   2.7600e+02
20261013_22:00:00   1.7519e-01   4.6223e+01   1.7041e+01   0.0000e+00   6.9898e-05   2.7927e+02
20261013_23:00:00   1.8573e-01   4.8652e+01   1.8262e+01   0.0000e+00   7.1240e-06   2.8444e+02
20261014_00:00:00   1.9196e-01   5.0090e+01   1.8987e+01   0.0000e+00   6.5810e-04   2.8441e+02
20261014_01:00:00   1.9601e-01   5.0991e+01   1.9443e+01   0.0000e+00   3.1453e-03   2.8312e+02
20261014_02:00:00   1.9620e-01   5.1031e+01   1.9332e+01   0.0000e+00   6.5202e-04   2.8303e+02
20261014_03:00:00   1.8919e-01   4.9515e+01   1.8263e+01   0.0000e+00   3.5520e-06   2.8355e+02
20261014_04:00:00   1.8491e-01   4.8574e+01   1.7647e+01   0.0000e+00   1.2641e-04   2.8279e+02
20261014_05:00:00   1.8757e-01   4.9148e+01   1.7973e+01   0.0000e+00   1.7567e-03   2.8273e+02
20261014_06:00:00   1.8883e-01   4.9439e+01   1.8075e+01   0.0000e+00   2.3333e-03   2.8272e+02
20261014_07:00:00   1.8745e-01   4.9131e+01   1.7703e+01   0.0000e+00   2.9559e-03   2.8229e+02
20261014_08:00:00   1.8851e-01   4.9358e+01   1.7781e+01   0.0000e+00   1.5066e-03   2.8198e+02
20261014_09:00:00   1.9155e-01   4.9993e+01   1.8270e+01   0.0000e+00   1.9208e-03   2.8230e+02
20261014_10:00:00   1.9506e-01   5.0728e+01   1.8796e+01   0.0000e+00   4.5478e-03   2.8282e+02
20261014_11:00:00   2.0051e-01   5.1889e+01   1.9615e+01   0.0000e+00   1.0647e-02   2.8397e+02
20261014_12:00:00   2.1053e-01   5.4049e+01   2.0904e+01   0.0000e+00   5.1929e-02   2.8681e+02
20261014_13:00:00   2.2005e-01   5.6098e+01   2.2044e+01   0.0000e+00   7.7941e-02   2.8636e+02
20261014_14:00:00   2.2437e-01   5.7021e+01   2.2414e+01   0.0000e+00   1.2511e-01   2.8499e+02
20261014_15:00:00   2.3030e-01   5.8282e+01   2.2910e+01   0.0000e+00   3.3203e-01   2.8558e+02
20261014_16:00:00   2.3236e-01   5.8759e+01   2.3102e+01   0.0000e+00   2.4385e-01   2.8562e+02
20261014_17:00:00   2.2703e-01   5.7708e+01   2.2447e+01   0.0000e+00   1.8712e-01   2.8577e+02
20261014_18:00:00   2.0634e-01   5.3316e+01   1.9466e+01   0.0000e+00   2.3708e-01   2.8698e+02
20261014_19:00:00   1.9785e-01   5.1603e+01   1.7771e+01   0.0000e+00   1.8370e-01   2.8565e+02
20261014_20:00:00   1.7933e-01   4.7723e+01   1.4861e+01   0.0000e+00   6.7670e-04   2.8766e+02
20261014_21:00:00   1.7782e-01   4.7524e+01   1.4534e+01   0.0000e+00   0.0000e+00   2.8640e+02
20261014_22:00:00   1.8171e-01   4.8497e+01   1.5296e+01   0.0000e+00   6.6760e-05   2.8535e+02
20261014_23:00:00   1.8497e-01   4.9305e+01   1.5914e+01   0.0000e+00   4.1675e-04   2.8291e+02
20261015_00:00:00   1.7849e-01   4.7899e+01   1.4992e+01   0.0000e+00   0.0000e+00   2.8377e+02
20261015_01:00:00   1.7271e-01   4.6569e+01   1.4208e+01   0.0000e+00   0.0000e+00   2.8560e+02
20261015_02:00:00   1.7094e-01   4.6130e+01   1.3924e+01   0.0000e+00   0.0000e+00   2.8622e+02
20261015_03:00:00   1.7052e-01   4.5950e+01   1.3767e+01   0.0000e+00   0.0000e+00   2.8725e+02
20261015_04:00:00   1.7370e-01   4.6588e+01   1.4007e+01   0.0000e+00   0.0000e+00   2.8762e+02
20261015_05:00:00   1.7260e-01   4.6274e+01   1.3712e+01   0.0000e+00   0.0000e+00   2.8839e+02
20261015_06:00:00   1.7169e-01   4.5958e+01   1.3725e+01   0.0000e+00   0.0000e+00   2.8990e+02
20261015_07:00:00   1.7030e-01   4.5554e+01   1.3664e+01   0.0000e+00   0.0000e+00   2.8995e+02
20261015_08:00:00   1.6717e-01   4.4771e+01   1.3304e+01   0.0000e+00   0.0000e+00   2.9008e+02
20261015_09:00:00   1.6386e-01   4.3977e+01   1.2818e+01   0.0000e+00   0.0000e+00   2.9093e+02
20261015_10:00:00   1.6364e-01   4.3867e+01   1.2915e+01   0.0000e+00   0.0000e+00   2.9095e+02
20261015_11:00:00   1.6011e-01   4.3020e+01   1.2419e+01   0.0000e+00   0.0000e+00   2.9099e+02
20261015_12:00:00   1.6042e-01   4.3055e+01   1.2437e+01   0.0000e+00   5.1080e-05   2.9097e+02
20261015_15:00:00   1.5073e-01   4.0741e+01   1.1342e+01   0.0000e+00   0.0000e+00   2.9048e+02
20261015_18:00:00   1.4191e-01   3.8816e+01   1.0749e+01   0.0000e+00   0.0000e+00   2.8513e+02
20261015_21:00:00   1.2914e-01   3.5866e+01   9.6398e+00   0.0000e+00   0.0000e+00   2.7785e+02
20261016_00:00:00   1.1851e-01   3.3178e+01   8.6730e+00   0.0000e+00   0.0000e+00   2.7475e+02
20261016_03:00:00   1.1024e-01   3.0945e+01   7.8083e+00   0.0000e+00   1.4551e-03   2.7300e+02
20261016_06:00:00   1.1324e-01   3.1565e+01   8.2462e+00   0.0000e+00   3.4235e-03   2.7195e+02
20261016_09:00:00   1.1434e-01   3.1807e+01   8.0945e+00   0.0000e+00   3.6747e-03   2.7047e+02
20261016_12:00:00   1.2196e-01   3.3678e+01   8.7971e+00   0.0000e+00   1.0397e-04   2.6924e+02
20261016_15:00:00   1.2342e-01   3.4074e+01   8.7553e+00   0.0000e+00   1.6236e-03   2.7009e+02
20261016_18:00:00   1.2195e-01   3.3828e+01   8.7347e+00   0.0000e+00   1.3891e-03   2.7061e+02
20261016_21:00:00   1.1922e-01   3.3306e+01   8.6477e+00   0.0000e+00   1.8480e-03   2.7008e+02
20261017_00:00:00   1.1577e-01   3.2548e+01   8.1778e+00   0.0000e+00   3.9876e-03   2.7090e+02
20261017_03:00:00   1.1608e-01   3.2554e+01   8.3317e+00   0.0000e+00   1.1833e-02   2.7045e+02
20261017_06:00:00   1.1304e-01   3.1806e+01   7.7258e+00   0.0000e+00   2.9768e-02   2.7388e+02
20261017_09:00:00   1.1550e-01   3.2399e+01   8.0000e+00   0.0000e+00   3.7370e-03   2.7907e+02
20261017_12:00:00   1.2316e-01   3.4153e+01   9.2754e+00   0.0000e+00   1.0693e-01   2.7982e+02
20261017_15:00:00   1.3705e-01   3.7307e+01   1.1837e+01   0.0000e+00   2.7589e-02   2.8255e+02
20261017_18:00:00   1.4220e-01   3.8547e+01   1.2717e+01   0.0000e+00   1.2935e-01   2.8876e+02
20261017_21:00:00   1.4390e-01   3.9036e+01   1.3188e+01   0.0000e+00   4.0119e-02   2.8840e+02
20261018_00:00:00   1.5021e-01   4.0511e+01   1.4152e+01   0.0000e+00   1.6026e-01   2.8100e+02
20261018_03:00:00   1.6363e-01   4.3581e+01   1.5908e+01   0.0000e+00   1.5275e-01   2.7855e+02
20261018_06:00:00   1.6930e-01   4.4989e+01   1.6256e+01   0.0000e+00   1.0239e-01   2.8125e+02
20261018_09:00:00   1.4674e-01   3.9785e+01   1.2962e+01   0.0000e+00   4.5240e-02   2.7894e+02
20261018_12:00:00   1.4320e-01   3.8948e+01   1.2208e+01   0.0000e+00   0.0000e+00   2.8124e+02
20261018_15:00:00   1.3835e-01   3.7800e+01   1.1180e+01   0.0000e+00   0.0000e+00   2.8900e+02
20261018_18:00:00   1.3859e-01   3.7962e+01   1.1002e+01   0.0000e+00   0.0000e+00   2.9288e+02
20261018_21:00:00   1.5454e-01   4.1789e+01   1.3610e+01   0.0000e+00   9.5379e-03   2.9306e+02
20261019_00:00:00   1.6916e-01   4.5209e+01   1.5852e+01   0.0000e+00   1.1450e-03   2.9441e+02
20261019_03:00:00   1.7543e-01   4.6582e+01   1.6519e+01   0.0000e+00   1.9455e-03   2.9175e+02
20261019_06:00:00   1.7719e-01   4.6966e+01   1.6382e+01   0.0000e+00   1.4903e-02   2.9263e+02
20261019_09:00:00   1.7578e-01   4.6747e+01   1.5399e+01   0.0000e+00   8.7427e-02   2.9322e+02
20261019_12:00:00   1.9310e-01   5.0549e+01   1.7741e+01   0.0000e+00   5.0697e-02   2.9381e+02
20261019_15:00:00   2.0760e-01   5.3620e+01   1.9510e+01   0.0000e+00   5.3568e-02   2.9803e+02
20261019_18:00:00   2.2554e-01   5.7448e+01   2.1759e+01   0.0000e+00   1.4463e-01   2.9798e+02
20261019_21:00:00   2.0593e-01   5.3504e+01   1.9056e+01   0.0000e+00   6.7617e-02   3.0366e+02
20261020_00:00:00   2.1816e-01   5.6119e+01   2.0830e+01   0.0000e+00   3.0013e-01   3.0812e+02
20261020_03:00:00   2.5697e-01   6.4271e+01   2.3248e+01   5.8139e-03   7.4272e-01   3.1291e+02
20261020_06:00:00   2.5347e-01   6.3628e+01   2.0277e+01   2.3150e-02   1.2522e-01   3.2719e+02
20261020_09:00:00   2.3329e-01   5.9210e+01   1.7845e+01   2.6938e-02   1.9234e-03   3.3502e+02
20261020_12:00:00   1.6940e-01   4.4783e+01   1.3060e+01   0.0000e+00   4.3309e-02   3.4112e+02
20261020_15:00:00   1.4919e-01   3.9991e+01   1.0720e+01   0.0000e+00   0.0000e+00   3.3909e+02
20261020_18:00:00   1.3949e-01   3.7746e+01   9.9553e+00   0.0000e+00   0.0000e+00   3.3799e+02
20261020_21:00:00   1.3826e-01   3.7508e+01   1.0236e+01   0.0000e+00   4.5290e-03   3.3355e+02
20261021_00:00:00   1.3802e-01   3.7491e+01   1.0336e+01   0.0000e+00   4.5219e-03   3.2583e+02
20261021_03:00:00   1.4866e-01   3.9760e+01   1.1823e+01   0.0000e+00   1.8386e-02   3.2761e+02
20261021_06:00:00   1.6805e-01   4.4031e+01   1.4015e+01   0.0000e+00   7.2601e-02   3.3128e+02
20261021_09:00:00   1.6637e-01   4.3641e+01   1.3443e+01   0.0000e+00   3.9739e-04   3.3380e+02
20261021_12:00:00   1.6494e-01   4.3308e+01   1.3110e+01   0.0000e+00   3.4284e-06   3.2989e+02
20261021_15:00:00   1.6022e-01   4.2277e+01   1.2447e+01   0.0000e+00   2.7872e-03   3.1976e+02
20261021_18:00:00   1.5304e-01   4.0841e+01   1.1651e+01   0.0000e+00   9.4152e-06   3.1042e+02
20261021_21:00:00   1.4587e-01   3.9376e+01   1.1112e+01   0.0000e+00   0.0000e+00   3.0068e+02
20261022_00:00:00   1.4655e-01   3.9580e+01   1.1613e+01   0.0000e+00   2.6578e-03   2.9782e+02
20261022_03:00:00   1.5651e-01   4.1818e+01   1.3304e+01   0.0000e+00   7.5067e-03   2.9383e+02
20261022_06:00:00   1.7457e-01   4.5908e+01   1.5930e+01   0.0000e+00   8.7585e-03   2.9154e+02
20261022_09:00:00   1.9928e-01   5.1430e+01   1.9338e+01   0.0000e+00   2.5404e-03   2.9174e+02
20261022_12:00:00   2.0887e-01   5.3688e+01   2.0649e+01   0.0000e+00   1.6033e-02   2.8964e+02
20261022_15:00:00   2.0134e-01   5.2178e+01   1.9667e+01   0.0000e+00   3.7669e-02   2.8563e+02
20261022_18:00:00   1.9201e-01   5.0319e+01   1.8353e+01   0.0000e+00   7.8282e-03   2.8108e+02
20261022_21:00:00   1.8222e-01   4.8308e+01   1.7307e+01   0.0000e+00   4.2724e-04   2.7778e+02
20261023_00:00:00   1.7496e-01   4.6771e+01   1.6216e+01   0.0000e+00   1.2578e-04   2.7780e+02
20261023_03:00:00   1.6889e-01   4.5350e+01   1.5276e+01   0.0000e+00   0.0000e+00   2.7974e+02
20261023_06:00:00   1.6552e-01   4.4551e+01   1.4766e+01   0.0000e+00   0.0000e+00   2.8086e+02
20261023_09:00:00   1.6264e-01   4.3834e+01   1.4341e+01   0.0000e+00   0.0000e+00   2.8510e+02
20261023_12:00:00   1.6429e-01   4.4153e+01   1.4559e+01   0.0000e+00   0.0000e+00   2.8740e+02
20261023_15:00:00   1.6483e-01   4.4244e+01   1.4560e+01   0.0000e+00   2.2800e-05   2.9274e+02
20261023_18:00:00   1.6406e-01   4.4174e+01   1.4485e+01   0.0000e+00   3.1080e-04   2.9382e+02
20261023_21:00:00   1.5498e-01   4.2229e+01   1.3346e+01   0.0000e+00   6.9580e-04   2.9594e+02
20261024_00:00:00   1.4584e-01   4.0145e+01   1.2070e+01   0.0000e+00   2.7180e-04   2.9964e+02
20261024_03:00:00   1.4531e-01   3.9929e+01   1.1785e+01   0.0000e+00   4.5600e-05   3.0108e+02
20261024_06:00:00   1.4223e-01   3.9114e+01   1.1292e+01   0.0000e+00   2.0589e-03   3.0040e+02
20261024_09:00:00   1.3946e-01   3.8375e+01   1.0892e+01   0.0000e+00   6.9524e-04   3.0483e+02
20261024_12:00:00   1.4204e-01   3.8877e+01   1.1208e+01   0.0000e+00   0.0000e+00   3.0176e+02
20261024_15:00:00   1.4383e-01   3.9221e+01   1.1429e+01   0.0000e+00   0.0000e+00   3.0240e+02
20261024_18:00:00   1.4525e-01   3.9604e+01   1.1905e+01   0.0000e+00   2.0531e-03   3.0104e+02
20261024_21:00:00   1.3948e-01   3.8388e+01   1.1420e+01   0.0000e+00   0.0000e+00   2.9928e+02
20261025_00:00:00   1.4255e-01   3.9114e+01   1.2187e+01   0.0000e+00   0.0000e+00   3.0028e+02
20261025_03:00:00   1.5000e-01   4.0808e+01   1.3215e+01   0.0000e+00   0.0000e+00   2.9599e+02
20261025_06:00:00   1.5304e-01   4.1486e+01   1.3444e+01   0.0000e+00   0.0000e+00   2.8953e+02
20261025_09:00:00   1.6428e-01   4.3973e+01   1.5089e+01   0.0000e+00   0.0000e+00   2.8489e+02
20261025_12:00:00   1.6264e-01   4.3583e+01   1.4666e+01   0.0000e+00   2.9383e-03   2.8236e+02
20261025_15:00:00   1.6678e-01   4.4472e+01   1.5328e+01   0.0000e+00   8.0756e-03   2.7643e+02
20261025_18:00:00   1.7052e-01   4.5394e+01   1.6114e+01   0.0000e+00   1.1623e-02   2.7560e+02
20261025_21:00:00   1.7646e-01   4.6803e+01   1.7234e+01   0.0000e+00   6.4777e-02   2.7944e+02
20261026_00:00:00   1.7990e-01   4.7620e+01   1.7767e+01   0.0000e+00   1.9067e-02   2.9434e+02
20261026_03:00:00   1.8829e-01   4.9416e+01   1.8860e+01   0.0000e+00   5.1980e-02   2.9153e+02
20261026_06:00:00   1.8925e-01   4.9697e+01   1.8657e+01   0.0000e+00   6.4632e-03   2.8478e+02
20261026_09:00:00   1.8478e-01   4.8741e+01   1.7867e+01   0.0000e+00   1.3092e-02   2.8454e+02
20261026_12:00:00   1.9168e-01   5.0237e+01   1.8786e+01   0.0000e+00   3.3824e-02   2.8667e+02
