#            date       tau255        Tb[K]      pwv[mm] lwp[kg*m^-2] iwp[kg*m^-2]       o3[DU]
20260830_12:00:00   2.0834e-01   5.5193e+01   2.4867e+01   0.0000e+00   3.2109e-04   2.8542e+02
20260830_13:00:00   2.1424e-01   5.6457e+01   2.5492e+01   0.0000e+00   9.0598e-05   2.8685e+02
20260830_14:00:00   2.1126e-01   5.5812e+01   2.5063e+01   0.0000e+00   1.0479e-04   2.8437e+02
20260830_15:00:00   2.1158e-01   5.5902e+01   2.4985e+01   0.0000e+00   1.4818e-03   2.8369e+02
20260830_16:00:00   2.1315e-01   5.6244e+01   2.5172e+01   0.0000e+00   7.6640e-05   2.8403e+02
20260830_17:00:00   2.1658e-01   5.7029e+01   2.5545e+01   0.0000e+00   1.5936e-04   2.8185e+02
20260830_18:00:00   2.1877e-01   5.7534e+01   2.5889e+01   0.0000e+00   7.7320e-04   2.7888e+02
20260830_19:00:00   2.2659e-01   5.9339e+01   2.6765e+01   0.0000e+00   6.7978e-04   2.7572e+02
20260830_20:00:00   2.4115e-01   6.2613e+01   2.8282e+01   0.0000e+00   1.1222e-03   2.7768e+02
20260830_21:00:00   2.8192e-01   7.1365e+01   2.9816e+01   3.1204e-02   3.4583e-03   2.7856e+02
20260830_22:00:00   5.0310e-01   1.1241e+02   3.1018e+01   2.7568e-01   1.1133e-02   2.7869e+02
20260830_23:00:00   1.4671e+00   2.1399e+02   3.3757e+01   1.3498e+00   6.5211e-02   2.7913e+02
20260831_00:00:00   1.0722e+00   1.8143e+02   3.5054e+01   8.9280e-01   1.1288e+00   2.8309e+02
20260831_01:00:00   2.9322e-01   7.2879e+01   2.8019e+01   7.1222e-02   5.3729e-01   2.8588e+02
20260831_02:00:00   2.2941e-01   5.9731e+01   2.7872e+01   6.2020e-04   2.6535e-02   2.8660e+02
20260831_03:00:00   2.1605e-01   5.6955e+01   2.6251e+01   0.0000e+00   5.7371e-05   2.8451e+02
20260831_04:00:00   2.9114e-01   7.2447e+01   2.8846e+01   5.9995e-02   1.3654e-02   2.8682e+02
20260831_05:00:00   4.4515e-01   1.0070e+02   2.9959e+01   2.2212e-01   6.3665e-02   2.8667e+02
20260831_06:00:00   6.5327e-01   1.3298e+02   3.0705e+01   4.5113e-01   3.1054e-01   2.8468e+02
20260831_07:00:00   4.0974e-01   9.4859e+01   3.1513e+01   1.6513e-01   5.3574e-01   2.8275e+02
20260831_08:00:00   5.3276e-01   1.1568e+02   3.1553e+01   3.0513e-01   3.3419e-01   2.8183e+02
20260831_09:00:00   8.9640e-01   1.6373e+02   3.2041e+01   7.0511e-01   5.2762e-01   2.8276e+02
20260831_10:00:00   4.8239e-01   1.0742e+02   3.0130e+01   2.5987e-01   7.4949e-01   2.8011e+02
20260831_11:00:00   2.8433e-01   7.0807e+01   2.8709e+01   5.3404e-02   4.7618e-01   2.7939e+02
20260831_12:00:00   2.2661e-01   5.8742e+01   2.7371e+01   9.8023e-06   1.8136e-01   2.8032e+02
20260831_13:00:00   2.1723e-01   5.6767e+01   2.6123e+01   0.0000e+00   2.8426e-02   2.8104e+02
20260831_14:00:00   2.1909e-01   5.7177e+01   2.5832e+01   3.3720e-03   1.6584e-02   2.8058e+02
20260831_15:00:00   2.2027e-01   5.7536e+01   2.5992e+01   0.0000e+00   9.1341e-05   2.7831e+02
20260831_16:00:00   2.2299e-01   5.8149e+01   2.6118e+01   0.0000e+00   1.1172e-03   2.7743e+02
20260831_17:00:00   2.2201e-01   5.8014e+01   2.5620e+01   0.0000e+00   4.7479e-04   2.7909e+02
20260831_18:00:00   2.2176e-01   5.8089e+01   2.4850e+01   0.0000e+00   0.0000e+00   2.7911e+02
20260831_19:00:00   2.3108e-01   6.0210e+01   2.5578e+01   0.0000e+00   0.0000e+00   2.8095e+02
20260831_20:00:00   2.6008e-01   6.6621e+01   2.6295e+01   2.7440e-02   0.0000e+00   2.8176e+02
20260831_21:00:00   4.1996e-01   9.8412e+01   2.7268e+01   2.0864e-01   0.0000e+00   2.8231e+02
20260831_22:00:00   3.4991e-01   8.5109e+01   2.7403e+01   1.2437e-01   0.0000e+00   2.8346e+02
20260831_23:00:00   4.6910e-01   1.0725e+02   2.7059e+01   2.6905e-01   0.0000e+00   2.8262e+02
20260901_00:00:00   8.5263e-01   1.6227e+02   2.9062e+01   6.9647e-01   1.8526e-05   2.8230e+02
20260901_01:00:00   5.1715e-01   1.1458e+02   2.7920e+01   3.1000e-01   9.2620e-05   2.8044e+02
20260901_02:00:00   3.9700e-01   9.3687e+01   2.7617e+01   1.7956e-01   1.0236e-01   2.8014e+02
20260901_03:00:00   3.0349e-01   7.5031e+01   2.8037e+01   6.8276e-02   1.3576e-01   2.8333e+02
20260901_04:00:00   2.7477e-01   6.9128e+01   2.7984e+01   4.2257e-02   1.0809e-01   2.8191e+02
20260901_05:00:00   2.6925e-01   6.7845e+01   2.6507e+01   5.1361e-02   8.5537e-02   2.8002e+02
20260901_06:00:00   2.3074e-01   5.9895e+01   2.6245e+01   3.0958e-03   2.7778e-02   2.7936e+02
20260901_07:00:00   2.1082e-01   5.5537e+01   2.4147e+01   1.6740e-05   2.8810e-02   2.8054e+02
20260901_08:00:00   2.0190e-01   5.3576e+01   2.2866e+01   0.0000e+00   3.6675e-04   2.7937e+02
20260901_09:00:00   1.9800e-01   5.2719e+01   2.2194e+01   0.0000e+00   5.9280e-05   2.7812e+02
20260901_10:00:00   1.9678e-01   5.2480e+01   2.1747e+01   0.0000e+00   0.0000e+00   2.7653e+02
20260901_11:00:00   1.9177e-01   5.1399e+01   2.0840e+01   0.0000e+00   0.0000e+00   2.7609e+02
20260901_12:00:00   1.9141e-01   5.1349e+01   2.0555e+01   0.0000e+00   0.0000e+00   2.7632e+02
20260901_13:00:00   1.8769e-01   5.0526e+01   2.0018e+01   0.0000e+00   0.0000e+00   2.7506e+02
20260901_14:00:00   1.8432e-01   4.9773e+01   1.9522e+01   0.0000e+00   0.0000e+00   2.7444e+02
20260901_15:00:00   1.8547e-01   5.0058e+01   1.9511e+01   0.0000e+00   0.0000e+00   2.7323e+02
20260901_16:00:00   1.8425e-01   4.9780e+01   1.9449e+01   0.0000e+00   0.0000e+00   2.7227e+02
20260901_17:00:00   1.8450e-01   4.9848e+01   1.9539e+01   0.0000e+00   0.0000e+00   2.7170e+02
20260901_18:00:00   1.8645e-01   5.0330e+01   1.9850e+01   0.0000e+00   0.0000e+00   2.7253e+02
20260901_19:00:00   1.9197e-01   5.1649e+01   2.0458e+01   0.0000e+00   0.0000e+00   2.7239e+02
20260901_20:00:00   1.9901e-01   5.3312e+01   2.1030e+01   0.0000e+00   0.0000e+00   2.7171e+02
20260901_21:00:00   2.0593e-01   5.4938e+01   2.1464e+01   1.3948e-03   0.0000e+00   2.7126e+02
20260901_22:00:00   2.4058e-01   6.2640e+01   2.1657e+01   3.9513e-02   0.0000e+00   2.7127e+02
20260901_23:00:00   2.4312e-01   6.3205e+01   2.1557e+01   4.4040e-02   0.0000e+00   2.7137e+02
20260902_00:00:00   2.0479e-01   5.4755e+01   2.0316e+01   1.2783e-02   0.0000e+00   2.7061e+02
20260902_01:00:00   1.8515e-01   5.0291e+01   1.9318e+01   1.7456e-04   0.0000e+00   2.6988e+02
20260902_02:00:00   1.7885e-01   4.8819e+01   1.8692e+01   0.0000e+00   0.0000e+00   2.6958e+02
20260902_03:00:00   1.7266e-01   4.7344e+01   1.8066e+01   0.0000e+00   0.0000e+00   2.7079e+02
20260902_04:00:00   1.7040e-01   4.6780e+01   1.7885e+01   0.0000e+00   0.0000e+00   2.7141e+02
20260902_05:00:00   1.7571e-01   4.8002e+01   1.8484e+01   0.0000e+00   0.0000e+00   2.7256e+02
20260902_06:00:00   1.7774e-01   4.8468e+01   1.8704e+01   0.0000e+00   0.0000e+00   2.7233e+02
20260902_07:00:00   1.7908e-01   4.8772e+01   1.8892e+01   0.0000e+00   0.0000e+00   2.7114e+02
20260902_08:00:00   1.7669e-01   4.8202e+01   1.8801e+01   0.0000e+00   0.0000e+00   2.7020e+02
20260902_09:00:00   1.8329e-01   4.9705e+01   1.9572e+01   0.0000e+00   0.0000e+00   2.6869e+02
20260902_10:00:00   1.9060e-01   5.1376e+01   2.0357e+01   0.0000e+00   0.0000e+00   2.6836e+02
20260902_11:00:00   1.9250e-01   5.1789e+01   2.0609e+01   0.0000e+00   0.0000e+00   2.6884e+02
20260902_12:00:00   1.9367e-01   5.2032e+01   2.0794e+01   0.0000e+00   0.0000e+00   2.6890e+02
20260902_13:00:00   1.9470e-01   5.2246e+01   2.0981e+01   0.0000e+00   0.0000e+00   2.6747e+02
20260902_14:00:00   1.9198e-01   5.1627e+01   2.0833e+01   0.0000e+00   0.0000e+00   2.6674e+02
20260902_15:00:00   1.9368e-01   5.2016e+01   2.1233e+01   0.0000e+00   0.0000e+00   2.6819e+02
20260902_16:00:00   1.9868e-01   5.3149e+01   2.1916e+01   0.0000e+00   0.0000e+00   2.7012e+02
20260902_17:00:00   2.1249e-01   5.6310e+01   2.3283e+01   0.0000e+00   0.0000e+00   2.7144e+02
20260902_18:00:00   2.2789e-01   5.9819e+01   2.4739e+01   0.0000e+00   0.0000e+00   2.7154e+02
20260902_19:00:00   2.3757e-01   6.2006e+01   2.5622e+01   2.6380e-03   0.0000e+00   2.7069e+02
20260902_20:00:00   3.0578e-01   7.6500e+01   2.6816e+01   7.1940e-02   0.0000e+00   2.6994e+02
20260902_21:00:00   6.4495e-01   1.3526e+02   2.8233e+01   4.5746e-01   0.0000e+00   2.6802e+02
20260902_22:00:00   1.1025e+00   1.8790e+02   3.0208e+01   9.6599e-01   6.1960e-04   2.6817e+02
20260902_23:00:00   1.0394e+00   1.7963e+02   3.0990e+01   8.7354e-01   3.5866e-02   2.6913e+02
20260903_00:00:00   4.4363e-01   1.0182e+02   2.9911e+01   2.1402e-01   2.7413e-01   2.7025e+02
20260903_01:00:00   4.5376e-01   1.0358e+02   2.7324e+01   2.4833e-01   2.0153e-02   2.6893e+02
20260903_02:00:00   3.3450e-01   8.1490e+01   2.6302e+01   1.2497e-01   5.8076e-02   2.6955e+02
20260903_03:00:00   2.9018e-01   7.2409e+01   2.6032e+01   7.9253e-02   6.6226e-02   2.6979e+02
20260903_04:00:00   2.6735e-01   6.8057e+01   2.7438e+01   3.7633e-02   6.3247e-02   2.6984e+02
20260903_05:00:00   2.3167e-01   6.0427e+01   2.6675e+01   4.8700e-03   4.3058e-02   2.7099e+02
20260903_06:00:00   2.2532e-01   5.9003e+01   2.6351e+01   1.9110e-03   1.7772e-02   2.7151e+02
20260903_07:00:00   2.2216e-01   5.8314e+01   2.5984e+01   4.5380e-04   5.8444e-03   2.7179e+02
20260903_08:00:00   2.2442e-01   5.8832e+01   2.6026e+01   0.0000e+00   1.7885e-03   2.7186e+02
20260903_09:00:00   2.2486e-01   5.8923e+01   2.5915e+01   0.0000e+00   1.2004e-03   2.7055e+02
20260903_10:00:00   2.1989e-01   5.7823e+01   2.5267e+01   0.0000e+00   1.9606e-06   2.7082e+02
20260903_11:00:00   2.2044e-01   5.7925e+01   2.5277e+01   0.0000e+00   3.5800e-05   2.7036e+02
20260903_12:00:00   2.2052e-01   5.7919e+01   2.5355e+01   9.9991e-05   6.4810e-05   2.7028e+02
20260903_13:00:00   2.3122e-01   6.0197e+01   2.5884e+01   7.1394e-03   6.5636e-04   2.6925e+02
20260903_14:00:00   2.6516e-01   6.7236e+01   2.6194e+01   4.2753e-02   5.6180e-03   2.6775e+02
20260903_15:00:00   2.7895e-01   7.0024e+01   2.6793e+01   5.3664e-02   9.3170e-03   2.6761e+02
20260903_16:00:00   2.5273e-01   6.4763e+01   2.7202e+01   2.0628e-02   4.8161e-04   2.6868e+02
20260903_17:00:00   2.9637e-01   7.3744e+01   2.8045e+01   6.1161e-02   2.7279e-04   2.6936e+02
20260903_18:00:00   2.6635e-01   6.7683e+01   2.8859e+01   1.9612e-02   1.4958e-04   2.7046e+02
20260903_19:00:00   2.5454e-01   6.5320e+01   2.9540e+01   0.0000e+00   4.4900e-06   2.7104e+02
20260903_20:00:00   2.6061e-01   6.6675e+01   3.0160e+01   0.0000e+00   4.3460e-06   2.7254e+02
20260903_21:00:00   2.6805e-01   6.8326e+01   3.0631e+01   2.7746e-03   4.3460e-06   2.7400e+02
20260903_22:00:00   2.6769e-01   6.8310e+01   3.0783e+01   3.4900e-04   0.0000e+00   2.7463e+02
20260903_23:00:00   2.6530e-01   6.7880e+01   3.0304e+01   3.0757e-03   0.0000e+00   2.7517e+02
20260904_00:00:00   2.5096e-01   6.4894e+01   2.9098e+01   0.0000e+00   0.0000e+00   2.7557e+02
20260904_01:00:00   2.4609e-01   6.3840e+01   2.8572e+01   2.4392e-04   0.0000e+00   2.7515e+02
20260904_02:00:00   3.0436e-01   7.6045e+01   2.9508e+01   5.7918e-02   3.7060e-06   2.7489e+02
20260904_03:00:00   2.5348e-01   6.5412e+01   2.8517e+01   6.3045e-03   0.0000e+00   2.7517e+02
20260904_04:00:00   2.4562e-01   6.3693e+01   2.8313e+01   0.0000e+00   0.0000e+00   2.7568e+02
20260904_05:00:00   2.4885e-01   6.4359e+01   2.8848e+01   0.0000e+00   3.2416e-05   2.7609e+02
20260904_06:00:00   2.5371e-01   6.5338e+01   2.9576e+01   0.0000e+00   0.0000e+00   2.7445e+02
20260904_07:00:00   2.5273e-01   6.5007e+01   2.9342e+01   4.9836e-03   1.7054e-04   2.7484e+02
20260904_08:00:00   2.5199e-01   6.4799e+01   2.9644e+01   0.0000e+00   5.7360e-05   2.7627e+02
20260904_09:00:00   2.5485e-01   6.5374e+01   2.9984e+01   0.0000e+00   1.6448e-04   2.7748e+02
20260904_10:00:00   2.6188e-01   6.6791e+01   3.0914e+01   0.0000e+00   5.0789e-04   2.7848e+02
20260904_11:00:00   2.6502e-01   6.7430e+01   3.1083e+01   1.5058e-03   5.5492e-04   2.7836e+02
20260904_12:00:00   4.6260e-01   1.0451e+02   3.3389e+01   2.0028e-01   6.0427e-02   2.7693e+02
20260904_15:00:00   3.2023e-01   7.8228e+01   2.9700e+01   8.7175e-02   1.0981e-01   2.7565e+02
20260904_18:00:00   2.5504e-01   6.5312e+01   2.9536e+01   0.0000e+00   9.4812e-04   2.7450e+02
20260904_21:00:00   2.8612e-01   7.1768e+01   3.1967e+01   1.3892e-02   2.7057e-03   2.7469e+02
20260905_00:00:00   2.6494e-01   6.7410e+01   3.1099e+01   3.5379e-03   1.5622e-03   2.7751e+02
20260905_03:00:00   2.7632e-01   6.9814e+01   3.1292e+01   9.0718e-03   3.6806e-04   2.7694e+02
20260905_06:00:00   2.5716e-01   6.5544e+01   3.0791e+01   5.9560e-04   1.4187e-02   2.7532e+02
20260905_09:00:00   2.6749e-01   6.7698e+01   3.1666e+01   2.4895e-03   8.6047e-03   2.7555e+02
20260905_12:00:00   6.3685e-01   1.3149e+02   3.2531e+01   4.1032e-01   7.3666e-02   2.7418e+02
20260905_15:00:00   4.0004e-01   9.3203e+01   3.1579e+01   1.5038e-01   2.4253e-02   2.7848e+02
20260905_18:00:00   2.8076e-01   7.0412e+01   3.0664e+01   2.2982e-02   2.5930e-04   2.7752e+02
20260905_21:00:00   3.7103e-01   8.8963e+01   3.2767e+01   1.0810e-01   1.7141e-03   2.7629e+02
20260906_00:00:00   1.0854e+00   1.8569e+02   3.4785e+01   9.1019e-01   9.1720e-02   2.7430e+02
20260906_03:00:00   2.8325e-01   7.1409e+01   3.2251e+01   5.6724e-03   3.0138e-04   2.7443e+02
20260906_06:00:00   2.7600e-01   6.9785e+01   3.2009e+01   2.8542e-03   8.0602e-04   2.7511e+02
20260906_09:00:00   2.6717e-01   6.7805e+01   3.1892e+01   1.0783e-05   1.4892e-03   2.7423e+02
20260906_12:00:00   2.7681e-01   6.9794e+01   3.0512e+01   2.2361e-02   6.4720e-05   2.7457e+02
20260906_15:00:00   2.5552e-01   6.5234e+01   3.0254e+01   1.8526e-04   2.9646e-05   2.7103e+02
20260906_18:00:00   2.6758e-01   6.7978e+01   3.1084e+01   0.0000e+00   0.0000e+00   2.7072e+02
20260906_21:00:00   5.4009e-01   1.1911e+02   3.1300e+01   3.1558e-01   0.0000e+00   2.7165e+02
20260907_00:00:00   2.6306e-01   6.7313e+01   2.9877e+01   3.0480e-03   0.0000e+00   2.7219e+02
20260907_03:00:00   2.5670e-01   6.5867e+01   2.9552e+01   2.6860e-04   0.0000e+00   2.7080e+02
20260907_06:00:00   2.5931e-01   6.6239e+01   3.0558e+01   0.0000e+00   6.1950e-05   2.7119e+02
20260907_09:00:00   2.7028e-01   6.8438e+01   3.2242e+01   0.0000e+00   1.9702e-02   2.7124e+02
20260907_12:00:00   2.8028e-01   7.0564e+01   3.2906e+01   2.4300e-05   5.9779e-03   2.7280e+02
20260907_15:00:00   2.5612e-01   6.5716e+01   2.9311e+01   0.0000e+00   2.8815e-03   2.7414e+02
20260907_18:00:00   2.4771e-01   6.4156e+01   2.7477e+01   1.9646e-04   0.0000e+00   2.7571e+02
20260907_21:00:00   3.7963e-01   9.1820e+01   2.7958e+01   1.5180e-01   0.0000e+00   2.8150e+02
20260908_00:00:00   2.3374e-01   6.1459e+01   2.5451e+01   0.0000e+00   0.0000e+00   2.8007e+02
20260908_03:00:00   2.4812e-01   6.4405e+01   2.7658e+01   1.0056e-02   1.4406e-03   2.7993e+02
20260908_06:00:00   4.0615e-01   9.4678e+01   2.6469e+01   2.0124e-01   1.5409e-03   2.8093e+02
20260908_09:00:00   2.2422e-01   5.9191e+01   2.4979e+01   5.8160e-03   5.9560e-05   2.7911e+02
20260908_12:00:00   1.9985e-01   5.3700e+01   2.2725e+01   0.0000e+00   0.0000e+00   2.8002e+02
20260908_15:00:00   1.8752e-01   5.0842e+01   2.1324e+01   0.0000e+00   0.0000e+00   2.8205e+02
20260908_18:00:00   1.8188e-01   4.9526e+01   2.0852e+01   0.0000e+00   0.0000e+00   2.8518e+02
20260908_21:00:00   2.1570e-01   5.7421e+01   2.4094e+01   0.0000e+00   0.0000e+00   2.8836e+02
20260909_00:00:00   2.0388e-01   5.4710e+01   2.2148e+01   9.5866e-03   2.5134e-01   2.8496e+02
20260909_03:00:00   3.4384e-01   8.2967e+01   3.0653e+01   9.9482e-02   2.2526e-01   2.9080e+02
20260909_06:00:00   2.1018e-01   5.5549e+01   2.5530e+01   0.0000e+00   2.4498e-01   2.9177e+02
20260909_09:00:00   2.5049e-01   6.4332e+01   2.9393e+01   0.0000e+00   4.3548e-02   2.8944e+02
20260909_12:00:00   2.2218e-01   5.8272e+01   2.6271e+01   0.0000e+00   1.9450e-02   2.9178e+02
20260909_15:00:00   2.1017e-01   5.5543e+01   2.4088e+01   0.0000e+00   7.5069e-04   2.9691e+02
20260909_18:00:00   2.2147e-01   5.8039e+01   2.4965e+01   0.0000e+00   5.0499e-05   2.9394e+02
20260909_21:00:00   2.3723e-01   6.1663e+01   2.6004e+01   1.5884e-03   5.8623e-04   2.9309e+02
20260910_00:00:00   3.0690e-01   7.6695e+01   2.5807e+01   8.7096e-02   2.9740e-05   2.9375e+02
20260910_03:00:00   2.4562e-01   6.3504e+01   2.6069e+01   1.0851e-02   4.4869e-03   2.9512e+02
20260910_06:00:00   2.2185e-01   5.8218e+01   2.4969e+01   0.0000e+00   6.9121e-02   2.9308e+02
20260910_09:00:00   2.2846e-01   5.9486e+01   2.6318e+01   0.0000e+00   7.8378e-02   2.9181e+02
20260910_12:00:00   2.5145e-01   6.4199e+01   2.9395e+01   0.0000e+00   1.4989e-01   2.9295e+02
20260910_15:00:00   2.9349e-01   7.2864e+01   3.1118e+01   3.0999e-02   1.8117e-01   2.9021e+02
20260910_18:00:00   2.9996e-01   7.4208e+01   3.2207e+01   2.6752e-02   1.4011e-01   2.9252e+02
20260910_21:00:00   3.4033e-01   8.2671e+01   3.2681e+01   7.0327e-02   2.2271e-02   2.9164e+02
20260911_00:00:00   3.0812e-01   7.6235e+01   3.1917e+01   3.8008e-02   7.6707e-03   2.9138e+02
20260911_03:00:00   2.7989e-01   7.0526e+01   3.0454e+01   1.8450e-02   4.5374e-04   2.9105e+02
20260911_06:00:00   2.5659e-01   6.5469e+01   2.9886e+01   0.0000e+00   0.0000e+00   2.9027e+02
20260911_09:00:00   2.5262e-01   6.4488e+01   2.9832e+01   0.0000e+00   7.2960e-04   2.9045e+02
20260911_12:00:00   2.5421e-01   6.4779e+01   2.9804e+01   0.0000e+00   4.1543e-04   2.8972e+02
20260911_15:00:00   2.5323e-01   6.4592e+01   2.9504e+01   0.0000e+00   1.1814e-03   2.9069e+02
20260911_18:00:00   2.5639e-01   6.5337e+01   2.9646e+01   0.0000e+00   2.1993e-03   2.8989e+02
20260911_21:00:00   2.8931e-01   7.2558e+01   2.9266e+01   4.0794e-02   2.7204e-03   2.8830e+02
20260912_00:00:00   4.0313e-01   9.5256e+01   2.8257e+01   1.8656e-01   9.2620e-06   2.8783e+02
20260912_03:00:00   3.9712e-01   9.4190e+01   2.6437e+01   1.9308e-01   0.0000e+00   2.8745e+02
20260912_06:00:00   2.4667e-01   6.3605e+01   2.5858e+01   2.0200e-02   2.2121e-03   2.9135e+02
20260912_09:00:00   2.3062e-01   6.0004e+01   2.5912e+01   0.0000e+00   6.5440e-04   2.9229e+02
20260912_12:00:00   2.3784e-01   6.1510e+01   2.6317e+01   1.8182e-03   4.4620e-05   2.8993e+02
20260912_15:00:00   2.2773e-01   5.9243e+01   2.5837e+01   0.0000e+00   3.1180e-04   2.8912e+02
20260912_18:00:00   2.4341e-01   6.2710e+01   2.7176e+01   2.9267e-03   9.3397e-04   2.9124e+02
20260912_21:00:00   5.1603e-01   1.1551e+02   2.8607e+01   3.1366e-01   1.5948e-02   2.8829e+02
20260913_00:00:00   4.4416e-01   1.0274e+02   3.0478e+01   2.1161e-01   1.9162e-01   2.8807e+02
20260913_03:00:00   2.3936e-01   6.2160e+01   2.6815e+01   0.0000e+00   7.3840e-04   2.8771e+02
20260913_06:00:00   2.2827e-01   5.9639e+01   2.5848e+01   0.0000e+00   3.3340e-05   2.8858e+02
20260913_09:00:00   2.3098e-01   6.0166e+01   2.6112e+01   0.0000e+00   0.0000e+00   2.8755e+02
20260913_12:00:00   2.1732e-01   5.7186e+01   2.4093e+01   0.0000e+00   0.0000e+00   2.8705e+02
20260913_15:00:00   1.9291e-01   5.1752e+01   2.1094e+01   0.0000e+00   0.0000e+00   2.8563e+02
20260913_18:00:00   1.7672e-01   4.8088e+01   1.9016e+01   0.0000e+00   0.0000e+00   2.8415e+02
20260913_21:00:00   1.7225e-01   4.7158e+01   1.8298e+01   0.0000e+00   0.0000e+00   2.8245e+02
20260914_00:00:00   1.7118e-01   4.6970e+01   1.8307e+01   0.0000e+00   0.0000e+00   2.8323e+02
20260914_03:00:00   1.7740e-01   4.8444e+01   1.9251e+01   0.0000e+00   0.0000e+00   2.8588e+02
20260914_06:00:00   1.7738e-01   4.8401e+01   1.9550e+01   0.0000e+00   0.0000e+00   2.8391e+02
20260914_09:00:00   1.6370e-01   4.5141e+01   1.8219e+01   0.0000e+00   0.0000e+00   2.8266e+02
20260914_12:00:00   1.6985e-01   4.6511e+01   1.9116e+01   0.0000e+00   0.0000e+00   2.8159e+02
20260914_15:00:00   1.6805e-01   4.6064e+01   1.8967e+01   0.0000e+00   0.0000e+00   2.8220e+02
20260914_18:00:00   1.7231e-01   4.7085e+01   1.9644e+01   0.0000e+00   0.0000e+00   2.8164e+02
20260914_21:00:00   1.8915e-01   5.1142e+01   2.1415e+01   0.0000e+00   0.0000e+00   2.7932e+02
20260915_00:00:00   1.9404e-01   5.2298e+01   2.2114e+01   0.0000e+00   0.0000e+00   2.8022e+02
20260915_03:00:00   1.8947e-01   5.1306e+01   2.1397e+01   0.0000e+00   0.0000e+00   2.7968e+02
20260915_06:00:00   1.8218e-01   4.9539e+01   2.0699e+01   0.0000e+00   2.1984e-03   2.8148e+02
20260915_09:00:00   1.6725e-01   4.5905e+01   1.9201e+01   0.0000e+00   4.3414e-03   2.8054e+02
20260915_12:00:00   1.6424e-01   4.4880e+01   1.9753e+01   0.0000e+00   2.5476e-02   2.8018e+02
