#            date       tau255        Tb[K]      pwv[mm] lwp[kg*m^-2] iwp[kg*m^-2]       o3[DU]
20260807_12:00:00   1.7861e-01   4.8722e+01   2.0489e+01   0.0000e+00   2.1900e-04   3.0497e+02
20260807_13:00:00   1.8101e-01   4.9264e+01   2.0964e+01   0.0000e+00   7.8420e-06   3.0466e+02
20260807_14:00:00   1.8228e-01   4.9535e+01   2.1282e+01   0.0000e+00   1.1433e-04   3.0375e+02
20260807_15:00:00   1.8147e-01   4.9341e+01   2.1221e+01   8.4300e-05   4.9540e-05   3.0088e+02
20260807_16:00:00   1.8069e-01   4.9153e+01   2.1244e+01   9.6060e-05   1.0724e-04   2.9954e+02
20260807_17:00:00   1.8633e-01   5.0487e+01   2.1871e+01   0.0000e+00   3.7740e-04   2.9983e+02
20260807_18:00:00   1.8938e-01   5.1192e+01   2.2379e+01   0.0000e+00   4.6182e-04   3.0003e+02
20260807_19:00:00   1.9629e-01   5.2774e+01   2.3293e+01   0.0000e+00   5.8581e-04   3.0229e+02
20260807_20:00:00   1.9776e-01   5.3123e+01   2.3626e+01   0.0000e+00   3.9020e-05   3.0226e+02
20260807_21:00:00   2.0270e-01   5.4253e+01   2.4340e+01   0.0000e+00   0.0000e+00   3.0114e+02
20260807_22:00:00   2.0391e-01   5.4558e+01   2.4514e+01   1.6138e-04   0.0000e+00   2.9965e+02
20260807_23:00:00   2.0677e-01   5.5235e+01   2.4828e+01   3.6160e-04   0.0000e+00   3.0228e+02
20260808_00:00:00   2.1185e-01   5.6348e+01   2.5647e+01   0.0000e+00   0.0000e+00   3.0282e+02
20260808_01:00:00   2.6185e-01   6.7042e+01   2.6574e+01   5.0559e-02   2.3722e-04   3.0417e+02
20260808_02:00:00   5.8692e-01   1.2450e+02   2.8993e+01   3.9571e-01   2.1207e-02   3.0180e+02
20260808_03:00:00   2.7017e-01   6.8649e+01   2.7369e+01   5.3219e-02   2.6193e-02   2.9949e+02
20260808_04:00:00   3.5764e-01   8.6305e+01   2.9299e+01   1.3009e-01   1.5554e-03   2.9721e+02
20260808_05:00:00   2.2597e-01   5.9344e+01   2.7769e+01   0.0000e+00   3.9798e-02   2.9794e+02
20260808_06:00:00   2.0494e-01   5.4487e+01   2.5968e+01   0.0000e+00   1.6271e-02   2.9700e+02
20260808_07:00:00   1.9703e-01   5.2597e+01   2.5099e+01   0.0000e+00   5.4309e-02   2.9515e+02
20260808_08:00:00   2.0988e-01   5.5598e+01   2.6316e+01   0.0000e+00   1.5688e-02   2.9536e+02
20260808_09:00:00   2.1199e-01   5.6088e+01   2.6360e+01   0.0000e+00   2.0911e-02   2.9474e+02
20260808_10:00:00   2.0883e-01   5.5366e+01   2.5819e+01   7.8940e-04   7.4580e-03   2.9463e+02
20260808_11:00:00   1.9619e-01   5.2528e+01   2.4358e+01   0.0000e+00   1.2244e-03   2.9619e+02
20260808_12:00:00   1.8514e-01   5.0022e+01   2.2800e+01   0.0000e+00   2.4091e-03   2.9653e+02
20260808_13:00:00   1.8559e-01   5.0151e+01   2.2656e+01   0.0000e+00   3.1241e-05   2.9856e+02
20260808_14:00:00   1.8367e-01   4.9693e+01   2.2489e+01   0.0000e+00   6.9830e-05   3.0188e+02
20260808_15:00:00   1.8089e-01   4.9016e+01   2.2337e+01   0.0000e+00   0.0000e+00   3.0175e+02
20260808_16:00:00   1.7932e-01   4.8654e+01   2.2166e+01   0.0000e+00   0.0000e+00   3.0191e+02
20260808_17:00:00   1.8558e-01   5.0170e+01   2.2723e+01   0.0000e+00   0.0000e+00   3.0307e+02
20260808_18:00:00   1.8843e-01   5.0879e+01   2.2950e+01   0.0000e+00   0.0000e+00   3.0434e+02
20260808_19:00:00   1.9206e-01   5.1756e+01   2.3327e+01   0.0000e+00   0.0000e+00   3.0210e+02
20260808_20:00:00   1.9316e-01   5.2021e+01   2.3587e+01   0.0000e+00   0.0000e+00   2.9972e+02
20260808_21:00:00   1.9740e-01   5.3020e+01   2.4163e+01   0.0000e+00   0.0000e+00   2.9973e+02
20260808_22:00:00   1.9859e-01   5.3314e+01   2.4394e+01   0.0000e+00   0.0000e+00   2.9972e+02
20260808_23:00:00   1.9739e-01   5.3095e+01   2.4230e+01   2.0976e-04   1.3332e-05   2.9980e+02
20260809_00:00:00   2.0170e-01   5.4014e+01   2.4175e+01   6.9536e-03   2.0461e-03   3.0047e+02
20260809_01:00:00   2.0553e-01   5.4905e+01   2.4854e+01   4.3105e-03   1.1037e-05   3.0006e+02
20260809_02:00:00   2.0309e-01   5.4355e+01   2.4801e+01   8.0681e-04   2.2886e-04   3.0156e+02
20260809_03:00:00   5.7607e-01   1.2227e+02   2.7754e+01   3.9493e-01   1.0226e-01   2.9794e+02
20260809_04:00:00   3.9453e-01   9.2755e+01   2.7751e+01   1.8614e-01   9.0546e-02   2.9765e+02
20260809_05:00:00   3.2917e-01   8.0329e+01   2.9314e+01   9.2829e-02   5.7090e-01   2.9657e+02
20260809_06:00:00   1.8372e-01   4.9445e+01   2.2600e+01   0.0000e+00   3.4872e-01   2.9459e+02
20260809_07:00:00   1.7254e-01   4.7058e+01   2.1388e+01   0.0000e+00   1.5056e-01   2.9542e+02
20260809_08:00:00   1.8281e-01   4.9560e+01   2.2409e+01   0.0000e+00   4.9919e-02   2.9531e+02
20260809_09:00:00   1.9238e-01   5.1798e+01   2.3157e+01   0.0000e+00   2.6574e-02   2.9325e+02
20260809_10:00:00   1.8585e-01   5.0376e+01   2.1759e+01   0.0000e+00   4.3608e-02   2.9330e+02
20260809_11:00:00   1.7478e-01   4.7867e+01   2.0020e+01   0.0000e+00   4.0589e-02   2.9453e+02
20260809_12:00:00   1.6721e-01   4.6121e+01   1.8905e+01   0.0000e+00   1.3544e-02   2.9602e+02
20260809_13:00:00   1.6922e-01   4.6600e+01   1.8974e+01   0.0000e+00   1.5662e-03   2.9800e+02
20260809_14:00:00   1.6918e-01   4.6600e+01   1.8712e+01   0.0000e+00   4.9954e-04   2.9920e+02
20260809_15:00:00   1.6811e-01   4.6372e+01   1.8407e+01   0.0000e+00   2.8840e-05   3.0185e+02
20260809_16:00:00   1.5613e-01   4.3529e+01   1.7049e+01   0.0000e+00   0.0000e+00   3.0244e+02
20260809_17:00:00   1.5044e-01   4.2165e+01   1.6331e+01   0.0000e+00   0.0000e+00   3.0214e+02
20260809_18:00:00   1.4458e-01   4.0771e+01   1.5581e+01   0.0000e+00   0.0000e+00   3.0094e+02
20260809_19:00:00   1.3903e-01   3.9419e+01   1.4938e+01   0.0000e+00   0.0000e+00   3.0004e+02
20260809_20:00:00   1.4396e-01   4.0647e+01   1.5629e+01   0.0000e+00   0.0000e+00   2.9646e+02
20260809_21:00:00   1.6135e-01   4.4831e+01   1.8139e+01   0.0000e+00   0.0000e+00   2.9569e+02
20260809_22:00:00   1.7599e-01   4.8262e+01   2.0192e+01   1.0688e-05   0.0000e+00   2.9569e+02
20260809_23:00:00   1.8724e-01   5.0835e+01   2.1684e+01   2.2820e-03   5.4120e-05   2.9500e+02
20260810_00:00:00   2.5401e-01   6.5243e+01   2.2618e+01   7.2618e-02   1.2688e-02   2.9593e+02
20260810_01:00:00   1.9293e-01   5.2165e+01   2.2761e+01   1.7474e-03   0.0000e+00   2.9767e+02
20260810_02:00:00   1.9394e-01   5.2490e+01   2.2830e+01   0.0000e+00   8.3360e-05   2.9851e+02
20260810_03:00:00   2.4400e-01   6.3494e+01   2.6684e+01   2.0836e-02   1.9244e-03   2.9673e+02
20260810_04:00:00   2.5321e-01   6.5502e+01   2.7449e+01   2.4357e-02   1.2180e-02   2.9718e+02
20260810_05:00:00   3.2744e-01   8.0191e+01   2.9784e+01   8.6062e-02   2.1559e-01   2.9636e+02
20260810_06:00:00   3.2958e-01   8.0831e+01   3.0602e+01   8.0931e-02   3.9153e-01   2.9638e+02
20260810_07:00:00   2.4410e-01   6.3504e+01   2.8450e+01   4.1758e-03   4.9023e-02   2.9702e+02
20260810_08:00:00   2.4595e-01   6.3877e+01   2.8764e+01   1.6356e-03   5.9339e-03   2.9741e+02
20260810_09:00:00   2.5396e-01   6.5585e+01   2.9726e+01   0.0000e+00   5.5398e-03   2.9445e+02
20260810_10:00:00   2.3425e-01   6.1338e+01   2.7503e+01   0.0000e+00   7.2672e-03   2.9346e+02
20260810_11:00:00   2.1946e-01   5.8140e+01   2.5454e+01   0.0000e+00   5.9310e-03   2.9372e+02
20260810_12:00:00   2.1689e-01   5.7582e+01   2.5114e+01   0.0000e+00   1.8366e-03   2.9527e+02
20260810_13:00:00   2.1269e-01   5.6622e+01   2.4646e+01   0.0000e+00   6.0573e-04   2.9634e+02
20260810_14:00:00   2.1174e-01   5.6405e+01   2.4390e+01   0.0000e+00   1.5046e-03   2.9781e+02
20260810_15:00:00   2.1349e-01   5.6767e+01   2.4617e+01   0.0000e+00   5.2505e-04   2.9833e+02
20260810_16:00:00   2.1455e-01   5.7001e+01   2.4682e+01   0.0000e+00   0.0000e+00   3.0059e+02
20260810_17:00:00   2.1813e-01   5.7827e+01   2.5004e+01   0.0000e+00   0.0000e+00   3.0161e+02
20260810_18:00:00   2.2731e-01   5.9930e+01   2.5734e+01   0.0000e+00   0.0000e+00   3.0217e+02
20260810_19:00:00   2.3551e-01   6.1819e+01   2.6412e+01   0.0000e+00   0.0000e+00   3.0040e+02
20260810_20:00:00   2.4821e-01   6.4645e+01   2.7618e+01   2.6477e-04   0.0000e+00   2.9981e+02
20260810_21:00:00   3.0295e-01   7.6269e+01   2.8719e+01   5.4748e-02   0.0000e+00   3.0141e+02
20260810_22:00:00   3.8548e-01   9.2622e+01   2.7686e+01   1.6100e-01   0.0000e+00   2.9742e+02
20260810_23:00:00   3.4366e-01   8.4322e+01   2.7183e+01   1.1786e-01   9.3162e-02   2.9639e+02
20260811_00:00:00   5.8180e-01   1.2399e+02   3.1475e+01   3.6240e-01   3.8609e-01   2.9348e+02
20260811_01:00:00   1.3058e+00   2.0398e+02   3.8591e+01   1.1284e+00   1.0052e+00   2.9085e+02
20260811_02:00:00   1.0147e+00   1.7487e+02   3.4381e+01   8.3661e-01   1.3054e+00   2.9022e+02
20260811_03:00:00   2.7993e-01   7.0180e+01   3.1029e+01   2.5219e-02   9.9749e-01   2.9725e+02
20260811_04:00:00   2.7875e-01   7.0053e+01   2.8280e+01   4.5451e-02   8.2406e-01   2.9650e+02
20260811_05:00:00   2.2154e-01   5.7970e+01   2.6772e+01   0.0000e+00   4.3488e-01   2.9602e+02
20260811_06:00:00   2.0388e-01   5.4152e+01   2.5097e+01   0.0000e+00   2.0791e-01   2.9402e+02
20260811_07:00:00   2.3112e-01   6.0034e+01   2.6841e+01   1.5534e-02   6.9635e-02   2.9781e+02
20260811_08:00:00   2.4765e-01   6.3562e+01   2.7638e+01   2.4487e-02   6.6194e-02   2.9707e+02
20260811_09:00:00   2.4981e-01   6.4130e+01   2.7010e+01   2.1196e-02   1.3619e-02   2.9596e+02
20260811_10:00:00   2.1483e-01   5.6688e+01   2.5380e+01   0.0000e+00   1.1673e-02   2.9793e+02
20260811_11:00:00   2.0513e-01   5.4579e+01   2.4462e+01   0.0000e+00   2.5952e-02   2.9927e+02
20260811_12:00:00   1.9366e-01   5.2027e+01   2.3049e+01   0.0000e+00   1.1401e-02   2.9790e+02
20260811_13:00:00   1.9726e-01   5.2830e+01   2.3283e+01   0.0000e+00   1.3006e-03   2.9767e+02
20260811_14:00:00   2.0400e-01   5.4356e+01   2.3640e+01   0.0000e+00   4.5140e-05   2.9720e+02
20260811_15:00:00   2.0449e-01   5.4491e+01   2.3365e+01   0.0000e+00   0.0000e+00   2.9824e+02
20260811_16:00:00   2.0316e-01   5.4198e+01   2.2819e+01   0.0000e+00   0.0000e+00   2.9798e+02
20260811_17:00:00   1.9715e-01   5.2872e+01   2.1813e+01   0.0000e+00   0.0000e+00   2.9823e+02
20260811_18:00:00   1.9601e-01   5.2666e+01   2.1484e+01   0.0000e+00   0.0000e+00   3.0040e+02
20260811_19:00:00   2.0116e-01   5.3856e+01   2.1971e+01   0.0000e+00   0.0000e+00   3.0112e+02
20260811_20:00:00   2.1009e-01   5.5898e+01   2.2959e+01   0.0000e+00   0.0000e+00   3.0301e+02
20260811_21:00:00   2.1758e-01   5.7641e+01   2.3672e+01   0.0000e+00   0.0000e+00   3.0266e+02
20260811_22:00:00   2.1887e-01   5.7980e+01   2.3835e+01   8.1900e-06   0.0000e+00   2.9871e+02
20260811_23:00:00   2.1483e-01   5.7141e+01   2.3404e+01   9.5840e-05   0.0000e+00   2.9790e+02
20260812_00:00:00   2.2015e-01   5.8314e+01   2.4063e+01   2.7220e-04   0.0000e+00   2.9903e+02
20260812_01:00:00   2.2481e-01   5.9324e+01   2.4577e+01   1.7222e-03   0.0000e+00   3.0024e+02
20260812_02:00:00   2.0884e-01   5.5748e+01   2.3218e+01   9.7420e-04   0.0000e+00   2.9901e+02
20260812_03:00:00   1.9613e-01   5.2875e+01   2.1847e+01   0.0000e+00   0.0000e+00   3.0092e+02
20260812_04:00:00   2.2638e-01   5.9545e+01   2.5541e+01   0.0000e+00   5.3212e-03   2.9922e+02
20260812_05:00:00   2.3278e-01   6.0834e+01   2.6916e+01   0.0000e+00   3.6404e-02   2.9888e+02
20260812_06:00:00   2.2804e-01   5.9677e+01   2.7067e+01   0.0000e+00   7.7696e-02   2.9788e+02
20260812_07:00:00   2.3231e-01   6.0448e+01   2.8219e+01   0.0000e+00   5.3731e-02   2.9867e+02
20260812_08:00:00   2.4167e-01   6.2506e+01   2.8837e+01   0.0000e+00   5.2805e-03   2.9840e+02
20260812_09:00:00   2.4241e-01   6.2696e+01   2.8692e+01   0.0000e+00   2.7534e-03   2.9730e+02
20260812_10:00:00   2.5379e-01   6.5089e+01   2.8521e+01   1.1617e-02   6.3915e-03   3.0021e+02
20260812_11:00:00   2.5684e-01   6.5744e+01   2.8392e+01   1.5342e-02   3.7383e-03   3.0149e+02
20260812_12:00:00   2.5166e-01   6.4655e+01   2.8796e+01   5.5520e-03   2.0742e-03   3.0131e+02
20260812_15:00:00   2.3492e-01   6.1057e+01   2.7771e+01   0.0000e+00   5.0492e-05   3.0078e+02
20260812_18:00:00   2.6112e-01   6.6755e+01   2.9887e+01   2.7620e-03   1.9606e-06   2.9722e+02
20260812_21:00:00   5.5963e-01   1.2317e+02   3.1065e+01   3.5078e-01   1.9144e-03   2.9836e+02
20260813_00:00:00   4.5845e-01   1.0543e+02   3.1025e+01   2.1913e-01   4.0013e-04   2.9812e+02
20260813_03:00:00   3.0796e-01   7.6727e+01   2.9523e+01   5.8377e-02   2.6978e-01   2.9678e+02
20260813_06:00:00   2.4332e-01   6.2933e+01   2.8834e+01   0.0000e+00   3.7123e-02   2.9662e+02
20260813_09:00:00   2.5275e-01   6.4629e+01   3.0218e+01   2.8520e-03   4.5858e-02   2.9740e+02
20260813_12:00:00   2.3130e-01   5.9864e+01   2.7980e+01   0.0000e+00   1.0642e-02   2.9466e+02
20260813_15:00:00   1.9891e-01   5.2551e+01   2.4218e+01   0.0000e+00   2.9319e-02   2.9419e+02
20260813_18:00:00   2.0556e-01   5.4104e+01   2.4908e+01   0.0000e+00   3.5732e-02   2.9393e+02
20260813_21:00:00   2.3037e-01   5.9826e+01   2.7363e+01   0.0000e+00   4.1966e-04   2.9147e+02
20260814_00:00:00   2.2324e-01   5.8500e+01   2.5825e+01   3.7519e-04   0.0000e+00   2.9476e+02
20260814_03:00:00   2.0573e-01   5.4607e+01   2.3947e+01   0.0000e+00   8.6000e-04   2.9905e+02
20260814_06:00:00   2.0815e-01   5.4973e+01   2.4817e+01   0.0000e+00   3.6628e-03   2.9917e+02
20260814_09:00:00   2.1707e-01   5.6847e+01   2.5811e+01   0.0000e+00   9.5230e-04   2.9500e+02
20260814_12:00:00   2.2494e-01   5.8554e+01   2.6521e+01   0.0000e+00   4.3228e-03   2.9438e+02
20260814_15:00:00   2.2684e-01   5.8866e+01   2.6953e+01   0.0000e+00   5.1423e-02   2.9670e+02
20260814_18:00:00   2.2780e-01   5.9108e+01   2.7171e+01   0.0000e+00   1.7206e-02   2.9674e+02
20260814_21:00:00   2.3082e-01   6.0039e+01   2.7111e+01   0.0000e+00   4.2595e-02   2.9577e+02
20260815_00:00:00   2.1119e-01   5.5912e+01   2.3440e+01   9.5220e-03   1.8674e-04   2.9460e+02
20260815_03:00:00   1.9970e-01   5.3206e+01   2.2528e+01   4.7960e-03   1.8026e-03   2.9432e+02
20260815_06:00:00   1.7410e-01   4.7324e+01   2.0250e+01   0.0000e+00   7.8686e-04   2.9700e+02
20260815_09:00:00   1.8471e-01   4.9651e+01   2.1656e+01   0.0000e+00   8.2520e-04   2.9616e+02
20260815_12:00:00   1.8458e-01   4.9524e+01   2.1836e+01   0.0000e+00   2.0140e-02   2.9678e+02
20260815_15:00:00   1.8749e-01   5.0204e+01   2.2121e+01   0.0000e+00   1.3350e-02   2.9750e+02
20260815_18:00:00   1.8541e-01   4.9807e+01   2.1603e+01   0.0000e+00   2.4330e-03   2.9880e+02
20260815_21:00:00   1.9983e-01   5.3251e+01   2.3123e+01   2.5480e-05   1.1594e-02   2.9320e+02
20260816_00:00:00   2.3567e-01   6.1366e+01   2.4060e+01   3.1178e-02   5.1375e-03   2.9365e+02
20260816_03:00:00   2.0463e-01   5.4446e+01   2.3361e+01   1.3070e-03   5.8544e-03   2.9639e+02
20260816_06:00:00   2.0879e-01   5.5313e+01   2.3870e+01   0.0000e+00   2.7900e-04   2.9662e+02
20260816_09:00:00   2.1375e-01   5.6280e+01   2.4857e+01   0.0000e+00   0.0000e+00   2.9803e+02
20260816_12:00:00   2.0940e-01   5.5217e+01   2.4404e+01   0.0000e+00   9.2620e-06   2.9411e+02
20260816_15:00:00   2.0275e-01   5.3828e+01   2.3080e+01   0.0000e+00   0.0000e+00   2.9637e+02
20260816_18:00:00   2.1235e-01   5.6100e+01   2.3618e+01   0.0000e+00   0.0000e+00   2.9824e+02
20260816_21:00:00   2.4000e-01   6.2370e+01   2.4927e+01   1.9978e-02   0.0000e+00   2.9626e+02
20260817_00:00:00   6.6492e-01   1.3654e+02   2.6902e+01   4.8946e-01   4.1368e-04   2.9598e+02
20260817_03:00:00   2.8249e-01   7.1499e+01   2.5382e+01   6.3137e-02   6.1799e-03   2.9443e+02
20260817_06:00:00   2.0264e-01   5.4084e+01   2.3163e+01   0.0000e+00   1.4633e-04   2.9329e+02
20260817_09:00:00   1.9526e-01   5.2293e+01   2.2269e+01   0.0000e+00   0.0000e+00   2.9181e+02
20260817_12:00:00   2.1221e-01   5.6030e+01   2.4192e+01   0.0000e+00   5.0750e-04   2.9336e+02
20260817_15:00:00   2.1683e-01   5.6860e+01   2.5540e+01   0.0000e+00   1.7382e-01   2.9243e+02
20260817_18:00:00   2.3770e-01   6.1248e+01   2.8558e+01   1.9606e-06   4.6464e-01   2.9333e+02
20260817_21:00:00   2.7274e-01   6.8708e+01   3.0581e+01   1.8498e-02   4.8119e-01   2.9411e+02
20260818_00:00:00   3.1488e-01   7.7424e+01   3.0261e+01   6.3706e-02   1.8870e-03   2.9074e+02
20260818_03:00:00   2.5295e-01   6.4906e+01   2.9394e+01   9.2620e-06   3.2953e-03   2.9185e+02
20260818_06:00:00   2.5491e-01   6.5248e+01   2.9493e+01   2.1200e-04   5.2406e-02   2.9120e+02
20260818_09:00:00   2.4885e-01   6.3900e+01   2.9013e+01   4.1680e-04   5.7078e-02   2.9031e+02
20260818_12:00:00   2.3831e-01   6.1723e+01   2.7239e+01   0.0000e+00   2.6327e-02   2.9226e+02
20260818_15:00:00   2.2960e-01   5.9894e+01   2.5800e+01   0.0000e+00   4.7519e-02   2.9388e+02
20260818_18:00:00   2.1999e-01   5.7822e+01   2.4750e+01   0.0000e+00   2.5016e-02   2.9236e+02
20260818_21:00:00   3.0364e-01   7.6034e+01   2.6700e+01   8.0060e-02   8.5010e-04   2.9041e+02
20260819_00:00:00   2.7706e-01   7.0405e+01   2.6493e+01   5.1021e-02   1.3341e-03   2.8979e+02
20260819_03:00:00   4.0502e-01   9.5606e+01   2.7957e+01   1.8669e-01   1.5874e-01   2.9174e+02
20260819_06:00:00   2.0842e-01   5.5350e+01   2.3924e+01   0.0000e+00   1.7761e-01   2.9451e+02
20260819_09:00:00   1.9324e-01   5.1795e+01   2.2554e+01   0.0000e+00   5.0882e-03   2.9518e+02
20260819_12:00:00   1.9444e-01   5.2021e+01   2.2725e+01   0.0000e+00   2.6570e-03   2.9472e+02
20260819_15:00:00   2.0225e-01   5.3748e+01   2.3825e+01   0.0000e+00   5.1036e-03   2.9513e+02
20260819_18:00:00   2.1731e-01   5.7159e+01   2.5622e+01   0.0000e+00   1.6353e-03   2.9181e+02
20260819_21:00:00   3.2592e-01   8.0222e+01   2.9834e+01   8.4410e-02   1.0624e-04   2.9139e+02
20260820_00:00:00   7.1635e-01   1.4304e+02   3.1814e+01   5.1182e-01   6.9772e-01   2.8939e+02
20260820_03:00:00   2.3884e-01   6.1790e+01   2.8731e+01   0.0000e+00   5.7548e-01   2.8900e+02
20260820_06:00:00   2.1647e-01   5.6902e+01   2.6189e+01   0.0000e+00   3.7317e-02   2.9432e+02
20260820_09:00:00   1.9207e-01   5.1401e+01   2.3379e+01   0.0000e+00   1.4570e-02   2.9125e+02
20260820_12:00:00   1.9290e-01   5.1611e+01   2.3152e+01   0.0000e+00   1.1781e-02   2.9376e+02
20260820_15:00:00   1.8710e-01   5.0288e+01   2.2324e+01   0.0000e+00   2.5163e-03   2.9634e+02
20260820_18:00:00   1.6979e-01   4.6325e+01   1.9978e+01   0.0000e+00   0.0000e+00   2.9633e+02
20260820_21:00:00   1.6928e-01   4.6406e+01   1.9391e+01   0.0000e+00   0.0000e+00   2.9562e+02
20260821_00:00:00   1.7910e-01   4.8829e+01   2.0537e+01   0.0000e+00   0.0000e+00   2.9063e+02
20260821_03:00:00   1.7657e-01   4.8255e+01   2.0132e+01   0.0000e+00   0.0000e+00   2.9165e+02
20260821_06:00:00   1.7533e-01   4.7819e+01   2.0483e+01   0.0000e+00   9.7786e-04   2.9254e+02
20260821_09:00:00   1.8056e-01   4.8991e+01   2.1275e+01   0.0000e+00   2.0948e-02   2.9074e+02
20260821_12:00:00   1.8123e-01   4.9060e+01   2.1630e+01   0.0000e+00   2.9704e-03   2.8983e+02
20260821_15:00:00   1.7855e-01   4.8374e+01   2.1552e+01   0.0000e+00   1.7194e-02   2.9154e+02
20260821_18:00:00   1.8315e-01   4.9482e+01   2.2154e+01   0.0000e+00   2.0275e-04   2.8935e+02
20260821_21:00:00   2.0307e-01   5.4175e+01   2.4447e+01   1.9606e-06   2.7785e-02   2.8981e+02
20260822_00:00:00   2.0288e-01   5.4264e+01   2.4428e+01   8.6260e-05   2.4400e-05   2.8921e+02
20260822_03:00:00   2.1821e-01   5.7623e+01   2.5293e+01   1.2596e-02   3.9026e-03   2.8958e+02
20260822_06:00:00   2.0891e-01   5.5430e+01   2.5784e+01   0.0000e+00   3.1075e-02   2.8825e+02
20260822_09:00:00   2.0156e-01   5.3719e+01   2.4835e+01   0.0000e+00   4.5710e-02   2.8998e+02
20260822_12:00:00   2.0018e-01   5.3360e+01   2.4597e+01   0.0000e+00   4.3014e-03   2.9157e+02
20260822_15:00:00   1.9426e-01   5.2148e+01   2.3284e+01   0.0000e+00   1.7928e-02   2.9110e+02
20260822_18:00:00   2.0236e-01   5.4075e+01   2.4283e+01   0.0000e+00   0.0000e+00   2.9197e+02
20260822_21:00:00   2.3390e-01   6.1180e+01   2.7960e+01   3.6419e-03   2.0480e-05   2.9014e+02
20260823_00:00:00   9.6687e-01   1.6916e+02   3.0987e+01   8.2309e-01   1.2129e+00   2.8641e+02
20260823_03:00:00   1.9665e-01   5.2972e+01   2.3666e+01   0.0000e+00   1.2067e-02   2.8970e+02
20260823_06:00:00   1.6379e-01   4.5323e+01   1.9499e+01   0.0000e+00   0.0000e+00   2.8712e+02
20260823_09:00:00   1.7000e-01   4.6827e+01   2.0033e+01   0.0000e+00   0.0000e+00   2.8723e+02
20260823_12:00:00   1.8591e-01   5.0304e+01   2.2759e+01   0.0000e+00   1.1733e-03   2.8869e+02
