#            date       tau255        Tb[K]      pwv[mm] lwp[kg*m^-2] iwp[kg*m^-2]       o3[DU]
20260926_18:00:00   8.1235e-02   2.4294e+01   6.3543e+00   0.0000e+00   0.0000e+00   2.6750e+02
20260926_19:00:00   8.9270e-02   2.6379e+01   7.5747e+00   0.0000e+00   0.0000e+00   2.6805e+02
20260926_20:00:00   9.0151e-02   2.6618e+01   7.7959e+00   0.0000e+00   3.6560e-04   2.6876e+02
20260926_21:00:00   9.5967e-02   2.8063e+01   8.8951e+00   0.0000e+00   1.2626e-03   2.6857e+02
20260926_22:00:00   9.6353e-02   2.8148e+01   9.1118e+00   0.0000e+00   3.8460e-04   2.7007e+02
20260926_23:00:00   9.3996e-02   2.7548e+01   8.8727e+00   0.0000e+00   3.3720e-04   2.7074e+02
20260927_00:00:00   9.2473e-02   2.7177e+01   8.6282e+00   0.0000e+00   8.5820e-04   2.7051e+02
20260927_01:00:00   9.3296e-02   2.7347e+01   8.9295e+00   0.0000e+00   8.3716e-03   2.6956e+02
20260927_02:00:00   9.2051e-02   2.6993e+01   8.8762e+00   0.0000e+00   2.3264e-02   2.6788e+02
20260927_03:00:00   9.2824e-02   2.7161e+01   9.1130e+00   0.0000e+00   4.4696e-02   2.6829e+02
20260927_04:00:00   1.0012e-01   2.8984e+01   1.0336e+01   0.0000e+00   2.4869e-02   2.6862e+02
20260927_05:00:00   1.0834e-01   3.1016e+01   1.1663e+01   0.0000e+00   1.4636e-02   2.6572e+02
20260927_06:00:00   1.1278e-01   3.2120e+01   1.2307e+01   0.0000e+00   2.5776e-02   2.6441e+02
20260927_07:00:00   1.1481e-01   3.2636e+01   1.2522e+01   0.0000e+00   1.1648e-02   2.6583e+02
20260927_08:00:00   1.1527e-01   3.2772e+01   1.2494e+01   0.0000e+00   1.5654e-02   2.6624e+02
20260927_09:00:00   1.2231e-01   3.4446e+01   1.3727e+01   0.0000e+00   2.4952e-02   2.6583e+02
20260927_10:00:00   1.3795e-01   3.8197e+01   1.6145e+01   0.0000e+00   2.0881e-02   2.6558e+02
20260927_11:00:00   1.5474e-01   4.2163e+01   1.8535e+01   0.0000e+00   5.5558e-03   2.6660e+02
20260927_12:00:00   1.6763e-01   4.5127e+01   2.0244e+01   0.0000e+00   4.5268e-03   2.6622e+02
20260927_13:00:00   1.7777e-01   4.7422e+01   2.1445e+01   2.6620e-04   5.9596e-04   2.6660e+02
20260927_14:00:00   1.9167e-01   5.0552e+01   2.1982e+01   1.0278e-02   8.0700e-05   2.6699e+02
20260927_15:00:00   1.8938e-01   5.0062e+01   2.2503e+01   2.3236e-03   2.3442e-03   2.6676e+02
20260927_16:00:00   1.9324e-01   5.0951e+01   2.2491e+01   6.9000e-03   2.1840e-04   2.6629e+02
20260927_17:00:00   1.9276e-01   5.0821e+01   2.2789e+01   4.8738e-03   7.4884e-04   2.6598e+02
20260927_18:00:00   1.9031e-01   5.0265e+01   2.2956e+01   7.0560e-04   4.5835e-04   2.6416e+02
20260927_19:00:00   2.2074e-01   5.7024e+01   2.2716e+01   3.7228e-02   4.3740e-05   2.6319e+02
20260927_20:00:00   2.0370e-01   5.3289e+01   2.2535e+01   2.0195e-02   3.2719e-04   2.6371e+02
20260927_21:00:00   1.8670e-01   4.9538e+01   2.2700e+01   0.0000e+00   3.9613e-04   2.6372e+02
20260927_22:00:00   1.8783e-01   4.9831e+01   2.2857e+01   0.0000e+00   2.8559e-04   2.6327e+02
20260927_23:00:00   1.9303e-01   5.0985e+01   2.3686e+01   4.7460e-05   2.2714e-03   2.6276e+02
20260928_00:00:00   1.9829e-01   5.2187e+01   2.4094e+01   2.4100e-03   2.1005e-03   2.6080e+02
20260928_01:00:00   2.3186e-01   5.9452e+01   2.4583e+01   3.5378e-02   3.4575e-03   2.6113e+02
20260928_02:00:00   2.1730e-01   5.6328e+01   2.5189e+01   1.4162e-02   5.0697e-02   2.6124e+02
20260928_03:00:00   2.7363e-01   6.8410e+01   2.5379e+01   7.5903e-02   1.0802e-01   2.6162e+02
20260928_04:00:00   2.0642e-01   5.3999e+01   2.4988e+01   1.4170e-03   2.3158e-03   2.6154e+02
20260928_05:00:00   2.0862e-01   5.4553e+01   2.4896e+01   2.9620e-03   2.7423e-04   2.5951e+02
20260928_06:00:00   2.2474e-01   5.8150e+01   2.4838e+01   2.0024e-02   9.8638e-05   2.5958e+02
20260928_07:00:00   2.4261e-01   6.1997e+01   2.4639e+01   4.0357e-02   1.1868e-04   2.5909e+02
20260928_08:00:00   2.1540e-01   5.6129e+01   2.3746e+01   1.6304e-02   2.2240e-05   2.5790e+02
20260928_09:00:00   1.9803e-01   5.2271e+01   2.3266e+01   8.4760e-04   0.0000e+00   2.5768e+02
20260928_10:00:00   1.9625e-01   5.1884e+01   2.3111e+01   0.0000e+00   0.0000e+00   2.5827e+02
20260928_11:00:00   2.0116e-01   5.3043e+01   2.3603e+01   0.0000e+00   0.0000e+00   2.5899e+02
20260928_12:00:00   2.0645e-01   5.4218e+01   2.4142e+01   0.0000e+00   5.2332e-05   2.6002e+02
20260928_13:00:00   2.1169e-01   5.5370e+01   2.4960e+01   0.0000e+00   1.7292e-04   2.6162e+02
20260928_14:00:00   2.2601e-01   5.8404e+01   2.6035e+01   6.4644e-03   3.3071e-02   2.6151e+02
20260928_15:00:00   2.5809e-01   6.5225e+01   2.6651e+01   3.7074e-02   4.0142e-02   2.6225e+02
20260928_16:00:00   4.1950e-01   9.6297e+01   2.7089e+01   2.1601e-01   1.1530e-01   2.6246e+02
20260928_17:00:00   4.6385e-01   1.0409e+02   2.7719e+01   2.6122e-01   1.4850e-01   2.6222e+02
20260928_18:00:00   4.7108e-01   1.0546e+02   2.8389e+01   2.6305e-01   4.4178e-01   2.6268e+02
20260928_19:00:00   5.4323e-01   1.1725e+02   2.9404e+01   3.3345e-01   3.0839e-01   2.6397e+02
20260928_20:00:00   8.7083e-01   1.6136e+02   3.0373e+01   6.9381e-01   4.6752e-01   2.6465e+02
20260928_21:00:00   8.9859e-01   1.6438e+02   3.0057e+01   7.2879e-01   2.8154e-01   2.6373e+02
20260928_22:00:00   9.0936e-01   1.6538e+02   2.9771e+01   7.4204e-01   1.4276e-01   2.6383e+02
20260928_23:00:00   8.1599e-01   1.5462e+02   2.9420e+01   6.3995e-01   3.7073e-02   2.6285e+02
20260929_00:00:00   6.4965e-01   1.3282e+02   2.7753e+01   4.6535e-01   6.0583e-03   2.6228e+02
20260929_01:00:00   6.8041e-01   1.3678e+02   2.7610e+01   4.9747e-01   4.1486e-02   2.6196e+02
20260929_02:00:00   2.9330e-01   7.2532e+01   2.6243e+01   7.8607e-02   4.0990e-03   2.6259e+02
20260929_03:00:00   2.9677e-01   7.3214e+01   2.5092e+01   9.0798e-02   1.3891e-03   2.6327e+02
20260929_04:00:00   2.4519e-01   6.2634e+01   2.4703e+01   3.3824e-02   7.7546e-03   2.6353e+02
20260929_05:00:00   2.1842e-01   5.6960e+01   2.4712e+01   3.4947e-03   1.8690e-03   2.6521e+02
20260929_06:00:00   2.2941e-01   5.9421e+01   2.5427e+01   2.8378e-03   1.2886e-04   2.6578e+02
20260929_07:00:00   2.6342e-01   6.6737e+01   2.6043e+01   3.6127e-02   0.0000e+00   2.6633e+02
20260929_08:00:00   2.4837e-01   6.3481e+01   2.6695e+01   1.5792e-02   8.9537e-04   2.6786e+02
20260929_09:00:00   2.2840e-01   5.9125e+01   2.6115e+01   0.0000e+00   1.7268e-03   2.6975e+02
20260929_10:00:00   2.1058e-01   5.5274e+01   2.3616e+01   0.0000e+00   2.2980e-05   2.6944e+02
20260929_11:00:00   2.0081e-01   5.3178e+01   2.1556e+01   0.0000e+00   1.5684e-05   2.6892e+02
20260929_12:00:00   1.8371e-01   4.9368e+01   1.8969e+01   0.0000e+00   0.0000e+00   2.7115e+02
20260929_13:00:00   1.9118e-01   5.1016e+01   2.0009e+01   4.3148e-04   0.0000e+00   2.7417e+02
20260929_14:00:00   1.8901e-01   5.0503e+01   1.9358e+01   2.3128e-03   0.0000e+00   2.7669e+02
20260929_15:00:00   1.7495e-01   4.7288e+01   1.7538e+01   6.3285e-05   0.0000e+00   2.7659e+02
20260929_16:00:00   1.6162e-01   4.4196e+01   1.5620e+01   2.7386e-03   0.0000e+00   2.7663e+02
20260929_17:00:00   1.6721e-01   4.5484e+01   1.6092e+01   6.6306e-03   0.0000e+00   2.7749e+02
20260929_18:00:00   1.4488e-01   4.0191e+01   1.3269e+01   5.7485e-03   0.0000e+00   2.7894e+02
20260929_19:00:00   1.3448e-01   3.7659e+01   1.1849e+01   7.1760e-04   0.0000e+00   2.7953e+02
20260929_20:00:00   1.4304e-01   3.9656e+01   1.3407e+01   4.1680e-05   0.0000e+00   2.8003e+02
20260929_21:00:00   1.4021e-01   3.8927e+01   1.3243e+01   6.1140e-04   0.0000e+00   2.8017e+02
20260929_22:00:00   1.2872e-01   3.6110e+01   1.2094e+01   0.0000e+00   0.0000e+00   2.8027e+02
20260929_23:00:00   1.1014e-01   3.1469e+01   9.9959e+00   0.0000e+00   0.0000e+00   2.8127e+02
20260930_00:00:00   1.1854e-01   3.3455e+01   1.1059e+01   0.0000e+00   0.0000e+00   2.8250e+02
20260930_01:00:00   1.2037e-01   3.3851e+01   1.1207e+01   0.0000e+00   0.0000e+00   2.8483e+02
20260930_02:00:00   1.0791e-01   3.0735e+01   9.9618e+00   0.0000e+00   0.0000e+00   2.8801e+02
20260930_03:00:00   1.1459e-01   3.2236e+01   1.1519e+01   0.0000e+00   0.0000e+00   2.8542e+02
20260930_04:00:00   1.1895e-01   3.3297e+01   1.2293e+01   0.0000e+00   0.0000e+00   2.8365e+02
20260930_05:00:00   1.3812e-01   3.7891e+01   1.4737e+01   0.0000e+00   0.0000e+00   2.8501e+02
20260930_06:00:00   1.3951e-01   3.8235e+01   1.4800e+01   0.0000e+00   0.0000e+00   2.8641e+02
20260930_07:00:00   1.4204e-01   3.8829e+01   1.4798e+01   0.0000e+00   0.0000e+00   2.8811e+02
20260930_08:00:00   1.3669e-01   3.7531e+01   1.4111e+01   0.0000e+00   5.5580e-06   2.8844e+02
20260930_09:00:00   1.2810e-01   3.5462e+01   1.3077e+01   0.0000e+00   0.0000e+00   2.8937e+02
20260930_10:00:00   1.2745e-01   3.5262e+01   1.3163e+01   0.0000e+00   0.0000e+00   2.8933e+02
20260930_11:00:00   1.3323e-01   3.6593e+01   1.3899e+01   0.0000e+00   7.0500e-06   2.9185e+02
20260930_12:00:00   1.3740e-01   3.7569e+01   1.4600e+01   0.0000e+00   1.4928e-04   2.9359e+02
20260930_13:00:00   1.3437e-01   3.6828e+01   1.4713e+01   0.0000e+00   3.0877e-04   2.9231e+02
20260930_14:00:00   1.3376e-01   3.6711e+01   1.4759e+01   0.0000e+00   2.7780e-05   2.9023e+02
20260930_15:00:00   1.3769e-01   3.7704e+01   1.5210e+01   0.0000e+00   0.0000e+00   2.8973e+02
20260930_16:00:00   1.4767e-01   4.0060e+01   1.6406e+01   0.0000e+00   0.0000e+00   2.8917e+02
20260930_17:00:00   1.5626e-01   4.2126e+01   1.7321e+01   0.0000e+00   4.6820e-05   2.8762e+02
20260930_18:00:00   1.6669e-01   4.4650e+01   1.8369e+01   9.2620e-05   3.7060e-06   2.8691e+02
20260930_19:00:00   1.6976e-01   4.5420e+01   1.8684e+01   9.2620e-06   0.0000e+00   2.8572e+02
20260930_20:00:00   1.7433e-01   4.6513e+01   1.8628e+01   4.5975e-03   0.0000e+00   2.8423e+02
20260930_21:00:00   1.6602e-01   4.4654e+01   1.7915e+01   2.6676e-03   0.0000e+00   2.8328e+02
20260930_22:00:00   1.6963e-01   4.5558e+01   1.7509e+01   1.0141e-02   0.0000e+00   2.8235e+02
20260930_23:00:00   1.5707e-01   4.2709e+01   1.6954e+01   0.0000e+00   0.0000e+00   2.8285e+02
20261001_00:00:00   1.5287e-01   4.1772e+01   1.6402e+01   0.0000e+00   0.0000e+00   2.8181e+02
20261001_01:00:00   1.4688e-01   4.0378e+01   1.5807e+01   0.0000e+00   0.0000e+00   2.7987e+02
20261001_02:00:00   1.3657e-01   3.7939e+01   1.4509e+01   0.0000e+00   0.0000e+00   2.7837e+02
20261001_03:00:00   1.3126e-01   3.6694e+01   1.3780e+01   0.0000e+00   0.0000e+00   2.7817e+02
20261001_04:00:00   1.2361e-01   3.4845e+01   1.2706e+01   0.0000e+00   0.0000e+00   2.7779e+02
20261001_05:00:00   1.2466e-01   3.5135e+01   1.2679e+01   0.0000e+00   0.0000e+00   2.7672e+02
20261001_06:00:00   1.2608e-01   3.5501e+01   1.2703e+01   0.0000e+00   0.0000e+00   2.7595e+02
20261001_07:00:00   1.2628e-01   3.5556e+01   1.2623e+01   0.0000e+00   0.0000e+00   2.7432e+02
20261001_08:00:00   1.2829e-01   3.6043e+01   1.2835e+01   0.0000e+00   0.0000e+00   2.7346e+02
20261001_09:00:00   1.3156e-01   3.6835e+01   1.3148e+01   0.0000e+00   0.0000e+00   2.7267e+02
20261001_10:00:00   1.3315e-01   3.7237e+01   1.3328e+01   0.0000e+00   0.0000e+00   2.7224e+02
20261001_11:00:00   1.3395e-01   3.7445e+01   1.3530e+01   0.0000e+00   0.0000e+00   2.7290e+02
20261001_12:00:00   1.3359e-01   3.7361e+01   1.3480e+01   0.0000e+00   0.0000e+00   2.7376e+02
20261001_13:00:00   1.3459e-01   3.7598e+01   1.3599e+01   0.0000e+00   0.0000e+00   2.7300e+02
20261001_14:00:00   1.3152e-01   3.6860e+01   1.3205e+01   0.0000e+00   0.0000e+00   2.7294e+02
20261001_15:00:00   1.2725e-01   3.5826e+01   1.2680e+01   0.0000e+00   0.0000e+00   2.7294e+02
20261001_16:00:00   1.2228e-01   3.4616e+01   1.2116e+01   0.0000e+00   0.0000e+00   2.7170e+02
20261001_17:00:00   1.1913e-01   3.3843e+01   1.1748e+01   0.0000e+00   0.0000e+00   2.6989e+02
20261001_18:00:00   1.1745e-01   3.3446e+01   1.1540e+01   0.0000e+00   0.0000e+00   2.6898e+02
20261001_21:00:00   1.2346e-01   3.4987e+01   1.2297e+01   0.0000e+00   0.0000e+00   2.6769e+02
20261002_00:00:00   1.1467e-01   3.2854e+01   1.1123e+01   0.0000e+00   0.0000e+00   2.6688e+02
20261002_03:00:00   1.1678e-01   3.3375e+01   1.1514e+01   0.0000e+00   0.0000e+00   2.6480e+02
20261002_06:00:00   1.1630e-01   3.3248e+01   1.1540e+01   0.0000e+00   0.0000e+00   2.6263e+02
20261002_09:00:00   1.1178e-01   3.2103e+01   1.1009e+01   0.0000e+00   0.0000e+00   2.5984e+02
20261002_12:00:00   1.1336e-01   3.2452e+01   1.1366e+01   0.0000e+00   0.0000e+00   2.5953e+02
20261002_15:00:00   1.0557e-01   3.0500e+01   1.0475e+01   0.0000e+00   0.0000e+00   2.5866e+02
20261002_18:00:00   1.0184e-01   2.9547e+01   1.0152e+01   0.0000e+00   0.0000e+00   2.5821e+02
20261002_21:00:00   9.8498e-02   2.8753e+01   9.7856e+00   0.0000e+00   0.0000e+00   2.5804e+02
20261003_00:00:00   9.7244e-02   2.8495e+01   9.6063e+00   0.0000e+00   0.0000e+00   2.5864e+02
20261003_03:00:00   9.2268e-02   2.7195e+01   9.1516e+00   0.0000e+00   0.0000e+00   2.5750e+02
20261003_06:00:00   9.3860e-02   2.7617e+01   9.4663e+00   0.0000e+00   0.0000e+00   2.5710e+02
20261003_09:00:00   1.0279e-01   2.9967e+01   1.0257e+01   0.0000e+00   0.0000e+00   2.5301e+02
20261003_12:00:00   1.0244e-01   2.9892e+01   1.0104e+01   0.0000e+00   0.0000e+00   2.5282e+02
20261003_15:00:00   9.7424e-02   2.8608e+01   9.4292e+00   0.0000e+00   0.0000e+00   2.5410e+02
20261003_18:00:00   9.3322e-02   2.7568e+01   8.7961e+00   0.0000e+00   0.0000e+00   2.5296e+02
20261003_21:00:00   9.3744e-02   2.7717e+01   8.8660e+00   0.0000e+00   0.0000e+00   2.5420e+02
20261004_00:00:00   9.1626e-02   2.7157e+01   8.7770e+00   0.0000e+00   0.0000e+00   2.5225e+02
20261004_03:00:00   8.5830e-02   2.5641e+01   8.0531e+00   0.0000e+00   0.0000e+00   2.5176e+02
20261004_06:00:00   8.7972e-02   2.6190e+01   8.4986e+00   0.0000e+00   0.0000e+00   2.5462e+02
20261004_09:00:00   9.8326e-02   2.8793e+01   1.0274e+01   0.0000e+00   0.0000e+00   2.5294e+02
20261004_12:00:00   9.8021e-02   2.8688e+01   1.0281e+01   0.0000e+00   0.0000e+00   2.5307e+02
20261004_15:00:00   1.0144e-01   2.9532e+01   1.0945e+01   0.0000e+00   0.0000e+00   2.5426e+02
20261004_18:00:00   9.7709e-02   2.8644e+01   1.0027e+01   0.0000e+00   0.0000e+00   2.5567e+02
20261004_21:00:00   1.0570e-01   3.0762e+01   1.0843e+01   0.0000e+00   0.0000e+00   2.5872e+02
20261005_00:00:00   1.1042e-01   3.2044e+01   1.1241e+01   0.0000e+00   0.0000e+00   2.5888e+02
20261005_03:00:00   9.2605e-02   2.7486e+01   8.5682e+00   0.0000e+00   0.0000e+00   2.6108e+02
20261005_06:00:00   7.5677e-02   2.2999e+01   6.1384e+00   0.0000e+00   0.0000e+00   2.6359e+02
20261005_09:00:00   7.5271e-02   2.2856e+01   6.0338e+00   0.0000e+00   0.0000e+00   2.6295e+02
20261005_12:00:00   7.5957e-02   2.3008e+01   6.0798e+00   0.0000e+00   0.0000e+00   2.6251e+02
20261005_15:00:00   7.0643e-02   2.1600e+01   5.2364e+00   0.0000e+00   0.0000e+00   2.6335e+02
20261005_18:00:00   7.0542e-02   2.1581e+01   5.2185e+00   0.0000e+00   0.0000e+00   2.6645e+02
20261005_21:00:00   7.9251e-02   2.3927e+01   6.3863e+00   0.0000e+00   0.0000e+00   2.6879e+02
20261006_00:00:00   8.5973e-02   2.5723e+01   7.4044e+00   0.0000e+00   0.0000e+00   2.7004e+02
20261006_03:00:00   8.9360e-02   2.6601e+01   7.7987e+00   0.0000e+00   0.0000e+00   2.6929e+02
20261006_06:00:00   8.2415e-02   2.4772e+01   6.7686e+00   0.0000e+00   0.0000e+00   2.6924e+02
20261006_09:00:00   7.9413e-02   2.3947e+01   6.3480e+00   0.0000e+00   0.0000e+00   2.7060e+02
20261006_12:00:00   7.3005e-02   2.2221e+01   5.4869e+00   0.0000e+00   0.0000e+00   2.7048e+02
20261006_15:00:00   6.9163e-02   2.1206e+01   4.8970e+00   0.0000e+00   0.0000e+00   2.7336e+02
20261006_18:00:00   7.2292e-02   2.2033e+01   5.3371e+00   0.0000e+00   0.0000e+00   2.7293e+02
20261006_21:00:00   8.4285e-02   2.5205e+01   7.1871e+00   0.0000e+00   0.0000e+00   2.7368e+02
20261007_00:00:00   8.5531e-02   2.5552e+01   7.4217e+00   0.0000e+00   0.0000e+00   2.7320e+02
20261007_03:00:00   8.5084e-02   2.5414e+01   7.3293e+00   0.0000e+00   0.0000e+00   2.7239e+02
20261007_06:00:00   8.5739e-02   2.5560e+01   7.4059e+00   0.0000e+00   0.0000e+00   2.7724e+02
20261007_09:00:00   8.6021e-02   2.5600e+01   7.3834e+00   0.0000e+00   0.0000e+00   2.8140e+02
20261007_12:00:00   7.7670e-02   2.3410e+01   6.1670e+00   0.0000e+00   0.0000e+00   2.8125e+02
20261007_15:00:00   8.1823e-02   2.4474e+01   6.7615e+00   0.0000e+00   0.0000e+00   2.8111e+02
20261007_18:00:00   8.2993e-02   2.4779e+01   6.9164e+00   0.0000e+00   0.0000e+00   2.7933e+02
20261007_21:00:00   9.2402e-02   2.7194e+01   8.3831e+00   0.0000e+00   0.0000e+00   2.7776e+02
20261008_00:00:00   9.6260e-02   2.8192e+01   9.0260e+00   0.0000e+00   0.0000e+00   2.7733e+02
20261008_03:00:00   9.5043e-02   2.7834e+01   8.9033e+00   0.0000e+00   0.0000e+00   2.8143e+02
20261008_06:00:00   9.9938e-02   2.9016e+01   9.7867e+00   0.0000e+00   0.0000e+00   2.8368e+02
20261008_09:00:00   1.0269e-01   2.9617e+01   1.0281e+01   0.0000e+00   0.0000e+00   2.7981e+02
20261008_12:00:00   1.1408e-01   3.2480e+01   1.1744e+01   0.0000e+00   0.0000e+00   2.7833e+02
20261008_15:00:00   1.2659e-01   3.5603e+01   1.3255e+01   0.0000e+00   0.0000e+00   2.8096e+02
20261008_18:00:00   1.3705e-01   3.8075e+01   1.4491e+01   0.0000e+00   0.0000e+00   2.8153e+02
20261008_21:00:00   1.3392e-01   3.7235e+01   1.4204e+01   0.0000e+00   0.0000e+00   2.8108e+02
20261009_00:00:00   1.2502e-01   3.5066e+01   1.3173e+01   0.0000e+00   0.0000e+00   2.7930e+02
20261009_03:00:00   1.1705e-01   3.3143e+01   1.2013e+01   0.0000e+00   0.0000e+00   2.7805e+02
20261009_06:00:00   1.1112e-01   3.1680e+01   1.1216e+01   0.0000e+00   0.0000e+00   2.7675e+02
20261009_09:00:00   9.6299e-02   2.7914e+01   9.2690e+00   0.0000e+00   0.0000e+00   2.7433e+02
20261009_12:00:00   9.3773e-02   2.7231e+01   8.9622e+00   0.0000e+00   0.0000e+00   2.7526e+02
20261009_15:00:00   1.0537e-01   3.0112e+01   1.0664e+01   0.0000e+00   0.0000e+00   2.7740e+02
20261009_18:00:00   1.1695e-01   3.3009e+01   1.2164e+01   0.0000e+00   0.0000e+00   2.7643e+02
20261009_21:00:00   1.2057e-01   3.3966e+01   1.2670e+01   0.0000e+00   0.0000e+00   2.7648e+02
20261010_00:00:00   1.2054e-01   3.3994e+01   1.2707e+01   0.0000e+00   0.0000e+00   2.7933e+02
20261010_03:00:00   1.1092e-01   3.1624e+01   1.1344e+01   0.0000e+00   0.0000e+00   2.7815e+02
20261010_06:00:00   7.8706e-02   2.3415e+01   6.7364e+00   0.0000e+00   0.0000e+00   2.7633e+02
20261010_09:00:00   7.3429e-02   2.2097e+01   5.6839e+00   0.0000e+00   0.0000e+00   2.7376e+02
20261010_12:00:00   6.4802e-02   1.9827e+01   4.1978e+00   0.0000e+00   0.0000e+00   2.7171e+02
20261010_15:00:00   5.8528e-02   1.8163e+01   3.0798e+00   0.0000e+00   0.0000e+00   2.7427e+02
20261010_18:00:00   5.9227e-02   1.8352e+01   3.1449e+00   0.0000e+00   0.0000e+00   2.7936e+02
20261010_21:00:00   6.8191e-02   2.0715e+01   4.7063e+00   0.0000e+00   0.0000e+00   2.8103e+02
20261011_00:00:00   7.2335e-02   2.1782e+01   5.5662e+00   0.0000e+00   0.0000e+00   2.7958e+02
20261011_03:00:00   9.6156e-02   2.7823e+01   9.3386e+00   0.0000e+00   4.1880e-04   2.7725e+02
20261011_06:00:00   1.0067e-01   2.9022e+01   9.9449e+00   0.0000e+00   5.2616e-04   2.7422e+02
20261011_09:00:00   1.0628e-01   3.0419e+01   1.0870e+01   0.0000e+00   9.1720e-06   2.7219e+02
20261011_12:00:00   1.0634e-01   3.0436e+01   1.0930e+01   0.0000e+00   1.9016e-04   2.6879e+02
20261011_15:00:00   1.0534e-01   3.0193e+01   1.0957e+01   0.0000e+00   0.0000e+00   2.6479e+02
20261011_18:00:00   1.0088e-01   2.8910e+01   1.1037e+01   0.0000e+00   2.4500e-05   2.6330e+02
20261011_21:00:00   9.5720e-02   2.7724e+01   1.0052e+01   0.0000e+00   0.0000e+00   2.6274e+02
20261012_00:00:00   8.2617e-02   2.4485e+01   7.8435e+00   0.0000e+00   0.0000e+00   2.6368e+02
20261012_03:00:00   9.3120e-02   2.7198e+01   9.4727e+00   0.0000e+00   0.0000e+00   2.6470e+02
20261012_06:00:00   9.3803e-02   2.7421e+01   9.4887e+00   0.0000e+00   0.0000e+00   2.6569e+02
20261012_09:00:00   9.4109e-02   2.7516e+01   9.3883e+00   0.0000e+00   6.3800e-03   2.6518e+02
20261012_12:00:00   9.7517e-02   2.8391e+01   9.6470e+00   0.0000e+00   0.0000e+00   2.6374e+02
20261012_15:00:00   9.8204e-02   2.8531e+01   9.7842e+00   0.0000e+00   0.0000e+00   2.6066e+02
20261012_18:00:00   9.6697e-02   2.8160e+01   9.5039e+00   0.0000e+00   0.0000e+00   2.5959e+02
