#            date       tau255        Tb[K]      pwv[mm] lwp[kg*m^-2] iwp[kg*m^-2]       o3[DU]
20260821_00:00:00   1.6863e-01   4.6497e+01   1.9045e+01   0.0000e+00   0.0000e+00   2.9909e+02
20260821_01:00:00   1.6093e-01   4.4669e+01   1.8134e+01   0.0000e+00   0.0000e+00   2.9623e+02
20260821_02:00:00   1.5354e-01   4.2809e+01   1.7510e+01   9.6650e-04   7.8420e-07   2.9777e+02
20260821_03:00:00   1.6694e-01   4.5908e+01   1.9205e+01   2.3300e-03   1.6171e-05   2.9945e+02
20260821_04:00:00   1.6232e-01   4.4792e+01   1.8973e+01   3.4600e-04   3.9020e-04   2.9602e+02
20260821_05:00:00   1.5975e-01   4.4162e+01   1.8627e+01   0.0000e+00   1.2434e-04   2.9238e+02
20260821_06:00:00   1.5649e-01   4.3348e+01   1.8279e+01   0.0000e+00   2.8440e-04   2.9285e+02
20260821_07:00:00   1.5277e-01   4.2407e+01   1.7943e+01   0.0000e+00   4.6320e-06   2.9538e+02
20260821_08:00:00   1.5691e-01   4.3313e+01   1.8692e+01   0.0000e+00   5.0600e-05   2.9494e+02
20260821_09:00:00   1.7310e-01   4.7056e+01   2.0825e+01   0.0000e+00   9.6721e-05   2.9599e+02
20260821_10:00:00   1.7728e-01   4.8053e+01   2.1307e+01   2.2740e-04   6.1945e-04   2.9831e+02
20260821_11:00:00   1.7611e-01   4.7840e+01   2.1236e+01   0.0000e+00   1.1868e-03   2.9487e+02
20260821_12:00:00   1.7795e-01   4.8221e+01   2.1722e+01   0.0000e+00   1.5088e-04   2.9359e+02
20260821_13:00:00   1.8160e-01   4.9023e+01   2.2274e+01   0.0000e+00   2.2092e-06   2.9456e+02
20260821_14:00:00   1.8456e-01   4.9720e+01   2.2577e+01   0.0000e+00   0.0000e+00   2.9516e+02
20260821_15:00:00   1.8603e-01   5.0057e+01   2.2765e+01   0.0000e+00   5.7680e-06   2.9602e+02
20260821_16:00:00   1.8573e-01   5.0011e+01   2.2678e+01   0.0000e+00   4.3746e-05   2.9372e+02
20260821_17:00:00   1.9046e-01   5.1104e+01   2.2986e+01   1.5938e-03   1.4585e-04   2.9270e+02
20260821_18:00:00   1.9783e-01   5.2818e+01   2.3461e+01   4.9980e-03   2.5503e-04   2.9014e+02
20260821_19:00:00   2.0491e-01   5.4506e+01   2.4191e+01   4.8660e-03   5.3147e-04   2.9165e+02
20260821_20:00:00   2.1683e-01   5.7245e+01   2.5023e+01   8.9294e-03   9.3661e-04   2.9492e+02
20260821_21:00:00   2.1576e-01   5.7093e+01   2.4775e+01   8.8680e-03   3.6340e-05   2.9408e+02
20260821_22:00:00   2.6266e-01   6.6785e+01   2.3977e+01   7.1753e-02   5.6446e-02   2.9296e+02
20260821_23:00:00   9.0311e-01   1.6407e+02   2.8908e+01   7.5120e-01   6.5625e-01   2.8989e+02
20260822_00:00:00   3.2284e-01   7.8500e+01   2.6667e+01   1.2301e-01   7.2058e-01   2.8770e+02
20260822_01:00:00   1.9962e-01   5.3118e+01   2.4937e+01   2.7180e-03   1.4262e-01   2.8731e+02
20260822_02:00:00   2.0815e-01   5.5048e+01   2.6058e+01   7.4940e-04   1.2530e-01   2.8740e+02
20260822_03:00:00   2.0804e-01   5.5140e+01   2.5855e+01   5.0945e-04   7.1463e-02   2.8800e+02
20260822_04:00:00   2.1760e-01   5.7227e+01   2.5004e+01   1.7328e-02   2.0077e-02   2.8763e+02
20260822_05:00:00   1.9332e-01   5.1897e+01   2.3946e+01   0.0000e+00   8.8166e-04   2.8797e+02
20260822_06:00:00   1.9516e-01   5.2222e+01   2.4167e+01   5.7423e-04   3.5137e-02   2.8793e+02
20260822_07:00:00   2.0137e-01   5.3549e+01   2.4017e+01   7.8110e-03   3.3211e-02   2.8732e+02
20260822_08:00:00   2.0326e-01   5.4009e+01   2.4438e+01   3.7757e-03   4.2542e-02   2.8461e+02
20260822_09:00:00   2.0015e-01   5.3360e+01   2.4562e+01   7.8400e-05   1.9515e-02   2.8100e+02
20260822_10:00:00   1.9418e-01   5.1959e+01   2.4133e+01   3.5620e-06   5.6682e-03   2.8122e+02
20260822_11:00:00   1.9542e-01   5.2243e+01   2.4219e+01   1.5738e-04   6.4426e-03   2.8157e+02
20260822_12:00:00   1.9784e-01   5.2800e+01   2.4420e+01   0.0000e+00   3.2916e-04   2.8383e+02
20260822_13:00:00   1.9461e-01   5.2073e+01   2.4000e+01   0.0000e+00   6.6154e-05   2.8625e+02
20260822_14:00:00   1.9037e-01   5.1083e+01   2.3542e+01   0.0000e+00   2.4429e-03   2.8447e+02
20260822_15:00:00   1.8567e-01   4.9976e+01   2.3055e+01   0.0000e+00   8.8811e-04   2.8597e+02
20260822_16:00:00   1.8434e-01   4.9645e+01   2.2924e+01   0.0000e+00   2.5142e-05   2.8511e+02
20260822_17:00:00   1.8415e-01   4.9599e+01   2.2984e+01   3.9220e-06   3.9700e-05   2.8553e+02
20260822_18:00:00   1.8179e-01   4.9087e+01   2.2710e+01   0.0000e+00   5.7620e-04   2.8497e+02
20260822_19:00:00   1.8132e-01   4.9071e+01   2.2527e+01   0.0000e+00   1.2632e-03   2.8572e+02
20260822_20:00:00   1.8710e-01   5.0419e+01   2.3208e+01   0.0000e+00   2.3801e-04   2.8758e+02
20260822_21:00:00   2.2657e-01   5.8968e+01   2.3826e+01   3.9811e-02   3.7868e-03   2.8550e+02
20260822_22:00:00   3.8402e-01   9.0044e+01   2.4218e+01   2.1344e-01   9.6819e-02   2.8586e+02
20260822_23:00:00   5.8118e-01   1.2271e+02   2.5150e+01   4.2646e-01   1.6486e-01   2.8701e+02
20260823_00:00:00   3.5024e-01   8.3915e+01   2.3948e+01   1.7696e-01   4.6303e-02   2.8705e+02
20260823_01:00:00   2.6502e-01   6.6932e+01   2.3587e+01   8.3073e-02   9.3397e-02   2.8643e+02
20260823_02:00:00   1.8925e-01   5.1057e+01   2.2812e+01   2.6500e-03   6.4560e-03   2.8614e+02
20260823_03:00:00   2.0600e-01   5.4759e+01   2.2819e+01   2.0623e-02   6.2127e-03   2.8588e+02
20260823_04:00:00   1.8278e-01   4.9586e+01   2.1620e+01   4.9940e-03   2.2598e-03   2.8701e+02
20260823_05:00:00   1.9402e-01   5.2072e+01   2.1600e+01   1.7522e-02   5.7446e-04   2.8710e+02
20260823_06:00:00   3.0334e-01   7.5120e+01   2.3347e+01   1.2438e-01   2.8521e-03   2.8635e+02
20260823_07:00:00   2.2939e-01   5.9852e+01   2.4086e+01   3.6000e-02   6.7547e-04   2.8628e+02
20260823_08:00:00   1.9436e-01   5.2147e+01   2.3786e+01   2.2700e-05   1.5996e-04   2.8474e+02
20260823_09:00:00   1.9197e-01   5.1566e+01   2.3489e+01   0.0000e+00   1.3702e-04   2.8539e+02
20260823_10:00:00   1.8481e-01   4.9934e+01   2.2405e+01   0.0000e+00   7.4100e-06   2.8693e+02
20260823_11:00:00   1.7776e-01   4.8314e+01   2.1433e+01   0.0000e+00   0.0000e+00   2.8673e+02
20260823_12:00:00   1.7441e-01   4.7556e+01   2.0917e+01   0.0000e+00   0.0000e+00   2.8567e+02
20260823_13:00:00   1.7526e-01   4.7764e+01   2.0813e+01   0.0000e+00   3.7060e-06   2.8535e+02
20260823_14:00:00   1.7268e-01   4.7190e+01   2.0357e+01   0.0000e+00   0.0000e+00   2.8527e+02
20260823_15:00:00   1.6951e-01   4.6474e+01   1.9816e+01   0.0000e+00   0.0000e+00   2.8613e+02
20260823_16:00:00   1.6293e-01   4.4929e+01   1.8986e+01   0.0000e+00   0.0000e+00   2.8662e+02
20260823_17:00:00   1.5947e-01   4.4089e+01   1.8606e+01   0.0000e+00   0.0000e+00   2.8754e+02
20260823_18:00:00   1.6409e-01   4.5236e+01   1.9128e+01   0.0000e+00   0.0000e+00   2.8825e+02
20260823_19:00:00   1.7143e-01   4.7042e+01   1.9938e+01   0.0000e+00   0.0000e+00   2.8659e+02
20260823_20:00:00   1.8127e-01   4.9423e+01   2.0945e+01   0.0000e+00   0.0000e+00   2.8487e+02
20260823_21:00:00   1.9320e-01   5.2225e+01   2.2187e+01   2.8620e-04   0.0000e+00   2.8366e+02
20260823_22:00:00   2.1023e-01   5.6018e+01   2.3386e+01   1.0137e-02   3.4500e-05   2.8430e+02
20260823_23:00:00   4.2814e-01   9.8836e+01   2.5012e+01   2.4692e-01   6.7881e-03   2.8441e+02
20260824_00:00:00   5.8409e-01   1.2317e+02   2.7150e+01   4.0936e-01   2.5423e-01   2.8325e+02
20260824_01:00:00   3.1687e-01   7.7967e+01   2.6277e+01   1.1616e-01   4.3805e-01   2.8371e+02
20260824_02:00:00   1.9435e-01   5.2283e+01   2.3882e+01   1.5746e-04   1.5691e-01   2.8427e+02
20260824_03:00:00   2.0428e-01   5.4538e+01   2.4624e+01   9.2700e-04   3.5995e-03   2.8461e+02
20260824_04:00:00   2.0148e-01   5.3940e+01   2.4298e+01   1.3094e-03   4.4261e-02   2.8435e+02
20260824_05:00:00   2.0884e-01   5.5693e+01   2.5155e+01   0.0000e+00   2.8150e-02   2.8500e+02
20260824_06:00:00   2.0781e-01   5.5480e+01   2.4955e+01   0.0000e+00   2.0444e-03   2.8458e+02
20260824_07:00:00   2.0392e-01   5.4584e+01   2.4469e+01   0.0000e+00   0.0000e+00   2.8385e+02
20260824_08:00:00   2.0017e-01   5.3671e+01   2.4091e+01   0.0000e+00   0.0000e+00   2.8299e+02
20260824_09:00:00   2.0506e-01   5.4861e+01   2.4341e+01   0.0000e+00   0.0000e+00   2.8273e+02
20260824_10:00:00   1.9911e-01   5.3414e+01   2.3846e+01   0.0000e+00   2.5640e-06   2.8217e+02
20260824_11:00:00   1.9875e-01   5.3320e+01   2.3760e+01   0.0000e+00   0.0000e+00   2.8271e+02
20260824_12:00:00   2.0107e-01   5.3803e+01   2.4183e+01   0.0000e+00   3.9220e-06   2.8376e+02
20260824_13:00:00   2.0040e-01   5.3613e+01   2.4173e+01   0.0000e+00   9.7240e-06   2.8409e+02
20260824_14:00:00   2.0133e-01   5.3797e+01   2.4310e+01   0.0000e+00   8.7659e-03   2.8451e+02
20260824_15:00:00   2.0715e-01   5.5107e+01   2.4908e+01   0.0000e+00   5.5550e-02   2.8435e+02
20260824_16:00:00   2.1397e-01   5.6690e+01   2.5353e+01   0.0000e+00   1.6998e-01   2.8488e+02
20260824_17:00:00   2.1358e-01   5.6704e+01   2.4793e+01   0.0000e+00   1.2990e-01   2.8452e+02
20260824_18:00:00   2.0296e-01   5.4288e+01   2.3901e+01   0.0000e+00   1.3518e-01   2.8504e+02
20260824_19:00:00   2.0693e-01   5.5207e+01   2.4418e+01   0.0000e+00   8.7340e-02   2.8577e+02
20260824_20:00:00   2.1194e-01   5.6423e+01   2.4775e+01   0.0000e+00   8.1319e-02   2.8758e+02
20260824_21:00:00   2.1158e-01   5.6488e+01   2.4220e+01   0.0000e+00   1.3899e-01   2.8729e+02
20260824_22:00:00   1.9840e-01   5.3517e+01   2.2691e+01   0.0000e+00   1.0314e-01   2.8669e+02
20260824_23:00:00   1.8985e-01   5.1573e+01   2.1860e+01   0.0000e+00   3.1649e-02   2.8663e+02
20260825_00:00:00   1.8457e-01   5.0355e+01   2.1586e+01   0.0000e+00   3.1155e-02   2.8824e+02
20260825_01:00:00   1.9116e-01   5.1929e+01   2.2428e+01   0.0000e+00   1.5431e-02   2.8683e+02
20260825_02:00:00   2.0154e-01   5.4362e+01   2.3596e+01   1.9606e-06   1.0959e-02   2.8513e+02
20260825_03:00:00   2.0195e-01   5.4464e+01   2.3657e+01   0.0000e+00   3.1269e-03   2.8332e+02
20260825_04:00:00   1.9431e-01   5.2698e+01   2.2909e+01   0.0000e+00   1.2324e-04   2.8456e+02
20260825_05:00:00   1.9315e-01   5.2384e+01   2.2943e+01   0.0000e+00   1.2466e-05   2.8326e+02
20260825_06:00:00   1.9142e-01   5.1938e+01   2.2806e+01   0.0000e+00   7.8928e-04   2.8363e+02
20260825_07:00:00   1.8725e-01   5.0928e+01   2.2373e+01   0.0000e+00   1.4509e-03   2.8288e+02
20260825_08:00:00   1.8157e-01   4.9562e+01   2.1728e+01   0.0000e+00   1.7232e-03   2.8399e+02
20260825_09:00:00   1.8065e-01   4.9327e+01   2.1511e+01   0.0000e+00   2.2385e-03   2.8607e+02
20260825_10:00:00   1.8532e-01   5.0381e+01   2.2097e+01   0.0000e+00   1.0304e-03   2.8526e+02
20260825_11:00:00   1.8721e-01   5.0812e+01   2.2266e+01   0.0000e+00   1.7187e-04   2.8412e+02
20260825_12:00:00   1.8618e-01   5.0575e+01   2.2053e+01   0.0000e+00   2.2000e-05   2.8409e+02
20260825_13:00:00   1.8493e-01   5.0268e+01   2.1947e+01   0.0000e+00   0.0000e+00   2.8351e+02
20260825_14:00:00   1.7940e-01   4.8984e+01   2.1347e+01   0.0000e+00   0.0000e+00   2.8309e+02
20260825_15:00:00   1.7821e-01   4.8678e+01   2.1306e+01   0.0000e+00   0.0000e+00   2.8465e+02
20260825_16:00:00   1.7665e-01   4.8316e+01   2.1065e+01   0.0000e+00   0.0000e+00   2.8571e+02
20260825_17:00:00   1.7958e-01   4.9020e+01   2.1282e+01   0.0000e+00   0.0000e+00   2.8711e+02
20260825_18:00:00   1.7700e-01   4.8497e+01   2.0733e+01   0.0000e+00   0.0000e+00   2.8731e+02
20260825_19:00:00   1.8245e-01   4.9895e+01   2.1111e+01   0.0000e+00   0.0000e+00   2.8922e+02
20260825_20:00:00   1.8784e-01   5.1268e+01   2.1538e+01   0.0000e+00   0.0000e+00   2.8816e+02
20260825_21:00:00   1.9512e-01   5.3027e+01   2.2213e+01   0.0000e+00   0.0000e+00   2.8437e+02
20260825_22:00:00   2.0308e-01   5.4855e+01   2.3182e+01   1.7254e-04   0.0000e+00   2.8249e+02
20260825_23:00:00   2.1250e-01   5.7010e+01   2.4454e+01   1.9606e-06   0.0000e+00   2.8323e+02
20260826_00:00:00   2.0936e-01   5.6338e+01   2.4105e+01   5.7347e-04   0.0000e+00   2.8378e+02
20260826_03:00:00   2.0267e-01   5.4765e+01   2.3384e+01   0.0000e+00   2.5852e-02   2.8406e+02
20260826_06:00:00   1.9126e-01   5.2030e+01   2.2665e+01   0.0000e+00   9.2620e-06   2.8318e+02
20260826_09:00:00   2.0388e-01   5.4786e+01   2.3903e+01   0.0000e+00   8.3580e-04   2.8324e+02
20260826_12:00:00   1.9521e-01   5.2738e+01   2.2925e+01   0.0000e+00   0.0000e+00   2.8363e+02
20260826_15:00:00   1.8907e-01   5.1302e+01   2.2067e+01   0.0000e+00   0.0000e+00   2.8315e+02
20260826_18:00:00   1.7631e-01   4.8381e+01   2.0591e+01   0.0000e+00   0.0000e+00   2.8076e+02
20260826_21:00:00   1.7080e-01   4.7260e+01   1.9756e+01   0.0000e+00   0.0000e+00   2.7961e+02
20260827_00:00:00   1.6860e-01   4.6823e+01   1.9659e+01   0.0000e+00   2.7444e-05   2.7924e+02
20260827_03:00:00   1.9957e-01   5.3967e+01   2.3559e+01   0.0000e+00   2.0692e-03   2.8174e+02
20260827_06:00:00   1.8979e-01   5.1337e+01   2.3477e+01   0.0000e+00   2.6936e-03   2.8318e+02
20260827_09:00:00   1.8486e-01   5.0125e+01   2.3131e+01   0.0000e+00   3.7117e-03   2.8391e+02
20260827_12:00:00   2.7348e-01   6.8942e+01   2.3988e+01   8.7640e-02   6.2606e-02   2.8451e+02
20260827_15:00:00   2.0560e-01   5.4804e+01   2.3390e+01   1.2082e-02   2.1339e-03   2.8357e+02
20260827_18:00:00   1.8626e-01   5.0642e+01   2.2089e+01   0.0000e+00   0.0000e+00   2.8388e+02
20260827_21:00:00   1.8582e-01   5.0771e+01   2.1922e+01   0.0000e+00   0.0000e+00   2.8058e+02
20260828_00:00:00   1.8217e-01   5.0076e+01   2.1340e+01   0.0000e+00   0.0000e+00   2.8337e+02
20260828_03:00:00   2.0874e-01   5.6105e+01   2.4388e+01   0.0000e+00   5.2699e-04   2.8411e+02
20260828_06:00:00   1.9563e-01   5.2967e+01   2.3227e+01   6.4700e-05   5.8223e-03   2.8214e+02
20260828_09:00:00   1.7684e-01   4.8417e+01   2.1412e+01   2.6940e-04   1.0668e-02   2.8015e+02
20260828_12:00:00   2.1468e-01   5.6978e+01   2.6334e+01   5.4480e-04   6.2283e-03   2.8143e+02
20260828_15:00:00   2.1886e-01   5.7913e+01   2.6891e+01   1.6502e-04   1.3573e-02   2.8287e+02
20260828_18:00:00   2.1545e-01   5.7328e+01   2.5652e+01   0.0000e+00   1.7212e-03   2.7951e+02
20260828_21:00:00   2.0634e-01   5.5536e+01   2.4252e+01   0.0000e+00   8.2803e-05   2.8010e+02
20260829_00:00:00   2.0729e-01   5.5823e+01   2.4637e+01   0.0000e+00   2.6272e-04   2.7941e+02
20260829_03:00:00   5.9397e-01   1.2638e+02   3.2632e+01   3.7065e-01   4.2318e-01   2.7985e+02
20260829_06:00:00   2.1690e-01   5.7024e+01   2.7447e+01   0.0000e+00   5.7248e-01   2.8036e+02
20260829_09:00:00   1.9344e-01   5.1699e+01   2.4948e+01   2.9400e-05   3.0132e-02   2.8093e+02
20260829_12:00:00   2.1738e-01   5.7374e+01   2.7344e+01   2.5738e-04   3.1174e-02   2.8180e+02
20260829_15:00:00   2.2716e-01   5.9542e+01   2.8014e+01   1.5724e-03   1.3938e-03   2.8258e+02
20260829_18:00:00   2.1932e-01   5.8008e+01   2.6676e+01   0.0000e+00   5.4900e-05   2.7925e+02
20260829_21:00:00   2.1725e-01   5.7805e+01   2.6007e+01   0.0000e+00   0.0000e+00   2.7942e+02
20260830_00:00:00   2.2820e-01   6.0418e+01   2.5844e+01   9.8620e-03   0.0000e+00   2.7810e+02
20260830_03:00:00   2.2028e-01   5.8685e+01   2.5815e+01   1.4116e-03   1.3348e-03   2.7985e+02
20260830_06:00:00   2.0333e-01   5.4707e+01   2.4724e+01   0.0000e+00   7.4950e-03   2.8340e+02
20260830_09:00:00   1.9552e-01   5.2902e+01   2.3497e+01   0.0000e+00   2.2922e-03   2.8045e+02
20260830_12:00:00   2.1106e-01   5.6404e+01   2.4913e+01   0.0000e+00   5.4560e-03   2.8233e+02
20260830_15:00:00   2.0961e-01   5.5965e+01   2.5112e+01   0.0000e+00   0.0000e+00   2.8273e+02
20260830_18:00:00   2.2140e-01   5.8693e+01   2.6237e+01   0.0000e+00   0.0000e+00   2.8055e+02
20260830_21:00:00   2.4529e-01   6.4091e+01   2.8480e+01   2.7960e-03   1.2100e-04   2.8056e+02
20260831_00:00:00   4.8690e-01   1.0988e+02   2.8634e+01   2.7327e-01   1.0994e-02   2.8067e+02
20260831_03:00:00   2.6309e-01   6.7814e+01   2.9986e+01   1.0193e-02   1.3305e-02   2.8317e+02
20260831_06:00:00   1.8488e-01   5.0527e+01   2.1154e+01   0.0000e+00   5.6157e-03   2.8416e+02
20260831_09:00:00   1.9858e-01   5.3436e+01   2.3620e+01   0.0000e+00   3.4380e-04   2.8206e+02
20260831_12:00:00   2.6234e-01   6.7106e+01   2.6445e+01   4.5620e-02   3.6462e-04   2.7927e+02
20260831_15:00:00   2.4569e-01   6.3694e+01   2.9153e+01   3.3340e-05   2.3543e-01   2.8090e+02
20260831_18:00:00   2.3579e-01   6.1238e+01   2.9013e+01   0.0000e+00   3.2270e-01   2.7953e+02
20260831_21:00:00   2.8439e-01   7.1344e+01   2.9784e+01   4.7731e-02   6.8358e-02   2.8231e+02
20260901_00:00:00   2.4221e-01   6.2884e+01   2.9387e+01   0.0000e+00   3.7450e-05   2.8085e+02
20260901_03:00:00   2.2460e-01   5.9111e+01   2.6995e+01   0.0000e+00   1.3894e-05   2.8027e+02
20260901_06:00:00   2.1502e-01   5.7024e+01   2.5143e+01   0.0000e+00   0.0000e+00   2.8187e+02
20260901_09:00:00   1.9204e-01   5.1890e+01   2.1599e+01   0.0000e+00   2.1260e-04   2.8241e+02
20260901_12:00:00   1.9777e-01   5.3136e+01   2.2226e+01   0.0000e+00   0.0000e+00   2.7970e+02
20260901_15:00:00   2.1016e-01   5.5813e+01   2.4151e+01   0.0000e+00   0.0000e+00   2.8101e+02
20260901_18:00:00   2.2439e-01   5.8972e+01   2.5961e+01   0.0000e+00   6.8620e-06   2.8024e+02
20260901_21:00:00   2.4886e-01   6.4442e+01   2.9001e+01   0.0000e+00   4.3966e-04   2.7830e+02
20260902_00:00:00   2.5847e-01   6.6584e+01   3.0225e+01   1.0282e-03   0.0000e+00   2.7649e+02
20260902_03:00:00   2.4131e-01   6.2890e+01   2.8502e+01   0.0000e+00   0.0000e+00   2.8063e+02
20260902_06:00:00   2.2187e-01   5.8673e+01   2.5876e+01   0.0000e+00   0.0000e+00   2.7909e+02
20260902_09:00:00   2.2130e-01   5.8454e+01   2.5571e+01   0.0000e+00   3.4020e-05   2.7927e+02
20260902_12:00:00   2.4127e-01   6.2592e+01   2.8236e+01   0.0000e+00   2.2530e-04   2.7921e+02
20260902_15:00:00   2.3553e-01   6.1120e+01   2.8640e+01   1.5773e-04   1.5456e-03   2.8092e+02
20260902_18:00:00   2.2317e-01   5.8497e+01   2.6846e+01   0.0000e+00   3.6102e-04   2.7691e+02
20260902_21:00:00   2.8736e-01   7.2601e+01   3.1230e+01   2.5841e-02   0.0000e+00   2.7646e+02
20260903_00:00:00   2.5555e-01   6.6131e+01   2.9859e+01   0.0000e+00   0.0000e+00   2.7554e+02
20260903_03:00:00   2.5088e-01   6.5180e+01   2.8890e+01   2.3199e-03   0.0000e+00   2.7451e+02
20260903_06:00:00   2.5002e-01   6.4718e+01   2.9517e+01   0.0000e+00   0.0000e+00   2.7328e+02
20260903_09:00:00   2.4378e-01   6.3228e+01   2.8978e+01   9.5000e-04   5.4237e-03   2.7661e+02
20260903_12:00:00   3.6113e-01   8.6498e+01   3.3406e+01   9.2388e-02   2.7775e-01   2.7303e+02
20260903_15:00:00   2.6933e-01   6.8541e+01   3.2154e+01   0.0000e+00   1.1142e-02   2.7346e+02
20260903_18:00:00   2.8995e-01   7.2855e+01   3.2101e+01   2.0653e-02   6.5867e-03   2.7321e+02
20260903_21:00:00   2.8142e-01   7.1731e+01   2.9592e+01   2.1741e-02   1.1914e-04   2.7354e+02
20260904_00:00:00   6.6636e-01   1.3906e+02   3.2169e+01   4.5313e-01   1.0183e-03   2.7075e+02
20260904_03:00:00   9.0785e-01   1.6307e+02   3.2284e+01   7.5425e-01   9.8326e-01   2.7160e+02
20260904_06:00:00   1.9262e-01   5.1560e+01   2.3895e+01   0.0000e+00   1.1443e-01   2.7261e+02
20260904_09:00:00   7.0207e-01   1.4001e+02   2.7384e+01   5.3897e-01   4.2905e-02   2.7358e+02
20260904_12:00:00   4.3713e-01   9.9848e+01   3.0586e+01   2.1365e-01   1.0279e-01   2.7306e+02
20260904_15:00:00   2.7422e-01   6.9101e+01   2.9407e+01   3.6780e-02   9.9151e-03   2.7352e+02
20260904_18:00:00   2.3551e-01   6.1285e+01   2.7960e+01   0.0000e+00   0.0000e+00   2.7275e+02
20260904_21:00:00   2.3023e-01   6.0470e+01   2.6517e+01   0.0000e+00   0.0000e+00   2.7350e+02
20260905_00:00:00   2.1355e-01   5.7051e+01   2.3900e+01   0.0000e+00   0.0000e+00   2.7340e+02
20260905_03:00:00   2.1142e-01   5.6289e+01   2.5136e+01   0.0000e+00   9.2441e-03   2.7472e+02
20260905_06:00:00   2.1745e-01   5.7219e+01   2.6830e+01   0.0000e+00   2.0532e-02   2.7503e+02
20260905_09:00:00   2.3213e-01   6.0377e+01   2.8862e+01   0.0000e+00   8.3677e-03   2.7565e+02
20260905_12:00:00   2.4095e-01   6.2582e+01   2.8343e+01   0.0000e+00   9.0923e-05   2.7523e+02
20260905_15:00:00   2.2972e-01   6.0146e+01   2.7202e+01   0.0000e+00   6.3980e-04   2.7581e+02
20260905_18:00:00   2.2742e-01   5.9871e+01   2.5875e+01   8.0100e-07   3.9220e-06   2.7585e+02
20260905_21:00:00   2.5679e-01   6.6578e+01   2.7541e+01   9.1338e-03   0.0000e+00   2.7455e+02
20260906_00:00:00   2.7594e-01   7.0704e+01   2.9291e+01   1.6437e-02   2.3026e-03   2.7455e+02
