#            date       tau255        Tb[K]      pwv[mm] lwp[kg*m^-2] iwp[kg*m^-2]       o3[DU]
20261009_00:00:00   1.9593e-01   5.2016e+01   1.6356e+01   5.0824e-02   4.1184e-05   2.8030e+02
20261009_01:00:00   1.7059e-01   4.6260e+01   1.6256e+01   2.2541e-02   3.0074e-05   2.8036e+02
20261009_02:00:00   1.7850e-01   4.8027e+01   1.6215e+01   3.1976e-02   6.0286e-05   2.7975e+02
20261009_03:00:00   2.2621e-01   5.8412e+01   1.6240e+01   8.6240e-02   3.0908e-04   2.7846e+02
20261009_04:00:00   1.9212e-01   5.0968e+01   1.5831e+01   5.1243e-02   2.9006e-04   2.7818e+02
20261009_05:00:00   1.4803e-01   4.0973e+01   1.5434e+01   3.5080e-03   0.0000e+00   2.7747e+02
20261009_06:00:00   1.3847e-01   3.8735e+01   1.4593e+01   0.0000e+00   0.0000e+00   2.7656e+02
20261009_07:00:00   1.3808e-01   3.8630e+01   1.4574e+01   0.0000e+00   0.0000e+00   2.7561e+02
20261009_08:00:00   1.4440e-01   4.0123e+01   1.5214e+01   1.1478e-03   4.9160e-06   2.7424e+02
20261009_09:00:00   1.5414e-01   4.2383e+01   1.5724e+01   7.1040e-03   3.3200e-05   2.7179e+02
20261009_10:00:00   1.5715e-01   4.3056e+01   1.5627e+01   1.1324e-02   3.7360e-05   2.6988e+02
20261009_11:00:00   1.4521e-01   4.0258e+01   1.5121e+01   2.4837e-03   4.7060e-06   2.7122e+02
20261009_12:00:00   1.5120e-01   4.1644e+01   1.5247e+01   8.5772e-03   2.8438e-05   2.7324e+02
20261009_13:00:00   1.7861e-01   4.7838e+01   1.5492e+01   3.7503e-02   3.3696e-04   2.7490e+02
20261009_14:00:00   1.8767e-01   4.9833e+01   1.5489e+01   4.7682e-02   2.4601e-03   2.7440e+02
20261009_15:00:00   1.7489e-01   4.6966e+01   1.5656e+01   3.1887e-02   7.6050e-03   2.7505e+02
20261009_16:00:00   1.6667e-01   4.5112e+01   1.5837e+01   2.1200e-02   1.5253e-03   2.7538e+02
20261009_17:00:00   1.5935e-01   4.3469e+01   1.6037e+01   1.0986e-02   1.0204e-03   2.7659e+02
20261009_18:00:00   1.5312e-01   4.2089e+01   1.6054e+01   2.9820e-03   7.7800e-05   2.7725e+02
20261009_19:00:00   1.5043e-01   4.1499e+01   1.6002e+01   0.0000e+00   0.0000e+00   2.7682e+02
20261009_20:00:00   1.6352e-01   4.4405e+01   1.6591e+01   1.1997e-02   4.0080e-04   2.7550e+02
20261009_21:00:00   1.8350e-01   4.8871e+01   1.6757e+01   3.4380e-02   7.7400e-03   2.7489e+02
20261009_22:00:00   2.7811e-01   6.8852e+01   1.6868e+01   1.4084e-01   3.4032e-02   2.7543e+02
20261009_23:00:00   4.6778e-01   1.0351e+02   1.7782e+01   3.4725e-01   1.0874e-01   2.7524e+02
20261010_00:00:00   2.3903e-01   6.0873e+01   1.7861e+01   8.8493e-02   4.3574e-02   2.7540e+02
20261010_01:00:00   4.2301e-01   9.6409e+01   1.8302e+01   2.9167e-01   2.8693e-02   2.7562e+02
20261010_02:00:00   5.8739e-01   1.2282e+02   2.0126e+01   4.5977e-01   1.2952e-01   2.7461e+02
20261010_03:00:00   4.1562e-01   9.4968e+01   1.9900e+01   2.6865e-01   1.2209e-01   2.7423e+02
20261010_04:00:00   6.0087e-01   1.2425e+02   2.0005e+01   4.7438e-01   2.1451e-01   2.7408e+02
20261010_05:00:00   2.1549e-01   5.5774e+01   1.8631e+01   5.4537e-02   1.0992e-01   2.7393e+02
20261010_06:00:00   1.5293e-01   4.1949e+01   1.6754e+01   4.6320e-05   3.2412e-03   2.7369e+02
20261010_07:00:00   1.4274e-01   3.9571e+01   1.5197e+01   0.0000e+00   2.8526e-04   2.7330e+02
20261010_08:00:00   1.4065e-01   3.9029e+01   1.5194e+01   0.0000e+00   3.8239e-04   2.7407e+02
20261010_09:00:00   1.4208e-01   3.9287e+01   1.5721e+01   0.0000e+00   4.2622e-04   2.7235e+02
20261010_10:00:00   1.5239e-01   4.1673e+01   1.7124e+01   0.0000e+00   2.2242e-03   2.6992e+02
20261010_11:00:00   1.5597e-01   4.2553e+01   1.7329e+01   0.0000e+00   1.2540e-05   2.7013e+02
20261010_12:00:00   1.5945e-01   4.3397e+01   1.7710e+01   1.8258e-04   1.8588e-04   2.6920e+02
20261010_13:00:00   1.5844e-01   4.3156e+01   1.7698e+01   0.0000e+00   6.0830e-05   2.6702e+02
20261010_14:00:00   1.6218e-01   4.3918e+01   1.8714e+01   1.5198e-04   7.3560e-03   2.6639e+02
20261010_15:00:00   1.7480e-01   4.6726e+01   2.0691e+01   3.7560e-04   1.5481e-02   2.6761e+02
20261010_16:00:00   1.8796e-01   4.9707e+01   2.2139e+01   2.8864e-03   2.1879e-02   2.6650e+02
20261010_17:00:00   1.9464e-01   5.1285e+01   2.3117e+01   0.0000e+00   5.9343e-02   2.6561e+02
20261010_18:00:00   2.0086e-01   5.2711e+01   2.3812e+01   0.0000e+00   5.0418e-02   2.6643e+02
20261010_19:00:00   2.0344e-01   5.3296e+01   2.4169e+01   0.0000e+00   3.7590e-02   2.6763e+02
20261010_20:00:00   2.0062e-01   5.2699e+01   2.3778e+01   0.0000e+00   2.8829e-02   2.6847e+02
20261010_21:00:00   2.0711e-01   5.4299e+01   2.3784e+01   2.9840e-03   1.5400e-02   2.6889e+02
20261010_22:00:00   2.8368e-01   7.0861e+01   2.4796e+01   8.0281e-02   1.1743e-02   2.6965e+02
20261010_23:00:00   5.6545e-01   1.2027e+02   2.4052e+01   4.1351e-01   1.0549e-01   2.7006e+02
20261011_00:00:00   3.3786e-01   8.1107e+01   2.5507e+01   1.3596e-01   5.4244e-01   2.7114e+02
20261011_01:00:00   1.9596e-01   5.1904e+01   2.1998e+01   6.6002e-03   7.7119e-02   2.7062e+02
20261011_02:00:00   1.9356e-01   5.1622e+01   2.0357e+01   6.5320e-03   2.2523e-04   2.7018e+02
20261011_03:00:00   1.7670e-01   4.7704e+01   1.9234e+01   0.0000e+00   4.0060e-06   2.7084e+02
20261011_04:00:00   1.8255e-01   4.8900e+01   2.0742e+01   0.0000e+00   1.5722e-04   2.7097e+02
20261011_05:00:00   1.7218e-01   4.6454e+01   1.9457e+01   0.0000e+00   0.0000e+00   2.7059e+02
20261011_06:00:00   1.6359e-01   4.4489e+01   1.8088e+01   0.0000e+00   0.0000e+00   2.6923e+02
20261011_07:00:00   1.4801e-01   4.0815e+01   1.5915e+01   0.0000e+00   0.0000e+00   2.6846e+02
20261011_08:00:00   1.5960e-01   4.3411e+01   1.7991e+01   0.0000e+00   0.0000e+00   2.6617e+02
20261011_09:00:00   1.7276e-01   4.6425e+01   1.9555e+01   0.0000e+00   0.0000e+00   2.6522e+02
20261011_10:00:00   1.8553e-01   4.9343e+01   2.0728e+01   0.0000e+00   0.0000e+00   2.6608e+02
20261011_11:00:00   1.7227e-01   4.6412e+01   1.8289e+01   7.4890e-06   0.0000e+00   2.6857e+02
20261011_12:00:00   1.6764e-01   4.5364e+01   1.7382e+01   3.3675e-04   0.0000e+00   2.6842e+02
20261011_13:00:00   1.5729e-01   4.2864e+01   1.6729e+01   2.5011e-06   0.0000e+00   2.6765e+02
20261011_14:00:00   1.5173e-01   4.1431e+01   1.6634e+01   0.0000e+00   0.0000e+00   2.6795e+02
20261011_15:00:00   2.0308e-01   5.3342e+01   1.8872e+01   3.6839e-02   0.0000e+00   2.6848e+02
20261011_16:00:00   2.6080e-01   6.6160e+01   1.9946e+01   8.4968e-02   0.0000e+00   2.6740e+02
20261011_17:00:00   4.3795e-01   1.0138e+02   1.9962e+01   2.9412e-01   0.0000e+00   2.6633e+02
20261011_18:00:00   6.8052e-01   1.4101e+02   1.9083e+01   5.9888e-01   0.0000e+00   2.6561e+02
20261011_19:00:00   5.8061e-01   1.2633e+02   1.7726e+01   4.9209e-01   0.0000e+00   2.6498e+02
20261011_20:00:00   4.2806e-01   1.0038e+02   1.6366e+01   3.1850e-01   0.0000e+00   2.6394e+02
20261011_21:00:00   2.5749e-01   6.6101e+01   1.5172e+01   1.2022e-01   0.0000e+00   2.6350e+02
20261011_22:00:00   3.2313e-01   7.9926e+01   1.3804e+01   2.1314e-01   0.0000e+00   2.6356e+02
20261011_23:00:00   1.5416e-01   4.2386e+01   1.2352e+01   2.3057e-02   0.0000e+00   2.6563e+02
20261012_00:00:00   1.4840e-01   4.1020e+01   1.0532e+01   3.3707e-02   0.0000e+00   2.6377e+02
20261012_01:00:00   1.0385e-01   2.9993e+01   8.7101e+00   1.9248e-04   0.0000e+00   2.6344e+02
20261012_02:00:00   1.0157e-01   2.9414e+01   8.4551e+00   2.9400e-05   0.0000e+00   2.6494e+02
20261012_03:00:00   1.0856e-01   3.1167e+01   8.8725e+00   3.5060e-03   0.0000e+00   2.6545e+02
20261012_04:00:00   1.6599e-01   4.5232e+01   8.9385e+00   7.2940e-02   0.0000e+00   2.6478e+02
20261012_05:00:00   1.4623e-01   4.0448e+01   9.0066e+00   4.8920e-02   0.0000e+00   2.6411e+02
20261012_06:00:00   1.3821e-01   3.8482e+01   9.6163e+00   3.4320e-02   0.0000e+00   2.6292e+02
20261012_07:00:00   1.2520e-01   3.5256e+01   9.7039e+00   1.9644e-02   0.0000e+00   2.6232e+02
20261012_08:00:00   1.0952e-01   3.1302e+01   9.8222e+00   0.0000e+00   0.0000e+00   2.6337e+02
20261012_09:00:00   1.1017e-01   3.1445e+01   9.9308e+00   0.0000e+00   0.0000e+00   2.6330e+02
20261012_10:00:00   1.1650e-01   3.2988e+01   1.0642e+01   0.0000e+00   0.0000e+00   2.6131e+02
20261012_11:00:00   1.2129e-01   3.4163e+01   1.1119e+01   0.0000e+00   0.0000e+00   2.6031e+02
20261012_12:00:00   1.2428e-01   3.4908e+01   1.1432e+01   0.0000e+00   0.0000e+00   2.6092e+02
20261012_13:00:00   1.2583e-01   3.5308e+01   1.1423e+01   2.8820e-04   0.0000e+00   2.6168e+02
20261012_14:00:00   1.6900e-01   4.5714e+01   1.1732e+01   4.7640e-02   0.0000e+00   2.6111e+02
20261012_15:00:00   2.5214e-01   6.4466e+01   1.2049e+01   1.4430e-01   0.0000e+00   2.6156e+02
20261012_16:00:00   1.3740e-01   3.8096e+01   1.0850e+01   2.0501e-02   0.0000e+00   2.6218e+02
20261012_17:00:00   1.2911e-01   3.6068e+01   1.1354e+01   4.4920e-03   0.0000e+00   2.6160e+02
20261012_18:00:00   1.2304e-01   3.4599e+01   1.0994e+01   1.3241e-03   0.0000e+00   2.6165e+02
20261012_19:00:00   1.1586e-01   3.2846e+01   1.0156e+01   8.2708e-04   0.0000e+00   2.6149e+02
20261012_20:00:00   1.2475e-01   3.5025e+01   1.1176e+01   7.2040e-04   0.0000e+00   2.6126e+02
20261012_21:00:00   1.2375e-01   3.4764e+01   1.1284e+01   0.0000e+00   0.0000e+00   2.6116e+02
20261012_22:00:00   1.2206e-01   3.4333e+01   1.1058e+01   3.0880e-04   0.0000e+00   2.6042e+02
20261012_23:00:00   1.7622e-01   4.7226e+01   1.1266e+01   6.1456e-02   0.0000e+00   2.6032e+02
20261013_00:00:00   1.6579e-01   4.4771e+01   1.1464e+01   4.7220e-02   0.0000e+00   2.5897e+02
20261013_01:00:00   1.3211e-01   3.6730e+01   1.0547e+01   1.8328e-02   0.0000e+00   2.5857e+02
20261013_02:00:00   1.1439e-01   3.2410e+01   9.7246e+00   6.1760e-03   0.0000e+00   2.5801e+02
20261013_03:00:00   1.0761e-01   3.0727e+01   9.5274e+00   0.0000e+00   0.0000e+00   2.5742e+02
20261013_04:00:00   1.0971e-01   3.1239e+01   9.7524e+00   0.0000e+00   0.0000e+00   2.5772e+02
20261013_05:00:00   1.1713e-01   3.3047e+01   1.0475e+01   1.7780e-04   0.0000e+00   2.5738e+02
20261013_06:00:00   1.2482e-01   3.4917e+01   1.0818e+01   4.9120e-03   0.0000e+00   2.5727e+02
20261013_07:00:00   1.2004e-01   3.3737e+01   1.0649e+01   2.1920e-03   0.0000e+00   2.5665e+02
20261013_08:00:00   1.2033e-01   3.3805e+01   1.0792e+01   0.0000e+00   0.0000e+00   2.5652e+02
20261013_09:00:00   1.2255e-01   3.4326e+01   1.1148e+01   0.0000e+00   0.0000e+00   2.5696e+02
20261013_10:00:00   1.2658e-01   3.5293e+01   1.1821e+01   0.0000e+00   0.0000e+00   2.5725e+02
20261013_11:00:00   1.4315e-01   3.9274e+01   1.3824e+01   0.0000e+00   0.0000e+00   2.5600e+02
20261013_12:00:00   1.7192e-01   4.6059e+01   1.4455e+01   2.4377e-02   0.0000e+00   2.5511e+02
20261013_13:00:00   3.7103e-01   8.8151e+01   1.5219e+01   2.4506e-01   0.0000e+00   2.5682e+02
20261013_14:00:00   4.7123e-01   1.0633e+02   1.4598e+01   3.6798e-01   0.0000e+00   2.5723e+02
20261013_15:00:00   9.4896e-01   1.7211e+02   1.5335e+01   9.2016e-01   0.0000e+00   2.5610e+02
20261013_16:00:00   1.2512e+00   2.0061e+02   1.5635e+01   1.2782e+00   0.0000e+00   2.5681e+02
20261013_17:00:00   1.3637e+00   2.0883e+02   1.5722e+01   1.4049e+00   0.0000e+00   2.5732e+02
20261013_18:00:00   1.5021e+00   2.1857e+02   1.5278e+01   1.5790e+00   1.2110e-05   2.5775e+02
20261013_19:00:00   1.2928e+00   2.0413e+02   1.4388e+01   1.3425e+00   0.0000e+00   2.5855e+02
20261013_20:00:00   9.1091e-01   1.6835e+02   1.2392e+01   9.1070e-01   0.0000e+00   2.5893e+02
20261013_21:00:00   8.3933e-01   1.5992e+02   1.1237e+01   8.3539e-01   0.0000e+00   2.5918e+02
20261013_22:00:00   8.4429e-01   1.5992e+02   1.1157e+01   8.3433e-01   0.0000e+00   2.5941e+02
20261013_23:00:00   8.3177e-01   1.5831e+02   1.0576e+01   8.2380e-01   0.0000e+00   2.5843e+02
20261014_00:00:00   3.8247e-01   9.0340e+01   9.5723e+00   3.1250e-01   0.0000e+00   2.6229e+02
20261014_03:00:00   3.4779e-01   8.3073e+01   9.6213e+00   2.6992e-01   0.0000e+00   2.6493e+02
20261014_06:00:00   9.5717e-02   2.7498e+01   7.0338e+00   6.5960e-03   0.0000e+00   2.6244e+02
20261014_09:00:00   7.0882e-02   2.1181e+01   4.8407e+00   0.0000e+00   0.0000e+00   2.6512e+02
20261014_12:00:00   6.8469e-02   2.0538e+01   4.4975e+00   0.0000e+00   0.0000e+00   2.6765e+02
20261014_15:00:00   6.5115e-02   1.9671e+01   3.9896e+00   0.0000e+00   0.0000e+00   2.6864e+02
20261014_18:00:00   7.4035e-02   2.2002e+01   4.9480e+00   0.0000e+00   0.0000e+00   2.7036e+02
20261014_21:00:00   7.0343e-02   2.1103e+01   4.7705e+00   0.0000e+00   0.0000e+00   2.6664e+02
20261015_00:00:00   8.2668e-02   2.4302e+01   6.7720e+00   0.0000e+00   0.0000e+00   2.6616e+02
20261015_03:00:00   8.0392e-02   2.3732e+01   6.6211e+00   0.0000e+00   0.0000e+00   2.6831e+02
20261015_06:00:00   7.7137e-02   2.2912e+01   6.1679e+00   0.0000e+00   0.0000e+00   2.6880e+02
20261015_09:00:00   7.3269e-02   2.1920e+01   5.5058e+00   0.0000e+00   0.0000e+00   2.6708e+02
20261015_12:00:00   7.3087e-02   2.1854e+01   5.4539e+00   0.0000e+00   0.0000e+00   2.6859e+02
20261015_15:00:00   7.6594e-02   2.2730e+01   5.9819e+00   0.0000e+00   0.0000e+00   2.6892e+02
20261015_18:00:00   7.7588e-02   2.3049e+01   5.8126e+00   0.0000e+00   0.0000e+00   2.7478e+02
20261015_21:00:00   8.2100e-02   2.4211e+01   6.3886e+00   0.0000e+00   0.0000e+00   2.7420e+02
20261016_00:00:00   7.6351e-02   2.2742e+01   5.5619e+00   0.0000e+00   0.0000e+00   2.7677e+02
20261016_03:00:00   7.2491e-02   2.1763e+01   5.1056e+00   0.0000e+00   0.0000e+00   2.7554e+02
20261016_06:00:00   7.7890e-02   2.3206e+01   5.7863e+00   0.0000e+00   0.0000e+00   2.7493e+02
20261016_09:00:00   6.5453e-02   1.9972e+01   4.0843e+00   0.0000e+00   0.0000e+00   2.7505e+02
20261016_12:00:00   6.6947e-02   2.0397e+01   4.2863e+00   0.0000e+00   0.0000e+00   2.7538e+02
20261016_15:00:00   6.5486e-02   2.0009e+01   4.1131e+00   0.0000e+00   0.0000e+00   2.7495e+02
20261016_18:00:00   6.8323e-02   2.0759e+01   4.4999e+00   0.0000e+00   0.0000e+00   2.7416e+02
20261016_21:00:00   7.5493e-02   2.2656e+01   5.5987e+00   0.0000e+00   0.0000e+00   2.7344e+02
20261017_00:00:00   8.0377e-02   2.3938e+01   6.3860e+00   0.0000e+00   0.0000e+00   2.7114e+02
20261017_03:00:00   7.3004e-02   2.2029e+01   5.3021e+00   0.0000e+00   0.0000e+00   2.7062e+02
20261017_06:00:00   6.2020e-02   1.9131e+01   3.6101e+00   0.0000e+00   0.0000e+00   2.6991e+02
20261017_09:00:00   5.6635e-02   1.7702e+01   2.7382e+00   0.0000e+00   0.0000e+00   2.6948e+02
20261017_12:00:00   5.6343e-02   1.7622e+01   2.6822e+00   0.0000e+00   0.0000e+00   2.6862e+02
20261017_15:00:00   5.8338e-02   1.8156e+01   2.9357e+00   0.0000e+00   0.0000e+00   2.6882e+02
20261017_18:00:00   5.6489e-02   1.7653e+01   2.6281e+00   0.0000e+00   0.0000e+00   2.7136e+02
20261017_21:00:00   5.7910e-02   1.8028e+01   2.8046e+00   0.0000e+00   0.0000e+00   2.6801e+02
20261018_00:00:00   5.9463e-02   1.8457e+01   3.0116e+00   0.0000e+00   0.0000e+00   2.6655e+02
20261018_03:00:00   5.7702e-02   1.7996e+01   2.7125e+00   0.0000e+00   0.0000e+00   2.6575e+02
20261018_06:00:00   5.5459e-02   1.7402e+01   2.3652e+00   0.0000e+00   0.0000e+00   2.6637e+02
20261018_09:00:00   6.6729e-02   2.0400e+01   4.0594e+00   0.0000e+00   0.0000e+00   2.6819e+02
20261018_12:00:00   7.2239e-02   2.1855e+01   4.7671e+00   0.0000e+00   0.0000e+00   2.6822e+02
20261018_15:00:00   7.2715e-02   2.1968e+01   4.8367e+00   0.0000e+00   0.0000e+00   2.6750e+02
20261018_18:00:00   7.4499e-02   2.2433e+01   5.0978e+00   0.0000e+00   0.0000e+00   2.6872e+02
20261018_21:00:00   8.0999e-02   2.4131e+01   6.0079e+00   0.0000e+00   0.0000e+00   2.6952e+02
20261019_00:00:00   9.2284e-02   2.7021e+01   7.5745e+00   0.0000e+00   0.0000e+00   2.6960e+02
20261019_03:00:00   8.6696e-02   2.5579e+01   6.8499e+00   0.0000e+00   0.0000e+00   2.6923e+02
20261019_06:00:00   7.8814e-02   2.3545e+01   5.7982e+00   0.0000e+00   0.0000e+00   2.6873e+02
20261019_09:00:00   7.7174e-02   2.3094e+01   5.6330e+00   0.0000e+00   0.0000e+00   2.6876e+02
20261019_12:00:00   8.0524e-02   2.3932e+01   6.1526e+00   0.0000e+00   0.0000e+00   2.6897e+02
20261019_15:00:00   8.4704e-02   2.4996e+01   6.7404e+00   0.0000e+00   0.0000e+00   2.6915e+02
20261019_18:00:00   8.8810e-02   2.6054e+01   7.2627e+00   0.0000e+00   0.0000e+00   2.6894e+02
20261019_21:00:00   9.5016e-02   2.7659e+01   8.0881e+00   0.0000e+00   0.0000e+00   2.6803e+02
20261020_00:00:00   1.0355e-01   2.9794e+01   9.3354e+00   0.0000e+00   0.0000e+00   2.6737e+02
20261020_03:00:00   1.0809e-01   3.0900e+01   9.9166e+00   0.0000e+00   0.0000e+00   2.6898e+02
20261020_06:00:00   1.0919e-01   3.1178e+01   1.0080e+01   0.0000e+00   0.0000e+00   2.7082e+02
20261020_09:00:00   1.2229e-01   3.4330e+01   1.1784e+01   0.0000e+00   0.0000e+00   2.6799e+02
20261020_12:00:00   1.2967e-01   3.6044e+01   1.2401e+01   3.1660e-03   1.0764e-05   2.6989e+02
20261020_15:00:00   1.3869e-01   3.8124e+01   1.3222e+01   5.6020e-03   7.7832e-05   2.7029e+02
20261020_18:00:00   1.5527e-01   4.2002e+01   1.3579e+01   2.0735e-02   5.5504e-05   2.7133e+02
20261020_21:00:00   1.5298e-01   4.1401e+01   1.2933e+01   2.3763e-02   3.9231e-04   2.7105e+02
20261021_00:00:00   1.9297e-01   5.0302e+01   1.2611e+01   7.4773e-02   3.7126e-03   2.6977e+02
20261021_03:00:00   1.9941e-01   5.1629e+01   1.2610e+01   8.1917e-02   4.5704e-03   2.6940e+02
20261021_06:00:00   1.0672e-01   3.0277e+01   9.8192e+00   0.0000e+00   0.0000e+00   2.7221e+02
20261021_09:00:00   8.3860e-02   2.4555e+01   6.6198e+00   0.0000e+00   0.0000e+00   2.7173e+02
20261021_12:00:00   8.7087e-02   2.5381e+01   6.9910e+00   0.0000e+00   0.0000e+00   2.7199e+02
20261021_15:00:00   9.3527e-02   2.6853e+01   8.6067e+00   0.0000e+00   1.8526e-05   2.7000e+02
20261021_18:00:00   1.0336e-01   2.9248e+01   1.0122e+01   0.0000e+00   4.5500e-04   2.6985e+02
20261021_21:00:00   1.2435e-01   3.4395e+01   1.2815e+01   0.0000e+00   0.0000e+00   2.6816e+02
20261022_00:00:00   1.1411e-01   3.1886e+01   1.1440e+01   0.0000e+00   1.0553e-03   2.6818e+02
20261022_03:00:00   9.7070e-02   2.7857e+01   8.3748e+00   0.0000e+00   0.0000e+00   2.7144e+02
20261022_06:00:00   9.1774e-02   2.6485e+01   7.6712e+00   0.0000e+00   0.0000e+00   2.6843e+02
20261022_09:00:00   8.8114e-02   2.5488e+01   7.2054e+00   0.0000e+00   0.0000e+00   2.6643e+02
20261022_12:00:00   8.9208e-02   2.5756e+01   7.1741e+00   0.0000e+00   0.0000e+00   2.6837e+02
20261022_15:00:00   7.6524e-02   2.2534e+01   5.3440e+00   0.0000e+00   0.0000e+00   2.6914e+02
20261022_18:00:00   6.4980e-02   1.9653e+01   3.5217e+00   0.0000e+00   0.0000e+00   2.6915e+02
20261022_21:00:00   6.3052e-02   1.9173e+01   3.3731e+00   0.0000e+00   0.0000e+00   2.6403e+02
20261023_00:00:00   6.0655e-02   1.8567e+01   3.1049e+00   0.0000e+00   0.0000e+00   2.6258e+02
20261023_03:00:00   5.1779e-02   1.6192e+01   1.9548e+00   0.0000e+00   3.0914e-03   2.6128e+02
20261023_06:00:00   5.5543e-02   1.7020e+01   2.9454e+00   0.0000e+00   9.9243e-02   2.5854e+02
20261023_09:00:00   6.0706e-02   1.8348e+01   3.8124e+00   0.0000e+00   1.2841e-01   2.5586e+02
20261023_12:00:00   5.8455e-02   1.7812e+01   3.4209e+00   0.0000e+00   1.2967e-02   2.5528e+02
20261023_15:00:00   9.1375e-02   2.5990e+01   8.9317e+00   0.0000e+00   5.5589e-03   2.5458e+02
20261023_18:00:00   1.0960e-01   3.0390e+01   1.1560e+01   0.0000e+00   1.3192e-01   2.5345e+02
20261023_21:00:00   1.1439e-01   3.1612e+01   1.2307e+01   4.2540e-04   7.0509e-03   2.5361e+02
20261024_00:00:00   1.1535e-01   3.2011e+01   1.1701e+01   2.0198e-04   8.7957e-05   2.5571e+02
20261024_03:00:00   1.0778e-01   3.0239e+01   1.0387e+01   1.1116e-04   5.9521e-04   2.5348e+02
20261024_06:00:00   9.1103e-02   2.6271e+01   7.9446e+00   0.0000e+00   0.0000e+00   2.5214e+02
20261024_09:00:00   8.2630e-02   2.4157e+01   6.8170e+00   0.0000e+00   0.0000e+00   2.5250e+02
20261024_12:00:00   8.5477e-02   2.4855e+01   7.2871e+00   0.0000e+00   0.0000e+00   2.5200e+02
20261024_15:00:00   8.1991e-02   2.4018e+01   6.6058e+00   0.0000e+00   0.0000e+00   2.5411e+02
20261024_18:00:00   7.7513e-02   2.2904e+01   5.9870e+00   0.0000e+00   0.0000e+00   2.5281e+02
20261024_21:00:00   7.6545e-02   2.2692e+01   5.8157e+00   0.0000e+00   1.9702e-04   2.5228e+02
20261025_00:00:00   7.7439e-02   2.2925e+01   5.9510e+00   0.0000e+00   1.9682e-03   2.5235e+02
