#            date       tau255        Tb[K]      pwv[mm] lwp[kg*m^-2] iwp[kg*m^-2]       o3[DU]
20260810_00:00:00   2.0554e-01   5.4794e+01   2.1541e+01   2.6346e-02   2.3620e-04   3.0169e+02
20260810_01:00:00   2.6639e-01   6.7686e+01   2.3145e+01   8.0253e-02   3.6202e-02   3.0272e+02
20260810_02:00:00   3.2731e-01   7.9839e+01   2.4067e+01   1.4000e-01   4.9833e-02   3.0457e+02
20260810_03:00:00   2.1071e-01   5.6028e+01   2.4113e+01   7.5374e-03   1.4496e-02   3.0533e+02
20260810_04:00:00   2.3820e-01   6.2175e+01   2.6648e+01   1.0358e-02   5.2834e-03   3.0444e+02
20260810_05:00:00   2.9711e-01   7.4192e+01   3.0240e+01   4.7135e-02   1.8941e-01   3.0322e+02
20260810_06:00:00   2.2985e-01   5.9882e+01   2.7702e+01   3.5900e-03   4.8371e-01   3.0553e+02
20260810_07:00:00   2.0222e-01   5.3920e+01   2.3883e+01   4.6780e-03   1.6156e-02   3.0858e+02
20260810_08:00:00   1.8497e-01   5.0184e+01   2.1208e+01   0.0000e+00   2.8342e-04   3.0673e+02
20260810_09:00:00   1.8954e-01   5.1217e+01   2.1570e+01   0.0000e+00   4.8227e-04   3.0620e+02
20260810_10:00:00   1.8394e-01   4.9893e+01   2.1011e+01   0.0000e+00   8.2370e-05   3.0331e+02
20260810_11:00:00   1.8412e-01   4.9879e+01   2.0991e+01   0.0000e+00   0.0000e+00   3.0213e+02
20260810_12:00:00   1.8494e-01   5.0061e+01   2.0942e+01   0.0000e+00   0.0000e+00   3.0295e+02
20260810_13:00:00   1.8886e-01   5.0976e+01   2.1263e+01   0.0000e+00   0.0000e+00   3.0401e+02
20260810_14:00:00   1.8721e-01   5.0613e+01   2.1037e+01   0.0000e+00   0.0000e+00   3.0572e+02
20260810_15:00:00   1.7998e-01   4.8940e+01   2.0351e+01   0.0000e+00   0.0000e+00   3.0744e+02
20260810_16:00:00   1.7574e-01   4.7938e+01   1.9877e+01   0.0000e+00   0.0000e+00   3.0729e+02
20260810_17:00:00   1.7619e-01   4.8062e+01   1.9792e+01   0.0000e+00   0.0000e+00   3.0520e+02
20260810_18:00:00   1.9019e-01   5.1390e+01   2.1053e+01   0.0000e+00   0.0000e+00   3.0493e+02
20260810_19:00:00   2.0111e-01   5.3953e+01   2.2173e+01   0.0000e+00   0.0000e+00   3.0426e+02
20260810_20:00:00   2.0897e-01   5.5790e+01   2.3000e+01   0.0000e+00   0.0000e+00   3.0271e+02
20260810_21:00:00   2.3413e-01   6.1389e+01   2.4553e+01   1.2490e-02   0.0000e+00   3.0142e+02
20260810_22:00:00   4.7441e-01   1.0790e+02   2.6241e+01   2.7571e-01   5.5960e-05   3.0247e+02
20260810_23:00:00   5.8113e-01   1.2518e+02   2.7350e+01   3.8625e-01   3.1402e-02   3.0231e+02
20260811_00:00:00   4.3965e-01   1.0161e+02   2.5729e+01   2.4401e-01   3.1196e-01   2.9937e+02
20260811_01:00:00   6.4177e-01   1.3268e+02   2.9555e+01   4.4721e-01   4.7163e-01   2.9609e+02
20260811_02:00:00   2.3186e-01   6.0371e+01   2.7791e+01   9.8890e-04   3.6741e-01   2.9799e+02
20260811_03:00:00   3.7460e-01   8.8632e+01   3.0475e+01   1.3896e-01   9.6070e-01   2.9594e+02
20260811_04:00:00   2.4000e-01   6.1600e+01   2.8468e+01   3.3656e-03   1.1232e+00   2.9948e+02
20260811_05:00:00   1.8937e-01   5.0729e+01   2.2647e+01   0.0000e+00   2.0326e-01   3.0190e+02
20260811_06:00:00   1.8663e-01   5.0309e+01   2.1930e+01   0.0000e+00   7.9182e-02   3.0358e+02
20260811_07:00:00   1.7538e-01   4.7764e+01   2.0474e+01   0.0000e+00   1.2612e-02   3.0258e+02
20260811_08:00:00   1.8049e-01   4.8915e+01   2.0968e+01   0.0000e+00   6.3409e-03   3.0347e+02
20260811_09:00:00   1.7896e-01   4.8599e+01   2.0609e+01   0.0000e+00   1.4752e-03   3.0360e+02
20260811_10:00:00   1.9275e-01   5.1732e+01   2.2104e+01   0.0000e+00   2.7220e-03   3.0190e+02
20260811_11:00:00   1.9732e-01   5.2775e+01   2.2513e+01   0.0000e+00   1.3300e-03   3.0349e+02
20260811_12:00:00   2.0022e-01   5.3425e+01   2.2889e+01   0.0000e+00   9.3640e-04   3.0364e+02
20260811_13:00:00   1.9812e-01   5.2958e+01   2.2734e+01   0.0000e+00   6.6440e-04   3.0390e+02
20260811_14:00:00   1.9840e-01   5.3070e+01   2.2609e+01   0.0000e+00   1.7064e-04   3.0254e+02
20260811_15:00:00   1.9975e-01   5.3417e+01   2.2438e+01   0.0000e+00   3.5620e-06   3.0161e+02
20260811_16:00:00   1.9514e-01   5.2414e+01   2.1621e+01   0.0000e+00   0.0000e+00   3.0280e+02
20260811_17:00:00   1.9835e-01   5.3132e+01   2.1975e+01   0.0000e+00   0.0000e+00   3.0585e+02
20260811_18:00:00   2.0584e-01   5.4816e+01   2.2783e+01   0.0000e+00   0.0000e+00   3.0692e+02
20260811_19:00:00   2.1344e-01   5.6555e+01   2.3386e+01   0.0000e+00   0.0000e+00   3.0870e+02
20260811_20:00:00   2.1525e-01   5.7020e+01   2.3368e+01   0.0000e+00   0.0000e+00   3.0777e+02
20260811_21:00:00   2.1469e-01   5.6954e+01   2.3322e+01   1.2352e-04   0.0000e+00   3.0606e+02
20260811_22:00:00   2.0983e-01   5.5910e+01   2.2890e+01   9.8020e-07   0.0000e+00   3.0454e+02
20260811_23:00:00   2.0752e-01   5.5427e+01   2.2632e+01   0.0000e+00   0.0000e+00   3.0395e+02
20260812_00:00:00   2.0639e-01   5.5176e+01   2.2666e+01   0.0000e+00   0.0000e+00   3.0512e+02
20260812_01:00:00   2.0953e-01   5.5854e+01   2.3233e+01   0.0000e+00   0.0000e+00   3.0647e+02
20260812_02:00:00   2.0052e-01   5.3743e+01   2.2777e+01   0.0000e+00   3.0600e-05   3.0718e+02
20260812_03:00:00   1.9578e-01   5.2687e+01   2.2117e+01   0.0000e+00   8.2533e-04   3.0288e+02
20260812_04:00:00   2.0513e-01   5.4708e+01   2.3417e+01   0.0000e+00   1.5226e-02   3.0365e+02
20260812_05:00:00   1.9781e-01   5.3000e+01   2.2762e+01   0.0000e+00   8.2308e-03   3.0411e+02
20260812_06:00:00   2.0661e-01   5.5017e+01   2.3512e+01   0.0000e+00   1.8606e-02   3.0301e+02
20260812_07:00:00   2.1406e-01   5.6647e+01   2.4406e+01   0.0000e+00   9.0562e-03   3.0199e+02
20260812_08:00:00   2.1041e-01   5.5792e+01   2.4147e+01   0.0000e+00   1.0349e-02   3.0214e+02
20260812_09:00:00   2.1038e-01   5.5717e+01   2.4364e+01   0.0000e+00   1.8326e-02   3.0200e+02
20260812_10:00:00   2.1309e-01   5.6288e+01   2.4756e+01   0.0000e+00   9.7163e-03   3.0192e+02
20260812_11:00:00   2.2927e-01   5.9853e+01   2.6355e+01   0.0000e+00   1.9446e-03   3.0250e+02
20260812_12:00:00   2.3385e-01   6.0843e+01   2.6743e+01   0.0000e+00   3.1616e-03   3.0102e+02
20260812_13:00:00   2.2749e-01   5.9424e+01   2.6244e+01   0.0000e+00   4.0856e-03   3.0025e+02
20260812_14:00:00   2.3223e-01   6.0430e+01   2.6796e+01   0.0000e+00   6.6223e-03   3.0041e+02
20260812_15:00:00   2.3914e-01   6.1918e+01   2.7498e+01   1.7646e-04   6.2031e-03   3.0383e+02
20260812_16:00:00   2.5161e-01   6.4563e+01   2.8240e+01   6.8668e-03   6.2546e-03   3.0498e+02
20260812_17:00:00   3.0304e-01   7.5106e+01   2.8910e+01   5.7935e-02   7.6440e-03   3.0387e+02
20260812_18:00:00   3.0162e-01   7.4848e+01   3.0148e+01   4.5650e-02   5.3532e-02   3.0220e+02
20260812_19:00:00   3.6737e-01   8.7885e+01   3.1574e+01   1.0604e-01   1.2792e-01   3.0002e+02
20260812_20:00:00   7.1766e-01   1.4449e+02   3.2491e+01   5.0939e-01   1.4583e-01   2.9790e+02
20260812_21:00:00   1.2761e+00   2.0098e+02   3.3463e+01   1.1371e+00   1.4138e-01   2.9883e+02
20260812_22:00:00   1.0603e+00   1.8021e+02   3.3117e+01   9.0577e-01   9.3327e-01   2.9589e+02
20260812_23:00:00   4.6666e-01   1.0581e+02   3.0798e+01   2.4072e-01   6.5397e-01   2.9560e+02
20260813_00:00:00   4.9405e-01   1.0928e+02   2.9239e+01   2.9297e-01   4.1046e-01   2.9630e+02
20260813_01:00:00   4.0119e-01   9.2975e+01   3.0562e+01   1.7133e-01   9.7686e-01   2.9661e+02
20260813_02:00:00   2.4863e-01   6.3461e+01   2.8933e+01   1.0554e-02   9.8050e-01   2.9753e+02
20260813_03:00:00   2.2359e-01   5.8225e+01   2.7448e+01   1.6665e-05   4.8923e-01   2.9824e+02
20260813_04:00:00   2.4208e-01   6.2291e+01   2.8987e+01   1.8790e-03   1.8747e-01   2.9757e+02
20260813_05:00:00   2.5253e-01   6.4522e+01   2.9370e+01   8.2729e-03   1.2956e-01   2.9713e+02
20260813_06:00:00   2.7142e-01   6.8464e+01   2.9627e+01   2.6628e-02   8.5838e-02   2.9816e+02
20260813_07:00:00   2.8493e-01   7.1265e+01   2.9766e+01   3.8113e-02   1.6383e-02   2.9845e+02
20260813_08:00:00   2.7505e-01   6.9253e+01   2.9540e+01   2.6680e-02   1.3824e-02   2.9727e+02
20260813_09:00:00   2.6276e-01   6.6710e+01   2.9438e+01   1.1504e-02   1.7563e-02   2.9491e+02
20260813_10:00:00   2.7783e-01   6.9849e+01   2.9378e+01   2.8217e-02   1.5613e-02   2.9440e+02
20260813_11:00:00   3.1376e-01   7.7101e+01   2.9647e+01   6.4511e-02   1.2792e-02   2.9578e+02
20260813_12:00:00   3.8331e-01   9.0425e+01   2.9943e+01   1.3912e-01   5.9982e-03   2.9615e+02
20260813_13:00:00   5.2222e-01   1.1446e+02   3.0335e+01   2.9281e-01   1.2613e-02   2.9658e+02
20260813_14:00:00   4.6133e-01   1.0423e+02   3.0262e+01   2.2339e-01   2.5328e-02   2.9747e+02
20260813_15:00:00   3.3561e-01   8.1285e+01   2.9752e+01   8.6464e-02   3.0320e-02   2.9727e+02
20260813_16:00:00   2.5967e-01   6.5971e+01   2.8945e+01   1.3606e-02   4.7423e-02   2.9850e+02
20260813_17:00:00   2.5066e-01   6.4136e+01   2.8823e+01   1.7469e-03   2.2710e-03   2.9854e+02
20260813_18:00:00   2.5355e-01   6.4801e+01   2.9034e+01   1.2450e-04   2.5463e-03   2.9771e+02
20260813_19:00:00   2.5105e-01   6.4349e+01   2.8550e+01   0.0000e+00   2.6786e-03   2.9579e+02
20260813_20:00:00   3.0392e-01   7.5680e+01   2.8322e+01   6.1550e-02   1.3226e-03   2.9354e+02
20260813_21:00:00   3.3575e-01   8.2157e+01   2.7731e+01   1.0304e-01   2.5037e-03   2.9398e+02
20260813_22:00:00   2.6578e-01   6.7775e+01   2.6872e+01   2.8238e-02   3.0400e-03   2.9303e+02
20260813_23:00:00   2.5722e-01   6.6012e+01   2.6286e+01   2.4060e-02   1.3192e-03   2.9347e+02
20260814_00:00:00   3.8665e-01   9.2121e+01   2.5979e+01   1.7954e-01   1.6434e-03   2.9347e+02
20260814_01:00:00   2.6180e-01   6.7034e+01   2.4423e+01   4.6627e-02   2.7860e-03   2.9198e+02
20260814_02:00:00   2.1514e-01   5.6800e+01   2.3451e+01   1.2184e-03   2.3580e-03   2.9336e+02
20260814_03:00:00   2.0615e-01   5.4774e+01   2.2475e+01   5.7840e-05   2.5040e-03   2.9248e+02
20260814_04:00:00   1.9213e-01   5.1599e+01   2.1127e+01   0.0000e+00   3.1760e-03   2.9149e+02
20260814_05:00:00   1.8250e-01   4.9362e+01   2.0020e+01   0.0000e+00   3.2360e-03   2.9363e+02
20260814_06:00:00   1.7807e-01   4.8311e+01   1.9460e+01   0.0000e+00   2.9180e-03   2.9534e+02
20260814_07:00:00   1.7334e-01   4.7199e+01   1.8822e+01   0.0000e+00   2.1140e-03   2.9658e+02
20260814_08:00:00   1.7301e-01   4.7095e+01   1.8731e+01   0.0000e+00   1.6303e-03   2.9643e+02
20260814_09:00:00   1.6612e-01   4.5469e+01   1.7933e+01   0.0000e+00   1.3678e-03   2.9576e+02
20260814_10:00:00   1.6197e-01   4.4469e+01   1.7435e+01   0.0000e+00   1.5605e-03   2.9490e+02
20260814_11:00:00   1.5536e-01   4.2879e+01   1.6665e+01   0.0000e+00   2.1660e-03   2.9429e+02
20260814_12:00:00   1.5205e-01   4.2075e+01   1.6233e+01   0.0000e+00   9.5860e-04   2.9348e+02
20260814_13:00:00   1.4951e-01   4.1445e+01   1.5968e+01   0.0000e+00   1.0482e-03   2.9649e+02
20260814_14:00:00   1.4930e-01   4.1373e+01   1.5993e+01   0.0000e+00   3.5400e-03   2.9795e+02
20260814_15:00:00   1.4715e-01   4.0843e+01   1.5821e+01   0.0000e+00   1.9950e-03   2.9686e+02
20260814_16:00:00   1.4291e-01   3.9817e+01   1.5451e+01   0.0000e+00   8.8980e-04   2.9654e+02
20260814_17:00:00   1.4106e-01   3.9376e+01   1.5268e+01   0.0000e+00   7.6820e-04   2.9660e+02
20260814_18:00:00   1.5319e-01   4.2337e+01   1.6606e+01   0.0000e+00   4.2440e-04   2.9689e+02
20260814_19:00:00   1.6742e-01   4.5724e+01   1.8312e+01   0.0000e+00   6.3480e-05   2.9458e+02
20260814_20:00:00   1.7402e-01   4.7278e+01   1.9318e+01   0.0000e+00   7.1089e-04   2.9427e+02
20260814_21:00:00   1.7532e-01   4.7604e+01   1.9647e+01   0.0000e+00   3.0444e-03   2.9364e+02
20260814_22:00:00   1.7230e-01   4.6931e+01   1.9358e+01   0.0000e+00   1.3761e-02   2.9327e+02
20260814_23:00:00   1.6848e-01   4.6068e+01   1.8961e+01   0.0000e+00   1.4755e-02   2.9319e+02
20260815_00:00:00   1.6379e-01   4.5010e+01   1.8276e+01   0.0000e+00   1.6946e-02   2.9348e+02
20260815_03:00:00   1.7014e-01   4.6484e+01   1.8905e+01   8.8000e-05   1.3184e-02   2.9523e+02
20260815_06:00:00   1.8559e-01   5.0019e+01   2.0803e+01   0.0000e+00   2.0843e-02   2.9347e+02
20260815_09:00:00   1.8771e-01   5.0482e+01   2.1224e+01   0.0000e+00   7.1623e-03   2.9407e+02
20260815_12:00:00   1.9284e-01   5.1581e+01   2.1713e+01   0.0000e+00   6.7970e-03   2.9382e+02
20260815_15:00:00   1.8996e-01   5.0888e+01   2.1362e+01   0.0000e+00   9.8652e-03   2.9658e+02
20260815_18:00:00   1.8103e-01   4.8947e+01   2.0173e+01   0.0000e+00   9.2380e-03   2.9370e+02
20260815_21:00:00   2.0225e-01   5.3887e+01   2.2711e+01   1.0050e-04   1.7556e-02   2.9224e+02
20260816_00:00:00   2.0594e-01   5.4851e+01   2.2361e+01   6.4100e-03   4.4134e-02   2.8947e+02
20260816_03:00:00   2.0927e-01   5.5544e+01   2.2417e+01   1.0323e-02   2.4336e-02   2.9117e+02
20260816_06:00:00   1.9064e-01   5.1279e+01   2.1264e+01   0.0000e+00   1.8884e-02   2.9337e+02
20260816_09:00:00   1.8903e-01   5.0802e+01   2.1680e+01   0.0000e+00   4.5380e-03   2.8954e+02
20260816_12:00:00   1.8465e-01   4.9777e+01   2.1056e+01   0.0000e+00   6.4217e-03   2.9153e+02
20260816_15:00:00   1.8936e-01   5.0855e+01   2.1316e+01   0.0000e+00   3.5680e-03   2.9343e+02
20260816_18:00:00   1.9571e-01   5.2401e+01   2.1924e+01   0.0000e+00   3.5360e-05   2.9392e+02
20260816_21:00:00   2.0357e-01   5.4315e+01   2.2903e+01   0.0000e+00   0.0000e+00   2.9028e+02
20260817_00:00:00   1.9815e-01   5.3183e+01   2.2499e+01   0.0000e+00   0.0000e+00   2.8921e+02
20260817_03:00:00   2.3841e-01   6.2144e+01   2.2718e+01   4.4340e-02   0.0000e+00   2.9072e+02
20260817_06:00:00   1.7852e-01   4.8535e+01   2.0166e+01   0.0000e+00   0.0000e+00   2.9061e+02
20260817_09:00:00   1.7315e-01   4.7318e+01   1.9411e+01   0.0000e+00   0.0000e+00   2.9368e+02
20260817_12:00:00   1.8014e-01   4.8844e+01   2.0137e+01   0.0000e+00   0.0000e+00   2.9307e+02
20260817_15:00:00   1.6768e-01   4.5897e+01   1.8930e+01   0.0000e+00   1.9606e-06   2.9079e+02
20260817_18:00:00   1.7322e-01   4.7183e+01   1.9903e+01   0.0000e+00   0.0000e+00   2.8944e+02
20260817_21:00:00   1.8904e-01   5.0956e+01   2.1790e+01   0.0000e+00   0.0000e+00   2.8898e+02
20260818_00:00:00   1.8072e-01   4.9134e+01   2.1013e+01   0.0000e+00   0.0000e+00   2.8615e+02
20260818_03:00:00   1.7890e-01   4.8660e+01   2.0724e+01   0.0000e+00   0.0000e+00   2.8679e+02
20260818_06:00:00   1.7894e-01   4.8614e+01   2.0778e+01   0.0000e+00   0.0000e+00   2.9090e+02
20260818_09:00:00   2.0116e-01   5.3567e+01   2.2941e+01   2.5840e-03   0.0000e+00   2.8950e+02
20260818_12:00:00   1.9632e-01   5.2485e+01   2.2503e+01   0.0000e+00   0.0000e+00   2.8981e+02
20260818_15:00:00   1.9994e-01   5.3278e+01   2.2717e+01   0.0000e+00   0.0000e+00   2.9197e+02
20260818_18:00:00   2.0950e-01   5.5511e+01   2.3926e+01   0.0000e+00   0.0000e+00   2.9299e+02
20260818_21:00:00   3.6542e-01   8.8049e+01   2.7124e+01   1.5017e-01   0.0000e+00   2.9214e+02
20260819_00:00:00   1.0078e+00   1.7740e+02   3.0248e+01   8.5580e-01   2.1659e-02   2.9285e+02
20260819_03:00:00   5.9924e-01   1.2667e+02   3.2105e+01   3.7053e-01   7.3023e-01   2.9100e+02
20260819_06:00:00   3.4808e-01   8.3200e+01   2.8470e+01   1.2739e-01   2.6508e-01   2.9367e+02
20260819_09:00:00   2.3338e-01   6.0459e+01   2.7383e+01   1.9636e-04   1.0179e-01   2.9359e+02
20260819_12:00:00   2.1610e-01   5.6610e+01   2.5447e+01   0.0000e+00   5.2055e-03   2.9354e+02
20260819_15:00:00   2.3867e-01   6.1444e+01   2.6949e+01   6.0440e-03   3.1721e-02   2.9632e+02
20260819_18:00:00   9.3107e-01   1.6877e+02   3.1204e+01   7.5647e-01   2.6037e-02   2.9246e+02
20260819_21:00:00   3.2504e-01   7.9194e+01   2.9335e+01   8.2849e-02   1.9546e-03   2.9042e+02
20260820_00:00:00   2.4231e-01   6.2493e+01   2.7891e+01   0.0000e+00   1.2988e-03   2.9304e+02
20260820_03:00:00   2.4049e-01   6.2171e+01   2.7342e+01   0.0000e+00   5.2598e-04   2.9428e+02
20260820_06:00:00   2.3694e-01   6.1456e+01   2.6430e+01   0.0000e+00   1.4200e-03   2.9415e+02
20260820_09:00:00   2.4245e-01   6.2519e+01   2.7613e+01   0.0000e+00   9.6221e-05   2.8925e+02
20260820_12:00:00   2.2581e-01   5.8902e+01   2.5703e+01   0.0000e+00   0.0000e+00   2.9130e+02
20260820_15:00:00   2.3168e-01   6.0073e+01   2.6970e+01   0.0000e+00   0.0000e+00   2.8862e+02
20260820_18:00:00   2.5472e-01   6.5018e+01   2.9911e+01   0.0000e+00   5.5051e-03   2.8927e+02
20260820_21:00:00   4.8481e-01   1.0971e+02   3.2715e+01   2.4236e-01   2.4607e-02   2.8806e+02
20260821_00:00:00   5.7961e-01   1.2403e+02   3.4548e+01   3.2592e-01   6.7829e-01   2.8656e+02
20260821_03:00:00   2.2744e-01   5.9277e+01   2.7790e+01   0.0000e+00   1.1231e-01   2.9013e+02
20260821_06:00:00   3.1101e-01   7.6509e+01   2.8506e+01   8.2602e-02   2.8391e-03   2.8929e+02
20260821_09:00:00   2.2267e-01   5.8279e+01   2.6942e+01   0.0000e+00   8.2759e-03   2.8969e+02
20260821_12:00:00   1.9977e-01   5.3155e+01   2.4121e+01   0.0000e+00   1.4726e-03   2.8981e+02
20260821_15:00:00   2.1417e-01   5.6283e+01   2.6102e+01   0.0000e+00   2.7654e-03   2.9148e+02
20260821_18:00:00   2.1507e-01   5.6442e+01   2.6253e+01   8.6080e-04   1.1195e-03   2.9226e+02
20260821_21:00:00   2.2814e-01   5.9755e+01   2.7064e+01   6.4900e-04   2.2884e-04   2.9238e+02
20260822_00:00:00   4.9226e-01   1.0979e+02   2.9848e+01   2.7612e-01   1.1217e+00   2.9150e+02
20260822_03:00:00   2.0831e-01   5.5540e+01   2.4087e+01   2.4863e-03   2.9521e-02   2.9417e+02
20260822_06:00:00   1.8582e-01   5.0342e+01   2.1983e+01   0.0000e+00   2.8998e-03   2.9523e+02
20260822_09:00:00   1.9010e-01   5.1286e+01   2.2503e+01   0.0000e+00   7.3440e-04   2.9563e+02
20260822_12:00:00   2.1853e-01   5.7318e+01   2.3195e+01   2.8100e-02   3.4780e-04   2.9494e+02
20260822_15:00:00   1.9287e-01   5.1601e+01   2.2324e+01   6.9940e-03   3.4120e-04   2.9511e+02
20260822_18:00:00   1.7782e-01   4.8231e+01   2.1212e+01   0.0000e+00   3.4484e-03   2.9409e+02
20260822_21:00:00   1.9784e-01   5.2875e+01   2.3604e+01   1.4524e-03   2.4244e-04   2.9215e+02
20260823_00:00:00   8.4509e-01   1.5625e+02   2.7312e+01   7.0982e-01   6.3444e-01   2.9051e+02
20260823_03:00:00   3.4999e-01   8.3992e+01   2.5018e+01   1.6644e-01   2.6531e-01   2.9361e+02
20260823_06:00:00   1.9466e-01   5.2175e+01   2.3896e+01   0.0000e+00   7.2447e-02   2.9371e+02
20260823_09:00:00   1.8572e-01   5.0024e+01   2.2872e+01   0.0000e+00   3.7797e-03   2.9140e+02
20260823_12:00:00   1.8549e-01   4.9880e+01   2.2756e+01   0.0000e+00   4.8320e-03   2.9070e+02
20260823_15:00:00   1.7587e-01   4.7674e+01   2.1493e+01   0.0000e+00   0.0000e+00   2.9144e+02
20260823_18:00:00   1.8283e-01   4.9379e+01   2.2076e+01   0.0000e+00   0.0000e+00   2.8895e+02
20260823_21:00:00   2.1499e-01   5.6805e+01   2.4185e+01   1.4386e-02   1.3708e-04   2.8884e+02
20260824_00:00:00   9.3056e-01   1.6686e+02   2.8813e+01   7.8520e-01   2.8836e-01   2.8935e+02
20260824_03:00:00   2.0057e-01   5.3510e+01   2.4709e+01   0.0000e+00   8.7464e-04   2.8887e+02
20260824_06:00:00   2.2371e-01   5.8693e+01   2.6463e+01   5.3940e-03   2.2056e-04   2.9044e+02
20260824_09:00:00   3.6109e-01   8.6449e+01   2.7625e+01   1.4449e-01   2.1888e-03   2.8687e+02
20260824_12:00:00   3.1518e-01   7.7514e+01   2.6727e+01   1.0031e-01   5.2771e-03   2.8761e+02
20260824_15:00:00   2.0474e-01   5.4504e+01   2.4353e+01   0.0000e+00   0.0000e+00   2.8794e+02
20260824_18:00:00   2.0110e-01   5.3663e+01   2.4303e+01   0.0000e+00   8.3542e-06   2.8848e+02
20260824_21:00:00   2.3163e-01   6.0662e+01   2.7611e+01   0.0000e+00   2.9280e-04   2.8620e+02
20260825_00:00:00   4.7417e-01   1.0732e+02   2.7803e+01   2.7165e-01   2.4472e-04   2.8477e+02
20260825_03:00:00   1.4916e+00   2.1503e+02   3.4784e+01   1.3722e+00   2.7795e-01   2.8216e+02
20260825_06:00:00   2.2814e-01   5.9527e+01   2.8008e+01   2.0821e-03   2.0561e-01   2.8422e+02
20260825_09:00:00   3.2085e-01   7.8538e+01   2.7606e+01   1.0651e-01   3.7976e-02   2.8216e+02
20260825_12:00:00   5.0728e-01   1.1211e+02   2.8009e+01   3.0832e-01   1.0888e-03   2.8326e+02
20260825_15:00:00   2.6317e-01   6.7074e+01   2.6392e+01   4.7558e-02   4.6423e-03   2.8535e+02
20260825_18:00:00   2.1295e-01   5.6426e+01   2.5493e+01   0.0000e+00   3.4599e-03   2.8582e+02
20260825_21:00:00   2.3582e-01   6.1669e+01   2.8071e+01   0.0000e+00   8.2280e-04   2.8231e+02
20260826_00:00:00   2.2699e-01   5.9890e+01   2.6795e+01   0.0000e+00   3.2325e-03   2.8153e+02
