#            date       tau255        Tb[K]      pwv[mm] lwp[kg*m^-2] iwp[kg*m^-2]       o3[DU]
20260922_12:00:00   1.4374e-01   3.9859e+01   1.5436e+01   0.0000e+00   2.2458e-02   2.7004e+02
20260922_13:00:00   1.4234e-01   3.9492e+01   1.5193e+01   0.0000e+00   4.2391e-02   2.6989e+02
20260922_14:00:00   1.4654e-01   4.0495e+01   1.5658e+01   0.0000e+00   2.8054e-02   2.7016e+02
20260922_15:00:00   1.5148e-01   4.1677e+01   1.6164e+01   0.0000e+00   2.7472e-02   2.7144e+02
20260922_16:00:00   1.5648e-01   4.2877e+01   1.6692e+01   0.0000e+00   3.1440e-02   2.7168e+02
20260922_17:00:00   1.5939e-01   4.3569e+01   1.7007e+01   0.0000e+00   3.2097e-02   2.7139e+02
20260922_18:00:00   1.6643e-01   4.5220e+01   1.7845e+01   0.0000e+00   3.0207e-02   2.7167e+02
20260922_19:00:00   1.7378e-01   4.6933e+01   1.8756e+01   0.0000e+00   2.4665e-02   2.7009e+02
20260922_20:00:00   1.7903e-01   4.8163e+01   1.9370e+01   3.0619e-04   4.6253e-02   2.6999e+02
20260922_21:00:00   1.8306e-01   4.9098e+01   1.9823e+01   1.9030e-03   5.0558e-02   2.7055e+02
20260922_22:00:00   1.9111e-01   5.0948e+01   2.0021e+01   1.0752e-02   8.8836e-02   2.7050e+02
20260922_23:00:00   2.1712e-01   5.6787e+01   2.0711e+01   3.6921e-02   5.4933e-02   2.6913e+02
20260923_00:00:00   1.9354e-01   5.1480e+01   2.0840e+01   9.0138e-03   1.0858e-02   2.7044e+02
20260923_01:00:00   1.9569e-01   5.1989e+01   2.0546e+01   1.2950e-02   1.3143e-02   2.7072e+02
20260923_02:00:00   2.1853e-01   5.7023e+01   2.1253e+01   3.4900e-02   3.4509e-02   2.7200e+02
20260923_03:00:00   1.8177e-01   4.8730e+01   1.9093e+01   1.1200e-02   2.1436e-01   2.7253e+02
20260923_04:00:00   1.9668e-01   5.2081e+01   1.9307e+01   2.6280e-02   2.0394e-01   2.7217e+02
20260923_05:00:00   1.9610e-01   5.1963e+01   1.9585e+01   2.1380e-02   1.4609e-01   2.7295e+02
20260923_06:00:00   1.7820e-01   4.7884e+01   1.9641e+01   0.0000e+00   7.3155e-02   2.7360e+02
20260923_07:00:00   1.7862e-01   4.7957e+01   1.9804e+01   0.0000e+00   7.3793e-02   2.7507e+02
20260923_08:00:00   1.7871e-01   4.7932e+01   1.9958e+01   0.0000e+00   7.9120e-02   2.7666e+02
20260923_09:00:00   1.8040e-01   4.8315e+01   2.0236e+01   0.0000e+00   7.4729e-02   2.7699e+02
20260923_10:00:00   1.8604e-01   4.9499e+01   2.1246e+01   0.0000e+00   6.7651e-02   2.7760e+02
20260923_11:00:00   1.8962e-01   5.0226e+01   2.1903e+01   1.9606e-06   1.0592e-01   2.7817e+02
20260923_12:00:00   1.9218e-01   5.0763e+01   2.2266e+01   2.2540e-05   1.5223e-01   2.7775e+02
20260923_13:00:00   1.9385e-01   5.1128e+01   2.2366e+01   9.6540e-05   2.1605e-01   2.7858e+02
20260923_14:00:00   1.9348e-01   5.1043e+01   2.2232e+01   0.0000e+00   2.5633e-01   2.7970e+02
20260923_15:00:00   1.9618e-01   5.1656e+01   2.2472e+01   0.0000e+00   2.3399e-01   2.8088e+02
20260923_16:00:00   1.9626e-01   5.1673e+01   2.2446e+01   1.4116e-04   2.5584e-01   2.8140e+02
20260923_17:00:00   1.9381e-01   5.1154e+01   2.2105e+01   1.9606e-06   2.3189e-01   2.8234e+02
20260923_18:00:00   1.9289e-01   5.0966e+01   2.2032e+01   0.0000e+00   1.9694e-01   2.8298e+02
20260923_19:00:00   1.9152e-01   5.0710e+01   2.1724e+01   0.0000e+00   1.4583e-01   2.8264e+02
20260923_20:00:00   1.9174e-01   5.0858e+01   2.1341e+01   0.0000e+00   6.9585e-02   2.8183e+02
20260923_21:00:00   1.9492e-01   5.1630e+01   2.1464e+01   0.0000e+00   5.6261e-02   2.8068e+02
20260923_22:00:00   1.9475e-01   5.1663e+01   2.1302e+01   0.0000e+00   5.7209e-03   2.8043e+02
20260923_23:00:00   1.9431e-01   5.1615e+01   2.1142e+01   0.0000e+00   7.5700e-06   2.8175e+02
20260924_00:00:00   1.9346e-01   5.1442e+01   2.1086e+01   0.0000e+00   7.6640e-06   2.8346e+02
20260924_01:00:00   1.9082e-01   5.0833e+01   2.0908e+01   0.0000e+00   1.5578e-04   2.8559e+02
20260924_02:00:00   1.8446e-01   4.9322e+01   2.0479e+01   0.0000e+00   1.2973e-04   2.8701e+02
20260924_03:00:00   1.7941e-01   4.8145e+01   1.9940e+01   0.0000e+00   4.0278e-04   2.8772e+02
20260924_04:00:00   1.7692e-01   4.7578e+01   1.9543e+01   0.0000e+00   0.0000e+00   2.8775e+02
20260924_05:00:00   1.7784e-01   4.7787e+01   1.9455e+01   0.0000e+00   0.0000e+00   2.8739e+02
20260924_06:00:00   1.7901e-01   4.8041e+01   1.9595e+01   0.0000e+00   0.0000e+00   2.8606e+02
20260924_07:00:00   1.8469e-01   4.9322e+01   2.0288e+01   0.0000e+00   0.0000e+00   2.8635e+02
20260924_08:00:00   1.8455e-01   4.9301e+01   2.0260e+01   0.0000e+00   0.0000e+00   2.8747e+02
20260924_09:00:00   1.7689e-01   4.7588e+01   1.9216e+01   0.0000e+00   0.0000e+00   2.8799e+02
20260924_10:00:00   1.7306e-01   4.6719e+01   1.8639e+01   0.0000e+00   0.0000e+00   2.8834e+02
20260924_11:00:00   1.6858e-01   4.5693e+01   1.8009e+01   0.0000e+00   0.0000e+00   2.8714e+02
20260924_12:00:00   1.6538e-01   4.4963e+01   1.7509e+01   0.0000e+00   0.0000e+00   2.8584e+02
20260924_13:00:00   1.6046e-01   4.3833e+01   1.6842e+01   0.0000e+00   0.0000e+00   2.8425e+02
20260924_14:00:00   1.5338e-01   4.2168e+01   1.5954e+01   0.0000e+00   0.0000e+00   2.8423e+02
20260924_15:00:00   1.4717e-01   4.0688e+01   1.5254e+01   0.0000e+00   0.0000e+00   2.8484e+02
20260924_16:00:00   1.4607e-01   4.0418e+01   1.5152e+01   0.0000e+00   0.0000e+00   2.8520e+02
20260924_17:00:00   1.4699e-01   4.0634e+01   1.5304e+01   0.0000e+00   0.0000e+00   2.8541e+02
20260924_18:00:00   1.5520e-01   4.2621e+01   1.6223e+01   0.0000e+00   0.0000e+00   2.8617e+02
20260924_19:00:00   1.6901e-01   4.5921e+01   1.7792e+01   0.0000e+00   0.0000e+00   2.8483e+02
20260924_20:00:00   1.7987e-01   4.8438e+01   1.9193e+01   4.5100e-05   0.0000e+00   2.8488e+02
20260924_21:00:00   2.3749e-01   6.1141e+01   2.0809e+01   5.1040e-02   1.8604e-05   2.8451e+02
20260924_22:00:00   4.4872e-01   1.0170e+02   2.1558e+01   2.8546e-01   6.2943e-04   2.8453e+02
20260924_23:00:00   8.1888e-01   1.5294e+02   2.2321e+01   7.0398e-01   1.8694e-01   2.8579e+02
20260925_00:00:00   1.9207e-01   5.1226e+01   1.7796e+01   2.9984e-02   2.3340e-02   2.8752e+02
20260925_01:00:00   1.8005e-01   4.8482e+01   1.8978e+01   3.7324e-03   1.2175e-03   2.9000e+02
20260925_02:00:00   1.7843e-01   4.7970e+01   1.9458e+01   1.3816e-03   5.4440e-05   2.8867e+02
20260925_03:00:00   1.6470e-01   4.4877e+01   1.7675e+01   0.0000e+00   0.0000e+00   2.8758e+02
20260925_04:00:00   1.5735e-01   4.3089e+01   1.7049e+01   0.0000e+00   0.0000e+00   2.8479e+02
20260925_05:00:00   1.3562e-01   3.7828e+01   1.4765e+01   0.0000e+00   0.0000e+00   2.8416e+02
20260925_06:00:00   1.3041e-01   3.6561e+01   1.4019e+01   0.0000e+00   0.0000e+00   2.8119e+02
20260925_07:00:00   1.2916e-01   3.6296e+01   1.3561e+01   0.0000e+00   0.0000e+00   2.8020e+02
20260925_08:00:00   1.2462e-01   3.5198e+01   1.2815e+01   0.0000e+00   0.0000e+00   2.8077e+02
20260925_09:00:00   1.1812e-01   3.3623e+01   1.1819e+01   0.0000e+00   0.0000e+00   2.7997e+02
20260925_10:00:00   1.1230e-01   3.2200e+01   1.0901e+01   0.0000e+00   0.0000e+00   2.7905e+02
20260925_11:00:00   1.0520e-01   3.0441e+01   9.8328e+00   0.0000e+00   0.0000e+00   2.7639e+02
20260925_12:00:00   1.0414e-01   3.0183e+01   9.5785e+00   0.0000e+00   0.0000e+00   2.7518e+02
20260925_13:00:00   9.9797e-02   2.9100e+01   8.8990e+00   0.0000e+00   0.0000e+00   2.7578e+02
20260925_14:00:00   9.4617e-02   2.7786e+01   8.1493e+00   0.0000e+00   0.0000e+00   2.7555e+02
20260925_15:00:00   9.1035e-02   2.6876e+01   7.6070e+00   0.0000e+00   0.0000e+00   2.7658e+02
20260925_16:00:00   8.9727e-02   2.6551e+01   7.3841e+00   0.0000e+00   0.0000e+00   2.7747e+02
20260925_17:00:00   8.9878e-02   2.6593e+01   7.3690e+00   0.0000e+00   0.0000e+00   2.7842e+02
20260925_18:00:00   9.2868e-02   2.7387e+01   7.6617e+00   0.0000e+00   0.0000e+00   2.7736e+02
20260925_19:00:00   1.0392e-01   3.0204e+01   9.2772e+00   0.0000e+00   0.0000e+00   2.7640e+02
20260925_20:00:00   1.0396e-01   3.0213e+01   9.5148e+00   0.0000e+00   0.0000e+00   2.7453e+02
20260925_21:00:00   1.0807e-01   3.1225e+01   1.0283e+01   0.0000e+00   0.0000e+00   2.7302e+02
20260925_22:00:00   1.0773e-01   3.1136e+01   1.0319e+01   0.0000e+00   0.0000e+00   2.6916e+02
20260925_23:00:00   1.0599e-01   3.0707e+01   1.0121e+01   0.0000e+00   0.0000e+00   2.6917e+02
20260926_00:00:00   1.0621e-01   3.0774e+01   1.0168e+01   0.0000e+00   2.5120e-05   2.6847e+02
20260926_01:00:00   1.0389e-01   3.0203e+01   9.8404e+00   0.0000e+00   5.8820e-06   2.7034e+02
20260926_02:00:00   1.0398e-01   3.0230e+01   9.8260e+00   0.0000e+00   3.0180e-03   2.7059e+02
20260926_03:00:00   1.0084e-01   2.9454e+01   9.3165e+00   0.0000e+00   5.5100e-03   2.7113e+02
20260926_04:00:00   1.0253e-01   2.9882e+01   9.5173e+00   0.0000e+00   1.1606e-02   2.7120e+02
20260926_05:00:00   1.0473e-01   3.0420e+01   9.8073e+00   0.0000e+00   8.3784e-03   2.7134e+02
20260926_06:00:00   1.0088e-01   2.9453e+01   9.2068e+00   0.0000e+00   4.5059e-03   2.7171e+02
20260926_07:00:00   9.8902e-02   2.8934e+01   8.9152e+00   0.0000e+00   2.5097e-03   2.7068e+02
20260926_08:00:00   1.0271e-01   2.9900e+01   9.3539e+00   0.0000e+00   1.8290e-03   2.7059e+02
20260926_09:00:00   1.0609e-01   3.0771e+01   9.6819e+00   0.0000e+00   4.4732e-04   2.7096e+02
20260926_10:00:00   9.8522e-02   2.8860e+01   8.6515e+00   0.0000e+00   0.0000e+00   2.7282e+02
20260926_11:00:00   9.0812e-02   2.6870e+01   7.6746e+00   0.0000e+00   0.0000e+00   2.7193e+02
20260926_12:00:00   8.9853e-02   2.6605e+01   7.6833e+00   0.0000e+00   0.0000e+00   2.7253e+02
20260926_13:00:00   9.0391e-02   2.6719e+01   7.8578e+00   0.0000e+00   0.0000e+00   2.7307e+02
20260926_14:00:00   9.5932e-02   2.8139e+01   8.6532e+00   0.0000e+00   0.0000e+00   2.7223e+02
20260926_15:00:00   1.0005e-01   2.9208e+01   9.2043e+00   0.0000e+00   0.0000e+00   2.6919e+02
20260926_16:00:00   1.0454e-01   3.0362e+01   9.8082e+00   0.0000e+00   0.0000e+00   2.6887e+02
20260926_17:00:00   1.1362e-01   3.2656e+01   1.0967e+01   0.0000e+00   0.0000e+00   2.6911e+02
20260926_18:00:00   1.1880e-01   3.3964e+01   1.1650e+01   0.0000e+00   0.0000e+00   2.6866e+02
20260926_19:00:00   1.2296e-01   3.5004e+01   1.2312e+01   0.0000e+00   0.0000e+00   2.6868e+02
20260926_20:00:00   1.2914e-01   3.6521e+01   1.3213e+01   0.0000e+00   0.0000e+00   2.6805e+02
20260926_21:00:00   1.3674e-01   3.8350e+01   1.4402e+01   0.0000e+00   0.0000e+00   2.6676e+02
20260926_22:00:00   1.4001e-01   3.9145e+01   1.4935e+01   0.0000e+00   0.0000e+00   2.6511e+02
20260926_23:00:00   1.3787e-01   3.8655e+01   1.4721e+01   0.0000e+00   0.0000e+00   2.6436e+02
20260927_00:00:00   1.3865e-01   3.8862e+01   1.4853e+01   0.0000e+00   0.0000e+00   2.6337e+02
20260927_01:00:00   1.4239e-01   3.9738e+01   1.5406e+01   0.0000e+00   0.0000e+00   2.6298e+02
20260927_02:00:00   1.4377e-01   4.0027e+01   1.5834e+01   0.0000e+00   0.0000e+00   2.6303e+02
20260927_03:00:00   1.4983e-01   4.1407e+01   1.7056e+01   0.0000e+00   1.0952e-04   2.6288e+02
20260927_04:00:00   1.5812e-01   4.3313e+01   1.8387e+01   0.0000e+00   2.2217e-03   2.6398e+02
20260927_05:00:00   1.6618e-01   4.5126e+01   1.9868e+01   0.0000e+00   6.8464e-03   2.6481e+02
20260927_06:00:00   1.7620e-01   4.7359e+01   2.1640e+01   0.0000e+00   4.2695e-02   2.6428e+02
20260927_07:00:00   1.8537e-01   4.9386e+01   2.2941e+01   0.0000e+00   1.3480e-02   2.6294e+02
20260927_08:00:00   1.8641e-01   4.9637e+01   2.3068e+01   0.0000e+00   4.7174e-02   2.6283e+02
20260927_09:00:00   1.8770e-01   4.9902e+01   2.3204e+01   3.6860e-04   3.5131e-04   2.6156e+02
20260927_10:00:00   1.8953e-01   5.0272e+01   2.3466e+01   6.4460e-05   1.2039e-02   2.6214e+02
20260927_11:00:00   1.9130e-01   5.0667e+01   2.3637e+01   5.6840e-04   2.6229e-03   2.6297e+02
20260927_12:00:00   1.9859e-01   5.2257e+01   2.3922e+01   6.3242e-03   9.1691e-03   2.6342e+02
20260927_15:00:00   1.9855e-01   5.2269e+01   2.4694e+01   0.0000e+00   1.5512e-02   2.6528e+02
20260927_18:00:00   2.2499e-01   5.8165e+01   2.6044e+01   1.6066e-02   6.1641e-03   2.6513e+02
20260927_21:00:00   2.3485e-01   6.0396e+01   2.6572e+01   2.2467e-02   9.9680e-04   2.6447e+02
20260928_00:00:00   2.1576e-01   5.6401e+01   2.6322e+01   9.6060e-04   1.5143e-03   2.6382e+02
20260928_03:00:00   2.1877e-01   5.6995e+01   2.7079e+01   1.6066e-04   3.3977e-01   2.6697e+02
20260928_06:00:00   2.2787e-01   5.9010e+01   2.8360e+01   0.0000e+00   2.2208e-01   2.6656e+02
20260928_09:00:00   4.0348e-01   9.3894e+01   3.2593e+01   1.4877e-01   7.3946e-01   2.6669e+02
20260928_12:00:00   3.1843e-01   7.7844e+01   3.2613e+01   5.2061e-02   5.8871e-01   2.6615e+02
20260928_15:00:00   2.6933e-01   6.7992e+01   3.2047e+01   2.1950e-03   1.1804e-01   2.6654e+02
20260928_18:00:00   2.5438e-01   6.4800e+01   3.0090e+01   0.0000e+00   2.1007e-02   2.6611e+02
20260928_21:00:00   2.4639e-01   6.3022e+01   2.7430e+01   1.4742e-02   2.4594e-02   2.6647e+02
20260929_00:00:00   8.7370e-01   1.6149e+02   2.9889e+01   6.9774e-01   2.0738e-01   2.6487e+02
20260929_03:00:00   7.7669e-01   1.5475e+02   2.2946e+01   6.7511e-01   1.7104e-05   2.7186e+02
20260929_06:00:00   1.9792e-01   5.3236e+01   1.1968e+01   8.2816e-02   0.0000e+00   2.7385e+02
20260929_09:00:00   8.8598e-02   2.6178e+01   6.8906e+00   4.0820e-03   0.0000e+00   2.7593e+02
20260929_12:00:00   6.4266e-02   1.9759e+01   3.9818e+00   0.0000e+00   0.0000e+00   2.7760e+02
20260929_15:00:00   7.2724e-02   2.1887e+01   5.2792e+00   0.0000e+00   0.0000e+00   2.7703e+02
20260929_18:00:00   8.5552e-02   2.5172e+01   6.8940e+00   0.0000e+00   0.0000e+00   2.7731e+02
20260929_21:00:00   9.9473e-02   2.8765e+01   8.6471e+00   0.0000e+00   0.0000e+00   2.7364e+02
20260930_00:00:00   1.0319e-01   2.9750e+01   9.2433e+00   0.0000e+00   0.0000e+00   2.7339e+02
20260930_03:00:00   1.0301e-01   2.9736e+01   9.2959e+00   0.0000e+00   0.0000e+00   2.7295e+02
20260930_06:00:00   1.0374e-01   2.9956e+01   9.5258e+00   0.0000e+00   0.0000e+00   2.7578e+02
20260930_09:00:00   1.0378e-01   2.9979e+01   9.5516e+00   0.0000e+00   0.0000e+00   2.7401e+02
20260930_12:00:00   1.0006e-01   2.9068e+01   9.0130e+00   0.0000e+00   0.0000e+00   2.6945e+02
20260930_15:00:00   9.8527e-02   2.8694e+01   8.7427e+00   0.0000e+00   0.0000e+00   2.6765e+02
20260930_18:00:00   9.5416e-02   2.7934e+01   8.4551e+00   0.0000e+00   0.0000e+00   2.6690e+02
20260930_21:00:00   9.6789e-02   2.8340e+01   8.5748e+00   0.0000e+00   0.0000e+00   2.6530e+02
20261001_00:00:00   9.7819e-02   2.8629e+01   8.6721e+00   0.0000e+00   0.0000e+00   2.6627e+02
20261001_03:00:00   8.6357e-02   2.5696e+01   7.3355e+00   0.0000e+00   0.0000e+00   2.6535e+02
20261001_06:00:00   8.5058e-02   2.5351e+01   7.2380e+00   0.0000e+00   0.0000e+00   2.6420e+02
20261001_09:00:00   8.8682e-02   2.6263e+01   7.6967e+00   0.0000e+00   0.0000e+00   2.6561e+02
20261001_12:00:00   8.7800e-02   2.6044e+01   7.4983e+00   0.0000e+00   0.0000e+00   2.6484e+02
20261001_15:00:00   8.2976e-02   2.4823e+01   6.8048e+00   0.0000e+00   0.0000e+00   2.6661e+02
20261001_18:00:00   8.1510e-02   2.4464e+01   6.5651e+00   0.0000e+00   0.0000e+00   2.6902e+02
20261001_21:00:00   9.3446e-02   2.7618e+01   8.2788e+00   0.0000e+00   0.0000e+00   2.6928e+02
20261002_00:00:00   1.0683e-01   3.1065e+01   1.0091e+01   0.0000e+00   0.0000e+00   2.6837e+02
20261002_03:00:00   9.8774e-02   2.9035e+01   9.0892e+00   0.0000e+00   0.0000e+00   2.6814e+02
20261002_06:00:00   9.2721e-02   2.7480e+01   8.3081e+00   0.0000e+00   0.0000e+00   2.6841e+02
20261002_09:00:00   8.6503e-02   2.5843e+01   7.4849e+00   0.0000e+00   0.0000e+00   2.6721e+02
20261002_12:00:00   7.6789e-02   2.3255e+01   6.1909e+00   0.0000e+00   0.0000e+00   2.6552e+02
20261002_15:00:00   7.3464e-02   2.2351e+01   5.6922e+00   0.0000e+00   0.0000e+00   2.6579e+02
20261002_18:00:00   7.7236e-02   2.3369e+01   6.0935e+00   0.0000e+00   0.0000e+00   2.6492e+02
20261002_21:00:00   8.8269e-02   2.6283e+01   7.8537e+00   0.0000e+00   0.0000e+00   2.6532e+02
20261003_00:00:00   9.0562e-02   2.6872e+01   8.3221e+00   0.0000e+00   0.0000e+00   2.6399e+02
20261003_03:00:00   8.9465e-02   2.6583e+01   8.0467e+00   0.0000e+00   0.0000e+00   2.6443e+02
20261003_06:00:00   9.2740e-02   2.7420e+01   8.4277e+00   0.0000e+00   0.0000e+00   2.6551e+02
20261003_09:00:00   1.0074e-01   2.9434e+01   9.4945e+00   0.0000e+00   0.0000e+00   2.6507e+02
20261003_12:00:00   9.5675e-02   2.8126e+01   8.7480e+00   0.0000e+00   0.0000e+00   2.6193e+02
20261003_15:00:00   9.8422e-02   2.8832e+01   9.0585e+00   0.0000e+00   0.0000e+00   2.6318e+02
20261003_18:00:00   1.0663e-01   3.0911e+01   1.0205e+01   0.0000e+00   0.0000e+00   2.6439e+02
20261003_21:00:00   1.1877e-01   3.3946e+01   1.2095e+01   0.0000e+00   1.7678e-03   2.6753e+02
20261004_00:00:00   1.3222e-01   3.7217e+01   1.4039e+01   0.0000e+00   0.0000e+00   2.6801e+02
20261004_03:00:00   1.2461e-01   3.5378e+01   1.2801e+01   0.0000e+00   0.0000e+00   2.7489e+02
20261004_06:00:00   1.3055e-01   3.6821e+01   1.3713e+01   0.0000e+00   0.0000e+00   2.7956e+02
20261004_09:00:00   1.3330e-01   3.7465e+01   1.4152e+01   0.0000e+00   0.0000e+00   2.7867e+02
20261004_12:00:00   1.2753e-01   3.6094e+01   1.3312e+01   0.0000e+00   0.0000e+00   2.7397e+02
20261004_15:00:00   1.3055e-01   3.6859e+01   1.3721e+01   0.0000e+00   0.0000e+00   2.7045e+02
20261004_18:00:00   1.3013e-01   3.6779e+01   1.3595e+01   0.0000e+00   0.0000e+00   2.7140e+02
20261004_21:00:00   1.2403e-01   3.5230e+01   1.3087e+01   0.0000e+00   0.0000e+00   2.7188e+02
20261005_00:00:00   1.2690e-01   3.5947e+01   1.3551e+01   0.0000e+00   0.0000e+00   2.6995e+02
20261005_03:00:00   1.3703e-01   3.8461e+01   1.4743e+01   3.7081e-05   2.8500e-06   2.6936e+02
20261005_06:00:00   1.2475e-01   3.5498e+01   1.3064e+01   0.0000e+00   0.0000e+00   2.7130e+02
20261005_09:00:00   1.1892e-01   3.4013e+01   1.2297e+01   0.0000e+00   0.0000e+00   2.6975e+02
20261005_12:00:00   1.1260e-01   3.2451e+01   1.1316e+01   0.0000e+00   0.0000e+00   2.6739e+02
20261005_15:00:00   1.1421e-01   3.2841e+01   1.1457e+01   0.0000e+00   0.0000e+00   2.6816e+02
20261005_18:00:00   1.1614e-01   3.3382e+01   1.1555e+01   0.0000e+00   0.0000e+00   2.7047e+02
20261005_21:00:00   1.2850e-01   3.6504e+01   1.3250e+01   0.0000e+00   0.0000e+00   2.7298e+02
20261006_00:00:00   1.4913e-01   4.1487e+01   1.6006e+01   0.0000e+00   0.0000e+00   2.6870e+02
20261006_03:00:00   1.3905e-01   3.9102e+01   1.4452e+01   0.0000e+00   0.0000e+00   2.6667e+02
20261006_06:00:00   1.0772e-01   3.1341e+01   1.0305e+01   0.0000e+00   3.5800e-05   2.7027e+02
20261006_09:00:00   1.1311e-01   3.2678e+01   1.0855e+01   0.0000e+00   8.3977e-03   2.7045e+02
20261006_12:00:00   1.0651e-01   3.0936e+01   1.0266e+01   0.0000e+00   2.9740e-02   2.6999e+02
20261006_15:00:00   1.0290e-01   2.9947e+01   1.0088e+01   0.0000e+00   4.3392e-02   2.6836e+02
20261006_18:00:00   1.1195e-01   3.2110e+01   1.1839e+01   0.0000e+00   6.0344e-02   2.6940e+02
20261006_21:00:00   1.1843e-01   3.3799e+01   1.2542e+01   0.0000e+00   8.7055e-03   2.6735e+02
20261007_00:00:00   1.3830e-01   3.8525e+01   1.5757e+01   0.0000e+00   2.0456e-01   2.6698e+02
20261007_03:00:00   1.4260e-01   3.9558e+01   1.6370e+01   0.0000e+00   2.2769e-01   2.6656e+02
20261007_06:00:00   1.1780e-01   3.3415e+01   1.3339e+01   0.0000e+00   1.2143e-01   2.6674e+02
20261007_09:00:00   1.1229e-01   3.1962e+01   1.2879e+01   0.0000e+00   1.8022e-02   2.6653e+02
20261007_12:00:00   1.2725e-01   3.5645e+01   1.5108e+01   0.0000e+00   1.6594e-03   2.6528e+02
20261007_15:00:00   1.3569e-01   3.7903e+01   1.5802e+01   0.0000e+00   7.7299e-03   2.6380e+02
20261007_18:00:00   1.3460e-01   3.7717e+01   1.5277e+01   0.0000e+00   4.1242e-03   2.6311e+02
20261007_21:00:00   1.4342e-01   3.9915e+01   1.6294e+01   0.0000e+00   7.7331e-04   2.6338e+02
20261008_00:00:00   1.4594e-01   4.0490e+01   1.6876e+01   0.0000e+00   1.2418e-02   2.6273e+02
20261008_03:00:00   1.1177e-01   3.2053e+01   1.2274e+01   0.0000e+00   5.3930e-04   2.6369e+02
20261008_06:00:00   9.8477e-02   2.8724e+01   1.0130e+01   0.0000e+00   0.0000e+00   2.6410e+02
20261008_09:00:00   9.2976e-02   2.7289e+01   9.3592e+00   0.0000e+00   0.0000e+00   2.6151e+02
20261008_12:00:00   8.9680e-02   2.6408e+01   8.9101e+00   0.0000e+00   0.0000e+00   2.6062e+02
