#            date       tau255        Tb[K]      pwv[mm] lwp[kg*m^-2] iwp[kg*m^-2]       o3[DU]
20260904_12:00:00   2.0883e-01   5.5274e+01   2.2905e+01   0.0000e+00   0.0000e+00   2.7925e+02
20260904_13:00:00   2.1224e-01   5.5965e+01   2.3493e+01   0.0000e+00   2.9600e-04   2.7774e+02
20260904_14:00:00   2.0925e-01   5.5286e+01   2.3159e+01   0.0000e+00   6.8120e-05   2.7812e+02
20260904_15:00:00   2.0699e-01   5.4769e+01   2.2872e+01   0.0000e+00   5.9800e-04   2.7894e+02
20260904_16:00:00   2.0421e-01   5.4153e+01   2.2614e+01   0.0000e+00   1.0888e-03   2.7985e+02
20260904_17:00:00   2.0335e-01   5.3984e+01   2.2519e+01   0.0000e+00   1.3124e-03   2.7778e+02
20260904_18:00:00   2.0867e-01   5.5233e+01   2.2845e+01   0.0000e+00   0.0000e+00   2.7845e+02
20260904_19:00:00   2.2858e-01   5.9777e+01   2.3388e+01   1.6354e-02   0.0000e+00   2.8079e+02
20260904_20:00:00   2.5299e-01   6.5225e+01   2.3316e+01   4.7401e-02   1.1640e-03   2.7940e+02
20260904_21:00:00   2.8394e-01   7.1819e+01   2.3679e+01   8.2194e-02   9.7140e-04   2.7711e+02
20260904_22:00:00   3.6361e-01   8.7691e+01   2.4552e+01   1.6836e-01   6.5540e-04   2.7606e+02
20260904_23:00:00   3.2509e-01   8.0074e+01   2.4461e+01   1.2439e-01   3.2340e-04   2.7753e+02
20260905_00:00:00   2.5749e-01   6.6066e+01   2.4098e+01   5.0568e-02   0.0000e+00   2.7719e+02
20260905_01:00:00   2.2186e-01   5.8252e+01   2.3765e+01   1.4450e-02   0.0000e+00   2.7649e+02
20260905_02:00:00   2.0777e-01   5.5049e+01   2.3236e+01   6.4360e-03   0.0000e+00   2.7519e+02
20260905_03:00:00   1.9882e-01   5.2970e+01   2.3177e+01   0.0000e+00   0.0000e+00   2.7514e+02
20260905_04:00:00   1.9400e-01   5.1835e+01   2.2957e+01   0.0000e+00   0.0000e+00   2.7473e+02
20260905_05:00:00   1.9534e-01   5.2089e+01   2.3304e+01   0.0000e+00   0.0000e+00   2.7644e+02
20260905_06:00:00   1.9928e-01   5.2954e+01   2.3812e+01   0.0000e+00   0.0000e+00   2.7740e+02
20260905_07:00:00   2.0567e-01   5.4377e+01   2.4559e+01   0.0000e+00   1.8141e-04   2.7872e+02
20260905_08:00:00   2.1224e-01   5.5820e+01   2.5330e+01   0.0000e+00   1.1402e-03   2.7925e+02
20260905_09:00:00   2.1451e-01   5.6315e+01   2.5648e+01   0.0000e+00   6.3764e-03   2.7976e+02
20260905_10:00:00   2.1772e-01   5.7002e+01   2.6024e+01   0.0000e+00   9.4625e-03   2.7949e+02
20260905_11:00:00   2.2026e-01   5.7542e+01   2.6324e+01   0.0000e+00   6.9160e-03   2.7914e+02
20260905_12:00:00   2.2227e-01   5.7990e+01   2.6547e+01   0.0000e+00   4.0836e-03   2.7871e+02
20260905_13:00:00   2.2344e-01   5.8250e+01   2.6668e+01   0.0000e+00   3.3518e-03   2.7903e+02
20260905_14:00:00   2.2563e-01   5.8735e+01   2.6934e+01   0.0000e+00   2.5243e-03   2.8027e+02
20260905_15:00:00   2.2883e-01   5.9425e+01   2.7288e+01   0.0000e+00   6.0899e-03   2.8074e+02
20260905_16:00:00   2.2641e-01   5.8942e+01   2.6910e+01   0.0000e+00   1.9794e-03   2.8090e+02
20260905_17:00:00   2.2597e-01   5.8899e+01   2.6683e+01   0.0000e+00   2.8200e-04   2.7945e+02
20260905_18:00:00   2.2400e-01   5.8522e+01   2.6453e+01   0.0000e+00   4.3500e-04   2.7972e+02
20260905_19:00:00   2.2339e-01   5.8457e+01   2.6375e+01   0.0000e+00   2.6040e-03   2.7894e+02
20260905_20:00:00   2.2657e-01   5.9221e+01   2.6600e+01   0.0000e+00   5.0080e-04   2.7652e+02
20260905_21:00:00   2.2821e-01   5.9643e+01   2.6592e+01   4.3920e-04   0.0000e+00   2.7509e+02
20260905_22:00:00   2.4643e-01   6.3655e+01   2.7045e+01   1.6368e-02   0.0000e+00   2.7460e+02
20260905_23:00:00   2.6657e-01   6.8001e+01   2.6778e+01   4.2879e-02   0.0000e+00   2.7459e+02
20260906_00:00:00   2.9450e-01   7.3849e+01   2.6136e+01   8.3140e-02   0.0000e+00   2.7403e+02
20260906_01:00:00   2.7254e-01   6.9261e+01   2.5597e+01   6.5500e-02   0.0000e+00   2.7220e+02
20260906_02:00:00   2.3507e-01   6.1159e+01   2.5164e+01   2.5700e-02   0.0000e+00   2.7098e+02
20260906_03:00:00   2.0838e-01   5.5228e+01   2.4593e+01   0.0000e+00   0.0000e+00   2.7186e+02
20260906_04:00:00   2.0715e-01   5.4968e+01   2.4538e+01   0.0000e+00   3.0280e-05   2.7185e+02
20260906_05:00:00   2.0622e-01   5.4769e+01   2.4432e+01   0.0000e+00   2.8580e-04   2.7179e+02
20260906_06:00:00   2.0548e-01   5.4562e+01   2.4576e+01   0.0000e+00   1.9698e-03   2.7146e+02
20260906_07:00:00   2.0642e-01   5.4766e+01   2.4783e+01   0.0000e+00   2.8226e-03   2.7239e+02
20260906_08:00:00   2.1031e-01   5.5593e+01   2.5263e+01   0.0000e+00   5.4553e-03   2.7327e+02
20260906_09:00:00   2.1048e-01   5.5621e+01   2.5329e+01   0.0000e+00   9.7363e-03   2.7426e+02
20260906_10:00:00   2.1159e-01   5.5877e+01   2.5375e+01   0.0000e+00   4.2394e-03   2.7743e+02
20260906_11:00:00   2.1907e-01   5.7495e+01   2.6190e+01   1.7450e-04   3.3385e-03   2.7860e+02
20260906_12:00:00   2.3063e-01   5.9977e+01   2.6984e+01   5.0605e-03   3.1508e-03   2.7888e+02
20260906_13:00:00   2.4280e-01   6.2602e+01   2.7786e+01   1.1274e-02   3.8611e-03   2.7870e+02
20260906_14:00:00   2.3580e-01   6.1129e+01   2.7957e+01   9.1960e-04   3.6839e-03   2.7848e+02
20260906_15:00:00   2.4647e-01   6.3441e+01   2.7859e+01   1.2547e-02   2.5573e-03   2.7822e+02
20260906_16:00:00   3.9349e-01   9.2486e+01   2.8646e+01   1.7214e-01   5.2412e-03   2.7750e+02
20260906_17:00:00   3.2894e-01   8.0315e+01   2.9023e+01   9.6500e-02   4.3137e-03   2.7781e+02
20260906_18:00:00   2.4076e-01   6.2269e+01   2.8674e+01   1.2110e-04   3.0105e-03   2.7737e+02
20260906_19:00:00   2.3913e-01   6.1915e+01   2.8538e+01   0.0000e+00   3.4551e-03   2.7894e+02
20260906_20:00:00   2.4121e-01   6.2365e+01   2.8800e+01   0.0000e+00   3.1940e-03   2.7813e+02
20260906_21:00:00   2.4489e-01   6.3145e+01   2.9270e+01   1.7624e-05   3.8465e-03   2.7737e+02
20260906_22:00:00   2.5723e-01   6.5812e+01   2.9556e+01   1.3426e-02   2.6324e-03   2.7669e+02
20260906_23:00:00   2.6677e-01   6.7877e+01   2.9642e+01   2.5140e-02   4.9021e-05   2.7614e+02
20260907_00:00:00   2.4682e-01   6.3628e+01   2.9384e+01   4.8920e-03   0.0000e+00   2.7464e+02
20260907_01:00:00   2.5630e-01   6.5656e+01   2.9616e+01   1.3080e-02   0.0000e+00   2.7696e+02
20260907_02:00:00   2.9588e-01   7.3966e+01   2.9870e+01   5.4797e-02   0.0000e+00   2.7703e+02
20260907_03:00:00   3.4860e-01   8.4449e+01   2.9676e+01   1.1467e-01   1.0604e-04   2.7723e+02
20260907_04:00:00   2.9997e-01   7.4873e+01   2.9648e+01   6.1040e-02   2.1921e-03   2.7721e+02
20260907_05:00:00   2.5792e-01   6.6037e+01   2.8998e+01   1.5665e-02   3.7060e-06   2.7557e+02
20260907_06:00:00   2.3867e-01   6.1869e+01   2.8113e+01   0.0000e+00   0.0000e+00   2.7551e+02
20260907_07:00:00   2.3810e-01   6.1752e+01   2.8156e+01   0.0000e+00   7.5220e-05   2.7253e+02
20260907_08:00:00   2.3584e-01   6.1248e+01   2.8041e+01   0.0000e+00   1.6428e-04   2.7310e+02
20260907_09:00:00   2.3579e-01   6.1203e+01   2.8051e+01   0.0000e+00   2.7378e-04   2.7142e+02
20260907_10:00:00   2.3274e-01   6.0535e+01   2.7683e+01   0.0000e+00   1.8525e-04   2.7124e+02
20260907_11:00:00   2.3559e-01   6.1132e+01   2.7789e+01   9.0000e-04   1.3584e-04   2.7231e+02
20260907_12:00:00   2.3741e-01   6.1522e+01   2.7968e+01   0.0000e+00   6.8800e-05   2.7258e+02
20260907_13:00:00   2.3705e-01   6.1449e+01   2.7875e+01   0.0000e+00   3.0280e-06   2.7052e+02
20260907_14:00:00   2.3679e-01   6.1399e+01   2.7812e+01   0.0000e+00   1.9606e-06   2.6945e+02
20260907_15:00:00   2.3647e-01   6.1327e+01   2.7866e+01   0.0000e+00   3.9220e-05   2.6979e+02
20260907_16:00:00   2.3766e-01   6.1562e+01   2.8133e+01   0.0000e+00   1.8520e-03   2.7192e+02
20260907_17:00:00   2.4020e-01   6.2092e+01   2.8647e+01   0.0000e+00   3.0587e-03   2.7092e+02
20260907_18:00:00   2.4103e-01   6.2289e+01   2.8870e+01   0.0000e+00   4.7978e-03   2.7000e+02
20260907_19:00:00   2.4337e-01   6.2811e+01   2.9137e+01   0.0000e+00   5.0552e-03   2.7089e+02
20260907_20:00:00   2.4401e-01   6.2974e+01   2.9103e+01   1.1312e-03   1.7212e-03   2.7285e+02
20260907_21:00:00   2.4244e-01   6.2639e+01   2.8895e+01   2.6520e-03   1.0151e-02   2.7476e+02
20260907_22:00:00   2.3847e-01   6.1749e+01   2.8839e+01   3.1680e-04   2.4797e-02   2.7602e+02
20260907_23:00:00   2.3595e-01   6.1211e+01   2.8507e+01   2.0140e-03   8.2765e-03   2.7744e+02
20260908_00:00:00   2.3389e-01   6.0759e+01   2.8183e+01   3.1587e-03   2.6280e-03   2.7675e+02
20260908_01:00:00   2.2424e-01   5.8649e+01   2.7356e+01   2.7357e-04   4.4242e-04   2.7621e+02
20260908_02:00:00   2.2263e-01   5.8249e+01   2.7197e+01   3.2340e-05   1.5353e-03   2.7747e+02
20260908_03:00:00   2.1960e-01   5.7559e+01   2.6831e+01   0.0000e+00   4.2399e-03   2.7722e+02
20260908_04:00:00   2.1511e-01   5.6581e+01   2.6280e+01   0.0000e+00   4.7434e-04   2.7588e+02
20260908_05:00:00   2.2082e-01   5.7802e+01   2.6695e+01   0.0000e+00   3.1160e-05   2.7504e+02
20260908_06:00:00   2.1844e-01   5.7289e+01   2.6399e+01   0.0000e+00   1.2080e-04   2.7413e+02
20260908_07:00:00   2.1852e-01   5.7259e+01   2.6577e+01   0.0000e+00   1.3758e-03   2.7352e+02
20260908_08:00:00   2.2085e-01   5.7731e+01   2.6735e+01   1.9606e-05   5.8733e-05   2.7460e+02
20260908_09:00:00   2.1962e-01   5.7470e+01   2.6507e+01   0.0000e+00   1.2527e-04   2.7565e+02
20260908_10:00:00   2.2076e-01   5.7687e+01   2.6697e+01   0.0000e+00   1.0686e-04   2.7431e+02
20260908_11:00:00   2.2250e-01   5.8028e+01   2.6933e+01   0.0000e+00   9.3582e-04   2.7240e+02
20260908_12:00:00   2.1867e-01   5.7161e+01   2.6749e+01   0.0000e+00   3.0385e-03   2.7291e+02
20260908_13:00:00   2.1836e-01   5.7063e+01   2.6844e+01   0.0000e+00   4.1514e-03   2.7405e+02
20260908_14:00:00   2.1810e-01   5.6969e+01   2.6860e+01   3.9220e-06   3.6562e-03   2.7659e+02
20260908_15:00:00   2.1496e-01   5.6292e+01   2.6660e+01   0.0000e+00   3.1778e-03   2.7631e+02
20260908_16:00:00   2.1654e-01   5.6638e+01   2.6914e+01   0.0000e+00   2.5640e-03   2.7439e+02
20260908_17:00:00   2.2166e-01   5.7768e+01   2.7518e+01   1.9606e-06   4.7426e-03   2.7370e+02
20260908_18:00:00   2.2655e-01   5.8850e+01   2.8072e+01   9.8020e-07   5.0330e-03   2.7478e+02
20260908_19:00:00   2.3175e-01   6.0013e+01   2.8581e+01   0.0000e+00   8.0422e-03   2.7488e+02
20260908_20:00:00   2.3339e-01   6.0432e+01   2.8686e+01   0.0000e+00   1.4582e-03   2.7471e+02
20260908_21:00:00   2.3396e-01   6.0604e+01   2.8649e+01   2.2798e-04   1.8890e-04   2.7749e+02
20260908_22:00:00   2.3230e-01   6.0290e+01   2.8283e+01   1.5992e-03   5.7608e-05   2.7820e+02
20260908_23:00:00   2.2006e-01   5.7693e+01   2.7049e+01   1.9606e-06   7.5700e-06   2.7736e+02
20260909_00:00:00   2.4305e-01   6.2644e+01   2.6331e+01   3.2743e-02   3.8420e-05   2.7664e+02
20260909_01:00:00   2.6156e-01   6.6551e+01   2.6113e+01   5.5052e-02   2.5677e-04   2.7618e+02
20260909_02:00:00   2.2393e-01   5.8352e+01   2.5496e+01   1.7979e-02   1.2474e-02   2.7711e+02
20260909_03:00:00   2.3212e-01   6.0138e+01   2.4927e+01   3.4176e-02   2.2805e-02   2.7894e+02
20260909_04:00:00   2.2880e-01   5.9395e+01   2.4628e+01   3.2014e-02   7.7645e-03   2.7850e+02
20260909_05:00:00   1.9643e-01   5.2253e+01   2.4004e+01   2.4332e-04   7.1638e-04   2.7738e+02
20260909_06:00:00   1.9493e-01   5.1896e+01   2.3871e+01   4.9100e-04   4.3808e-04   2.7716e+02
20260909_07:00:00   1.9552e-01   5.1972e+01   2.4169e+01   5.2940e-05   4.0646e-04   2.7528e+02
20260909_08:00:00   2.0531e-01   5.4203e+01   2.3552e+01   1.4438e-02   6.1902e-05   2.7522e+02
20260909_09:00:00   2.4522e-01   6.2904e+01   2.3658e+01   5.5180e-02   3.8238e-04   2.7533e+02
20260909_10:00:00   2.1591e-01   5.6637e+01   2.4576e+01   1.3750e-02   7.1254e-04   2.7488e+02
20260909_11:00:00   2.0438e-01   5.4097e+01   2.4678e+01   4.1100e-04   2.9480e-05   2.7529e+02
20260909_12:00:00   2.1656e-01   5.6817e+01   2.5833e+01   1.8972e-03   2.2558e-03   2.7570e+02
20260909_15:00:00   2.4381e-01   6.2666e+01   2.7419e+01   1.8125e-02   3.7902e-04   2.7572e+02
20260909_18:00:00   2.4121e-01   6.2370e+01   2.8729e+01   0.0000e+00   0.0000e+00   2.7615e+02
20260909_21:00:00   5.8755e-01   1.2606e+02   3.0529e+01   3.7998e-01   8.4100e-06   2.7596e+02
20260910_00:00:00   5.2305e-01   1.1525e+02   2.8361e+01   3.2655e-01   2.3064e-01   2.7846e+02
20260910_03:00:00   6.4733e-01   1.3459e+02   3.2223e+01   4.2825e-01   1.2293e-01   2.8147e+02
20260910_06:00:00   3.5877e-01   8.5749e+01   3.0288e+01   1.2209e-01   5.3658e-02   2.8072e+02
20260910_09:00:00   2.2085e-01   5.8051e+01   2.5549e+01   0.0000e+00   1.4087e-03   2.8145e+02
20260910_12:00:00   2.1055e-01   5.5791e+01   2.4002e+01   0.0000e+00   1.7818e-04   2.7841e+02
20260910_15:00:00   2.2999e-01   5.9960e+01   2.6483e+01   0.0000e+00   0.0000e+00   2.7812e+02
20260910_18:00:00   2.5793e-01   6.5978e+01   2.9162e+01   2.3020e-03   9.6772e-05   2.7852e+02
20260910_21:00:00   9.7681e-01   1.7581e+02   3.2688e+01   8.0406e-01   6.2591e-04   2.7564e+02
20260911_00:00:00   4.0587e-01   9.4608e+01   3.1891e+01   1.5108e-01   7.9765e-01   2.7345e+02
20260911_03:00:00   9.7081e-01   1.7362e+02   3.4483e+01   7.7409e-01   6.0739e-02   2.7370e+02
20260911_06:00:00   3.1669e-01   7.7451e+01   3.1805e+01   5.9128e-02   3.7244e-01   2.7473e+02
20260911_09:00:00   2.7122e-01   6.8226e+01   3.1258e+01   1.1212e-02   2.2650e-01   2.7577e+02
20260911_12:00:00   7.0484e-01   1.4077e+02   3.1859e+01   4.9272e-01   1.4664e-02   2.7513e+02
20260911_15:00:00   3.2963e-01   7.9956e+01   3.1542e+01   6.7116e-02   2.7532e-02   2.7191e+02
20260911_18:00:00   2.8708e-01   7.1616e+01   3.2083e+01   1.1623e-02   1.8324e-03   2.7526e+02
20260911_21:00:00   3.9889e-01   9.3469e+01   3.3531e+01   1.2472e-01   4.4668e-02   2.7421e+02
20260912_00:00:00   5.4144e-01   1.1726e+02   3.2438e+01   3.0184e-01   5.0714e-02   2.7335e+02
20260912_03:00:00   3.5070e-01   8.4063e+01   3.3023e+01   7.7451e-02   1.5834e-01   2.7430e+02
20260912_06:00:00   7.4378e-01   1.4591e+02   3.3482e+01   5.1546e-01   8.8835e-02   2.7589e+02
20260912_09:00:00   7.0930e-01   1.4169e+02   3.3044e+01   4.8415e-01   8.1545e-02   2.7600e+02
20260912_12:00:00   7.7490e-01   1.4975e+02   3.2865e+01   5.5755e-01   8.1884e-02   2.8022e+02
20260912_15:00:00   7.6256e-01   1.4842e+02   3.1907e+01   5.5483e-01   2.9720e-02   2.8248e+02
20260912_18:00:00   6.7488e-01   1.3687e+02   3.1911e+01   4.5570e-01   2.8901e-03   2.8588e+02
20260912_21:00:00   6.0573e-01   1.2686e+02   3.1729e+01   3.8021e-01   9.9690e-03   2.8277e+02
20260913_00:00:00   3.6327e-01   8.6429e+01   3.1467e+01   1.0818e-01   1.9181e-02   2.8425e+02
20260913_03:00:00   3.1867e-01   7.7957e+01   3.0961e+01   6.3735e-02   5.9276e-03   2.8602e+02
20260913_06:00:00   3.5053e-01   8.4049e+01   3.0515e+01   1.0473e-01   4.0687e-03   2.8863e+02
20260913_09:00:00   2.7408e-01   6.8969e+01   3.0652e+01   1.4204e-02   3.8859e-03   2.8918e+02
20260913_12:00:00   2.5447e-01   6.4894e+01   2.9789e+01   0.0000e+00   4.1317e-04   2.9055e+02
20260913_15:00:00   2.5127e-01   6.4231e+01   2.9148e+01   2.5770e-07   5.6621e-04   2.9029e+02
20260913_18:00:00   2.6227e-01   6.6698e+01   2.9470e+01   6.5312e-03   2.1763e-03   2.8924e+02
20260913_21:00:00   3.3558e-01   8.2116e+01   3.0921e+01   8.1800e-02   1.9093e-02   2.8721e+02
20260914_00:00:00   2.6618e-01   6.7609e+01   3.0903e+01   0.0000e+00   1.0792e-01   2.8709e+02
20260914_03:00:00   2.6711e-01   6.7869e+01   3.0761e+01   0.0000e+00   1.9780e-03   2.9100e+02
20260914_06:00:00   2.2207e-01   5.7857e+01   2.6759e+01   3.5108e-03   1.0802e-01   2.9106e+02
20260914_09:00:00   2.4432e-01   6.2921e+01   2.8559e+01   1.0178e-04   7.3346e-04   2.8864e+02
20260914_12:00:00   2.5883e-01   6.6014e+01   2.9197e+01   6.2841e-04   5.2802e-04   2.9310e+02
20260914_15:00:00   2.5319e-01   6.4785e+01   2.9413e+01   0.0000e+00   3.2211e-03   2.8893e+02
20260914_18:00:00   2.6504e-01   6.7319e+01   3.0328e+01   6.2640e-04   1.9858e-02   2.8989e+02
20260914_21:00:00   3.3707e-01   8.2444e+01   3.1578e+01   7.3990e-02   3.5450e-03   2.8649e+02
20260915_00:00:00   5.5751e-01   1.2182e+02   3.1318e+01   3.3435e-01   6.9713e-04   2.8242e+02
20260915_03:00:00   4.4909e-01   1.0329e+02   3.1763e+01   1.9843e-01   3.8688e-02   2.8234e+02
20260915_06:00:00   2.6408e-01   6.7108e+01   2.8783e+01   1.0230e-02   3.6401e-03   2.8199e+02
20260915_09:00:00   1.4462e-01   3.9859e+01   1.6688e+01   0.0000e+00   9.7722e-04   2.8158e+02
20260915_12:00:00   1.1819e-01   3.3330e+01   1.3223e+01   0.0000e+00   1.7159e-03   2.8001e+02
20260915_15:00:00   9.8737e-02   2.8448e+01   1.0645e+01   0.0000e+00   3.4370e-03   2.8168e+02
20260915_18:00:00   1.2076e-01   3.4044e+01   1.3405e+01   0.0000e+00   1.0352e-02   2.8308e+02
20260915_21:00:00   1.3117e-01   3.6659e+01   1.4816e+01   0.0000e+00   6.5429e-04   2.8259e+02
20260916_00:00:00   1.2521e-01   3.5205e+01   1.4058e+01   0.0000e+00   1.4748e-04   2.8398e+02
20260916_03:00:00   1.0718e-01   3.0697e+01   1.1537e+01   0.0000e+00   8.3520e-05   2.8479e+02
20260916_06:00:00   9.7702e-02   2.8203e+01   1.0308e+01   0.0000e+00   3.7326e-04   2.8515e+02
20260916_09:00:00   9.5204e-02   2.7549e+01   9.9300e+00   0.0000e+00   2.9232e-03   2.8519e+02
20260916_12:00:00   1.0694e-01   3.0452e+01   1.1614e+01   0.0000e+00   4.0632e-03   2.8602e+02
20260916_15:00:00   1.0599e-01   3.0137e+01   1.1624e+01   0.0000e+00   1.3898e-03   2.8509e+02
20260916_18:00:00   1.2743e-01   3.5518e+01   1.4089e+01   0.0000e+00   1.1453e-04   2.8465e+02
20260916_21:00:00   1.3973e-01   3.8528e+01   1.5957e+01   0.0000e+00   1.3819e-03   2.8173e+02
20260917_00:00:00   1.6769e-01   4.5126e+01   1.9686e+01   0.0000e+00   6.7608e-03   2.8164e+02
20260917_03:00:00   1.7431e-01   4.6696e+01   2.0415e+01   0.0000e+00   1.1003e-03   2.8314e+02
20260917_06:00:00   1.6895e-01   4.5360e+01   1.9595e+01   1.0704e-04   1.2608e-03   2.8227e+02
20260917_09:00:00   1.6830e-01   4.4989e+01   1.9574e+01   7.8420e-06   2.0280e-01   2.8072e+02
20260917_12:00:00   1.7583e-01   4.6705e+01   1.5045e+01   3.8897e-02   1.7134e-02   2.8565e+02
20260917_15:00:00   1.1885e-01   3.3481e+01   1.1798e+01   0.0000e+00   0.0000e+00   2.8880e+02
20260917_18:00:00   1.2335e-01   3.4772e+01   1.1621e+01   0.0000e+00   0.0000e+00   2.8703e+02
20260917_21:00:00   1.2025e-01   3.4083e+01   1.1378e+01   0.0000e+00   0.0000e+00   2.8694e+02
20260918_00:00:00   1.1180e-01   3.2022e+01   1.0336e+01   0.0000e+00   0.0000e+00   2.8788e+02
20260918_03:00:00   1.0020e-01   2.9140e+01   8.7172e+00   0.0000e+00   0.0000e+00   2.8816e+02
20260918_06:00:00   9.7351e-02   2.8439e+01   8.3534e+00   0.0000e+00   0.0000e+00   2.8875e+02
20260918_09:00:00   1.0380e-01   3.0069e+01   8.9637e+00   0.0000e+00   0.0000e+00   2.9015e+02
20260918_12:00:00   1.1237e-01   3.2193e+01   1.0277e+01   0.0000e+00   0.0000e+00   2.8953e+02
20260918_15:00:00   9.5954e-02   2.8024e+01   8.2262e+00   0.0000e+00   0.0000e+00   2.8914e+02
20260918_18:00:00   1.0363e-01   2.9926e+01   9.5843e+00   0.0000e+00   0.0000e+00   2.9216e+02
20260918_21:00:00   1.3527e-01   3.7741e+01   1.4287e+01   0.0000e+00   0.0000e+00   2.9199e+02
20260919_00:00:00   1.3257e-01   3.7159e+01   1.3930e+01   0.0000e+00   0.0000e+00   2.8533e+02
20260919_03:00:00   1.3462e-01   3.7632e+01   1.4385e+01   0.0000e+00   0.0000e+00   2.8637e+02
20260919_06:00:00   1.3991e-01   3.8850e+01   1.5509e+01   0.0000e+00   0.0000e+00   2.8372e+02
20260919_09:00:00   1.4349e-01   3.9569e+01   1.6233e+01   0.0000e+00   1.8129e-03   2.7990e+02
20260919_12:00:00   1.3089e-01   3.6465e+01   1.4644e+01   0.0000e+00   3.7876e-04   2.7998e+02
20260919_15:00:00   1.2086e-01   3.3973e+01   1.3389e+01   0.0000e+00   6.0980e-03   2.7852e+02
20260919_18:00:00   1.3012e-01   3.6245e+01   1.4662e+01   0.0000e+00   5.7664e-03   2.7600e+02
20260919_21:00:00   1.3803e-01   3.8178e+01   1.5962e+01   0.0000e+00   1.8086e-02   2.7651e+02
20260920_00:00:00   1.3891e-01   3.8350e+01   1.6306e+01   0.0000e+00   3.1846e-03   2.7597e+02
20260920_03:00:00   1.3630e-01   3.7708e+01   1.6078e+01   0.0000e+00   4.7839e-02   2.7535e+02
20260920_06:00:00   1.3368e-01   3.7092e+01   1.5640e+01   0.0000e+00   1.7358e-03   2.7565e+02
20260920_09:00:00   1.3287e-01   3.6868e+01   1.5468e+01   0.0000e+00   4.4729e-05   2.7363e+02
20260920_12:00:00   1.2842e-01   3.5773e+01   1.4830e+01   0.0000e+00   4.6260e-05   2.7242e+02
