#            date       tau255        Tb[K]      pwv[mm] lwp[kg*m^-2] iwp[kg*m^-2]       o3[DU]
20260727_12:00:00   2.1118e-01   5.6415e+01   2.4179e+01   0.0000e+00   0.0000e+00   3.0178e+02
20260727_13:00:00   2.0682e-01   5.5426e+01   2.3607e+01   0.0000e+00   0.0000e+00   3.0472e+02
20260727_14:00:00   2.0088e-01   5.4046e+01   2.3059e+01   0.0000e+00   0.0000e+00   3.0620e+02
20260727_15:00:00   2.0140e-01   5.4147e+01   2.3244e+01   0.0000e+00   0.0000e+00   3.0438e+02
20260727_16:00:00   2.0193e-01   5.4241e+01   2.3412e+01   0.0000e+00   0.0000e+00   3.0507e+02
20260727_17:00:00   2.0860e-01   5.5738e+01   2.4215e+01   0.0000e+00   0.0000e+00   3.0598e+02
20260727_18:00:00   2.1431e-01   5.7070e+01   2.4657e+01   0.0000e+00   0.0000e+00   3.0520e+02
20260727_19:00:00   2.1915e-01   5.8230e+01   2.5081e+01   0.0000e+00   0.0000e+00   3.0330e+02
20260727_20:00:00   2.2681e-01   6.0004e+01   2.5880e+01   0.0000e+00   0.0000e+00   3.0020e+02
20260727_21:00:00   2.3119e-01   6.1033e+01   2.6376e+01   1.5684e-05   0.0000e+00   2.9950e+02
20260727_22:00:00   2.3316e-01   6.1497e+01   2.6389e+01   2.8380e-03   0.0000e+00   2.9669e+02
20260727_23:00:00   2.2761e-01   6.0302e+01   2.6022e+01   5.4600e-04   0.0000e+00   2.9665e+02
20260728_00:00:00   2.1921e-01   5.8475e+01   2.5169e+01   3.7840e-06   0.0000e+00   2.9431e+02
20260728_01:00:00   2.2800e-01   6.0386e+01   2.6265e+01   4.9020e-06   1.1746e-02   2.9270e+02
20260728_02:00:00   2.2814e-01   6.0500e+01   2.6010e+01   6.8580e-04   5.1477e-02   2.9429e+02
20260728_03:00:00   3.6347e-01   8.8460e+01   2.8290e+01   1.3673e-01   1.5751e-01   2.9128e+02
20260728_04:00:00   5.4234e-01   1.1976e+02   3.1184e+01   3.2080e-01   2.1552e-01   2.9424e+02
20260728_05:00:00   2.8713e-01   7.2656e+01   3.0612e+01   3.0920e-02   6.0415e-01   2.9707e+02
20260728_06:00:00   2.8144e-01   7.1299e+01   3.2441e+01   9.1391e-03   8.5155e-01   2.9646e+02
20260728_07:00:00   3.2283e-01   7.9245e+01   3.3105e+01   5.5523e-02   8.8317e-01   2.9485e+02
20260728_08:00:00   2.7365e-01   6.9125e+01   3.2508e+01   7.6381e-03   1.0178e+00   2.9580e+02
20260728_09:00:00   2.5977e-01   6.6076e+01   3.1267e+01   1.0805e-02   5.5506e-01   2.9625e+02
20260728_10:00:00   4.1818e-01   9.6778e+01   3.2984e+01   1.6802e-01   7.6447e-01   2.9482e+02
20260728_11:00:00   4.9556e-01   1.1006e+02   3.2420e+01   2.6252e-01   3.3233e-01   2.9531e+02
20260728_12:00:00   7.8790e-01   1.5122e+02   3.1857e+01   5.9773e-01   1.1867e-01   2.9466e+02
20260728_13:00:00   2.9580e-01   7.3596e+01   2.9471e+01   6.6880e-02   9.3055e-03   2.9582e+02
20260728_14:00:00   2.4708e-01   6.3698e+01   2.9633e+01   5.0420e-03   3.2013e-02   2.9749e+02
20260728_15:00:00   2.5792e-01   6.6085e+01   3.0746e+01   1.1730e-03   7.2022e-03   2.9824e+02
20260728_16:00:00   2.5679e-01   6.5948e+01   3.0383e+01   0.0000e+00   1.4207e-04   2.9713e+02
20260728_17:00:00   2.5476e-01   6.5651e+01   2.9794e+01   0.0000e+00   2.2200e-04   2.9496e+02
20260728_18:00:00   2.5890e-01   6.6636e+01   3.0215e+01   0.0000e+00   8.5197e-04   2.9366e+02
20260728_19:00:00   2.6613e-01   6.8213e+01   3.1046e+01   0.0000e+00   3.2538e-03   2.9490e+02
20260728_20:00:00   2.7698e-01   7.0584e+01   3.1753e+01   3.8399e-03   3.8354e-03   2.9701e+02
20260728_21:00:00   3.0944e-01   7.7465e+01   3.1582e+01   4.3343e-02   1.7524e-03   2.9751e+02
20260728_22:00:00   3.2685e-01   8.1053e+01   3.1779e+01   6.1385e-02   4.0520e-04   2.9862e+02
20260728_23:00:00   2.9400e-01   7.4404e+01   3.0637e+01   3.3685e-02   2.7240e-05   3.0040e+02
20260729_00:00:00   2.6599e-01   6.8490e+01   2.9956e+01   8.1742e-03   1.6022e-06   2.9787e+02
20260729_01:00:00   2.6134e-01   6.7477e+01   2.9794e+01   4.7400e-03   0.0000e+00   2.9757e+02
20260729_02:00:00   2.6976e-01   6.9201e+01   3.0201e+01   1.1882e-02   0.0000e+00   2.9758e+02
20260729_03:00:00   2.3951e-01   6.2716e+01   2.8048e+01   0.0000e+00   0.0000e+00   2.9805e+02
20260729_04:00:00   2.2616e-01   5.9804e+01   2.6372e+01   0.0000e+00   0.0000e+00   2.9705e+02
20260729_05:00:00   2.3992e-01   6.2747e+01   2.7883e+01   1.3894e-05   1.4170e-03   2.9624e+02
20260729_06:00:00   2.4056e-01   6.2871e+01   2.7802e+01   0.0000e+00   1.1780e-02   2.9586e+02
20260729_07:00:00   2.3438e-01   6.1513e+01   2.7154e+01   0.0000e+00   6.5401e-02   2.9505e+02
20260729_08:00:00   2.3274e-01   6.1128e+01   2.7031e+01   0.0000e+00   6.1095e-02   2.9562e+02
20260729_09:00:00   2.3211e-01   6.0991e+01   2.6782e+01   0.0000e+00   6.4323e-03   2.9599e+02
20260729_10:00:00   2.2858e-01   6.0219e+01   2.6189e+01   0.0000e+00   5.1020e-03   2.9515e+02
20260729_11:00:00   2.1984e-01   5.8284e+01   2.5247e+01   0.0000e+00   1.9411e-03   2.9708e+02
20260729_12:00:00   2.2119e-01   5.8568e+01   2.5263e+01   0.0000e+00   9.5353e-04   2.9550e+02
20260729_13:00:00   2.1956e-01   5.8208e+01   2.5000e+01   0.0000e+00   4.6550e-03   2.9756e+02
20260729_14:00:00   2.1701e-01   5.7606e+01   2.5063e+01   0.0000e+00   5.8593e-03   2.9967e+02
20260729_15:00:00   2.1838e-01   5.7849e+01   2.5580e+01   0.0000e+00   3.0554e-03   2.9844e+02
20260729_16:00:00   2.2410e-01   5.9072e+01   2.6406e+01   0.0000e+00   3.8381e-03   2.9816e+02
20260729_17:00:00   2.2808e-01   5.9957e+01   2.6845e+01   0.0000e+00   3.3167e-03   3.0034e+02
20260729_18:00:00   2.2691e-01   5.9776e+01   2.6588e+01   0.0000e+00   1.4768e-03   3.0020e+02
20260729_19:00:00   2.2750e-01   5.9969e+01   2.6645e+01   0.0000e+00   6.8877e-04   3.0091e+02
20260729_20:00:00   2.3527e-01   6.1714e+01   2.7793e+01   0.0000e+00   6.9297e-04   3.0203e+02
20260729_21:00:00   2.4133e-01   6.3083e+01   2.8854e+01   0.0000e+00   6.7508e-04   3.0187e+02
20260729_22:00:00   2.4894e-01   6.4775e+01   3.0030e+01   0.0000e+00   6.0550e-05   3.0088e+02
20260729_23:00:00   2.5612e-01   6.6368e+01   3.0775e+01   2.4540e-04   0.0000e+00   2.9913e+02
20260730_00:00:00   2.7128e-01   6.9732e+01   3.0316e+01   2.0340e-02   0.0000e+00   2.9663e+02
20260730_01:00:00   2.5980e-01   6.7347e+01   2.9080e+01   1.7968e-02   0.0000e+00   2.9500e+02
20260730_02:00:00   2.3153e-01   6.1192e+01   2.7354e+01   1.0188e-04   0.0000e+00   2.9437e+02
20260730_03:00:00   2.2999e-01   6.0729e+01   2.7508e+01   0.0000e+00   0.0000e+00   2.9169e+02
20260730_04:00:00   2.1828e-01   5.8148e+01   2.6219e+01   0.0000e+00   0.0000e+00   2.9130e+02
20260730_05:00:00   2.2504e-01   5.9549e+01   2.7316e+01   0.0000e+00   5.4460e-04   2.9226e+02
20260730_06:00:00   2.2618e-01   5.9724e+01   2.7715e+01   0.0000e+00   2.4874e-03   2.9232e+02
20260730_07:00:00   2.2383e-01   5.9162e+01   2.7467e+01   0.0000e+00   6.8194e-03   2.9246e+02
20260730_08:00:00   2.3222e-01   6.0840e+01   2.8583e+01   0.0000e+00   3.0233e-02   2.9217e+02
20260730_09:00:00   2.1974e-01   5.8089e+01   2.7156e+01   0.0000e+00   2.5247e-02   2.9298e+02
20260730_10:00:00   2.2206e-01   5.8564e+01   2.7400e+01   0.0000e+00   7.2145e-02   2.9252e+02
20260730_11:00:00   2.2855e-01   5.9846e+01   2.8606e+01   0.0000e+00   1.3074e-01   2.9309e+02
20260730_12:00:00   2.2039e-01   5.8013e+01   2.7787e+01   0.0000e+00   2.5187e-02   2.9197e+02
20260730_13:00:00   2.1273e-01   5.6325e+01   2.6739e+01   2.1560e-05   1.5067e-03   2.9049e+02
20260730_14:00:00   2.1145e-01   5.6065e+01   2.6556e+01   0.0000e+00   2.3236e-03   2.8912e+02
20260730_15:00:00   2.1059e-01   5.5934e+01   2.6107e+01   0.0000e+00   1.0864e-05   2.9040e+02
20260730_16:00:00   2.0500e-01   5.4765e+01   2.5083e+01   0.0000e+00   0.0000e+00   2.8814e+02
20260730_17:00:00   1.9879e-01   5.3487e+01   2.3998e+01   0.0000e+00   9.2620e-06   2.8753e+02
20260730_18:00:00   1.9771e-01   5.3332e+01   2.3561e+01   0.0000e+00   3.3603e-04   2.8721e+02
20260730_19:00:00   2.0298e-01   5.4592e+01   2.4121e+01   0.0000e+00   1.8184e-04   2.8901e+02
20260730_20:00:00   2.0418e-01   5.4918e+01   2.4290e+01   0.0000e+00   1.3004e-05   2.9222e+02
20260730_21:00:00   2.0366e-01   5.4837e+01   2.4224e+01   0.0000e+00   0.0000e+00   2.9443e+02
20260730_22:00:00   1.9917e-01   5.3856e+01   2.3655e+01   0.0000e+00   7.5700e-06   2.9487e+02
20260730_23:00:00   1.9129e-01   5.2079e+01   2.2660e+01   0.0000e+00   0.0000e+00   2.9327e+02
20260731_00:00:00   1.8665e-01   5.1015e+01   2.2027e+01   0.0000e+00   0.0000e+00   2.8981e+02
20260731_01:00:00   1.8519e-01   5.0666e+01   2.1824e+01   0.0000e+00   0.0000e+00   2.9076e+02
20260731_02:00:00   1.7839e-01   4.9070e+01   2.1115e+01   0.0000e+00   0.0000e+00   2.9194e+02
20260731_03:00:00   1.7437e-01   4.8100e+01   2.0668e+01   0.0000e+00   0.0000e+00   2.9419e+02
20260731_04:00:00   1.7510e-01   4.8247e+01   2.0862e+01   0.0000e+00   0.0000e+00   2.9401e+02
20260731_05:00:00   1.7977e-01   4.9299e+01   2.1940e+01   8.0381e-05   0.0000e+00   2.9452e+02
20260731_06:00:00   3.4218e-01   8.2736e+01   2.4567e+01   1.6339e-01   1.6169e-03   2.9387e+02
20260731_07:00:00   4.7978e-01   1.0711e+02   2.5421e+01   3.1105e-01   4.5033e-02   2.9494e+02
20260731_08:00:00   2.9166e-01   7.2954e+01   2.5138e+01   1.0230e-01   3.4644e-02   2.9714e+02
20260731_09:00:00   2.1663e-01   5.7357e+01   2.3511e+01   3.0137e-02   3.8469e-03   2.9938e+02
20260731_10:00:00   1.7780e-01   4.8713e+01   2.1645e+01   0.0000e+00   1.9198e-04   2.9942e+02
20260731_11:00:00   1.7434e-01   4.7867e+01   2.1194e+01   0.0000e+00   3.9760e-05   2.9855e+02
20260731_12:00:00   1.7686e-01   4.8403e+01   2.1597e+01   0.0000e+00   1.6078e-05   2.9835e+02
20260731_13:00:00   1.8221e-01   4.9601e+01   2.2269e+01   7.4100e-04   4.3213e-05   3.0029e+02
20260731_14:00:00   1.8624e-01   5.0524e+01   2.2374e+01   3.8200e-03   5.4921e-05   3.0021e+02
20260731_15:00:00   1.7797e-01   4.8645e+01   2.1736e+01   0.0000e+00   1.3000e-05   3.0016e+02
20260731_16:00:00   1.6832e-01   4.6404e+01   2.0603e+01   0.0000e+00   0.0000e+00   2.9887e+02
20260731_17:00:00   1.6738e-01   4.6192e+01   2.0503e+01   0.0000e+00   3.0280e-06   2.9679e+02
20260731_18:00:00   1.7105e-01   4.7097e+01   2.0973e+01   0.0000e+00   7.3400e-06   2.9664e+02
20260731_19:00:00   1.7650e-01   4.8417e+01   2.1706e+01   0.0000e+00   7.3520e-05   2.9605e+02
20260731_20:00:00   1.7815e-01   4.8821e+01   2.2022e+01   0.0000e+00   9.1380e-05   2.9753e+02
20260731_21:00:00   1.8123e-01   4.9563e+01   2.2483e+01   0.0000e+00   1.1132e-04   2.9817e+02
20260731_22:00:00   1.7970e-01   4.9232e+01   2.2287e+01   0.0000e+00   6.2200e-05   2.9716e+02
20260731_23:00:00   1.7774e-01   4.8788e+01   2.2046e+01   0.0000e+00   1.8788e-05   2.9769e+02
20260801_00:00:00   1.7689e-01   4.8572e+01   2.1982e+01   0.0000e+00   0.0000e+00   2.9677e+02
20260801_01:00:00   1.7392e-01   4.7885e+01   2.1700e+01   0.0000e+00   3.8806e-04   2.9730e+02
20260801_02:00:00   1.7509e-01   4.8114e+01   2.2027e+01   0.0000e+00   6.9593e-03   2.9799e+02
20260801_03:00:00   1.8553e-01   5.0438e+01   2.3396e+01   0.0000e+00   1.4473e-02   2.9569e+02
20260801_04:00:00   1.7502e-01   4.8082e+01   2.1719e+01   0.0000e+00   9.6784e-02   2.9738e+02
20260801_05:00:00   1.6658e-01   4.6116e+01   2.0888e+01   0.0000e+00   1.4796e-02   2.9813e+02
20260801_06:00:00   1.6752e-01   4.6312e+01   2.1354e+01   0.0000e+00   2.8748e-02   2.9799e+02
20260801_07:00:00   1.6879e-01   4.6552e+01   2.1634e+01   0.0000e+00   1.6065e-02   2.9673e+02
20260801_08:00:00   1.7966e-01   4.8951e+01   2.3409e+01   0.0000e+00   9.2052e-03   2.9544e+02
20260801_09:00:00   1.9108e-01   5.1463e+01   2.5048e+01   5.8420e-05   1.7931e-03   2.9288e+02
20260801_10:00:00   2.2370e-01   5.8459e+01   2.5688e+01   2.9220e-02   4.3359e-03   2.9278e+02
20260801_11:00:00   1.9964e-01   5.3194e+01   2.5858e+01   7.3682e-04   5.3390e-03   2.9353e+02
20260801_12:00:00   1.9770e-01   5.2755e+01   2.5703e+01   6.9310e-04   2.9993e-03   2.9343e+02
20260801_15:00:00   1.9785e-01   5.2755e+01   2.5969e+01   0.0000e+00   9.1166e-02   2.9450e+02
20260801_18:00:00   1.9236e-01   5.1594e+01   2.4959e+01   0.0000e+00   6.3387e-05   2.9157e+02
20260801_21:00:00   1.9171e-01   5.1802e+01   2.4141e+01   0.0000e+00   7.3520e-05   2.9012e+02
20260802_00:00:00   1.8978e-01   5.1470e+01   2.3967e+01   0.0000e+00   1.6832e-05   2.8793e+02
20260802_03:00:00   1.8250e-01   4.9717e+01   2.3342e+01   0.0000e+00   4.4853e-03   2.8874e+02
20260802_06:00:00   1.9490e-01   5.2428e+01   2.5142e+01   0.0000e+00   1.6091e-02   2.8984e+02
20260802_09:00:00   1.9327e-01   5.2149e+01   2.4423e+01   0.0000e+00   1.7533e-03   2.8429e+02
20260802_12:00:00   2.0830e-01   5.5392e+01   2.6789e+01   0.0000e+00   7.8667e-03   2.8813e+02
20260802_15:00:00   2.2371e-01   5.8945e+01   2.7918e+01   0.0000e+00   7.5320e-05   2.9128e+02
20260802_18:00:00   2.3235e-01   6.1056e+01   2.8339e+01   0.0000e+00   0.0000e+00   2.8885e+02
20260802_21:00:00   2.4578e-01   6.4350e+01   2.9204e+01   0.0000e+00   0.0000e+00   2.8847e+02
20260803_00:00:00   3.7991e-01   9.1544e+01   3.0023e+01   1.4151e-01   1.4050e-03   2.8745e+02
20260803_03:00:00   2.6317e-01   6.8231e+01   2.8787e+01   1.9492e-02   9.6012e-03   2.8663e+02
20260803_06:00:00   1.9050e-01   5.2011e+01   2.2332e+01   0.0000e+00   2.7981e-02   2.8843e+02
20260803_09:00:00   1.9995e-01   5.3844e+01   2.4861e+01   0.0000e+00   8.9003e-04   2.8888e+02
20260803_12:00:00   2.0924e-01   5.5978e+01   2.5690e+01   0.0000e+00   3.0120e-03   2.8980e+02
20260803_15:00:00   2.2689e-01   5.9771e+01   2.8201e+01   0.0000e+00   1.8050e-02   2.9330e+02
20260803_18:00:00   2.3639e-01   6.1921e+01   2.8979e+01   0.0000e+00   7.9038e-03   2.9203e+02
20260803_21:00:00   2.4058e-01   6.2992e+01   2.9344e+01   0.0000e+00   2.7727e-03   2.9394e+02
20260804_00:00:00   2.5300e-01   6.5826e+01   3.0607e+01   0.0000e+00   1.3204e-03   2.9132e+02
20260804_03:00:00   7.9982e-01   1.5462e+02   3.7434e+01   5.6117e-01   5.0437e-01   2.8539e+02
20260804_06:00:00   2.4917e-01   6.4503e+01   3.1325e+01   1.3528e-04   7.3658e-01   2.9337e+02
20260804_09:00:00   1.2293e+00   1.9435e+02   3.6869e+01   1.0429e+00   1.6793e+00   2.8762e+02
20260804_12:00:00   2.3226e-01   6.0678e+01   2.9388e+01   0.0000e+00   2.1990e-01   2.8920e+02
20260804_15:00:00   2.3559e-01   6.1640e+01   2.8812e+01   0.0000e+00   4.6119e-02   2.9123e+02
20260804_18:00:00   2.3653e-01   6.2020e+01   2.8178e+01   0.0000e+00   5.3570e-03   2.8837e+02
20260804_21:00:00   2.3258e-01   6.1274e+01   2.7493e+01   0.0000e+00   6.9860e-03   2.8881e+02
20260805_00:00:00   2.2557e-01   5.9951e+01   2.6240e+01   0.0000e+00   0.0000e+00   2.8777e+02
20260805_03:00:00   2.4026e-01   6.3091e+01   2.8189e+01   0.0000e+00   4.1609e-02   2.9030e+02
20260805_06:00:00   2.8102e-01   7.1435e+01   3.3775e+01   8.2343e-05   1.7350e-01   2.9023e+02
20260805_09:00:00   2.5552e-01   6.6092e+01   3.0504e+01   0.0000e+00   4.4443e-02   2.8875e+02
20260805_12:00:00   2.4869e-01   6.4501e+01   2.9385e+01   0.0000e+00   4.2921e-02   2.9154e+02
20260805_15:00:00   2.2256e-01   5.8821e+01   2.6265e+01   0.0000e+00   4.3007e-02   2.9288e+02
20260805_18:00:00   2.2049e-01   5.8220e+01   2.5560e+01   0.0000e+00   6.4860e-02   2.9513e+02
20260805_21:00:00   2.1631e-01   5.7369e+01   2.4968e+01   0.0000e+00   5.2145e-02   2.9261e+02
20260806_00:00:00   2.3042e-01   6.0705e+01   2.4130e+01   1.6418e-02   2.2676e-02   2.9139e+02
20260806_03:00:00   3.3136e-01   8.1683e+01   2.7162e+01   1.0602e-01   9.9154e-03   2.9068e+02
20260806_06:00:00   6.6030e-01   1.3593e+02   3.1108e+01   4.5048e-01   1.0023e-02   2.9477e+02
20260806_09:00:00   3.5732e-01   8.5269e+01   3.1326e+01   1.0912e-01   4.9751e-01   2.9620e+02
20260806_12:00:00   2.1935e-01   5.7393e+01   2.6930e+01   0.0000e+00   3.9462e-02   2.9596e+02
20260806_15:00:00   2.2728e-01   5.9023e+01   2.7377e+01   0.0000e+00   1.6987e-03   2.9877e+02
20260806_18:00:00   2.2233e-01   5.8057e+01   2.6736e+01   0.0000e+00   7.6041e-03   2.9963e+02
20260806_21:00:00   2.5698e-01   6.5797e+01   3.0212e+01   9.2620e-05   5.3379e-03   3.0198e+02
20260807_00:00:00   7.1214e-01   1.4086e+02   3.1851e+01   4.9673e-01   8.0905e-01   3.0467e+02
20260807_03:00:00   2.8268e-01   7.0732e+01   2.9577e+01   4.0091e-02   6.4318e-01   3.0294e+02
20260807_06:00:00   2.2567e-01   5.8735e+01   2.7510e+01   7.5020e-04   1.6611e-02   3.0517e+02
20260807_09:00:00   2.7063e-01   6.8215e+01   2.6665e+01   5.3452e-02   5.4259e-03   3.0633e+02
20260807_12:00:00   2.0582e-01   5.4442e+01   2.4658e+01   0.0000e+00   1.5272e-03   3.0774e+02
20260807_15:00:00   1.9502e-01   5.2050e+01   2.3057e+01   0.0000e+00   0.0000e+00   3.0453e+02
20260807_18:00:00   2.0040e-01   5.3318e+01   2.3409e+01   0.0000e+00   1.9606e-06   3.0414e+02
20260807_21:00:00   2.0170e-01   5.3858e+01   2.3428e+01   3.9220e-06   5.5540e-03   2.9901e+02
20260808_00:00:00   1.0782e+00   1.8145e+02   2.8843e+01   9.4996e-01   7.0506e-01   2.9231e+02
20260808_03:00:00   2.1857e-01   5.6956e+01   2.5112e+01   1.1819e-02   2.0906e-02   2.9756e+02
20260808_06:00:00   3.3338e-01   8.0515e+01   2.4564e+01   1.4189e-01   3.9835e-02   3.0120e+02
20260808_09:00:00   2.0305e-01   5.3596e+01   2.3989e+01   0.0000e+00   6.9407e-05   3.0592e+02
20260808_12:00:00   2.1054e-01   5.5137e+01   2.4922e+01   0.0000e+00   1.6464e-02   3.0794e+02
20260808_15:00:00   2.3089e-01   5.9592e+01   2.5765e+01   1.2020e-02   7.3030e-06   3.0579e+02
20260808_18:00:00   2.2920e-01   5.9384e+01   2.6076e+01   0.0000e+00   0.0000e+00   3.0058e+02
20260808_21:00:00   3.5659e-01   8.5843e+01   2.7697e+01   1.3044e-01   0.0000e+00   3.0123e+02
20260809_00:00:00   2.3713e-01   6.1482e+01   2.7246e+01   1.5703e-03   0.0000e+00   2.9643e+02
20260809_03:00:00   2.2449e-01   5.8718e+01   2.6267e+01   0.0000e+00   1.9606e-06   2.9848e+02
20260809_06:00:00   2.1914e-01   5.7471e+01   2.5746e+01   0.0000e+00   0.0000e+00   2.9960e+02
20260809_09:00:00   1.8909e-01   5.0676e+01   2.2348e+01   0.0000e+00   3.2040e-06   3.0104e+02
20260809_12:00:00   1.9282e-01   5.1536e+01   2.2342e+01   0.0000e+00   3.6900e-04   3.0267e+02
20260809_15:00:00   1.8308e-01   4.9254e+01   2.1532e+01   0.0000e+00   1.4550e-03   2.9917e+02
20260809_18:00:00   1.8600e-01   5.0064e+01   2.1569e+01   0.0000e+00   3.0034e-03   2.9783e+02
20260809_21:00:00   2.0413e-01   5.4450e+01   2.3002e+01   0.0000e+00   7.5720e-06   2.9912e+02
20260810_00:00:00   2.0231e-01   5.4166e+01   2.2604e+01   2.8802e-03   0.0000e+00   2.9816e+02
20260810_03:00:00   1.9956e-01   5.3552e+01   2.2631e+01   0.0000e+00   0.0000e+00   2.9693e+02
20260810_06:00:00   1.9465e-01   5.2373e+01   2.2336e+01   0.0000e+00   0.0000e+00   2.9878e+02
20260810_09:00:00   1.9377e-01   5.2120e+01   2.2248e+01   0.0000e+00   0.0000e+00   2.9871e+02
20260810_12:00:00   2.1115e-01   5.5848e+01   2.5043e+01   0.0000e+00   7.1260e-06   3.0134e+02
20260810_15:00:00   2.0371e-01   5.4135e+01   2.4337e+01   0.0000e+00   4.8060e-06   2.9990e+02
20260810_18:00:00   2.2111e-01   5.8137e+01   2.6134e+01   0.0000e+00   0.0000e+00   2.9870e+02
20260810_21:00:00   2.6664e-01   6.8159e+01   2.9102e+01   2.2418e-02   0.0000e+00   2.9630e+02
20260811_00:00:00   2.8294e-01   7.1750e+01   2.7908e+01   5.1666e-02   3.7241e-02   2.9560e+02
20260811_03:00:00   3.0444e-01   7.5727e+01   3.0594e+01   4.8670e-02   6.2782e-01   2.9464e+02
20260811_06:00:00   1.6344e-01   4.4780e+01   2.0478e+01   0.0000e+00   7.3386e-02   2.9664e+02
20260811_09:00:00   1.7505e-01   4.7526e+01   2.1514e+01   0.0000e+00   3.6869e-02   2.9553e+02
20260811_12:00:00   2.1560e-01   5.6653e+01   2.5945e+01   1.7638e-03   5.2184e-02   2.9372e+02
20260811_15:00:00   2.0498e-01   5.4317e+01   2.5080e+01   0.0000e+00   8.0394e-03   2.9729e+02
20260811_18:00:00   2.0315e-01   5.3967e+01   2.4768e+01   0.0000e+00   1.8592e-03   2.9728e+02
20260811_21:00:00   2.0128e-01   5.3843e+01   2.3735e+01   0.0000e+00   2.7260e-04   2.9786e+02
20260812_00:00:00   2.0937e-01   5.5854e+01   2.4610e+01   0.0000e+00   0.0000e+00   2.9956e+02
20260812_03:00:00   2.3065e-01   6.0524e+01   2.6885e+01   0.0000e+00   5.0348e-04   2.9892e+02
20260812_06:00:00   2.4212e-01   6.2532e+01   2.9277e+01   5.8823e-06   3.6851e-01   2.9842e+02
20260812_09:00:00   2.1408e-01   5.6146e+01   2.6648e+01   0.0000e+00   1.7726e-01   2.9731e+02
20260812_12:00:00   2.0951e-01   5.5000e+01   2.6142e+01   0.0000e+00   2.0855e-01   2.9900e+02
