#            date       tau255        Tb[K]      pwv[mm] lwp[kg*m^-2] iwp[kg*m^-2]       o3[DU]
20260903_18:00:00   2.5788e-01   6.6109e+01   2.7575e+01   4.2458e-03   9.6974e-04   2.7132e+02
20260903_19:00:00   3.3069e-01   8.1531e+01   2.7184e+01   9.5330e-02   1.3046e-04   2.7116e+02
20260903_20:00:00   5.2159e-01   1.1634e+02   2.7026e+01   3.2186e-01   3.3140e-04   2.7076e+02
20260903_21:00:00   8.0240e-01   1.5653e+02   2.7474e+01   6.4354e-01   7.8560e-05   2.6956e+02
20260903_22:00:00   1.0500e+00   1.8274e+02   2.9337e+01   9.0714e-01   2.1470e-04   2.7073e+02
20260903_23:00:00   6.1859e-01   1.3075e+02   2.8089e+01   4.2446e-01   1.2705e-03   2.7239e+02
20260904_00:00:00   5.5508e-01   1.2073e+02   2.6782e+01   3.6242e-01   3.2176e-04   2.7281e+02
20260904_01:00:00   8.7256e-01   1.6184e+02   3.0365e+01   6.9133e-01   1.5395e-01   2.7300e+02
20260904_02:00:00   2.6634e-01   6.7865e+01   2.8166e+01   2.2322e-02   5.2653e-02   2.7346e+02
20260904_03:00:00   2.4940e-01   6.4340e+01   2.6210e+01   1.9446e-02   2.9135e-05   2.7471e+02
20260904_04:00:00   2.9467e-01   7.3821e+01   2.6658e+01   6.3987e-02   0.0000e+00   2.7403e+02
20260904_05:00:00   4.2849e-01   9.9344e+01   2.7088e+01   2.0926e-01   0.0000e+00   2.7339e+02
20260904_06:00:00   5.3596e-01   1.1730e+02   2.7281e+01   3.2833e-01   2.5940e-05   2.7594e+02
20260904_07:00:00   4.5557e-01   1.0404e+02   2.6549e+01   2.4431e-01   1.1116e-05   2.7641e+02
20260904_08:00:00   2.5519e-01   6.5550e+01   2.5712e+01   2.4657e-02   5.3420e-05   2.7666e+02
20260904_09:00:00   2.3152e-01   6.0335e+01   2.5450e+01   3.9441e-03   3.9600e-04   2.7762e+02
20260904_10:00:00   2.2772e-01   5.9484e+01   2.5002e+01   2.9820e-03   1.3402e-03   2.7863e+02
20260904_11:00:00   2.2245e-01   5.8309e+01   2.4538e+01   2.4543e-04   2.2080e-05   2.7919e+02
20260904_12:00:00   2.1665e-01   5.6979e+01   2.4071e+01   0.0000e+00   0.0000e+00   2.8011e+02
20260904_13:00:00   2.1704e-01   5.7036e+01   2.4097e+01   5.2320e-04   0.0000e+00   2.8042e+02
20260904_14:00:00   2.0908e-01   5.5216e+01   2.3385e+01   5.8420e-04   1.9680e-04   2.8293e+02
20260904_15:00:00   1.9840e-01   5.2771e+01   2.2234e+01   8.8340e-04   8.9760e-04   2.8310e+02
20260904_16:00:00   1.8705e-01   5.0147e+01   2.1045e+01   1.2042e-03   1.4354e-03   2.8248e+02
20260904_17:00:00   1.7492e-01   4.7301e+01   1.9978e+01   0.0000e+00   1.4582e-03   2.8388e+02
20260904_18:00:00   1.7354e-01   4.7028e+01   1.9715e+01   0.0000e+00   9.6480e-04   2.8463e+02
20260904_19:00:00   1.8193e-01   4.9033e+01   2.0551e+01   0.0000e+00   4.9860e-04   2.8103e+02
20260904_20:00:00   1.8815e-01   5.0497e+01   2.1374e+01   0.0000e+00   1.4382e-04   2.7812e+02
20260904_21:00:00   1.9810e-01   5.2810e+01   2.2440e+01   0.0000e+00   1.1354e-04   2.7649e+02
20260904_22:00:00   1.9978e-01   5.3203e+01   2.2721e+01   0.0000e+00   2.0920e-04   2.7763e+02
20260904_23:00:00   1.9997e-01   5.3253e+01   2.2771e+01   0.0000e+00   7.5700e-06   2.7852e+02
20260905_00:00:00   1.9894e-01   5.3028e+01   2.2672e+01   0.0000e+00   0.0000e+00   2.7677e+02
20260905_01:00:00   1.9818e-01   5.2850e+01   2.2618e+01   0.0000e+00   0.0000e+00   2.7498e+02
20260905_02:00:00   1.9353e-01   5.1768e+01   2.2245e+01   0.0000e+00   0.0000e+00   2.7468e+02
20260905_03:00:00   1.9020e-01   5.0987e+01   2.2054e+01   0.0000e+00   0.0000e+00   2.7423e+02
20260905_04:00:00   1.8836e-01   5.0551e+01   2.2042e+01   0.0000e+00   0.0000e+00   2.7360e+02
20260905_05:00:00   1.9145e-01   5.1258e+01   2.2398e+01   0.0000e+00   0.0000e+00   2.7595e+02
20260905_06:00:00   1.9828e-01   5.2816e+01   2.3079e+01   0.0000e+00   0.0000e+00   2.7556e+02
20260905_07:00:00   2.0171e-01   5.3574e+01   2.3500e+01   0.0000e+00   0.0000e+00   2.7550e+02
20260905_08:00:00   2.0614e-01   5.4533e+01   2.4212e+01   0.0000e+00   4.7060e-06   2.7622e+02
20260905_09:00:00   2.1012e-01   5.5370e+01   2.4830e+01   0.0000e+00   8.6940e-05   2.7763e+02
20260905_10:00:00   2.1505e-01   5.6430e+01   2.5483e+01   0.0000e+00   7.9684e-05   2.7821e+02
20260905_11:00:00   2.1739e-01   5.6936e+01   2.5709e+01   0.0000e+00   9.0727e-04   2.7840e+02
20260905_12:00:00   2.1967e-01   5.7451e+01   2.5937e+01   0.0000e+00   1.2552e-03   2.7820e+02
20260905_13:00:00   2.2204e-01   5.7980e+01   2.6212e+01   0.0000e+00   3.4906e-03   2.7734e+02
20260905_14:00:00   2.2438e-01   5.8526e+01   2.6512e+01   0.0000e+00   6.1740e-03   2.7805e+02
20260905_15:00:00   2.2809e-01   5.9361e+01   2.6859e+01   0.0000e+00   6.4400e-03   2.7779e+02
20260905_16:00:00   2.3018e-01   5.9839e+01   2.7011e+01   0.0000e+00   5.2060e-03   2.7669e+02
20260905_17:00:00   2.3213e-01   6.0285e+01   2.7253e+01   0.0000e+00   2.4900e-03   2.7562e+02
20260905_18:00:00   2.3475e-01   6.0874e+01   2.7546e+01   0.0000e+00   3.4560e-03   2.7558e+02
20260905_19:00:00   2.3794e-01   6.1627e+01   2.7728e+01   0.0000e+00   2.1500e-04   2.7611e+02
20260905_20:00:00   2.5103e-01   6.4563e+01   2.8140e+01   1.0456e-02   0.0000e+00   2.7551e+02
20260905_21:00:00   3.3314e-01   8.1695e+01   2.8533e+01   1.0366e-01   0.0000e+00   2.7409e+02
20260905_22:00:00   4.0208e-01   9.4952e+01   2.8649e+01   1.8136e-01   0.0000e+00   2.7427e+02
20260905_23:00:00   4.3852e-01   1.0161e+02   2.8606e+01   2.2415e-01   0.0000e+00   2.7525e+02
20260906_00:00:00   3.9898e-01   9.4357e+01   2.8153e+01   1.8338e-01   0.0000e+00   2.7610e+02
20260906_01:00:00   2.8912e-01   7.2714e+01   2.7267e+01   6.3699e-02   0.0000e+00   2.7458e+02
20260906_02:00:00   2.5629e-01   6.5767e+01   2.6892e+01   3.0700e-02   0.0000e+00   2.7211e+02
20260906_03:00:00   2.2333e-01   5.8547e+01   2.6365e+01   0.0000e+00   0.0000e+00   2.7278e+02
20260906_04:00:00   2.2303e-01   5.8456e+01   2.6490e+01   0.0000e+00   0.0000e+00   2.7528e+02
20260906_05:00:00   2.2518e-01   5.8934e+01   2.6743e+01   0.0000e+00   0.0000e+00   2.7592e+02
20260906_06:00:00   2.2380e-01   5.8642e+01   2.6716e+01   0.0000e+00   0.0000e+00   2.7486e+02
20260906_07:00:00   2.2543e-01   5.9002e+01   2.6877e+01   0.0000e+00   0.0000e+00   2.7362e+02
20260906_08:00:00   2.3985e-01   6.2088e+01   2.7423e+01   1.1215e-02   1.2840e-05   2.7526e+02
20260906_09:00:00   2.5925e-01   6.6152e+01   2.8252e+01   2.4673e-02   4.8900e-05   2.7598e+02
20260906_10:00:00   2.7793e-01   7.0006e+01   2.8853e+01   3.9486e-02   1.4866e-04   2.7627e+02
20260906_11:00:00   2.9198e-01   7.2824e+01   2.8998e+01   5.4317e-02   2.5184e-04   2.7629e+02
20260906_12:00:00   2.6201e-01   6.6648e+01   2.8940e+01   2.0742e-02   1.3367e-03   2.7636e+02
20260906_13:00:00   2.4106e-01   6.2318e+01   2.8577e+01   0.0000e+00   1.5104e-03   2.7718e+02
20260906_14:00:00   2.4091e-01   6.2295e+01   2.8503e+01   0.0000e+00   1.6036e-03   2.7754e+02
20260906_15:00:00   2.4014e-01   6.2133e+01   2.8574e+01   0.0000e+00   0.0000e+00   2.7714e+02
20260906_16:00:00   2.4265e-01   6.2645e+01   2.8909e+01   0.0000e+00   0.0000e+00   2.7593e+02
20260906_17:00:00   2.4638e-01   6.3453e+01   2.9406e+01   0.0000e+00   0.0000e+00   2.7529e+02
20260906_18:00:00   2.4680e-01   6.3560e+01   2.9518e+01   0.0000e+00   1.8922e-05   2.7613e+02
20260906_19:00:00   2.5048e-01   6.4375e+01   3.0009e+01   0.0000e+00   6.1381e-04   2.7642e+02
20260906_20:00:00   2.5359e-01   6.5044e+01   3.0485e+01   0.0000e+00   3.1722e-04   2.7612e+02
20260906_21:00:00   2.5898e-01   6.6200e+01   3.1089e+01   2.8820e-04   1.3756e-05   2.7683e+02
20260906_22:00:00   2.8424e-01   7.1552e+01   3.1574e+01   2.5621e-02   2.2700e-05   2.7749e+02
20260906_23:00:00   2.8827e-01   7.2390e+01   3.1773e+01   3.0280e-02   1.6210e-06   2.7750e+02
20260907_00:00:00   2.5909e-01   6.6235e+01   3.1466e+01   0.0000e+00   2.2512e-05   2.7548e+02
20260907_01:00:00   2.5806e-01   6.6041e+01   3.1119e+01   0.0000e+00   9.7463e-04   2.7489e+02
20260907_02:00:00   2.5812e-01   6.6093e+01   3.0674e+01   3.1480e-03   3.4000e-03   2.7482e+02
20260907_03:00:00   2.5377e-01   6.5172e+01   3.0332e+01   1.7962e-04   3.9563e-03   2.7448e+02
20260907_04:00:00   2.4921e-01   6.4176e+01   2.9764e+01   2.9605e-04   3.4948e-03   2.7438e+02
20260907_05:00:00   2.4777e-01   6.3796e+01   2.9905e+01   1.9144e-04   3.5200e-02   2.7477e+02
20260907_06:00:00   2.4918e-01   6.4048e+01   3.0197e+01   7.8420e-06   9.8951e-02   2.7300e+02
20260907_07:00:00   2.5356e-01   6.5000e+01   3.0389e+01   3.0797e-03   1.3718e-02   2.7165e+02
20260907_08:00:00   2.6950e-01   6.8324e+01   3.0100e+01   2.2262e-02   3.5879e-03   2.7192e+02
20260907_09:00:00   2.7156e-01   6.8744e+01   2.9994e+01   2.4876e-02   7.8981e-04   2.7222e+02
20260907_10:00:00   2.8624e-01   7.1703e+01   2.9950e+01   4.1753e-02   1.8375e-02   2.7216e+02
20260907_11:00:00   2.8204e-01   7.0876e+01   2.9804e+01   3.8115e-02   2.2628e-03   2.7322e+02
20260907_12:00:00   2.5086e-01   6.4417e+01   2.9589e+01   2.8880e-03   1.8220e-04   2.7386e+02
20260907_13:00:00   2.4510e-01   6.3196e+01   2.9140e+01   5.0940e-04   1.2060e-05   2.7314e+02
20260907_14:00:00   2.4149e-01   6.2421e+01   2.8940e+01   3.0220e-04   6.4680e-05   2.7364e+02
20260907_15:00:00   2.4171e-01   6.2470e+01   2.8933e+01   0.0000e+00   1.4250e-06   2.7441e+02
20260907_16:00:00   2.4154e-01   6.2442e+01   2.8905e+01   0.0000e+00   0.0000e+00   2.7368e+02
20260907_17:00:00   2.4120e-01   6.2387e+01   2.8902e+01   0.0000e+00   0.0000e+00   2.7348e+02
20260907_18:00:00   2.3799e-01   6.1739e+01   2.8667e+01   0.0000e+00   0.0000e+00   2.7444e+02
20260907_19:00:00   2.4090e-01   6.2397e+01   2.8936e+01   0.0000e+00   5.7680e-04   2.7585e+02
20260907_20:00:00   2.4058e-01   6.2393e+01   2.8779e+01   0.0000e+00   3.3981e-04   2.7616e+02
20260907_21:00:00   2.4396e-01   6.3166e+01   2.9099e+01   0.0000e+00   1.5894e-04   2.7703e+02
20260907_22:00:00   2.4634e-01   6.3711e+01   2.9283e+01   1.9338e-04   0.0000e+00   2.7769e+02
20260907_23:00:00   2.4594e-01   6.3625e+01   2.9236e+01   4.5860e-06   0.0000e+00   2.7684e+02
20260908_00:00:00   2.3893e-01   6.2121e+01   2.8512e+01   0.0000e+00   0.0000e+00   2.7515e+02
20260908_01:00:00   2.2612e-01   5.9329e+01   2.7130e+01   0.0000e+00   0.0000e+00   2.7480e+02
20260908_02:00:00   2.1893e-01   5.7682e+01   2.6012e+01   2.7740e-04   0.0000e+00   2.7545e+02
20260908_03:00:00   2.1242e-01   5.6194e+01   2.5381e+01   0.0000e+00   0.0000e+00   2.7569e+02
20260908_04:00:00   2.1936e-01   5.7720e+01   2.6181e+01   4.9020e-06   2.0400e-05   2.7587e+02
20260908_05:00:00   2.1736e-01   5.7277e+01   2.5982e+01   0.0000e+00   2.0694e-04   2.7457e+02
20260908_06:00:00   2.3460e-01   6.0905e+01   2.6454e+01   1.5998e-02   7.3477e-04   2.7264e+02
20260908_07:00:00   2.1846e-01   5.7420e+01   2.6510e+01   5.7345e-04   4.8970e-03   2.7173e+02
20260908_08:00:00   2.6616e-01   6.7477e+01   2.6728e+01   5.3631e-02   1.4367e-03   2.7194e+02
20260908_09:00:00   3.6192e-01   8.6238e+01   2.7133e+01   1.5627e-01   1.3382e-02   2.7178e+02
20260908_10:00:00   4.1998e-01   9.6994e+01   2.7586e+01   2.1801e-01   3.5712e-03   2.7196e+02
20260908_11:00:00   5.1117e-01   1.1252e+02   2.8246e+01   3.1540e-01   1.7870e-03   2.7202e+02
20260908_12:00:00   5.5884e-01   1.2013e+02   2.8713e+01   3.6454e-01   3.6452e-04   2.7321e+02
20260908_13:00:00   4.4714e-01   1.0176e+02   2.8807e+01   2.3672e-01   4.8359e-04   2.7440e+02
20260908_14:00:00   3.2643e-01   7.9551e+01   2.8841e+01   1.0077e-01   2.1762e-03   2.7490e+02
20260908_15:00:00   2.3859e-01   6.1692e+01   2.8263e+01   8.1224e-03   4.0883e-03   2.7445e+02
20260908_16:00:00   2.2266e-01   5.8283e+01   2.7167e+01   2.4565e-04   4.7445e-03   2.7400e+02
20260908_17:00:00   2.1127e-01   5.5830e+01   2.5545e+01   0.0000e+00   2.6340e-04   2.7419e+02
20260908_18:00:00   2.0533e-01   5.4600e+01   2.4264e+01   0.0000e+00   1.1354e-05   2.7407e+02
20260908_21:00:00   2.0345e-01   5.4320e+01   2.3490e+01   7.2540e-05   0.0000e+00   2.7419e+02
20260909_00:00:00   2.7146e-01   6.9036e+01   2.4596e+01   6.8492e-02   1.4755e-02   2.7315e+02
20260909_03:00:00   3.7519e-01   8.9295e+01   2.9005e+01   1.5252e-01   1.4022e-01   2.7637e+02
20260909_06:00:00   5.6131e-01   1.2097e+02   3.0704e+01   3.4565e-01   1.9520e-02   2.7458e+02
20260909_09:00:00   4.0660e-01   9.4387e+01   2.6838e+01   2.0486e-01   1.5424e-03   2.7445e+02
20260909_12:00:00   2.3664e-01   6.1325e+01   2.7925e+01   0.0000e+00   3.6040e-04   2.7513e+02
20260909_15:00:00   2.2500e-01   5.8856e+01   2.6589e+01   0.0000e+00   0.0000e+00   2.7363e+02
20260909_18:00:00   2.3991e-01   6.2210e+01   2.7798e+01   0.0000e+00   0.0000e+00   2.7474e+02
20260909_21:00:00   3.2302e-01   7.9750e+01   2.9079e+01   8.3845e-02   1.9606e-05   2.7696e+02
20260910_00:00:00   1.1797e+00   1.9083e+02   3.5024e+01   1.0065e+00   7.3797e-01   2.7702e+02
20260910_03:00:00   6.2359e-01   1.3052e+02   3.2499e+01   3.9444e-01   7.4424e-02   2.7939e+02
20260910_06:00:00   5.9536e-01   1.2511e+02   3.3944e+01   3.4584e-01   1.7493e-01   2.8226e+02
20260910_09:00:00   2.8560e-01   7.1357e+01   3.1846e+01   1.8798e-02   5.0614e-02   2.8415e+02
20260910_12:00:00   2.6654e-01   6.7553e+01   3.1333e+01   0.0000e+00   1.5890e-03   2.8249e+02
20260910_15:00:00   2.6894e-01   6.7938e+01   3.0932e+01   8.4404e-03   1.4332e-04   2.8302e+02
20260910_18:00:00   2.7459e-01   6.9181e+01   3.1081e+01   1.0982e-02   1.9942e-04   2.8029e+02
20260910_21:00:00   5.8170e-01   1.2336e+02   3.2068e+01   3.4592e-01   4.7464e-02   2.8036e+02
20260911_00:00:00   5.7540e-01   1.2261e+02   3.0475e+01   3.6320e-01   6.4443e-02   2.7666e+02
20260911_03:00:00   4.7907e-01   1.0725e+02   3.0951e+01   2.4341e-01   8.1568e-03   2.7674e+02
20260911_06:00:00   3.2074e-01   7.8491e+01   3.0973e+01   6.1936e-02   8.9198e-04   2.7856e+02
20260911_09:00:00   2.6122e-01   6.6375e+01   3.0426e+01   2.2158e-04   1.5808e-03   2.7451e+02
20260911_12:00:00   4.3144e-01   9.8787e+01   2.9793e+01   1.9676e-01   4.2303e-02   2.7300e+02
20260911_15:00:00   2.5525e-01   6.5114e+01   2.9018e+01   2.0475e-03   4.6103e-05   2.7663e+02
20260911_18:00:00   2.7231e-01   6.8744e+01   2.9754e+01   9.1130e-03   3.5340e-05   2.7762e+02
20260911_21:00:00   3.3288e-01   8.1722e+01   2.9584e+01   8.5955e-02   0.0000e+00   2.7732e+02
20260912_00:00:00   5.2441e-01   1.1693e+02   2.6963e+01   3.4177e-01   0.0000e+00   2.7808e+02
20260912_03:00:00   3.3459e-01   8.2162e+01   2.4470e+01   1.3472e-01   0.0000e+00   2.7967e+02
20260912_06:00:00   1.9534e-01   5.2227e+01   2.0915e+01   1.8526e-05   0.0000e+00   2.7926e+02
20260912_09:00:00   1.2537e-01   3.5454e+01   1.2882e+01   0.0000e+00   0.0000e+00   2.7933e+02
20260912_12:00:00   7.4596e-02   2.2445e+01   6.1266e+00   0.0000e+00   0.0000e+00   2.8051e+02
20260912_15:00:00   6.7885e-02   2.0687e+01   4.9369e+00   0.0000e+00   0.0000e+00   2.8294e+02
20260912_18:00:00   8.6765e-02   2.5656e+01   7.1686e+00   0.0000e+00   0.0000e+00   2.8262e+02
20260912_21:00:00   8.5237e-02   2.5290e+01   7.0725e+00   0.0000e+00   0.0000e+00   2.8320e+02
20260913_00:00:00   9.5360e-02   2.7942e+01   8.3667e+00   0.0000e+00   0.0000e+00   2.8216e+02
20260913_03:00:00   8.9285e-02   2.6381e+01   7.6519e+00   0.0000e+00   0.0000e+00   2.8513e+02
20260913_06:00:00   1.0417e-01   3.0210e+01   9.3870e+00   0.0000e+00   0.0000e+00   2.8812e+02
20260913_09:00:00   1.0622e-01   3.0692e+01   9.6181e+00   0.0000e+00   0.0000e+00   2.8527e+02
20260913_12:00:00   1.0050e-01   2.9196e+01   8.9591e+00   0.0000e+00   0.0000e+00   2.8678e+02
20260913_15:00:00   9.5211e-02   2.7862e+01   8.2048e+00   0.0000e+00   0.0000e+00   2.8818e+02
20260913_18:00:00   1.0127e-01   2.9410e+01   8.9090e+00   0.0000e+00   0.0000e+00   2.8654e+02
20260913_21:00:00   1.1820e-01   3.3748e+01   1.1410e+01   0.0000e+00   0.0000e+00   2.8492e+02
20260914_00:00:00   1.2015e-01   3.4268e+01   1.1926e+01   0.0000e+00   0.0000e+00   2.8409e+02
20260914_03:00:00   1.1321e-01   3.2492e+01   1.1255e+01   0.0000e+00   0.0000e+00   2.8509e+02
20260914_06:00:00   1.1366e-01   3.2619e+01   1.1441e+01   0.0000e+00   0.0000e+00   2.8497e+02
20260914_09:00:00   1.2992e-01   3.6706e+01   1.3166e+01   0.0000e+00   0.0000e+00   2.8405e+02
20260914_12:00:00   1.4005e-01   3.9292e+01   1.4047e+01   0.0000e+00   0.0000e+00   2.8312e+02
20260914_15:00:00   1.5182e-01   4.2172e+01   1.5326e+01   0.0000e+00   0.0000e+00   2.8285e+02
20260914_18:00:00   1.6265e-01   4.4789e+01   1.6703e+01   0.0000e+00   0.0000e+00   2.8499e+02
20260914_21:00:00   1.6291e-01   4.4867e+01   1.7032e+01   0.0000e+00   1.9334e-04   2.8198e+02
20260915_00:00:00   1.6829e-01   4.6199e+01   1.7861e+01   0.0000e+00   9.5304e-04   2.8234e+02
20260915_03:00:00   1.7418e-01   4.7613e+01   1.8830e+01   0.0000e+00   1.0530e-02   2.8306e+02
20260915_06:00:00   1.8882e-01   5.0997e+01   2.0969e+01   0.0000e+00   3.0938e-03   2.8281e+02
20260915_09:00:00   1.9224e-01   5.1565e+01   2.2050e+01   0.0000e+00   1.7428e-02   2.8247e+02
20260915_12:00:00   2.2431e-01   5.8601e+01   2.6900e+01   0.0000e+00   1.6117e-01   2.8047e+02
20260915_15:00:00   2.3669e-01   6.1183e+01   2.8812e+01   0.0000e+00   4.4939e-02   2.8036e+02
20260915_18:00:00   2.4003e-01   6.1987e+01   2.9074e+01   0.0000e+00   1.1100e-02   2.8187e+02
20260915_21:00:00   2.4520e-01   6.3137e+01   2.9833e+01   0.0000e+00   3.2876e-02   2.8303e+02
20260916_00:00:00   3.0501e-01   7.5661e+01   3.2811e+01   3.2806e-02   5.7406e-01   2.8313e+02
20260916_03:00:00   3.2826e-01   7.9888e+01   3.1458e+01   8.2198e-02   2.0548e-01   2.8469e+02
20260916_06:00:00   2.5355e-01   6.4839e+01   3.0540e+01   8.6660e-04   3.7848e-02   2.8372e+02
20260916_09:00:00   4.7801e-01   1.0755e+02   3.2741e+01   2.2715e-01   4.2135e-02   2.8403e+02
20260916_12:00:00   2.7081e-01   6.8582e+01   3.1327e+01   0.0000e+00   4.1438e-03   2.8424e+02
20260916_15:00:00   2.6655e-01   6.7563e+01   3.1288e+01   6.9400e-04   3.4618e-02   2.8536e+02
20260916_18:00:00   3.0103e-01   7.4595e+01   3.2882e+01   1.9510e-02   5.5038e-03   2.8104e+02
20260916_21:00:00   4.7594e-01   1.0782e+02   3.4183e+01   2.1104e-01   6.5605e-02   2.7976e+02
20260917_00:00:00   8.9071e-01   1.6325e+02   3.4318e+01   6.8602e-01   1.8368e+00   2.8063e+02
20260917_03:00:00   2.6555e-01   6.7229e+01   3.1520e+01   0.0000e+00   4.7598e-01   2.8351e+02
20260917_06:00:00   2.7433e-01   6.9002e+01   3.1525e+01   5.1644e-03   1.9594e-01   2.8523e+02
20260917_09:00:00   2.8998e-01   7.2169e+01   3.2060e+01   1.5526e-02   8.3309e-02   2.8393e+02
20260917_12:00:00   3.2742e-01   7.9621e+01   3.1682e+01   6.8278e-02   6.8050e-02   2.8447e+02
20260917_15:00:00   2.4888e-01   6.3572e+01   2.9747e+01   0.0000e+00   1.5219e-02   2.8539e+02
20260917_18:00:00   2.2069e-01   5.7525e+01   2.6645e+01   0.0000e+00   1.0641e-02   2.8529e+02
20260917_21:00:00   2.3478e-01   6.0907e+01   2.7558e+01   0.0000e+00   6.2621e-03   2.8178e+02
20260918_00:00:00   2.4274e-01   6.2782e+01   2.8475e+01   0.0000e+00   1.6206e-02   2.8031e+02
20260918_03:00:00   2.3843e-01   6.1856e+01   2.8029e+01   0.0000e+00   6.2558e-03   2.8375e+02
20260918_06:00:00   2.2104e-01   5.7916e+01   2.6839e+01   0.0000e+00   1.3202e-03   2.8319e+02
20260918_09:00:00   2.2455e-01   5.8665e+01   2.6952e+01   0.0000e+00   1.5721e-03   2.8055e+02
20260918_12:00:00   2.1468e-01   5.6464e+01   2.5700e+01   0.0000e+00   4.6542e-04   2.8356e+02
20260918_15:00:00   2.1133e-01   5.5708e+01   2.5393e+01   0.0000e+00   0.0000e+00   2.8542e+02
20260918_18:00:00   2.1796e-01   5.7242e+01   2.6168e+01   0.0000e+00   0.0000e+00   2.8404e+02
20260918_21:00:00   2.3459e-01   6.1077e+01   2.7661e+01   0.0000e+00   1.6274e-04   2.8187e+02
20260919_00:00:00   2.8840e-01   7.2582e+01   2.9287e+01   4.4246e-02   4.2578e-02   2.7991e+02
20260919_03:00:00   2.5078e-01   6.4493e+01   2.9930e+01   1.4826e-03   8.3785e-02   2.7998e+02
20260919_06:00:00   2.2171e-01   5.8219e+01   2.6675e+01   0.0000e+00   2.9272e-02   2.8351e+02
20260919_09:00:00   2.1389e-01   5.6426e+01   2.5620e+01   0.0000e+00   1.2045e-03   2.8374e+02
20260919_12:00:00   2.0130e-01   5.3567e+01   2.4086e+01   0.0000e+00   0.0000e+00   2.8405e+02
20260919_15:00:00   1.9544e-01   5.2252e+01   2.3123e+01   0.0000e+00   0.0000e+00   2.8511e+02
20260919_18:00:00   1.9922e-01   5.3190e+01   2.3216e+01   0.0000e+00   0.0000e+00   2.8487e+02
