#            date       tau255        Tb[K]      pwv[mm] lwp[kg*m^-2] iwp[kg*m^-2]       o3[DU]
20260814_00:00:00   3.0015e-01   7.4952e+01   2.3854e+01   9.7508e-02   5.6145e-04   2.9448e+02
20260814_01:00:00   2.3936e-01   6.2091e+01   2.3684e+01   2.8667e-02   8.5160e-05   2.9393e+02
20260814_02:00:00   2.1895e-01   5.7527e+01   2.3216e+01   1.5825e-02   2.0760e-05   2.9252e+02
20260814_03:00:00   2.1393e-01   5.6350e+01   2.3576e+01   8.4730e-03   3.4527e-03   2.9166e+02
20260814_04:00:00   2.1762e-01   5.7141e+01   2.4493e+01   2.4715e-03   1.6472e-02   2.9211e+02
20260814_05:00:00   2.1817e-01   5.7239e+01   2.4755e+01   0.0000e+00   6.2903e-03   2.9309e+02
20260814_06:00:00   2.1252e-01   5.5929e+01   2.4532e+01   0.0000e+00   1.0645e-02   2.9301e+02
20260814_07:00:00   2.1251e-01   5.5898e+01   2.4627e+01   0.0000e+00   1.8206e-02   2.9219e+02
20260814_08:00:00   2.0628e-01   5.4565e+01   2.3601e+01   0.0000e+00   2.9143e-03   2.9010e+02
20260814_09:00:00   1.9693e-01   5.2460e+01   2.2356e+01   0.0000e+00   3.1480e-04   2.8927e+02
20260814_10:00:00   1.9402e-01   5.1722e+01   2.2165e+01   0.0000e+00   5.5240e-06   2.8734e+02
20260814_11:00:00   1.8737e-01   5.0165e+01   2.1456e+01   0.0000e+00   0.0000e+00   2.8685e+02
20260814_12:00:00   1.7708e-01   4.7809e+01   2.0068e+01   0.0000e+00   9.1720e-06   2.8752e+02
20260814_13:00:00   1.7988e-01   4.8425e+01   2.0168e+01   0.0000e+00   3.0281e-05   2.8717e+02
20260814_14:00:00   1.7008e-01   4.6120e+01   1.9233e+01   0.0000e+00   1.3803e-05   2.8802e+02
20260814_15:00:00   1.6305e-01   4.4467e+01   1.8421e+01   0.0000e+00   1.3902e-04   2.8691e+02
20260814_16:00:00   1.6327e-01   4.4486e+01   1.8454e+01   0.0000e+00   7.7460e-03   2.8673e+02
20260814_17:00:00   1.6337e-01   4.4544e+01   1.8421e+01   0.0000e+00   5.3080e-03   2.8790e+02
20260814_18:00:00   1.6645e-01   4.5321e+01   1.8731e+01   0.0000e+00   4.3657e-03   2.8719e+02
20260814_19:00:00   1.7351e-01   4.7044e+01   1.9386e+01   0.0000e+00   1.8108e-02   2.8611e+02
20260814_20:00:00   1.7758e-01   4.8022e+01   1.9861e+01   0.0000e+00   4.4778e-02   2.8595e+02
20260814_21:00:00   1.8239e-01   4.9170e+01   2.0432e+01   0.0000e+00   3.3148e-02   2.8696e+02
20260814_22:00:00   1.8215e-01   4.9141e+01   2.0480e+01   0.0000e+00   3.7048e-02   2.8953e+02
20260814_23:00:00   1.8180e-01   4.9058e+01   2.0590e+01   0.0000e+00   4.3264e-02   2.8948e+02
20260815_00:00:00   1.7736e-01   4.8062e+01   2.0069e+01   0.0000e+00   3.0783e-02   2.8865e+02
20260815_01:00:00   1.7286e-01   4.7004e+01   1.9683e+01   0.0000e+00   9.4792e-03   2.8509e+02
20260815_02:00:00   1.6790e-01   4.5821e+01   1.9273e+01   0.0000e+00   1.2351e-02   2.8326e+02
20260815_03:00:00   1.7170e-01   4.6674e+01   1.9912e+01   0.0000e+00   1.1433e-02   2.8377e+02
20260815_04:00:00   1.8086e-01   4.8790e+01   2.0962e+01   0.0000e+00   1.0635e-03   2.8431e+02
20260815_05:00:00   1.8170e-01   4.9010e+01   2.0998e+01   0.0000e+00   1.3968e-03   2.8518e+02
20260815_06:00:00   1.8092e-01   4.8817e+01   2.1005e+01   0.0000e+00   1.6391e-03   2.8623e+02
20260815_07:00:00   1.8159e-01   4.8954e+01   2.1149e+01   0.0000e+00   7.2780e-04   2.8692e+02
20260815_08:00:00   1.7960e-01   4.8469e+01   2.1010e+01   0.0000e+00   4.2420e-04   2.8651e+02
20260815_09:00:00   1.8309e-01   4.9242e+01   2.1557e+01   0.0000e+00   2.6520e-04   2.8620e+02
20260815_10:00:00   1.9026e-01   5.0854e+01   2.2492e+01   0.0000e+00   3.3840e-04   2.8473e+02
20260815_11:00:00   1.9772e-01   5.2523e+01   2.3366e+01   0.0000e+00   0.0000e+00   2.8532e+02
20260815_12:00:00   1.9965e-01   5.2959e+01   2.3578e+01   0.0000e+00   0.0000e+00   2.8553e+02
20260815_13:00:00   2.0061e-01   5.3156e+01   2.3726e+01   0.0000e+00   0.0000e+00   2.8542e+02
20260815_14:00:00   1.9853e-01   5.2670e+01   2.3578e+01   0.0000e+00   0.0000e+00   2.8871e+02
20260815_15:00:00   1.9634e-01   5.2157e+01   2.3423e+01   0.0000e+00   0.0000e+00   2.8553e+02
20260815_16:00:00   1.9520e-01   5.1889e+01   2.3367e+01   0.0000e+00   0.0000e+00   2.8722e+02
20260815_17:00:00   1.9706e-01   5.2356e+01   2.3586e+01   0.0000e+00   1.1354e-05   2.8675e+02
20260815_18:00:00   1.9909e-01   5.2873e+01   2.3810e+01   0.0000e+00   9.2620e-06   2.8600e+02
20260815_19:00:00   2.0819e-01   5.4954e+01   2.4916e+01   0.0000e+00   8.1077e-05   2.8659e+02
20260815_20:00:00   2.1712e-01   5.6962e+01   2.6005e+01   0.0000e+00   1.7031e-04   2.8586e+02
20260815_21:00:00   2.5090e-01   6.4302e+01   2.6758e+01   3.2078e-02   2.6186e-04   2.8500e+02
20260815_22:00:00   3.1194e-01   7.6977e+01   2.7286e+01   9.7661e-02   1.6608e-03   2.8388e+02
20260815_23:00:00   2.7181e-01   6.8829e+01   2.6641e+01   5.6873e-02   9.1028e-05   2.8551e+02
20260816_00:00:00   2.1568e-01   5.6868e+01   2.5770e+01   6.9700e-04   0.0000e+00   2.8603e+02
20260816_01:00:00   2.3681e-01   6.1495e+01   2.5869e+01   2.3403e-02   7.3920e-06   2.8578e+02
20260816_02:00:00   3.3030e-01   8.0715e+01   2.6166e+01   1.2639e-01   2.4020e-05   2.8573e+02
20260816_03:00:00   5.2182e-01   1.1475e+02   2.6614e+01   3.4099e-01   5.8920e-05   2.8362e+02
20260816_04:00:00   3.9327e-01   9.2523e+01   2.6033e+01   1.9903e-01   5.7753e-04   2.8343e+02
20260816_05:00:00   2.0124e-01   5.3667e+01   2.4139e+01   0.0000e+00   3.2666e-03   2.8310e+02
20260816_06:00:00   2.0194e-01   5.3779e+01   2.4264e+01   0.0000e+00   1.2264e-02   2.8576e+02
20260816_07:00:00   2.0417e-01   5.4262e+01   2.4397e+01   0.0000e+00   3.4973e-02   2.8415e+02
20260816_08:00:00   1.9683e-01   5.2622e+01   2.3413e+01   0.0000e+00   1.7237e-02   2.8278e+02
20260816_09:00:00   1.9325e-01   5.1794e+01   2.2945e+01   0.0000e+00   3.3348e-03   2.8311e+02
20260816_10:00:00   1.9282e-01   5.1687e+01   2.2849e+01   0.0000e+00   1.0108e-03   2.8342e+02
20260816_11:00:00   1.9214e-01   5.1515e+01   2.2757e+01   0.0000e+00   1.2710e-03   2.8225e+02
20260816_12:00:00   1.9402e-01   5.1926e+01   2.3032e+01   0.0000e+00   1.8889e-03   2.8345e+02
20260816_13:00:00   1.9854e-01   5.2915e+01   2.3592e+01   0.0000e+00   3.1387e-03   2.8562e+02
20260816_14:00:00   2.0082e-01   5.3411e+01   2.3838e+01   0.0000e+00   2.7066e-03   2.8475e+02
20260816_15:00:00   2.0152e-01   5.3569e+01   2.3905e+01   0.0000e+00   6.7743e-04   2.8522e+02
20260816_16:00:00   2.0080e-01   5.3410e+01   2.3843e+01   0.0000e+00   1.5985e-03   2.8796e+02
20260816_17:00:00   2.0184e-01   5.3668e+01   2.4017e+01   0.0000e+00   2.9009e-03   2.8852e+02
20260816_18:00:00   2.0395e-01   5.4167e+01   2.4258e+01   0.0000e+00   3.0541e-03   2.8761e+02
20260816_19:00:00   2.0571e-01   5.4616e+01   2.4475e+01   0.0000e+00   3.0185e-03   2.8501e+02
20260816_20:00:00   2.0861e-01   5.5307e+01   2.4855e+01   0.0000e+00   1.0108e-02   2.8503e+02
20260816_21:00:00   2.1408e-01   5.6553e+01   2.5540e+01   0.0000e+00   2.3096e-02   2.8671e+02
20260816_22:00:00   2.1411e-01   5.6573e+01   2.5647e+01   1.3544e-05   5.3945e-02   2.8673e+02
20260816_23:00:00   2.5257e-01   6.4896e+01   2.5155e+01   4.8666e-02   7.2919e-02   2.8688e+02
20260817_00:00:00   4.0393e-01   9.4571e+01   2.6435e+01   2.0851e-01   4.9940e-02   2.8912e+02
20260817_01:00:00   2.0888e-01   5.5510e+01   2.5029e+01   1.6056e-04   1.2536e-01   2.8810e+02
20260817_02:00:00   2.1785e-01   5.7407e+01   2.6111e+01   1.5022e-03   1.2849e-01   2.8853e+02
20260817_03:00:00   2.0760e-01   5.5178e+01   2.5137e+01   0.0000e+00   8.8412e-02   2.9037e+02
20260817_04:00:00   2.1625e-01   5.7081e+01   2.5969e+01   7.5960e-04   8.2140e-02   2.9201e+02
20260817_05:00:00   2.3241e-01   6.0631e+01   2.6701e+01   9.3600e-03   7.9913e-03   2.9355e+02
20260817_06:00:00   2.1210e-01   5.6211e+01   2.5364e+01   0.0000e+00   9.2079e-03   2.9300e+02
20260817_07:00:00   2.1168e-01   5.6068e+01   2.5347e+01   0.0000e+00   9.4506e-03   2.9067e+02
20260817_08:00:00   2.1792e-01   5.7398e+01   2.5772e+01   9.8180e-04   4.8687e-03   2.8731e+02
20260817_09:00:00   2.1879e-01   5.7556e+01   2.5672e+01   3.0920e-03   8.0322e-03   2.8589e+02
20260817_10:00:00   2.1074e-01   5.5769e+01   2.5149e+01   1.2430e-04   7.9626e-03   2.8571e+02
20260817_11:00:00   2.0827e-01   5.5202e+01   2.4937e+01   0.0000e+00   5.8025e-03   2.8588e+02
20260817_12:00:00   2.0764e-01   5.5053e+01   2.4863e+01   0.0000e+00   4.9110e-03   2.8804e+02
20260817_13:00:00   2.0777e-01   5.5091e+01   2.4860e+01   0.0000e+00   7.5704e-04   2.8934e+02
20260817_14:00:00   2.0607e-01   5.4723e+01   2.4674e+01   0.0000e+00   3.7720e-04   2.9080e+02
20260817_15:00:00   2.0680e-01   5.4883e+01   2.4696e+01   0.0000e+00   9.1160e-05   2.8854e+02
20260817_16:00:00   2.0815e-01   5.5184e+01   2.4878e+01   0.0000e+00   0.0000e+00   2.8838e+02
20260817_17:00:00   2.1044e-01   5.5714e+01   2.5281e+01   0.0000e+00   0.0000e+00   2.8837e+02
20260817_18:00:00   2.1561e-01   5.6900e+01   2.5952e+01   0.0000e+00   0.0000e+00   2.8759e+02
20260817_19:00:00   2.2196e-01   5.8374e+01   2.6645e+01   0.0000e+00   0.0000e+00   2.8746e+02
20260817_20:00:00   2.3051e-01   6.0310e+01   2.7577e+01   0.0000e+00   0.0000e+00   2.8735e+02
20260817_21:00:00   2.8053e-01   7.0986e+01   2.8359e+01   4.9297e-02   0.0000e+00   2.8620e+02
20260817_22:00:00   3.9773e-01   9.3842e+01   2.8434e+01   1.8302e-01   2.9141e-05   2.8690e+02
20260817_23:00:00   3.5173e-01   8.5199e+01   2.8019e+01   1.3416e-01   3.4914e-04   2.8699e+02
20260818_00:00:00   3.2713e-01   8.0455e+01   2.6843e+01   1.1840e-01   7.3094e-05   2.8750e+02
20260818_01:00:00   5.7723e-01   1.2368e+02   2.7232e+01   3.9910e-01   3.9086e-05   2.8774e+02
20260818_02:00:00   5.6731e-01   1.2197e+02   2.7613e+01   3.8224e-01   2.0719e-04   2.8765e+02
20260818_03:00:00   2.9500e-01   7.3861e+01   2.6022e+01   8.9342e-02   5.9840e-05   2.8936e+02
20260818_04:00:00   2.6461e-01   6.7671e+01   2.6451e+01   4.8784e-02   1.9266e-04   2.9040e+02
20260818_05:00:00   2.3144e-01   6.0644e+01   2.6492e+01   8.3573e-03   5.1875e-05   2.9082e+02
20260818_06:00:00   2.4645e-01   6.3804e+01   2.5883e+01   3.2000e-02   3.3340e-05   2.9071e+02
20260818_07:00:00   2.2388e-01   5.8871e+01   2.5337e+01   1.4423e-02   2.7264e-04   2.8859e+02
20260818_08:00:00   2.1890e-01   5.7726e+01   2.5217e+01   1.0152e-02   4.6900e-05   2.8806e+02
20260818_09:00:00   3.6361e-01   8.6823e+01   2.6969e+01   1.5648e-01   1.4612e-03   2.8744e+02
20260818_10:00:00   3.4637e-01   8.3701e+01   2.6806e+01   1.3850e-01   2.3061e-04   2.8704e+02
20260818_11:00:00   2.1934e-01   5.7817e+01   2.5666e+01   4.7520e-03   1.9166e-04   2.8852e+02
20260818_12:00:00   2.0967e-01   5.5690e+01   2.4960e+01   0.0000e+00   0.0000e+00   2.8901e+02
20260818_13:00:00   2.0453e-01   5.4516e+01   2.4349e+01   0.0000e+00   0.0000e+00   2.8908e+02
20260818_14:00:00   1.9654e-01   5.2733e+01   2.3230e+01   0.0000e+00   0.0000e+00   2.8936e+02
20260818_15:00:00   1.8921e-01   5.1080e+01   2.2262e+01   0.0000e+00   0.0000e+00   2.9051e+02
20260818_16:00:00   1.8629e-01   5.0423e+01   2.1769e+01   0.0000e+00   0.0000e+00   2.9099e+02
20260818_17:00:00   1.8586e-01   5.0352e+01   2.1545e+01   0.0000e+00   0.0000e+00   2.9181e+02
20260818_18:00:00   1.8355e-01   4.9893e+01   2.1119e+01   0.0000e+00   0.0000e+00   2.9188e+02
20260818_19:00:00   1.8685e-01   5.0720e+01   2.1437e+01   0.0000e+00   0.0000e+00   2.9124e+02
20260818_20:00:00   1.9383e-01   5.2379e+01   2.2187e+01   0.0000e+00   0.0000e+00   2.9009e+02
20260818_21:00:00   2.0321e-01   5.4491e+01   2.3344e+01   3.4680e-04   0.0000e+00   2.8822e+02
20260818_22:00:00   2.1131e-01   5.6279e+01   2.3899e+01   6.4184e-03   1.6710e-05   2.8939e+02
20260818_23:00:00   2.3168e-01   6.0701e+01   2.3113e+01   3.7845e-02   1.3434e-03   2.8928e+02
20260819_00:00:00   4.0467e-01   9.4795e+01   2.4949e+01   2.1866e-01   2.7893e-02   2.8883e+02
20260819_03:00:00   3.1427e-01   7.7911e+01   2.5617e+01   1.0961e-01   3.5629e-03   2.9030e+02
20260819_06:00:00   2.1559e-01   5.7133e+01   2.5919e+01   0.0000e+00   3.9633e-03   2.8988e+02
20260819_09:00:00   2.0840e-01   5.5504e+01   2.4145e+01   4.4180e-03   7.4100e-05   2.9162e+02
20260819_12:00:00   2.0525e-01   5.4888e+01   2.3613e+01   0.0000e+00   0.0000e+00   2.9279e+02
20260819_15:00:00   1.9511e-01   5.2625e+01   2.1933e+01   0.0000e+00   0.0000e+00   2.9206e+02
20260819_18:00:00   1.9018e-01   5.1507e+01   2.1878e+01   0.0000e+00   0.0000e+00   2.8991e+02
20260819_21:00:00   2.1168e-01   5.6612e+01   2.4208e+01   0.0000e+00   0.0000e+00   2.9116e+02
20260820_00:00:00   3.2224e-01   7.9807e+01   2.6331e+01   1.0694e-01   1.6974e-04   2.9182e+02
20260820_03:00:00   8.8752e-01   1.6532e+02   2.9959e+01   7.2614e-01   4.2104e-02   2.8933e+02
20260820_06:00:00   2.1720e-01   5.7652e+01   2.5453e+01   0.0000e+00   1.0504e-01   2.9179e+02
20260820_09:00:00   1.8571e-01   5.0097e+01   2.3050e+01   0.0000e+00   2.4973e-02   2.8721e+02
20260820_12:00:00   2.1328e-01   5.6492e+01   2.5687e+01   0.0000e+00   3.9240e-03   2.8954e+02
20260820_15:00:00   2.1658e-01   5.7282e+01   2.5747e+01   0.0000e+00   6.2510e-04   2.8927e+02
20260820_18:00:00   2.2795e-01   5.9906e+01   2.6869e+01   0.0000e+00   0.0000e+00   2.8899e+02
20260820_21:00:00   2.3623e-01   6.1901e+01   2.7723e+01   0.0000e+00   0.0000e+00   2.9006e+02
20260821_00:00:00   2.3435e-01   6.1639e+01   2.7469e+01   0.0000e+00   0.0000e+00   2.9462e+02
20260821_03:00:00   2.6389e-01   6.7848e+01   2.8371e+01   3.0158e-02   4.9406e-03   2.9668e+02
20260821_06:00:00   2.2995e-01   6.0258e+01   2.7967e+01   0.0000e+00   9.8369e-02   2.9554e+02
20260821_09:00:00   2.1849e-01   5.7702e+01   2.6315e+01   2.1220e-03   2.5747e-02   2.9641e+02
20260821_12:00:00   2.2156e-01   5.8330e+01   2.6960e+01   0.0000e+00   7.3457e-03   2.9554e+02
20260821_15:00:00   2.2123e-01   5.8177e+01   2.7172e+01   0.0000e+00   8.6705e-04   2.9562e+02
20260821_18:00:00   2.3661e-01   6.1629e+01   2.8792e+01   0.0000e+00   2.2133e-03   2.9506e+02
20260821_21:00:00   2.4360e-01   6.3326e+01   2.9603e+01   4.0000e-04   9.1307e-03   2.9301e+02
20260822_00:00:00   2.6737e-01   6.8507e+01   2.8355e+01   3.8751e-02   1.0334e-02   2.9198e+02
20260822_03:00:00   2.6164e-01   6.7208e+01   3.0128e+01   1.3182e-02   2.2575e-01   2.9338e+02
20260822_06:00:00   2.2636e-01   5.9459e+01   2.8067e+01   0.0000e+00   1.2596e-01   2.9317e+02
20260822_09:00:00   2.1670e-01   5.7368e+01   2.6515e+01   0.0000e+00   7.3918e-02   2.9326e+02
20260822_12:00:00   2.1434e-01   5.6784e+01   2.6250e+01   0.0000e+00   5.3087e-02   2.9452e+02
20260822_15:00:00   2.1243e-01   5.6327e+01   2.6159e+01   0.0000e+00   1.2632e-03   2.9300e+02
20260822_18:00:00   2.0650e-01   5.5137e+01   2.4891e+01   0.0000e+00   0.0000e+00   2.9060e+02
20260822_21:00:00   2.2882e-01   6.0334e+01   2.6848e+01   2.4580e-03   0.0000e+00   2.9205e+02
20260823_00:00:00   1.1395e+00   1.8840e+02   3.3160e+01   9.8777e-01   2.3273e-01   2.8950e+02
20260823_03:00:00   2.8584e-01   7.1616e+01   2.9750e+01   5.6020e-02   1.0049e-01   2.9248e+02
20260823_06:00:00   2.8062e-01   7.0272e+01   2.9250e+01   5.3696e-02   4.9375e-01   2.9304e+02
20260823_09:00:00   2.2407e-01   5.8517e+01   2.8281e+01   0.0000e+00   1.3694e-01   2.9256e+02
20260823_12:00:00   2.1449e-01   5.6485e+01   2.6824e+01   0.0000e+00   2.4920e-03   2.9283e+02
20260823_15:00:00   2.0081e-01   5.3542e+01   2.4823e+01   0.0000e+00   1.1698e-03   2.9326e+02
20260823_18:00:00   2.0293e-01   5.4167e+01   2.4463e+01   0.0000e+00   0.0000e+00   2.9744e+02
20260823_21:00:00   2.2569e-01   5.9528e+01   2.6453e+01   2.9920e-04   0.0000e+00   2.9558e+02
20260824_00:00:00   8.5821e-01   1.6092e+02   2.9719e+01   6.9432e-01   3.5042e-02   2.9181e+02
20260824_03:00:00   4.8969e-01   1.0913e+02   2.8061e+01   2.8954e-01   5.2032e-02   2.9185e+02
20260824_06:00:00   2.0960e-01   5.5871e+01   2.4200e+01   0.0000e+00   7.1864e-05   2.9245e+02
20260824_09:00:00   2.0565e-01   5.4970e+01   2.3224e+01   3.4080e-03   2.4234e-03   2.9027e+02
20260824_12:00:00   2.1076e-01   5.6176e+01   2.3473e+01   0.0000e+00   7.8284e-05   2.8941e+02
20260824_15:00:00   2.0268e-01   5.4350e+01   2.2521e+01   0.0000e+00   0.0000e+00   2.8785e+02
20260824_18:00:00   2.1362e-01   5.6914e+01   2.3485e+01   0.0000e+00   4.6340e-04   2.8817e+02
20260824_21:00:00   2.7950e-01   7.1432e+01   2.7122e+01   3.3371e-02   1.5942e-04   2.8881e+02
20260825_00:00:00   2.1827e-01   5.7956e+01   2.5288e+01   6.1177e-04   2.8621e-01   2.8615e+02
20260825_03:00:00   2.9492e-01   7.3815e+01   2.7090e+01   7.5001e-02   5.9331e-01   2.8840e+02
20260825_06:00:00   2.0732e-01   5.5489e+01   2.3440e+01   0.0000e+00   5.1409e-02   2.9075e+02
20260825_09:00:00   2.0291e-01   5.4287e+01   2.1993e+01   1.0306e-02   1.7071e-02   2.8716e+02
20260825_12:00:00   1.8544e-01   5.0298e+01   2.0699e+01   0.0000e+00   6.6005e-02   2.8548e+02
20260825_15:00:00   1.8499e-01   5.0175e+01   2.0322e+01   0.0000e+00   5.9730e-03   2.8545e+02
20260825_18:00:00   1.9748e-01   5.3091e+01   2.1161e+01   0.0000e+00   1.0092e-03   2.8721e+02
20260825_21:00:00   2.6018e-01   6.6889e+01   2.2629e+01   5.8679e-02   9.9421e-04   2.9185e+02
20260826_00:00:00   7.0234e-01   1.4187e+02   2.6860e+01   5.2772e-01   5.2893e-04   2.8884e+02
20260826_03:00:00   1.9293e-01   5.2019e+01   2.1792e+01   0.0000e+00   1.0769e-03   2.8916e+02
20260826_06:00:00   2.0962e-01   5.5553e+01   2.3219e+01   5.6740e-03   7.7097e-04   2.9050e+02
20260826_09:00:00   1.8937e-01   5.0898e+01   2.1335e+01   0.0000e+00   5.3640e-05   2.9100e+02
20260826_12:00:00   1.7545e-01   4.7651e+01   1.9559e+01   0.0000e+00   0.0000e+00   2.9298e+02
20260826_15:00:00   1.7298e-01   4.7026e+01   1.9118e+01   0.0000e+00   0.0000e+00   2.9170e+02
20260826_18:00:00   1.7436e-01   4.7427e+01   1.9364e+01   0.0000e+00   0.0000e+00   2.9126e+02
20260826_21:00:00   2.4323e-01   6.2472e+01   2.1773e+01   6.2280e-02   1.8134e-04   2.9076e+02
20260827_00:00:00   2.9132e-01   7.2415e+01   2.2261e+01   1.1468e-01   2.3585e-03   2.8908e+02
20260827_03:00:00   3.3167e-01   8.0483e+01   2.4145e+01   1.4314e-01   3.1013e-04   2.8799e+02
20260827_06:00:00   2.3884e-01   6.2054e+01   2.6057e+01   1.2110e-02   5.2742e-06   2.9073e+02
20260827_09:00:00   2.2412e-01   5.8752e+01   2.5685e+01   0.0000e+00   6.8620e-05   2.9200e+02
20260827_12:00:00   2.1689e-01   5.6991e+01   2.5288e+01   0.0000e+00   2.6942e-04   2.8888e+02
20260827_15:00:00   2.0761e-01   5.4896e+01   2.4011e+01   0.0000e+00   0.0000e+00   2.8750e+02
20260827_18:00:00   2.3144e-01   6.0348e+01   2.6345e+01   0.0000e+00   6.0181e-05   2.8913e+02
20260827_21:00:00   7.9565e-01   1.5366e+02   2.9573e+01   6.2457e-01   3.5590e-04   2.8763e+02
20260828_00:00:00   2.3086e-01   6.0213e+01   2.7608e+01   2.0865e-04   6.5577e-03   2.8775e+02
20260828_03:00:00   3.9487e-01   9.3031e+01   2.8392e+01   1.7244e-01   5.1591e-03   2.8916e+02
20260828_06:00:00   2.3513e-01   6.0693e+01   2.8318e+01   1.6482e-03   3.4722e-01   2.8811e+02
20260828_09:00:00   3.2363e-01   7.8753e+01   2.8691e+01   9.6986e-02   8.2213e-02   2.8995e+02
20260828_12:00:00   2.1112e-01   5.5507e+01   2.5112e+01   0.0000e+00   1.0332e-02   2.9442e+02
20260828_15:00:00   1.9837e-01   5.2761e+01   2.3359e+01   0.0000e+00   1.7037e-03   2.9317e+02
20260828_18:00:00   1.9686e-01   5.2442e+01   2.3265e+01   0.0000e+00   5.0983e-03   2.9231e+02
20260828_21:00:00   2.3022e-01   6.0077e+01   2.6867e+01   8.5020e-04   2.1351e-03   2.9061e+02
20260829_00:00:00   2.2367e-01   5.8462e+01   2.6192e+01   8.9640e-03   2.3231e-02   2.8802e+02
20260829_03:00:00   3.0422e-01   7.4784e+01   2.6776e+01   9.9480e-02   3.1230e-01   2.8798e+02
20260829_06:00:00   4.4811e-01   1.0157e+02   2.9334e+01   2.3527e-01   1.9305e-01   2.8768e+02
20260829_09:00:00   5.6146e-01   1.2027e+02   2.9382e+01   3.6079e-01   1.0573e-01   2.8591e+02
20260829_12:00:00   2.5540e-01   6.5007e+01   2.9490e+01   1.5074e-02   4.4804e-02   2.8772e+02
20260829_15:00:00   2.9571e-01   7.3204e+01   2.9031e+01   6.7409e-02   4.4461e-01   2.8670e+02
20260829_18:00:00   2.1927e-01   5.7425e+01   2.6852e+01   1.3616e-04   3.0606e-02   2.8799e+02
20260829_21:00:00   2.3432e-01   6.0997e+01   2.7769e+01   2.0262e-03   4.9053e-02   2.8500e+02
20260830_00:00:00   8.5829e-01   1.6031e+02   3.3674e+01   6.5661e-01   3.4727e-01   2.8153e+02
