#            date       tau255        Tb[K]      pwv[mm] lwp[kg*m^-2] iwp[kg*m^-2]       o3[DU]
20260916_18:00:00   2.5783e-01   6.5541e+01   3.0361e+01   0.0000e+00   1.5112e-01   2.8461e+02
20260916_19:00:00   2.9272e-01   7.2755e+01   3.1605e+01   2.3276e-02   1.6601e-01   2.8569e+02
20260916_20:00:00   6.2526e-01   1.3074e+02   3.3233e+01   3.8898e-01   6.5153e-01   2.8644e+02
20260916_21:00:00   5.3992e-01   1.1683e+02   3.0846e+01   3.1717e-01   4.4504e-01   2.8548e+02
20260916_22:00:00   3.9619e-01   9.2385e+01   2.9569e+01   1.7021e-01   1.9920e-01   2.8271e+02
20260916_23:00:00   3.6786e-01   8.7467e+01   3.0487e+01   1.2302e-01   5.3331e-02   2.7942e+02
20260917_00:00:00   4.8285e-01   1.0798e+02   3.1337e+01   2.4094e-01   8.0119e-02   2.7860e+02
20260917_01:00:00   7.7583e-01   1.5017e+02   3.1323e+01   5.6843e-01   1.6903e-01   2.7705e+02
20260917_02:00:00   6.1031e-01   1.2812e+02   3.0427e+01   3.8740e-01   7.0148e-03   2.7395e+02
20260917_03:00:00   4.5296e-01   1.0308e+02   3.0399e+01   2.0687e-01   4.8508e-04   2.7182e+02
20260917_04:00:00   3.1756e-01   7.8215e+01   3.0041e+01   5.4497e-02   7.7487e-05   2.7135e+02
20260917_05:00:00   2.7133e-01   6.8598e+01   2.9232e+01   8.9210e-03   2.4186e-05   2.7191e+02
20260917_06:00:00   3.2072e-01   7.8832e+01   2.9526e+01   6.3388e-02   5.3860e-06   2.7278e+02
20260917_07:00:00   3.5389e-01   8.5654e+01   2.9945e+01   1.0164e-01   6.3200e-04   2.7287e+02
20260917_08:00:00   2.9347e-01   7.3314e+01   2.8912e+01   4.1895e-02   9.5380e-04   2.7614e+02
20260917_09:00:00   2.4644e-01   6.3201e+01   2.7930e+01   1.4104e-04   1.9588e-03   2.7685e+02
20260917_10:00:00   2.3904e-01   6.1567e+01   2.7548e+01   0.0000e+00   3.0640e-03   2.7802e+02
20260917_11:00:00   2.2930e-01   5.9401e+01   2.6807e+01   0.0000e+00   1.6838e-02   2.7873e+02
20260917_12:00:00   2.2004e-01   5.7333e+01   2.6026e+01   0.0000e+00   1.5581e-02   2.7912e+02
20260917_13:00:00   2.1234e-01   5.5612e+01   2.5241e+01   0.0000e+00   5.0924e-03   2.7827e+02
20260917_14:00:00   2.0496e-01   5.3935e+01   2.4451e+01   0.0000e+00   2.8648e-03   2.7833e+02
20260917_15:00:00   1.9725e-01   5.2169e+01   2.3616e+01   0.0000e+00   8.4883e-03   2.7779e+02
20260917_16:00:00   1.8982e-01   5.0468e+01   2.2772e+01   0.0000e+00   1.2461e-02   2.7671e+02
20260917_17:00:00   1.8428e-01   4.9164e+01   2.2184e+01   0.0000e+00   5.3135e-02   2.7550e+02
20260917_18:00:00   1.8876e-01   5.0266e+01   2.2530e+01   0.0000e+00   3.4690e-02   2.7474e+02
20260917_19:00:00   1.9287e-01   5.1266e+01   2.2829e+01   0.0000e+00   1.4009e-02   2.7564e+02
20260917_20:00:00   2.0024e-01   5.3024e+01   2.3499e+01   0.0000e+00   1.0410e-02   2.7607e+02
20260917_21:00:00   1.9980e-01   5.3024e+01   2.3338e+01   0.0000e+00   4.0460e-03   2.7480e+02
20260917_22:00:00   2.0169e-01   5.3522e+01   2.3354e+01   0.0000e+00   2.6640e-03   2.7512e+02
20260917_23:00:00   2.0208e-01   5.3670e+01   2.3192e+01   3.7060e-05   5.4745e-03   2.7466e+02
20260918_00:00:00   2.0082e-01   5.3384e+01   2.3174e+01   4.1680e-05   1.4680e-02   2.7659e+02
20260918_01:00:00   2.0157e-01   5.3519e+01   2.3391e+01   0.0000e+00   1.9119e-02   2.7759e+02
20260918_02:00:00   2.0064e-01   5.3314e+01   2.3192e+01   0.0000e+00   3.7728e-03   2.7811e+02
20260918_03:00:00   1.9578e-01   5.2229e+01   2.2572e+01   0.0000e+00   1.0336e-03   2.7759e+02
20260918_04:00:00   1.8947e-01   5.0775e+01   2.1840e+01   0.0000e+00   7.8186e-03   2.7467e+02
20260918_05:00:00   1.8145e-01   4.8966e+01   2.0655e+01   0.0000e+00   2.2400e-03   2.7341e+02
20260918_06:00:00   1.7702e-01   4.7991e+01   1.9788e+01   0.0000e+00   7.8740e-05   2.7384e+02
20260918_07:00:00   1.7289e-01   4.7051e+01   1.9096e+01   0.0000e+00   0.0000e+00   2.7516e+02
20260918_08:00:00   1.6540e-01   4.5333e+01   1.7878e+01   0.0000e+00   0.0000e+00   2.7617e+02
20260918_09:00:00   1.6056e-01   4.4178e+01   1.7178e+01   0.0000e+00   0.0000e+00   2.7625e+02
20260918_10:00:00   1.5032e-01   4.1720e+01   1.5952e+01   0.0000e+00   0.0000e+00   2.7564e+02
20260918_11:00:00   1.4420e-01   4.0217e+01   1.5259e+01   0.0000e+00   0.0000e+00   2.7525e+02
20260918_12:00:00   1.3900e-01   3.8902e+01   1.4813e+01   0.0000e+00   0.0000e+00   2.7606e+02
20260918_13:00:00   1.3499e-01   3.7884e+01   1.4466e+01   0.0000e+00   0.0000e+00   2.7857e+02
20260918_14:00:00   1.3465e-01   3.7778e+01   1.4504e+01   0.0000e+00   0.0000e+00   2.8083e+02
20260918_15:00:00   1.3577e-01   3.8045e+01   1.4659e+01   0.0000e+00   0.0000e+00   2.8123e+02
20260918_16:00:00   1.3493e-01   3.7845e+01   1.4536e+01   0.0000e+00   0.0000e+00   2.7921e+02
20260918_17:00:00   1.3773e-01   3.8582e+01   1.4667e+01   0.0000e+00   0.0000e+00   2.7767e+02
20260918_18:00:00   1.4378e-01   4.0107e+01   1.5214e+01   0.0000e+00   0.0000e+00   2.7908e+02
20260918_19:00:00   1.4467e-01   4.0353e+01   1.5318e+01   0.0000e+00   0.0000e+00   2.7943e+02
20260918_20:00:00   1.4288e-01   3.9928e+01   1.5180e+01   0.0000e+00   0.0000e+00   2.7787e+02
20260918_21:00:00   1.4180e-01   3.9666e+01   1.5138e+01   0.0000e+00   0.0000e+00   2.7663e+02
20260918_22:00:00   1.3374e-01   3.7665e+01   1.4328e+01   0.0000e+00   0.0000e+00   2.7770e+02
20260918_23:00:00   1.2530e-01   3.5556e+01   1.3374e+01   0.0000e+00   0.0000e+00   2.7668e+02
20260919_00:00:00   1.1641e-01   3.3325e+01   1.2263e+01   0.0000e+00   0.0000e+00   2.7723e+02
20260919_01:00:00   1.0831e-01   3.1280e+01   1.1176e+01   0.0000e+00   0.0000e+00   2.7909e+02
20260919_02:00:00   1.0157e-01   2.9560e+01   1.0271e+01   0.0000e+00   0.0000e+00   2.7879e+02
20260919_03:00:00   9.9461e-02   2.9016e+01   1.0008e+01   0.0000e+00   0.0000e+00   2.7907e+02
20260919_04:00:00   1.0018e-01   2.9191e+01   1.0118e+01   0.0000e+00   0.0000e+00   2.7943e+02
20260919_05:00:00   1.0155e-01   2.9549e+01   1.0253e+01   0.0000e+00   0.0000e+00   2.7805e+02
20260919_06:00:00   1.0343e-01   3.0041e+01   1.0415e+01   0.0000e+00   0.0000e+00   2.7871e+02
20260919_07:00:00   1.0462e-01   3.0321e+01   1.0522e+01   0.0000e+00   0.0000e+00   2.7948e+02
20260919_08:00:00   1.0073e-01   2.9311e+01   9.9902e+00   0.0000e+00   0.0000e+00   2.7993e+02
20260919_09:00:00   9.8887e-02   2.8809e+01   9.7787e+00   0.0000e+00   0.0000e+00   2.8089e+02
20260919_10:00:00   1.0021e-01   2.9108e+01   9.9973e+00   0.0000e+00   0.0000e+00   2.8224e+02
20260919_11:00:00   1.0102e-01   2.9296e+01   1.0109e+01   0.0000e+00   0.0000e+00   2.8297e+02
20260919_12:00:00   1.0166e-01   2.9449e+01   1.0163e+01   0.0000e+00   0.0000e+00   2.8224e+02
20260919_13:00:00   1.0142e-01   2.9378e+01   1.0084e+01   0.0000e+00   0.0000e+00   2.8321e+02
20260919_14:00:00   9.7398e-02   2.8344e+01   9.5283e+00   0.0000e+00   0.0000e+00   2.8285e+02
20260919_15:00:00   9.2183e-02   2.6998e+01   8.8063e+00   0.0000e+00   0.0000e+00   2.8116e+02
20260919_16:00:00   8.8895e-02   2.6152e+01   8.3124e+00   0.0000e+00   0.0000e+00   2.7919e+02
20260919_17:00:00   8.8172e-02   2.5979e+01   8.1425e+00   0.0000e+00   0.0000e+00   2.7662e+02
20260919_18:00:00   9.0739e-02   2.6667e+01   8.4325e+00   0.0000e+00   0.0000e+00   2.7610e+02
20260919_19:00:00   9.0912e-02   2.6726e+01   8.4219e+00   0.0000e+00   0.0000e+00   2.7765e+02
20260919_20:00:00   9.0023e-02   2.6508e+01   8.2656e+00   0.0000e+00   0.0000e+00   2.7802e+02
20260919_21:00:00   8.9118e-02   2.6296e+01   8.1006e+00   0.0000e+00   0.0000e+00   2.7700e+02
20260919_22:00:00   8.7970e-02   2.6025e+01   7.8860e+00   0.0000e+00   0.0000e+00   2.7583e+02
20260919_23:00:00   8.6571e-02   2.5694e+01   7.6299e+00   0.0000e+00   0.0000e+00   2.7437e+02
20260920_00:00:00   8.5800e-02   2.5509e+01   7.4761e+00   0.0000e+00   0.0000e+00   2.7156e+02
20260920_01:00:00   8.3841e-02   2.5009e+01   7.1445e+00   0.0000e+00   0.0000e+00   2.7014e+02
20260920_02:00:00   8.2096e-02   2.4564e+01   6.8649e+00   0.0000e+00   0.0000e+00   2.6945e+02
20260920_03:00:00   8.0874e-02   2.4237e+01   6.6913e+00   0.0000e+00   0.0000e+00   2.6918e+02
20260920_04:00:00   7.9451e-02   2.3860e+01   6.4821e+00   0.0000e+00   0.0000e+00   2.6958e+02
20260920_05:00:00   7.8894e-02   2.3712e+01   6.3829e+00   0.0000e+00   0.0000e+00   2.7156e+02
20260920_06:00:00   8.1786e-02   2.4458e+01   6.7874e+00   0.0000e+00   0.0000e+00   2.7110e+02
20260920_07:00:00   8.3815e-02   2.4971e+01   7.0728e+00   0.0000e+00   0.0000e+00   2.7226e+02
20260920_08:00:00   8.4496e-02   2.5137e+01   7.1631e+00   0.0000e+00   0.0000e+00   2.7381e+02
20260920_09:00:00   8.4499e-02   2.5139e+01   7.1289e+00   0.0000e+00   0.0000e+00   2.7288e+02
20260920_10:00:00   8.4948e-02   2.5251e+01   7.1752e+00   0.0000e+00   0.0000e+00   2.7049e+02
20260920_11:00:00   8.3904e-02   2.4968e+01   7.0559e+00   0.0000e+00   0.0000e+00   2.7080e+02
20260920_12:00:00   8.3643e-02   2.4882e+01   7.0813e+00   0.0000e+00   0.0000e+00   2.7148e+02
20260920_13:00:00   8.3793e-02   2.4911e+01   7.1364e+00   0.0000e+00   0.0000e+00   2.7018e+02
20260920_14:00:00   8.6655e-02   2.5655e+01   7.4771e+00   0.0000e+00   0.0000e+00   2.7069e+02
20260920_15:00:00   9.1020e-02   2.6788e+01   8.0312e+00   0.0000e+00   0.0000e+00   2.7097e+02
20260920_16:00:00   9.5148e-02   2.7858e+01   8.5323e+00   0.0000e+00   0.0000e+00   2.7027e+02
20260920_17:00:00   9.8120e-02   2.8633e+01   8.8690e+00   0.0000e+00   0.0000e+00   2.6984e+02
20260920_18:00:00   1.0221e-01   2.9674e+01   9.4102e+00   0.0000e+00   0.0000e+00   2.6783e+02
20260920_19:00:00   1.0706e-01   3.0884e+01   1.0200e+01   0.0000e+00   0.0000e+00   2.6460e+02
20260920_20:00:00   1.1085e-01   3.1815e+01   1.0868e+01   0.0000e+00   0.0000e+00   2.6347e+02
20260920_21:00:00   1.1531e-01   3.2905e+01   1.1591e+01   0.0000e+00   1.3892e-05   2.6326e+02
20260920_22:00:00   1.1664e-01   3.3243e+01   1.1824e+01   0.0000e+00   9.1524e-04   2.6355e+02
20260920_23:00:00   1.1924e-01   3.3897e+01   1.2195e+01   0.0000e+00   3.8239e-03   2.6261e+02
20260921_00:00:00   1.1912e-01   3.3882e+01   1.2095e+01   0.0000e+00   2.5860e-04   2.6272e+02
20260921_01:00:00   1.1806e-01   3.3604e+01   1.1998e+01   0.0000e+00   1.2110e-04   2.6305e+02
20260921_02:00:00   1.1630e-01   3.3179e+01   1.1768e+01   0.0000e+00   3.7450e-05   2.6376e+02
20260921_03:00:00   1.1893e-01   3.3839e+01   1.2105e+01   0.0000e+00   1.6736e-04   2.6475e+02
20260921_04:00:00   1.1944e-01   3.3979e+01   1.2160e+01   0.0000e+00   3.8820e-05   2.6428e+02
20260921_05:00:00   1.1673e-01   3.3298e+01   1.1822e+01   0.0000e+00   5.7540e-04   2.6331e+02
20260921_06:00:00   1.2105e-01   3.4356e+01   1.2387e+01   0.0000e+00   4.8960e-04   2.6313e+02
20260921_07:00:00   1.2441e-01   3.5197e+01   1.2685e+01   0.0000e+00   6.0863e-04   2.6217e+02
20260921_08:00:00   1.1526e-01   3.2897e+01   1.1640e+01   0.0000e+00   1.4190e-03   2.6259e+02
20260921_09:00:00   1.2283e-01   3.4727e+01   1.2700e+01   0.0000e+00   3.5400e-03   2.6421e+02
20260921_10:00:00   1.3235e-01   3.7049e+01   1.3798e+01   0.0000e+00   7.2002e-03   2.6505e+02
20260921_11:00:00   1.3098e-01   3.6698e+01   1.3560e+01   0.0000e+00   4.3409e-03   2.6577e+02
20260921_12:00:00   1.2697e-01   3.5669e+01   1.3177e+01   0.0000e+00   1.1775e-02   2.6689e+02
20260921_13:00:00   1.2400e-01   3.4911e+01   1.2856e+01   0.0000e+00   1.5106e-02   2.6824e+02
20260921_14:00:00   1.3163e-01   3.6812e+01   1.3636e+01   0.0000e+00   2.9221e-02   2.6977e+02
20260921_15:00:00   1.2874e-01   3.6113e+01   1.3255e+01   0.0000e+00   2.2544e-02   2.7220e+02
20260921_16:00:00   1.2172e-01   3.4343e+01   1.2587e+01   0.0000e+00   2.5949e-02   2.7292e+02
20260921_17:00:00   1.2832e-01   3.5995e+01   1.3280e+01   0.0000e+00   2.5726e-03   2.7393e+02
20260921_18:00:00   1.3504e-01   3.7667e+01   1.3979e+01   0.0000e+00   5.9734e-04   2.7348e+02
20260921_21:00:00   1.4203e-01   3.9407e+01   1.4913e+01   0.0000e+00   0.0000e+00   2.7518e+02
20260922_00:00:00   1.4749e-01   4.0780e+01   1.5493e+01   0.0000e+00   0.0000e+00   2.7387e+02
20260922_03:00:00   1.2545e-01   3.5388e+01   1.3009e+01   0.0000e+00   0.0000e+00   2.7390e+02
20260922_06:00:00   1.3322e-01   3.6976e+01   1.2233e+01   1.7984e-02   7.7015e-04   2.7405e+02
20260922_09:00:00   1.4207e-01   3.8874e+01   1.2037e+01   2.9680e-02   2.7854e-03   2.7437e+02
20260922_12:00:00   1.3942e-01   3.8528e+01   1.4787e+01   9.8361e-04   7.5157e-05   2.7681e+02
20260922_15:00:00   1.8445e-01   4.8833e+01   1.4194e+01   5.6400e-02   3.4830e-04   2.7970e+02
20260922_18:00:00   1.4789e-01   4.0516e+01   1.5760e+01   1.6564e-03   2.4315e-04   2.7957e+02
20260922_21:00:00   1.5219e-01   4.1568e+01   1.6609e+01   0.0000e+00   2.4935e-03   2.8111e+02
20260923_00:00:00   1.3453e-01   3.7406e+01   1.4467e+01   0.0000e+00   1.4874e-05   2.7765e+02
20260923_03:00:00   1.3208e-01   3.6831e+01   1.4296e+01   0.0000e+00   3.0798e-04   2.7732e+02
20260923_06:00:00   1.3202e-01   3.6784e+01   1.4315e+01   0.0000e+00   9.0541e-04   2.7547e+02
20260923_09:00:00   1.3749e-01   3.8104e+01   1.5017e+01   0.0000e+00   1.0800e-04   2.7224e+02
20260923_12:00:00   1.4329e-01   3.9540e+01   1.5469e+01   0.0000e+00   0.0000e+00   2.7286e+02
20260923_15:00:00   1.3375e-01   3.7291e+01   1.4006e+01   0.0000e+00   0.0000e+00   2.7676e+02
20260923_18:00:00   1.3135e-01   3.6765e+01   1.3627e+01   0.0000e+00   0.0000e+00   2.7383e+02
20260923_21:00:00   1.4173e-01   3.9267e+01   1.5512e+01   0.0000e+00   0.0000e+00   2.7273e+02
20260924_00:00:00   1.5180e-01   4.1693e+01   1.6888e+01   3.2400e-04   3.6680e-06   2.7086e+02
20260924_03:00:00   1.8053e-01   4.8441e+01   1.7833e+01   2.3640e-02   3.7060e-06   2.7264e+02
20260924_06:00:00   1.6691e-01   4.5534e+01   1.8041e+01   0.0000e+00   0.0000e+00   2.7161e+02
20260924_09:00:00   1.4969e-01   4.1404e+01   1.6259e+01   0.0000e+00   0.0000e+00   2.7187e+02
20260924_12:00:00   1.4341e-01   3.9883e+01   1.5374e+01   0.0000e+00   0.0000e+00   2.7389e+02
20260924_15:00:00   1.2881e-01   3.6359e+01   1.3410e+01   0.0000e+00   0.0000e+00   2.7370e+02
20260924_18:00:00   1.3091e-01   3.6950e+01   1.3512e+01   0.0000e+00   1.5394e-04   2.7424e+02
20260924_21:00:00   1.5494e-01   4.2867e+01   1.6601e+01   0.0000e+00   1.6922e-02   2.7327e+02
20260925_00:00:00   1.9258e-01   5.1703e+01   1.9997e+01   1.0452e-02   2.8435e-02   2.7313e+02
20260925_03:00:00   1.9231e-01   5.1720e+01   2.1216e+01   0.0000e+00   1.4845e-01   2.7583e+02
20260925_06:00:00   2.2293e-01   5.8411e+01   2.5856e+01   0.0000e+00   1.4087e-01   2.7588e+02
20260925_09:00:00   2.3129e-01   6.0075e+01   2.7382e+01   4.6400e-05   1.5887e-01   2.7695e+02
20260925_12:00:00   2.2588e-01   5.8922e+01   2.6748e+01   0.0000e+00   5.4569e-02   2.7217e+02
20260925_15:00:00   2.2657e-01   5.9010e+01   2.7295e+01   0.0000e+00   1.0749e-03   2.7276e+02
20260925_18:00:00   2.2323e-01   5.8300e+01   2.7148e+01   0.0000e+00   4.0647e-04   2.7068e+02
20260925_21:00:00   2.6161e-01   6.6692e+01   2.8848e+01   2.5183e-02   1.9872e-04   2.7154e+02
20260926_00:00:00   7.3220e-01   1.4544e+02   2.9892e+01   5.5413e-01   1.3404e-03   2.6898e+02
20260926_03:00:00   3.7684e-01   8.9746e+01   2.9470e+01   1.5255e-01   3.3472e-03   2.6979e+02
20260926_06:00:00   2.1846e-01   5.7460e+01   2.5994e+01   0.0000e+00   4.6983e-04   2.6750e+02
20260926_09:00:00   1.8495e-01   4.9816e+01   2.2173e+01   0.0000e+00   3.4005e-03   2.6695e+02
20260926_12:00:00   1.7738e-01   4.8020e+01   2.1236e+01   0.0000e+00   1.9255e-02   2.6716e+02
20260926_15:00:00   1.7685e-01   4.7950e+01   2.0765e+01   0.0000e+00   8.5835e-03   2.6659e+02
20260926_18:00:00   1.9051e-01   5.1104e+01   2.2531e+01   0.0000e+00   3.2247e-02   2.6998e+02
20260926_21:00:00   2.0402e-01   5.4269e+01   2.3750e+01   4.4460e-04   1.7123e-01   2.7036e+02
20260927_00:00:00   2.5839e-01   6.6247e+01   2.2312e+01   7.3086e-02   2.4580e-04   2.6978e+02
20260927_03:00:00   2.8235e-01   7.1255e+01   2.3544e+01   8.1119e-02   4.7283e-04   2.7054e+02
20260927_06:00:00   1.9568e-01   5.2615e+01   2.1319e+01   1.9536e-03   0.0000e+00   2.7197e+02
20260927_09:00:00   1.7840e-01   4.8625e+01   1.9603e+01   1.0774e-05   1.4113e-03   2.7018e+02
20260927_12:00:00   1.6520e-01   4.5482e+01   1.7980e+01   0.0000e+00   0.0000e+00   2.7182e+02
20260927_15:00:00   1.6875e-01   4.6258e+01   1.8487e+01   0.0000e+00   0.0000e+00   2.6998e+02
20260927_18:00:00   1.8090e-01   4.9121e+01   1.9830e+01   0.0000e+00   0.0000e+00   2.6841e+02
20260927_21:00:00   2.0941e-01   5.5533e+01   2.1993e+01   1.7584e-02   1.5684e-06   2.6759e+02
20260928_00:00:00   4.4726e-01   1.0200e+02   2.2866e+01   2.8303e-01   1.0262e-04   2.6767e+02
20260928_03:00:00   4.8291e-01   1.0782e+02   2.3204e+01   3.1891e-01   1.7126e-03   2.6847e+02
20260928_06:00:00   1.7977e-01   4.8845e+01   2.0379e+01   9.2462e-04   7.4100e-06   2.6643e+02
20260928_09:00:00   1.7094e-01   4.6634e+01   1.9591e+01   3.1360e-04   2.3520e-06   2.5989e+02
20260928_12:00:00   1.6579e-01   4.5432e+01   1.8543e+01   0.0000e+00   0.0000e+00   2.5898e+02
20260928_15:00:00   1.7193e-01   4.6872e+01   1.9201e+01   0.0000e+00   0.0000e+00   2.6267e+02
20260928_18:00:00   1.9441e-01   5.2188e+01   2.1734e+01   0.0000e+00   0.0000e+00   2.6693e+02
20260928_21:00:00   3.5979e-01   8.6708e+01   2.4684e+01   1.5873e-01   3.7060e-06   2.6598e+02
20260929_00:00:00   2.6556e-01   6.7856e+01   2.5126e+01   4.9223e-02   2.3520e-06   2.6590e+02
20260929_03:00:00   2.6664e-01   6.7754e+01   2.8800e+01   2.4158e-02   2.1521e-02   2.6611e+02
20260929_06:00:00   1.9453e-01   5.2023e+01   2.2796e+01   0.0000e+00   5.8580e-04   2.6395e+02
20260929_09:00:00   1.9103e-01   5.1158e+01   2.2424e+01   5.0780e-04   3.1361e-06   2.6682e+02
20260929_12:00:00   1.9209e-01   5.1376e+01   2.2639e+01   0.0000e+00   0.0000e+00   2.6470e+02
20260929_15:00:00   1.9282e-01   5.1539e+01   2.2738e+01   0.0000e+00   0.0000e+00   2.6682e+02
20260929_18:00:00   1.8462e-01   4.9831e+01   2.1002e+01   0.0000e+00   0.0000e+00   2.6819e+02
20260929_21:00:00   2.8048e-01   7.0912e+01   2.3850e+01   7.4274e-02   1.8038e-05   2.6781e+02
20260930_00:00:00   4.4833e-01   1.0262e+02   2.6664e+01   2.4558e-01   3.8381e-02   2.6786e+02
20260930_03:00:00   2.3362e-01   6.0817e+01   2.6181e+01   1.0690e-02   9.6165e-03   2.6905e+02
20260930_06:00:00   1.9359e-01   5.1995e+01   2.2043e+01   8.9320e-04   6.5728e-04   2.6992e+02
20260930_09:00:00   2.1967e-01   5.7638e+01   2.1473e+01   3.3140e-02   2.5180e-04   2.7031e+02
20260930_12:00:00   1.9563e-01   5.2324e+01   2.2745e+01   0.0000e+00   1.3750e-03   2.7024e+02
20260930_15:00:00   2.0866e-01   5.5008e+01   2.5306e+01   4.7060e-05   3.3906e-03   2.7162e+02
20260930_18:00:00   2.0925e-01   5.5428e+01   2.3954e+01   0.0000e+00   1.5170e-04   2.7369e+02
20260930_21:00:00   5.7490e-01   1.2463e+02   2.7215e+01   3.8302e-01   0.0000e+00   2.7324e+02
20261001_00:00:00   7.1106e-01   1.4419e+02   2.9521e+01   5.2422e-01   2.5128e-02   2.7500e+02
20261001_03:00:00   2.2708e-01   5.9707e+01   2.4932e+01   0.0000e+00   3.4560e-04   2.7459e+02
20261001_06:00:00   2.3257e-01   6.0727e+01   2.3299e+01   2.7260e-02   5.0500e-05   2.7498e+02
20261001_09:00:00   1.6896e-01   4.6387e+01   1.8417e+01   0.0000e+00   0.0000e+00   2.7306e+02
20261001_12:00:00   1.3173e-01   3.7272e+01   1.4105e+01   0.0000e+00   0.0000e+00   2.7158e+02
20261001_15:00:00   1.1389e-01   3.2782e+01   1.1786e+01   0.0000e+00   0.0000e+00   2.7275e+02
20261001_18:00:00   1.1761e-01   3.3738e+01   1.2166e+01   0.0000e+00   0.0000e+00   2.7242e+02
20261001_21:00:00   1.3652e-01   3.8385e+01   1.4843e+01   0.0000e+00   0.0000e+00   2.7076e+02
20261002_00:00:00   1.5005e-01   4.1527e+01   1.6575e+01   4.6520e-03   1.7610e-04   2.7047e+02
20261002_03:00:00   2.9978e-01   7.3741e+01   1.8131e+01   1.5886e-01   2.9880e-03   2.7057e+02
20261002_06:00:00   1.3374e-01   3.7715e+01   1.4463e+01   0.0000e+00   0.0000e+00   2.7015e+02
20261002_09:00:00   1.2148e-01   3.4590e+01   1.2964e+01   0.0000e+00   0.0000e+00   2.7124e+02
20261002_12:00:00   1.2205e-01   3.4705e+01   1.2872e+01   0.0000e+00   0.0000e+00   2.7226e+02
20261002_15:00:00   1.1009e-01   3.1764e+01   1.0967e+01   0.0000e+00   0.0000e+00   2.6879e+02
20261002_18:00:00   1.1721e-01   3.3573e+01   1.1915e+01   0.0000e+00   0.0000e+00   2.6748e+02
