#            date       tau255        Tb[K]      pwv[mm] lwp[kg*m^-2] iwp[kg*m^-2]       o3[DU]
20260911_18:00:00   2.4332e-01   6.3087e+01   2.8413e+01   0.0000e+00   7.1260e-06   2.8948e+02
20260911_19:00:00   2.4935e-01   6.4479e+01   2.8843e+01   0.0000e+00   1.9606e-06   2.8772e+02
20260911_20:00:00   2.5992e-01   6.6838e+01   2.9601e+01   2.1680e-03   0.0000e+00   2.8751e+02
20260911_21:00:00   3.0044e-01   7.5516e+01   2.9928e+01   4.6634e-02   1.8430e-05   2.8889e+02
20260911_22:00:00   3.7889e-01   9.1222e+01   3.0046e+01   1.4040e-01   1.3520e-04   2.8847e+02
20260911_23:00:00   2.9874e-01   7.5317e+01   2.8557e+01   5.9040e-02   0.0000e+00   2.8744e+02
20260912_00:00:00   3.0104e-01   7.5693e+01   2.9501e+01   5.1340e-02   1.0784e-04   2.8804e+02
20260912_01:00:00   2.3604e-01   6.1802e+01   2.7203e+01   3.2060e-04   1.2232e-03   2.8767e+02
20260912_02:00:00   2.6413e-01   6.7817e+01   2.8806e+01   1.5976e-02   4.7007e-03   2.8724e+02
20260912_03:00:00   2.4725e-01   6.4215e+01   2.8001e+01   1.8508e-03   6.0319e-03   2.8645e+02
20260912_04:00:00   2.3737e-01   6.2033e+01   2.7392e+01   0.0000e+00   3.8501e-03   2.8463e+02
20260912_05:00:00   2.3818e-01   6.2073e+01   2.7996e+01   0.0000e+00   4.2422e-03   2.8518e+02
20260912_06:00:00   2.3547e-01   6.1469e+01   2.7656e+01   0.0000e+00   3.6972e-03   2.8468e+02
20260912_07:00:00   2.3860e-01   6.2022e+01   2.8249e+01   0.0000e+00   5.8383e-03   2.8375e+02
20260912_08:00:00   2.3509e-01   6.1168e+01   2.8026e+01   0.0000e+00   4.4063e-03   2.8393e+02
20260912_09:00:00   2.2995e-01   5.9974e+01   2.7612e+01   0.0000e+00   2.0334e-03   2.8456e+02
20260912_10:00:00   2.2507e-01   5.8887e+01   2.6956e+01   8.6860e-04   6.5760e-04   2.8526e+02
20260912_11:00:00   2.2530e-01   5.8926e+01   2.6955e+01   0.0000e+00   3.3521e-04   2.8749e+02
20260912_12:00:00   2.2738e-01   5.9391e+01   2.7079e+01   0.0000e+00   2.1897e-04   2.8919e+02
20260912_13:00:00   2.3011e-01   5.9970e+01   2.7292e+01   0.0000e+00   9.5925e-04   2.9050e+02
20260912_14:00:00   2.3485e-01   6.0959e+01   2.7959e+01   0.0000e+00   5.0043e-03   2.8779e+02
20260912_15:00:00   2.3513e-01   6.0998e+01   2.8048e+01   0.0000e+00   1.2411e-02   2.8538e+02
20260912_16:00:00   2.3449e-01   6.0904e+01   2.7885e+01   0.0000e+00   2.7232e-03   2.8331e+02
20260912_17:00:00   2.3482e-01   6.1011e+01   2.7851e+01   0.0000e+00   3.5702e-04   2.8431e+02
20260912_18:00:00   2.3557e-01   6.1250e+01   2.7780e+01   0.0000e+00   3.0640e-05   2.8594e+02
20260912_19:00:00   2.4326e-01   6.3027e+01   2.8404e+01   0.0000e+00   4.1683e-05   2.8553e+02
20260912_20:00:00   2.5481e-01   6.5616e+01   2.9335e+01   8.8460e-04   2.6036e-04   2.8586e+02
20260912_21:00:00   2.8495e-01   7.2137e+01   3.0207e+01   2.6759e-02   5.7815e-04   2.8570e+02
20260912_22:00:00   4.8476e-01   1.1027e+02   3.1147e+01   2.5520e-01   9.8098e-04   2.8594e+02
20260912_23:00:00   6.9743e-01   1.4311e+02   3.1993e+01   4.9854e-01   4.5627e-04   2.8509e+02
20260913_00:00:00   6.4377e-01   1.3535e+02   3.1729e+01   4.3709e-01   4.5384e-04   2.8347e+02
20260913_01:00:00   4.2604e-01   9.9820e+01   3.0346e+01   1.9510e-01   5.0940e-05   2.8221e+02
20260913_02:00:00   3.9903e-01   9.4786e+01   2.9970e+01   1.6830e-01   0.0000e+00   2.8295e+02
20260913_03:00:00   3.8479e-01   9.2091e+01   2.9320e+01   1.5776e-01   0.0000e+00   2.8388e+02
20260913_04:00:00   2.8270e-01   7.1641e+01   2.8746e+01   4.2924e-02   3.0280e-05   2.8430e+02
20260913_05:00:00   2.3666e-01   6.1723e+01   2.7659e+01   0.0000e+00   0.0000e+00   2.8100e+02
20260913_06:00:00   2.2549e-01   5.9237e+01   2.6651e+01   0.0000e+00   1.1025e-04   2.8096e+02
20260913_07:00:00   2.2256e-01   5.8565e+01   2.6358e+01   0.0000e+00   1.6022e-06   2.8073e+02
20260913_08:00:00   2.2475e-01   5.9069e+01   2.6491e+01   0.0000e+00   0.0000e+00   2.8049e+02
20260913_09:00:00   2.2690e-01   5.9544e+01   2.6598e+01   0.0000e+00   4.6320e-05   2.8092e+02
20260913_10:00:00   2.3012e-01   6.0242e+01   2.6854e+01   0.0000e+00   3.2340e-05   2.8056e+02
20260913_11:00:00   2.2644e-01   5.9422e+01   2.6481e+01   0.0000e+00   2.9400e-05   2.8050e+02
20260913_12:00:00   2.2154e-01   5.8303e+01   2.5925e+01   0.0000e+00   2.4680e-05   2.8030e+02
20260913_13:00:00   2.2281e-01   5.8586e+01   2.5921e+01   0.0000e+00   0.0000e+00   2.7913e+02
20260913_14:00:00   2.2458e-01   5.8986e+01   2.5965e+01   0.0000e+00   0.0000e+00   2.7776e+02
20260913_15:00:00   2.2339e-01   5.8734e+01   2.5810e+01   0.0000e+00   0.0000e+00   2.7792e+02
20260913_16:00:00   2.2028e-01   5.8040e+01   2.5477e+01   0.0000e+00   0.0000e+00   2.7881e+02
20260913_17:00:00   2.1772e-01   5.7484e+01   2.5079e+01   0.0000e+00   0.0000e+00   2.7751e+02
20260913_18:00:00   2.1537e-01   5.7000e+01   2.4721e+01   0.0000e+00   0.0000e+00   2.7564e+02
20260913_19:00:00   2.1750e-01   5.7516e+01   2.5079e+01   0.0000e+00   0.0000e+00   2.7566e+02
20260913_20:00:00   2.2590e-01   5.9407e+01   2.6188e+01   0.0000e+00   0.0000e+00   2.7366e+02
20260913_21:00:00   2.3317e-01   6.1030e+01   2.7129e+01   0.0000e+00   0.0000e+00   2.7532e+02
20260913_22:00:00   2.3238e-01   6.0870e+01   2.7182e+01   0.0000e+00   0.0000e+00   2.7819e+02
20260913_23:00:00   2.3059e-01   6.0487e+01   2.7058e+01   5.5580e-05   0.0000e+00   2.7911e+02
20260914_00:00:00   2.2268e-01   5.8772e+01   2.6115e+01   6.3920e-04   0.0000e+00   2.7814e+02
20260914_01:00:00   2.1434e-01   5.6947e+01   2.5141e+01   0.0000e+00   0.0000e+00   2.7865e+02
20260914_02:00:00   2.1890e-01   5.7920e+01   2.5662e+01   2.7780e-05   0.0000e+00   2.8187e+02
20260914_03:00:00   2.1015e-01   5.5976e+01   2.4701e+01   0.0000e+00   0.0000e+00   2.8400e+02
20260914_04:00:00   2.1486e-01   5.6967e+01   2.5466e+01   0.0000e+00   0.0000e+00   2.8334e+02
20260914_05:00:00   2.1862e-01   5.7786e+01   2.5907e+01   0.0000e+00   0.0000e+00   2.8288e+02
20260914_06:00:00   2.2929e-01   6.0134e+01   2.7019e+01   0.0000e+00   0.0000e+00   2.8298e+02
20260914_07:00:00   2.3418e-01   6.1217e+01   2.7459e+01   0.0000e+00   7.8420e-07   2.8335e+02
20260914_08:00:00   2.3617e-01   6.1586e+01   2.7771e+01   0.0000e+00   6.5480e-05   2.8220e+02
20260914_09:00:00   2.3367e-01   6.0944e+01   2.7602e+01   0.0000e+00   2.1036e-04   2.8060e+02
20260914_10:00:00   2.3062e-01   6.0223e+01   2.7339e+01   0.0000e+00   1.2647e-03   2.7998e+02
20260914_11:00:00   2.2991e-01   6.0066e+01   2.7322e+01   0.0000e+00   4.1209e-03   2.7864e+02
20260914_12:00:00   2.2970e-01   5.9980e+01   2.7451e+01   0.0000e+00   1.7503e-02   2.7760e+02
20260914_13:00:00   2.3035e-01   6.0065e+01   2.7633e+01   0.0000e+00   2.5741e-02   2.7669e+02
20260914_14:00:00   2.3617e-01   6.1340e+01   2.8193e+01   0.0000e+00   1.6189e-02   2.7633e+02
20260914_15:00:00   2.4455e-01   6.3183e+01   2.8990e+01   0.0000e+00   1.3503e-02   2.7682e+02
20260914_16:00:00   2.4901e-01   6.4113e+01   2.9478e+01   0.0000e+00   1.2843e-02   2.7929e+02
20260914_17:00:00   2.5058e-01   6.4470e+01   2.9581e+01   0.0000e+00   2.1308e-02   2.7972e+02
20260914_18:00:00   2.5328e-01   6.5039e+01   2.9949e+01   0.0000e+00   6.0920e-02   2.8153e+02
20260914_19:00:00   2.5732e-01   6.5920e+01   3.0412e+01   0.0000e+00   1.5107e-01   2.8213e+02
20260914_20:00:00   2.6069e-01   6.6622e+01   3.0780e+01   0.0000e+00   2.3498e-01   2.8107e+02
20260914_21:00:00   2.5484e-01   6.5356e+01   3.0246e+01   0.0000e+00   2.1067e-01   2.8093e+02
20260914_22:00:00   2.4933e-01   6.4180e+01   2.9650e+01   8.7800e-04   1.5560e-01   2.8147e+02
20260914_23:00:00   2.3917e-01   6.2029e+01   2.8632e+01   0.0000e+00   4.7804e-02   2.8104e+02
20260915_00:00:00   2.3166e-01   6.0444e+01   2.7747e+01   0.0000e+00   2.0708e-03   2.8138e+02
20260915_01:00:00   2.3407e-01   6.1015e+01   2.7981e+01   0.0000e+00   4.8216e-03   2.8235e+02
20260915_02:00:00   2.4380e-01   6.3266e+01   2.8521e+01   5.9040e-04   8.3458e-03   2.8189e+02
20260915_03:00:00   2.6565e-01   6.7706e+01   3.1617e+01   1.1764e-05   8.6483e-03   2.8250e+02
20260915_04:00:00   3.1543e-01   7.7454e+01   3.3581e+01   3.9145e-02   1.4641e-01   2.8220e+02
20260915_05:00:00   9.5023e-01   1.6959e+02   3.5124e+01   7.3666e-01   8.2772e-01   2.8085e+02
20260915_06:00:00   9.3330e-01   1.6804e+02   3.5240e+01   7.1662e-01   1.4891e+00   2.8127e+02
20260915_07:00:00   2.8637e-01   7.1246e+01   3.1023e+01   2.8413e-02   1.4220e+00   2.8107e+02
20260915_08:00:00   2.4529e-01   6.2749e+01   2.9633e+01   0.0000e+00   7.4578e-01   2.8132e+02
20260915_09:00:00   2.3799e-01   6.1256e+01   2.8935e+01   0.0000e+00   4.5667e-01   2.8109e+02
20260915_10:00:00   2.3825e-01   6.1394e+01   2.8833e+01   0.0000e+00   2.7606e-01   2.8025e+02
20260915_11:00:00   2.3477e-01   6.0657e+01   2.8364e+01   0.0000e+00   1.1744e-01   2.8053e+02
20260915_12:00:00   2.3249e-01   6.0182e+01   2.8047e+01   0.0000e+00   6.2468e-02   2.8056e+02
20260915_13:00:00   2.3593e-01   6.0935e+01   2.8298e+01   2.2590e-04   5.5254e-02   2.8196e+02
20260915_14:00:00   2.4274e-01   6.2441e+01   2.8796e+01   5.4504e-04   7.9189e-02   2.8266e+02
20260915_15:00:00   2.4650e-01   6.3268e+01   2.9219e+01   0.0000e+00   1.0241e-01   2.8364e+02
20260915_16:00:00   2.4603e-01   6.3159e+01   2.9192e+01   0.0000e+00   1.2810e-01   2.8059e+02
20260915_17:00:00   2.4751e-01   6.3483e+01   2.9319e+01   0.0000e+00   8.8689e-02   2.7709e+02
20260915_18:00:00   2.5072e-01   6.4215e+01   2.9459e+01   0.0000e+00   1.4233e-01   2.7807e+02
20260915_19:00:00   2.5556e-01   6.5297e+01   2.9819e+01   2.3520e-05   1.6141e-01   2.7908e+02
20260915_20:00:00   2.7525e-01   6.9549e+01   3.1006e+01   7.5620e-03   1.1962e-01   2.8079e+02
20260915_21:00:00   3.3399e-01   8.1865e+01   3.1629e+01   7.2468e-02   9.6320e-02   2.7951e+02
20260915_22:00:00   4.5165e-01   1.0420e+02   3.1885e+01   2.1116e-01   5.1658e-02   2.7683e+02
20260915_23:00:00   4.3412e-01   1.0102e+02   3.1435e+01   1.9640e-01   2.6158e-02   2.7765e+02
20260916_00:00:00   3.7415e-01   8.9841e+01   3.0342e+01   1.3825e-01   2.1681e-04   2.7887e+02
20260916_01:00:00   4.9018e-01   1.1099e+02   3.0987e+01   2.6820e-01   3.8120e-04   2.8118e+02
20260916_02:00:00   3.0987e-01   7.7051e+01   2.9186e+01   7.1322e-02   6.2671e-04   2.8277e+02
20260916_03:00:00   2.4406e-01   6.3015e+01   2.8398e+01   0.0000e+00   1.4773e-03   2.8111e+02
20260916_04:00:00   2.4708e-01   6.3653e+01   2.8619e+01   0.0000e+00   1.3642e-03   2.8034e+02
20260916_05:00:00   2.3736e-01   6.1506e+01   2.7849e+01   0.0000e+00   1.7490e-04   2.8145e+02
20260916_06:00:00   2.3289e-01   6.0459e+01   2.7624e+01   0.0000e+00   6.5762e-05   2.8162e+02
20260916_07:00:00   2.3705e-01   6.1299e+01   2.8247e+01   0.0000e+00   1.0027e-04   2.8143e+02
20260916_08:00:00   2.4329e-01   6.2601e+01   2.8997e+01   1.7646e-05   2.0812e-02   2.8244e+02
20260916_09:00:00   2.7532e-01   6.9269e+01   3.0719e+01   1.7993e-02   2.3374e-01   2.8142e+02
20260916_10:00:00   2.6382e-01   6.6857e+01   3.0638e+01   6.9400e-03   2.2825e-01   2.7994e+02
20260916_11:00:00   2.5857e-01   6.5765e+01   3.0691e+01   1.5138e-05   1.3107e-01   2.7866e+02
20260916_12:00:00   2.6392e-01   6.6904e+01   3.1084e+01   1.8104e-04   6.2930e-02   2.7885e+02
20260916_13:00:00   2.6467e-01   6.7078e+01   3.1021e+01   8.8680e-04   3.5572e-02   2.7975e+02
20260916_14:00:00   2.7388e-01   6.8929e+01   3.1360e+01   7.4802e-03   9.5648e-02   2.8117e+02
20260916_15:00:00   3.0692e-01   7.5644e+01   3.1791e+01   4.0483e-02   2.1699e-01   2.8168e+02
20260916_16:00:00   3.1792e-01   7.7829e+01   3.1534e+01   5.5902e-02   1.5681e-01   2.8146e+02
20260916_17:00:00   3.7014e-01   8.7713e+01   3.1985e+01   1.0910e-01   3.0026e-01   2.8113e+02
20260916_18:00:00   4.6609e-01   1.0470e+02   3.2206e+01   2.1422e-01   2.6090e-01   2.7883e+02
20260916_21:00:00   6.9504e-01   1.3955e+02   3.1686e+01   4.8223e-01   4.7341e-01   2.7815e+02
20260917_00:00:00   2.4557e-01   6.3133e+01   2.8855e+01   4.6320e-05   8.3396e-03   2.7206e+02
20260917_03:00:00   2.2696e-01   5.9242e+01   2.6311e+01   0.0000e+00   8.1262e-03   2.7626e+02
20260917_06:00:00   2.3054e-01   5.9792e+01   2.7474e+01   0.0000e+00   4.6424e-03   2.7664e+02
20260917_09:00:00   2.2497e-01   5.8462e+01   2.7197e+01   0.0000e+00   6.4043e-02   2.7576e+02
20260917_12:00:00   2.3372e-01   6.0378e+01   2.7731e+01   0.0000e+00   1.0660e-02   2.7513e+02
20260917_15:00:00   2.1842e-01   5.6994e+01   2.6298e+01   0.0000e+00   7.2738e-03   2.7467e+02
20260917_18:00:00   2.1696e-01   5.6756e+01   2.5957e+01   0.0000e+00   2.1783e-03   2.7299e+02
20260917_21:00:00   2.3261e-01   6.0448e+01   2.7163e+01   0.0000e+00   3.3523e-03   2.6982e+02
20260918_00:00:00   2.3493e-01   6.1067e+01   2.7215e+01   1.5322e-03   1.7946e-03   2.6974e+02
20260918_03:00:00   2.1056e-01   5.5673e+01   2.4643e+01   0.0000e+00   1.9770e-04   2.7074e+02
20260918_06:00:00   2.0732e-01   5.4903e+01   2.4267e+01   0.0000e+00   0.0000e+00   2.7076e+02
20260918_09:00:00   2.0783e-01   5.5102e+01   2.3834e+01   0.0000e+00   0.0000e+00   2.6987e+02
20260918_12:00:00   1.9917e-01   5.3102e+01   2.2787e+01   0.0000e+00   2.2580e-05   2.7007e+02
20260918_15:00:00   1.8278e-01   4.9418e+01   2.0713e+01   0.0000e+00   5.0000e-05   2.7079e+02
20260918_18:00:00   1.8370e-01   4.9730e+01   2.0574e+01   0.0000e+00   0.0000e+00   2.7051e+02
20260918_21:00:00   1.9689e-01   5.2898e+01   2.1932e+01   0.0000e+00   0.0000e+00   2.6845e+02
20260919_00:00:00   2.0139e-01   5.4036e+01   2.2040e+01   2.3660e-03   0.0000e+00   2.6901e+02
20260919_03:00:00   1.8226e-01   4.9595e+01   2.0054e+01   2.0940e-03   0.0000e+00   2.6949e+02
20260919_06:00:00   1.7626e-01   4.8105e+01   1.9739e+01   0.0000e+00   0.0000e+00   2.6990e+02
20260919_09:00:00   1.7128e-01   4.6917e+01   1.8989e+01   0.0000e+00   0.0000e+00   2.6812e+02
20260919_12:00:00   1.8071e-01   4.9103e+01   1.9925e+01   0.0000e+00   0.0000e+00   2.6678e+02
20260919_15:00:00   1.8570e-01   5.0269e+01   2.0321e+01   0.0000e+00   0.0000e+00   2.6646e+02
20260919_18:00:00   1.9110e-01   5.1574e+01   2.0735e+01   0.0000e+00   0.0000e+00   2.6603e+02
20260919_21:00:00   2.1575e-01   5.7226e+01   2.2762e+01   7.9020e-03   0.0000e+00   2.6614e+02
20260920_00:00:00   2.5066e-01   6.4933e+01   2.2903e+01   4.8874e-02   0.0000e+00   2.6385e+02
20260920_03:00:00   2.2523e-01   5.9079e+01   2.1968e+01   3.1325e-02   4.3498e-05   2.6407e+02
20260920_06:00:00   1.6166e-01   4.4707e+01   1.7429e+01   0.0000e+00   0.0000e+00   2.6469e+02
20260920_09:00:00   1.7150e-01   4.6846e+01   1.9071e+01   0.0000e+00   0.0000e+00   2.6431e+02
20260920_12:00:00   1.8522e-01   5.0015e+01   2.0632e+01   0.0000e+00   0.0000e+00   2.6437e+02
20260920_15:00:00   2.0455e-01   5.4356e+01   2.3074e+01   2.7780e-05   0.0000e+00   2.6454e+02
20260920_18:00:00   3.0398e-01   7.5218e+01   2.5209e+01   9.1880e-02   2.3540e-04   2.6250e+02
20260920_21:00:00   4.9212e-01   1.0936e+02   2.6129e+01   2.9660e-01   1.1324e-03   2.6004e+02
20260921_00:00:00   3.0127e-01   7.4595e+01   2.4128e+01   1.0586e-01   1.9958e-03   2.5876e+02
20260921_03:00:00   2.2026e-01   5.7809e+01   2.4352e+01   1.3416e-02   5.6365e-04   2.5984e+02
20260921_06:00:00   2.3973e-01   6.1948e+01   2.6898e+01   1.5473e-02   3.1674e-03   2.5990e+02
20260921_09:00:00   2.4910e-01   6.3757e+01   2.6543e+01   3.2400e-02   3.3866e-04   2.5860e+02
20260921_12:00:00   3.2042e-01   7.8230e+01   2.6896e+01   1.0490e-01   3.3222e-02   2.5783e+02
20260921_15:00:00   6.4491e-01   1.3266e+02   2.8720e+01   4.5532e-01   1.0188e-01   2.5901e+02
20260921_18:00:00   2.9811e-01   7.3872e+01   2.7926e+01   6.8804e-02   4.2557e-02   2.5974e+02
20260921_21:00:00   2.2768e-01   5.9418e+01   2.6767e+01   1.2744e-04   0.0000e+00   2.5886e+02
20260922_00:00:00   4.9828e-01   1.1026e+02   2.9367e+01   2.7959e-01   5.6351e-02   2.6108e+02
20260922_03:00:00   3.1862e-01   7.8413e+01   2.9347e+01   8.0376e-02   2.6934e-04   2.6188e+02
20260922_06:00:00   2.3735e-01   6.1606e+01   2.8281e+01   0.0000e+00   2.7322e-04   2.6095e+02
20260922_09:00:00   2.3927e-01   6.1823e+01   2.8745e+01   0.0000e+00   7.5821e-05   2.6179e+02
20260922_12:00:00   2.2375e-01   5.8422e+01   2.6949e+01   0.0000e+00   2.6460e-05   2.6298e+02
20260922_15:00:00   2.1749e-01   5.7043e+01   2.6095e+01   0.0000e+00   2.5636e-04   2.6377e+02
20260922_18:00:00   2.0600e-01   5.4630e+01   2.4218e+01   0.0000e+00   0.0000e+00   2.6473e+02
20260922_21:00:00   2.2340e-01   5.8673e+01   2.5903e+01   0.0000e+00   0.0000e+00   2.6207e+02
20260923_00:00:00   2.2228e-01   5.8498e+01   2.5816e+01   8.0100e-06   0.0000e+00   2.6200e+02
20260923_03:00:00   2.1973e-01   5.7970e+01   2.5254e+01   0.0000e+00   0.0000e+00   2.6198e+02
20260923_06:00:00   2.0782e-01   5.5235e+01   2.4023e+01   0.0000e+00   7.8740e-05   2.6382e+02
20260923_09:00:00   2.0435e-01   5.4455e+01   2.3327e+01   0.0000e+00   0.0000e+00   2.6340e+02
20260923_12:00:00   2.0707e-01   5.5047e+01   2.3462e+01   0.0000e+00   2.5881e-03   2.6239e+02
20260923_15:00:00   2.1565e-01   5.6873e+01   2.4698e+01   0.0000e+00   1.2053e-02   2.6446e+02
20260923_18:00:00   2.3715e-01   6.1494e+01   2.7894e+01   6.4700e-04   1.5237e-02   2.6564e+02
20260923_21:00:00   1.3300e+00   2.0580e+02   3.2817e+01   1.2044e+00   3.9525e-02   2.6415e+02
20260924_00:00:00   9.5735e-01   1.7117e+02   3.3345e+01   7.6240e-01   5.4177e-01   2.6462e+02
20260924_03:00:00   3.4905e-01   8.4196e+01   3.1009e+01   9.5027e-02   1.8795e-01   2.6846e+02
20260924_06:00:00   2.6045e-01   6.6091e+01   3.0794e+01   1.2472e-03   5.9757e-01   2.7012e+02
20260924_09:00:00   4.3255e-01   9.8741e+01   2.8890e+01   2.1978e-01   4.2835e-01   2.7054e+02
20260924_12:00:00   3.2008e-01   7.7883e+01   2.8766e+01   9.2267e-02   4.0754e-01   2.7147e+02
20260924_15:00:00   2.6867e-01   6.7541e+01   2.7603e+01   4.1524e-02   5.3037e-02   2.7236e+02
20260924_18:00:00   2.7529e-01   6.9062e+01   2.6023e+01   5.2219e-02   3.3338e-03   2.7252e+02
20260924_21:00:00   2.6112e-01   6.6404e+01   2.7094e+01   2.0129e-02   3.7060e-06   2.7288e+02
20260925_00:00:00   4.3245e-01   1.0018e+02   2.6830e+01   2.1586e-01   0.0000e+00   2.7143e+02
20260925_03:00:00   2.2975e-01   5.9752e+01   2.5433e+01   0.0000e+00   0.0000e+00   2.7197e+02
20260925_06:00:00   2.1357e-01   5.6117e+01   2.3654e+01   0.0000e+00   0.0000e+00   2.7378e+02
20260925_09:00:00   1.9821e-01   5.2689e+01   2.1399e+01   0.0000e+00   0.0000e+00   2.7388e+02
20260925_12:00:00   1.7623e-01   4.7622e+01   1.8579e+01   0.0000e+00   0.0000e+00   2.7285e+02
20260925_15:00:00   1.5739e-01   4.3188e+01   1.6315e+01   0.0000e+00   0.0000e+00   2.7243e+02
20260925_18:00:00   1.5541e-01   4.2753e+01   1.5948e+01   0.0000e+00   0.0000e+00   2.6873e+02
20260925_21:00:00   1.6731e-01   4.5668e+01   1.6986e+01   0.0000e+00   0.0000e+00   2.7041e+02
20260926_00:00:00   1.6290e-01   4.4646e+01   1.5967e+01   5.0242e-03   0.0000e+00   2.7010e+02
20260926_03:00:00   1.4620e-01   4.0579e+01   1.4917e+01   0.0000e+00   0.0000e+00   2.7322e+02
20260926_06:00:00   1.4835e-01   4.1039e+01   1.5258e+01   0.0000e+00   0.0000e+00   2.7424e+02
20260926_09:00:00   1.4399e-01   3.9850e+01   1.5127e+01   0.0000e+00   0.0000e+00   2.7297e+02
20260926_12:00:00   1.3707e-01   3.8135e+01   1.4368e+01   0.0000e+00   0.0000e+00   2.7181e+02
20260926_15:00:00   1.4327e-01   3.9612e+01   1.5164e+01   0.0000e+00   0.0000e+00   2.7371e+02
20260926_18:00:00   1.4781e-01   4.0812e+01   1.5208e+01   0.0000e+00   0.0000e+00   2.7396e+02
20260926_21:00:00   1.8338e-01   4.9239e+01   1.6856e+01   2.0840e-02   0.0000e+00   2.7640e+02
20260927_00:00:00   1.6066e-01   4.4022e+01   1.6436e+01   0.0000e+00   0.0000e+00   2.7958e+02
20260927_03:00:00   2.1909e-01   5.7322e+01   1.6254e+01   6.8800e-02   0.0000e+00   2.8159e+02
20260927_06:00:00   1.3370e-01   3.7549e+01   1.3049e+01   0.0000e+00   0.0000e+00   2.8122e+02
20260927_09:00:00   1.2690e-01   3.5844e+01   1.2084e+01   0.0000e+00   0.0000e+00   2.8281e+02
20260927_12:00:00   1.1925e-01   3.3908e+01   1.1222e+01   0.0000e+00   0.0000e+00   2.8571e+02
20260927_15:00:00   1.2492e-01   3.5227e+01   1.2310e+01   0.0000e+00   0.0000e+00   2.8591e+02
20260927_18:00:00   1.4036e-01   3.8942e+01   1.4453e+01   0.0000e+00   0.0000e+00   2.9176e+02
