#            date       tau255        Tb[K]      pwv[mm] lwp[kg*m^-2] iwp[kg*m^-2]       o3[DU]
20260907_00:00:00   2.5805e-01   6.6128e+01   2.9935e+01   1.5015e-02   7.3920e-06   2.7727e+02
20260907_01:00:00   2.3815e-01   6.1733e+01   2.9249e+01   4.6080e-04   1.0408e-04   2.7822e+02
20260907_02:00:00   2.3129e-01   6.0165e+01   2.8647e+01   1.7646e-04   5.4065e-03   2.7912e+02
20260907_03:00:00   2.3115e-01   6.0139e+01   2.8628e+01   0.0000e+00   3.9268e-03   2.8018e+02
20260907_04:00:00   2.3060e-01   6.0025e+01   2.8451e+01   0.0000e+00   3.1094e-02   2.7936e+02
20260907_05:00:00   2.2993e-01   5.9857e+01   2.8577e+01   0.0000e+00   8.7918e-02   2.7924e+02
20260907_06:00:00   2.3871e-01   6.1698e+01   2.9096e+01   5.3117e-03   9.8842e-02   2.7807e+02
20260907_07:00:00   4.1574e-01   9.5971e+01   2.9408e+01   2.0009e-01   8.3920e-02   2.7726e+02
20260907_08:00:00   5.0754e-01   1.1160e+02   3.0212e+01   2.9564e-01   1.1226e-01   2.7649e+02
20260907_09:00:00   3.4157e-01   8.2408e+01   2.9727e+01   1.1373e-01   2.0546e-01   2.7738e+02
20260907_10:00:00   2.8756e-01   7.1693e+01   2.8670e+01   6.2584e-02   4.1816e-02   2.7799e+02
20260907_11:00:00   2.3115e-01   5.9985e+01   2.8279e+01   1.9380e-03   3.8354e-02   2.7990e+02
20260907_12:00:00   2.3164e-01   6.0093e+01   2.8455e+01   6.7666e-06   4.6956e-02   2.8074e+02
20260907_13:00:00   2.3664e-01   6.1161e+01   2.8831e+01   1.8837e-03   6.1036e-02   2.7932e+02
20260907_14:00:00   2.4142e-01   6.2181e+01   2.9216e+01   2.9293e-03   3.5522e-02   2.7742e+02
20260907_15:00:00   2.4108e-01   6.2139e+01   2.9461e+01   0.0000e+00   2.8273e-02   2.7594e+02
20260907_16:00:00   2.4177e-01   6.2296e+01   2.9652e+01   0.0000e+00   1.4803e-02   2.7485e+02
20260907_17:00:00   2.4257e-01   6.2506e+01   2.9620e+01   1.5684e-05   1.6655e-03   2.7536e+02
20260907_18:00:00   2.4428e-01   6.2948e+01   2.9711e+01   0.0000e+00   1.3614e-04   2.7645e+02
20260907_19:00:00   2.4628e-01   6.3465e+01   2.9612e+01   0.0000e+00   5.8903e-05   2.7734e+02
20260907_20:00:00   2.5104e-01   6.4556e+01   2.9613e+01   3.4060e-03   2.3403e-04   2.7699e+02
20260907_21:00:00   2.6227e-01   6.7005e+01   2.9710e+01   1.4391e-02   2.6897e-04   2.7706e+02
20260907_22:00:00   2.9424e-01   7.3744e+01   2.9974e+01   4.9178e-02   3.6245e-04   2.7693e+02
20260907_23:00:00   2.5793e-01   6.6187e+01   2.9311e+01   1.3754e-02   1.6022e-06   2.7607e+02
20260908_00:00:00   2.4576e-01   6.3550e+01   2.8413e+01   8.6066e-03   2.1162e-04   2.7671e+02
20260908_01:00:00   2.4348e-01   6.2987e+01   2.7748e+01   1.3588e-02   2.3441e-03   2.7707e+02
20260908_02:00:00   2.2780e-01   5.9488e+01   2.6816e+01   6.8100e-03   3.7366e-03   2.7790e+02
20260908_03:00:00   2.1943e-01   5.7512e+01   2.7057e+01   5.9800e-05   6.3194e-03   2.7724e+02
20260908_04:00:00   2.2078e-01   5.7714e+01   2.7295e+01   8.0100e-06   4.6172e-03   2.7633e+02
20260908_05:00:00   2.2014e-01   5.7606e+01   2.7134e+01   1.5684e-05   6.4469e-03   2.7508e+02
20260908_06:00:00   2.2322e-01   5.8233e+01   2.7367e+01   8.1801e-05   1.0774e-02   2.7352e+02
20260908_07:00:00   2.5804e-01   6.5580e+01   2.7703e+01   3.7629e-02   3.1480e-02   2.7370e+02
20260908_08:00:00   2.3354e-01   6.0438e+01   2.7607e+01   1.0319e-02   4.4973e-03   2.7539e+02
20260908_09:00:00   2.2406e-01   5.8378e+01   2.7570e+01   5.7680e-04   8.4192e-03   2.8001e+02
20260908_10:00:00   2.2528e-01   5.8577e+01   2.7733e+01   2.5681e-03   2.2289e-02   2.8126e+02
20260908_11:00:00   2.3299e-01   6.0200e+01   2.7925e+01   1.0322e-02   1.1801e-02   2.7946e+02
20260908_12:00:00   2.3761e-01   6.1199e+01   2.8085e+01   1.3907e-02   6.3967e-03   2.7685e+02
20260908_13:00:00   2.3564e-01   6.0767e+01   2.8027e+01   1.1456e-02   9.1357e-03   2.7792e+02
20260908_14:00:00   2.3255e-01   6.0117e+01   2.8015e+01   7.7298e-03   3.9804e-03   2.7920e+02
20260908_15:00:00   2.3149e-01   5.9897e+01   2.7657e+01   1.0496e-02   2.3904e-03   2.8016e+02
20260908_16:00:00   2.6168e-01   6.6260e+01   2.7586e+01   4.5539e-02   3.2228e-03   2.7741e+02
20260908_17:00:00   3.8656e-01   9.0649e+01   2.8175e+01   1.8051e-01   4.3478e-03   2.7732e+02
20260908_18:00:00   3.8461e-01   9.0455e+01   2.8860e+01   1.6978e-01   3.5900e-03   2.7887e+02
20260908_19:00:00   2.7780e-01   6.9854e+01   2.9248e+01   4.3446e-02   2.1305e-02   2.8018e+02
20260908_20:00:00   2.4557e-01   6.3208e+01   2.9778e+01   1.6576e-03   3.1766e-02   2.8302e+02
20260908_21:00:00   2.4721e-01   6.3595e+01   3.0283e+01   0.0000e+00   3.2651e-02   2.8285e+02
20260908_22:00:00   2.4574e-01   6.3313e+01   3.0278e+01   0.0000e+00   1.8607e-02   2.8202e+02
20260908_23:00:00   2.4160e-01   6.2474e+01   2.9774e+01   0.0000e+00   2.7586e-03   2.8087e+02
20260909_00:00:00   2.3522e-01   6.1170e+01   2.8979e+01   4.7160e-04   1.2564e-03   2.7871e+02
20260909_01:00:00   2.4493e-01   6.3188e+01   3.0129e+01   0.0000e+00   5.3958e-03   2.7951e+02
20260909_02:00:00   2.3957e-01   6.2070e+01   2.9616e+01   1.7646e-05   8.2508e-03   2.7971e+02
20260909_03:00:00   2.4169e-01   6.2486e+01   2.9813e+01   0.0000e+00   3.7740e-03   2.7831e+02
20260909_04:00:00   2.3831e-01   6.1748e+01   2.9432e+01   1.1764e-05   9.2316e-04   2.7818e+02
20260909_05:00:00   2.4957e-01   6.4167e+01   2.9892e+01   5.3487e-03   1.0523e-03   2.7707e+02
20260909_06:00:00   2.9098e-01   7.2763e+01   2.9800e+01   5.3438e-02   6.9120e-03   2.7857e+02
20260909_07:00:00   3.8721e-01   9.1227e+01   3.0076e+01   1.5867e-01   9.0238e-03   2.7799e+02
20260909_08:00:00   4.7487e-01   1.0638e+02   3.0529e+01   2.5371e-01   5.3430e-02   2.7720e+02
20260909_09:00:00   4.9309e-01   1.0964e+02   3.0566e+01   2.7394e-01   2.4805e-02   2.7735e+02
20260909_10:00:00   3.8914e-01   9.1457e+01   3.0366e+01   1.5833e-01   6.9711e-03   2.7741e+02
20260909_11:00:00   2.5098e-01   6.4487e+01   3.0467e+01   1.3724e-05   3.1181e-03   2.7420e+02
20260909_12:00:00   2.4797e-01   6.3822e+01   3.0263e+01   1.4116e-04   4.0776e-03   2.7385e+02
20260909_13:00:00   2.4585e-01   6.3356e+01   3.0087e+01   2.7580e-04   3.9702e-03   2.7373e+02
20260909_14:00:00   2.4638e-01   6.3508e+01   2.9814e+01   9.7080e-04   2.1884e-04   2.7420e+02
20260909_15:00:00   2.4339e-01   6.2934e+01   2.9363e+01   0.0000e+00   7.8420e-07   2.7402e+02
20260909_16:00:00   2.4364e-01   6.3040e+01   2.9282e+01   0.0000e+00   0.0000e+00   2.7406e+02
20260909_17:00:00   2.4255e-01   6.2881e+01   2.8921e+01   0.0000e+00   0.0000e+00   2.7712e+02
20260909_18:00:00   2.3685e-01   6.1770e+01   2.7835e+01   0.0000e+00   0.0000e+00   2.7824e+02
20260909_19:00:00   2.3645e-01   6.1794e+01   2.7444e+01   0.0000e+00   0.0000e+00   2.7823e+02
20260909_20:00:00   2.4561e-01   6.3843e+01   2.8394e+01   2.1560e-05   0.0000e+00   2.7788e+02
20260909_21:00:00   2.6304e-01   6.7653e+01   2.8994e+01   1.5000e-02   0.0000e+00   2.7817e+02
20260909_22:00:00   2.9476e-01   7.4407e+01   2.8877e+01   5.3336e-02   0.0000e+00   2.7789e+02
20260909_23:00:00   3.4468e-01   8.4511e+01   2.8276e+01   1.1643e-01   3.4060e-05   2.7632e+02
20260910_00:00:00   2.7279e-01   6.9980e+01   2.7339e+01   3.9184e-02   0.0000e+00   2.7500e+02
20260910_01:00:00   4.1418e-01   9.7646e+01   2.8918e+01   1.8946e-01   2.3155e-04   2.7569e+02
20260910_02:00:00   6.0217e-01   1.2852e+02   3.0110e+01   3.9714e-01   2.3519e-03   2.7654e+02
20260910_03:00:00   4.9389e-01   1.1152e+02   2.9984e+01   2.7407e-01   6.2236e-03   2.7643e+02
20260910_04:00:00   3.0348e-01   7.6177e+01   2.9908e+01   5.3692e-02   6.0369e-02   2.7693e+02
20260910_05:00:00   2.6983e-01   6.8998e+01   3.0537e+01   7.8392e-03   1.7580e-01   2.7645e+02
20260910_06:00:00   2.3946e-01   6.2356e+01   2.8793e+01   0.0000e+00   3.4622e-01   2.7661e+02
20260910_07:00:00   2.4197e-01   6.2803e+01   2.9365e+01   0.0000e+00   3.4817e-01   2.7476e+02
20260910_08:00:00   2.5354e-01   6.5229e+01   3.0731e+01   0.0000e+00   2.4782e-01   2.7515e+02
20260910_09:00:00   2.8363e-01   7.1431e+01   3.1586e+01   2.5700e-02   1.2455e-01   2.7474e+02
20260910_10:00:00   2.9072e-01   7.2841e+01   3.2149e+01   2.7464e-02   1.0795e-01   2.7691e+02
20260910_11:00:00   2.6718e-01   6.8008e+01   3.1653e+01   7.2687e-03   5.4901e-02   2.7729e+02
20260910_12:00:00   2.6014e-01   6.6521e+01   3.1323e+01   3.2140e-03   2.5154e-02   2.7917e+02
20260910_13:00:00   2.7423e-01   6.9427e+01   3.1690e+01   1.3872e-02   9.0360e-03   2.7649e+02
20260910_14:00:00   2.7599e-01   6.9798e+01   3.2006e+01   1.0708e-02   9.3103e-03   2.7595e+02
20260910_15:00:00   2.6719e-01   6.8066e+01   3.1783e+01   1.6878e-04   1.0916e-03   2.7475e+02
20260910_16:00:00   2.6392e-01   6.7385e+01   3.1561e+01   0.0000e+00   9.4330e-04   2.7696e+02
20260910_17:00:00   2.6459e-01   6.7501e+01   3.1779e+01   0.0000e+00   1.2992e-02   2.7695e+02
20260910_18:00:00   2.6912e-01   6.8470e+01   3.2138e+01   0.0000e+00   2.0176e-02   2.7714e+02
20260910_19:00:00   2.8051e-01   7.0990e+01   3.3019e+01   5.7080e-05   4.5754e-02   2.7605e+02
20260910_20:00:00   2.9108e-01   7.3285e+01   3.3433e+01   7.1434e-03   9.3840e-02   2.7541e+02
20260910_21:00:00   4.0354e-01   9.5650e+01   3.3810e+01   1.3931e-01   1.1196e-01   2.7676e+02
20260910_22:00:00   3.4432e-01   8.4142e+01   3.3182e+01   7.5705e-02   7.8431e-02   2.7629e+02
20260910_23:00:00   3.9442e-01   9.3596e+01   3.2318e+01   1.4448e-01   5.2016e-02   2.7582e+02
20260911_00:00:00   4.3013e-01   1.0059e+02   3.2000e+01   1.8707e-01   1.0381e-01   2.7552e+02
20260911_01:00:00   6.5772e-01   1.3595e+02   3.4485e+01   4.2495e-01   2.7909e-01   2.8031e+02
20260911_02:00:00   4.8618e-01   1.0965e+02   3.3690e+01   2.2784e-01   3.1443e-01   2.8013e+02
20260911_03:00:00   3.0977e-01   7.7125e+01   3.3319e+01   3.0687e-02   2.6459e-01   2.8085e+02
20260911_04:00:00   3.0279e-01   7.5500e+01   3.3648e+01   2.2449e-02   2.2039e-01   2.8162e+02
20260911_05:00:00   3.1505e-01   7.7888e+01   3.3446e+01   3.8832e-02   2.3004e-01   2.8133e+02
20260911_06:00:00   3.4077e-01   8.2654e+01   3.3512e+01   6.7785e-02   3.0374e-01   2.8227e+02
20260911_07:00:00   3.0145e-01   7.4976e+01   3.3733e+01   2.4320e-02   3.2708e-01   2.8044e+02
20260911_08:00:00   4.3480e-01   9.9452e+01   3.4001e+01   1.6939e-01   6.4056e-01   2.8133e+02
20260911_09:00:00   3.5785e-01   8.5991e+01   3.5002e+01   6.6217e-02   4.9996e-01   2.8061e+02
20260911_10:00:00   2.9232e-01   7.3077e+01   3.4247e+01   4.6807e-04   4.7579e-01   2.7742e+02
20260911_11:00:00   2.7843e-01   7.0216e+01   3.2995e+01   1.5560e-04   3.7531e-01   2.7727e+02
20260911_12:00:00   2.6520e-01   6.7444e+01   3.1750e+01   9.9920e-06   2.9542e-01   2.7795e+02
20260911_13:00:00   2.5862e-01   6.6107e+01   3.0801e+01   0.0000e+00   2.8161e-01   2.7732e+02
20260911_14:00:00   2.4927e-01   6.4153e+01   2.9726e+01   0.0000e+00   1.8360e-01   2.7504e+02
20260911_15:00:00   2.4825e-01   6.3903e+01   2.9642e+01   0.0000e+00   1.1931e-01   2.7394e+02
20260911_16:00:00   2.4799e-01   6.3838e+01   2.9638e+01   0.0000e+00   8.6072e-02   2.7389e+02
20260911_17:00:00   2.4490e-01   6.3186e+01   2.9200e+01   0.0000e+00   5.5110e-02   2.7551e+02
20260911_18:00:00   2.4227e-01   6.2673e+01   2.8744e+01   0.0000e+00   3.4754e-02   2.7540e+02
20260911_19:00:00   2.4165e-01   6.2566e+01   2.8553e+01   0.0000e+00   3.4628e-02   2.7664e+02
20260911_20:00:00   2.5275e-01   6.5075e+01   2.9068e+01   2.7012e-03   4.2139e-02   2.7803e+02
20260911_21:00:00   2.9596e-01   7.4445e+01   2.9925e+01   4.2464e-02   6.4085e-02   2.7859e+02
20260911_22:00:00   3.6540e-01   8.8448e+01   3.1179e+01   1.1530e-01   1.1138e-01   2.7807e+02
20260911_23:00:00   4.2678e-01   1.0017e+02   3.1463e+01   1.8893e-01   1.1663e-01   2.7627e+02
20260912_00:00:00   2.7763e-01   7.0532e+01   3.0528e+01   1.7748e-02   3.2769e-02   2.7586e+02
20260912_03:00:00   2.6101e-01   6.6856e+01   3.0539e+01   0.0000e+00   1.4664e-04   2.7685e+02
20260912_06:00:00   2.5959e-01   6.6434e+01   2.9266e+01   9.0920e-03   2.6774e-04   2.7886e+02
20260912_09:00:00   2.2726e-01   5.9535e+01   2.5788e+01   0.0000e+00   4.6060e-05   2.7833e+02
20260912_12:00:00   2.1516e-01   5.6760e+01   2.4177e+01   0.0000e+00   7.5700e-06   2.8059e+02
20260912_15:00:00   2.0616e-01   5.4734e+01   2.3017e+01   0.0000e+00   3.3580e-05   2.7900e+02
20260912_18:00:00   2.2328e-01   5.8591e+01   2.4881e+01   0.0000e+00   9.4840e-05   2.7981e+02
20260912_21:00:00   4.0522e-01   9.6097e+01   2.6794e+01   2.0134e-01   9.6620e-04   2.8125e+02
20260913_00:00:00   3.8351e-01   9.2041e+01   2.6442e+01   1.8024e-01   5.7320e-04   2.8196e+02
20260913_03:00:00   3.1031e-01   7.7489e+01   2.5583e+01   9.8500e-02   0.0000e+00   2.7925e+02
20260913_06:00:00   2.1753e-01   5.7425e+01   2.4533e+01   0.0000e+00   0.0000e+00   2.8131e+02
20260913_09:00:00   2.0180e-01   5.3699e+01   2.3075e+01   0.0000e+00   0.0000e+00   2.8097e+02
20260913_12:00:00   1.9132e-01   5.1220e+01   2.2120e+01   0.0000e+00   0.0000e+00   2.7920e+02
20260913_15:00:00   1.9025e-01   5.1009e+01   2.1752e+01   0.0000e+00   0.0000e+00   2.7910e+02
20260913_18:00:00   1.9219e-01   5.1526e+01   2.1152e+01   0.0000e+00   0.0000e+00   2.7847e+02
20260913_21:00:00   1.8179e-01   4.9250e+01   1.9643e+01   0.0000e+00   0.0000e+00   2.7447e+02
20260914_00:00:00   1.7137e-01   4.6879e+01   1.8444e+01   0.0000e+00   0.0000e+00   2.7308e+02
20260914_03:00:00   1.6733e-01   4.5971e+01   1.7796e+01   0.0000e+00   0.0000e+00   2.7740e+02
20260914_06:00:00   1.6865e-01   4.6264e+01   1.7816e+01   0.0000e+00   0.0000e+00   2.7703e+02
20260914_09:00:00   1.7316e-01   4.7294e+01   1.7991e+01   0.0000e+00   0.0000e+00   2.7954e+02
20260914_12:00:00   1.7714e-01   4.8204e+01   1.8144e+01   0.0000e+00   0.0000e+00   2.8084e+02
20260914_15:00:00   1.7121e-01   4.6830e+01   1.7508e+01   0.0000e+00   0.0000e+00   2.8087e+02
20260914_18:00:00   1.6918e-01   4.6350e+01   1.7471e+01   0.0000e+00   3.4940e-05   2.7897e+02
20260914_21:00:00   1.8270e-01   4.9550e+01   1.9384e+01   0.0000e+00   9.8020e-06   2.7731e+02
20260915_00:00:00   1.9366e-01   5.2131e+01   2.0357e+01   4.4960e-03   5.8820e-06   2.7514e+02
20260915_03:00:00   1.8445e-01   5.0039e+01   1.9755e+01   0.0000e+00   2.7374e-03   2.7632e+02
20260915_06:00:00   1.8732e-01   5.0619e+01   2.0413e+01   0.0000e+00   3.2254e-04   2.7847e+02
20260915_09:00:00   1.9430e-01   5.2109e+01   2.1490e+01   0.0000e+00   3.0098e-04   2.7852e+02
20260915_12:00:00   2.1446e-01   5.6547e+01   2.3421e+01   0.0000e+00   7.1139e-03   2.7983e+02
20260915_15:00:00   2.2017e-01   5.7739e+01   2.4434e+01   0.0000e+00   2.0103e-02   2.8235e+02
20260915_18:00:00   2.7912e-01   6.9977e+01   2.8454e+01   3.9990e-02   9.4961e-02   2.8166e+02
20260915_21:00:00   4.4208e-01   1.0200e+02   3.1475e+01   2.0675e-01   9.6425e-02   2.8205e+02
20260916_00:00:00   4.3534e-01   9.9876e+01   3.2830e+01   1.7828e-01   2.5921e-01   2.8207e+02
20260916_03:00:00   2.7631e-01   6.9471e+01   3.1333e+01   1.4417e-02   6.9984e-02   2.8113e+02
20260916_06:00:00   2.9082e-01   7.2508e+01   3.2109e+01   1.7931e-02   4.2030e-03   2.8158e+02
20260916_09:00:00   2.8132e-01   7.0418e+01   3.1019e+01   1.5792e-02   1.8111e-02   2.7982e+02
20260916_12:00:00   2.6550e-01   6.7107e+01   3.0615e+01   1.4222e-03   6.5914e-03   2.7992e+02
20260916_15:00:00   2.6806e-01   6.7684e+01   2.9584e+01   9.5260e-03   7.1372e-03   2.7976e+02
20260916_18:00:00   2.6248e-01   6.6752e+01   2.8631e+01   5.4927e-03   2.4435e-04   2.8028e+02
20260916_21:00:00   3.9222e-01   9.3262e+01   2.6794e+01   1.7591e-01   0.0000e+00   2.7859e+02
20260917_00:00:00   3.0458e-01   7.5982e+01   2.5785e+01   8.0865e-02   1.8806e-05   2.7785e+02
20260917_03:00:00   2.2156e-01   5.8159e+01   2.3357e+01   1.1178e-02   0.0000e+00   2.7758e+02
20260917_06:00:00   1.9031e-01   5.1072e+01   2.1317e+01   0.0000e+00   0.0000e+00   2.7535e+02
20260917_09:00:00   1.7774e-01   4.8109e+01   1.9856e+01   0.0000e+00   2.0260e-03   2.7658e+02
20260917_12:00:00   1.6643e-01   4.5477e+01   1.8057e+01   0.0000e+00   0.0000e+00   2.7691e+02
20260917_15:00:00   1.5754e-01   4.3345e+01   1.7018e+01   0.0000e+00   0.0000e+00   2.7810e+02
20260917_18:00:00   1.6930e-01   4.6162e+01   1.8336e+01   0.0000e+00   0.0000e+00   2.7948e+02
20260917_21:00:00   1.8800e-01   5.0497e+01   2.1006e+01   3.6120e-04   1.5138e-04   2.8066e+02
20260918_00:00:00   1.9400e-01   5.1875e+01   2.0869e+01   1.1518e-02   5.3500e-04   2.7973e+02
20260918_03:00:00   1.8136e-01   4.8923e+01   2.0740e+01   0.0000e+00   0.0000e+00   2.8052e+02
20260918_06:00:00   1.9646e-01   5.2291e+01   2.2459e+01   0.0000e+00   1.3376e-03   2.7940e+02
20260918_09:00:00   1.9849e-01   5.2660e+01   2.2584e+01   0.0000e+00   9.1542e-02   2.7690e+02
20260918_12:00:00   1.9818e-01   5.2573e+01   2.2361e+01   0.0000e+00   5.3234e-03   2.7922e+02
20260918_15:00:00   1.9439e-01   5.1671e+01   2.1935e+01   0.0000e+00   1.7384e-03   2.8340e+02
20260918_18:00:00   1.9407e-01   5.1760e+01   2.1252e+01   0.0000e+00   9.2620e-05   2.8682e+02
20260918_21:00:00   2.3488e-01   6.0868e+01   2.2334e+01   3.6293e-02   7.4100e-06   2.8533e+02
20260919_00:00:00   2.3673e-01   6.1144e+01   2.1487e+01   4.9858e-02   1.8757e-01   2.8211e+02
20260919_03:00:00   1.8311e-01   4.9319e+01   2.0142e+01   9.2480e-05   0.0000e+00   2.8398e+02
20260919_06:00:00   1.6614e-01   4.5244e+01   1.8555e+01   0.0000e+00   0.0000e+00   2.8316e+02
20260919_09:00:00   1.7034e-01   4.6245e+01   1.8681e+01   0.0000e+00   0.0000e+00   2.8544e+02
20260919_12:00:00   1.6148e-01   4.4193e+01   1.7204e+01   0.0000e+00   0.0000e+00   2.8540e+02
20260919_15:00:00   1.5143e-01   4.1778e+01   1.6225e+01   0.0000e+00   0.0000e+00   2.8392e+02
20260919_18:00:00   1.6210e-01   4.4409e+01   1.7148e+01   0.0000e+00   0.0000e+00   2.8317e+02
20260919_21:00:00   1.8445e-01   4.9625e+01   1.9829e+01   2.7560e-03   0.0000e+00   2.7875e+02
20260920_00:00:00   2.4377e-01   6.2750e+01   2.0015e+01   7.0818e-02   1.8526e-05   2.7762e+02
20260920_03:00:00   1.6369e-01   4.4899e+01   1.7760e+01   0.0000e+00   0.0000e+00   2.7773e+02
20260920_06:00:00   1.5393e-01   4.2585e+01   1.6543e+01   0.0000e+00   3.0259e-03   2.7818e+02
20260920_09:00:00   1.6838e-01   4.5955e+01   1.8039e+01   0.0000e+00   0.0000e+00   2.7742e+02
20260920_12:00:00   1.5419e-01   4.2606e+01   1.6088e+01   0.0000e+00   0.0000e+00   2.7808e+02
20260920_15:00:00   1.4404e-01   4.0149e+01   1.5197e+01   0.0000e+00   9.0221e-03   2.7730e+02
20260920_18:00:00   1.5866e-01   4.3656e+01   1.7060e+01   0.0000e+00   3.9973e-02   2.7502e+02
20260920_21:00:00   1.8301e-01   4.9257e+01   2.0673e+01   1.0560e-03   3.0393e-03   2.7410e+02
20260921_00:00:00   1.7729e-01   4.7919e+01   2.0615e+01   0.0000e+00   1.4122e-01   2.7334e+02
20260921_03:00:00   1.9766e-01   5.2585e+01   2.3180e+01   0.0000e+00   4.7303e-03   2.7346e+02
20260921_06:00:00   1.9834e-01   5.2760e+01   2.2983e+01   0.0000e+00   3.2725e-02   2.7302e+02
20260921_09:00:00   1.9465e-01   5.1933e+01   2.2610e+01   0.0000e+00   7.8539e-04   2.7175e+02
20260921_12:00:00   1.9295e-01   5.1477e+01   2.2427e+01   0.0000e+00   2.7956e-03   2.6935e+02
20260921_15:00:00   1.9174e-01   5.1245e+01   2.2009e+01   0.0000e+00   0.0000e+00   2.7164e+02
20260921_18:00:00   1.8414e-01   4.9569e+01   2.0925e+01   0.0000e+00   0.0000e+00   2.7249e+02
20260921_21:00:00   1.9028e-01   5.0996e+01   2.1741e+01   1.3524e-03   0.0000e+00   2.7213e+02
20260922_00:00:00   1.7424e-01   4.7301e+01   2.0125e+01   0.0000e+00   0.0000e+00   2.6969e+02
20260922_03:00:00   1.7131e-01   4.6544e+01   1.9676e+01   0.0000e+00   0.0000e+00   2.6928e+02
20260922_06:00:00   1.6102e-01   4.4150e+01   1.8305e+01   0.0000e+00   0.0000e+00   2.6956e+02
20260922_09:00:00   1.5943e-01   4.3655e+01   1.8218e+01   0.0000e+00   0.0000e+00   2.7029e+02
20260922_12:00:00   1.5652e-01   4.2927e+01   1.7968e+01   0.0000e+00   0.0000e+00   2.6956e+02
20260922_15:00:00   1.6109e-01   4.4090e+01   1.8518e+01   0.0000e+00   0.0000e+00   2.6938e+02
20260922_18:00:00   1.6657e-01   4.5547e+01   1.8902e+01   0.0000e+00   0.0000e+00   2.6899e+02
20260922_21:00:00   1.6857e-01   4.6136e+01   1.9028e+01   0.0000e+00   0.0000e+00   2.6731e+02
20260923_00:00:00   1.6725e-01   4.5873e+01   1.8956e+01   6.5680e-05   1.7820e-03   2.6831e+02
