#            date       tau255        Tb[K]      pwv[mm] lwp[kg*m^-2] iwp[kg*m^-2]       o3[DU]
20260928_00:00:00   2.0805e-01   5.4432e+01   2.3122e+01   1.7252e-02   1.3582e-03   2.6001e+02
20260928_01:00:00   1.9235e-01   5.0974e+01   2.3224e+01   5.2640e-04   3.9352e-03   2.6006e+02
20260928_02:00:00   1.9392e-01   5.1324e+01   2.3467e+01   1.1312e-03   1.7402e-02   2.5993e+02
20260928_03:00:00   1.9484e-01   5.1559e+01   2.3530e+01   1.2608e-04   1.6459e-02   2.5859e+02
20260928_04:00:00   1.9881e-01   5.2444e+01   2.4182e+01   0.0000e+00   1.5084e-02   2.5687e+02
20260928_05:00:00   2.0525e-01   5.3931e+01   2.5023e+01   6.0560e-05   9.5798e-03   2.5437e+02
20260928_06:00:00   2.1009e-01   5.5031e+01   2.5501e+01   1.2042e-04   2.3963e-03   2.5423e+02
20260928_07:00:00   2.1179e-01   5.5454e+01   2.5705e+01   4.0060e-06   4.9132e-04   2.5488e+02
20260928_08:00:00   2.1488e-01   5.6164e+01   2.5903e+01   0.0000e+00   2.9452e-03   2.5478e+02
20260928_09:00:00   2.1960e-01   5.7193e+01   2.6247e+01   1.4852e-03   1.8352e-03   2.5440e+02
20260928_10:00:00   2.2326e-01   5.7972e+01   2.6384e+01   3.1038e-03   6.2370e-03   2.5560e+02
20260928_11:00:00   2.3297e-01   6.0091e+01   2.7136e+01   5.9000e-03   8.0150e-04   2.5683e+02
20260928_12:00:00   2.3682e-01   6.0964e+01   2.6832e+01   1.0746e-02   2.2904e-04   2.5861e+02
20260928_13:00:00   2.2942e-01   5.9347e+01   2.6929e+01   2.2552e-04   3.3423e-05   2.6063e+02
20260928_14:00:00   2.2840e-01   5.9149e+01   2.6827e+01   0.0000e+00   8.4080e-06   2.6098e+02
20260928_15:00:00   2.3312e-01   6.0114e+01   2.7445e+01   4.6214e-04   1.2501e-03   2.6072e+02
20260928_16:00:00   2.3437e-01   6.0423e+01   2.7397e+01   0.0000e+00   6.6764e-04   2.6031e+02
20260928_17:00:00   2.4128e-01   6.1900e+01   2.7914e+01   1.7502e-03   1.2793e-04   2.6197e+02
20260928_18:00:00   2.4193e-01   6.2038e+01   2.8217e+01   0.0000e+00   3.4965e-03   2.6294e+02
20260928_19:00:00   2.5998e-01   6.5868e+01   2.9246e+01   1.0087e-02   5.1490e-02   2.6372e+02
20260928_20:00:00   3.6252e-01   8.6590e+01   3.0345e+01   1.1869e-01   3.0913e-01   2.6207e+02
20260928_21:00:00   3.1230e-01   7.6596e+01   3.0568e+01   5.7924e-02   1.6323e-01   2.5995e+02
20260928_22:00:00   7.1377e-01   1.4262e+02   3.0963e+01   5.1362e-01   1.6110e-01   2.5995e+02
20260928_23:00:00   9.2895e-01   1.6741e+02   3.1434e+01   7.4411e-01   5.2649e-01   2.6063e+02
20260929_00:00:00   1.0179e+00   1.7653e+02   3.1047e+01   8.5138e-01   3.4412e-01   2.6136e+02
20260929_01:00:00   8.2619e-01   1.5558e+02   3.0568e+01   6.3839e-01   3.5155e-01   2.6152e+02
20260929_02:00:00   7.5350e-01   1.4674e+02   3.0796e+01   5.5159e-01   4.4289e-01   2.6160e+02
20260929_03:00:00   7.2556e-01   1.4339e+02   3.0019e+01   5.3077e-01   2.5670e-01   2.6081e+02
20260929_04:00:00   6.9309e-01   1.3923e+02   2.9510e+01   5.0145e-01   3.6053e-01   2.6228e+02
20260929_05:00:00   4.6241e-01   1.0387e+02   2.8305e+01   2.5009e-01   5.9285e-02   2.6295e+02
20260929_06:00:00   3.6594e-01   8.6719e+01   2.7543e+01   1.4329e-01   1.4960e-02   2.6302e+02
20260929_07:00:00   2.8852e-01   7.1674e+01   2.7607e+01   4.8647e-02   4.6059e-02   2.6241e+02
20260929_08:00:00   2.4323e-01   6.2465e+01   2.7207e+01   5.9420e-04   1.4880e-02   2.6363e+02
20260929_09:00:00   2.4545e-01   6.2929e+01   2.7550e+01   7.9730e-04   3.7746e-03   2.6540e+02
20260929_10:00:00   2.5264e-01   6.4351e+01   2.8823e+01   0.0000e+00   1.4185e-03   2.6659e+02
20260929_11:00:00   2.5667e-01   6.5114e+01   2.9155e+01   1.7589e-03   1.0360e-02   2.6772e+02
20260929_12:00:00   2.5633e-01   6.5014e+01   2.8655e+01   5.6779e-03   5.9683e-03   2.6785e+02
20260929_13:00:00   2.5155e-01   6.4002e+01   2.7719e+01   7.8101e-03   3.5664e-03   2.6996e+02
20260929_14:00:00   2.5256e-01   6.4296e+01   2.6624e+01   1.6495e-02   6.0598e-03   2.7220e+02
20260929_15:00:00   2.3571e-01   6.0773e+01   2.4659e+01   1.1552e-02   4.8352e-03   2.7456e+02
20260929_16:00:00   4.0550e-01   9.5653e+01   2.3020e+01   2.3067e-01   2.9380e-04   2.7593e+02
20260929_17:00:00   6.1552e-01   1.3143e+02   2.1456e+01   4.9902e-01   0.0000e+00   2.7600e+02
20260929_18:00:00   7.1270e-01   1.4576e+02   2.0804e+01   6.2611e-01   0.0000e+00   2.7562e+02
20260929_19:00:00   6.2909e-01   1.3322e+02   2.0254e+01   5.2523e-01   0.0000e+00   2.7586e+02
20260929_20:00:00   1.5769e-01   4.2964e+01   1.6074e+01   4.9333e-05   0.0000e+00   2.7863e+02
20260929_21:00:00   1.1655e-01   3.3123e+01   1.0271e+01   0.0000e+00   0.0000e+00   2.8022e+02
20260929_22:00:00   1.3496e-01   3.7498e+01   1.2026e+01   6.8600e-03   3.0280e-06   2.8149e+02
20260929_23:00:00   3.1540e-01   7.6701e+01   1.4281e+01   1.9123e-01   1.4890e-05   2.8322e+02
20260930_00:00:00   2.0910e-01   5.4288e+01   1.3868e+01   7.6129e-02   0.0000e+00   2.8287e+02
20260930_01:00:00   1.4250e-01   3.8938e+01   1.1967e+01   2.1860e-02   7.8420e-07   2.8494e+02
20260930_02:00:00   1.1540e-01   3.2398e+01   1.1108e+01   3.2340e-04   0.0000e+00   2.8551e+02
20260930_03:00:00   1.2012e-01   3.3490e+01   1.1694e+01   7.5700e-06   7.4697e-05   2.8657e+02
20260930_04:00:00   2.8794e-01   6.9882e+01   1.2855e+01   1.7734e-01   1.5417e-02   2.8630e+02
20260930_05:00:00   1.5115e-01   4.0757e+01   1.2222e+01   2.8023e-02   1.2200e-03   2.8912e+02
20260930_06:00:00   1.9704e-01   5.1141e+01   1.2269e+01   7.8860e-02   1.4828e-03   2.9270e+02
20260930_07:00:00   1.5428e-01   4.1503e+01   1.1595e+01   3.5540e-02   7.3301e-04   2.9635e+02
20260930_08:00:00   1.1541e-01   3.2379e+01   1.0660e+01   0.0000e+00   0.0000e+00   2.9840e+02
20260930_09:00:00   1.2971e-01   3.5688e+01   1.3316e+01   0.0000e+00   0.0000e+00   2.9219e+02
20260930_10:00:00   1.3459e-01   3.6825e+01   1.4301e+01   0.0000e+00   0.0000e+00   2.9308e+02
20260930_11:00:00   1.3628e-01   3.7211e+01   1.4728e+01   1.1116e-04   3.3631e-04   2.9140e+02
20260930_12:00:00   1.3788e-01   3.7646e+01   1.5000e+01   0.0000e+00   0.0000e+00   2.8872e+02
20260930_13:00:00   1.4352e-01   3.9056e+01   1.5607e+01   0.0000e+00   0.0000e+00   2.8696e+02
20260930_14:00:00   1.4874e-01   4.0372e+01   1.6172e+01   0.0000e+00   0.0000e+00   2.8659e+02
20260930_15:00:00   1.4708e-01   4.0050e+01   1.5982e+01   0.0000e+00   0.0000e+00   2.8699e+02
20260930_16:00:00   1.4349e-01   3.9249e+01   1.5262e+01   0.0000e+00   0.0000e+00   2.8688e+02
20260930_17:00:00   1.3814e-01   3.8067e+01   1.4325e+01   0.0000e+00   0.0000e+00   2.8682e+02
20260930_18:00:00   1.3636e-01   3.7693e+01   1.4105e+01   0.0000e+00   4.6320e-06   2.8723e+02
20260930_19:00:00   1.4534e-01   3.9864e+01   1.4916e+01   0.0000e+00   0.0000e+00   2.8718e+02
20260930_20:00:00   1.4392e-01   3.9588e+01   1.4746e+01   0.0000e+00   0.0000e+00   2.8831e+02
20260930_21:00:00   1.3977e-01   3.8666e+01   1.4214e+01   0.0000e+00   0.0000e+00   2.9016e+02
20260930_22:00:00   1.4514e-01   3.9979e+01   1.4780e+01   0.0000e+00   0.0000e+00   2.8779e+02
20260930_23:00:00   1.4602e-01   4.0208e+01   1.4970e+01   0.0000e+00   0.0000e+00   2.8454e+02
20261001_00:00:00   1.4309e-01   3.9560e+01   1.4442e+01   0.0000e+00   0.0000e+00   2.8437e+02
20261001_01:00:00   1.3512e-01   3.7705e+01   1.3208e+01   0.0000e+00   0.0000e+00   2.8396e+02
20261001_02:00:00   1.2655e-01   3.5652e+01   1.2154e+01   0.0000e+00   0.0000e+00   2.8235e+02
20261001_03:00:00   1.2075e-01   3.4245e+01   1.1489e+01   0.0000e+00   0.0000e+00   2.8105e+02
20261001_04:00:00   1.1892e-01   3.3797e+01   1.1322e+01   0.0000e+00   0.0000e+00   2.8071e+02
20261001_05:00:00   1.1930e-01   3.3893e+01   1.1386e+01   0.0000e+00   0.0000e+00   2.8109e+02
20261001_06:00:00   1.2046e-01   3.4163e+01   1.1526e+01   0.0000e+00   0.0000e+00   2.8193e+02
20261001_07:00:00   1.1857e-01   3.3697e+01   1.1334e+01   0.0000e+00   0.0000e+00   2.8170e+02
20261001_08:00:00   1.1629e-01   3.3153e+01   1.1113e+01   0.0000e+00   0.0000e+00   2.8073e+02
20261001_09:00:00   1.1208e-01   3.2109e+01   1.0670e+01   0.0000e+00   0.0000e+00   2.8009e+02
20261001_10:00:00   1.1084e-01   3.1786e+01   1.0605e+01   0.0000e+00   0.0000e+00   2.8010e+02
20261001_11:00:00   1.1261e-01   3.2219e+01   1.0957e+01   0.0000e+00   0.0000e+00   2.8065e+02
20261001_12:00:00   1.1831e-01   3.3620e+01   1.1720e+01   0.0000e+00   0.0000e+00   2.8028e+02
20261001_13:00:00   1.1974e-01   3.3975e+01   1.1900e+01   0.0000e+00   0.0000e+00   2.7973e+02
20261001_14:00:00   1.1802e-01   3.3551e+01   1.1697e+01   0.0000e+00   0.0000e+00   2.7837e+02
20261001_15:00:00   1.1200e-01   3.2063e+01   1.0963e+01   0.0000e+00   0.0000e+00   2.7636e+02
20261001_16:00:00   1.0707e-01   3.0829e+01   1.0360e+01   0.0000e+00   0.0000e+00   2.7397e+02
20261001_17:00:00   1.0370e-01   2.9965e+01   1.0006e+01   0.0000e+00   0.0000e+00   2.7308e+02
20261001_18:00:00   1.0581e-01   3.0503e+01   1.0276e+01   0.0000e+00   0.0000e+00   2.7291e+02
20261001_19:00:00   1.0929e-01   3.1389e+01   1.0708e+01   0.0000e+00   0.0000e+00   2.7334e+02
20261001_20:00:00   1.1474e-01   3.2770e+01   1.1336e+01   0.0000e+00   0.0000e+00   2.7294e+02
20261001_21:00:00   1.1940e-01   3.3936e+01   1.1930e+01   0.0000e+00   0.0000e+00   2.7317e+02
20261001_22:00:00   1.2329e-01   3.4893e+01   1.2455e+01   0.0000e+00   0.0000e+00   2.7234e+02
20261001_23:00:00   1.2230e-01   3.4640e+01   1.2387e+01   0.0000e+00   0.0000e+00   2.7201e+02
20261002_00:00:00   1.1852e-01   3.3696e+01   1.1901e+01   0.0000e+00   0.0000e+00   2.7215e+02
20261002_01:00:00   1.0888e-01   3.1284e+01   1.0663e+01   0.0000e+00   0.0000e+00   2.7220e+02
20261002_02:00:00   1.0589e-01   3.0523e+01   1.0263e+01   0.0000e+00   0.0000e+00   2.7174e+02
20261002_03:00:00   1.1575e-01   3.2980e+01   1.1612e+01   0.0000e+00   0.0000e+00   2.7130e+02
20261002_04:00:00   1.2995e-01   3.6478e+01   1.3387e+01   0.0000e+00   0.0000e+00   2.7245e+02
20261002_05:00:00   1.2940e-01   3.6347e+01   1.3249e+01   0.0000e+00   0.0000e+00   2.7358e+02
20261002_06:00:00   1.2652e-01   3.5650e+01   1.2904e+01   0.0000e+00   0.0000e+00   2.7189e+02
20261002_07:00:00   1.2436e-01   3.5099e+01   1.2735e+01   0.0000e+00   0.0000e+00   2.7313e+02
20261002_08:00:00   1.2140e-01   3.4356e+01   1.2401e+01   0.0000e+00   0.0000e+00   2.7422e+02
20261002_09:00:00   1.1445e-01   3.2637e+01   1.1395e+01   0.0000e+00   0.0000e+00   2.7497e+02
20261002_10:00:00   1.0600e-01   3.0526e+01   1.0231e+01   0.0000e+00   0.0000e+00   2.7517e+02
20261002_11:00:00   9.8740e-02   2.8689e+01   9.2396e+00   0.0000e+00   0.0000e+00   2.7473e+02
20261002_12:00:00   9.5268e-02   2.7821e+01   8.6952e+00   0.0000e+00   0.0000e+00   2.7417e+02
20261002_13:00:00   9.2361e-02   2.7091e+01   8.2184e+00   0.0000e+00   0.0000e+00   2.7361e+02
20261002_14:00:00   9.1548e-02   2.6893e+01   8.0406e+00   0.0000e+00   0.0000e+00   2.7261e+02
20261002_15:00:00   9.2043e-02   2.7033e+01   8.0230e+00   0.0000e+00   0.0000e+00   2.7244e+02
20261002_16:00:00   9.1147e-02   2.6812e+01   7.8526e+00   0.0000e+00   0.0000e+00   2.7207e+02
20261002_17:00:00   9.2106e-02   2.7060e+01   7.9206e+00   0.0000e+00   0.0000e+00   2.7097e+02
20261002_18:00:00   9.5171e-02   2.7847e+01   8.3794e+00   0.0000e+00   0.0000e+00   2.7049e+02
20261002_19:00:00   1.0066e-01   2.9235e+01   9.1794e+00   0.0000e+00   0.0000e+00   2.7013e+02
20261002_20:00:00   1.0710e-01   3.0857e+01   1.0086e+01   0.0000e+00   0.0000e+00   2.6981e+02
20261002_21:00:00   1.1136e-01   3.1935e+01   1.0664e+01   0.0000e+00   0.0000e+00   2.6874e+02
20261002_22:00:00   1.1249e-01   3.2233e+01   1.0823e+01   0.0000e+00   0.0000e+00   2.6715e+02
20261002_23:00:00   1.1250e-01   3.2256e+01   1.0803e+01   0.0000e+00   0.0000e+00   2.6560e+02
20261003_00:00:00   1.1146e-01   3.1999e+01   1.0626e+01   0.0000e+00   0.0000e+00   2.6495e+02
20261003_03:00:00   1.0249e-01   2.9744e+01   9.6992e+00   0.0000e+00   0.0000e+00   2.6563e+02
20261003_06:00:00   1.0678e-01   3.0848e+01   1.0315e+01   0.0000e+00   0.0000e+00   2.6634e+02
20261003_09:00:00   9.3334e-02   2.7439e+01   8.5516e+00   0.0000e+00   0.0000e+00   2.6701e+02
20261003_12:00:00   8.5746e-02   2.5482e+01   7.4474e+00   0.0000e+00   0.0000e+00   2.6763e+02
20261003_15:00:00   9.3971e-02   2.7588e+01   8.4867e+00   0.0000e+00   0.0000e+00   2.6556e+02
20261003_18:00:00   9.8006e-02   2.8627e+01   9.0243e+00   0.0000e+00   5.2220e-04   2.6608e+02
20261003_21:00:00   1.1137e-01   3.2044e+01   1.0634e+01   0.0000e+00   1.3292e-03   2.6675e+02
20261004_00:00:00   1.3031e-01   3.6793e+01   1.3083e+01   0.0000e+00   2.2638e-03   2.6432e+02
20261004_03:00:00   1.2540e-01   3.5565e+01   1.2632e+01   0.0000e+00   4.2940e-05   2.6428e+02
20261004_06:00:00   1.0816e-01   3.1186e+01   1.0826e+01   0.0000e+00   0.0000e+00   2.6534e+02
20261004_09:00:00   1.2068e-01   3.4378e+01   1.2298e+01   0.0000e+00   0.0000e+00   2.6338e+02
20261004_12:00:00   1.3780e-01   3.8582e+01   1.4293e+01   0.0000e+00   0.0000e+00   2.6259e+02
20261004_15:00:00   1.4706e-01   4.0805e+01   1.5342e+01   0.0000e+00   0.0000e+00   2.6249e+02
20261004_18:00:00   1.4964e-01   4.1473e+01   1.5464e+01   0.0000e+00   0.0000e+00   2.6012e+02
20261004_21:00:00   1.8021e-01   4.8717e+01   1.8734e+01   2.6715e-03   0.0000e+00   2.5869e+02
20261005_00:00:00   5.3241e-01   1.1638e+02   1.9894e+01   3.9799e-01   2.7900e-05   2.5892e+02
20261005_03:00:00   1.4329e-01   3.9980e+01   1.4931e+01   0.0000e+00   0.0000e+00   2.6333e+02
20261005_06:00:00   1.3606e-01   3.8230e+01   1.4252e+01   0.0000e+00   0.0000e+00   2.6157e+02
20261005_09:00:00   1.5313e-01   4.2383e+01   1.5924e+01   0.0000e+00   0.0000e+00   2.6110e+02
20261005_12:00:00   1.7926e-01   4.8447e+01   1.9005e+01   0.0000e+00   0.0000e+00   2.5811e+02
20261005_15:00:00   1.8254e-01   4.9196e+01   1.9374e+01   0.0000e+00   0.0000e+00   2.6010e+02
20261005_18:00:00   1.9858e-01   5.2853e+01   2.1193e+01   4.6860e-04   0.0000e+00   2.6054e+02
20261005_21:00:00   2.4184e-01   6.2638e+01   2.3247e+01   2.7267e-02   0.0000e+00   2.6031e+02
20261006_00:00:00   5.6926e-01   1.2321e+02   2.5294e+01   3.9234e-01   3.0280e-05   2.6046e+02
20261006_03:00:00   7.2401e-01   1.4498e+02   2.9581e+01   5.3981e-01   6.8553e-02   2.6201e+02
20261006_06:00:00   3.6167e-01   8.6027e+01   3.1771e+01   1.0294e-01   5.9322e-01   2.6178e+02
20261006_09:00:00   5.9642e-01   1.2517e+02   3.1165e+01   3.7622e-01   7.8541e-01   2.6311e+02
20261006_12:00:00   7.2321e-01   1.4260e+02   3.0069e+01   5.3143e-01   4.9274e-01   2.6226e+02
20261006_15:00:00   2.5546e-01   6.4614e+01   2.8329e+01   2.0921e-02   2.1012e-01   2.6305e+02
20261006_18:00:00   2.8841e-01   7.1612e+01   2.6445e+01   7.5961e-02   6.3460e-02   2.6465e+02
20261006_21:00:00   2.2754e-01   5.8774e+01   2.7490e+01   0.0000e+00   2.0304e-01   2.6439e+02
20261007_00:00:00   2.1608e-01   5.6316e+01   2.6270e+01   0.0000e+00   8.3127e-02   2.6368e+02
20261007_03:00:00   2.1472e-01   5.6016e+01   2.6071e+01   0.0000e+00   8.6533e-02   2.6363e+02
20261007_06:00:00   2.0329e-01   5.3448e+01   2.4804e+01   0.0000e+00   8.3923e-02   2.6599e+02
20261007_09:00:00   2.1948e-01   5.7017e+01   2.6459e+01   0.0000e+00   1.4181e-01   2.6817e+02
20261007_12:00:00   2.3102e-01   5.9517e+01   2.7487e+01   6.1140e-04   1.4095e-01   2.6963e+02
20261007_15:00:00   2.3154e-01   5.9652e+01   2.7487e+01   0.0000e+00   1.5481e-01   2.6998e+02
20261007_18:00:00   2.3185e-01   5.9621e+01   2.7841e+01   1.2818e-05   4.2302e-01   2.7029e+02
20261007_21:00:00   2.4920e-01   6.3318e+01   2.9272e+01   0.0000e+00   4.1584e-01   2.6793e+02
20261008_00:00:00   2.3488e-01   6.0341e+01   2.7692e+01   0.0000e+00   1.4858e-01   2.6861e+02
20261008_03:00:00   2.3240e-01   5.9842e+01   2.7551e+01   0.0000e+00   2.4455e-01   2.7110e+02
20261008_06:00:00   2.0933e-01   5.4782e+01   2.4914e+01   0.0000e+00   4.8350e-02   2.6967e+02
20261008_09:00:00   2.0234e-01   5.3200e+01   2.3857e+01   8.9700e-04   5.0325e-02   2.7106e+02
20261008_12:00:00   3.5089e-01   8.3917e+01   2.3998e+01   1.6594e-01   1.1616e-02   2.7181e+02
20261008_15:00:00   6.2900e-01   1.3019e+02   2.6955e+01   4.5401e-01   1.1792e-01   2.7007e+02
20261008_18:00:00   4.0181e-01   9.3866e+01   2.8076e+01   1.7954e-01   7.4920e-03   2.6740e+02
20261008_21:00:00   5.0411e-01   1.1255e+02   3.0390e+01   2.8528e-01   4.2755e-02   2.6685e+02
20261009_00:00:00   3.3165e-01   8.0253e+01   3.0064e+01   7.9498e-02   5.3764e-02   2.6621e+02
20261009_03:00:00   2.5845e-01   6.5560e+01   2.8786e+01   8.1820e-03   2.3481e-02   2.6774e+02
20261009_06:00:00   2.2728e-01   5.9091e+01   2.5126e+01   1.8922e-04   2.8380e-05   2.6666e+02
20261009_09:00:00   2.3572e-01   6.0941e+01   2.4808e+01   1.0401e-02   3.4380e-05   2.6404e+02
20261009_12:00:00   2.3139e-01   6.0008e+01   2.4772e+01   1.9974e-03   1.1224e-05   2.6336e+02
20261009_15:00:00   2.3015e-01   5.9822e+01   2.4237e+01   6.5881e-03   3.8080e-05   2.6341e+02
20261009_18:00:00   2.4823e-01   6.3682e+01   2.5280e+01   2.3356e-02   2.3100e-04   2.6466e+02
20261009_21:00:00   2.3744e-01   6.1302e+01   2.5267e+01   1.0210e-02   1.9037e-04   2.6734e+02
20261010_00:00:00   2.3370e-01   6.0610e+01   2.4033e+01   1.6731e-02   0.0000e+00   2.6736e+02
20261010_03:00:00   2.0719e-01   5.4760e+01   2.2087e+01   0.0000e+00   0.0000e+00   2.6739e+02
20261010_06:00:00   1.9590e-01   5.2240e+01   2.0840e+01   0.0000e+00   0.0000e+00   2.6789e+02
20261010_09:00:00   1.9800e-01   5.2665e+01   2.1048e+01   0.0000e+00   0.0000e+00   2.6841e+02
20261010_12:00:00   2.0277e-01   5.3699e+01   2.1628e+01   5.1260e-05   6.4080e-07   2.7092e+02
20261010_15:00:00   2.0392e-01   5.3988e+01   2.1517e+01   0.0000e+00   0.0000e+00   2.7090e+02
20261010_18:00:00   2.0812e-01   5.4915e+01   2.1891e+01   6.0200e-05   0.0000e+00   2.7122e+02
20261010_21:00:00   2.0706e-01   5.4781e+01   2.1007e+01   4.1720e-03   0.0000e+00   2.6989e+02
20261011_00:00:00   3.0227e-01   7.5615e+01   1.9433e+01   1.3272e-01   0.0000e+00   2.6938e+02
20261011_03:00:00   2.6416e-01   6.7625e+01   1.7764e+01   1.0366e-01   0.0000e+00   2.7018e+02
20261011_06:00:00   1.6086e-01   4.4213e+01   1.5824e+01   0.0000e+00   0.0000e+00   2.7140e+02
20261011_09:00:00   1.6451e-01   4.5029e+01   1.6099e+01   0.0000e+00   0.0000e+00   2.7092e+02
20261011_12:00:00   1.7070e-01   4.6435e+01   1.6992e+01   0.0000e+00   0.0000e+00   2.6833e+02
20261011_15:00:00   1.7798e-01   4.8104e+01   1.7794e+01   0.0000e+00   0.0000e+00   2.6818e+02
20261011_18:00:00   1.7840e-01   4.8233e+01   1.7733e+01   0.0000e+00   0.0000e+00   2.6666e+02
20261011_21:00:00   7.2680e-01   1.4585e+02   2.0390e+01   6.1409e-01   1.5684e-06   2.6554e+02
20261012_00:00:00   1.0448e+00   1.8104e+02   2.3078e+01   9.4927e-01   1.6466e-04   2.6154e+02
20261012_03:00:00   2.4518e-01   6.3110e+01   1.8355e+01   7.4040e-02   0.0000e+00   2.6621e+02
20261012_06:00:00   1.4664e-01   4.0827e+01   1.4269e+01   0.0000e+00   0.0000e+00   2.6987e+02
20261012_09:00:00   1.4066e-01   3.9366e+01   1.3363e+01   0.0000e+00   0.0000e+00   2.6722e+02
20261012_12:00:00   1.4620e-01   4.0673e+01   1.3863e+01   0.0000e+00   0.0000e+00   2.6285e+02
20261012_15:00:00   1.4044e-01   3.9272e+01   1.3059e+01   0.0000e+00   0.0000e+00   2.6183e+02
20261012_18:00:00   1.3397e-01   3.7726e+01   1.2214e+01   0.0000e+00   0.0000e+00   2.6136e+02
20261012_21:00:00   1.5758e-01   4.3418e+01   1.5551e+01   3.8940e-04   0.0000e+00   2.6105e+02
20261013_00:00:00   1.6358e-01   4.4888e+01   1.5712e+01   7.0040e-03   0.0000e+00   2.6307e+02
20261013_03:00:00   2.5890e-01   6.6215e+01   1.5828e+01   1.1637e-01   0.0000e+00   2.6309e+02
20261013_06:00:00   1.3456e-01   3.7932e+01   1.2598e+01   0.0000e+00   0.0000e+00   2.6144e+02
20261013_09:00:00   1.2120e-01   3.4619e+01   1.1106e+01   0.0000e+00   0.0000e+00   2.6156e+02
20261013_12:00:00   1.2012e-01   3.4311e+01   1.0979e+01   0.0000e+00   0.0000e+00   2.6000e+02
20261013_15:00:00   1.0614e-01   3.0800e+01   9.3188e+00   0.0000e+00   0.0000e+00   2.6199e+02
20261013_18:00:00   9.8513e-02   2.8870e+01   8.2397e+00   0.0000e+00   0.0000e+00   2.6054e+02
20261013_21:00:00   1.1646e-01   3.3416e+01   1.1068e+01   0.0000e+00   0.0000e+00   2.5914e+02
20261014_00:00:00   1.1787e-01   3.3738e+01   1.1618e+01   0.0000e+00   0.0000e+00   2.5683e+02
