#            date       tau255        Tb[K]      pwv[mm] lwp[kg*m^-2] iwp[kg*m^-2]       o3[DU]
20260930_06:00:00   1.3192e-01   3.6327e+01   1.2804e+01   5.0400e-04   1.7166e-04   2.8644e+02
20260930_07:00:00   1.3482e-01   3.6973e+01   1.3194e+01   1.7260e-03   3.5560e-05   2.8787e+02
20260930_08:00:00   1.2758e-01   3.5256e+01   1.2434e+01   7.4500e-05   0.0000e+00   2.8873e+02
20260930_09:00:00   1.2008e-01   3.3468e+01   1.1413e+01   1.9066e-04   0.0000e+00   2.9178e+02
20260930_10:00:00   1.1438e-01   3.2046e+01   1.1136e+01   0.0000e+00   0.0000e+00   2.9269e+02
20260930_11:00:00   1.2582e-01   3.4762e+01   1.2790e+01   1.6742e-04   0.0000e+00   2.9250e+02
20260930_12:00:00   1.3178e-01   3.6189e+01   1.3430e+01   0.0000e+00   0.0000e+00   2.8845e+02
20260930_13:00:00   1.2919e-01   3.5623e+01   1.3029e+01   0.0000e+00   0.0000e+00   2.8870e+02
20260930_14:00:00   1.2728e-01   3.5190e+01   1.2784e+01   0.0000e+00   0.0000e+00   2.8807e+02
20260930_15:00:00   1.3095e-01   3.6073e+01   1.3397e+01   0.0000e+00   0.0000e+00   2.8585e+02
20260930_16:00:00   1.3117e-01   3.6157e+01   1.3623e+01   0.0000e+00   0.0000e+00   2.8403e+02
20260930_17:00:00   1.2833e-01   3.5514e+01   1.3416e+01   0.0000e+00   0.0000e+00   2.8195e+02
20260930_18:00:00   1.2922e-01   3.5762e+01   1.3648e+01   0.0000e+00   0.0000e+00   2.8154e+02
20260930_19:00:00   1.4045e-01   3.8482e+01   1.4848e+01   0.0000e+00   0.0000e+00   2.8348e+02
20260930_20:00:00   1.4317e-01   3.9138e+01   1.5396e+01   0.0000e+00   0.0000e+00   2.8430e+02
20260930_21:00:00   1.5146e-01   4.1114e+01   1.6265e+01   0.0000e+00   0.0000e+00   2.8219e+02
20260930_22:00:00   1.5059e-01   4.0959e+01   1.6208e+01   0.0000e+00   0.0000e+00   2.8280e+02
20260930_23:00:00   1.5481e-01   4.1968e+01   1.6715e+01   0.0000e+00   0.0000e+00   2.8492e+02
20261001_00:00:00   1.5561e-01   4.2203e+01   1.6863e+01   0.0000e+00   0.0000e+00   2.8493e+02
20261001_01:00:00   1.5239e-01   4.1483e+01   1.6593e+01   0.0000e+00   0.0000e+00   2.8465e+02
20261001_02:00:00   1.4587e-01   4.0007e+01   1.5631e+01   0.0000e+00   0.0000e+00   2.8618e+02
20261001_03:00:00   1.4490e-01   3.9832e+01   1.5307e+01   0.0000e+00   0.0000e+00   2.8634e+02
20261001_04:00:00   1.4306e-01   3.9460e+01   1.4777e+01   0.0000e+00   0.0000e+00   2.8486e+02
20261001_05:00:00   1.3246e-01   3.6985e+01   1.3111e+01   0.0000e+00   0.0000e+00   2.8212e+02
20261001_06:00:00   1.2230e-01   3.4559e+01   1.1647e+01   0.0000e+00   0.0000e+00   2.8052e+02
20261001_07:00:00   1.1832e-01   3.3589e+01   1.1114e+01   0.0000e+00   0.0000e+00   2.7817e+02
20261001_08:00:00   1.2071e-01   3.4153e+01   1.1461e+01   0.0000e+00   0.0000e+00   2.7703e+02
20261001_09:00:00   1.2013e-01   3.4022e+01   1.1424e+01   0.0000e+00   0.0000e+00   2.7647e+02
20261001_10:00:00   1.1939e-01   3.3851e+01   1.1399e+01   0.0000e+00   0.0000e+00   2.7618e+02
20261001_11:00:00   1.2364e-01   3.4876e+01   1.2107e+01   0.0000e+00   0.0000e+00   2.7563e+02
20261001_12:00:00   1.2192e-01   3.4462e+01   1.1876e+01   0.0000e+00   0.0000e+00   2.7305e+02
20261001_13:00:00   1.1533e-01   3.2840e+01   1.1068e+01   0.0000e+00   0.0000e+00   2.7214e+02
20261001_14:00:00   1.0886e-01   3.1237e+01   1.0218e+01   0.0000e+00   0.0000e+00   2.7136e+02
20261001_15:00:00   1.0212e-01   2.9557e+01   9.3732e+00   0.0000e+00   0.0000e+00   2.7101e+02
20261001_16:00:00   9.7221e-02   2.8330e+01   8.8292e+00   0.0000e+00   0.0000e+00   2.7111e+02
20261001_17:00:00   9.2713e-02   2.7189e+01   8.3134e+00   0.0000e+00   0.0000e+00   2.6959e+02
20261001_18:00:00   9.2789e-02   2.7208e+01   8.3792e+00   0.0000e+00   0.0000e+00   2.6882e+02
20261001_19:00:00   9.4508e-02   2.7654e+01   8.6278e+00   0.0000e+00   0.0000e+00   2.6976e+02
20261001_20:00:00   9.2408e-02   2.7133e+01   8.3378e+00   0.0000e+00   0.0000e+00   2.7151e+02
20261001_21:00:00   9.0173e-02   2.6577e+01   8.0272e+00   0.0000e+00   0.0000e+00   2.7169e+02
20261001_22:00:00   9.1336e-02   2.6889e+01   8.1618e+00   0.0000e+00   0.0000e+00   2.7018e+02
20261001_23:00:00   9.0920e-02   2.6783e+01   8.1435e+00   0.0000e+00   0.0000e+00   2.6716e+02
20261002_00:00:00   8.9082e-02   2.6312e+01   7.9751e+00   0.0000e+00   0.0000e+00   2.6459e+02
20261002_01:00:00   9.3061e-02   2.7344e+01   8.5907e+00   0.0000e+00   0.0000e+00   2.6330e+02
20261002_02:00:00   9.7899e-02   2.8601e+01   9.2339e+00   0.0000e+00   0.0000e+00   2.6334e+02
20261002_03:00:00   1.0210e-01   2.9687e+01   9.7575e+00   0.0000e+00   0.0000e+00   2.6304e+02
20261002_04:00:00   1.0413e-01   3.0209e+01   1.0003e+01   0.0000e+00   0.0000e+00   2.6192e+02
20261002_05:00:00   1.0682e-01   3.0888e+01   1.0301e+01   0.0000e+00   0.0000e+00   2.6068e+02
20261002_06:00:00   1.0821e-01   3.1240e+01   1.0395e+01   0.0000e+00   0.0000e+00   2.6029e+02
20261002_07:00:00   1.1020e-01   3.1731e+01   1.0596e+01   0.0000e+00   0.0000e+00   2.6152e+02
20261002_08:00:00   1.1254e-01   3.2298e+01   1.0871e+01   0.0000e+00   0.0000e+00   2.6331e+02
20261002_09:00:00   1.1732e-01   3.3466e+01   1.1469e+01   0.0000e+00   0.0000e+00   2.6318e+02
20261002_10:00:00   1.2253e-01   3.4735e+01   1.2203e+01   0.0000e+00   0.0000e+00   2.6240e+02
20261002_11:00:00   1.2579e-01   3.5518e+01   1.2676e+01   0.0000e+00   0.0000e+00   2.6218e+02
20261002_12:00:00   1.2789e-01   3.6009e+01   1.2956e+01   0.0000e+00   0.0000e+00   2.6242e+02
20261002_13:00:00   1.2944e-01   3.6360e+01   1.3256e+01   0.0000e+00   0.0000e+00   2.6243e+02
20261002_14:00:00   1.2958e-01   3.6358e+01   1.3412e+01   0.0000e+00   0.0000e+00   2.6229e+02
20261002_15:00:00   1.2541e-01   3.5333e+01   1.3007e+01   0.0000e+00   0.0000e+00   2.6279e+02
20261002_16:00:00   1.1917e-01   3.3805e+01   1.2326e+01   0.0000e+00   0.0000e+00   2.6235e+02
20261002_17:00:00   1.1792e-01   3.3510e+01   1.2211e+01   0.0000e+00   0.0000e+00   2.6190e+02
20261002_18:00:00   1.2137e-01   3.4388e+01   1.2602e+01   0.0000e+00   0.0000e+00   2.5960e+02
20261002_19:00:00   1.2459e-01   3.5211e+01   1.2958e+01   0.0000e+00   0.0000e+00   2.5809e+02
20261002_20:00:00   1.2863e-01   3.6247e+01   1.3394e+01   0.0000e+00   0.0000e+00   2.5787e+02
20261002_21:00:00   1.3033e-01   3.6680e+01   1.3562e+01   0.0000e+00   0.0000e+00   2.5855e+02
20261002_22:00:00   1.2690e-01   3.5866e+01   1.3203e+01   0.0000e+00   0.0000e+00   2.5856e+02
20261002_23:00:00   1.2623e-01   3.5719e+01   1.3077e+01   0.0000e+00   0.0000e+00   2.5808e+02
20261003_00:00:00   1.2587e-01   3.5660e+01   1.2896e+01   0.0000e+00   0.0000e+00   2.5769e+02
20261003_01:00:00   1.2538e-01   3.5540e+01   1.2680e+01   0.0000e+00   0.0000e+00   2.5649e+02
20261003_02:00:00   1.2319e-01   3.5001e+01   1.2310e+01   0.0000e+00   0.0000e+00   2.5461e+02
20261003_03:00:00   1.1839e-01   3.3815e+01   1.1715e+01   0.0000e+00   0.0000e+00   2.5369e+02
20261003_04:00:00   1.1392e-01   3.2703e+01   1.1186e+01   0.0000e+00   0.0000e+00   2.5349e+02
20261003_05:00:00   1.0992e-01   3.1694e+01   1.0792e+01   0.0000e+00   0.0000e+00   2.5372e+02
20261003_06:00:00   1.0932e-01   3.1533e+01   1.0797e+01   0.0000e+00   0.0000e+00   2.5318e+02
20261003_07:00:00   1.0942e-01   3.1553e+01   1.0855e+01   0.0000e+00   0.0000e+00   2.5406e+02
20261003_08:00:00   1.0973e-01   3.1628e+01   1.0937e+01   0.0000e+00   0.0000e+00   2.5470e+02
20261003_09:00:00   1.0801e-01   3.1214e+01   1.0680e+01   0.0000e+00   0.0000e+00   2.5494e+02
20261003_10:00:00   1.0821e-01   3.1279e+01   1.0598e+01   0.0000e+00   0.0000e+00   2.5480e+02
20261003_11:00:00   1.0995e-01   3.1725e+01   1.0673e+01   0.0000e+00   0.0000e+00   2.5629e+02
20261003_12:00:00   1.1313e-01   3.2528e+01   1.0943e+01   0.0000e+00   0.0000e+00   2.5769e+02
20261003_13:00:00   1.1654e-01   3.3389e+01   1.1304e+01   0.0000e+00   0.0000e+00   2.5761e+02
20261003_14:00:00   1.2000e-01   3.4252e+01   1.1701e+01   0.0000e+00   0.0000e+00   2.5665e+02
20261003_15:00:00   1.2314e-01   3.5036e+01   1.2038e+01   0.0000e+00   0.0000e+00   2.5690e+02
20261003_16:00:00   1.2506e-01   3.5521e+01   1.2243e+01   0.0000e+00   0.0000e+00   2.5738e+02
20261003_17:00:00   1.2551e-01   3.5638e+01   1.2302e+01   0.0000e+00   0.0000e+00   2.5782e+02
20261003_18:00:00   1.2428e-01   3.5347e+01   1.2191e+01   0.0000e+00   0.0000e+00   2.5709e+02
20261003_19:00:00   1.2508e-01   3.5554e+01   1.2279e+01   0.0000e+00   0.0000e+00   2.5554e+02
20261003_20:00:00   1.2742e-01   3.6149e+01   1.2582e+01   0.0000e+00   0.0000e+00   2.5562e+02
20261003_21:00:00   1.3441e-01   3.7877e+01   1.3427e+01   0.0000e+00   0.0000e+00   2.5695e+02
20261003_22:00:00   1.3914e-01   3.9042e+01   1.4044e+01   0.0000e+00   0.0000e+00   2.5727e+02
20261003_23:00:00   1.4239e-01   3.9838e+01   1.4454e+01   0.0000e+00   0.0000e+00   2.5652e+02
20261004_00:00:00   1.4429e-01   4.0307e+01   1.4661e+01   0.0000e+00   0.0000e+00   2.5605e+02
20261004_01:00:00   1.4095e-01   3.9524e+01   1.4210e+01   0.0000e+00   0.0000e+00   2.5555e+02
20261004_02:00:00   1.3667e-01   3.8495e+01   1.3620e+01   0.0000e+00   0.0000e+00   2.5586e+02
20261004_03:00:00   1.3204e-01   3.7353e+01   1.3095e+01   0.0000e+00   0.0000e+00   2.5587e+02
20261004_04:00:00   1.2835e-01   3.6444e+01   1.2645e+01   0.0000e+00   0.0000e+00   2.5661e+02
20261004_05:00:00   1.2175e-01   3.4803e+01   1.1864e+01   0.0000e+00   0.0000e+00   2.5734e+02
20261004_06:00:00   1.1945e-01   3.4204e+01   1.1625e+01   0.0000e+00   0.0000e+00   2.5838e+02
20261004_07:00:00   1.1345e-01   3.2675e+01   1.0915e+01   0.0000e+00   0.0000e+00   2.5881e+02
20261004_08:00:00   1.0548e-01   3.0654e+01   9.9390e+00   0.0000e+00   0.0000e+00   2.5915e+02
20261004_09:00:00   1.0090e-01   2.9483e+01   9.3546e+00   0.0000e+00   0.0000e+00   2.5924e+02
20261004_10:00:00   9.8901e-02   2.8964e+01   9.0944e+00   0.0000e+00   0.0000e+00   2.5851e+02
20261004_11:00:00   9.8301e-02   2.8812e+01   8.9925e+00   0.0000e+00   0.0000e+00   2.5756e+02
20261004_12:00:00   1.0284e-01   2.9975e+01   9.5363e+00   0.0000e+00   0.0000e+00   2.5643e+02
20261004_13:00:00   1.0478e-01   3.0464e+01   9.7677e+00   0.0000e+00   0.0000e+00   2.5662e+02
20261004_14:00:00   1.0719e-01   3.1083e+01   1.0052e+01   0.0000e+00   0.0000e+00   2.5654e+02
20261004_15:00:00   1.1338e-01   3.2643e+01   1.0769e+01   0.0000e+00   0.0000e+00   2.5716e+02
20261004_16:00:00   1.2107e-01   3.4568e+01   1.1696e+01   0.0000e+00   0.0000e+00   2.5805e+02
20261004_17:00:00   1.2656e-01   3.5927e+01   1.2310e+01   0.0000e+00   0.0000e+00   2.5806e+02
20261004_18:00:00   1.3520e-01   3.8051e+01   1.3237e+01   0.0000e+00   0.0000e+00   2.5796e+02
20261004_19:00:00   1.4545e-01   4.0564e+01   1.4347e+01   0.0000e+00   0.0000e+00   2.5850e+02
20261004_20:00:00   1.5793e-01   4.3525e+01   1.5921e+01   0.0000e+00   0.0000e+00   2.5907e+02
20261004_21:00:00   1.6343e-01   4.4822e+01   1.6761e+01   1.0898e-03   0.0000e+00   2.6040e+02
20261004_22:00:00   1.8291e-01   4.9310e+01   1.8309e+01   1.0147e-02   0.0000e+00   2.6119e+02
20261004_23:00:00   4.4853e-01   1.0224e+02   1.8741e+01   3.1060e-01   1.1116e-05   2.6040e+02
20261005_00:00:00   4.7871e-01   1.0737e+02   1.8617e+01   3.4698e-01   1.7738e-05   2.5976e+02
20261005_01:00:00   4.3980e-01   1.0056e+02   1.8430e+01   3.0397e-01   1.8843e-05   2.6051e+02
20261005_02:00:00   4.1668e-01   9.6489e+01   1.8345e+01   2.7800e-01   3.3374e-05   2.6124e+02
20261005_03:00:00   4.0633e-01   9.4626e+01   1.8240e+01   2.6655e-01   2.1560e-05   2.6168e+02
20261005_04:00:00   3.3260e-01   8.0751e+01   1.8083e+01   1.8278e-01   2.0440e-05   2.6324e+02
20261005_05:00:00   1.7438e-01   4.7294e+01   1.7169e+01   9.9600e-03   0.0000e+00   2.6522e+02
20261005_06:00:00   1.5678e-01   4.3214e+01   1.5983e+01   0.0000e+00   0.0000e+00   2.6656e+02
20261005_09:00:00   1.4879e-01   4.1243e+01   1.5199e+01   0.0000e+00   0.0000e+00   2.6849e+02
20261005_12:00:00   1.4879e-01   4.1202e+01   1.5573e+01   0.0000e+00   0.0000e+00   2.6575e+02
20261005_15:00:00   1.4033e-01   3.9175e+01   1.4386e+01   0.0000e+00   0.0000e+00   2.6490e+02
20261005_18:00:00   1.4059e-01   3.9296e+01   1.4079e+01   0.0000e+00   0.0000e+00   2.6658e+02
20261005_21:00:00   1.5050e-01   4.1696e+01   1.5483e+01   0.0000e+00   0.0000e+00   2.6535e+02
20261006_00:00:00   2.5197e-01   6.4248e+01   1.6397e+01   1.1008e-01   1.1116e-05   2.6478e+02
20261006_03:00:00   1.4586e-01   4.0540e+01   1.5124e+01   1.0896e-03   0.0000e+00   2.6592e+02
20261006_06:00:00   1.4338e-01   3.9986e+01   1.4707e+01   0.0000e+00   0.0000e+00   2.6340e+02
20261006_09:00:00   1.2746e-01   3.6100e+01   1.2706e+01   0.0000e+00   0.0000e+00   2.6330e+02
20261006_12:00:00   1.2711e-01   3.5948e+01   1.2681e+01   0.0000e+00   0.0000e+00   2.6558e+02
20261006_15:00:00   1.2957e-01   3.6520e+01   1.2975e+01   0.0000e+00   0.0000e+00   2.7206e+02
20261006_18:00:00   1.4766e-01   4.0891e+01   1.5115e+01   0.0000e+00   0.0000e+00   2.7670e+02
20261006_21:00:00   1.5870e-01   4.3442e+01   1.6818e+01   9.8820e-04   5.4900e-06   2.8034e+02
20261007_00:00:00   1.3355e-01   3.7464e+01   1.3743e+01   1.2156e-04   0.0000e+00   2.8531e+02
20261007_03:00:00   1.1986e-01   3.4116e+01   1.1914e+01   0.0000e+00   0.0000e+00   2.8552e+02
20261007_06:00:00   1.3116e-01   3.6850e+01   1.3565e+01   0.0000e+00   0.0000e+00   2.8459e+02
20261007_09:00:00   1.4110e-01   3.9234e+01   1.4681e+01   0.0000e+00   0.0000e+00   2.8114e+02
20261007_12:00:00   1.2959e-01   3.6433e+01   1.3302e+01   0.0000e+00   0.0000e+00   2.7562e+02
20261007_15:00:00   1.2564e-01   3.5479e+01   1.2688e+01   0.0000e+00   0.0000e+00   2.7308e+02
20261007_18:00:00   1.3351e-01   3.7414e+01   1.3891e+01   0.0000e+00   0.0000e+00   2.7146e+02
20261007_21:00:00   1.3347e-01   3.7436e+01   1.3989e+01   0.0000e+00   0.0000e+00   2.6863e+02
20261008_00:00:00   1.4216e-01   3.9572e+01   1.4827e+01   1.4842e-03   1.5684e-06   2.6679e+02
20261008_03:00:00   1.3452e-01   3.7756e+01   1.3933e+01   0.0000e+00   0.0000e+00   2.6830e+02
20261008_06:00:00   1.1087e-01   3.1970e+01   1.0801e+01   0.0000e+00   0.0000e+00   2.6892e+02
20261008_09:00:00   1.0604e-01   3.0749e+01   1.0324e+01   0.0000e+00   0.0000e+00   2.6870e+02
20261008_12:00:00   1.0342e-01   3.0067e+01   1.0112e+01   0.0000e+00   0.0000e+00   2.6639e+02
20261008_15:00:00   1.0272e-01   2.9951e+01   9.8368e+00   0.0000e+00   0.0000e+00   2.6827e+02
20261008_18:00:00   1.1314e-01   3.2622e+01   1.1066e+01   0.0000e+00   0.0000e+00   2.6713e+02
20261008_21:00:00   1.2386e-01   3.5349e+01   1.2300e+01   0.0000e+00   0.0000e+00   2.6609e+02
20261009_00:00:00   1.2167e-01   3.4830e+01   1.1720e+01   0.0000e+00   0.0000e+00   2.6534e+02
20261009_03:00:00   9.7121e-02   2.8599e+01   8.5160e+00   0.0000e+00   0.0000e+00   2.6487e+02
20261009_06:00:00   8.4027e-02   2.5186e+01   6.9811e+00   0.0000e+00   0.0000e+00   2.6520e+02
20261009_09:00:00   7.9976e-02   2.4110e+01   6.4301e+00   0.0000e+00   0.0000e+00   2.6417e+02
20261009_12:00:00   8.3372e-02   2.4984e+01   6.9662e+00   0.0000e+00   0.0000e+00   2.6325e+02
20261009_15:00:00   7.5312e-02   2.2839e+01   5.9697e+00   0.0000e+00   0.0000e+00   2.6049e+02
20261009_18:00:00   7.0132e-02   2.1457e+01   5.1735e+00   0.0000e+00   0.0000e+00   2.5887e+02
20261009_21:00:00   7.9300e-02   2.3864e+01   6.5084e+00   0.0000e+00   0.0000e+00   2.5892e+02
20261010_00:00:00   8.4498e-02   2.5238e+01   7.3052e+00   0.0000e+00   0.0000e+00   2.5780e+02
20261010_03:00:00   7.8554e-02   2.3676e+01   6.4710e+00   0.0000e+00   0.0000e+00   2.5793e+02
20261010_06:00:00   6.8244e-02   2.0923e+01   5.0587e+00   0.0000e+00   0.0000e+00   2.6237e+02
20261010_09:00:00   7.8878e-02   2.3742e+01   6.5102e+00   0.0000e+00   0.0000e+00   2.6033e+02
20261010_12:00:00   8.7213e-02   2.5935e+01   7.4803e+00   0.0000e+00   0.0000e+00   2.5926e+02
20261010_15:00:00   8.5480e-02   2.5486e+01   7.1616e+00   0.0000e+00   0.0000e+00   2.6164e+02
20261010_18:00:00   8.1688e-02   2.4499e+01   6.6303e+00   0.0000e+00   0.0000e+00   2.6292e+02
20261010_21:00:00   9.1238e-02   2.6969e+01   8.0643e+00   0.0000e+00   0.0000e+00   2.6190e+02
20261011_00:00:00   8.8017e-02   2.6149e+01   7.7201e+00   0.0000e+00   0.0000e+00   2.6140e+02
20261011_03:00:00   8.7833e-02   2.6087e+01   7.6586e+00   0.0000e+00   0.0000e+00   2.6192e+02
20261011_06:00:00   7.8404e-02   2.3623e+01   6.2694e+00   0.0000e+00   0.0000e+00   2.6217e+02
20261011_09:00:00   7.5007e-02   2.2644e+01   5.9296e+00   0.0000e+00   0.0000e+00   2.6619e+02
20261011_12:00:00   7.7546e-02   2.3221e+01   6.5048e+00   0.0000e+00   0.0000e+00   2.7146e+02
20261011_15:00:00   8.5571e-02   2.5244e+01   7.7897e+00   0.0000e+00   2.3160e-05   2.6884e+02
20261011_18:00:00   8.3799e-02   2.4835e+01   7.3967e+00   0.0000e+00   0.0000e+00   2.7074e+02
20261011_21:00:00   9.3292e-02   2.7299e+01   8.7466e+00   0.0000e+00   0.0000e+00   2.7068e+02
20261012_00:00:00   9.7425e-02   2.8330e+01   9.4514e+00   0.0000e+00   0.0000e+00   2.7106e+02
20261012_03:00:00   9.7867e-02   2.8439e+01   9.3908e+00   0.0000e+00   0.0000e+00   2.7008e+02
20261012_06:00:00   1.0012e-01   2.8999e+01   9.5656e+00   0.0000e+00   0.0000e+00   2.6681e+02
20261012_09:00:00   1.0051e-01   2.9078e+01   9.5705e+00   0.0000e+00   0.0000e+00   2.6369e+02
20261012_12:00:00   1.0410e-01   2.9929e+01   1.0101e+01   0.0000e+00   0.0000e+00   2.6313e+02
20261012_15:00:00   1.0754e-01   3.0756e+01   1.0546e+01   0.0000e+00   0.0000e+00   2.6226e+02
20261012_18:00:00   1.1965e-01   3.3762e+01   1.2042e+01   0.0000e+00   0.0000e+00   2.6248e+02
20261012_21:00:00   1.4526e-01   3.9943e+01   1.5085e+01   1.5188e-03   4.1028e-04   2.5727e+02
20261013_00:00:00   1.6872e-01   4.5294e+01   1.4778e+01   3.2595e-02   1.3766e-02   2.5290e+02
20261013_03:00:00   1.4357e-01   3.9475e+01   1.3745e+01   1.3182e-02   6.8929e-03   2.4925e+02
20261013_06:00:00   1.2861e-01   3.5924e+01   1.3282e+01   1.5000e-05   2.7820e-04   2.4877e+02
20261013_09:00:00   1.2230e-01   3.4410e+01   1.2404e+01   0.0000e+00   0.0000e+00   2.4822e+02
20261013_12:00:00   1.2668e-01   3.5387e+01   1.3045e+01   0.0000e+00   0.0000e+00   2.4713e+02
20261013_15:00:00   1.2707e-01   3.5496e+01   1.2975e+01   0.0000e+00   0.0000e+00   2.4845e+02
20261013_18:00:00   1.3656e-01   3.7804e+01   1.4135e+01   0.0000e+00   0.0000e+00   2.5068e+02
20261013_21:00:00   1.6913e-01   4.5374e+01   1.5669e+01   2.3634e-02   3.8519e-04   2.4954e+02
20261014_00:00:00   1.5734e-01   4.2640e+01   1.4943e+01   1.8182e-02   6.2960e-03   2.5089e+02
20261014_03:00:00   2.1744e-01   5.6057e+01   1.5296e+01   8.2666e-02   6.2800e-03   2.5426e+02
20261014_06:00:00   2.9264e-01   7.1677e+01   1.5875e+01   1.6078e-01   7.6342e-03   2.5538e+02
20261014_09:00:00   1.3854e-01   3.8303e+01   1.4471e+01   1.5220e-04   7.7880e-05   2.5635e+02
20261014_12:00:00   1.3648e-01   3.7775e+01   1.4199e+01   0.0000e+00   0.0000e+00   2.5723e+02
20261014_15:00:00   1.3936e-01   3.8445e+01   1.4510e+01   0.0000e+00   1.2110e-05   2.5782e+02
20261014_18:00:00   1.4213e-01   3.9149e+01   1.4802e+01   0.0000e+00   0.0000e+00   2.6085e+02
20261014_21:00:00   2.7886e-01   6.8824e+01   1.6700e+01   1.3804e-01   1.4872e-02   2.6179e+02
20261015_00:00:00   2.3747e-01   6.0310e+01   1.6064e+01   9.9668e-02   1.9562e-02   2.6242e+02
20261015_03:00:00   1.4255e-01   3.9283e+01   1.5171e+01   5.4312e-04   8.4453e-05   2.6627e+02
20261015_06:00:00   1.3996e-01   3.8625e+01   1.4920e+01   0.0000e+00   0.0000e+00   2.6581e+02
20261015_09:00:00   1.4542e-01   3.9904e+01   1.5510e+01   0.0000e+00   0.0000e+00   2.6673e+02
20261015_12:00:00   1.4591e-01   3.9986e+01   1.5385e+01   2.7780e-05   4.7880e-05   2.6571e+02
20261015_15:00:00   1.4123e-01   3.8902e+01   1.4813e+01   0.0000e+00   0.0000e+00   2.6607e+02
20261015_18:00:00   1.4415e-01   3.9596e+01   1.5204e+01   0.0000e+00   0.0000e+00   2.6355e+02
20261015_21:00:00   2.2710e-01   5.7982e+01   1.6823e+01   8.1532e-02   2.7138e-02   2.6525e+02
20261016_00:00:00   1.8438e-01   4.8768e+01   1.7114e+01   3.3831e-02   2.8361e-02   2.6279e+02
20261016_03:00:00   1.5954e-01   4.3098e+01   1.7195e+01   5.1756e-03   1.1606e-02   2.6095e+02
20261016_06:00:00   1.4650e-01   4.0091e+01   1.6072e+01   4.9560e-04   1.1116e-05   2.5993e+02
