#            date       tau255        Tb[K]      pwv[mm] lwp[kg*m^-2] iwp[kg*m^-2]       o3[DU]
20260808_00:00:00   2.5949e-01   6.6532e+01   2.7601e+01   3.8279e-02   6.0021e-03   3.0574e+02
20260808_01:00:00   3.1226e-01   7.7280e+01   2.8495e+01   8.9522e-02   1.5908e-02   3.0532e+02
20260808_02:00:00   2.3038e-01   6.0405e+01   2.7376e+01   6.5796e-03   1.7173e-03   3.0494e+02
20260808_03:00:00   2.3028e-01   6.0426e+01   2.7886e+01   9.6800e-05   6.8720e-05   3.0185e+02
20260808_04:00:00   2.2206e-01   5.8647e+01   2.6771e+01   0.0000e+00   5.3140e-05   3.0358e+02
20260808_05:00:00   2.4398e-01   6.3418e+01   2.8456e+01   4.1860e-03   8.8160e-05   3.0698e+02
20260808_06:00:00   2.2882e-01   6.0051e+01   2.7598e+01   1.3802e-03   2.5716e-04   3.0338e+02
20260808_07:00:00   2.1979e-01   5.7653e+01   2.5797e+01   1.5112e-02   2.5211e-02   3.0451e+02
20260808_08:00:00   1.8812e-01   5.0481e+01   2.3884e+01   0.0000e+00   2.7470e-02   3.0250e+02
20260808_09:00:00   1.8935e-01   5.0741e+01   2.4052e+01   0.0000e+00   5.1633e-02   3.0210e+02
20260808_10:00:00   1.9935e-01   5.3042e+01   2.5102e+01   0.0000e+00   5.2288e-02   3.0037e+02
20260808_11:00:00   2.0834e-01   5.5072e+01   2.6027e+01   0.0000e+00   9.3169e-03   3.0128e+02
20260808_12:00:00   2.0948e-01   5.5288e+01   2.6077e+01   0.0000e+00   7.4426e-03   3.0101e+02
20260808_13:00:00   2.0209e-01   5.3687e+01   2.5084e+01   0.0000e+00   6.6232e-03   3.0240e+02
20260808_14:00:00   1.9430e-01   5.2033e+01   2.3936e+01   0.0000e+00   6.5350e-04   3.0376e+02
20260808_15:00:00   1.9636e-01   5.2569e+01   2.4159e+01   0.0000e+00   2.4801e-04   3.0275e+02
20260808_16:00:00   1.9742e-01   5.2805e+01   2.4377e+01   0.0000e+00   6.3240e-05   3.0269e+02
20260808_17:00:00   1.9630e-01   5.2514e+01   2.4264e+01   0.0000e+00   0.0000e+00   3.0303e+02
20260808_18:00:00   1.9778e-01   5.2850e+01   2.4391e+01   0.0000e+00   0.0000e+00   3.0294e+02
20260808_19:00:00   1.9971e-01   5.3381e+01   2.4382e+01   0.0000e+00   0.0000e+00   3.0246e+02
20260808_20:00:00   1.9799e-01   5.3033e+01   2.4107e+01   0.0000e+00   0.0000e+00   3.0399e+02
20260808_21:00:00   2.0312e-01   5.4202e+01   2.4777e+01   0.0000e+00   0.0000e+00   3.0326e+02
20260808_22:00:00   2.1228e-01   5.6235e+01   2.5595e+01   2.7580e-03   2.5580e-05   3.0354e+02
20260808_23:00:00   2.4293e-01   6.2946e+01   2.5805e+01   3.5258e-02   2.1060e-04   3.0098e+02
20260809_00:00:00   6.3712e-01   1.3165e+02   2.6490e+01   4.7444e-01   5.7273e-03   2.9978e+02
20260809_01:00:00   4.3741e-01   9.9972e+01   2.5802e+01   2.5428e-01   6.4566e-02   2.9936e+02
20260809_02:00:00   2.0476e-01   5.4794e+01   2.4692e+01   6.7080e-04   1.5138e-05   3.0178e+02
20260809_03:00:00   4.0529e-01   9.4931e+01   2.6068e+01   2.1401e-01   4.4000e-05   3.0268e+02
20260809_04:00:00   6.1766e-01   1.2946e+02   2.7102e+01   4.4540e-01   2.9322e-04   3.0265e+02
20260809_05:00:00   2.3796e-01   6.1946e+01   2.4084e+01   4.1977e-02   1.0635e-04   3.0218e+02
20260809_06:00:00   4.4371e-01   1.0130e+02   2.7144e+01   2.4647e-01   8.0181e-02   2.9940e+02
20260809_07:00:00   2.5552e-01   6.5481e+01   2.7929e+01   2.8955e-02   8.8207e-02   2.9854e+02
20260809_08:00:00   2.1086e-01   5.5825e+01   2.5252e+01   6.2878e-03   5.3393e-02   2.9669e+02
20260809_09:00:00   1.8803e-01   5.0759e+01   2.2886e+01   5.8820e-06   1.3698e-02   2.9698e+02
20260809_10:00:00   1.9291e-01   5.1936e+01   2.3008e+01   0.0000e+00   1.8552e-02   2.9451e+02
20260809_11:00:00   1.9975e-01   5.3570e+01   2.3322e+01   0.0000e+00   2.1085e-03   2.9636e+02
20260809_12:00:00   1.9298e-01   5.2073e+01   2.2352e+01   0.0000e+00   0.0000e+00   2.9738e+02
20260809_13:00:00   1.8804e-01   5.0946e+01   2.1749e+01   0.0000e+00   0.0000e+00   2.9884e+02
20260809_14:00:00   1.7833e-01   4.8746e+01   2.0391e+01   0.0000e+00   0.0000e+00   2.9942e+02
20260809_15:00:00   1.7371e-01   4.7720e+01   1.9539e+01   0.0000e+00   0.0000e+00   2.9910e+02
20260809_16:00:00   1.7088e-01   4.7069e+01   1.8959e+01   0.0000e+00   0.0000e+00   3.0050e+02
20260809_17:00:00   1.6328e-01   4.5282e+01   1.8028e+01   0.0000e+00   0.0000e+00   3.0329e+02
20260809_18:00:00   1.6402e-01   4.5486e+01   1.8087e+01   0.0000e+00   0.0000e+00   3.0348e+02
20260809_19:00:00   1.7389e-01   4.7863e+01   1.9170e+01   0.0000e+00   0.0000e+00   2.9954e+02
20260809_20:00:00   1.8559e-01   5.0602e+01   2.0789e+01   0.0000e+00   0.0000e+00   2.9865e+02
20260809_21:00:00   2.0463e-01   5.4796e+01   2.3183e+01   4.7316e-03   3.3000e-05   3.0052e+02
20260809_22:00:00   2.2264e-01   5.8678e+01   2.3938e+01   2.2538e-02   3.0243e-04   3.0145e+02
20260809_23:00:00   1.9242e-01   5.2025e+01   2.2931e+01   0.0000e+00   0.0000e+00   2.9769e+02
20260810_00:00:00   3.3935e-01   8.2477e+01   2.4859e+01   1.5106e-01   2.2369e-03   2.9792e+02
20260810_01:00:00   6.6255e-01   1.3467e+02   2.6667e+01   5.0128e-01   2.6579e-02   3.0060e+02
20260810_02:00:00   6.2389e-01   1.2945e+02   2.9729e+01   4.2531e-01   2.6594e-01   2.9992e+02
20260810_03:00:00   4.3483e-01   9.9846e+01   2.8077e+01   2.2578e-01   1.8378e-01   3.0025e+02
20260810_04:00:00   6.3846e-01   1.3163e+02   2.8590e+01   4.5226e-01   1.6655e-01   3.0296e+02
20260810_05:00:00   5.2049e-01   1.1386e+02   2.9072e+01   3.1223e-01   6.7359e-02   3.0497e+02
20260810_06:00:00   2.3461e-01   6.1279e+01   2.7681e+01   5.0249e-03   4.6407e-02   3.0305e+02
20260810_07:00:00   2.7998e-01   7.0718e+01   2.7709e+01   5.5315e-02   4.3574e-03   3.0229e+02
20260810_08:00:00   2.1675e-01   5.7387e+01   2.5784e+01   0.0000e+00   2.7599e-03   3.0015e+02
20260810_09:00:00   2.1783e-01   5.7678e+01   2.5327e+01   0.0000e+00   2.8356e-03   2.9852e+02
20260810_10:00:00   2.0997e-01   5.5925e+01   2.4006e+01   0.0000e+00   7.7078e-04   2.9873e+02
20260810_11:00:00   2.0504e-01   5.4795e+01   2.3327e+01   0.0000e+00   2.7943e-04   2.9924e+02
20260810_12:00:00   1.9740e-01   5.3038e+01   2.2478e+01   0.0000e+00   0.0000e+00   2.9731e+02
20260810_13:00:00   1.9013e-01   5.1361e+01   2.1610e+01   0.0000e+00   0.0000e+00   2.9949e+02
20260810_14:00:00   1.8871e-01   5.0996e+01   2.1497e+01   0.0000e+00   0.0000e+00   3.0064e+02
20260810_15:00:00   1.8924e-01   5.1072e+01   2.1769e+01   0.0000e+00   0.0000e+00   3.0047e+02
20260810_16:00:00   1.9064e-01   5.1382e+01   2.2003e+01   0.0000e+00   0.0000e+00   3.0117e+02
20260810_17:00:00   1.9932e-01   5.3378e+01   2.2856e+01   0.0000e+00   0.0000e+00   3.0303e+02
20260810_18:00:00   2.0594e-01   5.4935e+01   2.3477e+01   0.0000e+00   0.0000e+00   3.0779e+02
20260810_19:00:00   2.1206e-01   5.6411e+01   2.3927e+01   0.0000e+00   0.0000e+00   3.0772e+02
20260810_20:00:00   2.1939e-01   5.8141e+01   2.4652e+01   0.0000e+00   0.0000e+00   3.0337e+02
20260810_21:00:00   2.3546e-01   6.1718e+01   2.6432e+01   1.0446e-03   0.0000e+00   3.0198e+02
20260810_22:00:00   2.6814e-01   6.8869e+01   2.6415e+01   3.8097e-02   0.0000e+00   3.0181e+02
20260810_23:00:00   2.5977e-01   6.7001e+01   2.6608e+01   2.7902e-02   4.0187e-02   3.0339e+02
20260811_00:00:00   3.3261e-01   8.1396e+01   2.6712e+01   1.1413e-01   2.0664e-01   3.0053e+02
20260811_01:00:00   4.3896e-01   1.0191e+02   3.2404e+01   1.8636e-01   4.2549e-01   2.9890e+02
20260811_02:00:00   3.2915e-01   7.9921e+01   3.1464e+01   7.6219e-02   9.1917e-01   2.9627e+02
20260811_03:00:00   4.3711e-01   9.9405e+01   3.2696e+01   1.8277e-01   1.4204e+00   2.9587e+02
20260811_04:00:00   2.8391e-01   7.0319e+01   2.8926e+01   4.7411e-02   1.4282e+00   2.9726e+02
20260811_05:00:00   2.2236e-01   5.7785e+01   2.7157e+01   1.8521e-03   7.1878e-01   2.9922e+02
20260811_06:00:00   2.1475e-01   5.6411e+01   2.6236e+01   2.8182e-03   2.4109e-01   2.9999e+02
20260811_07:00:00   2.4294e-01   6.2591e+01   2.5373e+01   3.7891e-02   1.5963e-02   2.9884e+02
20260811_08:00:00   2.1765e-01   5.7174e+01   2.6216e+01   0.0000e+00   3.0011e-03   2.9503e+02
20260811_09:00:00   2.1896e-01   5.7432e+01   2.6559e+01   0.0000e+00   4.9650e-03   2.9715e+02
20260811_10:00:00   2.2112e-01   5.7965e+01   2.6522e+01   0.0000e+00   3.2532e-03   3.0075e+02
20260811_11:00:00   2.1659e-01   5.7057e+01   2.5466e+01   0.0000e+00   2.7437e-03   3.0172e+02
20260811_12:00:00   2.1621e-01   5.6960e+01   2.5404e+01   0.0000e+00   1.4960e-03   3.0108e+02
20260811_13:00:00   2.1817e-01   5.7375e+01   2.5471e+01   0.0000e+00   5.8960e-04   3.0311e+02
20260811_14:00:00   2.1925e-01   5.7558e+01   2.5516e+01   0.0000e+00   4.2842e-05   3.0307e+02
20260811_15:00:00   2.1421e-01   5.6481e+01   2.4820e+01   0.0000e+00   0.0000e+00   3.0312e+02
20260811_16:00:00   2.1902e-01   5.7550e+01   2.5321e+01   0.0000e+00   1.8804e-05   3.0302e+02
20260811_17:00:00   2.2365e-01   5.8551e+01   2.5904e+01   0.0000e+00   9.1980e-05   3.0190e+02
20260811_18:00:00   2.2709e-01   5.9355e+01   2.6137e+01   0.0000e+00   0.0000e+00   3.0206e+02
20260811_19:00:00   2.2929e-01   5.9892e+01   2.6207e+01   0.0000e+00   0.0000e+00   3.0215e+02
20260811_20:00:00   2.3056e-01   6.0225e+01   2.6389e+01   0.0000e+00   0.0000e+00   3.0310e+02
20260811_21:00:00   2.3262e-01   6.0725e+01   2.6671e+01   0.0000e+00   0.0000e+00   3.0289e+02
20260811_22:00:00   2.3358e-01   6.0996e+01   2.6770e+01   1.5684e-05   0.0000e+00   3.0106e+02
20260811_23:00:00   2.2893e-01   6.0054e+01   2.6239e+01   0.0000e+00   0.0000e+00   3.0090e+02
20260812_00:00:00   2.3387e-01   6.1147e+01   2.6841e+01   0.0000e+00   0.0000e+00   3.0169e+02
20260812_01:00:00   2.3623e-01   6.1666e+01   2.7043e+01   0.0000e+00   0.0000e+00   3.0159e+02
20260812_02:00:00   2.2747e-01   5.9758e+01   2.6206e+01   0.0000e+00   0.0000e+00   3.0182e+02
20260812_03:00:00   2.1932e-01   5.7946e+01   2.5379e+01   0.0000e+00   0.0000e+00   2.9999e+02
20260812_04:00:00   2.2464e-01   5.9060e+01   2.6192e+01   0.0000e+00   1.6272e-04   3.0191e+02
20260812_05:00:00   2.4842e-01   6.4120e+01   2.8805e+01   0.0000e+00   1.6625e-02   3.0170e+02
20260812_06:00:00   2.5510e-01   6.5386e+01   3.0191e+01   3.9220e-06   1.2248e-01   2.9866e+02
20260812_07:00:00   2.5902e-01   6.6064e+01   3.0194e+01   8.4081e-03   2.6015e-01   2.9651e+02
20260812_08:00:00   3.4074e-01   8.2495e+01   3.0583e+01   9.7001e-02   9.3567e-02   2.9702e+02
20260812_09:00:00   2.8665e-01   7.1760e+01   3.0334e+01   3.8158e-02   3.6903e-02   2.9689e+02
20260812_10:00:00   2.4320e-01   6.2613e+01   2.9437e+01   2.3049e-03   1.1720e-01   2.9538e+02
20260812_11:00:00   2.5601e-01   6.5425e+01   3.0221e+01   4.7980e-03   5.0986e-02   2.9606e+02
20260812_12:00:00   2.6892e-01   6.8147e+01   3.0592e+01   1.3274e-02   6.5137e-03   2.9658e+02
20260812_13:00:00   2.6977e-01   6.8309e+01   3.0389e+01   1.5630e-02   3.5308e-03   2.9608e+02
20260812_14:00:00   2.6664e-01   6.7667e+01   3.0257e+01   1.2583e-02   4.6832e-03   2.9813e+02
20260812_15:00:00   2.4788e-01   6.3747e+01   2.9430e+01   0.0000e+00   1.6038e-03   2.9879e+02
20260812_16:00:00   2.4470e-01   6.3034e+01   2.9176e+01   0.0000e+00   1.0812e-03   2.9922e+02
20260812_17:00:00   2.4450e-01   6.2997e+01   2.9166e+01   0.0000e+00   6.4191e-03   3.0036e+02
20260812_18:00:00   2.6662e-01   6.7833e+01   3.0837e+01   2.3660e-03   2.7277e-02   3.0138e+02
20260812_19:00:00   3.2486e-01   8.0049e+01   3.2383e+01   5.3260e-02   3.6701e-02   2.9883e+02
20260812_20:00:00   6.3374e-01   1.3411e+02   3.3828e+01   4.1010e-01   1.0532e-02   2.9884e+02
20260812_21:00:00   1.1380e+00   1.9262e+02   3.5263e+01   9.8758e-01   1.1678e-02   3.0015e+02
20260812_22:00:00   2.1122e+00   2.4415e+02   3.7322e+01   2.0714e+00   9.7822e-01   2.9853e+02
20260812_23:00:00   8.9640e-01   1.6383e+02   3.3906e+01   7.0569e-01   1.1571e+00   2.9514e+02
20260813_00:00:00   3.0148e-01   7.5262e+01   2.7541e+01   8.4873e-02   3.9679e-01   2.9445e+02
20260813_03:00:00   2.2367e-01   5.8679e+01   2.5984e+01   3.2040e-06   2.6381e-01   2.9532e+02
20260813_06:00:00   2.0649e-01   5.4874e+01   2.3886e+01   0.0000e+00   1.9440e-02   2.9821e+02
20260813_09:00:00   2.1522e-01   5.6683e+01   2.4883e+01   0.0000e+00   6.7823e-03   2.9770e+02
20260813_12:00:00   2.0122e-01   5.3630e+01   2.2657e+01   0.0000e+00   1.3870e-02   2.9869e+02
20260813_15:00:00   1.9843e-01   5.2989e+01   2.1782e+01   0.0000e+00   1.0592e-02   2.9790e+02
20260813_18:00:00   1.9202e-01   5.1431e+01   2.1627e+01   0.0000e+00   1.4848e-04   2.9888e+02
20260813_21:00:00   2.0300e-01   5.3974e+01   2.3418e+01   8.7280e-05   2.2081e-05   2.9727e+02
20260814_00:00:00   2.0234e-01   5.3984e+01   2.3405e+01   0.0000e+00   1.2066e-04   2.9666e+02
20260814_03:00:00   1.8134e-01   4.8986e+01   2.1572e+01   0.0000e+00   3.5256e-04   2.9695e+02
20260814_06:00:00   1.6965e-01   4.6174e+01   2.0423e+01   0.0000e+00   5.7560e-05   2.9523e+02
20260814_09:00:00   1.7491e-01   4.7304e+01   2.1105e+01   0.0000e+00   8.0460e-04   2.9543e+02
20260814_12:00:00   1.8054e-01   4.8587e+01   2.1481e+01   0.0000e+00   4.0880e-04   2.9511e+02
20260814_15:00:00   1.6843e-01   4.5729e+01   2.0158e+01   0.0000e+00   1.9606e-06   2.9508e+02
20260814_18:00:00   1.7314e-01   4.6858e+01   2.0797e+01   0.0000e+00   2.0480e-05   2.9612e+02
20260814_21:00:00   1.9132e-01   5.1190e+01   2.3014e+01   0.0000e+00   7.8420e-07   2.9371e+02
20260815_00:00:00   1.9151e-01   5.1283e+01   2.3227e+01   0.0000e+00   1.9606e-06   2.9280e+02
20260815_03:00:00   1.8718e-01   5.0239e+01   2.2859e+01   0.0000e+00   3.4600e-04   2.8982e+02
20260815_06:00:00   1.8816e-01   5.0467e+01   2.2950e+01   0.0000e+00   2.9863e-04   2.9317e+02
20260815_09:00:00   1.9528e-01   5.2009e+01   2.3804e+01   0.0000e+00   1.0596e-02   2.9349e+02
20260815_12:00:00   2.1460e-01   5.6307e+01   2.5654e+01   2.6120e-03   1.5244e-02   2.9390e+02
20260815_15:00:00   2.5367e-01   6.4708e+01   2.7097e+01   3.2541e-02   3.4062e-03   2.9281e+02
20260815_18:00:00   2.2352e-01   5.8348e+01   2.7360e+01   9.8020e-06   3.2378e-04   2.9171e+02
20260815_21:00:00   2.3840e-01   6.1760e+01   2.8624e+01   2.1901e-03   3.6503e-04   2.9391e+02
20260816_00:00:00   7.4822e-01   1.4725e+02   3.0359e+01   5.6537e-01   3.5728e-03   2.9190e+02
20260816_03:00:00   4.3043e-01   9.8861e+01   2.9340e+01   2.1518e-01   2.3340e-02   2.9268e+02
20260816_06:00:00   2.3498e-01   6.1153e+01   2.8471e+01   0.0000e+00   2.7397e-03   2.9505e+02
20260816_09:00:00   3.0026e-01   7.4729e+01   3.0078e+01   5.4315e-02   3.9931e-03   2.9550e+02
20260816_12:00:00   2.6951e-01   6.8300e+01   2.9015e+01   3.4650e-02   5.1971e-03   2.9585e+02
20260816_15:00:00   2.4801e-01   6.3847e+01   2.8864e+01   7.7980e-03   2.2608e-04   2.9712e+02
20260816_18:00:00   2.2406e-01   5.8763e+01   2.6881e+01   0.0000e+00   2.5260e-05   2.9722e+02
20260816_21:00:00   2.3966e-01   6.2297e+01   2.8058e+01   6.1975e-03   3.6240e-05   2.9705e+02
20260817_00:00:00   2.2394e-01   5.8707e+01   2.5815e+01   9.9127e-03   2.5012e-01   2.9411e+02
20260817_03:00:00   4.2583e-01   9.8194e+01   2.9386e+01   1.9853e-01   9.2730e-02   2.9562e+02
20260817_06:00:00   2.0041e-01   5.3579e+01   2.3210e+01   0.0000e+00   4.1265e-04   2.9577e+02
20260817_09:00:00   1.9598e-01   5.2557e+01   2.2774e+01   0.0000e+00   0.0000e+00   2.9585e+02
20260817_12:00:00   2.0152e-01   5.3562e+01   2.4133e+01   0.0000e+00   0.0000e+00   2.9550e+02
20260817_15:00:00   1.9600e-01   5.2362e+01   2.3105e+01   0.0000e+00   5.8820e-06   2.9699e+02
20260817_18:00:00   1.9919e-01   5.3166e+01   2.3236e+01   0.0000e+00   2.6920e-05   2.9694e+02
20260817_21:00:00   4.2712e-01   9.8238e+01   2.7577e+01   2.2224e-01   3.4379e-02   2.9329e+02
20260818_00:00:00   3.2976e-01   8.0466e+01   2.8176e+01   1.1300e-01   4.8000e-01   2.9311e+02
20260818_03:00:00   2.5841e-01   6.5928e+01   2.9258e+01   2.0554e-02   3.6481e-01   2.9163e+02
20260818_06:00:00   3.5008e-01   8.4058e+01   3.1187e+01   1.0137e-01   2.3344e-01   2.9297e+02
20260818_09:00:00   2.5138e-01   6.4301e+01   2.9654e+01   5.1738e-03   6.7907e-02   2.9322e+02
20260818_12:00:00   2.3298e-01   6.0453e+01   2.7314e+01   9.2620e-06   3.5977e-03   2.9442e+02
20260818_15:00:00   2.1675e-01   5.6881e+01   2.5714e+01   0.0000e+00   9.9798e-04   2.9683e+02
20260818_18:00:00   2.2481e-01   5.8719e+01   2.6608e+01   0.0000e+00   7.2680e-05   2.9588e+02
20260818_21:00:00   3.3315e-01   8.1818e+01   2.9797e+01   8.8480e-02   4.6320e-05   2.9396e+02
20260819_00:00:00   2.0736e-01   5.5235e+01   2.3919e+01   0.0000e+00   0.0000e+00   2.9361e+02
20260819_03:00:00   2.1659e-01   5.7346e+01   2.4449e+01   0.0000e+00   5.2027e-04   2.9579e+02
20260819_06:00:00   2.1101e-01   5.5877e+01   2.4864e+01   0.0000e+00   6.5755e-03   2.9628e+02
20260819_09:00:00   2.2382e-01   5.8608e+01   2.6292e+01   0.0000e+00   7.6536e-04   2.9431e+02
20260819_12:00:00   2.2223e-01   5.8212e+01   2.6095e+01   0.0000e+00   4.4877e-03   2.9522e+02
20260819_15:00:00   2.2025e-01   5.7635e+01   2.6494e+01   0.0000e+00   2.0696e-03   2.9694e+02
20260819_18:00:00   2.3314e-01   6.0643e+01   2.7170e+01   3.0740e-04   1.6591e-04   2.9717e+02
20260819_21:00:00   4.2297e-01   9.8721e+01   2.8758e+01   1.9934e-01   5.1830e-03   2.9444e+02
20260820_00:00:00   9.8021e-01   1.7439e+02   3.3738e+01   7.9005e-01   6.6788e-01   2.9089e+02
20260820_03:00:00   2.6050e-01   6.6306e+01   3.0856e+01   1.3072e-03   4.2060e-01   2.9310e+02
20260820_06:00:00   2.7400e-01   6.8911e+01   2.9045e+01   3.6096e-02   4.6493e-01   2.9220e+02
20260820_09:00:00   1.9741e-01   5.2386e+01   2.4209e+01   0.0000e+00   4.1683e-02   2.9508e+02
20260820_12:00:00   1.8873e-01   5.0478e+01   2.2689e+01   0.0000e+00   2.6943e-02   2.9745e+02
20260820_15:00:00   1.9045e-01   5.0860e+01   2.2785e+01   0.0000e+00   2.7544e-02   2.9844e+02
20260820_18:00:00   1.9737e-01   5.2589e+01   2.3033e+01   0.0000e+00   4.8061e-06   2.9727e+02
20260820_21:00:00   2.3668e-01   6.1493e+01   2.6793e+01   5.5420e-03   6.4100e-03   2.9653e+02
20260821_00:00:00   2.0986e-01   5.5462e+01   2.4819e+01   5.0480e-04   2.7334e-02   2.9496e+02
20260821_03:00:00   2.0133e-01   5.3321e+01   2.4529e+01   0.0000e+00   1.9204e-01   2.9315e+02
20260821_06:00:00   2.0021e-01   5.3044e+01   2.4359e+01   0.0000e+00   1.4594e-02   2.9409e+02
20260821_09:00:00   1.9882e-01   5.2847e+01   2.3664e+01   0.0000e+00   2.3835e-02   2.9259e+02
20260821_12:00:00   1.8878e-01   5.0689e+01   2.1850e+01   0.0000e+00   1.6896e-03   2.9551e+02
20260821_15:00:00   1.8871e-01   5.0697e+01   2.1629e+01   0.0000e+00   1.8526e-05   2.9183e+02
20260821_18:00:00   2.0054e-01   5.3474e+01   2.2829e+01   0.0000e+00   1.0188e-04   2.8993e+02
20260821_21:00:00   2.2818e-01   5.9806e+01   2.5601e+01   2.2340e-03   0.0000e+00   2.9196e+02
20260822_00:00:00   3.0236e-01   7.5535e+01   2.4611e+01   1.0135e-01   1.8526e-05   2.9138e+02
20260822_03:00:00   2.4292e-01   6.2942e+01   2.6292e+01   1.8522e-02   9.8726e-02   2.8944e+02
20260822_06:00:00   1.9559e-01   5.2445e+01   2.2562e+01   0.0000e+00   7.0354e-03   2.8886e+02
20260822_09:00:00   1.8907e-01   5.0827e+01   2.2072e+01   0.0000e+00   1.6759e-02   2.8890e+02
20260822_12:00:00   1.8693e-01   5.0156e+01   2.2231e+01   0.0000e+00   2.3222e-02   2.8752e+02
20260822_15:00:00   1.8740e-01   5.0138e+01   2.2618e+01   0.0000e+00   8.7223e-02   2.8875e+02
20260822_18:00:00   1.9155e-01   5.1192e+01   2.2851e+01   0.0000e+00   4.8339e-04   2.8869e+02
20260822_21:00:00   2.2267e-01   5.8450e+01   2.5998e+01   1.0196e-04   4.6844e-04   2.8620e+02
20260823_00:00:00   2.4688e-01   6.3954e+01   2.6048e+01   2.4725e-02   6.5353e-03   2.8850e+02
20260823_03:00:00   2.7393e-01   6.9441e+01   2.8398e+01   3.7677e-02   1.2897e-01   2.8767e+02
20260823_06:00:00   2.2123e-01   5.8072e+01   2.6097e+01   0.0000e+00   1.2418e-02   2.9075e+02
20260823_09:00:00   2.0959e-01   5.5486e+01   2.4286e+01   0.0000e+00   0.0000e+00   2.8858e+02
20260823_12:00:00   2.0038e-01   5.3457e+01   2.2843e+01   0.0000e+00   0.0000e+00   2.8891e+02
20260823_15:00:00   1.9551e-01   5.2245e+01   2.2583e+01   0.0000e+00   0.0000e+00   2.9178e+02
20260823_18:00:00   1.9258e-01   5.1684e+01   2.1882e+01   0.0000e+00   0.0000e+00   2.9045e+02
20260823_21:00:00   1.9779e-01   5.3032e+01   2.2253e+01   0.0000e+00   0.0000e+00   2.8998e+02
20260824_00:00:00   2.2393e-01   5.9032e+01   2.3098e+01   2.1058e-02   0.0000e+00   2.8974e+02
