#            date       tau255        Tb[K]      pwv[mm] lwp[kg*m^-2] iwp[kg*m^-2]       o3[DU]
20260909_00:00:00   9.6627e-02   2.7742e+01   9.7989e+00   2.0482e-02   4.4376e-03   2.6040e+02
20260909_01:00:00   8.0814e-02   2.3720e+01   8.9033e+00   8.6540e-03   2.9524e-03   2.5913e+02
20260909_02:00:00   6.8679e-02   2.0585e+01   8.0211e+00   1.1463e-03   1.3282e-03   2.5816e+02
20260909_03:00:00   6.4487e-02   1.9497e+01   7.4928e+00   2.0259e-04   5.0089e-04   2.5647e+02
20260909_04:00:00   6.3319e-02   1.9186e+01   7.3214e+00   2.5400e-04   8.6993e-05   2.5682e+02
20260909_05:00:00   6.2485e-02   1.8967e+01   7.1672e+00   4.8530e-04   5.9363e-05   2.5625e+02
20260909_06:00:00   6.1187e-02   1.8635e+01   6.9811e+00   8.2330e-05   2.0539e-05   2.5743e+02
20260909_07:00:00   6.0912e-02   1.8573e+01   6.8352e+00   5.9140e-04   6.8567e-05   2.5888e+02
20260909_08:00:00   6.1648e-02   1.8771e+01   6.8219e+00   1.4560e-03   1.7372e-05   2.5769e+02
20260909_09:00:00   6.0952e-02   1.8588e+01   6.8159e+00   5.8900e-04   1.4979e-05   2.5886e+02
20260909_10:00:00   6.0624e-02   1.8487e+01   6.8624e+00   4.9960e-06   0.0000e+00   2.6177e+02
20260909_11:00:00   6.0619e-02   1.8485e+01   6.8423e+00   0.0000e+00   0.0000e+00   2.6232e+02
20260909_12:00:00   6.0575e-02   1.8466e+01   6.8222e+00   1.1220e-05   1.1590e-06   2.6175e+02
20260909_13:00:00   5.9821e-02   1.8275e+01   6.6626e+00   2.9590e-05   0.0000e+00   2.5636e+02
20260909_14:00:00   5.8222e-02   1.7868e+01   6.3688e+00   1.9430e-05   4.0101e-06   2.5528e+02
20260909_15:00:00   5.6938e-02   1.7535e+01   6.1284e+00   0.0000e+00   7.5210e-06   2.5854e+02
20260909_16:00:00   5.5555e-02   1.7181e+01   5.8725e+00   0.0000e+00   7.2820e-06   2.5815e+02
20260909_17:00:00   5.4690e-02   1.6954e+01   5.7071e+00   0.0000e+00   3.2030e-06   2.5808e+02
20260909_18:00:00   5.3909e-02   1.6758e+01   5.5301e+00   0.0000e+00   0.0000e+00   2.5956e+02
20260909_19:00:00   5.2966e-02   1.6522e+01   5.3036e+00   2.9920e-05   0.0000e+00   2.6355e+02
20260909_20:00:00   5.3272e-02   1.6616e+01   5.2269e+00   5.5860e-04   1.1504e-06   2.6439e+02
20260909_21:00:00   6.2577e-02   1.9069e+01   5.3867e+00   9.4800e-03   9.5340e-06   2.6298e+02
20260909_22:00:00   1.4612e-01   4.0023e+01   5.6074e+00   1.0576e-01   2.3240e-05   2.6456e+02
20260909_23:00:00   1.2609e-01   3.5168e+01   5.7737e+00   8.0229e-02   1.6173e-05   2.6515e+02
20260910_00:00:00   6.3020e-02   1.9198e+01   6.0581e+00   3.3681e-03   3.7712e-05   2.6516e+02
20260910_01:00:00   8.3285e-02   2.4446e+01   6.1868e+00   2.6016e-02   3.7031e-05   2.6598e+02
20260910_02:00:00   1.0920e-01   3.0972e+01   6.5861e+00   5.2381e-02   1.4392e-04   2.6611e+02
20260910_03:00:00   9.1964e-02   2.6655e+01   6.6052e+00   3.1562e-02   7.6795e-04   2.6335e+02
20260910_04:00:00   8.2245e-02   2.4176e+01   6.9136e+00   1.6788e-02   6.0856e-04   2.6376e+02
20260910_05:00:00   9.3040e-02   2.6926e+01   7.0139e+00   2.7688e-02   6.6288e-04   2.6433e+02
20260910_06:00:00   7.2040e-02   2.1556e+01   6.8996e+00   3.0769e-03   2.0412e-04   2.6268e+02
20260910_07:00:00   1.5046e-01   4.1035e+01   6.7775e+00   9.5850e-02   3.0257e-04   2.6430e+02
20260910_08:00:00   2.8287e-01   7.0608e+01   6.7457e+00   2.5157e-01   4.9896e-04   2.6545e+02
20260910_09:00:00   1.0447e-01   2.9783e+01   6.6724e+00   4.2000e-02   4.0192e-04   2.6640e+02
20260910_10:00:00   7.1158e-02   2.1309e+01   6.7624e+00   1.9521e-03   7.5937e-05   2.6608e+02
20260910_11:00:00   7.5260e-02   2.2343e+01   6.9626e+00   5.0173e-03   3.8569e-05   2.6682e+02
20260910_12:00:00   7.2531e-02   2.1622e+01   7.1443e+00   2.4374e-04   5.0565e-05   2.7044e+02
20260910_13:00:00   7.3286e-02   2.1804e+01   7.2326e+00   3.4110e-04   1.5704e-04   2.7026e+02
20260910_14:00:00   7.4652e-02   2.2146e+01   7.3889e+00   8.4328e-04   2.0782e-04   2.6996e+02
20260910_15:00:00   7.3850e-02   2.1946e+01   7.3505e+00   5.0592e-04   1.7849e-04   2.7094e+02
20260910_16:00:00   7.3411e-02   2.1839e+01   7.2806e+00   4.3938e-04   2.0160e-04   2.6883e+02
20260910_17:00:00   7.1857e-02   2.1450e+01   6.9965e+00   7.1346e-04   3.6935e-04   2.6748e+02
20260910_18:00:00   6.7965e-02   2.0470e+01   6.4488e+00   7.9800e-04   2.9976e-04   2.6858e+02
20260910_19:00:00   6.6877e-02   2.0198e+01   6.2011e+00   1.2649e-03   1.9328e-04   2.7074e+02
20260910_20:00:00   6.6511e-02   2.0113e+01   5.9962e+00   2.2910e-03   7.9899e-05   2.7248e+02
20260910_21:00:00   6.9868e-02   2.0976e+01   6.0996e+00   5.0302e-03   3.0420e-05   2.7337e+02
20260910_22:00:00   1.5899e-01   4.2990e+01   6.1124e+00   1.0951e-01   2.4280e-05   2.7254e+02
20260910_23:00:00   2.3482e-01   6.0236e+01   6.3074e+00   1.9736e-01   7.5770e-06   2.7182e+02
20260911_00:00:00   6.8068e-02   2.0499e+01   6.5101e+00   4.3755e-04   6.7150e-06   2.6926e+02
20260911_01:00:00   7.0305e-02   2.1073e+01   6.7732e+00   7.5166e-04   9.2030e-07   2.6574e+02
20260911_02:00:00   7.1563e-02   2.1399e+01   6.7724e+00   2.3080e-03   3.2630e-06   2.6432e+02
20260911_03:00:00   6.7305e-02   2.0305e+01   6.4793e+00   3.0610e-05   1.3443e-06   2.6510e+02
20260911_04:00:00   6.7411e-02   2.0325e+01   6.5027e+00   0.0000e+00   3.2630e-06   2.6516e+02
20260911_05:00:00   6.8882e-02   2.0693e+01   6.7112e+00   5.6010e-05   8.0960e-06   2.6833e+02
20260911_06:00:00   6.9640e-02   2.0885e+01   6.7814e+00   7.4670e-07   0.0000e+00   2.6642e+02
20260911_07:00:00   6.9926e-02   2.0955e+01   6.7657e+00   2.1080e-07   2.5906e-06   2.6769e+02
20260911_08:00:00   6.9964e-02   2.0961e+01   6.7394e+00   4.3890e-07   1.6318e-06   2.6660e+02
20260911_09:00:00   6.8131e-02   2.0486e+01   6.4682e+00   0.0000e+00   6.1900e-06   2.6663e+02
20260911_10:00:00   6.6357e-02   2.0026e+01   6.2347e+00   0.0000e+00   1.0560e-05   2.6849e+02
20260911_11:00:00   6.4395e-02   1.9514e+01   5.9794e+00   0.0000e+00   9.0300e-06   2.7038e+02
20260911_12:00:00   6.1877e-02   1.8866e+01   5.6387e+00   0.0000e+00   5.5545e-06   2.7087e+02
20260911_13:00:00   5.9393e-02   1.8227e+01   5.3022e+00   0.0000e+00   5.1820e-06   2.7116e+02
20260911_14:00:00   5.7337e-02   1.7699e+01   5.0172e+00   0.0000e+00   1.0504e-05   2.7332e+02
20260911_15:00:00   5.5949e-02   1.7342e+01   4.8188e+00   0.0000e+00   6.9225e-05   2.7246e+02
20260911_16:00:00   5.6092e-02   1.7378e+01   4.8211e+00   0.0000e+00   9.5160e-05   2.7119e+02
20260911_17:00:00   5.5662e-02   1.7266e+01   4.7469e+00   0.0000e+00   6.2040e-05   2.7226e+02
20260911_18:00:00   5.5064e-02   1.7111e+01   4.6632e+00   0.0000e+00   1.0580e-04   2.7283e+02
20260911_19:00:00   5.3792e-02   1.6782e+01   4.4835e+00   0.0000e+00   1.7082e-04   2.7139e+02
20260911_20:00:00   5.3174e-02   1.6621e+01   4.3959e+00   0.0000e+00   2.4012e-04   2.7346e+02
20260911_21:00:00   5.3159e-02   1.6619e+01   4.3927e+00   3.4220e-05   1.6280e-04   2.7295e+02
20260911_22:00:00   5.2868e-02   1.6545e+01   4.3369e+00   1.5280e-04   3.3820e-05   2.6970e+02
20260911_23:00:00   5.2703e-02   1.6501e+01   4.3067e+00   1.8690e-04   8.0960e-06   2.7002e+02
20260912_00:00:00   5.4921e-02   1.7069e+01   4.6763e+00   2.2880e-04   8.0960e-06   2.6817e+02
20260912_01:00:00   6.0630e-02   1.8531e+01   5.5608e+00   8.0050e-04   0.0000e+00   2.7085e+02
20260912_02:00:00   6.0762e-02   1.8576e+01   5.4296e+00   1.3190e-03   0.0000e+00   2.7132e+02
20260912_03:00:00   5.5735e-02   1.7290e+01   4.4929e+00   2.5800e-03   0.0000e+00   2.7323e+02
20260912_04:00:00   4.8286e-02   1.5347e+01   3.6556e+00   7.3740e-05   0.0000e+00   2.7555e+02
20260912_05:00:00   4.6662e-02   1.4917e+01   3.4128e+00   1.2390e-06   0.0000e+00   2.7620e+02
20260912_06:00:00   4.6569e-02   1.4889e+01   3.4117e+00   0.0000e+00   2.8750e-06   2.7651e+02
20260912_07:00:00   4.5745e-02   1.4674e+01   3.2686e+00   0.0000e+00   3.8160e-06   2.7744e+02
20260912_08:00:00   4.5522e-02   1.4614e+01   3.2211e+00   0.0000e+00   5.1820e-06   2.7757e+02
20260912_09:00:00   4.5367e-02   1.4571e+01   3.1912e+00   0.0000e+00   0.0000e+00   2.7739e+02
20260912_10:00:00   4.5295e-02   1.4549e+01   3.1753e+00   0.0000e+00   0.0000e+00   2.7624e+02
20260912_11:00:00   4.5214e-02   1.4524e+01   3.1636e+00   0.0000e+00   0.0000e+00   2.7671e+02
20260912_12:00:00   4.5301e-02   1.4544e+01   3.1871e+00   0.0000e+00   0.0000e+00   2.7632e+02
20260912_13:00:00   4.6179e-02   1.4769e+01   3.3334e+00   0.0000e+00   0.0000e+00   2.7637e+02
20260912_14:00:00   4.7079e-02   1.4997e+01   3.4839e+00   0.0000e+00   0.0000e+00   2.7552e+02
20260912_15:00:00   4.7475e-02   1.5098e+01   3.5721e+00   0.0000e+00   0.0000e+00   2.7554e+02
20260912_16:00:00   4.8784e-02   1.5434e+01   3.8045e+00   0.0000e+00   0.0000e+00   2.7433e+02
20260912_17:00:00   4.9900e-02   1.5722e+01   3.9833e+00   0.0000e+00   0.0000e+00   2.7419e+02
20260912_18:00:00   4.9885e-02   1.5721e+01   3.9779e+00   0.0000e+00   0.0000e+00   2.7349e+02
20260912_19:00:00   4.8943e-02   1.5476e+01   3.8313e+00   0.0000e+00   0.0000e+00   2.7407e+02
20260912_20:00:00   4.8477e-02   1.5359e+01   3.7629e+00   0.0000e+00   0.0000e+00   2.7283e+02
20260912_21:00:00   4.8018e-02   1.5247e+01   3.6897e+00   2.8070e-06   0.0000e+00   2.7205e+02
20260912_22:00:00   4.6393e-02   1.4827e+01   3.4372e+00   3.5100e-07   0.0000e+00   2.7372e+02
20260912_23:00:00   4.5377e-02   1.4556e+01   3.2954e+00   2.6780e-06   0.0000e+00   2.7587e+02
20260913_00:00:00   4.6938e-02   1.4962e+01   3.5954e+00   2.3310e-05   0.0000e+00   2.7612e+02
20260913_01:00:00   4.9171e-02   1.5546e+01   3.9805e+00   2.2500e-06   0.0000e+00   2.7816e+02
20260913_02:00:00   5.0659e-02   1.5938e+01   4.1934e+00   9.4850e-06   0.0000e+00   2.7950e+02
20260913_03:00:00   5.1837e-02   1.6241e+01   4.3794e+00   0.0000e+00   0.0000e+00   2.7977e+02
20260913_04:00:00   5.4386e-02   1.6891e+01   4.8075e+00   0.0000e+00   0.0000e+00   2.8109e+02
20260913_05:00:00   5.7016e-02   1.7563e+01   5.2581e+00   0.0000e+00   0.0000e+00   2.8167e+02
20260913_06:00:00   5.9900e-02   1.8300e+01   5.7480e+00   0.0000e+00   0.0000e+00   2.8128e+02
20260913_07:00:00   6.1754e-02   1.8769e+01   6.0258e+00   0.0000e+00   0.0000e+00   2.8082e+02
20260913_08:00:00   6.0260e-02   1.8381e+01   5.8327e+00   0.0000e+00   0.0000e+00   2.7941e+02
20260913_09:00:00   5.8887e-02   1.8019e+01   5.6619e+00   0.0000e+00   0.0000e+00   2.7914e+02
20260913_10:00:00   5.8225e-02   1.7842e+01   5.6011e+00   0.0000e+00   0.0000e+00   2.7763e+02
20260913_11:00:00   5.8123e-02   1.7812e+01   5.5779e+00   0.0000e+00   0.0000e+00   2.7655e+02
20260913_12:00:00   5.7635e-02   1.7687e+01   5.4894e+00   0.0000e+00   0.0000e+00   2.7527e+02
20260913_13:00:00   5.6632e-02   1.7429e+01   5.3313e+00   0.0000e+00   0.0000e+00   2.7482e+02
20260913_14:00:00   5.3783e-02   1.6707e+01   4.7878e+00   0.0000e+00   0.0000e+00   2.7277e+02
20260913_15:00:00   5.1018e-02   1.6007e+01   4.2360e+00   0.0000e+00   0.0000e+00   2.7236e+02
20260913_16:00:00   4.9669e-02   1.5666e+01   3.9703e+00   0.0000e+00   0.0000e+00   2.7269e+02
20260913_17:00:00   4.8482e-02   1.5365e+01   3.7545e+00   0.0000e+00   0.0000e+00   2.7427e+02
20260913_18:00:00   4.7818e-02   1.5199e+01   3.6238e+00   0.0000e+00   0.0000e+00   2.7404e+02
20260913_19:00:00   4.7572e-02   1.5139e+01   3.5876e+00   0.0000e+00   0.0000e+00   2.7365e+02
20260913_20:00:00   4.8019e-02   1.5257e+01   3.6857e+00   0.0000e+00   0.0000e+00   2.7303e+02
20260913_21:00:00   4.9431e-02   1.5622e+01   3.9220e+00   0.0000e+00   0.0000e+00   2.7484e+02
20260913_22:00:00   5.2389e-02   1.6393e+01   4.3402e+00   2.9810e-04   0.0000e+00   2.7508e+02
20260913_23:00:00   5.6682e-02   1.7501e+01   4.7942e+00   2.2692e-03   0.0000e+00   2.7423e+02
20260914_00:00:00   6.4407e-02   1.9480e+01   5.6550e+00   5.2920e-03   0.0000e+00   2.7294e+02
20260914_03:00:00   1.4155e-01   3.8227e+01   9.8205e+00   6.0962e-02   4.7945e-04   2.6983e+02
20260914_06:00:00   2.5302e-01   6.3000e+01   1.0634e+01   1.8026e-01   9.4339e-03   2.6923e+02
20260914_09:00:00   1.0092e-01   2.8539e+01   9.1542e+00   1.8835e-02   3.5718e-05   2.6597e+02
20260914_12:00:00   7.3250e-02   2.1672e+01   7.6784e+00   1.3318e-04   0.0000e+00   2.6655e+02
20260914_15:00:00   6.6306e-02   1.9926e+01   6.6314e+00   0.0000e+00   0.0000e+00   2.6731e+02
20260914_18:00:00   6.0007e-02   1.8340e+01   5.6064e+00   0.0000e+00   0.0000e+00   2.6990e+02
20260914_21:00:00   5.6763e-02   1.7527e+01   5.0816e+00   1.7200e-05   0.0000e+00   2.6995e+02
20260915_00:00:00   7.5693e-02   2.2397e+01   5.8230e+00   1.6622e-02   0.0000e+00   2.6852e+02
20260915_03:00:00   1.0468e-01   2.9706e+01   7.0035e+00   4.1705e-02   0.0000e+00   2.6812e+02
20260915_06:00:00   1.0931e-01   3.0805e+01   7.0100e+00   4.7547e-02   5.3260e-06   2.7181e+02
20260915_09:00:00   6.3033e-02   1.9119e+01   6.1171e+00   1.7312e-03   0.0000e+00   2.6837e+02
20260915_12:00:00   5.3209e-02   1.6575e+01   4.9064e+00   0.0000e+00   0.0000e+00   2.6906e+02
20260915_15:00:00   4.8604e-02   1.5372e+01   4.1499e+00   0.0000e+00   0.0000e+00   2.6542e+02
20260915_18:00:00   4.6641e-02   1.4855e+01   3.8258e+00   0.0000e+00   0.0000e+00   2.6596e+02
20260915_21:00:00   4.7794e-02   1.5161e+01   3.9820e+00   0.0000e+00   0.0000e+00   2.7007e+02
20260916_00:00:00   6.5538e-02   1.9798e+01   6.3520e+00   2.5990e-03   0.0000e+00   2.7142e+02
20260916_03:00:00   6.5334e-02   1.9727e+01   6.6717e+00   6.5135e-04   1.8796e-22   2.7321e+02
20260916_06:00:00   5.6556e-02   1.7457e+01   5.2999e+00   9.4543e-04   0.0000e+00   2.7508e+02
20260916_09:00:00   5.9152e-02   1.8128e+01   5.8037e+00   0.0000e+00   0.0000e+00   2.7157e+02
20260916_12:00:00   6.2746e-02   1.9046e+01   6.3171e+00   0.0000e+00   0.0000e+00   2.6996e+02
20260916_15:00:00   6.3630e-02   1.9255e+01   6.5275e+00   0.0000e+00   0.0000e+00   2.7022e+02
20260916_18:00:00   6.8636e-02   2.0531e+01   7.3337e+00   0.0000e+00   0.0000e+00   2.7005e+02
20260916_21:00:00   7.7409e-02   2.2766e+01   8.6336e+00   3.8490e-05   0.0000e+00   2.7087e+02
20260917_00:00:00   8.3125e-02   2.4207e+01   9.2382e+00   2.7642e-03   0.0000e+00   2.7053e+02
20260917_03:00:00   8.0550e-02   2.3564e+01   8.7545e+00   4.8600e-03   0.0000e+00   2.7501e+02
20260917_06:00:00   7.0931e-02   2.1096e+01   7.9647e+00   2.0940e-06   0.0000e+00   2.7700e+02
20260917_09:00:00   6.8954e-02   2.0565e+01   7.7012e+00   0.0000e+00   0.0000e+00   2.7659e+02
20260917_12:00:00   6.4088e-02   1.9307e+01   7.0159e+00   0.0000e+00   0.0000e+00   2.7437e+02
20260917_15:00:00   5.9956e-02   1.8265e+01   6.2096e+00   0.0000e+00   0.0000e+00   2.7351e+02
20260917_18:00:00   5.8547e-02   1.7908e+01   5.9337e+00   0.0000e+00   0.0000e+00   2.7556e+02
20260917_21:00:00   5.8492e-02   1.7912e+01   5.8529e+00   0.0000e+00   0.0000e+00   2.7975e+02
20260918_00:00:00   6.1428e-02   1.8681e+01   6.1776e+00   9.9630e-07   0.0000e+00   2.7850e+02
20260918_03:00:00   6.0645e-02   1.8476e+01   6.1050e+00   0.0000e+00   0.0000e+00   2.7662e+02
20260918_06:00:00   6.0922e-02   1.8527e+01   6.1812e+00   0.0000e+00   0.0000e+00   2.7589e+02
20260918_09:00:00   6.0539e-02   1.8417e+01   6.0975e+00   0.0000e+00   0.0000e+00   2.7482e+02
20260918_12:00:00   6.0687e-02   1.8428e+01   6.1426e+00   0.0000e+00   0.0000e+00   2.7278e+02
20260918_15:00:00   6.0494e-02   1.8362e+01   6.1020e+00   0.0000e+00   0.0000e+00   2.7431e+02
20260918_18:00:00   6.0757e-02   1.8419e+01   6.1461e+00   0.0000e+00   0.0000e+00   2.7583e+02
20260918_21:00:00   6.1631e-02   1.8637e+01   6.2564e+00   1.8220e-06   0.0000e+00   2.7854e+02
20260919_00:00:00   6.9308e-02   2.0638e+01   6.3400e+00   6.7700e-03   5.3260e-06   2.7697e+02
20260919_03:00:00   7.3828e-02   2.1782e+01   6.7852e+00   7.8852e-03   6.6580e-06   2.7659e+02
20260919_06:00:00   6.6318e-02   1.9841e+01   6.6072e+00   4.6620e-04   4.6740e-04   2.7811e+02
20260919_09:00:00   6.1944e-02   1.8715e+01   6.0444e+00   0.0000e+00   1.4658e-04   2.7869e+02
20260919_12:00:00   5.8379e-02   1.7806e+01   5.4739e+00   0.0000e+00   0.0000e+00   2.7686e+02
20260919_15:00:00   5.5787e-02   1.7140e+01   5.0295e+00   0.0000e+00   0.0000e+00   2.7731e+02
20260919_18:00:00   5.5680e-02   1.7111e+01   4.9793e+00   0.0000e+00   0.0000e+00   2.8000e+02
20260919_21:00:00   5.7453e-02   1.7586e+01   5.0191e+00   1.5106e-03   0.0000e+00   2.7953e+02
20260920_00:00:00   1.1056e-01   3.0949e+01   7.0757e+00   4.8585e-02   0.0000e+00   2.7491e+02
20260920_03:00:00   7.2798e-02   2.1490e+01   7.1161e+00   4.1013e-03   0.0000e+00   2.7237e+02
20260920_06:00:00   5.8930e-02   1.7975e+01   5.4573e+00   7.8640e-05   0.0000e+00   2.7754e+02
20260920_09:00:00   5.5776e-02   1.7156e+01   5.0067e+00   0.0000e+00   4.1920e-05   2.7719e+02
20260920_12:00:00   5.3276e-02   1.6491e+01   4.7327e+00   0.0000e+00   2.9840e-03   2.7488e+02
20260920_15:00:00   5.2584e-02   1.6299e+01   4.6272e+00   0.0000e+00   5.2700e-03   2.7128e+02
20260920_18:00:00   5.1531e-02   1.6028e+01   4.4681e+00   0.0000e+00   4.6816e-04   2.7308e+02
20260920_21:00:00   5.2692e-02   1.6331e+01   4.6288e+00   1.6203e-04   1.7178e-03   2.7218e+02
20260921_00:00:00   8.9981e-02   2.5831e+01   6.9994e+00   2.7308e-02   2.0374e-03   2.7133e+02
20260921_03:00:00   7.2237e-02   2.1240e+01   8.1711e+00   1.3490e-06   2.3141e-03   2.7315e+02
20260921_06:00:00   6.4575e-02   1.9318e+01   6.9305e+00   0.0000e+00   2.4186e-04   2.7399e+02
20260921_09:00:00   6.6064e-02   1.9679e+01   7.2063e+00   0.0000e+00   1.1585e-04   2.7621e+02
20260921_12:00:00   6.0548e-02   1.8259e+01   6.3843e+00   0.0000e+00   3.5432e-05   2.7197e+02
20260921_15:00:00   5.5704e-02   1.7025e+01   5.6031e+00   0.0000e+00   1.5126e-04   2.6978e+02
20260921_18:00:00   5.6717e-02   1.7269e+01   5.8376e+00   0.0000e+00   3.5520e-05   2.7260e+02
20260921_21:00:00   5.9768e-02   1.8045e+01   6.3960e+00   0.0000e+00   1.0607e-03   2.7297e+02
20260922_00:00:00   6.9076e-02   2.0438e+01   7.1792e+00   5.1043e-03   1.0546e-04   2.7073e+02
20260922_03:00:00   6.5003e-02   1.9383e+01   7.3068e+00   2.2530e-05   8.1348e-04   2.7099e+02
20260922_06:00:00   6.1388e-02   1.8476e+01   6.6944e+00   1.2510e-04   4.2250e-03   2.7558e+02
20260922_09:00:00   6.0200e-02   1.8177e+01   6.4937e+00   0.0000e+00   9.2506e-04   2.7370e+02
20260922_12:00:00   5.8701e-02   1.7797e+01   6.2274e+00   0.0000e+00   4.5820e-05   2.7466e+02
20260922_15:00:00   5.6534e-02   1.7263e+01   5.7423e+00   0.0000e+00   0.0000e+00   2.7447e+02
20260922_18:00:00   5.3918e-02   1.6613e+01   5.2394e+00   0.0000e+00   0.0000e+00   2.7557e+02
20260922_21:00:00   5.0721e-02   1.5813e+01   4.6339e+00   2.1110e-05   0.0000e+00   2.7580e+02
20260923_00:00:00   7.4892e-02   2.2147e+01   4.5511e+00   2.8216e-02   0.0000e+00   2.7567e+02
20260923_03:00:00   4.9639e-02   1.5624e+01   3.7349e+00   3.5583e-03   0.0000e+00   2.7570e+02
20260923_06:00:00   4.3797e-02   1.4116e+01   3.0636e+00   7.2900e-05   0.0000e+00   2.7726e+02
20260923_09:00:00   3.5724e-02   1.1998e+01   1.4708e+00   0.0000e+00   0.0000e+00   2.7914e+02
20260923_12:00:00   3.3973e-02   1.1528e+01   1.1321e+00   0.0000e+00   0.0000e+00   2.7867e+02
20260923_15:00:00   3.4577e-02   1.1682e+01   1.2788e+00   0.0000e+00   0.0000e+00   2.7551e+02
20260923_18:00:00   3.5106e-02   1.1824e+01   1.4069e+00   0.0000e+00   0.0000e+00   2.7712e+02
20260923_21:00:00   3.5684e-02   1.1974e+01   1.5512e+00   0.0000e+00   0.0000e+00   2.7751e+02
20260924_00:00:00   3.7760e-02   1.2519e+01   1.9198e+00   3.7290e-04   0.0000e+00   2.7623e+02
20260924_03:00:00   3.6694e-02   1.2234e+01   1.7481e+00   5.2490e-04   0.0000e+00   2.7753e+02
20260924_06:00:00   3.6751e-02   1.2237e+01   1.8627e+00   0.0000e+00   0.0000e+00   2.7976e+02
20260924_09:00:00   3.6794e-02   1.2235e+01   1.8789e+00   0.0000e+00   0.0000e+00   2.8058e+02
20260924_12:00:00   3.7285e-02   1.2348e+01   2.0115e+00   0.0000e+00   0.0000e+00   2.7408e+02
20260924_15:00:00   3.7576e-02   1.2423e+01   2.0566e+00   0.0000e+00   0.0000e+00   2.7515e+02
20260924_18:00:00   3.8382e-02   1.2636e+01   2.2055e+00   0.0000e+00   0.0000e+00   2.7450e+02
20260924_21:00:00   3.8699e-02   1.2721e+01   2.2712e+00   8.9690e-06   0.0000e+00   2.7583e+02
20260925_00:00:00   4.0425e-02   1.3165e+01   2.6287e+00   2.1870e-04   0.0000e+00   2.7370e+02
