#            date       tau255        Tb[K]      pwv[mm] lwp[kg*m^-2] iwp[kg*m^-2]       o3[DU]
20260930_00:00:00   5.7136e-02   1.7633e+01   5.1313e+00   1.9859e-03   0.0000e+00   2.5489e+02
20260930_01:00:00   6.1717e-02   1.8808e+01   6.0523e+00   2.6110e-04   0.0000e+00   2.5378e+02
20260930_02:00:00   9.6391e-02   2.7663e+01   6.9121e+00   3.4420e-02   0.0000e+00   2.5546e+02
20260930_03:00:00   8.9476e-02   2.5890e+01   7.5918e+00   2.1142e-02   0.0000e+00   2.5512e+02
20260930_04:00:00   7.0153e-02   2.0948e+01   7.4976e+00   1.4710e-05   0.0000e+00   2.5357e+02
20260930_05:00:00   6.6550e-02   2.0032e+01   6.9629e+00   4.4620e-06   0.0000e+00   2.5406e+02
20260930_06:00:00   6.5385e-02   1.9741e+01   6.7126e+00   2.2800e-05   0.0000e+00   2.5358e+02
20260930_07:00:00   6.4529e-02   1.9535e+01   6.4180e+00   6.8090e-04   0.0000e+00   2.5285e+02
20260930_08:00:00   6.1163e-02   1.8677e+01   5.9560e+00   0.0000e+00   0.0000e+00   2.5083e+02
20260930_09:00:00   5.9615e-02   1.8275e+01   5.7038e+00   0.0000e+00   0.0000e+00   2.4910e+02
20260930_10:00:00   5.9148e-02   1.8153e+01   5.6776e+00   0.0000e+00   0.0000e+00   2.5011e+02
20260930_11:00:00   5.9892e-02   1.8339e+01   5.8275e+00   0.0000e+00   0.0000e+00   2.5426e+02
20260930_12:00:00   6.1890e-02   1.8843e+01   6.1419e+00   0.0000e+00   0.0000e+00   2.5890e+02
20260930_13:00:00   6.3744e-02   1.9310e+01   6.4265e+00   0.0000e+00   0.0000e+00   2.6100e+02
20260930_14:00:00   6.5692e-02   1.9800e+01   6.7915e+00   0.0000e+00   0.0000e+00   2.6050e+02
20260930_15:00:00   6.7300e-02   2.0204e+01   7.1131e+00   0.0000e+00   0.0000e+00   2.5974e+02
20260930_16:00:00   6.7811e-02   2.0333e+01   7.1843e+00   0.0000e+00   0.0000e+00   2.6082e+02
20260930_17:00:00   6.7679e-02   2.0303e+01   7.1327e+00   0.0000e+00   2.6640e-05   2.6259e+02
20260930_18:00:00   6.7881e-02   2.0354e+01   7.1762e+00   0.0000e+00   0.0000e+00   2.6322e+02
20260930_19:00:00   6.8026e-02   2.0386e+01   7.2210e+00   0.0000e+00   0.0000e+00   2.6232e+02
20260930_20:00:00   6.7499e-02   2.0249e+01   7.1899e+00   4.0030e-05   0.0000e+00   2.6165e+02
20260930_21:00:00   6.6661e-02   2.0036e+01   7.0787e+00   2.2900e-04   1.7276e-06   2.6100e+02
20260930_22:00:00   6.6864e-02   2.0083e+01   7.1365e+00   5.2720e-04   1.9636e-04   2.6067e+02
20260930_23:00:00   6.9837e-02   2.0836e+01   7.5711e+00   7.7990e-04   2.4580e-04   2.6031e+02
20261001_00:00:00   1.0018e-01   2.8531e+01   8.3300e+00   3.0515e-02   1.5926e-04   2.6030e+02
20261001_01:00:00   7.8477e-02   2.3026e+01   8.8372e+00   9.6870e-04   4.3600e-05   2.5995e+02
20261001_02:00:00   7.8425e-02   2.3023e+01   8.7682e+00   1.2150e-03   0.0000e+00   2.5897e+02
20261001_03:00:00   8.7595e-02   2.5373e+01   8.4922e+00   1.4033e-02   0.0000e+00   2.5909e+02
20261001_04:00:00   8.6414e-02   2.5118e+01   7.4171e+00   2.1489e-02   0.0000e+00   2.5957e+02
20261001_05:00:00   7.4408e-02   2.2071e+01   6.3355e+00   1.5838e-02   0.0000e+00   2.5907e+02
20261001_06:00:00   5.8409e-02   1.7927e+01   5.5295e+00   3.1700e-03   0.0000e+00   2.5965e+02
20261001_07:00:00   5.3044e-02   1.6523e+01   5.0463e+00   1.7530e-04   0.0000e+00   2.6089e+02
20261001_08:00:00   5.1803e-02   1.6202e+01   4.8397e+00   0.0000e+00   0.0000e+00   2.6184e+02
20261001_09:00:00   5.1964e-02   1.6242e+01   4.8608e+00   0.0000e+00   0.0000e+00   2.6265e+02
20261001_10:00:00   5.2363e-02   1.6342e+01   4.9269e+00   0.0000e+00   2.8360e-05   2.6163e+02
20261001_11:00:00   5.2562e-02   1.6389e+01   4.9633e+00   0.0000e+00   9.5400e-06   2.6052e+02
20261001_12:00:00   5.2294e-02   1.6323e+01   4.8798e+00   0.0000e+00   5.2660e-06   2.6010e+02
20261001_13:00:00   5.1434e-02   1.6097e+01   4.7300e+00   0.0000e+00   8.7600e-06   2.5976e+02
20261001_14:00:00   5.0467e-02   1.5839e+01   4.5884e+00   0.0000e+00   0.0000e+00   2.5992e+02
20261001_15:00:00   4.9790e-02   1.5656e+01   4.5145e+00   0.0000e+00   0.0000e+00   2.6063e+02
20261001_16:00:00   4.9539e-02   1.5578e+01   4.5343e+00   0.0000e+00   1.6940e-05   2.6027e+02
20261001_17:00:00   5.0156e-02   1.5721e+01   4.7111e+00   0.0000e+00   0.0000e+00   2.6085e+02
20261001_18:00:00   5.1243e-02   1.5995e+01   4.9542e+00   0.0000e+00   0.0000e+00   2.6159e+02
20261001_19:00:00   5.2849e-02   1.6408e+01   5.2694e+00   0.0000e+00   0.0000e+00   2.6215e+02
20261001_20:00:00   5.3864e-02   1.6666e+01   5.4837e+00   0.0000e+00   0.0000e+00   2.6079e+02
20261001_21:00:00   5.4265e-02   1.6771e+01   5.5622e+00   1.8130e-05   0.0000e+00   2.5942e+02
20261001_22:00:00   5.4752e-02   1.6894e+01   5.6372e+00   1.2620e-04   0.0000e+00   2.5896e+02
20261001_23:00:00   5.4908e-02   1.6954e+01   5.5431e+00   5.0880e-04   0.0000e+00   2.5864e+02
20261002_00:00:00   5.6484e-02   1.7380e+01   5.6022e+00   1.8070e-03   0.0000e+00   2.5819e+02
20261002_01:00:00   6.0276e-02   1.8348e+01   6.1127e+00   3.0750e-03   0.0000e+00   2.5822e+02
20261002_02:00:00   5.9734e-02   1.8211e+01   6.2530e+00   1.2170e-03   0.0000e+00   2.5868e+02
20261002_03:00:00   5.9972e-02   1.8277e+01   6.4508e+00   0.0000e+00   0.0000e+00   2.5803e+02
20261002_04:00:00   6.1006e-02   1.8544e+01   6.6079e+00   2.0070e-04   0.0000e+00   2.5593e+02
20261002_05:00:00   6.2638e-02   1.8962e+01   6.8428e+00   4.4510e-04   0.0000e+00   2.5496e+02
20261002_06:00:00   6.4095e-02   1.9338e+01   7.1253e+00   5.8680e-05   0.0000e+00   2.5478e+02
20261002_07:00:00   6.4839e-02   1.9541e+01   7.1963e+00   9.3560e-07   0.0000e+00   2.5676e+02
20261002_08:00:00   6.4042e-02   1.9360e+01   6.9573e+00   7.2450e-06   0.0000e+00   2.5933e+02
20261002_09:00:00   6.2680e-02   1.9019e+01   6.6893e+00   0.0000e+00   2.0220e-05   2.6117e+02
20261002_10:00:00   6.1977e-02   1.8836e+01   6.5811e+00   0.0000e+00   1.6602e-04   2.6161e+02
20261002_11:00:00   6.1360e-02   1.8667e+01   6.5169e+00   1.3990e-06   2.2140e-04   2.6021e+02
20261002_12:00:00   6.0801e-02   1.8514e+01   6.4514e+00   1.7890e-04   9.9400e-05   2.5898e+02
20261002_13:00:00   5.9791e-02   1.8246e+01   6.3313e+00   1.7930e-04   5.7520e-06   2.5878e+02
20261002_14:00:00   5.9823e-02   1.8245e+01   6.3769e+00   9.8360e-05   0.0000e+00   2.5905e+02
20261002_15:00:00   6.1070e-02   1.8550e+01   6.6844e+00   3.5270e-05   0.0000e+00   2.5858e+02
20261002_16:00:00   6.2604e-02   1.8924e+01   7.0232e+00   0.0000e+00   0.0000e+00   2.5797e+02
20261002_17:00:00   6.3128e-02   1.9060e+01   7.1040e+00   0.0000e+00   0.0000e+00   2.5783e+02
20261002_18:00:00   6.3286e-02   1.9109e+01   7.0997e+00   0.0000e+00   0.0000e+00   2.5847e+02
20261002_19:00:00   6.3217e-02   1.9097e+01   7.0747e+00   0.0000e+00   0.0000e+00   2.5912e+02
20261002_20:00:00   6.3649e-02   1.9209e+01   7.1504e+00   2.4720e-05   0.0000e+00   2.5824e+02
20261002_21:00:00   6.4434e-02   1.9406e+01   7.2531e+00   2.8230e-04   0.0000e+00   2.5665e+02
20261002_22:00:00   6.4556e-02   1.9440e+01   7.2760e+00   3.3090e-04   0.0000e+00   2.5666e+02
20261002_23:00:00   6.4478e-02   1.9422e+01   7.2443e+00   5.4590e-04   0.0000e+00   2.5623e+02
20261003_00:00:00   6.3584e-02   1.9196e+01   7.1192e+00   3.7980e-04   0.0000e+00   2.5537e+02
20261003_01:00:00   6.2794e-02   1.9002e+01   6.9980e+00   1.1320e-04   0.0000e+00   2.5564e+02
20261003_02:00:00   6.4400e-02   1.9415e+01   7.2145e+00   2.8120e-04   0.0000e+00   2.5583e+02
20261003_03:00:00   6.6336e-02   1.9921e+01   7.4538e+00   8.0990e-04   0.0000e+00   2.5611e+02
20261003_04:00:00   6.6078e-02   1.9870e+01   7.3334e+00   1.2170e-03   0.0000e+00   2.5682e+02
20261003_05:00:00   6.5686e-02   1.9756e+01   7.3808e+00   7.5560e-04   0.0000e+00   2.5813e+02
20261003_06:00:00   6.5574e-02   1.9712e+01   7.5112e+00   2.1000e-06   0.0000e+00   2.5875e+02
20261003_07:00:00   6.6533e-02   1.9949e+01   7.6937e+00   0.0000e+00   0.0000e+00   2.5944e+02
20261003_08:00:00   6.6307e-02   1.9898e+01   7.6518e+00   0.0000e+00   0.0000e+00   2.5994e+02
20261003_09:00:00   6.5329e-02   1.9654e+01   7.4696e+00   0.0000e+00   0.0000e+00   2.5780e+02
20261003_10:00:00   6.4354e-02   1.9398e+01   7.3027e+00   0.0000e+00   0.0000e+00   2.5614e+02
20261003_11:00:00   6.3648e-02   1.9215e+01   7.1861e+00   0.0000e+00   0.0000e+00   2.5426e+02
20261003_12:00:00   6.3102e-02   1.9072e+01   7.0885e+00   0.0000e+00   0.0000e+00   2.5252e+02
20261003_13:00:00   6.2549e-02   1.8931e+01   6.9904e+00   0.0000e+00   0.0000e+00   2.5154e+02
20261003_14:00:00   6.2291e-02   1.8860e+01   6.9483e+00   0.0000e+00   0.0000e+00   2.5187e+02
20261003_15:00:00   6.2168e-02   1.8824e+01   6.9189e+00   0.0000e+00   0.0000e+00   2.5162e+02
20261003_16:00:00   6.1919e-02   1.8761e+01   6.8712e+00   0.0000e+00   0.0000e+00   2.5198e+02
20261003_17:00:00   6.1519e-02   1.8664e+01   6.7933e+00   0.0000e+00   0.0000e+00   2.5222e+02
20261003_18:00:00   6.0638e-02   1.8452e+01   6.6171e+00   0.0000e+00   0.0000e+00   2.5344e+02
20261003_19:00:00   5.9963e-02   1.8286e+01   6.4801e+00   0.0000e+00   0.0000e+00   2.5427e+02
20261003_20:00:00   5.9906e-02   1.8270e+01   6.4735e+00   0.0000e+00   0.0000e+00   2.5351e+02
20261003_21:00:00   6.0006e-02   1.8290e+01   6.4952e+00   1.9860e-04   0.0000e+00   2.5540e+02
20261003_22:00:00   6.0515e-02   1.8413e+01   6.5315e+00   6.7170e-04   0.0000e+00   2.5396e+02
20261003_23:00:00   6.2035e-02   1.8812e+01   6.5647e+00   2.3580e-03   0.0000e+00   2.5293e+02
20261004_00:00:00   6.3431e-02   1.9183e+01   6.5707e+00   4.0560e-03   0.0000e+00   2.5375e+02
20261004_01:00:00   6.2428e-02   1.8928e+01   6.4851e+00   3.4150e-03   0.0000e+00   2.5253e+02
20261004_02:00:00   5.9021e-02   1.8031e+01   6.3228e+00   5.4580e-04   0.0000e+00   2.5174e+02
20261004_03:00:00   5.7919e-02   1.7733e+01   6.2325e+00   1.0050e-04   0.0000e+00   2.5298e+02
20261004_04:00:00   5.8468e-02   1.7893e+01   6.0133e+00   2.0650e-03   0.0000e+00   2.5313e+02
20261004_05:00:00   5.5436e-02   1.7108e+01   5.6153e+00   6.6620e-04   0.0000e+00   2.5230e+02
20261004_06:00:00   5.2435e-02   1.6334e+01   5.1264e+00   0.0000e+00   0.0000e+00   2.5522e+02
20261004_07:00:00   5.0703e-02   1.5887e+01   4.7954e+00   0.0000e+00   0.0000e+00   2.5655e+02
20261004_08:00:00   4.9166e-02   1.5488e+01   4.5022e+00   0.0000e+00   0.0000e+00   2.5556e+02
20261004_09:00:00   4.7811e-02   1.5132e+01   4.2438e+00   0.0000e+00   0.0000e+00   2.5625e+02
20261004_10:00:00   4.6599e-02   1.4815e+01   4.0126e+00   0.0000e+00   0.0000e+00   2.5583e+02
20261004_11:00:00   4.5734e-02   1.4587e+01   3.8531e+00   0.0000e+00   0.0000e+00   2.5526e+02
20261004_12:00:00   4.5072e-02   1.4407e+01   3.7442e+00   0.0000e+00   0.0000e+00   2.5483e+02
20261004_13:00:00   4.3994e-02   1.4125e+01   3.5178e+00   0.0000e+00   0.0000e+00   2.5500e+02
20261004_14:00:00   4.3422e-02   1.3971e+01   3.4088e+00   0.0000e+00   0.0000e+00   2.5582e+02
20261004_15:00:00   4.2044e-02   1.3620e+01   3.0886e+00   0.0000e+00   0.0000e+00   2.5688e+02
20261004_16:00:00   4.0810e-02   1.3305e+01   2.7967e+00   0.0000e+00   0.0000e+00   2.5676e+02
20261004_17:00:00   4.0144e-02   1.3131e+01   2.6388e+00   0.0000e+00   0.0000e+00   2.5665e+02
20261004_18:00:00   3.9440e-02   1.2948e+01   2.4773e+00   0.0000e+00   0.0000e+00   2.5765e+02
20261004_19:00:00   3.9349e-02   1.2927e+01   2.4515e+00   0.0000e+00   0.0000e+00   2.5906e+02
20261004_20:00:00   3.9474e-02   1.2957e+01   2.4795e+00   0.0000e+00   0.0000e+00   2.5935e+02
20261004_21:00:00   4.0020e-02   1.3097e+01   2.5921e+00   0.0000e+00   0.0000e+00   2.5951e+02
20261004_22:00:00   4.0450e-02   1.3211e+01   2.6829e+00   0.0000e+00   0.0000e+00   2.5912e+02
20261004_23:00:00   4.0763e-02   1.3296e+01   2.7408e+00   0.0000e+00   2.7640e-05   2.5878e+02
20261005_00:00:00   4.1172e-02   1.3410e+01   2.8163e+00   0.0000e+00   1.6294e-04   2.5965e+02
20261005_03:00:00   4.5679e-02   1.4584e+01   3.7377e+00   0.0000e+00   2.6860e-05   2.5979e+02
20261005_06:00:00   4.8253e-02   1.5233e+01   4.2412e+00   0.0000e+00   0.0000e+00   2.6068e+02
20261005_09:00:00   4.9824e-02   1.5652e+01   4.4485e+00   0.0000e+00   0.0000e+00   2.5876e+02
20261005_12:00:00   4.9075e-02   1.5466e+01   4.2816e+00   0.0000e+00   0.0000e+00   2.5809e+02
20261005_15:00:00   4.6724e-02   1.4867e+01   3.7955e+00   0.0000e+00   0.0000e+00   2.5699e+02
20261005_18:00:00   4.4293e-02   1.4251e+01   3.2752e+00   0.0000e+00   0.0000e+00   2.6152e+02
20261005_21:00:00   4.4474e-02   1.4303e+01   3.3194e+00   0.0000e+00   0.0000e+00   2.6325e+02
20261006_00:00:00   4.5267e-02   1.4514e+01   3.3590e+00   7.0200e-04   0.0000e+00   2.6398e+02
20261006_03:00:00   4.5509e-02   1.4587e+01   3.2921e+00   1.6750e-03   0.0000e+00   2.6124e+02
20261006_06:00:00   4.4108e-02   1.4205e+01   3.2922e+00   0.0000e+00   0.0000e+00   2.6149e+02
20261006_09:00:00   4.3598e-02   1.4073e+01   3.1966e+00   0.0000e+00   0.0000e+00   2.6061e+02
20261006_12:00:00   4.4264e-02   1.4249e+01   3.3134e+00   0.0000e+00   0.0000e+00   2.6041e+02
20261006_15:00:00   4.5554e-02   1.4590e+01   3.5281e+00   0.0000e+00   0.0000e+00   2.6192e+02
20261006_18:00:00   4.6141e-02   1.4745e+01   3.5986e+00   0.0000e+00   0.0000e+00   2.6390e+02
20261006_21:00:00   4.5206e-02   1.4508e+01   3.4275e+00   5.3060e-06   0.0000e+00   2.6629e+02
20261007_00:00:00   4.6165e-02   1.4759e+01   3.5357e+00   4.0860e-04   0.0000e+00   2.6521e+02
20261007_03:00:00   4.4787e-02   1.4398e+01   3.3418e+00   3.0870e-05   0.0000e+00   2.6408e+02
20261007_06:00:00   4.3318e-02   1.4011e+01   3.0816e+00   5.4000e-05   0.0000e+00   2.6399e+02
20261007_09:00:00   4.2453e-02   1.3778e+01   2.9380e+00   0.0000e+00   0.0000e+00   2.6747e+02
20261007_12:00:00   4.2322e-02   1.3725e+01   2.9369e+00   0.0000e+00   0.0000e+00   2.6660e+02
20261007_15:00:00   4.2834e-02   1.3836e+01   3.0555e+00   0.0000e+00   0.0000e+00   2.6537e+02
20261007_18:00:00   4.1962e-02   1.3603e+01   2.8884e+00   0.0000e+00   0.0000e+00   2.6738e+02
20261007_21:00:00   4.0218e-02   1.3151e+01   2.5306e+00   0.0000e+00   0.0000e+00   2.6882e+02
20261008_00:00:00   4.2366e-02   1.3712e+01   2.9368e+00   0.0000e+00   0.0000e+00   2.6559e+02
20261008_03:00:00   4.2860e-02   1.3842e+01   2.9971e+00   2.5650e-04   0.0000e+00   2.6768e+02
20261008_06:00:00   4.2938e-02   1.3862e+01   3.0356e+00   0.0000e+00   2.8760e-06   2.6579e+02
20261008_09:00:00   3.9473e-02   1.2950e+01   2.3966e+00   0.0000e+00   8.3540e-04   2.6599e+02
20261008_12:00:00   3.8147e-02   1.2603e+01   2.1455e+00   0.0000e+00   0.0000e+00   2.6202e+02
20261008_15:00:00   3.7536e-02   1.2445e+01   1.9885e+00   0.0000e+00   2.6640e-05   2.6354e+02
20261008_18:00:00   3.7766e-02   1.2504e+01   2.0111e+00   0.0000e+00   0.0000e+00   2.6398e+02
20261008_21:00:00   3.7618e-02   1.2472e+01   1.9842e+00   0.0000e+00   0.0000e+00   2.6630e+02
20261009_00:00:00   3.8871e-02   1.2790e+01   2.2731e+00   0.0000e+00   0.0000e+00   2.6781e+02
20261009_03:00:00   3.8913e-02   1.2791e+01   2.3592e+00   0.0000e+00   0.0000e+00   2.6861e+02
20261009_06:00:00   4.0202e-02   1.3103e+01   2.7376e+00   0.0000e+00   2.8281e-04   2.6893e+02
20261009_09:00:00   4.3232e-02   1.3867e+01   3.4647e+00   0.0000e+00   1.0157e-02   2.6789e+02
20261009_12:00:00   4.8160e-02   1.5098e+01   4.5733e+00   0.0000e+00   3.1638e-02   2.6876e+02
20261009_15:00:00   5.1171e-02   1.5857e+01   5.1908e+00   0.0000e+00   1.7335e-02   2.6820e+02
20261009_18:00:00   5.8047e-02   1.7568e+01   6.5096e+00   0.0000e+00   6.0369e-02   2.6841e+02
20261009_21:00:00   6.2641e-02   1.8710e+01   7.3765e+00   0.0000e+00   5.3722e-02   2.6978e+02
20261010_00:00:00   6.5680e-02   1.9461e+01   7.9579e+00   4.0750e-06   8.0637e-02   2.6642e+02
20261010_03:00:00   6.8882e-02   2.0274e+01   8.5309e+00   9.9680e-06   7.4968e-02   2.6417e+02
20261010_06:00:00   6.7337e-02   1.9923e+01   8.2089e+00   1.4560e-04   1.2510e-02   2.6548e+02
20261010_09:00:00   6.4995e-02   1.9356e+01   7.8008e+00   1.5980e-06   3.1632e-03   2.6668e+02
20261010_12:00:00   6.3792e-02   1.9030e+01   7.5571e+00   0.0000e+00   1.3498e-03   2.6610e+02
20261010_15:00:00   6.1500e-02   1.8465e+01   7.1226e+00   0.0000e+00   5.3819e-04   2.6487e+02
20261010_18:00:00   6.0475e-02   1.8229e+01   6.8548e+00   0.0000e+00   0.0000e+00   2.6654e+02
20261010_21:00:00   6.0919e-02   1.8327e+01   6.9296e+00   0.0000e+00   8.6280e-06   2.6777e+02
20261011_00:00:00   6.2392e-02   1.8705e+01   7.1686e+00   1.8760e-04   3.2239e-03   2.6628e+02
20261011_03:00:00   6.1057e-02   1.8403e+01   6.8443e+00   1.0870e-04   2.7393e-05   2.6784e+02
20261011_06:00:00   6.0245e-02   1.8265e+01   6.4421e+00   0.0000e+00   1.4380e-06   2.6668e+02
20261011_09:00:00   5.6634e-02   1.7420e+01   5.4282e+00   0.0000e+00   1.9194e-03   2.6488e+02
20261011_12:00:00   5.2764e-02   1.6421e+01   4.6784e+00   0.0000e+00   1.9579e-03   2.6580e+02
20261011_15:00:00   5.0523e-02   1.5829e+01   4.2908e+00   0.0000e+00   0.0000e+00   2.6845e+02
20261011_18:00:00   4.8145e-02   1.5204e+01   3.9941e+00   0.0000e+00   0.0000e+00   2.6724e+02
20261011_21:00:00   4.7795e-02   1.5107e+01   4.0129e+00   0.0000e+00   0.0000e+00   2.6637e+02
20261012_00:00:00   5.3873e-02   1.6674e+01   4.9761e+00   1.0990e-03   0.0000e+00   2.6251e+02
20261012_03:00:00   5.4054e-02   1.6708e+01   5.2280e+00   4.9470e-04   0.0000e+00   2.6179e+02
20261012_06:00:00   5.6514e-02   1.7329e+01   5.7635e+00   2.3040e-06   0.0000e+00   2.6274e+02
20261012_09:00:00   6.3063e-02   1.9015e+01   6.8385e+00   0.0000e+00   0.0000e+00   2.6126e+02
20261012_12:00:00   6.6467e-02   1.9869e+01   7.3904e+00   0.0000e+00   0.0000e+00   2.6116e+02
20261012_15:00:00   6.7800e-02   2.0219e+01   7.5660e+00   0.0000e+00   0.0000e+00   2.6154e+02
20261012_18:00:00   6.7691e-02   2.0217e+01   7.5069e+00   0.0000e+00   0.0000e+00   2.6444e+02
20261012_21:00:00   6.3131e-02   1.9061e+01   6.8097e+00   0.0000e+00   0.0000e+00   2.6401e+02
20261013_00:00:00   6.0205e-02   1.8294e+01   6.3900e+00   9.4870e-05   0.0000e+00   2.6282e+02
20261013_03:00:00   6.5407e-02   1.9645e+01   6.6762e+00   4.1562e-03   0.0000e+00   2.6136e+02
20261013_06:00:00   6.3595e-02   1.9149e+01   6.9502e+00   3.5480e-05   0.0000e+00   2.6177e+02
20261013_09:00:00   6.6385e-02   1.9833e+01   7.4310e+00   0.0000e+00   0.0000e+00   2.6500e+02
20261013_12:00:00   6.8822e-02   2.0444e+01   7.7602e+00   0.0000e+00   0.0000e+00   2.6627e+02
20261013_15:00:00   7.2593e-02   2.1380e+01   8.3004e+00   0.0000e+00   0.0000e+00   2.6430e+02
20261013_18:00:00   7.0908e-02   2.0967e+01   8.0769e+00   0.0000e+00   0.0000e+00   2.6510e+02
20261013_21:00:00   7.0860e-02   2.0942e+01   8.1470e+00   0.0000e+00   0.0000e+00   2.6732e+02
20261014_00:00:00   7.7263e-02   2.2501e+01   9.1664e+00   2.1530e-05   1.1552e-05   2.6485e+02
20261014_03:00:00   7.9026e-02   2.2910e+01   9.5190e+00   2.8340e-06   0.0000e+00   2.6549e+02
20261014_06:00:00   8.6190e-02   2.4640e+01   1.0585e+01   0.0000e+00   6.2636e-05   2.6947e+02
20261014_09:00:00   9.4134e-02   2.6610e+01   1.1484e+01   0.0000e+00   4.6580e-05   2.7010e+02
20261014_12:00:00   9.7380e-02   2.7411e+01   1.1769e+01   0.0000e+00   8.5080e-04   2.7050e+02
20261014_15:00:00   9.2524e-02   2.6217e+01   1.1174e+01   0.0000e+00   2.2772e-04   2.7035e+02
20261014_18:00:00   8.8919e-02   2.5288e+01   1.0904e+01   0.0000e+00   2.6407e-03   2.7179e+02
20261014_21:00:00   9.8205e-02   2.7561e+01   1.2253e+01   3.9190e-04   8.5939e-03   2.7263e+02
20261015_00:00:00   1.1069e-01   3.0526e+01   1.3918e+01   2.1996e-04   2.3934e-01   2.6815e+02
20261015_03:00:00   9.9994e-02   2.7968e+01   1.2606e+01   1.2020e-04   9.6058e-02   2.6501e+02
20261015_06:00:00   9.7157e-02   2.7309e+01   1.2268e+01   0.0000e+00   3.9654e-02   2.6544e+02
20261015_09:00:00   9.4643e-02   2.6733e+01   1.1867e+01   0.0000e+00   1.8890e-02   2.6467e+02
20261015_12:00:00   9.1586e-02   2.5996e+01   1.1400e+01   0.0000e+00   1.2086e-02   2.6604e+02
20261015_15:00:00   9.4419e-02   2.6655e+01   1.1887e+01   0.0000e+00   1.0464e-02   2.6780e+02
20261015_18:00:00   9.8013e-02   2.7540e+01   1.2402e+01   0.0000e+00   2.4211e-02   2.6819e+02
20261015_21:00:00   1.0236e-01   2.8632e+01   1.2930e+01   4.0420e-07   4.6471e-03   2.6875e+02
20261016_00:00:00   1.4421e-01   3.8779e+01   1.4703e+01   3.3012e-02   1.1629e-01   2.6586e+02
