#            date       tau255        Tb[K]      pwv[mm] lwp[kg*m^-2] iwp[kg*m^-2]       o3[DU]
20260727_12:00:00   3.5766e-02   1.2033e+01   1.6286e+00   0.0000e+00   0.0000e+00   2.6990e+02
20260727_13:00:00   3.5545e-02   1.1971e+01   1.5831e+00   0.0000e+00   0.0000e+00   2.7151e+02
20260727_14:00:00   3.5400e-02   1.1934e+01   1.5553e+00   0.0000e+00   0.0000e+00   2.7100e+02
20260727_15:00:00   3.5420e-02   1.1940e+01   1.5635e+00   0.0000e+00   0.0000e+00   2.6960e+02
20260727_16:00:00   3.5675e-02   1.2004e+01   1.6155e+00   0.0000e+00   0.0000e+00   2.6783e+02
20260727_17:00:00   3.5892e-02   1.2061e+01   1.6496e+00   0.0000e+00   0.0000e+00   2.6550e+02
20260727_18:00:00   3.5834e-02   1.2047e+01   1.6292e+00   0.0000e+00   0.0000e+00   2.6809e+02
20260727_19:00:00   3.5766e-02   1.2030e+01   1.5981e+00   0.0000e+00   0.0000e+00   2.7097e+02
20260727_20:00:00   3.5470e-02   1.1956e+01   1.5296e+00   0.0000e+00   0.0000e+00   2.7260e+02
20260727_21:00:00   3.5460e-02   1.1959e+01   1.5159e+00   0.0000e+00   0.0000e+00   2.7262e+02
20260727_22:00:00   3.5558e-02   1.1990e+01   1.5282e+00   0.0000e+00   0.0000e+00   2.7030e+02
20260727_23:00:00   3.5717e-02   1.2037e+01   1.5550e+00   0.0000e+00   0.0000e+00   2.7009e+02
20260728_00:00:00   3.7117e-02   1.2421e+01   1.7314e+00   4.7150e-04   0.0000e+00   2.7159e+02
20260728_01:00:00   3.7123e-02   1.2430e+01   1.5808e+00   1.4610e-03   0.0000e+00   2.7029e+02
20260728_02:00:00   3.6341e-02   1.2222e+01   1.4344e+00   1.4190e-03   0.0000e+00   2.6921e+02
20260728_03:00:00   3.4567e-02   1.1745e+01   1.2681e+00   3.1220e-04   0.0000e+00   2.6718e+02
20260728_04:00:00   3.4070e-02   1.1613e+01   1.2195e+00   0.0000e+00   0.0000e+00   2.6471e+02
20260728_05:00:00   3.4098e-02   1.1621e+01   1.2233e+00   0.0000e+00   0.0000e+00   2.6467e+02
20260728_06:00:00   3.4115e-02   1.1626e+01   1.2276e+00   0.0000e+00   0.0000e+00   2.6411e+02
20260728_07:00:00   3.4447e-02   1.1714e+01   1.2932e+00   1.5200e-05   0.0000e+00   2.6455e+02
20260728_08:00:00   3.5106e-02   1.1890e+01   1.4202e+00   1.0610e-05   0.0000e+00   2.6838e+02
20260728_09:00:00   3.5348e-02   1.1949e+01   1.4675e+00   5.4510e-06   0.0000e+00   2.6970e+02
20260728_10:00:00   3.5176e-02   1.1900e+01   1.4443e+00   0.0000e+00   0.0000e+00   2.6979e+02
20260728_11:00:00   3.4984e-02   1.1844e+01   1.4136e+00   0.0000e+00   0.0000e+00   2.6858e+02
20260728_12:00:00   3.4707e-02   1.1768e+01   1.3706e+00   0.0000e+00   0.0000e+00   2.6817e+02
20260728_13:00:00   3.4611e-02   1.1740e+01   1.3614e+00   0.0000e+00   0.0000e+00   2.6894e+02
20260728_14:00:00   3.4755e-02   1.1774e+01   1.3985e+00   0.0000e+00   0.0000e+00   2.6647e+02
20260728_15:00:00   3.5278e-02   1.1909e+01   1.5165e+00   0.0000e+00   0.0000e+00   2.6934e+02
20260728_16:00:00   3.5830e-02   1.2051e+01   1.6329e+00   0.0000e+00   0.0000e+00   2.6865e+02
20260728_17:00:00   3.6171e-02   1.2143e+01   1.6883e+00   0.0000e+00   0.0000e+00   2.7135e+02
20260728_18:00:00   3.6083e-02   1.2120e+01   1.6643e+00   0.0000e+00   0.0000e+00   2.7383e+02
20260728_19:00:00   3.5989e-02   1.2097e+01   1.6481e+00   0.0000e+00   0.0000e+00   2.7735e+02
20260728_20:00:00   3.5960e-02   1.2088e+01   1.6550e+00   0.0000e+00   0.0000e+00   2.7730e+02
20260728_21:00:00   3.6771e-02   1.2306e+01   1.8067e+00   1.0050e-04   0.0000e+00   2.7664e+02
20260728_22:00:00   4.2616e-02   1.3869e+01   2.6992e+00   8.1710e-04   0.0000e+00   2.7808e+02
20260728_23:00:00   4.5921e-02   1.4749e+01   3.1244e+00   1.4164e-03   0.0000e+00   2.7630e+02
20260729_00:00:00   1.1454e-01   3.2366e+01   4.3076e+00   7.4100e-02   1.4380e-06   2.7331e+02
20260729_01:00:00   7.2354e-02   2.1655e+01   5.1510e+00   1.8881e-02   1.6194e-05   2.6895e+02
20260729_02:00:00   3.1555e-01   7.7559e+01   5.4959e+00   3.0580e-01   0.0000e+00   2.6991e+02
20260729_03:00:00   7.7959e-02   2.3098e+01   5.2173e+00   2.5768e-02   0.0000e+00   2.7106e+02
20260729_04:00:00   1.4696e-01   4.0289e+01   4.5613e+00   1.1209e-01   0.0000e+00   2.7314e+02
20260729_05:00:00   3.0881e-01   7.6189e+01   4.0040e+00   3.0770e-01   0.0000e+00   2.7041e+02
20260729_06:00:00   8.3416e-02   2.4549e+01   3.3783e+00   4.5160e-02   0.0000e+00   2.6765e+02
20260729_07:00:00   5.1663e-02   1.6276e+01   3.1953e+00   8.6103e-03   0.0000e+00   2.6920e+02
20260729_08:00:00   1.9013e-01   5.0422e+01   3.4549e+00   1.7023e-01   0.0000e+00   2.7022e+02
20260729_09:00:00   2.4453e-01   6.2546e+01   3.5114e+00   2.3386e-01   0.0000e+00   2.6992e+02
20260729_10:00:00   1.2122e-01   3.3966e+01   3.3790e+00   8.9030e-02   0.0000e+00   2.7228e+02
20260729_11:00:00   5.1173e-02   1.6106e+01   3.0310e+00   9.4900e-03   0.0000e+00   2.7339e+02
20260729_12:00:00   4.8597e-02   1.5419e+01   3.0028e+00   6.8480e-03   0.0000e+00   2.7387e+02
20260729_13:00:00   5.1894e-02   1.6279e+01   2.9494e+00   1.1247e-02   0.0000e+00   2.7308e+02
20260729_14:00:00   4.2881e-02   1.3867e+01   2.9549e+00   7.0330e-04   0.0000e+00   2.7517e+02
20260729_15:00:00   4.2206e-02   1.3675e+01   2.9741e+00   2.4940e-06   0.0000e+00   2.7192e+02
20260729_16:00:00   4.2153e-02   1.3660e+01   2.9916e+00   0.0000e+00   0.0000e+00   2.6989e+02
20260729_17:00:00   4.2663e-02   1.3794e+01   3.0920e+00   0.0000e+00   0.0000e+00   2.6977e+02
20260729_18:00:00   4.4112e-02   1.4172e+01   3.3586e+00   0.0000e+00   0.0000e+00   2.6893e+02
20260729_19:00:00   4.6389e-02   1.4771e+01   3.7438e+00   0.0000e+00   0.0000e+00   2.7113e+02
20260729_20:00:00   5.0814e-02   1.5930e+01   4.4431e+00   1.0200e-05   0.0000e+00   2.7081e+02
20260729_21:00:00   5.6753e-02   1.7467e+01   5.3542e+00   6.6030e-05   0.0000e+00   2.7324e+02
20260729_22:00:00   6.2472e-02   1.8933e+01   6.1083e+00   1.3007e-03   0.0000e+00   2.7303e+02
20260729_23:00:00   9.2109e-02   2.6485e+01   7.0403e+00   2.8842e-02   0.0000e+00   2.7213e+02
20260730_00:00:00   9.2299e-02   2.6483e+01   7.8131e+00   2.4184e-02   0.0000e+00   2.7124e+02
20260730_01:00:00   8.7869e-02   2.5350e+01   8.1152e+00   1.8392e-02   0.0000e+00   2.7074e+02
20260730_02:00:00   9.9852e-02   2.8353e+01   8.3262e+00   3.1480e-02   3.0520e-05   2.7241e+02
20260730_03:00:00   8.5116e-02   2.4597e+01   8.4826e+00   1.3184e-02   4.6338e-05   2.7375e+02
20260730_04:00:00   7.5557e-02   2.2127e+01   8.3644e+00   3.7480e-03   2.1840e-06   2.7460e+02
20260730_05:00:00   7.0805e-02   2.0936e+01   7.6461e+00   4.0358e-03   0.0000e+00   2.7502e+02
20260730_06:00:00   6.5153e-02   1.9503e+01   6.9507e+00   2.3580e-03   0.0000e+00   2.7823e+02
20260730_07:00:00   6.1622e-02   1.8595e+01   6.3391e+00   2.3840e-03   0.0000e+00   2.7638e+02
20260730_08:00:00   5.6229e-02   1.7218e+01   5.7625e+00   0.0000e+00   0.0000e+00   2.7702e+02
20260730_09:00:00   5.4725e-02   1.6825e+01   5.4912e+00   0.0000e+00   0.0000e+00   2.7572e+02
20260730_10:00:00   5.3830e-02   1.6591e+01   5.3183e+00   0.0000e+00   0.0000e+00   2.7549e+02
20260730_11:00:00   5.2883e-02   1.6349e+01   5.1360e+00   0.0000e+00   0.0000e+00   2.7478e+02
20260730_12:00:00   5.2565e-02   1.6267e+01   5.0628e+00   0.0000e+00   0.0000e+00   2.7440e+02
20260730_13:00:00   5.2790e-02   1.6330e+01   5.0710e+00   0.0000e+00   0.0000e+00   2.7670e+02
20260730_14:00:00   5.2606e-02   1.6287e+01   5.0118e+00   0.0000e+00   0.0000e+00   2.8048e+02
20260730_15:00:00   5.1699e-02   1.6053e+01   4.8102e+00   0.0000e+00   0.0000e+00   2.8105e+02
20260730_16:00:00   5.0471e-02   1.5736e+01   4.5761e+00   0.0000e+00   0.0000e+00   2.7964e+02
20260730_17:00:00   4.9437e-02   1.5474e+01   4.3593e+00   0.0000e+00   0.0000e+00   2.8219e+02
20260730_18:00:00   4.8853e-02   1.5329e+01   4.2269e+00   0.0000e+00   0.0000e+00   2.8060e+02
20260730_19:00:00   4.8768e-02   1.5312e+01   4.1919e+00   0.0000e+00   0.0000e+00   2.8005e+02
20260730_20:00:00   4.9169e-02   1.5417e+01   4.2461e+00   0.0000e+00   0.0000e+00   2.7995e+02
20260730_21:00:00   5.0331e-02   1.5718e+01   4.4391e+00   0.0000e+00   0.0000e+00   2.8267e+02
20260730_22:00:00   5.1974e-02   1.6144e+01   4.6944e+00   0.0000e+00   0.0000e+00   2.8119e+02
20260730_23:00:00   5.3066e-02   1.6431e+01   4.8881e+00   0.0000e+00   0.0000e+00   2.8003e+02
20260731_00:00:00   5.4610e-02   1.6825e+01   5.1374e+00   0.0000e+00   0.0000e+00   2.8097e+02
20260731_01:00:00   5.5146e-02   1.6959e+01   5.2367e+00   0.0000e+00   0.0000e+00   2.7877e+02
20260731_02:00:00   5.4631e-02   1.6827e+01   5.1843e+00   0.0000e+00   0.0000e+00   2.8061e+02
20260731_03:00:00   5.4854e-02   1.6889e+01   5.2076e+00   0.0000e+00   0.0000e+00   2.8087e+02
20260731_04:00:00   5.4757e-02   1.6865e+01   5.1877e+00   0.0000e+00   0.0000e+00   2.8103e+02
20260731_05:00:00   5.4451e-02   1.6790e+01   5.1202e+00   0.0000e+00   0.0000e+00   2.8014e+02
20260731_06:00:00   5.4194e-02   1.6727e+01   5.0601e+00   0.0000e+00   0.0000e+00   2.8108e+02
20260731_07:00:00   5.5156e-02   1.6972e+01   5.1934e+00   0.0000e+00   0.0000e+00   2.8430e+02
20260731_08:00:00   5.5743e-02   1.7122e+01   5.2751e+00   0.0000e+00   0.0000e+00   2.8505e+02
20260731_09:00:00   5.5868e-02   1.7148e+01   5.3023e+00   0.0000e+00   0.0000e+00   2.8343e+02
20260731_10:00:00   5.5828e-02   1.7129e+01   5.3125e+00   0.0000e+00   0.0000e+00   2.8006e+02
20260731_11:00:00   5.5586e-02   1.7060e+01   5.2747e+00   0.0000e+00   0.0000e+00   2.8046e+02
20260731_12:00:00   5.5668e-02   1.7072e+01   5.2846e+00   0.0000e+00   0.0000e+00   2.7986e+02
20260731_13:00:00   5.6240e-02   1.7209e+01   5.3760e+00   0.0000e+00   0.0000e+00   2.8371e+02
20260731_14:00:00   5.5940e-02   1.7133e+01   5.3289e+00   0.0000e+00   0.0000e+00   2.8237e+02
20260731_15:00:00   5.6139e-02   1.7178e+01   5.3436e+00   0.0000e+00   0.0000e+00   2.8383e+02
20260731_16:00:00   5.6313e-02   1.7217e+01   5.3891e+00   0.0000e+00   0.0000e+00   2.8488e+02
20260731_17:00:00   5.5829e-02   1.7092e+01   5.3277e+00   0.0000e+00   0.0000e+00   2.8640e+02
20260731_18:00:00   5.5944e-02   1.7125e+01   5.3283e+00   0.0000e+00   0.0000e+00   2.8640e+02
20260731_19:00:00   5.5665e-02   1.7055e+01   5.2833e+00   0.0000e+00   0.0000e+00   2.8653e+02
20260731_20:00:00   5.4899e-02   1.6861e+01   5.1715e+00   0.0000e+00   0.0000e+00   2.8420e+02
20260731_21:00:00   5.4783e-02   1.6832e+01   5.1555e+00   0.0000e+00   0.0000e+00   2.8525e+02
20260731_22:00:00   5.5311e-02   1.6967e+01   5.2442e+00   0.0000e+00   2.3579e-05   2.8601e+02
20260731_23:00:00   5.5895e-02   1.7119e+01   5.3422e+00   0.0000e+00   5.6860e-05   2.8613e+02
20260801_00:00:00   5.7091e-02   1.7430e+01   5.5147e+00   0.0000e+00   9.9340e-05   2.8557e+02
20260801_01:00:00   5.7589e-02   1.7562e+01   5.5400e+00   4.9320e-04   5.7166e-05   2.8409e+02
20260801_02:00:00   6.8826e-02   2.0487e+01   5.3252e+00   1.5280e-02   6.9216e-05   2.8382e+02
20260801_03:00:00   5.6944e-02   1.7418e+01   5.0466e+00   3.4935e-03   0.0000e+00   2.8394e+02
20260801_04:00:00   5.1114e-02   1.5906e+01   4.5937e+00   3.1650e-04   0.0000e+00   2.8476e+02
20260801_05:00:00   4.8762e-02   1.5293e+01   4.2839e+00   0.0000e+00   0.0000e+00   2.8596e+02
20260801_06:00:00   4.7364e-02   1.4929e+01   4.0561e+00   0.0000e+00   0.0000e+00   2.8591e+02
20260801_07:00:00   4.5890e-02   1.4541e+01   3.7977e+00   0.0000e+00   0.0000e+00   2.8649e+02
20260801_08:00:00   4.4736e-02   1.4236e+01   3.5854e+00   0.0000e+00   0.0000e+00   2.8752e+02
20260801_09:00:00   4.3596e-02   1.3941e+01   3.3622e+00   0.0000e+00   0.0000e+00   2.8828e+02
20260801_10:00:00   4.2853e-02   1.3748e+01   3.2180e+00   0.0000e+00   0.0000e+00   2.8694e+02
20260801_11:00:00   4.2313e-02   1.3611e+01   3.1070e+00   0.0000e+00   0.0000e+00   2.8659e+02
20260801_12:00:00   4.2032e-02   1.3543e+01   3.0570e+00   0.0000e+00   0.0000e+00   2.8686e+02
20260801_15:00:00   4.2201e-02   1.3585e+01   3.0977e+00   0.0000e+00   0.0000e+00   2.8587e+02
20260801_18:00:00   4.2469e-02   1.3657e+01   3.1325e+00   0.0000e+00   0.0000e+00   2.8495e+02
20260801_21:00:00   4.3726e-02   1.3990e+01   3.3771e+00   0.0000e+00   0.0000e+00   2.8399e+02
20260802_00:00:00   4.5294e-02   1.4409e+01   3.4831e+00   1.0994e-03   0.0000e+00   2.8653e+02
20260802_03:00:00   4.3649e-02   1.3978e+01   3.3708e+00   3.0100e-05   0.0000e+00   2.8871e+02
20260802_06:00:00   4.4539e-02   1.4218e+01   3.5319e+00   0.0000e+00   0.0000e+00   2.8487e+02
20260802_09:00:00   4.4785e-02   1.4268e+01   3.5830e+00   0.0000e+00   3.5947e-03   2.8681e+02
20260802_12:00:00   4.4627e-02   1.4210e+01   3.5951e+00   0.0000e+00   5.7801e-04   2.8576e+02
20260802_15:00:00   4.4943e-02   1.4285e+01   3.6286e+00   0.0000e+00   3.8980e-05   2.8836e+02
20260802_18:00:00   4.6362e-02   1.4639e+01   3.9091e+00   0.0000e+00   6.8241e-04   2.8666e+02
20260802_21:00:00   4.7890e-02   1.5030e+01   4.1947e+00   0.0000e+00   1.2013e-03   2.8623e+02
20260803_00:00:00   5.0082e-02   1.5578e+01   4.6553e+00   0.0000e+00   6.4411e-03   2.8094e+02
20260803_03:00:00   4.8259e-02   1.5102e+01   4.3673e+00   0.0000e+00   8.8545e-03   2.8087e+02
20260803_06:00:00   4.9099e-02   1.5310e+01   4.5506e+00   0.0000e+00   2.8793e-03   2.8219e+02
20260803_09:00:00   4.8365e-02   1.5125e+01   4.3945e+00   0.0000e+00   4.1857e-04   2.8245e+02
20260803_12:00:00   4.6965e-02   1.4765e+01   4.1498e+00   0.0000e+00   1.1352e-03   2.7994e+02
20260803_15:00:00   4.7769e-02   1.4959e+01   4.3033e+00   0.0000e+00   1.7535e-03   2.7846e+02
20260803_18:00:00   4.8671e-02   1.5183e+01   4.4596e+00   0.0000e+00   2.2977e-03   2.7972e+02
20260803_21:00:00   4.9627e-02   1.5428e+01   4.6749e+00   0.0000e+00   1.5180e-03   2.8177e+02
20260804_00:00:00   5.1882e-02   1.6029e+01   5.0676e+00   7.2320e-05   9.1484e-05   2.8134e+02
20260804_03:00:00   4.9724e-02   1.5487e+01   4.7323e+00   0.0000e+00   1.2044e-03   2.7853e+02
20260804_06:00:00   4.8194e-02   1.5078e+01   4.5020e+00   0.0000e+00   3.3249e-02   2.7954e+02
20260804_09:00:00   4.8239e-02   1.5086e+01   4.5283e+00   0.0000e+00   3.8508e-03   2.8093e+02
20260804_12:00:00   4.8170e-02   1.5062e+01   4.4843e+00   0.0000e+00   9.3447e-03   2.8095e+02
20260804_15:00:00   4.9909e-02   1.5464e+01   4.8372e+00   0.0000e+00   2.5214e-02   2.7898e+02
20260804_18:00:00   5.1036e-02   1.5748e+01   4.9916e+00   0.0000e+00   1.2992e-01   2.8166e+02
20260804_21:00:00   5.0453e-02   1.5642e+01   4.9439e+00   0.0000e+00   1.9558e-02   2.8352e+02
20260805_00:00:00   5.2617e-02   1.6215e+01   5.3422e+00   6.2300e-06   4.2057e-03   2.8376e+02
20260805_03:00:00   5.2218e-02   1.6167e+01   5.0315e+00   8.5390e-04   1.5338e-03   2.8316e+02
20260805_06:00:00   5.0127e-02   1.5602e+01   4.7513e+00   0.0000e+00   7.0767e-02   2.8086e+02
20260805_09:00:00   4.9636e-02   1.5476e+01   4.7479e+00   0.0000e+00   3.1528e-02   2.7917e+02
20260805_12:00:00   4.9262e-02   1.5355e+01   4.6659e+00   0.0000e+00   1.1030e-01   2.7669e+02
20260805_15:00:00   4.8909e-02   1.5245e+01   4.5848e+00   0.0000e+00   6.4823e-02   2.7786e+02
20260805_18:00:00   4.7558e-02   1.4913e+01   4.2495e+00   0.0000e+00   9.3465e-02   2.8064e+02
20260805_21:00:00   4.9378e-02   1.5383e+01   4.7010e+00   0.0000e+00   9.5350e-03   2.8214e+02
20260806_00:00:00   5.5533e-02   1.6952e+01   5.7755e+00   7.7830e-04   4.7187e-02   2.7841e+02
20260806_03:00:00   5.9779e-02   1.8032e+01   6.4414e+00   1.7260e-03   5.5762e-02   2.7552e+02
20260806_06:00:00   6.1482e-02   1.8407e+01   6.9808e+00   0.0000e+00   1.3639e-01   2.7547e+02
20260806_09:00:00   8.0723e-02   2.3319e+01   9.9425e+00   0.0000e+00   1.4271e-02   2.7702e+02
20260806_12:00:00   9.4055e-02   2.6645e+01   1.1700e+01   0.0000e+00   4.2103e-03   2.7651e+02
20260806_15:00:00   9.3838e-02   2.6515e+01   1.1804e+01   0.0000e+00   2.3125e-02   2.7562e+02
20260806_18:00:00   7.7199e-02   2.2426e+01   9.3268e+00   0.0000e+00   3.9379e-03   2.7831e+02
20260806_21:00:00   6.4235e-02   1.9221e+01   6.9425e+00   0.0000e+00   1.7724e-03   2.8301e+02
20260807_00:00:00   6.3110e-02   1.8948e+01   6.7063e+00   0.0000e+00   1.8626e-03   2.7987e+02
20260807_03:00:00   6.4189e-02   1.9158e+01   7.1473e+00   0.0000e+00   4.6503e-02   2.7931e+02
20260807_06:00:00   6.2734e-02   1.8804e+01   7.0659e+00   0.0000e+00   2.4194e-02   2.7793e+02
20260807_09:00:00   6.3172e-02   1.8936e+01   7.1639e+00   0.0000e+00   1.0066e-02   2.7881e+02
20260807_12:00:00   6.6222e-02   1.9694e+01   7.6057e+00   0.0000e+00   2.0004e-02   2.7875e+02
20260807_15:00:00   7.0374e-02   2.0680e+01   8.4576e+00   0.0000e+00   5.6257e-02   2.7963e+02
20260807_18:00:00   7.1223e-02   2.0896e+01   8.6874e+00   0.0000e+00   3.1778e-02   2.8199e+02
20260807_21:00:00   6.7756e-02   2.0079e+01   8.0786e+00   0.0000e+00   1.3282e-02   2.8169e+02
20260808_00:00:00   6.9495e-02   2.0511e+01   8.4382e+00   0.0000e+00   1.0964e-02   2.7967e+02
20260808_03:00:00   6.8835e-02   2.0355e+01   8.3318e+00   0.0000e+00   1.5424e-03   2.7733e+02
20260808_06:00:00   6.7643e-02   2.0060e+01   8.1086e+00   0.0000e+00   7.6993e-04   2.7885e+02
20260808_09:00:00   6.6320e-02   1.9742e+01   7.9185e+00   0.0000e+00   8.4680e-04   2.8037e+02
20260808_12:00:00   6.8155e-02   2.0174e+01   8.2201e+00   0.0000e+00   2.0243e-03   2.7985e+02
20260808_15:00:00   7.1002e-02   2.0877e+01   8.6727e+00   0.0000e+00   4.2617e-03   2.8115e+02
20260808_18:00:00   7.2880e-02   2.1344e+01   9.0083e+00   0.0000e+00   1.6273e-03   2.8449e+02
20260808_21:00:00   7.0198e-02   2.0692e+01   8.5183e+00   0.0000e+00   1.0324e-04   2.8437e+02
20260809_00:00:00   6.9882e-02   2.0640e+01   8.4863e+00   3.8300e-05   5.0970e-04   2.8239e+02
20260809_03:00:00   6.3473e-02   1.9012e+01   7.4597e+00   5.4100e-06   9.1458e-03   2.8192e+02
20260809_06:00:00   5.9668e-02   1.8044e+01   6.7755e+00   0.0000e+00   1.3364e-03   2.8297e+02
20260809_09:00:00   5.5545e-02   1.7006e+01   5.9828e+00   0.0000e+00   2.6165e-04   2.8445e+02
20260809_12:00:00   5.4763e-02   1.6775e+01   5.8351e+00   0.0000e+00   1.5953e-03   2.8339e+02
20260809_15:00:00   5.4154e-02   1.6623e+01   5.7138e+00   0.0000e+00   5.1468e-03   2.8135e+02
20260809_18:00:00   5.4479e-02   1.6712e+01   5.7662e+00   0.0000e+00   2.6725e-02   2.8218e+02
20260809_21:00:00   5.5752e-02   1.7043e+01   6.0080e+00   0.0000e+00   1.4034e-02   2.8291e+02
20260810_00:00:00   5.8846e-02   1.7883e+01   6.3079e+00   3.6220e-05   2.3588e-03   2.8254e+02
20260810_03:00:00   5.7855e-02   1.7606e+01   6.2361e+00   2.4990e-05   1.2414e-03   2.8171e+02
20260810_06:00:00   5.9221e-02   1.7933e+01   6.4957e+00   0.0000e+00   6.1987e-03   2.8178e+02
20260810_09:00:00   5.8645e-02   1.7776e+01   6.3247e+00   0.0000e+00   3.5965e-02   2.8155e+02
20260810_12:00:00   5.5985e-02   1.7101e+01   5.8816e+00   0.0000e+00   6.4693e-03   2.8253e+02
20260810_15:00:00   5.7030e-02   1.7353e+01   6.1040e+00   0.0000e+00   8.7484e-03   2.8011e+02
20260810_18:00:00   5.7840e-02   1.7550e+01   6.2542e+00   0.0000e+00   2.7670e-02   2.8412e+02
20260810_21:00:00   5.9356e-02   1.7926e+01   6.5181e+00   0.0000e+00   1.1294e-01   2.8495e+02
20260811_00:00:00   5.8102e-02   1.7623e+01   6.3394e+00   5.5620e-05   1.4174e-02   2.8446e+02
20260811_03:00:00   5.3344e-02   1.6431e+01   5.4858e+00   0.0000e+00   5.4630e-03   2.8331e+02
20260811_06:00:00   5.2033e-02   1.6067e+01   5.3268e+00   0.0000e+00   9.0036e-03   2.8555e+02
20260811_09:00:00   5.0363e-02   1.5644e+01   4.9026e+00   0.0000e+00   1.1160e-01   2.8723e+02
20260811_12:00:00   5.1208e-02   1.5869e+01   5.0776e+00   0.0000e+00   1.0861e-02   2.8662e+02
20260811_15:00:00   5.3583e-02   1.6457e+01   5.5707e+00   0.0000e+00   1.3845e-02   2.8510e+02
20260811_18:00:00   5.4177e-02   1.6612e+01   5.7141e+00   0.0000e+00   9.6833e-03   2.8371e+02
20260811_21:00:00   5.4463e-02   1.6646e+01   5.7225e+00   5.3240e-07   2.4160e-01   2.8602e+02
20260812_00:00:00   5.4370e-02   1.6623e+01   5.7699e+00   0.0000e+00   2.1550e-01   2.8308e+02
20260812_03:00:00   5.2427e-02   1.6153e+01   5.5479e+00   0.0000e+00   5.7495e-02   2.8070e+02
20260812_06:00:00   4.9827e-02   1.5536e+01   4.9411e+00   0.0000e+00   6.5854e-04   2.8309e+02
20260812_09:00:00   5.1093e-02   1.5834e+01   5.1983e+00   0.0000e+00   3.0223e-03   2.8489e+02
20260812_12:00:00   5.2231e-02   1.6117e+01   5.5218e+00   0.0000e+00   2.8468e-02   2.8350e+02
