#            date       tau255        Tb[K]      pwv[mm] lwp[kg*m^-2] iwp[kg*m^-2]       o3[DU]
20261009_00:00:00   7.4934e-02   2.2151e+01   7.2647e+00   1.0795e-02   1.8323e-03   2.4475e+02
20261009_01:00:00   8.2721e-02   2.4160e+01   7.1031e+00   2.1072e-02   1.6495e-04   2.4583e+02
20261009_02:00:00   8.2637e-02   2.4170e+01   6.7095e+00   2.3519e-02   7.7257e-06   2.4421e+02
20261009_03:00:00   8.1720e-02   2.3960e+01   6.3573e+00   2.4486e-02   4.4620e-04   2.4234e+02
20261009_04:00:00   6.7479e-02   2.0275e+01   6.6426e+00   5.8370e-03   6.8600e-04   2.4360e+02
20261009_05:00:00   7.4646e-02   2.2113e+01   7.2040e+00   1.0469e-02   1.1258e-04   2.4414e+02
20261009_06:00:00   1.0220e-01   2.9100e+01   8.0311e+00   3.7280e-02   5.9356e-04   2.4460e+02
20261009_07:00:00   7.3864e-02   2.1863e+01   8.4457e+00   5.4540e-04   9.6464e-04   2.4473e+02
20261009_08:00:00   7.5176e-02   2.2197e+01   8.6357e+00   4.6820e-04   2.6084e-04   2.4866e+02
20261009_09:00:00   7.6783e-02   2.2609e+01   8.7882e+00   1.3702e-03   1.9010e-04   2.4736e+02
20261009_10:00:00   7.8241e-02   2.2971e+01   9.0648e+00   8.1526e-04   1.6322e-04   2.4652e+02
20261009_11:00:00   8.1242e-02   2.3726e+01   9.2410e+00   2.8575e-03   2.1620e-05   2.4613e+02
20261009_12:00:00   7.8770e-02   2.3096e+01   9.2557e+00   2.3530e-05   8.0960e-06   2.5004e+02
20261009_13:00:00   7.8737e-02   2.3082e+01   9.2902e+00   2.0570e-05   3.2480e-06   2.5189e+02
20261009_14:00:00   7.9892e-02   2.3368e+01   9.4560e+00   1.0860e-04   0.0000e+00   2.5037e+02
20261009_15:00:00   8.0689e-02   2.3579e+01   9.5012e+00   5.6480e-04   0.0000e+00   2.4862e+02
20261009_16:00:00   8.0961e-02   2.3652e+01   9.5033e+00   4.0720e-04   0.0000e+00   2.4956e+02
20261009_17:00:00   8.1032e-02   2.3675e+01   9.4835e+00   1.3210e-04   1.4402e-06   2.4983e+02
20261009_18:00:00   8.1092e-02   2.3702e+01   9.4429e+00   5.7900e-06   0.0000e+00   2.4936e+02
20261009_19:00:00   8.0526e-02   2.3572e+01   9.3006e+00   1.5420e-05   1.1504e-06   2.4917e+02
20261009_20:00:00   8.0117e-02   2.3481e+01   9.1726e+00   8.2780e-05   2.6866e-05   2.4751e+02
20261009_21:00:00   8.1299e-02   2.3794e+01   9.0938e+00   1.6970e-03   5.0315e-05   2.4667e+02
20261009_22:00:00   2.0035e-01   5.2432e+01   9.4813e+00   1.3660e-01   1.0317e-04   2.4654e+02
20261009_23:00:00   2.6275e-01   6.6138e+01   9.9506e+00   2.0491e-01   1.1751e-04   2.4499e+02
20261010_00:00:00   1.8792e-01   4.9456e+01   1.0509e+01   1.1072e-01   4.3099e-04   2.4447e+02
20261010_01:00:00   2.8281e-01   7.0230e+01   1.1174e+01   2.1530e-01   1.2216e-04   2.4443e+02
20261010_02:00:00   5.5073e-01   1.1915e+02   1.1543e+01   5.2428e-01   4.7604e-05   2.4471e+02
20261010_03:00:00   6.6943e-01   1.3691e+02   1.1626e+01   6.6090e-01   2.7183e-04   2.4402e+02
20261010_04:00:00   5.7482e-01   1.2243e+02   1.1506e+01   5.4799e-01   4.9749e-04   2.4527e+02
20261010_05:00:00   2.4325e-01   6.1524e+01   1.0788e+01   1.7005e-01   3.0004e-04   2.4842e+02
20261010_06:00:00   8.9486e-02   2.5907e+01   9.8874e+00   1.7360e-03   3.7966e-04   2.5179e+02
20261010_07:00:00   8.3257e-02   2.4346e+01   9.0606e+00   2.0810e-03   3.6808e-04   2.5185e+02
20261010_08:00:00   7.7304e-02   2.2831e+01   8.5178e+00   0.0000e+00   1.3603e-03   2.5163e+02
20261010_09:00:00   7.4268e-02   2.2051e+01   8.1280e+00   0.0000e+00   3.1659e-03   2.5040e+02
20261010_10:00:00   7.2449e-02   2.1586e+01   7.8778e+00   0.0000e+00   3.2134e-03   2.5066e+02
20261010_11:00:00   7.0722e-02   2.1141e+01   7.6218e+00   0.0000e+00   2.4926e-03   2.4928e+02
20261010_12:00:00   6.8114e-02   2.0482e+01   7.2057e+00   0.0000e+00   1.9256e-03   2.5051e+02
20261010_13:00:00   6.5728e-02   1.9872e+01   6.8264e+00   0.0000e+00   3.4336e-03   2.5066e+02
20261010_14:00:00   6.2675e-02   1.9098e+01   6.3753e+00   0.0000e+00   2.7028e-03   2.5061e+02
20261010_15:00:00   6.0256e-02   1.8488e+01   5.9941e+00   0.0000e+00   4.7641e-04   2.5198e+02
20261010_16:00:00   5.8562e-02   1.8060e+01   5.7124e+00   0.0000e+00   8.0200e-05   2.5443e+02
20261010_17:00:00   5.7454e-02   1.7778e+01   5.5189e+00   0.0000e+00   1.7362e-05   2.5597e+02
20261010_18:00:00   5.5892e-02   1.7381e+01   5.2288e+00   0.0000e+00   1.6536e-05   2.5548e+02
20261010_19:00:00   5.4283e-02   1.6971e+01   4.9321e+00   0.0000e+00   2.7780e-05   2.5502e+02
20261010_20:00:00   5.3868e-02   1.6858e+01   4.8479e+00   0.0000e+00   4.3852e-05   2.5440e+02
20261010_21:00:00   5.3151e-02   1.6669e+01   4.7083e+00   2.0580e-04   4.8420e-05   2.5354e+02
20261010_22:00:00   5.4065e-02   1.6907e+01   4.6777e+00   1.4260e-03   1.6856e-05   2.5320e+02
20261010_23:00:00   5.1889e-02   1.6331e+01   4.5139e+00   8.5340e-05   3.7300e-07   2.5327e+02
20261011_00:00:00   5.0788e-02   1.6034e+01   4.3613e+00   3.5430e-06   3.7300e-07   2.5235e+02
20261011_01:00:00   4.9176e-02   1.5611e+01   4.0988e+00   1.3220e-04   8.2043e-06   2.5244e+02
20261011_02:00:00   4.7513e-02   1.5175e+01   3.8167e+00   6.9960e-05   1.1093e-05   2.5385e+02
20261011_03:00:00   4.5845e-02   1.4740e+01   3.5285e+00   0.0000e+00   1.8921e-05   2.5579e+02
20261011_04:00:00   4.4738e-02   1.4451e+01   3.3161e+00   0.0000e+00   8.4560e-06   2.5706e+02
20261011_05:00:00   4.3565e-02   1.4145e+01   3.0757e+00   0.0000e+00   8.1580e-06   2.5782e+02
20261011_06:00:00   4.2709e-02   1.3920e+01   2.8768e+00   0.0000e+00   7.0080e-06   2.5925e+02
20261011_07:00:00   4.1735e-02   1.3659e+01   2.6817e+00   0.0000e+00   0.0000e+00   2.5970e+02
20261011_08:00:00   4.1467e-02   1.3583e+01   2.6274e+00   0.0000e+00   0.0000e+00   2.5925e+02
20261011_09:00:00   4.0950e-02   1.3446e+01   2.5304e+00   0.0000e+00   0.0000e+00   2.5819e+02
20261011_10:00:00   4.0461e-02   1.3315e+01   2.4427e+00   0.0000e+00   0.0000e+00   2.5822e+02
20261011_11:00:00   3.9625e-02   1.3091e+01   2.2907e+00   0.0000e+00   0.0000e+00   2.5838e+02
20261011_12:00:00   3.8959e-02   1.2912e+01   2.1572e+00   0.0000e+00   0.0000e+00   2.5860e+02
20261011_13:00:00   3.8449e-02   1.2773e+01   2.0668e+00   0.0000e+00   0.0000e+00   2.5905e+02
20261011_14:00:00   3.7934e-02   1.2633e+01   1.9830e+00   0.0000e+00   0.0000e+00   2.5745e+02
20261011_15:00:00   3.7288e-02   1.2460e+01   1.8527e+00   0.0000e+00   0.0000e+00   2.5756e+02
20261011_16:00:00   3.7020e-02   1.2389e+01   1.7937e+00   0.0000e+00   0.0000e+00   2.5843e+02
20261011_17:00:00   3.6796e-02   1.2332e+01   1.7287e+00   0.0000e+00   0.0000e+00   2.6019e+02
20261011_18:00:00   3.6426e-02   1.2236e+01   1.6456e+00   0.0000e+00   0.0000e+00   2.6193e+02
20261011_19:00:00   3.5946e-02   1.2108e+01   1.5653e+00   0.0000e+00   0.0000e+00   2.6389e+02
20261011_20:00:00   3.5180e-02   1.1903e+01   1.4201e+00   0.0000e+00   0.0000e+00   2.6549e+02
20261011_21:00:00   3.4388e-02   1.1694e+01   1.2499e+00   0.0000e+00   0.0000e+00   2.6927e+02
20261011_22:00:00   3.3788e-02   1.1533e+01   1.1284e+00   0.0000e+00   0.0000e+00   2.7073e+02
20261011_23:00:00   3.3339e-02   1.1414e+01   1.0317e+00   0.0000e+00   0.0000e+00   2.6914e+02
20261012_00:00:00   3.3656e-02   1.1498e+01   1.0851e+00   0.0000e+00   0.0000e+00   2.6819e+02
20261012_01:00:00   3.4417e-02   1.1702e+01   1.2181e+00   0.0000e+00   0.0000e+00   2.6793e+02
20261012_02:00:00   3.4395e-02   1.1698e+01   1.2140e+00   0.0000e+00   0.0000e+00   2.6665e+02
20261012_03:00:00   3.4812e-02   1.1807e+01   1.2926e+00   0.0000e+00   0.0000e+00   2.6600e+02
20261012_04:00:00   3.5997e-02   1.2124e+01   1.5069e+00   0.0000e+00   0.0000e+00   2.6564e+02
20261012_05:00:00   3.7741e-02   1.2587e+01   1.8122e+00   0.0000e+00   0.0000e+00   2.6639e+02
20261012_06:00:00   3.9790e-02   1.3127e+01   2.1499e+00   0.0000e+00   0.0000e+00   2.6752e+02
20261012_07:00:00   4.1576e-02   1.3598e+01   2.4288e+00   0.0000e+00   0.0000e+00   2.6865e+02
20261012_08:00:00   4.2059e-02   1.3723e+01   2.4963e+00   0.0000e+00   0.0000e+00   2.6858e+02
20261012_09:00:00   4.2833e-02   1.3925e+01   2.6129e+00   0.0000e+00   0.0000e+00   2.6665e+02
20261012_10:00:00   4.4424e-02   1.4338e+01   2.8493e+00   3.2390e-05   0.0000e+00   2.6516e+02
20261012_11:00:00   4.3961e-02   1.4213e+01   2.7776e+00   0.0000e+00   0.0000e+00   2.6366e+02
20261012_12:00:00   4.3495e-02   1.4087e+01   2.7074e+00   0.0000e+00   0.0000e+00   2.6358e+02
20261012_13:00:00   4.4098e-02   1.4241e+01   2.8080e+00   1.1043e-06   0.0000e+00   2.6290e+02
20261012_14:00:00   4.3909e-02   1.4190e+01   2.7891e+00   0.0000e+00   0.0000e+00   2.6086e+02
20261012_15:00:00   4.3540e-02   1.4093e+01   2.7361e+00   0.0000e+00   0.0000e+00   2.5951e+02
20261012_16:00:00   4.3374e-02   1.4053e+01   2.7077e+00   0.0000e+00   0.0000e+00   2.6071e+02
20261012_17:00:00   4.2991e-02   1.3952e+01   2.6561e+00   0.0000e+00   0.0000e+00   2.6061e+02
20261012_18:00:00   4.1779e-02   1.3633e+01   2.4791e+00   0.0000e+00   0.0000e+00   2.6133e+02
20261012_19:00:00   3.8567e-02   1.2783e+01   1.9522e+00   0.0000e+00   0.0000e+00   2.6263e+02
20261012_20:00:00   3.6982e-02   1.2363e+01   1.6812e+00   0.0000e+00   0.0000e+00   2.6275e+02
20261012_21:00:00   3.8089e-02   1.2655e+01   1.9101e+00   0.0000e+00   0.0000e+00   2.6240e+02
20261012_22:00:00   4.0495e-02   1.3285e+01   2.3590e+00   0.0000e+00   0.0000e+00   2.6279e+02
20261012_23:00:00   4.3816e-02   1.4153e+01   2.9480e+00   0.0000e+00   0.0000e+00   2.6246e+02
20261013_00:00:00   4.7529e-02   1.5120e+01   3.5874e+00   0.0000e+00   0.0000e+00   2.6198e+02
20261013_01:00:00   5.1404e-02   1.6123e+01   4.2373e+00   6.4730e-06   0.0000e+00   2.6163e+02
20261013_02:00:00   5.3237e-02   1.6604e+01   4.5290e+00   2.7570e-05   0.0000e+00   2.6069e+02
20261013_03:00:00   5.4354e-02   1.6902e+01   4.6886e+00   1.4560e-04   0.0000e+00   2.6061e+02
20261013_04:00:00   5.6838e-02   1.7543e+01   5.0732e+00   0.0000e+00   0.0000e+00   2.6199e+02
20261013_05:00:00   6.0147e-02   1.8392e+01   5.5190e+00   0.0000e+00   0.0000e+00   2.6319e+02
20261013_06:00:00   6.2653e-02   1.9037e+01   5.8316e+00   0.0000e+00   0.0000e+00   2.6335e+02
20261013_07:00:00   6.3984e-02   1.9380e+01   5.9651e+00   0.0000e+00   0.0000e+00   2.6244e+02
20261013_08:00:00   6.4982e-02   1.9635e+01   6.0745e+00   0.0000e+00   0.0000e+00   2.6205e+02
20261013_09:00:00   6.5086e-02   1.9661e+01   6.0796e+00   2.4306e-05   0.0000e+00   2.6224e+02
20261013_10:00:00   6.5705e-02   1.9824e+01   6.0134e+00   1.0558e-03   0.0000e+00   2.6283e+02
20261013_11:00:00   7.1786e-02   2.1391e+01   5.9711e+00   8.2868e-03   0.0000e+00   2.6266e+02
20261013_12:00:00   8.0622e-02   2.3647e+01   5.9808e+00   1.8276e-02   0.0000e+00   2.6244e+02
20261013_13:00:00   9.0544e-02   2.6133e+01   6.1400e+00   2.8203e-02   0.0000e+00   2.6301e+02
20261013_14:00:00   8.2518e-02   2.4109e+01   6.1468e+00   1.8703e-02   0.0000e+00   2.6328e+02
20261013_15:00:00   9.2953e-02   2.6733e+01   6.0719e+00   3.1135e-02   0.0000e+00   2.6351e+02
20261013_16:00:00   1.0918e-01   3.0757e+01   6.1151e+00   4.9580e-02   0.0000e+00   2.6377e+02
20261013_17:00:00   7.6051e-02   2.2453e+01   6.2231e+00   1.0519e-02   0.0000e+00   2.6399e+02
20261013_18:00:00   9.3023e-02   2.6709e+01   6.4047e+00   2.8567e-02   0.0000e+00   2.6473e+02
20261013_19:00:00   8.0361e-02   2.3520e+01   6.5012e+00   1.3304e-02   0.0000e+00   2.6532e+02
20261013_20:00:00   1.1948e-01   3.3286e+01   6.5706e+00   5.8274e-02   5.3260e-06   2.6559e+02
20261013_21:00:00   2.5799e-01   6.4777e+01   6.8546e+00   2.1628e-01   0.0000e+00   2.6635e+02
20261013_22:00:00   3.6630e-01   8.6250e+01   7.9380e+00   3.3088e-01   7.5424e-05   2.6648e+02
20261013_23:00:00   4.3710e-01   9.9312e+01   8.5872e+00   4.0797e-01   6.6943e-05   2.6549e+02
20261014_00:00:00   3.0758e-01   7.4925e+01   8.6926e+00   2.5886e-01   3.5366e-05   2.6414e+02
20261014_03:00:00   3.4310e-01   8.1885e+01   8.1414e+00   3.0438e-01   2.8940e-05   2.6251e+02
20261014_06:00:00   2.8901e-01   7.1010e+01   8.4715e+00   2.3757e-01   2.7240e-05   2.6237e+02
20261014_09:00:00   4.8982e-01   1.0793e+02   9.1446e+00   4.6008e-01   1.0634e-04   2.6284e+02
20261014_12:00:00   1.1461e-01   3.1932e+01   7.5554e+00   4.4146e-02   2.1300e-05   2.6727e+02
20261014_15:00:00   6.7455e-02   2.0182e+01   6.5197e+00   0.0000e+00   0.0000e+00   2.6702e+02
20261014_18:00:00   6.3194e-02   1.9100e+01   5.9158e+00   0.0000e+00   0.0000e+00   2.7058e+02
20261014_21:00:00   6.5089e-02   1.9587e+01   6.1239e+00   7.4810e-04   0.0000e+00   2.6971e+02
20261015_00:00:00   2.5515e-01   6.4321e+01   7.1772e+00   2.1261e-01   0.0000e+00   2.6989e+02
20261015_03:00:00   7.4944e-02   2.2118e+01   6.5827e+00   6.3386e-03   1.5980e-05   2.7089e+02
20261015_06:00:00   6.2195e-02   1.8887e+01   5.5521e+00   1.6780e-04   0.0000e+00   2.6957e+02
20261015_09:00:00   5.8559e-02   1.7954e+01   4.9673e+00   3.8800e-04   0.0000e+00   2.7079e+02
20261015_12:00:00   5.8132e-02   1.7829e+01   4.9749e+00   0.0000e+00   0.0000e+00   2.7028e+02
20261015_15:00:00   5.7789e-02   1.7740e+01   4.9679e+00   0.0000e+00   0.0000e+00   2.6762e+02
20261015_18:00:00   6.2909e-02   1.9059e+01   5.7362e+00   0.0000e+00   0.0000e+00   2.6898e+02
20261015_21:00:00   6.7469e-02   2.0221e+01   6.3945e+00   4.2680e-05   0.0000e+00   2.7072e+02
20261016_00:00:00   7.3797e-02   2.1866e+01   6.6593e+00   5.4830e-03   3.9960e-05   2.7030e+02
20261016_03:00:00   8.1786e-02   2.3886e+01   7.2773e+00   9.7080e-03   1.2410e-05   2.7189e+02
20261016_06:00:00   7.3350e-02   2.1714e+01   7.3624e+00   1.2520e-04   2.4841e-03   2.7045e+02
20261016_09:00:00   7.8024e-02   2.2840e+01   8.1252e+00   9.8750e-04   1.4531e-04   2.6934e+02
20261016_12:00:00   8.1281e-02   2.3635e+01   8.5632e+00   0.0000e+00   2.4960e-04   2.6672e+02
20261016_15:00:00   7.1792e-02   2.1274e+01   7.1492e+00   0.0000e+00   0.0000e+00   2.6637e+02
20261016_18:00:00   7.2294e-02   2.1391e+01   7.2967e+00   0.0000e+00   0.0000e+00   2.6566e+02
20261016_21:00:00   7.1087e-02   2.1080e+01   7.2031e+00   6.2990e-06   0.0000e+00   2.6553e+02
20261017_00:00:00   8.0618e-02   2.3425e+01   8.3851e+00   3.7980e-03   0.0000e+00   2.6422e+02
20261017_03:00:00   7.7370e-02   2.2623e+01   7.8973e+00   4.6120e-03   0.0000e+00   2.6499e+02
20261017_06:00:00   6.2286e-02   1.8790e+01   6.1923e+00   0.0000e+00   0.0000e+00   2.6554e+02
20261017_09:00:00   5.6418e-02   1.7291e+01   5.2252e+00   0.0000e+00   4.1556e-03   2.6594e+02
20261017_12:00:00   5.5970e-02   1.7159e+01   5.2233e+00   0.0000e+00   3.8300e-05   2.6244e+02
20261017_15:00:00   5.5297e-02   1.6988e+01   5.1624e+00   0.0000e+00   0.0000e+00   2.6377e+02
20261017_18:00:00   5.0611e-02   1.5781e+01   4.4144e+00   0.0000e+00   0.0000e+00   2.6562e+02
20261017_21:00:00   4.9967e-02   1.5603e+01   4.3988e+00   3.0070e-05   1.6618e-05   2.6751e+02
20261018_00:00:00   5.6550e-02   1.7272e+01   5.2500e+00   1.9710e-03   6.4654e-04   2.6525e+02
20261018_03:00:00   8.3745e-02   2.4271e+01   5.3889e+00   3.2120e-02   7.4620e-07   2.6355e+02
20261018_06:00:00   6.1367e-02   1.8528e+01   5.4927e+00   6.0080e-03   0.0000e+00   2.6332e+02
20261018_09:00:00   5.8502e-02   1.7757e+01   5.8501e+00   2.1780e-06   0.0000e+00   2.6507e+02
20261018_12:00:00   5.8049e-02   1.7623e+01   5.8487e+00   0.0000e+00   0.0000e+00   2.6444e+02
20261018_15:00:00   5.9777e-02   1.8056e+01   6.0676e+00   0.0000e+00   0.0000e+00   2.6223e+02
20261018_18:00:00   6.5674e-02   1.9560e+01   6.8821e+00   0.0000e+00   0.0000e+00   2.6220e+02
20261018_21:00:00   7.6215e-02   2.2251e+01   7.4562e+00   6.8560e-03   0.0000e+00   2.6277e+02
20261019_00:00:00   2.1913e-01   5.5932e+01   8.3990e+00   1.6137e-01   0.0000e+00   2.6266e+02
20261019_03:00:00   3.2232e-01   7.7823e+01   7.2108e+00   2.8987e-01   0.0000e+00   2.6528e+02
20261019_06:00:00   6.8622e-02   2.0379e+01   6.6497e+00   1.3271e-03   0.0000e+00   2.6608e+02
20261019_09:00:00   5.9077e-02   1.7967e+01   5.2863e+00   0.0000e+00   0.0000e+00   2.6719e+02
20261019_12:00:00   5.0777e-02   1.5852e+01   3.9481e+00   0.0000e+00   0.0000e+00   2.6434e+02
20261019_15:00:00   4.5566e-02   1.4509e+01   3.1092e+00   0.0000e+00   0.0000e+00   2.6657e+02
20261019_18:00:00   4.3722e-02   1.4030e+01   2.8175e+00   0.0000e+00   0.0000e+00   2.6519e+02
20261019_21:00:00   4.2979e-02   1.3834e+01   2.6396e+00   1.7440e-04   0.0000e+00   2.6565e+02
20261020_00:00:00   1.9941e-01   5.1801e+01   4.6126e+00   1.6484e-01   0.0000e+00   2.6569e+02
20261020_03:00:00   1.2844e-01   3.5286e+01   5.2037e+00   7.8740e-02   0.0000e+00   2.6599e+02
20261020_06:00:00   8.4579e-02   2.4535e+01   4.1210e+00   3.6730e-02   0.0000e+00   2.6773e+02
20261020_09:00:00   7.5935e-02   2.2289e+01   5.1661e+00   1.8632e-02   0.0000e+00   2.6695e+02
20261020_12:00:00   4.8465e-02   1.5259e+01   3.3860e+00   5.5950e-07   0.0000e+00   2.6771e+02
20261020_15:00:00   3.7313e-02   1.2347e+01   1.6219e+00   3.3320e-06   0.0000e+00   2.6762e+02
20261020_18:00:00   3.5244e-02   1.1802e+01   1.2423e+00   0.0000e+00   0.0000e+00   2.6534e+02
20261020_21:00:00   3.4567e-02   1.1619e+01   1.1019e+00   0.0000e+00   0.0000e+00   2.6555e+02
20261021_00:00:00   3.8869e-02   1.2753e+01   1.7162e+00   9.5840e-04   0.0000e+00   2.6359e+02
20261021_03:00:00   3.8203e-02   1.2583e+01   1.7730e+00   1.9836e-05   0.0000e+00   2.6413e+02
20261021_06:00:00   4.1525e-02   1.3457e+01   2.3162e+00   0.0000e+00   0.0000e+00   2.6490e+02
20261021_09:00:00   3.9248e-02   1.2854e+01   1.9560e+00   4.9440e-06   0.0000e+00   2.7007e+02
20261021_12:00:00   4.2760e-02   1.3766e+01   2.5640e+00   4.9740e-05   3.6560e-04   2.6836e+02
20261021_15:00:00   4.0219e-02   1.3096e+01   2.1361e+00   4.6030e-04   6.1216e-04   2.6743e+02
20261021_18:00:00   3.8861e-02   1.2735e+01   1.9745e+00   7.2140e-06   6.3640e-03   2.7096e+02
20261021_21:00:00   3.7344e-02   1.2333e+01   1.7220e+00   0.0000e+00   2.0937e-03   2.7051e+02
20261022_00:00:00   3.6442e-02   1.2086e+01   1.5942e+00   0.0000e+00   3.5681e-03   2.6737e+02
20261022_03:00:00   3.5629e-02   1.1880e+01   1.4697e+00   0.0000e+00   9.4474e-03   2.6828e+02
20261022_06:00:00   3.5339e-02   1.1792e+01   1.4147e+00   0.0000e+00   6.7278e-03   2.6962e+02
20261022_09:00:00   3.4076e-02   1.1464e+01   1.1170e+00   3.6830e-05   7.9079e-03   2.7164e+02
20261022_12:00:00   3.3875e-02   1.1411e+01   1.0604e+00   3.9650e-06   1.3666e-02   2.7037e+02
20261022_15:00:00   3.3035e-02   1.1190e+01   8.9672e-01   5.3090e-07   9.1954e-03   2.6808e+02
20261022_18:00:00   3.2280e-02   1.0989e+01   7.1975e-01   0.0000e+00   6.3492e-04   2.6879e+02
20261022_21:00:00   3.3285e-02   1.1234e+01   9.5326e-01   0.0000e+00   5.0858e-03   2.7029e+02
20261023_00:00:00   3.4322e-02   1.1492e+01   1.2292e+00   0.0000e+00   1.0711e-02   2.6821e+02
20261023_03:00:00   3.4404e-02   1.1513e+01   1.2727e+00   1.7670e-05   2.5763e-02   2.6798e+02
20261023_06:00:00   3.4026e-02   1.1420e+01   1.1799e+00   1.1030e-05   7.2112e-03   2.6757e+02
20261023_09:00:00   3.3953e-02   1.1417e+01   1.0905e+00   5.2010e-05   1.4277e-02   2.6824e+02
20261023_12:00:00   3.3660e-02   1.1338e+01   1.0444e+00   0.0000e+00   1.1849e-02   2.6776e+02
20261023_15:00:00   3.4050e-02   1.1428e+01   1.1033e+00   2.6650e-05   5.9133e-02   2.6687e+02
20261023_18:00:00   3.4019e-02   1.1432e+01   1.0812e+00   0.0000e+00   4.2582e-02   2.6437e+02
20261023_21:00:00   3.4256e-02   1.1497e+01   1.1407e+00   4.4960e-06   4.5906e-02   2.6484e+02
20261024_00:00:00   3.3958e-02   1.1413e+01   1.1613e+00   1.0980e-05   1.3342e-02   2.6338e+02
20261024_03:00:00   3.4148e-02   1.1457e+01   1.2180e+00   3.4090e-07   3.9100e-02   2.6345e+02
20261024_06:00:00   3.4723e-02   1.1590e+01   1.3352e+00   6.7940e-07   7.3421e-02   2.6549e+02
20261024_09:00:00   3.6401e-02   1.1994e+01   1.6999e+00   0.0000e+00   1.5121e-01   2.6836e+02
20261024_12:00:00   3.8571e-02   1.2533e+01   2.1671e+00   0.0000e+00   1.9455e-01   2.6773e+02
20261024_15:00:00   3.8405e-02   1.2500e+01   2.2193e+00   0.0000e+00   2.9202e-02   2.6720e+02
20261024_18:00:00   4.0124e-02   1.2917e+01   2.5672e+00   0.0000e+00   7.8109e-02   2.6735e+02
20261024_21:00:00   4.1526e-02   1.3291e+01   2.9033e+00   0.0000e+00   1.3923e-02   2.6681e+02
20261025_00:00:00   3.9511e-02   1.2781e+01   2.5000e+00   0.0000e+00   1.7765e-02   2.6499e+02
