#            date       tau255        Tb[K]      pwv[mm] lwp[kg*m^-2] iwp[kg*m^-2]       o3[DU]
20260727_18:00:00   3.5637e-02   1.1996e+01   1.5857e+00   0.0000e+00   0.0000e+00   2.6750e+02
20260727_19:00:00   3.5525e-02   1.1968e+01   1.5458e+00   0.0000e+00   0.0000e+00   2.7012e+02
20260727_20:00:00   3.5245e-02   1.1896e+01   1.4768e+00   0.0000e+00   0.0000e+00   2.7175e+02
20260727_21:00:00   3.5232e-02   1.1900e+01   1.4633e+00   0.0000e+00   0.0000e+00   2.7034e+02
20260727_22:00:00   3.5297e-02   1.1921e+01   1.4686e+00   0.0000e+00   0.0000e+00   2.6767e+02
20260727_23:00:00   3.5460e-02   1.1966e+01   1.4957e+00   0.0000e+00   0.0000e+00   2.6863e+02
20260728_00:00:00   3.6052e-02   1.2132e+01   1.5710e+00   1.8180e-04   0.0000e+00   2.7002e+02
20260728_01:00:00   3.6896e-02   1.2366e+01   1.4853e+00   1.7510e-03   0.0000e+00   2.6932e+02
20260728_02:00:00   3.7220e-02   1.2458e+01   1.4401e+00   2.3970e-03   0.0000e+00   2.6908e+02
20260728_03:00:00   3.4754e-02   1.1791e+01   1.3152e+00   2.5060e-04   0.0000e+00   2.6591e+02
20260728_04:00:00   3.4377e-02   1.1691e+01   1.2870e+00   0.0000e+00   0.0000e+00   2.6433e+02
20260728_05:00:00   3.4377e-02   1.1692e+01   1.2867e+00   0.0000e+00   0.0000e+00   2.6362e+02
20260728_06:00:00   3.4335e-02   1.1678e+01   1.2757e+00   3.3030e-07   0.0000e+00   2.6517e+02
20260728_07:00:00   3.4728e-02   1.1782e+01   1.3487e+00   7.0240e-06   0.0000e+00   2.6472e+02
20260728_08:00:00   3.4974e-02   1.1845e+01   1.3942e+00   1.0360e-06   0.0000e+00   2.6768e+02
20260728_09:00:00   3.5033e-02   1.1858e+01   1.4108e+00   0.0000e+00   0.0000e+00   2.6953e+02
20260728_10:00:00   3.4987e-02   1.1844e+01   1.4045e+00   0.0000e+00   0.0000e+00   2.6759e+02
20260728_11:00:00   3.4958e-02   1.1835e+01   1.4108e+00   0.0000e+00   0.0000e+00   2.6824e+02
20260728_12:00:00   3.4997e-02   1.1842e+01   1.4281e+00   0.0000e+00   0.0000e+00   2.6784e+02
20260728_13:00:00   3.5057e-02   1.1857e+01   1.4462e+00   0.0000e+00   0.0000e+00   2.6794e+02
20260728_14:00:00   3.5327e-02   1.1927e+01   1.5111e+00   0.0000e+00   0.0000e+00   2.6505e+02
20260728_15:00:00   3.6149e-02   1.2143e+01   1.6911e+00   0.0000e+00   0.0000e+00   2.6811e+02
20260728_16:00:00   3.6787e-02   1.2310e+01   1.8201e+00   0.0000e+00   0.0000e+00   2.7114e+02
20260728_17:00:00   3.6823e-02   1.2320e+01   1.8152e+00   0.0000e+00   0.0000e+00   2.7015e+02
20260728_18:00:00   3.6641e-02   1.2269e+01   1.7788e+00   0.0000e+00   0.0000e+00   2.7266e+02
20260728_19:00:00   3.6670e-02   1.2277e+01   1.7936e+00   0.0000e+00   0.0000e+00   2.7590e+02
20260728_20:00:00   3.6533e-02   1.2236e+01   1.7885e+00   0.0000e+00   0.0000e+00   2.7680e+02
20260728_21:00:00   3.7884e-02   1.2596e+01   1.9766e+00   5.1290e-04   0.0000e+00   2.7294e+02
20260728_22:00:00   4.2282e-02   1.3772e+01   2.7349e+00   3.4960e-04   0.0000e+00   2.7322e+02
20260728_23:00:00   4.7859e-02   1.5261e+01   3.1235e+00   3.9070e-03   0.0000e+00   2.7279e+02
20260729_00:00:00   1.1020e-01   3.1305e+01   3.9630e+00   7.1880e-02   1.4380e-06   2.7162e+02
20260729_01:00:00   9.9239e-02   2.8539e+01   4.8868e+00   5.2660e-02   0.0000e+00   2.6832e+02
20260729_02:00:00   1.3479e-01   3.7323e+01   5.2844e+00   9.2870e-02   0.0000e+00   2.6825e+02
20260729_03:00:00   1.4570e-01   3.9964e+01   4.9053e+00   1.0854e-01   0.0000e+00   2.7058e+02
20260729_04:00:00   8.9201e-02   2.6001e+01   4.1466e+00   4.7050e-02   0.0000e+00   2.7451e+02
20260729_05:00:00   2.2570e-01   5.8457e+01   3.8532e+00   2.1037e-01   0.0000e+00   2.7622e+02
20260729_06:00:00   7.1833e-02   2.1549e+01   3.3701e+00   3.2035e-02   0.0000e+00   2.7457e+02
20260729_07:00:00   1.1157e-01   3.1646e+01   3.4503e+00   7.8416e-02   0.0000e+00   2.7236e+02
20260729_08:00:00   9.1420e-02   2.6572e+01   3.3556e+00   5.5020e-02   0.0000e+00   2.7302e+02
20260729_09:00:00   5.0542e-02   1.5958e+01   3.2345e+00   7.5090e-03   0.0000e+00   2.7416e+02
20260729_10:00:00   4.3974e-02   1.4199e+01   3.1893e+00   5.7910e-05   0.0000e+00   2.7365e+02
20260729_11:00:00   4.4510e-02   1.4337e+01   3.2435e+00   3.5680e-04   0.0000e+00   2.7168e+02
20260729_12:00:00   4.6734e-02   1.4912e+01   3.5283e+00   8.7510e-04   0.0000e+00   2.7079e+02
20260729_13:00:00   4.9803e-02   1.5719e+01   3.5352e+00   4.6487e-03   0.0000e+00   2.7043e+02
20260729_14:00:00   4.5537e-02   1.4574e+01   3.5169e+00   1.0305e-04   0.0000e+00   2.6878e+02
20260729_15:00:00   4.5312e-02   1.4506e+01   3.5236e+00   2.3150e-07   0.0000e+00   2.7127e+02
20260729_16:00:00   4.4667e-02   1.4329e+01   3.4343e+00   0.0000e+00   0.0000e+00   2.7128e+02
20260729_17:00:00   4.3319e-02   1.3965e+01   3.2104e+00   0.0000e+00   0.0000e+00   2.7088e+02
20260729_18:00:00   4.2749e-02   1.3806e+01   3.1251e+00   0.0000e+00   0.0000e+00   2.7170e+02
20260729_19:00:00   4.2323e-02   1.3696e+01   3.0194e+00   0.0000e+00   0.0000e+00   2.7365e+02
20260729_20:00:00   4.3329e-02   1.3962e+01   3.1771e+00   6.4710e-06   0.0000e+00   2.7218e+02
20260729_21:00:00   4.5160e-02   1.4447e+01   3.4652e+00   1.8640e-04   0.0000e+00   2.7172e+02
20260729_22:00:00   5.7838e-02   1.7780e+01   4.2306e+00   9.6820e-03   0.0000e+00   2.7074e+02
20260729_23:00:00   6.5869e-02   1.9841e+01   5.0841e+00   1.2676e-02   0.0000e+00   2.7103e+02
20260730_00:00:00   8.5966e-02   2.4956e+01   6.0627e+00   2.9752e-02   6.5640e-05   2.7351e+02
20260730_01:00:00   9.3279e-02   2.6787e+01   6.5056e+00   3.5430e-02   0.0000e+00   2.7364e+02
20260730_02:00:00   1.1629e-01   3.2496e+01   7.1276e+00   5.8310e-02   0.0000e+00   2.7450e+02
20260730_03:00:00   9.1506e-02   2.6298e+01   7.2117e+00   2.8786e-02   0.0000e+00   2.7385e+02
20260730_04:00:00   7.8373e-02   2.2955e+01   7.1915e+00   1.4248e-02   3.4560e-06   2.7430e+02
20260730_05:00:00   6.9282e-02   2.0616e+01   7.1368e+00   4.5090e-03   3.6880e-05   2.7256e+02
20260730_06:00:00   6.2391e-02   1.8840e+01   6.5996e+00   7.6071e-04   4.3763e-05   2.7420e+02
20260730_07:00:00   5.7453e-02   1.7546e+01   5.9446e+00   9.4260e-07   1.4441e-05   2.7383e+02
20260730_08:00:00   5.2228e-02   1.6202e+01   5.0396e+00   0.0000e+00   0.0000e+00   2.7375e+02
20260730_09:00:00   4.9159e-02   1.5408e+01   4.4596e+00   0.0000e+00   0.0000e+00   2.7518e+02
20260730_10:00:00   4.7160e-02   1.4897e+01   4.0604e+00   0.0000e+00   0.0000e+00   2.7638e+02
20260730_11:00:00   4.6477e-02   1.4716e+01   3.9178e+00   0.0000e+00   0.0000e+00   2.7682e+02
20260730_12:00:00   4.6367e-02   1.4686e+01   3.8784e+00   0.0000e+00   0.0000e+00   2.7620e+02
20260730_13:00:00   4.6539e-02   1.4737e+01   3.8636e+00   0.0000e+00   0.0000e+00   2.7574e+02
20260730_14:00:00   4.7610e-02   1.5019e+01   4.0108e+00   0.0000e+00   0.0000e+00   2.7743e+02
20260730_15:00:00   4.8795e-02   1.5318e+01   4.2168e+00   0.0000e+00   0.0000e+00   2.8052e+02
20260730_16:00:00   4.8917e-02   1.5345e+01   4.2479e+00   0.0000e+00   0.0000e+00   2.7841e+02
20260730_17:00:00   4.8115e-02   1.5139e+01   4.1063e+00   0.0000e+00   0.0000e+00   2.7985e+02
20260730_18:00:00   4.7479e-02   1.4973e+01   3.9943e+00   0.0000e+00   0.0000e+00   2.8234e+02
20260730_19:00:00   4.7277e-02   1.4918e+01   3.9720e+00   0.0000e+00   0.0000e+00   2.8187e+02
20260730_20:00:00   4.7767e-02   1.5039e+01   4.0643e+00   0.0000e+00   0.0000e+00   2.8188e+02
20260730_21:00:00   4.8127e-02   1.5133e+01   4.1124e+00   0.0000e+00   0.0000e+00   2.8102e+02
20260730_22:00:00   4.8924e-02   1.5347e+01   4.2131e+00   7.7690e-06   0.0000e+00   2.8112e+02
20260730_23:00:00   5.0274e-02   1.5697e+01   4.4278e+00   6.2100e-07   0.0000e+00   2.7856e+02
20260731_00:00:00   5.1333e-02   1.5968e+01   4.6016e+00   0.0000e+00   0.0000e+00   2.7663e+02
20260731_01:00:00   5.2521e-02   1.6270e+01   4.8210e+00   0.0000e+00   0.0000e+00   2.7700e+02
20260731_02:00:00   5.3128e-02   1.6420e+01   4.9585e+00   0.0000e+00   0.0000e+00   2.7760e+02
20260731_03:00:00   5.3605e-02   1.6538e+01   5.0505e+00   0.0000e+00   0.0000e+00   2.7892e+02
20260731_04:00:00   5.3489e-02   1.6511e+01   5.0329e+00   0.0000e+00   0.0000e+00   2.7900e+02
20260731_05:00:00   5.3269e-02   1.6458e+01   4.9987e+00   0.0000e+00   0.0000e+00   2.8170e+02
20260731_06:00:00   5.3501e-02   1.6518e+01   5.0413e+00   0.0000e+00   0.0000e+00   2.8242e+02
20260731_07:00:00   5.4658e-02   1.6812e+01   5.2126e+00   0.0000e+00   0.0000e+00   2.8137e+02
20260731_08:00:00   5.6030e-02   1.7161e+01   5.4281e+00   0.0000e+00   0.0000e+00   2.7869e+02
20260731_09:00:00   5.6709e-02   1.7329e+01   5.5455e+00   0.0000e+00   0.0000e+00   2.7918e+02
20260731_10:00:00   5.5899e-02   1.7120e+01   5.4118e+00   0.0000e+00   0.0000e+00   2.8042e+02
20260731_11:00:00   5.5062e-02   1.6907e+01   5.2627e+00   0.0000e+00   0.0000e+00   2.8174e+02
20260731_12:00:00   5.5060e-02   1.6897e+01   5.2678e+00   0.0000e+00   0.0000e+00   2.8226e+02
20260731_13:00:00   5.5418e-02   1.6981e+01   5.3301e+00   0.0000e+00   0.0000e+00   2.8133e+02
20260731_14:00:00   5.5433e-02   1.6982e+01   5.3324e+00   0.0000e+00   0.0000e+00   2.8167e+02
20260731_15:00:00   5.4951e-02   1.6860e+01   5.2461e+00   0.0000e+00   0.0000e+00   2.8398e+02
20260731_16:00:00   5.4097e-02   1.6643e+01   5.1192e+00   0.0000e+00   1.7276e-06   2.8421e+02
20260731_17:00:00   5.3956e-02   1.6598e+01   5.1178e+00   0.0000e+00   1.2102e-04   2.8429e+02
20260731_18:00:00   5.3888e-02   1.6576e+01   5.1154e+00   0.0000e+00   2.6282e-04   2.8343e+02
20260731_19:00:00   5.4005e-02   1.6612e+01   5.1129e+00   0.0000e+00   7.5200e-05   2.8401e+02
20260731_20:00:00   5.3660e-02   1.6529e+01   5.0211e+00   0.0000e+00   0.0000e+00   2.8417e+02
20260731_21:00:00   5.2747e-02   1.6302e+01   4.8617e+00   0.0000e+00   0.0000e+00   2.8478e+02
20260731_22:00:00   5.2738e-02   1.6307e+01   4.8411e+00   0.0000e+00   0.0000e+00   2.8285e+02
20260731_23:00:00   5.4015e-02   1.6650e+01   4.9979e+00   0.0000e+00   0.0000e+00   2.8155e+02
20260801_00:00:00   5.3848e-02   1.6617e+01   4.9740e+00   0.0000e+00   0.0000e+00   2.8398e+02
20260801_01:00:00   5.5600e-02   1.7079e+01   4.9588e+00   2.1894e-03   0.0000e+00   2.8381e+02
20260801_02:00:00   5.1372e-02   1.5985e+01   4.5917e+00   9.6960e-06   0.0000e+00   2.8421e+02
20260801_03:00:00   5.2452e-02   1.6277e+01   4.4033e+00   2.6179e-03   0.0000e+00   2.8441e+02
20260801_04:00:00   4.7268e-02   1.4925e+01   3.9392e+00   0.0000e+00   0.0000e+00   2.8572e+02
20260801_05:00:00   4.5278e-02   1.4404e+01   3.6142e+00   0.0000e+00   0.0000e+00   2.8707e+02
20260801_06:00:00   4.3986e-02   1.4067e+01   3.3729e+00   0.0000e+00   0.0000e+00   2.8599e+02
20260801_07:00:00   4.2990e-02   1.3806e+01   3.1965e+00   0.0000e+00   1.3820e-05   2.8676e+02
20260801_08:00:00   4.2129e-02   1.3578e+01   3.0325e+00   0.0000e+00   1.3318e-05   2.8770e+02
20260801_09:00:00   4.1428e-02   1.3396e+01   2.8886e+00   0.0000e+00   0.0000e+00   2.8798e+02
20260801_10:00:00   4.1251e-02   1.3352e+01   2.8587e+00   0.0000e+00   0.0000e+00   2.8983e+02
20260801_11:00:00   4.1269e-02   1.3363e+01   2.8610e+00   0.0000e+00   0.0000e+00   2.8975e+02
20260801_12:00:00   4.1423e-02   1.3404e+01   2.9071e+00   0.0000e+00   0.0000e+00   2.8748e+02
20260801_13:00:00   4.1539e-02   1.3430e+01   2.9465e+00   0.0000e+00   0.0000e+00   2.8775e+02
20260801_14:00:00   4.1604e-02   1.3444e+01   2.9604e+00   0.0000e+00   0.0000e+00   2.8955e+02
20260801_15:00:00   4.1606e-02   1.3440e+01   2.9509e+00   0.0000e+00   0.0000e+00   2.8831e+02
20260801_16:00:00   4.1683e-02   1.3462e+01   2.9641e+00   0.0000e+00   0.0000e+00   2.8718e+02
20260801_17:00:00   4.1982e-02   1.3542e+01   3.0102e+00   0.0000e+00   0.0000e+00   2.8641e+02
20260801_18:00:00   4.2439e-02   1.3666e+01   3.0910e+00   2.8870e-06   0.0000e+00   2.8684e+02
20260801_21:00:00   4.2785e-02   1.3757e+01   3.1392e+00   0.0000e+00   0.0000e+00   2.8885e+02
20260802_00:00:00   4.1750e-02   1.3496e+01   2.9352e+00   0.0000e+00   0.0000e+00   2.8590e+02
20260802_03:00:00   4.0995e-02   1.3308e+01   2.7969e+00   0.0000e+00   0.0000e+00   2.8489e+02
20260802_06:00:00   4.2532e-02   1.3724e+01   3.0530e+00   0.0000e+00   0.0000e+00   2.8524e+02
20260802_09:00:00   4.3690e-02   1.4018e+01   3.2739e+00   0.0000e+00   0.0000e+00   2.8607e+02
20260802_12:00:00   4.4286e-02   1.4157e+01   3.4163e+00   0.0000e+00   0.0000e+00   2.8409e+02
20260802_15:00:00   4.4294e-02   1.4147e+01   3.4482e+00   0.0000e+00   0.0000e+00   2.8352e+02
20260802_18:00:00   4.6615e-02   1.4735e+01   3.8953e+00   0.0000e+00   0.0000e+00   2.8857e+02
20260802_21:00:00   4.7901e-02   1.5064e+01   4.1545e+00   0.0000e+00   2.0480e-04   2.8884e+02
20260803_00:00:00   5.0729e-02   1.5819e+01   4.5033e+00   5.0900e-04   0.0000e+00   2.8727e+02
20260803_03:00:00   4.8371e-02   1.5203e+01   4.2839e+00   0.0000e+00   0.0000e+00   2.8374e+02
20260803_06:00:00   4.7142e-02   1.4866e+01   4.1121e+00   0.0000e+00   1.1320e-04   2.8382e+02
20260803_09:00:00   4.6770e-02   1.4750e+01   4.0426e+00   0.0000e+00   7.6420e-05   2.8110e+02
20260803_12:00:00   4.6436e-02   1.4663e+01   3.9675e+00   0.0000e+00   6.6580e-06   2.7833e+02
20260803_15:00:00   4.6300e-02   1.4611e+01   3.9580e+00   0.0000e+00   0.0000e+00   2.8070e+02
20260803_18:00:00   4.6913e-02   1.4752e+01   4.0897e+00   0.0000e+00   2.8494e-04   2.8379e+02
20260803_21:00:00   4.8252e-02   1.5075e+01   4.3818e+00   1.7240e-05   1.1701e-02   2.8426e+02
20260804_00:00:00   5.1949e-02   1.6060e+01   4.9390e+00   6.9280e-04   1.2864e-04   2.8607e+02
20260804_03:00:00   5.4226e-02   1.6616e+01   5.2995e+00   1.6060e-03   8.4488e-03   2.8264e+02
20260804_06:00:00   5.3126e-02   1.6275e+01   5.3663e+00   0.0000e+00   1.9112e-01   2.8261e+02
20260804_09:00:00   5.3515e-02   1.6381e+01   5.4992e+00   0.0000e+00   1.4236e-02   2.8503e+02
20260804_12:00:00   5.6843e-02   1.7173e+01   6.0525e+00   0.0000e+00   1.3460e-01   2.8351e+02
20260804_15:00:00   5.3296e-02   1.6309e+01   5.4438e+00   0.0000e+00   8.9608e-03   2.8264e+02
20260804_18:00:00   5.4075e-02   1.6471e+01   5.4965e+00   0.0000e+00   1.3330e-01   2.8351e+02
20260804_21:00:00   6.0790e-02   1.8131e+01   6.6604e+00   0.0000e+00   2.6181e-01   2.8535e+02
20260805_00:00:00   5.9572e-02   1.7885e+01   6.5679e+00   3.4840e-05   1.5423e-02   2.8284e+02
20260805_03:00:00   5.9308e-02   1.7771e+01   6.4773e+00   2.0820e-07   2.1644e-01   2.7977e+02
20260805_06:00:00   5.7351e-02   1.7273e+01   6.0610e+00   0.0000e+00   2.5284e-01   2.8519e+02
20260805_09:00:00   5.5422e-02   1.6814e+01   5.7609e+00   0.0000e+00   6.4995e-02   2.8469e+02
20260805_12:00:00   5.1679e-02   1.5869e+01   5.0494e+00   0.0000e+00   7.5862e-02   2.8046e+02
20260805_15:00:00   5.4253e-02   1.6488e+01   5.5046e+00   0.0000e+00   7.6530e-02   2.8116e+02
20260805_18:00:00   5.7043e-02   1.7203e+01   5.9508e+00   0.0000e+00   8.9691e-02   2.8470e+02
20260805_21:00:00   5.7075e-02   1.7186e+01   6.0175e+00   0.0000e+00   2.2298e-01   2.8665e+02
20260806_00:00:00   5.8063e-02   1.7494e+01   6.2913e+00   4.3670e-05   4.7930e-02   2.8320e+02
20260806_03:00:00   6.6715e-02   1.9614e+01   7.4655e+00   1.1710e-03   4.3517e-01   2.7726e+02
20260806_06:00:00   7.6445e-02   2.1984e+01   9.1513e+00   0.0000e+00   5.6016e-01   2.7788e+02
20260806_09:00:00   8.9302e-02   2.5175e+01   1.1031e+01   0.0000e+00   6.4786e-01   2.8101e+02
20260806_12:00:00   1.0311e-01   2.8571e+01   1.2836e+01   0.0000e+00   6.1004e-01   2.8040e+02
20260806_15:00:00   1.0099e-01   2.8106e+01   1.2676e+01   0.0000e+00   1.7999e-01   2.7948e+02
20260806_18:00:00   7.1081e-01   1.3992e+02   1.4878e+01   6.7009e-01   2.1059e-01   2.8129e+02
20260806_21:00:00   9.9149e-02   2.7723e+01   1.2522e+01   0.0000e+00   2.8429e-02   2.8304e+02
20260807_00:00:00   1.0792e-01   2.9807e+01   1.3674e+01   6.1291e-05   5.1548e-01   2.7949e+02
20260807_03:00:00   9.7120e-02   2.7215e+01   1.2455e+01   0.0000e+00   2.3319e-01   2.7998e+02
20260807_06:00:00   9.5697e-02   2.6864e+01   1.2284e+01   0.0000e+00   2.9744e-01   2.8205e+02
20260807_09:00:00   8.5208e-02   2.4292e+01   1.0884e+01   0.0000e+00   7.8411e-02   2.8099e+02
20260807_12:00:00   8.2169e-02   2.3554e+01   1.0425e+01   0.0000e+00   6.3453e-02   2.7929e+02
20260807_15:00:00   8.0438e-02   2.3157e+01   1.0100e+01   0.0000e+00   5.3350e-03   2.7841e+02
20260807_18:00:00   7.9950e-02   2.3047e+01   1.0060e+01   0.0000e+00   1.5797e-02   2.8079e+02
20260807_21:00:00   7.9964e-02   2.3080e+01   1.0074e+01   0.0000e+00   1.1946e-02   2.7874e+02
20260808_00:00:00   8.0835e-02   2.3309e+01   1.0218e+01   0.0000e+00   3.2330e-02   2.7725e+02
20260808_03:00:00   8.6044e-02   2.4492e+01   1.1068e+01   0.0000e+00   5.0236e-01   2.7433e+02
20260808_06:00:00   7.7920e-02   2.2523e+01   9.9549e+00   0.0000e+00   1.8692e-01   2.7752e+02
20260808_09:00:00   7.5131e-02   2.1873e+01   9.4406e+00   0.0000e+00   5.2334e-02   2.7539e+02
20260808_12:00:00   8.1110e-02   2.3353e+01   1.0481e+01   0.0000e+00   3.5736e-02   2.7654e+02
20260808_15:00:00   8.6648e-02   2.4715e+01   1.1281e+01   0.0000e+00   3.2835e-02   2.7680e+02
20260808_18:00:00   9.7333e-02   2.7300e+01   1.2580e+01   0.0000e+00   4.3872e-01   2.7634e+02
20260808_21:00:00   1.0785e-01   2.9936e+01   1.4193e+01   0.0000e+00   2.2836e-01   2.7703e+02
20260809_00:00:00   9.8078e-02   2.7649e+01   1.2811e+01   1.8240e-05   3.2991e-02   2.7885e+02
20260809_03:00:00   8.0804e-02   2.3377e+01   1.0260e+01   0.0000e+00   3.1856e-03   2.7908e+02
20260809_06:00:00   7.2587e-02   2.1308e+01   8.9647e+00   0.0000e+00   1.0760e-02   2.7849e+02
20260809_09:00:00   6.7964e-02   2.0150e+01   8.2615e+00   0.0000e+00   2.8057e-02   2.7972e+02
20260809_12:00:00   6.6763e-02   1.9833e+01   8.1150e+00   0.0000e+00   2.2807e-02   2.7950e+02
20260809_15:00:00   6.5507e-02   1.9516e+01   7.8533e+00   0.0000e+00   2.2513e-03   2.8042e+02
20260809_18:00:00   6.3482e-02   1.9018e+01   7.5240e+00   0.0000e+00   4.2516e-03   2.8219e+02
20260809_21:00:00   6.0686e-02   1.8336e+01   6.9704e+00   2.8720e-05   1.6507e-04   2.8098e+02
20260810_00:00:00   6.3551e-02   1.9116e+01   7.2506e+00   8.9530e-04   4.6366e-05   2.7879e+02
20260810_03:00:00   6.2212e-02   1.8767e+01   6.9645e+00   1.7870e-03   8.9677e-04   2.7975e+02
20260810_06:00:00   5.7287e-02   1.7476e+01   6.3378e+00   0.0000e+00   3.1521e-05   2.8091e+02
20260810_09:00:00   5.6754e-02   1.7329e+01   6.2945e+00   0.0000e+00   1.1830e-05   2.8170e+02
20260810_12:00:00   5.7310e-02   1.7473e+01   6.4317e+00   0.0000e+00   2.2904e-03   2.8163e+02
20260810_15:00:00   5.8442e-02   1.7746e+01   6.6591e+00   0.0000e+00   8.0232e-04   2.8095e+02
20260810_18:00:00   5.8971e-02   1.7912e+01   6.6917e+00   0.0000e+00   8.8920e-05   2.8212e+02
20260810_21:00:00   6.1093e-02   1.8464e+01   7.1569e+00   2.8980e-06   1.8298e-04   2.8343e+02
20260811_00:00:00   9.7459e-02   2.7730e+01   9.2052e+00   2.7712e-02   2.0920e-03   2.8125e+02
20260811_03:00:00   8.2123e-02   2.3782e+01   9.9818e+00   5.4934e-03   1.7734e-02   2.8130e+02
20260811_06:00:00   7.6403e-02   2.2217e+01   9.9019e+00   1.8600e-04   1.0668e-01   2.8080e+02
20260811_09:00:00   8.1092e-02   2.3457e+01   1.0620e+01   0.0000e+00   7.7273e-02   2.8248e+02
20260811_12:00:00   9.5426e-02   2.7046e+01   1.2528e+01   0.0000e+00   1.4761e-03   2.8243e+02
20260811_15:00:00   1.0105e-01   2.8392e+01   1.3342e+01   0.0000e+00   2.4231e-03   2.8097e+02
20260811_18:00:00   9.5103e-02   2.6889e+01   1.2695e+01   0.0000e+00   5.7208e-03   2.8244e+02
20260811_21:00:00   1.1188e-01   3.1045e+01   1.3324e+01   1.2698e-02   6.9119e-04   2.8226e+02
20260812_00:00:00   1.9656e-01   5.1099e+01   1.5825e+01   8.7395e-02   3.4454e-04   2.8055e+02
20260812_03:00:00   9.0496e-01   1.6600e+02   1.6861e+01   8.9771e-01   1.1466e-03   2.7887e+02
20260812_06:00:00   6.8437e-01   1.3793e+02   1.7158e+01   6.3534e-01   2.8457e-03   2.8063e+02
20260812_09:00:00   3.2433e-01   7.8063e+01   1.7225e+01   2.2217e-01   1.1165e-02   2.7942e+02
20260812_12:00:00   3.5879e-01   8.4820e+01   1.7003e+01   2.6406e-01   6.5457e-02   2.7845e+02
20260812_15:00:00   1.5207e-01   4.0467e+01   1.6240e+01   3.1390e-02   3.1157e-02   2.7863e+02
20260812_18:00:00   6.7521e-01   1.3472e+02   1.6514e+01   6.1882e-01   7.0441e-02   2.7902e+02
