#            date       tau255        Tb[K]      pwv[mm] lwp[kg*m^-2] iwp[kg*m^-2]       o3[DU]
20260910_12:00:00   8.0451e-02   2.3713e+01   5.1522e+00   2.8072e-02   9.9229e-04   2.6203e+02
20260910_13:00:00   1.1107e-01   3.1397e+01   5.3259e+00   6.2260e-02   8.0665e-04   2.6093e+02
20260910_14:00:00   5.9656e-02   1.8329e+01   5.1522e+00   3.5713e-03   6.1032e-04   2.5909e+02
20260910_15:00:00   7.8389e-02   2.3174e+01   5.7111e+00   2.0847e-02   4.9409e-04   2.5863e+02
20260910_16:00:00   6.7263e-02   2.0279e+01   6.5289e+00   2.9750e-05   3.6785e-04   2.5761e+02
20260910_17:00:00   7.0168e-02   2.1027e+01   6.7889e+00   4.4300e-04   3.6133e-04   2.5879e+02
20260910_18:00:00   6.9775e-02   2.0941e+01   6.6359e+00   1.1010e-03   4.5019e-04   2.6094e+02
20260910_19:00:00   6.7439e-02   2.0354e+01   6.3528e+00   7.8070e-04   2.8012e-04   2.6041e+02
20260910_20:00:00   6.4154e-02   1.9515e+01   5.9309e+00   5.2360e-04   4.2298e-04   2.6158e+02
20260910_21:00:00   6.3691e-02   1.9401e+01   5.7318e+00   1.4060e-03   8.5725e-04   2.6256e+02
20260910_22:00:00   6.4600e-02   1.9631e+01   5.9173e+00   8.0120e-04   1.3540e-03   2.6162e+02
20260910_23:00:00   6.6710e-02   2.0175e+01   6.1660e+00   1.1090e-03   5.0542e-04   2.6001e+02
20260911_00:00:00   6.6672e-02   2.0166e+01   6.1992e+00   1.2170e-03   3.3332e-04   2.6078e+02
20260911_01:00:00   6.5259e-02   1.9798e+01   6.1719e+00   1.2050e-05   4.8102e-04   2.6410e+02
20260911_02:00:00   6.5702e-02   1.9910e+01   6.2036e+00   1.0620e-04   8.7432e-04   2.6612e+02
20260911_03:00:00   6.7004e-02   2.0237e+01   6.3621e+00   1.6880e-04   3.3780e-04   2.6677e+02
20260911_04:00:00   6.5571e-02   1.9865e+01   6.2078e+00   8.0220e-05   2.3940e-04   2.6687e+02
20260911_05:00:00   6.4342e-02   1.9540e+01   6.0927e+00   0.0000e+00   1.0584e-04   2.6681e+02
20260911_06:00:00   6.3594e-02   1.9339e+01   5.9806e+00   0.0000e+00   4.1020e-05   2.6761e+02
20260911_07:00:00   6.1725e-02   1.8859e+01   5.6921e+00   0.0000e+00   3.6700e-05   2.6731e+02
20260911_08:00:00   6.0018e-02   1.8415e+01   5.4484e+00   0.0000e+00   9.9280e-06   2.6652e+02
20260911_09:00:00   6.0058e-02   1.8416e+01   5.4331e+00   0.0000e+00   0.0000e+00   2.6986e+02
20260911_10:00:00   6.0989e-02   1.8645e+01   5.5579e+00   0.0000e+00   0.0000e+00   2.7049e+02
20260911_11:00:00   6.0797e-02   1.8589e+01   5.5098e+00   0.0000e+00   4.1524e-05   2.6789e+02
20260911_12:00:00   5.8453e-02   1.7985e+01   5.1784e+00   0.0000e+00   3.7673e-05   2.6988e+02
20260911_13:00:00   5.5760e-02   1.7287e+01   4.8277e+00   0.0000e+00   1.8081e-05   2.7118e+02
20260911_14:00:00   5.3761e-02   1.6768e+01   4.5452e+00   0.0000e+00   5.1223e-06   2.7114e+02
20260911_15:00:00   5.1955e-02   1.6294e+01   4.2982e+00   0.0000e+00   4.4221e-05   2.6835e+02
20260911_16:00:00   5.1308e-02   1.6123e+01   4.2084e+00   0.0000e+00   1.3090e-04   2.6731e+02
20260911_17:00:00   5.1359e-02   1.6132e+01   4.2309e+00   0.0000e+00   1.2610e-04   2.6926e+02
20260911_18:00:00   5.1256e-02   1.6104e+01   4.2271e+00   0.0000e+00   1.0836e-04   2.7221e+02
20260911_19:00:00   5.0926e-02   1.6014e+01   4.2000e+00   0.0000e+00   6.7420e-05   2.7102e+02
20260911_20:00:00   5.0582e-02   1.5926e+01   4.1498e+00   0.0000e+00   3.3270e-05   2.7044e+02
20260911_21:00:00   5.0341e-02   1.5863e+01   4.1110e+00   0.0000e+00   6.6580e-06   2.7044e+02
20260911_22:00:00   5.1205e-02   1.6092e+01   4.2511e+00   1.0500e-06   3.0490e-05   2.6891e+02
20260911_23:00:00   5.2010e-02   1.6309e+01   4.3598e+00   2.9360e-05   4.9280e-05   2.7039e+02
20260912_00:00:00   5.0902e-02   1.6020e+01   4.1969e+00   2.6150e-05   2.5184e-05   2.6858e+02
20260912_01:00:00   4.9852e-02   1.5749e+01   4.0036e+00   3.4320e-05   5.9230e-05   2.7060e+02
20260912_02:00:00   4.8494e-02   1.5397e+01   3.7806e+00   7.2480e-05   4.5550e-05   2.7041e+02
20260912_03:00:00   4.5743e-02   1.4681e+01   3.3619e+00   5.1050e-06   2.3107e-05   2.6874e+02
20260912_04:00:00   4.3991e-02   1.4225e+01   3.0874e+00   2.1480e-07   7.4460e-06   2.6627e+02
20260912_05:00:00   4.4231e-02   1.4292e+01   3.1201e+00   0.0000e+00   4.4530e-06   2.6677e+02
20260912_06:00:00   4.4336e-02   1.4319e+01   3.1282e+00   0.0000e+00   0.0000e+00   2.6991e+02
20260912_07:00:00   4.5118e-02   1.4519e+01   3.2376e+00   0.0000e+00   0.0000e+00   2.6914e+02
20260912_08:00:00   4.5670e-02   1.4658e+01   3.3401e+00   0.0000e+00   0.0000e+00   2.6766e+02
20260912_09:00:00   4.7059e-02   1.5008e+01   3.6001e+00   0.0000e+00   2.3000e-06   2.6867e+02
20260912_10:00:00   4.8717e-02   1.5432e+01   3.8631e+00   0.0000e+00   3.4520e-06   2.6895e+02
20260912_11:00:00   4.9276e-02   1.5579e+01   3.9144e+00   0.0000e+00   1.1504e-06   2.7025e+02
20260912_12:00:00   4.9367e-02   1.5605e+01   3.8942e+00   0.0000e+00   0.0000e+00   2.7003e+02
20260912_13:00:00   4.9240e-02   1.5571e+01   3.8481e+00   0.0000e+00   0.0000e+00   2.6951e+02
20260912_14:00:00   4.8447e-02   1.5367e+01   3.7117e+00   0.0000e+00   0.0000e+00   2.6821e+02
20260912_15:00:00   4.7207e-02   1.5045e+01   3.5121e+00   0.0000e+00   0.0000e+00   2.6883e+02
20260912_16:00:00   4.6496e-02   1.4864e+01   3.3969e+00   0.0000e+00   0.0000e+00   2.6800e+02
20260912_17:00:00   4.6037e-02   1.4743e+01   3.3129e+00   0.0000e+00   0.0000e+00   2.6717e+02
20260912_18:00:00   4.5612e-02   1.4630e+01   3.2425e+00   0.0000e+00   0.0000e+00   2.6544e+02
20260912_19:00:00   4.5254e-02   1.4534e+01   3.2021e+00   0.0000e+00   0.0000e+00   2.6552e+02
20260912_20:00:00   4.4892e-02   1.4438e+01   3.1603e+00   0.0000e+00   0.0000e+00   2.6659e+02
20260912_21:00:00   4.4323e-02   1.4291e+01   3.0705e+00   0.0000e+00   0.0000e+00   2.6744e+02
20260912_22:00:00   4.4222e-02   1.4265e+01   3.0581e+00   0.0000e+00   0.0000e+00   2.6782e+02
20260912_23:00:00   4.3980e-02   1.4201e+01   3.0296e+00   0.0000e+00   0.0000e+00   2.6890e+02
20260913_00:00:00   4.3583e-02   1.4096e+01   2.9734e+00   7.7240e-07   0.0000e+00   2.6930e+02
20260913_01:00:00   4.2905e-02   1.3918e+01   2.8933e+00   1.3500e-06   0.0000e+00   2.6918e+02
20260913_02:00:00   4.2497e-02   1.3810e+01   2.8319e+00   1.3110e-06   0.0000e+00   2.6901e+02
20260913_03:00:00   4.1602e-02   1.3580e+01   2.6717e+00   0.0000e+00   0.0000e+00   2.6940e+02
20260913_04:00:00   4.0384e-02   1.3263e+01   2.4554e+00   0.0000e+00   0.0000e+00   2.7082e+02
20260913_05:00:00   3.9572e-02   1.3047e+01   2.3199e+00   0.0000e+00   0.0000e+00   2.7097e+02
20260913_06:00:00   3.9343e-02   1.2984e+01   2.2994e+00   0.0000e+00   0.0000e+00   2.7085e+02
20260913_07:00:00   3.9469e-02   1.3014e+01   2.3530e+00   7.1640e-07   0.0000e+00   2.7104e+02
20260913_08:00:00   3.9358e-02   1.2976e+01   2.3527e+00   0.0000e+00   0.0000e+00   2.7042e+02
20260913_09:00:00   3.9146e-02   1.2914e+01   2.3292e+00   0.0000e+00   0.0000e+00   2.6855e+02
20260913_10:00:00   3.9656e-02   1.3043e+01   2.4452e+00   0.0000e+00   0.0000e+00   2.6971e+02
20260913_11:00:00   4.4246e-02   1.4236e+01   3.3285e+00   0.0000e+00   0.0000e+00   2.6954e+02
20260913_12:00:00   4.8642e-02   1.5374e+01   4.0855e+00   0.0000e+00   0.0000e+00   2.6828e+02
20260913_13:00:00   5.2395e-02   1.6346e+01   4.6924e+00   0.0000e+00   0.0000e+00   2.6837e+02
20260913_14:00:00   5.4512e-02   1.6892e+01   4.9943e+00   0.0000e+00   0.0000e+00   2.7104e+02
20260913_15:00:00   5.5401e-02   1.7124e+01   5.0883e+00   0.0000e+00   0.0000e+00   2.7220e+02
20260913_16:00:00   5.4687e-02   1.6948e+01   4.9334e+00   0.0000e+00   0.0000e+00   2.7305e+02
20260913_17:00:00   5.1209e-02   1.6064e+01   4.3321e+00   0.0000e+00   0.0000e+00   2.7335e+02
20260913_18:00:00   4.6583e-02   1.4871e+01   3.5327e+00   0.0000e+00   0.0000e+00   2.7417e+02
20260913_19:00:00   4.2971e-02   1.3930e+01   2.9007e+00   0.0000e+00   0.0000e+00   2.7550e+02
20260913_20:00:00   4.1385e-02   1.3518e+01   2.6041e+00   0.0000e+00   0.0000e+00   2.7483e+02
20260913_21:00:00   4.1011e-02   1.3422e+01   2.5313e+00   0.0000e+00   0.0000e+00   2.7257e+02
20260913_22:00:00   4.1887e-02   1.3648e+01   2.7250e+00   0.0000e+00   0.0000e+00   2.7225e+02
20260913_23:00:00   4.3120e-02   1.3969e+01   2.9915e+00   0.0000e+00   0.0000e+00   2.7139e+02
20260914_00:00:00   4.4964e-02   1.4452e+01   3.3174e+00   5.0980e-05   0.0000e+00   2.7203e+02
20260914_01:00:00   4.6958e-02   1.4975e+01   3.6315e+00   1.2500e-04   0.0000e+00   2.7144e+02
20260914_02:00:00   4.7653e-02   1.5162e+01   3.7356e+00   1.2890e-04   0.0000e+00   2.6999e+02
20260914_03:00:00   4.8307e-02   1.5338e+01   3.8244e+00   3.7220e-05   0.0000e+00   2.6999e+02
20260914_04:00:00   4.8147e-02   1.5298e+01   3.7920e+00   1.6830e-06   0.0000e+00   2.7002e+02
20260914_05:00:00   4.8593e-02   1.5415e+01   3.8415e+00   0.0000e+00   0.0000e+00   2.6922e+02
20260914_06:00:00   4.9464e-02   1.5642e+01   3.9563e+00   0.0000e+00   0.0000e+00   2.6862e+02
20260914_07:00:00   4.9799e-02   1.5730e+01   3.9986e+00   0.0000e+00   0.0000e+00   2.6791e+02
20260914_08:00:00   4.9590e-02   1.5673e+01   3.9637e+00   0.0000e+00   0.0000e+00   2.6701e+02
20260914_09:00:00   4.9655e-02   1.5685e+01   3.9818e+00   0.0000e+00   0.0000e+00   2.6735e+02
20260914_10:00:00   4.9144e-02   1.5547e+01   3.9134e+00   0.0000e+00   0.0000e+00   2.6634e+02
20260914_11:00:00   4.8289e-02   1.5325e+01   3.7791e+00   0.0000e+00   0.0000e+00   2.6429e+02
20260914_12:00:00   4.7297e-02   1.5068e+01   3.6112e+00   0.0000e+00   0.0000e+00   2.6284e+02
20260914_13:00:00   4.6394e-02   1.4830e+01   3.4579e+00   0.0000e+00   0.0000e+00   2.6320e+02
20260914_14:00:00   4.5181e-02   1.4512e+01   3.2528e+00   0.0000e+00   0.0000e+00   2.6536e+02
20260914_15:00:00   4.3735e-02   1.4132e+01   3.0069e+00   0.0000e+00   0.0000e+00   2.6764e+02
20260914_16:00:00   4.2405e-02   1.3784e+01   2.7738e+00   0.0000e+00   0.0000e+00   2.6878e+02
20260914_17:00:00   4.1206e-02   1.3470e+01   2.5651e+00   0.0000e+00   0.0000e+00   2.6795e+02
20260914_18:00:00   4.0972e-02   1.3410e+01   2.5293e+00   0.0000e+00   0.0000e+00   2.6833e+02
20260914_19:00:00   4.0850e-02   1.3378e+01   2.5288e+00   0.0000e+00   0.0000e+00   2.7002e+02
20260914_20:00:00   4.0893e-02   1.3382e+01   2.5909e+00   0.0000e+00   0.0000e+00   2.7001e+02
20260914_21:00:00   4.1470e-02   1.3530e+01   2.7214e+00   2.3340e-06   0.0000e+00   2.6753e+02
20260914_22:00:00   4.2921e-02   1.3907e+01   2.9794e+00   3.1650e-05   0.0000e+00   2.6420e+02
20260914_23:00:00   5.1222e-02   1.6099e+01   3.3763e+00   6.6870e-03   0.0000e+00   2.6471e+02
20260915_00:00:00   6.9699e-02   2.0913e+01   3.8042e+00   2.4993e-02   0.0000e+00   2.6559e+02
20260915_01:00:00   6.7564e-02   2.0363e+01   4.2232e+00   1.9553e-02   0.0000e+00   2.6648e+02
20260915_02:00:00   9.2897e-02   2.6743e+01   5.2899e+00   4.0039e-02   0.0000e+00   2.6642e+02
20260915_03:00:00   1.0819e-01   3.0532e+01   6.0749e+00   5.1107e-02   0.0000e+00   2.6824e+02
20260915_04:00:00   1.2222e-01   3.4006e+01   6.4556e+00   6.4130e-02   0.0000e+00   2.7048e+02
20260915_05:00:00   1.3138e-01   3.6234e+01   6.4158e+00   7.5020e-02   0.0000e+00   2.7181e+02
20260915_06:00:00   7.1253e-02   2.1290e+01   5.8286e+00   1.0366e-02   0.0000e+00   2.7024e+02
20260915_07:00:00   6.2565e-02   1.9052e+01   5.6250e+00   1.9632e-03   0.0000e+00   2.6991e+02
20260915_08:00:00   6.0263e-02   1.8459e+01   5.3876e+00   1.1507e-03   0.0000e+00   2.7082e+02
20260915_09:00:00   5.9709e-02   1.8306e+01   5.1823e+00   2.4100e-03   0.0000e+00   2.7105e+02
20260915_10:00:00   5.5108e-02   1.7109e+01   4.8615e+00   0.0000e+00   0.0000e+00   2.7110e+02
20260915_11:00:00   5.2651e-02   1.6467e+01   4.5474e+00   0.0000e+00   0.0000e+00   2.7161e+02
20260915_12:00:00   5.0960e-02   1.6021e+01   4.3321e+00   0.0000e+00   0.0000e+00   2.7047e+02
20260915_15:00:00   4.6477e-02   1.4841e+01   3.6927e+00   0.0000e+00   0.0000e+00   2.7152e+02
20260915_18:00:00   4.3576e-02   1.4075e+01   3.2270e+00   0.0000e+00   0.0000e+00   2.7032e+02
20260915_21:00:00   4.4642e-02   1.4361e+01   3.4259e+00   4.8830e-05   0.0000e+00   2.7155e+02
20260916_00:00:00   5.6115e-02   1.7368e+01   5.3220e+00   3.8440e-05   0.0000e+00   2.7330e+02
20260916_03:00:00   6.9050e-02   2.0729e+01   6.6408e+00   5.6330e-03   0.0000e+00   2.7254e+02
20260916_06:00:00   6.7960e-02   2.0412e+01   7.2848e+00   0.0000e+00   0.0000e+00   2.7492e+02
20260916_09:00:00   8.1451e-02   2.3829e+01   9.1397e+00   0.0000e+00   0.0000e+00   2.7686e+02
20260916_12:00:00   8.5087e-02   2.4729e+01   9.6637e+00   0.0000e+00   0.0000e+00   2.7527e+02
20260916_15:00:00   8.9264e-02   2.5763e+01   1.0178e+01   0.0000e+00   0.0000e+00   2.7243e+02
20260916_18:00:00   9.4505e-02   2.7075e+01   1.0857e+01   0.0000e+00   0.0000e+00   2.7377e+02
20260916_21:00:00   9.6245e-02   2.7504e+01   1.1205e+01   8.1150e-05   1.6642e-03   2.7163e+02
20260917_00:00:00   1.0399e-01   2.9411e+01   1.2055e+01   3.0994e-03   1.7128e-03   2.7295e+02
20260917_03:00:00   1.1312e-01   3.1679e+01   1.2199e+01   1.2975e-02   1.9976e-05   2.7196e+02
20260917_06:00:00   9.6368e-02   2.7509e+01   1.1436e+01   0.0000e+00   0.0000e+00   2.7168e+02
20260917_09:00:00   9.3323e-02   2.6762e+01   1.0937e+01   0.0000e+00   4.3140e-06   2.7252e+02
20260917_12:00:00   8.6331e-02   2.5001e+01   9.9963e+00   0.0000e+00   2.9873e-05   2.7303e+02
20260917_15:00:00   8.0064e-02   2.3432e+01   9.0850e+00   0.0000e+00   3.0100e-05   2.7258e+02
20260917_18:00:00   7.3037e-02   2.1653e+01   8.0871e+00   1.2970e-05   0.0000e+00   2.7267e+02
20260917_21:00:00   7.1487e-02   2.1246e+01   7.9661e+00   2.2130e-04   0.0000e+00   2.7048e+02
20260918_00:00:00   7.3126e-02   2.1625e+01   8.3148e+00   6.7905e-04   9.9783e-04   2.7238e+02
20260918_03:00:00   7.0823e-02   2.1001e+01   8.1543e+00   0.0000e+00   9.8360e-05   2.6919e+02
20260918_06:00:00   7.0681e-02   2.0941e+01   8.1095e+00   0.0000e+00   3.7672e-03   2.7072e+02
20260918_09:00:00   6.8599e-02   2.0403e+01   7.7931e+00   0.0000e+00   1.4563e-03   2.7323e+02
20260918_12:00:00   6.9288e-02   2.0529e+01   7.9983e+00   0.0000e+00   0.0000e+00   2.7443e+02
20260918_15:00:00   6.8270e-02   2.0254e+01   7.8960e+00   0.0000e+00   2.1960e-04   2.7224e+02
20260918_18:00:00   6.6763e-02   1.9872e+01   7.6113e+00   0.0000e+00   1.1152e-05   2.7397e+02
20260918_21:00:00   6.6597e-02   1.9831e+01   7.5532e+00   3.6900e-05   1.2828e-04   2.7552e+02
20260919_00:00:00   6.7036e-02   1.9954e+01   7.6135e+00   5.0760e-06   8.0876e-04   2.7355e+02
20260919_03:00:00   6.8310e-02   2.0284e+01   7.7745e+00   5.2510e-05   1.7498e-03   2.7160e+02
20260919_06:00:00   6.6376e-02   1.9780e+01   7.5309e+00   0.0000e+00   3.9522e-03   2.7187e+02
20260919_09:00:00   6.5709e-02   1.9601e+01   7.4529e+00   0.0000e+00   1.1308e-02   2.7480e+02
20260919_12:00:00   6.4866e-02   1.9369e+01   7.3164e+00   0.0000e+00   5.3863e-02   2.7410e+02
20260919_15:00:00   6.3093e-02   1.8933e+01   7.0034e+00   0.0000e+00   3.1899e-03   2.7390e+02
20260919_18:00:00   6.2710e-02   1.8847e+01   6.8934e+00   0.0000e+00   8.6970e-04   2.7376e+02
20260919_21:00:00   6.2983e-02   1.8915e+01   6.9733e+00   1.0750e-04   6.3920e-04   2.7130e+02
20260920_00:00:00   6.5959e-02   1.9677e+01   7.3017e+00   1.3480e-03   9.4360e-04   2.6886e+02
20260920_03:00:00   7.3667e-02   2.1597e+01   8.5796e+00   1.5670e-03   1.3788e-03   2.6867e+02
20260920_06:00:00   7.3971e-02   2.1677e+01   8.7786e+00   5.1700e-06   1.1297e-02   2.7001e+02
20260920_09:00:00   7.2585e-02   2.1307e+01   8.6624e+00   7.9660e-06   1.2179e-02   2.6774e+02
20260920_12:00:00   7.0918e-02   2.0857e+01   8.4953e+00   7.7330e-05   1.7024e-02   2.6813e+02
20260920_15:00:00   7.0540e-02   2.0741e+01   8.5228e+00   0.0000e+00   1.0582e-03   2.6431e+02
20260920_18:00:00   6.9795e-02   2.0578e+01   8.3124e+00   0.0000e+00   9.5520e-05   2.6682e+02
20260920_21:00:00   7.0954e-02   2.0868e+01   8.4858e+00   4.1760e-04   2.1179e-05   2.6839e+02
20260921_00:00:00   7.6859e-02   2.2356e+01   9.0199e+00   3.7242e-03   7.7220e-05   2.6480e+02
20260921_03:00:00   8.6966e-02   2.4962e+01   9.1583e+00   1.3891e-02   2.3403e-04   2.6391e+02
20260921_06:00:00   7.6910e-02   2.2415e+01   8.7977e+00   4.7290e-03   0.0000e+00   2.6526e+02
20260921_09:00:00   6.9528e-02   2.0518e+01   8.2959e+00   6.3150e-07   0.0000e+00   2.6624e+02
20260921_12:00:00   6.9437e-02   2.0487e+01   8.2653e+00   0.0000e+00   0.0000e+00   2.6593e+02
20260921_15:00:00   7.0205e-02   2.0661e+01   8.3980e+00   0.0000e+00   0.0000e+00   2.6773e+02
20260921_18:00:00   6.9084e-02   2.0396e+01   8.1861e+00   0.0000e+00   0.0000e+00   2.7155e+02
20260921_21:00:00   7.0069e-02   2.0684e+01   8.2424e+00   5.8150e-05   0.0000e+00   2.7645e+02
20260922_00:00:00   7.3228e-02   2.1523e+01   8.2711e+00   2.8900e-03   0.0000e+00   2.7452e+02
20260922_03:00:00   7.4336e-02   2.1837e+01   8.6262e+00   2.0820e-04   0.0000e+00   2.7421e+02
20260922_06:00:00   7.3110e-02   2.1593e+01   8.1304e+00   7.3360e-04   0.0000e+00   2.7471e+02
20260922_09:00:00   6.7866e-02   2.0301e+01   7.2554e+00   0.0000e+00   0.0000e+00   2.7340e+02
20260922_12:00:00   6.4369e-02   1.9413e+01   6.6275e+00   0.0000e+00   1.6154e-03   2.7290e+02
20260922_15:00:00   7.3340e-02   2.1771e+01   6.0908e+00   1.3401e-02   3.3673e-04   2.7166e+02
20260922_18:00:00   6.0496e-02   1.8459e+01   5.6791e+00   7.1290e-04   1.6194e-05   2.7465e+02
20260922_21:00:00   5.6743e-02   1.7509e+01   5.0598e+00   6.0070e-04   0.0000e+00   2.7639e+02
20260923_00:00:00   5.6333e-02   1.7424e+01   4.3192e+00   5.3500e-03   0.0000e+00   2.7478e+02
20260923_03:00:00   7.8705e-02   2.3239e+01   3.9577e+00   3.3890e-02   2.8760e-06   2.7298e+02
20260923_06:00:00   5.4732e-02   1.7038e+01   3.3500e+00   9.9032e-03   0.0000e+00   2.7406e+02
20260923_09:00:00   4.2067e-02   1.3660e+01   2.7443e+00   0.0000e+00   3.1204e-04   2.7208e+02
20260923_12:00:00   4.0784e-02   1.3313e+01   2.5380e+00   0.0000e+00   0.0000e+00   2.7353e+02
20260923_15:00:00   4.0895e-02   1.3330e+01   2.6088e+00   0.0000e+00   0.0000e+00   2.7303e+02
20260923_18:00:00   4.1839e-02   1.3563e+01   2.8158e+00   0.0000e+00   0.0000e+00   2.7547e+02
20260923_21:00:00   4.4306e-02   1.4179e+01   3.3598e+00   1.6790e-04   0.0000e+00   2.7445e+02
20260924_00:00:00   5.5741e-02   1.7125e+01   4.9824e+00   3.5980e-03   0.0000e+00   2.7238e+02
20260924_03:00:00   5.1517e-02   1.6040e+01   4.6238e+00   9.0259e-04   0.0000e+00   2.7090e+02
20260924_06:00:00   4.6892e-02   1.4864e+01   3.4970e+00   2.3470e-03   0.0000e+00   2.7417e+02
20260924_09:00:00   4.5745e-02   1.4563e+01   3.5773e+00   0.0000e+00   0.0000e+00   2.7556e+02
20260924_12:00:00   4.8243e-02   1.5228e+01   3.9097e+00   0.0000e+00   0.0000e+00   2.7482e+02
20260924_15:00:00   4.8128e-02   1.5196e+01   3.8656e+00   0.0000e+00   0.0000e+00   2.7289e+02
20260924_18:00:00   4.8277e-02   1.5246e+01   3.8290e+00   0.0000e+00   0.0000e+00   2.7520e+02
20260924_21:00:00   4.9839e-02   1.5660e+01   3.8866e+00   1.2080e-03   0.0000e+00   2.7498e+02
20260925_00:00:00   5.3882e-02   1.6729e+01   3.9008e+00   5.5690e-03   0.0000e+00   2.7259e+02
20260925_03:00:00   4.8851e-02   1.5417e+01   3.8618e+00   3.6900e-04   0.0000e+00   2.7399e+02
20260925_06:00:00   4.5138e-02   1.4458e+01   3.2794e+00   0.0000e+00   0.0000e+00   2.7641e+02
20260925_09:00:00   4.3053e-02   1.3913e+01   2.9031e+00   0.0000e+00   0.0000e+00   2.7994e+02
20260925_12:00:00   4.1421e-02   1.3485e+01   2.6064e+00   0.0000e+00   0.0000e+00   2.7671e+02
20260925_15:00:00   4.1059e-02   1.3383e+01   2.5606e+00   0.0000e+00   0.0000e+00   2.7624e+02
20260925_18:00:00   4.0013e-02   1.3103e+01   2.3877e+00   0.0000e+00   0.0000e+00   2.7772e+02
20260925_21:00:00   3.9937e-02   1.3084e+01   2.3833e+00   0.0000e+00   0.0000e+00   2.8110e+02
20260926_00:00:00   4.0613e-02   1.3260e+01   2.4824e+00   8.3750e-05   0.0000e+00   2.7821e+02
20260926_03:00:00   4.2239e-02   1.3707e+01   2.5819e+00   1.0500e-03   0.0000e+00   2.7547e+02
20260926_06:00:00   4.4295e-02   1.4273e+01   2.9589e+00   1.1650e-05   0.0000e+00   2.7767e+02
20260926_09:00:00   6.5057e-02   1.9675e+01   5.3910e+00   6.5400e-03   0.0000e+00   2.7957e+02
20260926_12:00:00   6.6528e-02   1.9971e+01   6.6474e+00   1.0730e-04   0.0000e+00   2.7705e+02
