#            date       tau255        Tb[K]      pwv[mm] lwp[kg*m^-2] iwp[kg*m^-2]       o3[DU]
20260807_00:00:00   4.2970e-02   1.3935e+01   2.8487e+00   9.4570e-04   1.1305e-03   2.6955e+02
20260807_01:00:00   4.5073e-02   1.4489e+01   3.1932e+00   1.1181e-03   1.3016e-03   2.6866e+02
20260807_02:00:00   5.4193e-02   1.6894e+01   3.2901e+00   1.1516e-02   3.7028e-03   2.6863e+02
20260807_03:00:00   4.7080e-02   1.4999e+01   3.3285e+00   3.3250e-03   3.8592e-03   2.7010e+02
20260807_04:00:00   7.9976e-02   2.3564e+01   3.5753e+00   4.0870e-02   6.9409e-03   2.7271e+02
20260807_05:00:00   4.3770e-02   1.4097e+01   3.2481e+00   6.9130e-04   8.8664e-03   2.7003e+02
20260807_06:00:00   4.1699e-02   1.3554e+01   2.9740e+00   0.0000e+00   6.3242e-03   2.6997e+02
20260807_07:00:00   4.1057e-02   1.3391e+01   2.8266e+00   0.0000e+00   2.7687e-03   2.6608e+02
20260807_08:00:00   4.0785e-02   1.3324e+01   2.7586e+00   0.0000e+00   3.5582e-03   2.6883e+02
20260807_09:00:00   4.0898e-02   1.3354e+01   2.7922e+00   0.0000e+00   4.4450e-03   2.7322e+02
20260807_10:00:00   4.1375e-02   1.3477e+01   2.8895e+00   0.0000e+00   5.1919e-03   2.7292e+02
20260807_11:00:00   4.1700e-02   1.3563e+01   2.9590e+00   0.0000e+00   3.3120e-03   2.7258e+02
20260807_12:00:00   4.1720e-02   1.3571e+01   2.9708e+00   0.0000e+00   1.6714e-03   2.7366e+02
20260807_13:00:00   4.1554e-02   1.3526e+01   2.9604e+00   0.0000e+00   1.8064e-03   2.7366e+02
20260807_14:00:00   4.1781e-02   1.3585e+01   3.0128e+00   0.0000e+00   5.6159e-03   2.7226e+02
20260807_15:00:00   4.2083e-02   1.3664e+01   3.0791e+00   0.0000e+00   3.8181e-03   2.7072e+02
20260807_16:00:00   4.2429e-02   1.3753e+01   3.1516e+00   0.0000e+00   2.4661e-03   2.7202e+02
20260807_17:00:00   4.2940e-02   1.3886e+01   3.2519e+00   0.0000e+00   1.6570e-03   2.7325e+02
20260807_18:00:00   4.3454e-02   1.4023e+01   3.3467e+00   0.0000e+00   8.8560e-04   2.7298e+02
20260807_19:00:00   4.4198e-02   1.4216e+01   3.4768e+00   0.0000e+00   2.1394e-03   2.7456e+02
20260807_20:00:00   4.4966e-02   1.4420e+01   3.6001e+00   0.0000e+00   4.5608e-04   2.7367e+02
20260807_21:00:00   4.6053e-02   1.4707e+01   3.7858e+00   0.0000e+00   1.9170e-04   2.7651e+02
20260807_22:00:00   4.7201e-02   1.5007e+01   3.9766e+00   2.8460e-05   8.8320e-05   2.7485e+02
20260807_23:00:00   4.8410e-02   1.5319e+01   4.1886e+00   5.6320e-05   1.9896e-03   2.7713e+02
20260808_00:00:00   4.9090e-02   1.5496e+01   4.3219e+00   1.2110e-05   3.3652e-03   2.7778e+02
20260808_01:00:00   4.8452e-02   1.5331e+01   4.2234e+00   1.4780e-05   3.1786e-03   2.7579e+02
20260808_02:00:00   4.7513e-02   1.5091e+01   4.0666e+00   0.0000e+00   3.2075e-03   2.7426e+02
20260808_03:00:00   4.6473e-02   1.4818e+01   3.8857e+00   0.0000e+00   3.5869e-03   2.7415e+02
20260808_04:00:00   4.5794e-02   1.4640e+01   3.7666e+00   0.0000e+00   6.2143e-03   2.7537e+02
20260808_05:00:00   4.4973e-02   1.4428e+01   3.6202e+00   0.0000e+00   4.2344e-03   2.7394e+02
20260808_06:00:00   4.4171e-02   1.4222e+01   3.4739e+00   0.0000e+00   1.5654e-03   2.7285e+02
20260808_07:00:00   4.3490e-02   1.4050e+01   3.3239e+00   0.0000e+00   8.9060e-04   2.7257e+02
20260808_08:00:00   4.3094e-02   1.3950e+01   3.2275e+00   0.0000e+00   2.7997e-04   2.7247e+02
20260808_09:00:00   4.3193e-02   1.3973e+01   3.2295e+00   0.0000e+00   0.0000e+00   2.7007e+02
20260808_10:00:00   4.3219e-02   1.3979e+01   3.2400e+00   0.0000e+00   3.4560e-06   2.7092e+02
20260808_11:00:00   4.3290e-02   1.3992e+01   3.2632e+00   0.0000e+00   0.0000e+00   2.7487e+02
20260808_12:00:00   4.3314e-02   1.3994e+01   3.2768e+00   0.0000e+00   6.5818e-05   2.7625e+02
20260808_13:00:00   4.3068e-02   1.3926e+01   3.2391e+00   0.0000e+00   2.4156e-04   2.7752e+02
20260808_14:00:00   4.2745e-02   1.3838e+01   3.1770e+00   0.0000e+00   9.7340e-05   2.7724e+02
20260808_15:00:00   4.2702e-02   1.3820e+01   3.1736e+00   0.0000e+00   2.0657e-03   2.7418e+02
20260808_16:00:00   4.2684e-02   1.3811e+01   3.1746e+00   0.0000e+00   3.4401e-03   2.7416e+02
20260808_17:00:00   4.2714e-02   1.3822e+01   3.1685e+00   0.0000e+00   2.0239e-03   2.7581e+02
20260808_18:00:00   4.2653e-02   1.3815e+01   3.1310e+00   0.0000e+00   1.7357e-03   2.7613e+02
20260808_19:00:00   4.3061e-02   1.3926e+01   3.1907e+00   0.0000e+00   2.4822e-03   2.7918e+02
20260808_20:00:00   4.3289e-02   1.3988e+01   3.2132e+00   0.0000e+00   3.1238e-03   2.8002e+02
20260808_21:00:00   4.3302e-02   1.3994e+01   3.1977e+00   0.0000e+00   3.2377e-03   2.7863e+02
20260808_22:00:00   4.3265e-02   1.3988e+01   3.1738e+00   0.0000e+00   2.6262e-03   2.7862e+02
20260808_23:00:00   4.3140e-02   1.3965e+01   3.1291e+00   0.0000e+00   2.7880e-03   2.8008e+02
20260809_00:00:00   4.3055e-02   1.3951e+01   3.0953e+00   0.0000e+00   3.0461e-03   2.8011e+02
20260809_01:00:00   4.3119e-02   1.3969e+01   3.1174e+00   0.0000e+00   4.3521e-03   2.7773e+02
20260809_02:00:00   4.3214e-02   1.3992e+01   3.1531e+00   0.0000e+00   4.0238e-03   2.7542e+02
20260809_03:00:00   4.2399e-02   1.3783e+01   3.0023e+00   0.0000e+00   4.0299e-03   2.7456e+02
20260809_04:00:00   4.1888e-02   1.3650e+01   2.9042e+00   0.0000e+00   5.0235e-03   2.7813e+02
20260809_05:00:00   4.2612e-02   1.3839e+01   3.0467e+00   0.0000e+00   3.9503e-03   2.7653e+02
20260809_06:00:00   4.4306e-02   1.4282e+01   3.3535e+00   0.0000e+00   3.4057e-03   2.7529e+02
20260809_07:00:00   4.6588e-02   1.4884e+01   3.7098e+00   0.0000e+00   3.0405e-03   2.7599e+02
20260809_08:00:00   5.0737e-02   1.5976e+01   4.3269e+00   0.0000e+00   1.9680e-03   2.7716e+02
20260809_09:00:00   5.5843e-02   1.7311e+01   5.0769e+00   0.0000e+00   1.8086e-03   2.7509e+02
20260809_10:00:00   6.0201e-02   1.8437e+01   5.7076e+00   0.0000e+00   2.0601e-03   2.7478e+02
20260809_11:00:00   6.2464e-02   1.9019e+01   6.0529e+00   0.0000e+00   2.2040e-03   2.7479e+02
20260809_12:00:00   6.4616e-02   1.9570e+01   6.4158e+00   2.6640e-05   1.6696e-03   2.7346e+02
20260809_13:00:00   6.5870e-02   1.9885e+01   6.6307e+00   0.0000e+00   1.2512e-04   2.7154e+02
20260809_14:00:00   6.5374e-02   1.9757e+01   6.4530e+00   4.0890e-04   1.0842e-04   2.7120e+02
20260809_15:00:00   6.4220e-02   1.9456e+01   6.3109e+00   5.8330e-05   1.0836e-04   2.7574e+02
20260809_16:00:00   6.9351e-02   2.0769e+01   6.6593e+00   3.1130e-03   3.5182e-04   2.7745e+02
20260809_17:00:00   6.8521e-02   2.0542e+01   6.9647e+00   0.0000e+00   2.6201e-04   2.8181e+02
20260809_18:00:00   7.0429e-02   2.1021e+01   7.3105e+00   0.0000e+00   4.3160e-04   2.8207e+02
20260809_19:00:00   7.3087e-02   2.1690e+01   7.7451e+00   0.0000e+00   1.0276e-03   2.8095e+02
20260809_20:00:00   7.4896e-02   2.2140e+01   8.0519e+00   3.2710e-06   2.1104e-03   2.7878e+02
20260809_21:00:00   7.4882e-02   2.2133e+01   8.0790e+00   0.0000e+00   2.6080e-03   2.7895e+02
20260809_22:00:00   7.6526e-02   2.2547e+01   8.2147e+00   5.6330e-04   2.9405e-03   2.8058e+02
20260809_23:00:00   8.0268e-02   2.3498e+01   8.5866e+00   1.8864e-03   2.5341e-03   2.8009e+02
20260810_00:00:00   8.3063e-02   2.4207e+01   8.7867e+00   3.4903e-03   2.1863e-03   2.7883e+02
20260810_01:00:00   8.6121e-02   2.4983e+01   8.8639e+00   6.6230e-03   2.0780e-03   2.7792e+02
20260810_02:00:00   8.2862e-02   2.4144e+01   8.6533e+00   4.3573e-03   2.1637e-03   2.7805e+02
20260810_03:00:00   7.7252e-02   2.2742e+01   8.3018e+00   9.2860e-04   2.0301e-03   2.7742e+02
20260810_04:00:00   7.4149e-02   2.1956e+01   7.9658e+00   1.9379e-05   1.4182e-03   2.7685e+02
20260810_05:00:00   7.2215e-02   2.1465e+01   7.6873e+00   1.4511e-04   1.0052e-03   2.7735e+02
20260810_06:00:00   7.0443e-02   2.1020e+01   7.4249e+00   6.7560e-05   7.5620e-04   2.7831e+02
20260810_07:00:00   6.9199e-02   2.0708e+01   7.2182e+00   4.8190e-05   8.8843e-04   2.7908e+02
20260810_08:00:00   6.8298e-02   2.0479e+01   7.0738e+00   0.0000e+00   1.2070e-03   2.8213e+02
20260810_09:00:00   6.7677e-02   2.0324e+01   6.9385e+00   0.0000e+00   1.5008e-03   2.7894e+02
20260810_10:00:00   6.7495e-02   2.0277e+01   6.8782e+00   0.0000e+00   1.0427e-03   2.7810e+02
20260810_11:00:00   6.7292e-02   2.0223e+01   6.8359e+00   0.0000e+00   9.7502e-04   2.7691e+02
20260810_12:00:00   6.6187e-02   1.9942e+01   6.6832e+00   0.0000e+00   9.7673e-04   2.7793e+02
20260810_13:00:00   6.6046e-02   1.9903e+01   6.6633e+00   0.0000e+00   1.1536e-03   2.7797e+02
20260810_14:00:00   6.6775e-02   2.0079e+01   6.7816e+00   0.0000e+00   2.1532e-03   2.7840e+02
20260810_15:00:00   6.7358e-02   2.0224e+01   6.8334e+00   0.0000e+00   3.4370e-03   2.7863e+02
20260810_16:00:00   6.6268e-02   1.9952e+01   6.6347e+00   0.0000e+00   3.1821e-03   2.7896e+02
20260810_17:00:00   6.5026e-02   1.9634e+01   6.4355e+00   0.0000e+00   2.1857e-03   2.7806e+02
20260810_18:00:00   6.3993e-02   1.9371e+01   6.2543e+00   0.0000e+00   1.2832e-03   2.7840e+02
20260810_19:00:00   6.3524e-02   1.9249e+01   6.1326e+00   0.0000e+00   3.8819e-04   2.7956e+02
20260810_20:00:00   6.2310e-02   1.8945e+01   5.8984e+00   9.0070e-05   1.0955e-04   2.7928e+02
20260810_21:00:00   6.1868e-02   1.8839e+01   5.7709e+00   2.7260e-04   9.3740e-06   2.7776e+02
20260810_22:00:00   7.3172e-02   2.1776e+01   5.6760e+00   1.3986e-02   2.0140e-05   2.7856e+02
20260810_23:00:00   6.8529e-02   2.0567e+01   5.8772e+00   7.0310e-03   7.5620e-06   2.8031e+02
20260811_00:00:00   8.1998e-02   2.4011e+01   6.2009e+00   2.0402e-02   0.0000e+00   2.8058e+02
20260811_01:00:00   8.9906e-02   2.5984e+01   6.5545e+00   2.7170e-02   0.0000e+00   2.7903e+02
20260811_02:00:00   8.7852e-02   2.5452e+01   6.4461e+00   2.5525e-02   0.0000e+00   2.7846e+02
20260811_03:00:00   8.1295e-02   2.3775e+01   6.3039e+00   1.9011e-02   6.6580e-06   2.7546e+02
20260811_04:00:00   1.0697e-01   3.0075e+01   6.1922e+00   4.9225e-02   6.6580e-06   2.7538e+02
20260811_05:00:00   1.4839e-01   3.9907e+01   5.7442e+00   9.9797e-02   1.1504e-06   2.7572e+02
20260811_06:00:00   1.3827e-01   3.7523e+01   5.2059e+00   9.2580e-02   0.0000e+00   2.7669e+02
20260811_07:00:00   8.8379e-02   2.5475e+01   4.5862e+00   4.0480e-02   0.0000e+00   2.7770e+02
20260811_08:00:00   4.7825e-02   1.5203e+01   3.7805e+00   0.0000e+00   0.0000e+00   2.7639e+02
20260811_09:00:00   4.4661e-02   1.4379e+01   3.2307e+00   0.0000e+00   0.0000e+00   2.7558e+02
20260811_10:00:00   4.2440e-02   1.3796e+01   2.8381e+00   0.0000e+00   0.0000e+00   2.7448e+02
20260811_11:00:00   4.0980e-02   1.3412e+01   2.5777e+00   0.0000e+00   0.0000e+00   2.7285e+02
20260811_12:00:00   4.0236e-02   1.3214e+01   2.4473e+00   0.0000e+00   0.0000e+00   2.7262e+02
20260811_13:00:00   3.9903e-02   1.3124e+01   2.3759e+00   0.0000e+00   0.0000e+00   2.7298e+02
20260811_14:00:00   3.9560e-02   1.3032e+01   2.3021e+00   0.0000e+00   0.0000e+00   2.7301e+02
20260811_15:00:00   3.9189e-02   1.2934e+01   2.2320e+00   0.0000e+00   0.0000e+00   2.7471e+02
20260811_16:00:00   3.8693e-02   1.2802e+01   2.1400e+00   0.0000e+00   0.0000e+00   2.7491e+02
20260811_17:00:00   3.8323e-02   1.2705e+01   2.0688e+00   0.0000e+00   0.0000e+00   2.7565e+02
20260811_18:00:00   3.8160e-02   1.2661e+01   2.0368e+00   0.0000e+00   0.0000e+00   2.7465e+02
20260811_19:00:00   3.7758e-02   1.2553e+01   1.9622e+00   0.0000e+00   0.0000e+00   2.7503e+02
20260811_20:00:00   3.7381e-02   1.2453e+01   1.8903e+00   0.0000e+00   0.0000e+00   2.7379e+02
20260811_21:00:00   3.7313e-02   1.2436e+01   1.8707e+00   0.0000e+00   0.0000e+00   2.7647e+02
20260811_22:00:00   3.7600e-02   1.2516e+01   1.9186e+00   0.0000e+00   0.0000e+00   2.7392e+02
20260811_23:00:00   3.8984e-02   1.2884e+01   2.1538e+00   0.0000e+00   0.0000e+00   2.7143e+02
20260812_00:00:00   4.1466e-02   1.3542e+01   2.5517e+00   4.0480e-05   0.0000e+00   2.7288e+02
20260812_03:00:00   4.0994e-02   1.3433e+01   2.1153e+00   2.8770e-03   0.0000e+00   2.7262e+02
20260812_06:00:00   3.6187e-02   1.2155e+01   1.6970e+00   0.0000e+00   0.0000e+00   2.7667e+02
20260812_09:00:00   3.7640e-02   1.2539e+01   1.9787e+00   0.0000e+00   0.0000e+00   2.8316e+02
20260812_12:00:00   3.6534e-02   1.2243e+01   1.7908e+00   0.0000e+00   0.0000e+00   2.8374e+02
20260812_15:00:00   3.5521e-02   1.1974e+01   1.5789e+00   0.0000e+00   3.7340e-05   2.8590e+02
20260812_18:00:00   3.4787e-02   1.1777e+01   1.3992e+00   0.0000e+00   3.0180e-05   2.8562e+02
20260812_21:00:00   3.4620e-02   1.1732e+01   1.3491e+00   0.0000e+00   4.3139e-05   2.8557e+02
20260813_00:00:00   3.6537e-02   1.2250e+01   1.7169e+00   0.0000e+00   5.8600e-06   2.8550e+02
20260813_03:00:00   3.6085e-02   1.2125e+01   1.7056e+00   0.0000e+00   0.0000e+00   2.8407e+02
20260813_06:00:00   3.6403e-02   1.2197e+01   1.7998e+00   0.0000e+00   2.3740e-04   2.8478e+02
20260813_09:00:00   3.8151e-02   1.2662e+01   2.1096e+00   0.0000e+00   2.2940e-05   2.8298e+02
20260813_12:00:00   3.9064e-02   1.2889e+01   2.3106e+00   0.0000e+00   1.6194e-05   2.8236e+02
20260813_15:00:00   4.1481e-02   1.3517e+01   2.7263e+00   0.0000e+00   0.0000e+00   2.7984e+02
20260813_18:00:00   4.2217e-02   1.3721e+01   2.7996e+00   0.0000e+00   0.0000e+00   2.7849e+02
20260813_21:00:00   4.5032e-02   1.4458e+01   3.1939e+00   0.0000e+00   0.0000e+00   2.7861e+02
20260814_00:00:00   4.9480e-02   1.5622e+01   3.8667e+00   0.0000e+00   7.4620e-07   2.7741e+02
20260814_03:00:00   4.7613e-02   1.5151e+01   3.6547e+00   0.0000e+00   0.0000e+00   2.7640e+02
20260814_06:00:00   4.7245e-02   1.5047e+01   3.6745e+00   0.0000e+00   1.3254e-04   2.7994e+02
20260814_09:00:00   4.6222e-02   1.4766e+01   3.5362e+00   0.0000e+00   2.0980e-05   2.8031e+02
20260814_12:00:00   4.5010e-02   1.4446e+01   3.3617e+00   0.0000e+00   0.0000e+00   2.7954e+02
20260814_15:00:00   4.6149e-02   1.4744e+01   3.5638e+00   0.0000e+00   4.4380e-05   2.8269e+02
20260814_18:00:00   4.8044e-02   1.5241e+01   3.8758e+00   0.0000e+00   1.0118e-04   2.8459e+02
20260814_21:00:00   4.9677e-02   1.5669e+01   4.1260e+00   0.0000e+00   3.2480e-06   2.8659e+02
20260815_00:00:00   5.1413e-02   1.6134e+01   4.3770e+00   0.0000e+00   0.0000e+00   2.8326e+02
20260815_03:00:00   4.9774e-02   1.5713e+01   4.1334e+00   0.0000e+00   0.0000e+00   2.8288e+02
20260815_06:00:00   4.6534e-02   1.4874e+01   3.6556e+00   0.0000e+00   0.0000e+00   2.8503e+02
20260815_09:00:00   4.7638e-02   1.5148e+01   3.8672e+00   0.0000e+00   0.0000e+00   2.8229e+02
20260815_12:00:00   4.7917e-02   1.5211e+01   3.9407e+00   0.0000e+00   0.0000e+00   2.7966e+02
20260815_15:00:00   4.9121e-02   1.5506e+01   4.1618e+00   0.0000e+00   1.3318e-05   2.7865e+02
20260815_18:00:00   4.7910e-02   1.5192e+01   3.9694e+00   0.0000e+00   0.0000e+00   2.8091e+02
20260815_21:00:00   4.5236e-02   1.4499e+01   3.5389e+00   0.0000e+00   0.0000e+00   2.8205e+02
20260816_00:00:00   4.6089e-02   1.4723e+01   3.6634e+00   2.9278e-04   0.0000e+00   2.8070e+02
20260816_03:00:00   4.6642e-02   1.4871e+01   3.8089e+00   4.9200e-05   0.0000e+00   2.7916e+02
20260816_06:00:00   4.6199e-02   1.4747e+01   3.7180e+00   6.2800e-05   0.0000e+00   2.8379e+02
20260816_09:00:00   4.6579e-02   1.4840e+01   3.7574e+00   0.0000e+00   0.0000e+00   2.8298e+02
20260816_12:00:00   4.6948e-02   1.4923e+01   3.8197e+00   0.0000e+00   0.0000e+00   2.7992e+02
20260816_15:00:00   4.7510e-02   1.5059e+01   3.8974e+00   0.0000e+00   0.0000e+00   2.7388e+02
20260816_18:00:00   4.6475e-02   1.4795e+01   3.6717e+00   0.0000e+00   1.4380e-06   2.7700e+02
20260816_21:00:00   4.4578e-02   1.4303e+01   3.3348e+00   3.1240e-05   0.0000e+00   2.8001e+02
20260817_00:00:00   4.7026e-02   1.4959e+01   3.7011e+00   1.4990e-04   0.0000e+00   2.7831e+02
20260817_03:00:00   6.4190e-02   1.9485e+01   4.2813e+00   1.6480e-02   0.0000e+00   2.7719e+02
20260817_06:00:00   5.0969e-02   1.5997e+01   4.4726e+00   3.7080e-06   5.3040e-04   2.7923e+02
20260817_09:00:00   5.0010e-02   1.5742e+01   4.3323e+00   0.0000e+00   2.9123e-03   2.8059e+02
20260817_12:00:00   4.9698e-02   1.5656e+01   4.3006e+00   0.0000e+00   3.7181e-03   2.8079e+02
20260817_15:00:00   4.6650e-02   1.4874e+01   3.7580e+00   0.0000e+00   1.0346e-04   2.8135e+02
20260817_18:00:00   4.2553e-02   1.3805e+01   2.9753e+00   0.0000e+00   0.0000e+00   2.8412e+02
20260817_21:00:00   4.0246e-02   1.3209e+01   2.5331e+00   0.0000e+00   0.0000e+00   2.8476e+02
20260818_00:00:00   4.7594e-02   1.5184e+01   3.1440e+00   3.6408e-03   0.0000e+00   2.8318e+02
20260818_03:00:00   4.4280e-02   1.4311e+01   3.1113e+00   2.3840e-04   1.2118e-04   2.8043e+02
20260818_06:00:00   4.3720e-02   1.4169e+01   2.6940e+00   2.8870e-03   3.4880e-04   2.8191e+02
20260818_09:00:00   3.9977e-02   1.3144e+01   2.5159e+00   0.0000e+00   2.7207e-04   2.8184e+02
20260818_12:00:00   3.8348e-02   1.2718e+01   2.1401e+00   0.0000e+00   1.8422e-05   2.8156e+02
20260818_15:00:00   3.7652e-02   1.2535e+01   1.9742e+00   0.0000e+00   3.7300e-07   2.8404e+02
20260818_18:00:00   3.8627e-02   1.2796e+01   2.1544e+00   0.0000e+00   2.4140e-05   2.8775e+02
20260818_21:00:00   3.8539e-02   1.2788e+01   2.0607e+00   5.9030e-05   1.9648e-05   2.8726e+02
20260819_00:00:00   4.2709e-02   1.3889e+01   2.7705e+00   1.2810e-04   2.5960e-05   2.9038e+02
20260819_03:00:00   4.0609e-02   1.3319e+01   2.5444e+00   1.7300e-04   1.1514e-03   2.9078e+02
20260819_06:00:00   4.1644e-02   1.3585e+01   2.7958e+00   0.0000e+00   2.1000e-05   2.9203e+02
20260819_09:00:00   4.4091e-02   1.4203e+01   3.3399e+00   0.0000e+00   4.5200e-04   2.9200e+02
20260819_12:00:00   4.7052e-02   1.4948e+01   3.9554e+00   7.0520e-05   9.1210e-04   2.9269e+02
20260819_15:00:00   4.7773e-02   1.5107e+01   4.2064e+00   0.0000e+00   1.0625e-03   2.9178e+02
20260819_18:00:00   4.7495e-02   1.5021e+01   4.2057e+00   0.0000e+00   4.6420e-04   2.9387e+02
20260819_21:00:00   6.2858e-02   1.9018e+01   5.3478e+00   9.9190e-03   1.6747e-04   2.9159e+02
20260820_00:00:00   7.4795e-02   2.2061e+01   6.7957e+00   1.4508e-02   5.9580e-04   2.8687e+02
20260820_03:00:00   1.1650e-01   3.2492e+01   8.3522e+00   5.3314e-02   1.6917e-03   2.8520e+02
20260820_06:00:00   1.0793e-01   3.0447e+01   8.3857e+00   4.2055e-02   5.5074e-03   2.8485e+02
20260820_09:00:00   1.0551e-01   2.9827e+01   8.0190e+00   4.1550e-02   1.1517e-04   2.8391e+02
20260820_12:00:00   1.7698e-01   4.6930e+01   8.6295e+00   1.1956e-01   2.3520e-05   2.8127e+02
20260820_15:00:00   1.0567e-01   2.9808e+01   8.2050e+00   4.0420e-02   2.0400e-05   2.8089e+02
20260820_18:00:00   7.2295e-02   2.1346e+01   8.4495e+00   0.0000e+00   4.2820e-05   2.8239e+02
20260820_21:00:00   9.9230e-02   2.8157e+01   9.7385e+00   2.1028e-02   1.0570e-05   2.8397e+02
20260821_00:00:00   2.6769e-01   6.6703e+01   1.2156e+01   1.9519e-01   1.0198e-05   2.8179e+02
20260821_03:00:00   4.2797e-01   9.7658e+01   1.2602e+01   3.7447e-01   8.9640e-05   2.8226e+02
20260821_06:00:00   9.7003e-01   1.7089e+02   1.4361e+01   9.6965e-01   1.3728e-01   2.8197e+02
20260821_09:00:00   3.9503e-01   9.0797e+01   1.2371e+01   3.2876e-01   2.2375e-02   2.8426e+02
20260821_12:00:00   3.2357e-01   7.7232e+01   1.1549e+01   2.5444e-01   7.7618e-03   2.8375e+02
20260821_15:00:00   1.6141e-01   4.2902e+01   1.0427e+01   7.9633e-02   9.3378e-04   2.8381e+02
20260821_18:00:00   9.9691e-02   2.8366e+01   9.0263e+00   2.1834e-02   0.0000e+00   2.8593e+02
20260821_21:00:00   8.5793e-02   2.4857e+01   9.2150e+00   3.4547e-03   0.0000e+00   2.8400e+02
20260822_00:00:00   5.7297e-01   1.2234e+02   1.1413e+01   5.5286e-01   4.0742e-05   2.7978e+02
20260822_03:00:00   4.2674e-01   9.6407e+01   1.4709e+01   3.5054e-01   7.4286e-01   2.7941e+02
20260822_06:00:00   4.1043e-01   9.3465e+01   1.3329e+01   3.4197e-01   1.4881e-01   2.8386e+02
20260822_09:00:00   3.4565e-01   8.1868e+01   1.1678e+01   2.8207e-01   2.6576e-02   2.8438e+02
20260822_12:00:00   2.2427e-01   5.7079e+01   1.0238e+01   1.5480e-01   1.0974e-03   2.8245e+02
20260822_15:00:00   9.5323e-02   2.7159e+01   8.8322e+00   1.8409e-02   3.1960e-05   2.8086e+02
20260822_18:00:00   7.6037e-02   2.2337e+01   8.3356e+00   0.0000e+00   0.0000e+00   2.8298e+02
20260822_21:00:00   8.0782e-02   2.3530e+01   8.8149e+00   1.5510e-03   0.0000e+00   2.8691e+02
20260823_00:00:00   2.5287e-01   6.3603e+01   1.1367e+01   1.8238e-01   1.1502e-04   2.8355e+02
