#            date       tau255        Tb[K]      pwv[mm] lwp[kg*m^-2] iwp[kg*m^-2]       o3[DU]
20260905_00:00:00   3.8444e-02   1.2798e+01   2.1433e+00   2.1350e-04   5.3270e-07   2.5904e+02
20260905_01:00:00   3.9579e-02   1.3105e+01   2.2281e+00   1.0330e-03   0.0000e+00   2.5806e+02
20260905_02:00:00   4.0868e-02   1.3453e+01   2.3435e+00   1.8380e-03   0.0000e+00   2.6372e+02
20260905_03:00:00   4.3028e-02   1.4037e+01   2.3753e+00   4.2150e-03   2.0257e-07   2.6534e+02
20260905_04:00:00   4.3430e-02   1.4141e+01   2.3320e+00   5.0430e-03   2.3008e-07   2.6695e+02
20260905_05:00:00   4.0122e-02   1.3244e+01   2.3163e+00   1.1170e-03   0.0000e+00   2.6976e+02
20260905_06:00:00   3.9223e-02   1.2998e+01   2.3079e+00   1.1620e-06   0.0000e+00   2.6886e+02
20260905_07:00:00   3.9206e-02   1.2990e+01   2.3004e+00   0.0000e+00   0.0000e+00   2.6782e+02
20260905_08:00:00   3.8547e-02   1.2808e+01   2.1921e+00   0.0000e+00   1.0787e-06   2.6507e+02
20260905_09:00:00   3.7888e-02   1.2629e+01   2.0702e+00   0.0000e+00   9.1630e-07   2.6489e+02
20260905_10:00:00   3.7566e-02   1.2538e+01   2.0062e+00   0.0000e+00   9.4530e-07   2.6692e+02
20260905_11:00:00   3.7279e-02   1.2463e+01   1.9451e+00   0.0000e+00   0.0000e+00   2.7013e+02
20260905_12:00:00   3.7523e-02   1.2529e+01   1.9913e+00   0.0000e+00   0.0000e+00   2.7002e+02
20260905_13:00:00   3.7466e-02   1.2514e+01   1.9736e+00   0.0000e+00   1.6318e-06   2.7014e+02
20260905_14:00:00   3.7281e-02   1.2461e+01   1.9387e+00   0.0000e+00   0.0000e+00   2.6604e+02
20260905_15:00:00   3.6996e-02   1.2384e+01   1.8906e+00   0.0000e+00   0.0000e+00   2.6468e+02
20260905_16:00:00   3.7372e-02   1.2484e+01   1.9561e+00   0.0000e+00   0.0000e+00   2.6404e+02
20260905_17:00:00   3.7535e-02   1.2529e+01   1.9824e+00   0.0000e+00   0.0000e+00   2.6294e+02
20260905_18:00:00   3.8292e-02   1.2729e+01   2.1078e+00   0.0000e+00   0.0000e+00   2.6216e+02
20260905_19:00:00   3.8848e-02   1.2876e+01   2.2023e+00   0.0000e+00   0.0000e+00   2.6508e+02
20260905_20:00:00   3.9600e-02   1.3072e+01   2.3305e+00   0.0000e+00   0.0000e+00   2.6924e+02
20260905_21:00:00   3.9504e-02   1.3050e+01   2.3174e+00   0.0000e+00   0.0000e+00   2.6706e+02
20260905_22:00:00   4.0240e-02   1.3243e+01   2.4394e+00   1.3210e-06   0.0000e+00   2.6565e+02
20260905_23:00:00   4.1147e-02   1.3481e+01   2.5970e+00   2.8320e-05   0.0000e+00   2.6827e+02
20260906_00:00:00   4.1597e-02   1.3608e+01   2.6812e+00   3.8970e-05   0.0000e+00   2.6394e+02
20260906_01:00:00   4.3593e-02   1.4133e+01   2.9850e+00   2.1820e-04   0.0000e+00   2.6098e+02
20260906_02:00:00   4.3535e-02   1.4114e+01   2.9516e+00   7.4062e-04   0.0000e+00   2.5944e+02
20260906_03:00:00   4.5004e-02   1.4496e+01   3.3195e+00   1.5879e-04   0.0000e+00   2.5855e+02
20260906_04:00:00   4.9458e-02   1.5661e+01   3.9953e+00   4.1416e-04   0.0000e+00   2.5955e+02
20260906_05:00:00   6.3138e-02   1.9250e+01   4.2317e+00   1.5287e-02   0.0000e+00   2.6084e+02
20260906_06:00:00   5.4631e-02   1.6977e+01   4.8593e+00   7.5970e-04   0.0000e+00   2.6479e+02
20260906_07:00:00   6.2400e-02   1.9006e+01   4.9922e+00   8.4990e-03   0.0000e+00   2.6518e+02
20260906_08:00:00   1.0115e-01   2.8793e+01   5.3789e+00   4.9982e-02   0.0000e+00   2.6377e+02
20260906_09:00:00   6.6291e-02   1.9968e+01   5.7060e+00   7.3609e-03   0.0000e+00   2.6324e+02
20260906_10:00:00   6.6731e-02   2.0063e+01   5.8585e+00   7.4135e-03   0.0000e+00   2.6056e+02
20260906_11:00:00   7.1845e-02   2.1370e+01   5.9802e+00   1.3390e-02   2.1179e-04   2.5758e+02
20260906_12:00:00   7.2885e-02   2.1623e+01   5.9875e+00   1.5450e-02   5.0407e-04   2.5885e+02
20260906_13:00:00   6.5539e-02   1.9676e+01   6.3488e+00   5.3340e-03   8.1508e-03   2.5942e+02
20260906_14:00:00   6.1299e-02   1.8551e+01   6.5081e+00   0.0000e+00   9.3771e-03   2.5838e+02
20260906_15:00:00   6.1137e-02   1.8507e+01   6.5705e+00   0.0000e+00   1.3030e-03   2.5962e+02
20260906_16:00:00   6.3274e-02   1.9047e+01   6.9318e+00   0.0000e+00   4.7700e-03   2.6174e+02
20260906_17:00:00   6.4750e-02   1.9417e+01   7.2337e+00   0.0000e+00   2.7465e-02   2.6607e+02
20260906_18:00:00   6.8149e-02   2.0265e+01   7.8497e+00   0.0000e+00   6.9079e-03   2.7180e+02
20260906_19:00:00   7.0327e-02   2.0808e+01   8.2786e+00   0.0000e+00   2.4564e-02   2.7294e+02
20260906_20:00:00   7.2678e-02   2.1408e+01   8.7036e+00   0.0000e+00   8.3678e-03   2.7245e+02
20260906_21:00:00   7.6005e-02   2.2251e+01   9.1553e+00   2.8830e-05   8.5830e-03   2.6947e+02
20260906_22:00:00   8.4929e-02   2.4469e+01   1.0334e+01   2.2888e-03   2.7957e-03   2.6798e+02
20260906_23:00:00   1.0504e-01   2.9433e+01   1.1971e+01   1.3820e-02   1.4388e-02   2.6705e+02
20260907_00:00:00   1.4890e-01   4.0018e+01   1.3564e+01   5.2078e-02   2.5528e-02   2.6413e+02
20260907_01:00:00   2.2569e-01   5.7086e+01   1.4967e+01   1.2723e-01   5.4361e-02   2.6524e+02
20260907_02:00:00   4.5340e-01   1.0137e+02   1.6086e+01   3.7834e-01   3.1449e-01   2.6461e+02
20260907_03:00:00   3.8606e-01   8.9834e+01   1.6715e+01   2.9575e-01   7.7781e-01   2.6596e+02
20260907_04:00:00   4.6523e-01   1.0381e+02   1.6951e+01   3.8304e-01   6.9467e-01   2.6610e+02
20260907_05:00:00   5.7191e-01   1.2049e+02   1.6875e+01   5.0222e-01   4.9286e-01   2.6584e+02
20260907_06:00:00   2.0712e-01   5.2738e+01   1.6194e+01   9.2080e-02   4.2023e-01   2.6531e+02
20260907_07:00:00   1.2286e-01   3.3572e+01   1.5890e+01   1.0654e-04   3.3455e-01   2.6969e+02
20260907_08:00:00   1.2188e-01   3.3353e+01   1.5846e+01   0.0000e+00   1.3944e-01   2.7062e+02
20260907_09:00:00   1.2029e-01   3.2977e+01   1.5626e+01   6.5640e-05   1.0022e-01   2.7060e+02
20260907_10:00:00   1.1685e-01   3.2189e+01   1.5206e+01   0.0000e+00   1.9640e-02   2.6943e+02
20260907_11:00:00   1.1623e-01   3.2027e+01   1.5201e+01   2.0140e-05   1.7236e-02   2.6954e+02
20260907_12:00:00   1.2473e-01   3.4038e+01   1.5266e+01   9.4278e-03   1.6097e-02   2.6883e+02
20260907_13:00:00   1.7826e-01   4.6359e+01   1.4982e+01   7.0544e-02   9.0323e-03   2.6852e+02
20260907_14:00:00   1.7202e-01   4.5113e+01   1.4818e+01   6.4837e-02   3.9627e-03   2.6634e+02
20260907_15:00:00   1.7497e-01   4.5821e+01   1.4863e+01   6.7254e-02   2.7722e-03   2.6528e+02
20260907_16:00:00   1.3482e-01   3.6582e+01   1.4932e+01   2.1439e-02   1.2822e-03   2.6324e+02
20260907_17:00:00   1.2158e-01   3.3463e+01   1.5100e+01   4.5022e-03   5.4803e-04   2.6320e+02
20260907_18:00:00   1.1831e-01   3.2680e+01   1.5372e+01   0.0000e+00   5.0972e-04   2.6528e+02
20260907_19:00:00   1.1754e-01   3.2521e+01   1.5283e+01   0.0000e+00   4.2776e-04   2.6527e+02
20260907_20:00:00   1.1624e-01   3.2239e+01   1.5014e+01   6.7620e-04   5.0198e-05   2.6577e+02
20260907_21:00:00   1.1791e-01   3.2685e+01   1.4870e+01   3.3630e-03   7.3660e-06   2.6475e+02
20260907_22:00:00   1.2300e-01   3.4046e+01   1.4095e+01   1.5984e-02   6.6580e-06   2.6233e+02
20260907_23:00:00   1.5486e-01   4.1826e+01   1.3628e+01   5.7430e-02   5.9020e-05   2.6200e+02
20260908_00:00:00   2.9164e-01   7.2236e+01   1.4371e+01   2.1184e-01   1.7688e-05   2.6410e+02
20260908_01:00:00   7.5007e-01   1.4872e+02   1.4981e+01   7.4834e-01   1.0720e-04   2.6517e+02
20260908_02:00:00   9.0400e-01   1.6723e+02   1.5324e+01   9.2207e-01   4.2419e-06   2.6476e+02
20260908_03:00:00   9.8813e-01   1.7611e+02   1.5698e+01   1.0147e+00   3.0667e-05   2.6343e+02
20260908_04:00:00   7.9999e-01   1.5505e+02   1.5223e+01   8.0348e-01   2.3145e-05   2.6280e+02
20260908_05:00:00   3.4667e-01   8.3365e+01   1.4564e+01   2.7557e-01   5.8540e-04   2.6283e+02
20260908_06:00:00   1.5586e-01   4.2048e+01   1.3928e+01   5.7113e-02   2.5220e-04   2.6358e+02
20260908_07:00:00   1.1433e-01   3.1942e+01   1.3568e+01   1.0857e-02   8.3300e-05   2.6352e+02
20260908_08:00:00   1.0520e-01   2.9659e+01   1.3368e+01   2.4090e-03   4.7940e-05   2.6359e+02
20260908_09:00:00   1.0057e-01   2.8512e+01   1.3049e+01   5.4480e-07   3.1655e-05   2.6082e+02
20260908_10:00:00   9.9663e-02   2.8286e+01   1.2886e+01   1.5241e-04   1.2155e-04   2.6096e+02
20260908_11:00:00   9.9335e-02   2.8220e+01   1.2788e+01   3.7840e-04   1.9413e-03   2.6167e+02
20260908_12:00:00   9.9602e-02   2.8290e+01   1.2826e+01   0.0000e+00   3.2013e-03   2.6349e+02
20260908_13:00:00   1.0106e-01   2.8651e+01   1.2945e+01   0.0000e+00   1.0696e-03   2.6432e+02
20260908_14:00:00   1.0117e-01   2.8685e+01   1.2930e+01   0.0000e+00   4.7451e-05   2.6492e+02
20260908_15:00:00   1.0162e-01   2.8799e+01   1.3012e+01   0.0000e+00   0.0000e+00   2.6723e+02
20260908_16:00:00   1.0158e-01   2.8792e+01   1.2971e+01   0.0000e+00   1.8290e-05   2.6670e+02
20260908_17:00:00   1.0064e-01   2.8585e+01   1.2823e+01   0.0000e+00   9.2210e-06   2.6610e+02
20260908_18:00:00   1.0065e-01   2.8588e+01   1.2812e+01   6.7860e-06   1.5923e-05   2.6593e+02
20260908_19:00:00   9.8866e-02   2.8163e+01   1.2531e+01   0.0000e+00   9.4480e-06   2.6651e+02
20260908_20:00:00   9.7790e-02   2.7918e+01   1.2275e+01   5.5820e-04   2.0142e-05   2.6543e+02
20260908_21:00:00   1.1034e-01   3.1085e+01   1.2300e+01   1.4799e-02   1.9885e-04   2.6567e+02
20260908_22:00:00   3.4528e-01   8.3383e+01   1.3066e+01   2.8677e-01   4.4442e-04   2.6476e+02
20260908_23:00:00   4.7533e-01   1.0736e+02   1.3763e+01   4.3276e-01   3.4957e-04   2.6362e+02
20260909_00:00:00   8.0672e-01   1.5593e+02   1.4577e+01   8.1242e-01   3.7089e-04   2.6168e+02
20260909_01:00:00   1.1744e+00   1.9346e+02   1.5497e+01   1.2256e+00   9.5194e-04   2.6060e+02
20260909_02:00:00   1.3059e+00   2.0302e+02   1.6307e+01   1.3585e+00   1.3329e-03   2.6015e+02
20260909_03:00:00   1.1473e+00   1.8943e+02   1.6440e+01   1.1684e+00   3.3239e-03   2.6292e+02
20260909_04:00:00   7.6337e-01   1.4836e+02   1.5322e+01   7.3387e-01   2.1994e-03   2.6289e+02
20260909_05:00:00   1.4563e-01   3.9537e+01   1.3465e+01   4.1118e-02   6.7630e-05   2.6247e+02
20260909_06:00:00   1.0115e-01   2.8786e+01   1.2355e+01   2.0980e-04   7.8410e-06   2.6193e+02
20260909_07:00:00   9.6656e-02   2.7667e+01   1.1769e+01   0.0000e+00   7.8700e-06   2.6350e+02
20260909_08:00:00   9.5016e-02   2.7252e+01   1.1525e+01   0.0000e+00   3.2630e-06   2.6501e+02
20260909_09:00:00   9.4787e-02   2.7180e+01   1.1461e+01   0.0000e+00   1.1590e-06   2.6588e+02
20260909_10:00:00   9.2258e-02   2.6555e+01   1.1114e+01   0.0000e+00   1.1022e-05   2.6569e+02
20260909_11:00:00   9.1534e-02   2.6374e+01   1.0965e+01   0.0000e+00   0.0000e+00   2.6477e+02
20260909_12:00:00   9.0013e-02   2.5985e+01   1.0758e+01   0.0000e+00   1.4380e-06   2.6368e+02
20260909_13:00:00   8.6921e-02   2.5209e+01   1.0362e+01   0.0000e+00   6.7760e-06   2.6229e+02
20260909_14:00:00   8.4352e-02   2.4562e+01   1.0049e+01   0.0000e+00   5.9690e-07   2.6229e+02
20260909_15:00:00   8.2265e-02   2.4040e+01   9.7743e+00   0.0000e+00   1.6253e-05   2.6269e+02
20260909_16:00:00   8.0596e-02   2.3628e+01   9.5158e+00   0.0000e+00   1.2999e-05   2.6315e+02
20260909_17:00:00   7.8514e-02   2.3109e+01   9.1718e+00   0.0000e+00   1.6208e-05   2.6457e+02
20260909_18:00:00   7.0582e-02   2.1101e+01   8.0197e+00   0.0000e+00   1.0400e-04   2.6745e+02
20260909_19:00:00   5.8167e-02   1.7898e+01   6.0715e+00   0.0000e+00   1.0018e-04   2.6830e+02
20260909_20:00:00   5.3395e-02   1.6652e+01   5.2507e+00   0.0000e+00   2.9540e-04   2.6951e+02
20260909_21:00:00   5.4977e-02   1.7064e+01   5.4874e+00   0.0000e+00   1.7736e-04   2.7083e+02
20260909_22:00:00   5.9965e-02   1.8361e+01   6.2902e+00   0.0000e+00   3.4080e-05   2.7245e+02
20260909_23:00:00   9.7318e-02   2.7910e+01   7.2986e+00   3.6130e-02   1.6084e-05   2.7255e+02
20260910_00:00:00   1.2218e-01   3.4070e+01   7.7820e+00   6.1460e-02   8.4700e-06   2.7259e+02
20260910_03:00:00   7.2023e-02   2.1462e+01   7.2135e+00   7.0547e-03   1.1552e-05   2.7379e+02
20260910_06:00:00   5.4073e-02   1.6793e+01   5.4848e+00   0.0000e+00   7.8400e-05   2.7500e+02
20260910_09:00:00   4.6698e-02   1.4834e+01   4.2026e+00   8.6170e-07   1.1620e-03   2.7915e+02
20260910_12:00:00   4.3158e-02   1.3886e+01   3.4927e+00   0.0000e+00   9.7240e-04   2.7947e+02
20260910_15:00:00   4.2188e-02   1.3613e+01   3.2833e+00   0.0000e+00   0.0000e+00   2.8198e+02
20260910_18:00:00   4.1905e-02   1.3531e+01   3.1536e+00   0.0000e+00   0.0000e+00   2.8590e+02
20260910_21:00:00   3.7497e-02   1.2468e+01   1.9789e+00   0.0000e+00   0.0000e+00   2.8736e+02
20260911_00:00:00   3.9465e-02   1.2985e+01   2.2474e+00   5.5482e-04   0.0000e+00   2.8385e+02
20260911_03:00:00   3.9017e-02   1.2862e+01   2.2629e+00   4.9200e-05   0.0000e+00   2.8397e+02
20260911_06:00:00   3.6924e-02   1.2306e+01   1.8325e+00   0.0000e+00   0.0000e+00   2.8450e+02
20260911_09:00:00   3.5130e-02   1.1829e+01   1.4470e+00   0.0000e+00   0.0000e+00   2.8826e+02
20260911_12:00:00   3.4405e-02   1.1639e+01   1.3082e+00   0.0000e+00   0.0000e+00   2.8212e+02
20260911_15:00:00   3.4752e-02   1.1736e+01   1.3825e+00   0.0000e+00   0.0000e+00   2.7689e+02
20260911_18:00:00   3.4868e-02   1.1769e+01   1.3914e+00   0.0000e+00   0.0000e+00   2.7779e+02
20260911_21:00:00   3.5102e-02   1.1833e+01   1.4239e+00   4.3310e-05   0.0000e+00   2.7853e+02
20260912_00:00:00   3.6513e-02   1.2218e+01   1.6063e+00   5.9910e-04   0.0000e+00   2.7837e+02
20260912_03:00:00   4.4398e-02   1.4341e+01   1.7701e+00   8.8830e-03   0.0000e+00   2.8483e+02
20260912_06:00:00   4.6937e-02   1.5029e+01   1.6701e+00   1.2670e-02   0.0000e+00   2.8144e+02
20260912_09:00:00   3.7286e-02   1.2439e+01   1.6060e+00   1.6410e-03   5.3260e-06   2.8169e+02
20260912_12:00:00   3.4640e-02   1.1733e+01   1.3794e+00   0.0000e+00   4.8800e-05   2.8147e+02
20260912_15:00:00   3.5818e-02   1.2055e+01   1.5917e+00   0.0000e+00   1.7406e-04   2.7893e+02
20260912_18:00:00   3.5335e-02   1.1937e+01   1.4815e+00   0.0000e+00   1.9910e-04   2.7766e+02
20260912_21:00:00   3.5274e-02   1.1927e+01   1.4757e+00   1.3340e-05   4.1540e-05   2.7492e+02
20260913_00:00:00   4.5107e-02   1.4546e+01   2.3323e+00   5.5420e-03   1.2588e-05   2.7306e+02
20260913_03:00:00   3.9332e-02   1.3015e+01   2.1632e+00   2.5089e-04   1.9664e-05   2.7306e+02
20260913_06:00:00   4.0452e-02   1.3316e+01   2.3838e+00   2.3730e-04   0.0000e+00   2.7192e+02
20260913_09:00:00   4.1858e-02   1.3693e+01   1.9813e+00   4.8010e-03   0.0000e+00   2.7219e+02
20260913_12:00:00   3.7171e-02   1.2427e+01   1.8522e+00   2.7807e-04   0.0000e+00   2.7126e+02
20260913_15:00:00   3.7460e-02   1.2500e+01   1.9509e+00   7.3990e-07   0.0000e+00   2.7201e+02
20260913_18:00:00   4.0951e-02   1.3423e+01   2.5542e+00   0.0000e+00   0.0000e+00   2.7334e+02
20260913_21:00:00   4.5069e-02   1.4513e+01   3.2082e+00   6.2260e-05   0.0000e+00   2.7560e+02
20260914_00:00:00   4.0338e-01   9.4307e+01   4.6515e+00   4.1060e-01   0.0000e+00   2.7217e+02
20260914_03:00:00   7.3165e-02   2.1819e+01   5.5062e+00   1.6334e-02   0.0000e+00   2.7042e+02
20260914_06:00:00   1.0324e-01   2.9475e+01   4.1274e+00   6.2360e-02   0.0000e+00   2.7262e+02
20260914_09:00:00   4.4106e-02   1.4243e+01   3.0991e+00   3.2670e-04   0.0000e+00   2.7303e+02
20260914_12:00:00   4.0939e-02   1.3391e+01   2.6503e+00   0.0000e+00   0.0000e+00   2.6999e+02
20260914_15:00:00   4.1053e-02   1.3408e+01   2.6851e+00   0.0000e+00   0.0000e+00   2.6692e+02
20260914_18:00:00   4.0997e-02   1.3389e+01   2.6964e+00   0.0000e+00   0.0000e+00   2.6967e+02
20260914_21:00:00   4.5172e-02   1.4503e+01   3.3280e+00   2.9490e-04   0.0000e+00   2.7217e+02
20260915_00:00:00   1.3315e-01   3.6791e+01   5.9650e+00   8.5440e-02   0.0000e+00   2.6886e+02
20260915_03:00:00   9.7934e-02   2.7938e+01   9.3498e+00   1.9885e-02   0.0000e+00   2.6742e+02
20260915_06:00:00   8.6629e-02   2.5087e+01   9.2339e+00   6.4850e-03   0.0000e+00   2.6739e+02
20260915_09:00:00   7.1271e-02   2.1191e+01   7.7795e+00   0.0000e+00   0.0000e+00   2.6913e+02
20260915_12:00:00   5.7000e-02   1.7526e+01   5.5442e+00   1.2240e-05   0.0000e+00   2.6682e+02
20260915_15:00:00   5.3485e-02   1.6601e+01   5.0463e+00   0.0000e+00   0.0000e+00   2.6813e+02
20260915_18:00:00   5.3186e-02   1.6508e+01   5.0388e+00   0.0000e+00   0.0000e+00   2.7031e+02
20260915_21:00:00   5.0535e-02   1.5813e+01   4.6573e+00   1.6450e-04   6.6580e-06   2.6986e+02
20260916_00:00:00   9.9133e-02   2.8309e+01   5.9715e+00   4.8520e-02   2.6542e-03   2.6837e+02
20260916_03:00:00   1.9820e-01   5.1980e+01   7.8939e+00   1.5123e-01   3.5882e-03   2.6784e+02
20260916_06:00:00   6.9971e-02   2.0840e+01   7.4451e+00   4.0620e-03   0.0000e+00   2.7057e+02
20260916_09:00:00   6.7400e-02   2.0194e+01   6.8795e+00   5.2180e-03   4.1460e-05   2.7591e+02
20260916_12:00:00   5.8520e-02   1.7855e+01   6.2430e+00   0.0000e+00   1.6325e-03   2.7100e+02
20260916_15:00:00   5.5619e-02   1.7102e+01   5.7568e+00   0.0000e+00   9.2596e-04   2.7032e+02
20260916_18:00:00   5.4362e-02   1.6780e+01   5.5041e+00   0.0000e+00   0.0000e+00   2.7086e+02
20260916_21:00:00   5.2470e-02   1.6300e+01   5.1137e+00   1.6640e-04   0.0000e+00   2.7016e+02
20260917_00:00:00   1.7316e-01   4.6243e+01   6.3072e+00   1.3341e-01   0.0000e+00   2.6922e+02
20260917_03:00:00   6.7523e-02   2.0212e+01   6.6761e+00   6.6240e-03   0.0000e+00   2.6765e+02
20260917_06:00:00   5.6910e-02   1.7434e+01   5.9381e+00   6.6460e-05   0.0000e+00   2.7603e+02
20260917_09:00:00   5.7306e-02   1.7533e+01   6.0008e+00   0.0000e+00   3.7300e-07   2.7753e+02
20260917_12:00:00   6.6170e-02   1.9802e+01   7.4221e+00   0.0000e+00   0.0000e+00   2.7624e+02
20260917_15:00:00   7.1811e-02   2.1233e+01   8.2797e+00   0.0000e+00   0.0000e+00   2.7599e+02
20260917_18:00:00   8.4956e-02   2.4548e+01   1.0081e+01   0.0000e+00   1.3116e-04   2.7888e+02
20260917_21:00:00   8.8732e-02   2.5512e+01   1.0385e+01   1.2299e-03   1.8700e-05   2.7804e+02
20260918_00:00:00   1.0352e-01   2.9205e+01   1.0631e+01   1.7321e-02   3.7680e-04   2.7626e+02
20260918_03:00:00   9.0020e-02   2.5805e+01   1.0787e+01   4.7250e-05   2.6640e-05   2.7790e+02
20260918_06:00:00   8.7539e-02   2.5179e+01   1.0423e+01   0.0000e+00   0.0000e+00   2.7710e+02
20260918_09:00:00   9.1380e-02   2.6110e+01   1.0941e+01   0.0000e+00   0.0000e+00   2.7797e+02
20260918_12:00:00   9.4203e-02   2.6784e+01   1.1306e+01   5.7520e-06   0.0000e+00   2.7645e+02
20260918_15:00:00   9.5778e-02   2.7139e+01   1.1532e+01   0.0000e+00   2.1208e-03   2.7487e+02
20260918_18:00:00   9.6364e-02   2.7274e+01   1.1574e+01   0.0000e+00   4.6241e-05   2.7566e+02
20260918_21:00:00   9.6863e-02   2.7398e+01   1.1666e+01   6.5810e-05   1.0365e-04   2.7320e+02
20260919_00:00:00   1.0524e-01   2.9376e+01   1.3032e+01   4.5410e-04   5.4989e-03   2.7045e+02
20260919_03:00:00   1.0917e-01   3.0324e+01   1.3531e+01   8.0087e-04   2.1176e-03   2.6967e+02
20260919_06:00:00   1.1112e-01   3.0861e+01   1.3034e+01   4.7759e-03   6.2006e-05   2.7372e+02
20260919_09:00:00   1.0308e-01   2.8931e+01   1.1892e+01   3.4720e-03   8.2403e-05   2.7412e+02
20260919_12:00:00   9.7827e-02   2.7648e+01   1.1205e+01   2.9619e-03   8.5160e-06   2.7443e+02
20260919_15:00:00   9.2080e-02   2.6215e+01   1.0776e+01   1.0540e-06   1.3502e-04   2.7505e+02
20260919_18:00:00   9.0314e-02   2.5767e+01   1.0593e+01   9.9490e-07   1.4064e-05   2.7508e+02
20260919_21:00:00   9.2221e-02   2.6222e+01   1.1037e+01   2.9760e-05   1.5062e-04   2.7335e+02
20260920_00:00:00   1.0889e-01   3.0310e+01   1.2193e+01   1.1395e-02   2.8219e-03   2.6960e+02
20260920_03:00:00   2.1958e-01   5.6274e+01   1.2224e+01   1.3958e-01   2.0806e-02   2.6789e+02
20260920_06:00:00   8.9061e-02   2.5442e+01   1.0719e+01   0.0000e+00   1.5484e-03   2.6827e+02
20260920_09:00:00   8.7712e-02   2.5081e+01   1.0690e+01   0.0000e+00   9.5788e-03   2.6845e+02
20260920_12:00:00   8.6618e-02   2.4790e+01   1.0595e+01   0.0000e+00   1.5253e-02   2.6828e+02
20260920_15:00:00   8.3222e-02   2.3967e+01   1.0075e+01   0.0000e+00   3.3704e-04   2.6714e+02
20260920_18:00:00   8.2773e-02   2.3846e+01   1.0054e+01   0.0000e+00   4.9910e-05   2.6690e+02
20260920_21:00:00   8.3104e-02   2.3928e+01   1.0197e+01   2.8080e-04   1.6840e-03   2.6713e+02
20260921_00:00:00   9.4825e-02   2.6843e+01   1.1307e+01   4.6580e-03   8.8002e-03   2.6336e+02
