#            date       tau255        Tb[K]      pwv[mm] lwp[kg*m^-2] iwp[kg*m^-2]       o3[DU]
20260917_06:00:00   6.3950e-02   1.9424e+01   6.3560e+00   0.0000e+00   0.0000e+00   2.6285e+02
20260917_07:00:00   6.5086e-02   1.9711e+01   6.5203e+00   0.0000e+00   0.0000e+00   2.6522e+02
20260917_08:00:00   6.4983e-02   1.9677e+01   6.4865e+00   0.0000e+00   0.0000e+00   2.6610e+02
20260917_09:00:00   6.4323e-02   1.9502e+01   6.3961e+00   0.0000e+00   0.0000e+00   2.6829e+02
20260917_10:00:00   6.5648e-02   1.9835e+01   6.6167e+00   0.0000e+00   0.0000e+00   2.7124e+02
20260917_11:00:00   6.6524e-02   2.0051e+01   6.7510e+00   0.0000e+00   0.0000e+00   2.6909e+02
20260917_12:00:00   6.6953e-02   2.0152e+01   6.8330e+00   0.0000e+00   2.3880e-24   2.6646e+02
20260917_13:00:00   6.8452e-02   2.0525e+01   7.0703e+00   0.0000e+00   0.0000e+00   2.6720e+02
20260917_14:00:00   7.0582e-02   2.1054e+01   7.3880e+00   0.0000e+00   0.0000e+00   2.6774e+02
20260917_15:00:00   7.2254e-02   2.1464e+01   7.6308e+00   0.0000e+00   0.0000e+00   2.6761e+02
20260917_16:00:00   7.3220e-02   2.1701e+01   7.7838e+00   0.0000e+00   0.0000e+00   2.6956e+02
20260917_17:00:00   7.3869e-02   2.1861e+01   7.8593e+00   0.0000e+00   0.0000e+00   2.7128e+02
20260917_18:00:00   7.4352e-02   2.1985e+01   7.9516e+00   0.0000e+00   0.0000e+00   2.6968e+02
20260917_19:00:00   7.7063e-02   2.2655e+01   8.3586e+00   0.0000e+00   0.0000e+00   2.6992e+02
20260917_20:00:00   7.8878e-02   2.3100e+01   8.6684e+00   5.1950e-05   0.0000e+00   2.7135e+02
20260917_21:00:00   8.2489e-02   2.3975e+01   9.3359e+00   2.5660e-04   0.0000e+00   2.7194e+02
20260917_22:00:00   8.6621e-02   2.4974e+01   1.0053e+01   3.7410e-04   6.1500e-04   2.6974e+02
20260917_23:00:00   9.5388e-02   2.7148e+01   1.0731e+01   5.6150e-03   1.5292e-03   2.7434e+02
20260918_00:00:00   1.0284e-01   2.8959e+01   1.1475e+01   8.4548e-03   1.4610e-03   2.7416e+02
20260918_01:00:00   9.9628e-02   2.8158e+01   1.1473e+01   3.9891e-03   1.0357e-03   2.7494e+02
20260918_02:00:00   1.0387e-01   2.9154e+01   1.1712e+01   5.9456e-03   3.2354e-03   2.7311e+02
20260918_03:00:00   1.1438e-01   3.1756e+01   1.1458e+01   1.9251e-02   1.5143e-02   2.7364e+02
20260918_04:00:00   1.1717e-01   3.2417e+01   1.2066e+01   1.6155e-02   1.2042e-02   2.7427e+02
20260918_05:00:00   2.1768e-01   5.5176e+01   1.3074e+01   1.2265e-01   5.8772e-02   2.7684e+02
20260918_06:00:00   2.5898e-01   6.3956e+01   1.3039e+01   1.7050e-01   7.0498e-02   2.7806e+02
20260918_07:00:00   1.5165e-01   4.0506e+01   1.2544e+01   5.3228e-02   5.4624e-02   2.7777e+02
20260918_08:00:00   1.0808e-01   3.0110e+01   1.2303e+01   5.5400e-03   1.8074e-02   2.8249e+02
20260918_09:00:00   1.0819e-01   3.0127e+01   1.2038e+01   7.6808e-03   2.6308e-03   2.8199e+02
20260918_10:00:00   1.0761e-01   2.9980e+01   1.1992e+01   7.1524e-03   1.8587e-04   2.7970e+02
20260918_11:00:00   1.0293e-01   2.8838e+01   1.1884e+01   2.1679e-03   3.9363e-04   2.7787e+02
20260918_12:00:00   9.9767e-02   2.8068e+01   1.1682e+01   1.6354e-04   7.4449e-04   2.7630e+02
20260918_13:00:00   9.8460e-02   2.7744e+01   1.1560e+01   0.0000e+00   1.1116e-03   2.7295e+02
20260918_14:00:00   9.7051e-02   2.7391e+01   1.1442e+01   2.6640e-05   4.7795e-04   2.7031e+02
20260918_15:00:00   9.5101e-02   2.6916e+01   1.1234e+01   1.0654e-04   2.6510e-04   2.7240e+02
20260918_16:00:00   9.5045e-02   2.6889e+01   1.1197e+01   5.3560e-04   2.4233e-03   2.7319e+02
20260918_17:00:00   9.3313e-02   2.6463e+01   1.0966e+01   5.2600e-04   2.3556e-03   2.7202e+02
20260918_18:00:00   9.0579e-02   2.5813e+01   1.0546e+01   5.5940e-04   4.8204e-04   2.7180e+02
20260918_19:00:00   8.9353e-02   2.5512e+01   1.0440e+01   3.9960e-05   5.2968e-04   2.7065e+02
20260918_20:00:00   8.8874e-02   2.5388e+01   1.0444e+01   0.0000e+00   3.3147e-04   2.7061e+02
20260918_21:00:00   8.9680e-02   2.5574e+01   1.0651e+01   7.1740e-05   2.1935e-04   2.7358e+02
20260918_22:00:00   9.0414e-02   2.5733e+01   1.0839e+01   8.3350e-06   1.2317e-03   2.7398e+02
20260918_23:00:00   9.1119e-02   2.5888e+01   1.1000e+01   0.0000e+00   2.3517e-03   2.7345e+02
20260919_00:00:00   9.1300e-02   2.5915e+01   1.1078e+01   0.0000e+00   2.2967e-03   2.7270e+02
20260919_01:00:00   9.1819e-02   2.6024e+01   1.1179e+01   0.0000e+00   2.9977e-03   2.7337e+02
20260919_02:00:00   9.0681e-02   2.5746e+01   1.1044e+01   0.0000e+00   4.7233e-03   2.7412e+02
20260919_03:00:00   8.9700e-02   2.5500e+01   1.0928e+01   0.0000e+00   2.5372e-02   2.7280e+02
20260919_04:00:00   8.9213e-02   2.5371e+01   1.0931e+01   0.0000e+00   9.3690e-03   2.7008e+02
20260919_05:00:00   8.7009e-02   2.4845e+01   1.0594e+01   0.0000e+00   9.1727e-03   2.6826e+02
20260919_06:00:00   8.3521e-02   2.4008e+01   1.0079e+01   0.0000e+00   1.2342e-02   2.6809e+02
20260919_07:00:00   8.0922e-02   2.3380e+01   9.6272e+00   0.0000e+00   1.0841e-01   2.6954e+02
20260919_08:00:00   8.1109e-02   2.3432e+01   9.6414e+00   0.0000e+00   4.5688e-02   2.7032e+02
20260919_09:00:00   8.0908e-02   2.3369e+01   9.6142e+00   0.0000e+00   5.9081e-02   2.7335e+02
20260919_10:00:00   8.0172e-02   2.3196e+01   9.4985e+00   0.0000e+00   2.9623e-02   2.7408e+02
20260919_11:00:00   8.0522e-02   2.3264e+01   9.5804e+00   0.0000e+00   8.9541e-02   2.6883e+02
20260919_12:00:00   7.9884e-02   2.3094e+01   9.5419e+00   0.0000e+00   1.2778e-01   2.6846e+02
20260919_13:00:00   7.9286e-02   2.2955e+01   9.4597e+00   0.0000e+00   4.4164e-02   2.6754e+02
20260919_14:00:00   7.8453e-02   2.2746e+01   9.3550e+00   0.0000e+00   5.6321e-02   2.6812e+02
20260919_15:00:00   8.0037e-02   2.3111e+01   9.6893e+00   0.0000e+00   9.7666e-02   2.6897e+02
20260919_16:00:00   8.4207e-02   2.4113e+01   1.0435e+01   0.0000e+00   8.2052e-02   2.7147e+02
20260919_17:00:00   8.6866e-02   2.4754e+01   1.0786e+01   0.0000e+00   1.3843e-01   2.7067e+02
20260919_18:00:00   8.7792e-02   2.4983e+01   1.0963e+01   0.0000e+00   9.7764e-02   2.6946e+02
20260919_19:00:00   8.8900e-02   2.5253e+01   1.1166e+01   0.0000e+00   9.1321e-02   2.6850e+02
20260919_20:00:00   8.7670e-02   2.4980e+01   1.0942e+01   0.0000e+00   4.2636e-02   2.6877e+02
20260919_21:00:00   8.6682e-02   2.4737e+01   1.0827e+01   0.0000e+00   2.5696e-02   2.6847e+02
20260919_22:00:00   8.5758e-02   2.4513e+01   1.0699e+01   0.0000e+00   2.2134e-03   2.6747e+02
20260919_23:00:00   8.4618e-02   2.4244e+01   1.0509e+01   0.0000e+00   4.3240e-05   2.6857e+02
20260920_00:00:00   8.5068e-02   2.4347e+01   1.0609e+01   0.0000e+00   5.9360e-05   2.6568e+02
20260920_01:00:00   8.5546e-02   2.4457e+01   1.0720e+01   0.0000e+00   2.9107e-05   2.6635e+02
20260920_02:00:00   8.6722e-02   2.4749e+01   1.0916e+01   0.0000e+00   9.0266e-05   2.6749e+02
20260920_03:00:00   8.7576e-02   2.4967e+01   1.1013e+01   0.0000e+00   1.1478e-04   2.6672e+02
20260920_04:00:00   8.7123e-02   2.4856e+01   1.0960e+01   0.0000e+00   2.0711e-04   2.6566e+02
20260920_05:00:00   8.5748e-02   2.4529e+01   1.0755e+01   0.0000e+00   2.8047e-04   2.6587e+02
20260920_06:00:00   8.3804e-02   2.4061e+01   1.0406e+01   0.0000e+00   9.0108e-04   2.6614e+02
20260920_07:00:00   8.4855e-02   2.4330e+01   1.0528e+01   0.0000e+00   9.5216e-04   2.6660e+02
20260920_08:00:00   8.6166e-02   2.4662e+01   1.0727e+01   0.0000e+00   2.3802e-04   2.6769e+02
20260920_09:00:00   8.7215e-02   2.4923e+01   1.0880e+01   0.0000e+00   1.3922e-03   2.6791e+02
20260920_10:00:00   8.8873e-02   2.5334e+01   1.1148e+01   2.8760e-05   4.7386e-03   2.6682e+02
20260920_11:00:00   9.2430e-02   2.6207e+01   1.1655e+01   1.3543e-04   8.7463e-03   2.6798e+02
20260920_12:00:00   9.1406e-02   2.5973e+01   1.1428e+01   1.4624e-04   1.4420e-03   2.6850e+02
20260920_13:00:00   8.8666e-02   2.5304e+01   1.1075e+01   5.8720e-05   1.1807e-03   2.6957e+02
20260920_14:00:00   8.6834e-02   2.4873e+01   1.0737e+01   0.0000e+00   3.4713e-04   2.7011e+02
20260920_15:00:00   8.5570e-02   2.4573e+01   1.0465e+01   5.7520e-06   7.2074e-04   2.6924e+02
20260920_16:00:00   8.4760e-02   2.4371e+01   1.0294e+01   1.5356e-04   1.9725e-03   2.6898e+02
20260920_17:00:00   8.3414e-02   2.4045e+01   1.0037e+01   5.1520e-04   8.9469e-04   2.6740e+02
20260920_18:00:00   8.1868e-02   2.3663e+01   9.8814e+00   2.8060e-04   3.1247e-04   2.6628e+02
20260920_19:00:00   7.9615e-02   2.3099e+01   9.6511e+00   2.8360e-05   2.1098e-04   2.6516e+02
20260920_20:00:00   7.7800e-02   2.2638e+01   9.4591e+00   0.0000e+00   1.6334e-04   2.6483e+02
20260920_21:00:00   7.5478e-02   2.2066e+01   9.1008e+00   0.0000e+00   5.1417e-05   2.6321e+02
20260920_22:00:00   7.4790e-02   2.1892e+01   9.0147e+00   0.0000e+00   7.2670e-05   2.6252e+02
20260920_23:00:00   7.4791e-02   2.1889e+01   9.0441e+00   0.0000e+00   1.3118e-04   2.6306e+02
20260921_00:00:00   7.3826e-02   2.1652e+01   8.9124e+00   0.0000e+00   2.1614e-04   2.6394e+02
20260921_01:00:00   7.3681e-02   2.1610e+01   8.9361e+00   0.0000e+00   1.1970e-03   2.6420e+02
20260921_02:00:00   7.4181e-02   2.1727e+01   9.0758e+00   0.0000e+00   1.2290e-03   2.6509e+02
20260921_03:00:00   7.4027e-02   2.1685e+01   9.0763e+00   0.0000e+00   2.3359e-03   2.6529e+02
20260921_04:00:00   7.3662e-02   2.1597e+01   9.0054e+00   0.0000e+00   8.6621e-04   2.6611e+02
20260921_05:00:00   7.3154e-02   2.1462e+01   8.9298e+00   0.0000e+00   1.1127e-03   2.6644e+02
20260921_06:00:00   7.2789e-02   2.1369e+01   8.8905e+00   0.0000e+00   1.1409e-03   2.6670e+02
20260921_07:00:00   7.2669e-02   2.1346e+01   8.8669e+00   0.0000e+00   2.7607e-04   2.6685e+02
20260921_08:00:00   7.2436e-02   2.1294e+01   8.8336e+00   0.0000e+00   3.1686e-04   2.6768e+02
20260921_09:00:00   7.3360e-02   2.1516e+01   9.0171e+00   0.0000e+00   7.8373e-04   2.6724e+02
20260921_10:00:00   7.3908e-02   2.1644e+01   9.1092e+00   0.0000e+00   5.4869e-03   2.6620e+02
20260921_11:00:00   7.3693e-02   2.1598e+01   9.0454e+00   0.0000e+00   1.6699e-02   2.6557e+02
20260921_12:00:00   7.3748e-02   2.1612e+01   9.0401e+00   0.0000e+00   1.5988e-02   2.6517e+02
20260921_13:00:00   7.3930e-02   2.1655e+01   9.0758e+00   0.0000e+00   1.2488e-02   2.6633e+02
20260921_14:00:00   7.4821e-02   2.1877e+01   9.2229e+00   0.0000e+00   1.7030e-02   2.6643e+02
20260921_15:00:00   7.6996e-02   2.2399e+01   9.6285e+00   0.0000e+00   1.0846e-02   2.6698e+02
20260921_16:00:00   7.6868e-02   2.2378e+01   9.5637e+00   0.0000e+00   5.3457e-03   2.6727e+02
20260921_17:00:00   7.7026e-02   2.2412e+01   9.5734e+00   0.0000e+00   2.6959e-03   2.6731e+02
20260921_18:00:00   7.6752e-02   2.2348e+01   9.5135e+00   0.0000e+00   4.4928e-03   2.6816e+02
20260921_19:00:00   7.5632e-02   2.2084e+01   9.3123e+00   0.0000e+00   2.3378e-03   2.6949e+02
20260921_20:00:00   7.4783e-02   2.1890e+01   9.1555e+00   0.0000e+00   1.1663e-03   2.6978e+02
20260921_21:00:00   7.4512e-02   2.1834e+01   9.0892e+00   0.0000e+00   2.9302e-06   2.6883e+02
20260921_22:00:00   7.5338e-02   2.2049e+01   9.2456e+00   0.0000e+00   1.4380e-06   2.6651e+02
20260921_23:00:00   7.6292e-02   2.2288e+01   9.3967e+00   0.0000e+00   2.8076e-05   2.6589e+02
20260922_00:00:00   7.8160e-02   2.2760e+01   9.6567e+00   0.0000e+00   1.2464e-03   2.6604e+02
20260922_01:00:00   7.7772e-02   2.2664e+01   9.6175e+00   0.0000e+00   1.0748e-02   2.6511e+02
20260922_02:00:00   7.6796e-02   2.2428e+01   9.3961e+00   9.7900e-04   2.5167e-02   2.6424e+02
20260922_03:00:00   7.5072e-02   2.1995e+01   9.2637e+00   6.2610e-07   1.3208e-02   2.6337e+02
20260922_04:00:00   7.4739e-02   2.1916e+01   9.1892e+00   0.0000e+00   9.8131e-03   2.6279e+02
20260922_05:00:00   7.3723e-02   2.1667e+01   9.0195e+00   7.4310e-07   7.3738e-03   2.6203e+02
20260922_06:00:00   7.3431e-02   2.1589e+01   8.9969e+00   0.0000e+00   9.0508e-03   2.6152e+02
20260922_09:00:00   7.4343e-02   2.1831e+01   9.1118e+00   4.5670e-05   1.2813e-02   2.6243e+02
20260922_12:00:00   7.6799e-02   2.2454e+01   9.4353e+00   3.5320e-04   5.3503e-03   2.5919e+02
20260922_15:00:00   7.9340e-02   2.3126e+01   9.6782e+00   0.0000e+00   3.5707e-03   2.5923e+02
20260922_18:00:00   8.7398e-02   2.5183e+01   1.0666e+01   1.1260e-05   1.3721e-03   2.6245e+02
20260922_21:00:00   9.8099e-02   2.7848e+01   1.1936e+01   1.0140e-04   0.0000e+00   2.5950e+02
20260923_00:00:00   9.9740e-02   2.8277e+01   1.1591e+01   6.0550e-03   3.1918e-04   2.6113e+02
20260923_03:00:00   9.8597e-02   2.7993e+01   1.1944e+01   2.1572e-03   2.8585e-04   2.6006e+02
20260923_06:00:00   1.0069e-01   2.8490e+01   1.2505e+01   7.0710e-05   1.0881e-02   2.6327e+02
20260923_09:00:00   1.0294e-01   2.9044e+01   1.2806e+01   2.2740e-04   2.2602e-02   2.6294e+02
20260923_12:00:00   1.4313e-01   3.8823e+01   1.4329e+01   3.2457e-02   1.2993e-02   2.6514e+02
20260923_15:00:00   3.7205e-01   8.8056e+01   1.4447e+01   3.0123e-01   1.5954e-02   2.6464e+02
20260923_18:00:00   1.4163e-01   3.8407e+01   1.4668e+01   2.9376e-02   1.4867e-02   2.6453e+02
20260923_21:00:00   1.2661e-01   3.4743e+01   1.5494e+01   4.0990e-03   1.1546e-02   2.6613e+02
20260924_00:00:00   2.0616e-01   5.3468e+01   1.5524e+01   9.9107e-02   1.6645e-02   2.6144e+02
20260924_03:00:00   7.6913e-01   1.5037e+02   1.5902e+01   7.5442e-01   2.5776e-02   2.6238e+02
20260924_06:00:00   9.8261e-01   1.7457e+02   1.6547e+01   9.8957e-01   2.9048e-01   2.6460e+02
20260924_09:00:00   2.0735e-01   5.3835e+01   1.3867e+01   1.0959e-01   8.1211e-02   2.6736e+02
20260924_12:00:00   1.0711e-01   3.0182e+01   1.1669e+01   1.1136e-02   5.6165e-03   2.6600e+02
20260924_15:00:00   9.2948e-02   2.6728e+01   9.8073e+00   6.8548e-03   9.0823e-04   2.6644e+02
20260924_18:00:00   7.8755e-02   2.3210e+01   7.4732e+00   7.4806e-03   1.3418e-02   2.6848e+02
20260924_21:00:00   9.1495e-02   2.6504e+01   7.0774e+00   2.6216e-02   4.2463e-03   2.6934e+02
20260925_00:00:00   8.1240e-02   2.3867e+01   7.3066e+00   1.2125e-02   1.0132e-02   2.6963e+02
20260925_03:00:00   7.2178e-02   2.1541e+01   7.3520e+00   1.4930e-03   8.1380e-03   2.6999e+02
20260925_06:00:00   6.9942e-02   2.0988e+01   6.6981e+00   3.9127e-03   2.5077e-03   2.7255e+02
20260925_09:00:00   6.8582e-02   2.0639e+01   6.1891e+00   6.8680e-03   1.3616e-02   2.7302e+02
20260925_12:00:00   6.1739e-02   1.8858e+01   5.5658e+00   4.2911e-03   8.5577e-03   2.7211e+02
20260925_15:00:00   5.4907e-02   1.7048e+01   5.1177e+00   7.5980e-05   1.1068e-02   2.7329e+02
20260925_18:00:00   4.9577e-02   1.5655e+01   4.3553e+00   1.6090e-05   4.1318e-03   2.7340e+02
20260925_21:00:00   5.0095e-02   1.5797e+01   4.2490e+00   2.1080e-03   1.8458e-02   2.7206e+02
20260926_00:00:00   5.0780e-02   1.5961e+01   4.6361e+00   6.7690e-04   1.5200e-02   2.7075e+02
20260926_03:00:00   5.4251e-02   1.6864e+01   5.1840e+00   1.0730e-03   1.0981e-02   2.7080e+02
20260926_06:00:00   4.9669e-02   1.5643e+01   4.6207e+00   0.0000e+00   2.3040e-03   2.7243e+02
20260926_09:00:00   4.8556e-02   1.5368e+01   4.3113e+00   0.0000e+00   5.1847e-04   2.7107e+02
20260926_12:00:00   4.6591e-02   1.4863e+01   3.8941e+00   5.3350e-06   6.3380e-04   2.7063e+02
20260926_15:00:00   4.5732e-02   1.4657e+01   3.6740e+00   9.9240e-07   9.2620e-04   2.7230e+02
20260926_18:00:00   4.5095e-02   1.4499e+01   3.5391e+00   8.3910e-06   9.6400e-04   2.7286e+02
20260926_21:00:00   4.3212e-02   1.4001e+01   3.1931e+00   0.0000e+00   1.3318e-05   2.7375e+02
20260927_00:00:00   4.3251e-02   1.4002e+01   3.1826e+00   1.4110e-04   0.0000e+00   2.7041e+02
20260927_03:00:00   4.2782e-02   1.3887e+01   3.0875e+00   0.0000e+00   0.0000e+00   2.6941e+02
20260927_06:00:00   4.1275e-02   1.3486e+01   2.7901e+00   0.0000e+00   0.0000e+00   2.6435e+02
20260927_09:00:00   4.0555e-02   1.3295e+01   2.6462e+00   0.0000e+00   0.0000e+00   2.6542e+02
20260927_12:00:00   4.0447e-02   1.3260e+01   2.6330e+00   0.0000e+00   0.0000e+00   2.6674e+02
20260927_15:00:00   4.1390e-02   1.3501e+01   2.8266e+00   0.0000e+00   0.0000e+00   2.6614e+02
20260927_18:00:00   4.3015e-02   1.3929e+01   3.1240e+00   0.0000e+00   0.0000e+00   2.6747e+02
20260927_21:00:00   4.2212e-02   1.3719e+01   2.9616e+00   0.0000e+00   0.0000e+00   2.7099e+02
20260928_00:00:00   4.1758e-02   1.3598e+01   2.8405e+00   1.6480e-06   0.0000e+00   2.6690e+02
20260928_03:00:00   4.0705e-02   1.3328e+01   2.6296e+00   0.0000e+00   2.2860e-05   2.6760e+02
20260928_06:00:00   3.9013e-02   1.2880e+01   2.2881e+00   0.0000e+00   2.7540e-05   2.7181e+02
20260928_09:00:00   3.8437e-02   1.2731e+01   2.1385e+00   0.0000e+00   1.5904e-04   2.6804e+02
20260928_12:00:00   3.9397e-02   1.2983e+01   2.2686e+00   0.0000e+00   0.0000e+00   2.7211e+02
20260928_15:00:00   3.7351e-02   1.2445e+01   1.8455e+00   0.0000e+00   0.0000e+00   2.7193e+02
20260928_18:00:00   3.6254e-02   1.2165e+01   1.6075e+00   0.0000e+00   0.0000e+00   2.7189e+02
20260928_21:00:00   3.7060e-02   1.2381e+01   1.7357e+00   0.0000e+00   0.0000e+00   2.6945e+02
20260929_00:00:00   2.1596e-01   5.5992e+01   2.5265e+00   2.0329e-01   0.0000e+00   2.6872e+02
20260929_03:00:00   3.9076e-02   1.2917e+01   1.9781e+00   1.0943e-03   0.0000e+00   2.7194e+02
20260929_06:00:00   3.8132e-02   1.2662e+01   1.7554e+00   1.6890e-03   0.0000e+00   2.7048e+02
20260929_09:00:00   3.6456e-02   1.2208e+01   1.7535e+00   0.0000e+00   0.0000e+00   2.6796e+02
20260929_12:00:00   3.6328e-02   1.2166e+01   1.8028e+00   0.0000e+00   3.1660e-06   2.6611e+02
20260929_15:00:00   3.7892e-02   1.2575e+01   2.1467e+00   0.0000e+00   0.0000e+00   2.6397e+02
20260929_18:00:00   4.0181e-02   1.3177e+01   2.5736e+00   1.0100e-07   0.0000e+00   2.6427e+02
20260929_21:00:00   4.1239e-02   1.3456e+01   2.6994e+00   2.8090e-04   0.0000e+00   2.6472e+02
20260930_00:00:00   1.2426e-01   3.4567e+01   3.5179e+00   9.0740e-02   0.0000e+00   2.6190e+02
20260930_03:00:00   6.4891e-02   1.9680e+01   3.2654e+00   2.3884e-02   0.0000e+00   2.6404e+02
20260930_06:00:00   4.4592e-02   1.4363e+01   3.2271e+00   1.8180e-04   0.0000e+00   2.6703e+02
20260930_09:00:00   4.5778e-02   1.4667e+01   3.3929e+00   1.4010e-04   0.0000e+00   2.6713e+02
20260930_12:00:00   6.0263e-02   1.8458e+01   3.4608e+00   1.6850e-02   0.0000e+00   2.6897e+02
20260930_15:00:00   4.7249e-02   1.5046e+01   3.2962e+00   3.0358e-03   0.0000e+00   2.7126e+02
20260930_18:00:00   4.3108e-02   1.3952e+01   3.0396e+00   8.4140e-05   0.0000e+00   2.6989e+02
20260930_21:00:00   4.3985e-02   1.4171e+01   3.2499e+00   4.2030e-05   0.0000e+00   2.7154e+02
20261001_00:00:00   7.1646e-02   2.1330e+01   4.6589e+00   2.1850e-02   0.0000e+00   2.6925e+02
20261001_03:00:00   6.1605e-02   1.8734e+01   4.9938e+00   9.4627e-03   0.0000e+00   2.6846e+02
20261001_06:00:00   4.8869e-02   1.5430e+01   3.8886e+00   2.9134e-03   0.0000e+00   2.7019e+02
20261001_09:00:00   4.6100e-02   1.4677e+01   3.8994e+00   5.9070e-06   0.0000e+00   2.7114e+02
20261001_12:00:00   5.9798e-02   1.8197e+01   6.3451e+00   0.0000e+00   0.0000e+00   2.6982e+02
20261001_15:00:00   6.6900e-02   2.0016e+01   7.4353e+00   0.0000e+00   0.0000e+00   2.6734e+02
20261001_18:00:00   7.1153e-02   2.1098e+01   8.0506e+00   0.0000e+00   8.6580e-05   2.6794e+02
20261001_21:00:00   6.3400e-02   1.9155e+01   6.6746e+00   0.0000e+00   0.0000e+00   2.7049e+02
20261002_00:00:00   5.6482e-02   1.7394e+01   5.3964e+00   2.2309e-04   0.0000e+00   2.6876e+02
20261002_03:00:00   5.5853e-02   1.7252e+01   5.0139e+00   1.1927e-03   0.0000e+00   2.6862e+02
20261002_06:00:00   7.1037e-02   2.1188e+01   4.8995e+00   1.9613e-02   0.0000e+00   2.6803e+02
20261002_09:00:00   5.2441e-02   1.6348e+01   4.7341e+00   0.0000e+00   6.6580e-06   2.6890e+02
20261002_12:00:00   5.0134e-02   1.5736e+01   4.5253e+00   0.0000e+00   0.0000e+00   2.6484e+02
20261002_15:00:00   4.8385e-02   1.5285e+01   4.2167e+00   0.0000e+00   3.7280e-04   2.6465e+02
20261002_18:00:00   4.8947e-02   1.5445e+01   4.2829e+00   0.0000e+00   7.9900e-06   2.6515e+02
20261002_21:00:00   4.9551e-02   1.5623e+01   4.2804e+00   1.0640e-06   5.2045e-05   2.6740e+02
20261003_00:00:00   5.6340e-02   1.7397e+01   5.1970e+00   6.6350e-04   2.3963e-05   2.6633e+02
20261003_03:00:00   8.1087e-02   2.3752e+01   7.8872e+00   7.0530e-03   2.0424e-04   2.6287e+02
20261003_06:00:00   1.9384e-01   5.0775e+01   7.7541e+00   1.3694e-01   3.1714e-05   2.6055e+02
