#            date       tau255        Tb[K]      pwv[mm] lwp[kg*m^-2] iwp[kg*m^-2]       o3[DU]
20260824_06:00:00   1.2011e-01   3.3307e+01   1.3378e+01   1.3259e-02   8.7242e-03   2.6995e+02
20260824_07:00:00   1.0864e-01   3.0467e+01   1.3401e+01   4.3940e-04   5.1216e-03   2.6833e+02
20260824_08:00:00   1.0725e-01   3.0109e+01   1.3327e+01   4.2620e-04   1.5482e-03   2.6825e+02
20260824_09:00:00   1.0658e-01   2.9935e+01   1.3288e+01   6.6580e-05   1.4642e-04   2.6725e+02
20260824_10:00:00   1.0736e-01   3.0092e+01   1.3455e+01   1.3318e-05   5.6706e-05   2.6681e+02
20260824_11:00:00   1.0646e-01   2.9836e+01   1.3393e+01   3.9960e-05   2.4326e-04   2.6626e+02
20260824_12:00:00   1.0416e-01   2.9254e+01   1.3134e+01   6.6580e-05   2.9612e-04   2.6740e+02
20260824_13:00:00   1.0120e-01   2.8511e+01   1.2790e+01   3.9960e-05   3.6746e-05   2.6924e+02
20260824_14:00:00   9.8293e-02   2.7784e+01   1.2395e+01   0.0000e+00   2.9840e-07   2.7190e+02
20260824_15:00:00   9.5431e-02   2.7087e+01   1.1991e+01   0.0000e+00   0.0000e+00   2.7080e+02
20260824_16:00:00   9.3456e-02   2.6610e+01   1.1664e+01   0.0000e+00   8.8420e-06   2.7203e+02
20260824_17:00:00   9.3609e-02   2.6653e+01   1.1651e+01   0.0000e+00   1.8110e-06   2.7046e+02
20260824_18:00:00   9.3688e-02   2.6679e+01   1.1654e+01   0.0000e+00   0.0000e+00   2.6982e+02
20260824_19:00:00   9.4637e-02   2.6919e+01   1.1755e+01   0.0000e+00   0.0000e+00   2.6973e+02
20260824_20:00:00   9.5497e-02   2.7135e+01   1.1859e+01   6.7850e-05   0.0000e+00   2.7036e+02
20260824_21:00:00   9.5151e-02   2.7055e+01   1.1802e+01   1.3090e-04   0.0000e+00   2.7184e+02
20260824_22:00:00   9.4630e-02   2.6922e+01   1.1747e+01   1.5210e-04   2.0228e-05   2.7337e+02
20260824_23:00:00   9.7053e-02   2.7509e+01   1.1968e+01   1.3020e-03   5.2700e-04   2.7520e+02
20260825_00:00:00   1.0001e-01   2.8230e+01   1.2158e+01   3.2998e-03   3.5282e-03   2.7088e+02
20260825_01:00:00   1.1976e-01   3.3145e+01   1.2349e+01   2.4614e-02   2.4378e-03   2.6758e+02
20260825_02:00:00   1.2161e-01   3.3627e+01   1.2014e+01   2.9111e-02   6.0239e-04   2.6801e+02
20260825_03:00:00   1.8722e-01   4.9182e+01   1.2724e+01   9.9358e-02   5.6188e-03   2.6876e+02
20260825_04:00:00   1.6484e-01   4.4054e+01   1.1951e+01   7.8620e-02   2.0168e-02   2.6958e+02
20260825_05:00:00   9.6747e-02   2.7512e+01   1.1183e+01   4.3550e-03   9.0990e-03   2.7137e+02
20260825_06:00:00   9.1222e-02   2.6145e+01   1.0744e+01   1.3810e-03   5.3219e-03   2.6913e+02
20260825_07:00:00   9.0354e-02   2.5923e+01   1.0687e+01   9.4440e-04   2.7840e-03   2.7045e+02
20260825_08:00:00   8.7778e-02   2.5288e+01   1.0390e+01   4.0890e-04   5.3960e-04   2.7205e+02
20260825_09:00:00   8.6610e-02   2.4999e+01   1.0243e+01   2.0550e-04   1.9418e-04   2.7206e+02
20260825_10:00:00   8.6504e-02   2.4978e+01   1.0176e+01   1.0100e-04   6.0400e-05   2.7333e+02
20260825_11:00:00   8.6658e-02   2.5009e+01   1.0201e+01   1.2540e-05   3.4520e-05   2.7182e+02
20260825_12:00:00   8.7084e-02   2.5111e+01   1.0223e+01   0.0000e+00   0.0000e+00   2.7427e+02
20260825_13:00:00   8.7579e-02   2.5231e+01   1.0227e+01   0.0000e+00   0.0000e+00   2.7378e+02
20260825_14:00:00   8.7057e-02   2.5110e+01   1.0158e+01   0.0000e+00   0.0000e+00   2.7329e+02
20260825_15:00:00   8.6437e-02   2.4974e+01   1.0077e+01   0.0000e+00   0.0000e+00   2.7587e+02
20260825_16:00:00   8.6021e-02   2.4884e+01   1.0013e+01   0.0000e+00   0.0000e+00   2.7693e+02
20260825_17:00:00   8.5599e-02   2.4791e+01   9.9591e+00   0.0000e+00   0.0000e+00   2.7736e+02
20260825_18:00:00   8.5334e-02   2.4738e+01   9.9130e+00   0.0000e+00   0.0000e+00   2.7639e+02
20260825_19:00:00   8.4897e-02   2.4635e+01   9.8533e+00   0.0000e+00   0.0000e+00   2.7776e+02
20260825_20:00:00   8.4581e-02   2.4566e+01   9.8172e+00   0.0000e+00   0.0000e+00   2.7349e+02
20260825_21:00:00   8.4612e-02   2.4584e+01   9.7937e+00   1.8530e-04   0.0000e+00   2.7319e+02
20260825_22:00:00   8.7558e-02   2.5321e+01   1.0003e+01   1.6619e-03   0.0000e+00   2.7181e+02
20260825_23:00:00   9.0849e-02   2.6130e+01   1.0512e+01   2.1683e-03   0.0000e+00   2.6910e+02
20260826_00:00:00   9.3046e-02   2.6668e+01   1.0893e+01   2.1520e-03   0.0000e+00   2.6978e+02
20260826_01:00:00   9.6310e-02   2.7499e+01   1.0907e+01   5.8753e-03   0.0000e+00   2.7084e+02
20260826_02:00:00   1.0110e-01   2.8723e+01   1.0685e+01   1.2783e-02   6.6580e-06   2.7189e+02
20260826_03:00:00   9.3157e-02   2.6745e+01   1.0233e+01   6.9600e-03   1.4380e-06   2.7343e+02
20260826_04:00:00   1.7370e-01   4.6372e+01   9.5524e+00   1.0670e-01   0.0000e+00   2.7412e+02
20260826_05:00:00   1.0732e-01   3.0387e+01   8.4315e+00   3.7130e-02   0.0000e+00   2.7364e+02
20260826_06:00:00   7.4842e-02   2.2180e+01   7.4358e+00   6.6440e-03   5.3260e-06   2.7313e+02
20260826_07:00:00   6.6311e-02   1.9989e+01   6.7783e+00   2.0630e-03   6.6580e-05   2.7570e+02
20260826_08:00:00   6.0977e-02   1.8609e+01   6.1161e+00   1.1400e-03   3.9820e-05   2.7693e+02
20260826_09:00:00   5.8002e-02   1.7841e+01   5.5929e+00   1.5550e-03   6.6580e-06   2.7727e+02
20260826_10:00:00   5.3934e-02   1.6780e+01   5.0745e+00   5.2450e-04   0.0000e+00   2.7558e+02
20260826_11:00:00   5.1616e-02   1.6172e+01   4.7200e+00   3.2940e-04   0.0000e+00   2.7557e+02
20260826_12:00:00   5.1169e-02   1.6054e+01   4.5223e+00   1.2260e-03   0.0000e+00   2.7493e+02
20260826_13:00:00   4.9710e-02   1.5665e+01   4.4544e+00   3.9840e-06   0.0000e+00   2.7357e+02
20260826_14:00:00   5.0190e-02   1.5787e+01   4.5402e+00   9.9210e-07   0.0000e+00   2.7316e+02
20260826_15:00:00   5.1024e-02   1.6000e+01   4.6926e+00   0.0000e+00   0.0000e+00   2.7206e+02
20260826_16:00:00   5.1604e-02   1.6150e+01   4.8000e+00   0.0000e+00   0.0000e+00   2.7129e+02
20260826_17:00:00   5.1979e-02   1.6246e+01   4.8682e+00   0.0000e+00   0.0000e+00   2.7388e+02
20260826_18:00:00   5.2002e-02   1.6253e+01   4.8708e+00   0.0000e+00   0.0000e+00   2.7278e+02
20260826_19:00:00   5.1650e-02   1.6167e+01   4.8127e+00   0.0000e+00   0.0000e+00   2.7384e+02
20260826_20:00:00   5.1866e-02   1.6237e+01   4.8231e+00   2.1810e-04   0.0000e+00   2.7750e+02
20260826_21:00:00   5.3523e-02   1.6679e+01   4.9232e+00   1.4980e-03   0.0000e+00   2.7568e+02
20260826_22:00:00   5.5797e-02   1.7279e+01   5.1419e+00   2.5920e-03   0.0000e+00   2.7576e+02
20260826_23:00:00   5.7671e-02   1.7765e+01   5.5177e+00   1.7300e-03   0.0000e+00   2.7608e+02
20260827_00:00:00   6.0130e-02   1.8421e+01   5.2165e+00   7.0280e-03   0.0000e+00   2.7161e+02
20260827_01:00:00   5.7030e-02   1.7603e+01   5.3804e+00   1.9760e-03   0.0000e+00   2.7036e+02
20260827_02:00:00   5.8131e-02   1.7902e+01   5.1904e+00   4.8579e-03   0.0000e+00   2.6943e+02
20260827_03:00:00   9.8579e-02   2.8318e+01   5.3752e+00   5.1130e-02   0.0000e+00   2.6918e+02
20260827_04:00:00   5.5495e-02   1.7214e+01   5.0678e+00   2.6280e-03   0.0000e+00   2.6975e+02
20260827_05:00:00   5.6743e-02   1.7550e+01   4.7288e+00   6.9440e-03   0.0000e+00   2.7045e+02
20260827_06:00:00   5.0604e-02   1.5912e+01   4.6569e+00   1.7400e-04   0.0000e+00   2.7086e+02
20260827_07:00:00   5.0231e-02   1.5811e+01   4.5874e+00   1.8840e-04   0.0000e+00   2.7220e+02
20260827_08:00:00   4.9843e-02   1.5712e+01   4.4538e+00   6.6390e-04   0.0000e+00   2.7394e+02
20260827_09:00:00   4.8535e-02   1.5365e+01   4.3268e+00   4.7770e-05   0.0000e+00   2.7418e+02
20260827_10:00:00   4.7886e-02   1.5190e+01   4.2322e+00   0.0000e+00   0.0000e+00   2.7534e+02
20260827_11:00:00   4.7450e-02   1.5073e+01   4.1623e+00   0.0000e+00   0.0000e+00   2.7397e+02
20260827_12:00:00   4.6983e-02   1.4948e+01   4.0765e+00   0.0000e+00   0.0000e+00   2.7173e+02
20260827_13:00:00   4.6781e-02   1.4894e+01   4.0514e+00   2.4200e-06   0.0000e+00   2.7005e+02
20260827_14:00:00   4.6937e-02   1.4933e+01   4.0829e+00   0.0000e+00   0.0000e+00   2.7184e+02
20260827_15:00:00   4.7320e-02   1.5025e+01   4.1502e+00   0.0000e+00   0.0000e+00   2.7379e+02
20260827_16:00:00   4.7522e-02   1.5075e+01   4.1983e+00   0.0000e+00   0.0000e+00   2.7272e+02
20260827_17:00:00   4.7429e-02   1.5048e+01   4.1899e+00   0.0000e+00   0.0000e+00   2.7361e+02
20260827_18:00:00   4.7257e-02   1.5003e+01   4.1560e+00   0.0000e+00   0.0000e+00   2.7461e+02
20260827_19:00:00   4.7323e-02   1.5019e+01   4.1689e+00   0.0000e+00   0.0000e+00   2.7418e+02
20260827_20:00:00   4.7234e-02   1.4998e+01   4.1599e+00   0.0000e+00   0.0000e+00   2.7681e+02
20260827_21:00:00   4.7340e-02   1.5024e+01   4.1859e+00   6.8430e-06   0.0000e+00   2.7800e+02
20260827_22:00:00   4.7430e-02   1.5050e+01   4.1627e+00   3.1540e-04   0.0000e+00   2.7874e+02
20260827_23:00:00   4.8089e-02   1.5230e+01   4.1978e+00   9.3315e-04   0.0000e+00   2.7822e+02
20260828_00:00:00   4.9203e-02   1.5526e+01   4.3339e+00   1.3863e-03   0.0000e+00   2.7864e+02
20260828_01:00:00   5.4066e-02   1.6820e+01   4.4197e+00   6.5540e-03   0.0000e+00   2.7714e+02
20260828_02:00:00   6.3165e-02   1.9222e+01   4.3774e+00   1.7663e-02   0.0000e+00   2.7460e+02
20260828_03:00:00   5.7018e-02   1.7600e+01   4.4041e+00   1.0155e-02   0.0000e+00   2.7448e+02
20260828_04:00:00   6.7630e-02   2.0387e+01   4.4667e+00   2.2368e-02   0.0000e+00   2.7608e+02
20260828_05:00:00   8.1783e-02   2.4058e+01   4.4282e+00   3.9560e-02   0.0000e+00   2.7771e+02
20260828_06:00:00   4.8928e-02   1.5456e+01   4.3183e+00   1.0880e-03   0.0000e+00   2.7719e+02
20260828_07:00:00   4.7845e-02   1.5169e+01   4.2443e+00   2.3730e-04   0.0000e+00   2.7791e+02
20260828_08:00:00   4.7563e-02   1.5093e+01   4.2332e+00   0.0000e+00   0.0000e+00   2.7911e+02
20260828_09:00:00   4.7716e-02   1.5129e+01   4.2627e+00   1.1390e-05   0.0000e+00   2.7895e+02
20260828_10:00:00   4.8011e-02   1.5200e+01   4.2938e+00   1.4380e-04   0.0000e+00   2.7806e+02
20260828_11:00:00   4.8167e-02   1.5232e+01   4.3450e+00   1.2980e-04   1.7276e-06   2.7700e+02
20260828_12:00:00   4.8195e-02   1.5233e+01   4.3756e+00   0.0000e+00   3.4560e-06   2.7891e+02
20260828_13:00:00   4.8386e-02   1.5278e+01   4.4161e+00   0.0000e+00   0.0000e+00   2.7921e+02
20260828_14:00:00   4.8739e-02   1.5365e+01   4.4779e+00   0.0000e+00   0.0000e+00   2.7907e+02
20260828_15:00:00   4.9233e-02   1.5490e+01   4.5627e+00   0.0000e+00   0.0000e+00   2.7692e+02
20260828_16:00:00   4.9752e-02   1.5627e+01   4.6648e+00   0.0000e+00   1.4380e-06   2.7544e+02
20260828_17:00:00   5.0045e-02   1.5710e+01   4.7094e+00   0.0000e+00   1.6194e-05   2.7689e+02
20260828_18:00:00   5.0709e-02   1.5881e+01   4.8294e+00   0.0000e+00   1.6032e-04   2.7560e+02
20260828_19:00:00   5.1056e-02   1.5978e+01   4.8899e+00   0.0000e+00   1.1126e-04   2.7631e+02
20260828_20:00:00   5.1360e-02   1.6062e+01   4.9273e+00   0.0000e+00   3.3155e-04   2.7494e+02
20260828_21:00:00   5.1868e-02   1.6193e+01   5.0236e+00   8.3500e-06   3.3044e-04   2.7431e+02
20260828_22:00:00   5.2788e-02   1.6443e+01   5.0585e+00   7.9840e-04   1.0840e-04   2.7454e+02
20260828_23:00:00   5.3952e-02   1.6758e+01   5.1269e+00   1.6583e-03   9.4820e-06   2.7193e+02
20260829_00:00:00   5.6280e-02   1.7374e+01   5.1656e+00   4.0781e-03   0.0000e+00   2.7084e+02
20260829_01:00:00   5.7249e-02   1.7632e+01   5.2465e+00   4.5515e-03   0.0000e+00   2.7060e+02
20260829_02:00:00   6.4592e-02   1.9572e+01   5.2599e+00   1.3156e-02   0.0000e+00   2.7199e+02
20260829_03:00:00   5.5737e-02   1.7248e+01   5.1185e+00   3.5949e-03   1.1462e-04   2.7403e+02
20260829_04:00:00   5.8319e-02   1.7934e+01   5.2166e+00   5.8245e-03   4.1780e-04   2.7435e+02
20260829_05:00:00   5.8365e-02   1.7956e+01   5.1000e+00   6.7146e-03   4.7196e-04   2.7378e+02
20260829_06:00:00   5.2518e-02   1.6403e+01   5.0648e+00   0.0000e+00   3.0637e-03   2.7527e+02
20260829_09:00:00   5.2367e-02   1.6355e+01   5.0420e+00   4.5680e-06   2.7536e-03   2.7636e+02
20260829_12:00:00   5.0513e-02   1.5876e+01   4.6940e+00   0.0000e+00   1.0436e-04   2.7625e+02
20260829_15:00:00   4.9098e-02   1.5511e+01   4.4142e+00   0.0000e+00   1.3324e-04   2.7195e+02
20260829_18:00:00   4.6911e-02   1.4962e+01   3.9457e+00   0.0000e+00   7.4620e-07   2.6957e+02
20260829_21:00:00   4.4831e-02   1.4437e+01   3.5023e+00   8.0070e-05   0.0000e+00   2.7097e+02
20260830_00:00:00   4.3990e-02   1.4233e+01   3.1293e+00   1.0760e-03   0.0000e+00   2.6981e+02
20260830_03:00:00   4.4677e-02   1.4433e+01   2.8099e+00   3.6730e-03   0.0000e+00   2.7049e+02
20260830_06:00:00   3.9877e-02   1.3153e+01   2.4426e+00   0.0000e+00   1.0958e-05   2.6978e+02
20260830_09:00:00   4.0148e-02   1.3218e+01   2.5278e+00   0.0000e+00   2.8464e-06   2.7004e+02
20260830_12:00:00   4.4234e-02   1.4246e+01   3.4960e+00   0.0000e+00   0.0000e+00   2.6873e+02
20260830_15:00:00   4.3753e-02   1.4124e+01   3.3836e+00   0.0000e+00   0.0000e+00   2.6595e+02
20260830_18:00:00   4.2845e-02   1.3908e+01   3.1113e+00   0.0000e+00   0.0000e+00   2.6873e+02
20260830_21:00:00   4.2871e-02   1.3922e+01   3.1025e+00   0.0000e+00   0.0000e+00   2.7112e+02
20260831_00:00:00   4.1800e-02   1.3641e+01   2.8581e+00   1.0760e-04   0.0000e+00   2.7229e+02
20260831_03:00:00   4.0103e-02   1.3200e+01   2.5428e+00   0.0000e+00   0.0000e+00   2.6978e+02
20260831_06:00:00   3.8772e-02   1.2846e+01   2.2436e+00   0.0000e+00   0.0000e+00   2.7235e+02
20260831_09:00:00   3.9110e-02   1.2929e+01   2.2980e+00   0.0000e+00   0.0000e+00   2.6995e+02
20260831_12:00:00   4.2403e-02   1.3800e+01   2.8662e+00   0.0000e+00   0.0000e+00   2.6845e+02
20260831_15:00:00   4.9304e-02   1.5618e+01   4.0062e+00   0.0000e+00   0.0000e+00   2.7007e+02
20260831_18:00:00   6.8590e-02   2.0630e+01   6.8736e+00   0.0000e+00   0.0000e+00   2.7174e+02
20260831_21:00:00   6.2877e-02   1.9189e+01   5.9717e+00   7.6520e-05   0.0000e+00   2.7121e+02
20260901_00:00:00   6.4939e-02   1.9755e+01   5.3090e+00   7.6610e-03   0.0000e+00   2.6936e+02
20260901_03:00:00   5.4278e-02   1.6972e+01   4.7922e+00   3.3510e-07   0.0000e+00   2.7218e+02
20260901_06:00:00   4.4304e-02   1.4338e+01   3.1521e+00   0.0000e+00   0.0000e+00   2.7300e+02
20260901_09:00:00   4.3744e-02   1.4187e+01   3.0683e+00   0.0000e+00   0.0000e+00   2.7260e+02
20260901_12:00:00   4.4434e-02   1.4360e+01   3.2082e+00   0.0000e+00   0.0000e+00   2.7124e+02
20260901_15:00:00   4.7299e-02   1.5121e+01   3.6500e+00   9.3080e-06   0.0000e+00   2.7159e+02
20260901_18:00:00   4.7723e-02   1.5238e+01   3.7005e+00   1.1670e-06   0.0000e+00   2.7136e+02
20260901_21:00:00   4.8254e-02   1.5372e+01   3.8614e+00   8.5500e-06   0.0000e+00   2.6921e+02
20260902_00:00:00   5.4691e-02   1.7074e+01   4.4405e+00   3.9480e-03   0.0000e+00   2.6691e+02
20260902_03:00:00   7.1045e-02   2.1355e+01   4.8483e+00   2.1189e-02   0.0000e+00   2.6554e+02
20260902_06:00:00   5.1006e-02   1.6089e+01   4.4945e+00   2.9613e-04   0.0000e+00   2.6521e+02
20260902_09:00:00   4.9713e-02   1.5751e+01   4.1317e+00   1.2600e-03   0.0000e+00   2.6653e+02
20260902_12:00:00   4.7609e-02   1.5185e+01   3.9532e+00   0.0000e+00   0.0000e+00   2.6539e+02
20260902_15:00:00   4.6633e-02   1.4921e+01   3.7768e+00   8.3150e-06   0.0000e+00   2.6483e+02
20260902_18:00:00   4.5561e-02   1.4639e+01   3.5846e+00   0.0000e+00   0.0000e+00   2.6855e+02
20260902_21:00:00   4.6148e-02   1.4795e+01   3.6582e+00   3.2500e-04   0.0000e+00   2.6934e+02
20260903_00:00:00   2.6400e-01   6.6716e+01   4.6978e+00   2.4939e-01   0.0000e+00   2.6662e+02
20260903_03:00:00   1.6550e-01   4.4645e+01   4.5212e+00   1.3412e-01   0.0000e+00   2.6606e+02
20260903_06:00:00   4.5134e-02   1.4547e+01   3.4436e+00   2.9790e-04   0.0000e+00   2.7053e+02
20260903_09:00:00   4.4051e-02   1.4255e+01   3.2658e+00   2.6030e-05   0.0000e+00   2.7252e+02
20260903_12:00:00   4.4782e-02   1.4457e+01   3.3324e+00   6.8710e-05   0.0000e+00   2.7345e+02
20260903_15:00:00   4.5273e-02   1.4580e+01   3.3801e+00   1.8890e-05   0.0000e+00   2.7451e+02
20260903_18:00:00   4.3666e-02   1.4157e+01   3.0875e+00   0.0000e+00   0.0000e+00   2.7731e+02
20260903_21:00:00   4.3229e-02   1.4044e+01   2.8830e+00   8.6880e-04   0.0000e+00   2.7655e+02
20260904_00:00:00   8.8912e-02   2.5965e+01   3.3010e+00   5.1750e-02   0.0000e+00   2.7446e+02
20260904_03:00:00   4.5280e-02   1.4608e+01   2.9669e+00   2.6576e-03   0.0000e+00   2.7340e+02
20260904_06:00:00   4.1412e-02   1.3586e+01   2.2788e+00   2.7030e-03   0.0000e+00   2.7560e+02
20260904_09:00:00   3.7097e-02   1.2427e+01   1.8755e+00   0.0000e+00   0.0000e+00   2.7402e+02
20260904_12:00:00   3.6021e-02   1.2134e+01   1.6587e+00   0.0000e+00   0.0000e+00   2.7234e+02
20260904_15:00:00   3.4971e-02   1.1844e+01   1.4395e+00   0.0000e+00   0.0000e+00   2.6907e+02
20260904_18:00:00   3.5204e-02   1.1898e+01   1.4823e+00   0.0000e+00   0.0000e+00   2.7004e+02
20260904_21:00:00   3.6111e-02   1.2140e+01   1.7075e+00   0.0000e+00   0.0000e+00   2.7042e+02
20260905_00:00:00   3.8382e-02   1.2738e+01   2.2160e+00   0.0000e+00   0.0000e+00   2.7213e+02
20260905_03:00:00   3.9980e-02   1.3166e+01   2.3888e+00   1.0630e-03   0.0000e+00   2.7308e+02
20260905_06:00:00   3.9419e-02   1.3008e+01   2.4501e+00   0.0000e+00   0.0000e+00   2.7450e+02
20260905_09:00:00   4.0567e-02   1.3308e+01   2.6518e+00   2.4060e-05   0.0000e+00   2.7816e+02
20260905_12:00:00   4.2177e-02   1.3719e+01   2.9477e+00   3.0410e-06   0.0000e+00   2.7870e+02
20260905_15:00:00   4.2892e-02   1.3894e+01   3.0897e+00   2.9370e-04   0.0000e+00   2.7553e+02
20260905_18:00:00   4.4944e-02   1.4411e+01   3.5478e+00   1.9150e-06   0.0000e+00   2.7997e+02
20260905_21:00:00   4.6369e-02   1.4789e+01   3.7167e+00   9.1480e-04   0.0000e+00   2.8011e+02
20260906_00:00:00   7.0840e-02   2.1206e+01   4.4016e+00   2.5404e-02   0.0000e+00   2.8177e+02
20260906_03:00:00   9.8010e-02   2.8180e+01   4.5192e+00   5.7070e-02   0.0000e+00   2.8283e+02
20260906_06:00:00   5.4150e-02   1.6871e+01   4.2226e+00   6.7880e-03   0.0000e+00   2.8356e+02
20260906_09:00:00   4.8196e-02   1.5291e+01   4.0815e+00   2.8890e-04   0.0000e+00   2.8544e+02
20260906_12:00:00   4.5923e-02   1.4682e+01   3.7068e+00   5.8940e-06   0.0000e+00   2.8516e+02
20260906_15:00:00   4.5089e-02   1.4454e+01   3.5410e+00   0.0000e+00   0.0000e+00   2.8260e+02
20260906_18:00:00   4.4114e-02   1.4202e+01   3.3441e+00   0.0000e+00   0.0000e+00   2.8472e+02
20260906_21:00:00   4.3716e-02   1.4096e+01   3.2710e+00   6.4610e-07   0.0000e+00   2.8712e+02
20260907_00:00:00   4.4738e-02   1.4363e+01   3.4429e+00   1.3460e-04   0.0000e+00   2.8521e+02
20260907_03:00:00   4.5757e-02   1.4641e+01   3.5559e+00   4.6421e-04   0.0000e+00   2.8588e+02
20260907_06:00:00   4.5307e-02   1.4524e+01   3.5162e+00   0.0000e+00   0.0000e+00   2.8301e+02
20260907_09:00:00   4.5679e-02   1.4615e+01   3.5705e+00   0.0000e+00   0.0000e+00   2.8000e+02
20260907_12:00:00   4.6656e-02   1.4857e+01   3.7516e+00   0.0000e+00   0.0000e+00   2.7922e+02
20260907_15:00:00   4.5924e-02   1.4670e+01   3.5765e+00   2.0840e-04   0.0000e+00   2.7804e+02
20260907_18:00:00   4.4881e-02   1.4393e+01   3.3990e+00   0.0000e+00   0.0000e+00   2.7777e+02
20260907_21:00:00   4.4512e-02   1.4287e+01   3.3211e+00   0.0000e+00   1.6772e-05   2.7724e+02
20260908_00:00:00   4.5684e-02   1.4605e+01   3.5176e+00   4.0500e-05   0.0000e+00   2.7529e+02
20260908_03:00:00   7.6934e-02   2.2774e+01   4.1514e+00   3.2570e-02   0.0000e+00   2.7318e+02
20260908_06:00:00   1.1085e-01   3.1325e+01   4.4440e+00   6.9920e-02   0.0000e+00   2.7241e+02
20260908_09:00:00   8.4980e-02   2.4820e+01   4.4975e+00   3.9690e-02   0.0000e+00   2.7473e+02
20260908_12:00:00   5.0252e-02   1.5785e+01   4.3018e+00   3.5959e-04   0.0000e+00   2.7341e+02
20260908_15:00:00   4.8397e-02   1.5262e+01   4.0793e+00   4.2850e-04   0.0000e+00   2.7510e+02
20260908_18:00:00   4.8389e-02   1.5231e+01   4.2133e+00   0.0000e+00   0.0000e+00   2.7746e+02
20260908_21:00:00   5.1759e-02   1.6084e+01   4.8377e+00   7.1110e-04   0.0000e+00   2.7841e+02
20260909_00:00:00   8.8110e-02   2.5449e+01   6.3149e+00   3.2690e-02   0.0000e+00   2.7443e+02
20260909_03:00:00   7.7736e-02   2.2704e+01   8.0045e+00   1.0149e-02   2.4420e-04   2.7372e+02
20260909_06:00:00   6.9528e-02   2.0609e+01   7.7006e+00   2.5248e-03   1.4380e-06   2.7606e+02
