#            date       tau255        Tb[K]      pwv[mm] lwp[kg*m^-2] iwp[kg*m^-2]       o3[DU]
20260916_12:00:00   3.7391e-02   1.2463e+01   1.9978e+00   0.0000e+00   0.0000e+00   2.6135e+02
20260916_13:00:00   3.7670e-02   1.2532e+01   2.0506e+00   0.0000e+00   0.0000e+00   2.5982e+02
20260916_14:00:00   3.7956e-02   1.2609e+01   2.1039e+00   0.0000e+00   0.0000e+00   2.6155e+02
20260916_15:00:00   3.8309e-02   1.2703e+01   2.1694e+00   0.0000e+00   0.0000e+00   2.6361e+02
20260916_16:00:00   3.8519e-02   1.2760e+01   2.2015e+00   0.0000e+00   0.0000e+00   2.6218e+02
20260916_17:00:00   3.8831e-02   1.2846e+01   2.2525e+00   0.0000e+00   0.0000e+00   2.6290e+02
20260916_18:00:00   3.9564e-02   1.3043e+01   2.3755e+00   0.0000e+00   0.0000e+00   2.6378e+02
20260916_19:00:00   4.0725e-02   1.3354e+01   2.5850e+00   0.0000e+00   0.0000e+00   2.6321e+02
20260916_20:00:00   4.2111e-02   1.3723e+01   2.8264e+00   0.0000e+00   0.0000e+00   2.6185e+02
20260916_21:00:00   4.3630e-02   1.4127e+01   3.0822e+00   0.0000e+00   0.0000e+00   2.6192e+02
20260916_22:00:00   4.5957e-02   1.4743e+01   3.4624e+00   0.0000e+00   0.0000e+00   2.6234e+02
20260916_23:00:00   4.9630e-02   1.5706e+01   4.0057e+00   2.7410e-04   0.0000e+00   2.6446e+02
20260917_00:00:00   5.3585e-02   1.6742e+01   4.5363e+00   9.6733e-04   0.0000e+00   2.6734e+02
20260917_01:00:00   5.7855e-02   1.7856e+01   4.9813e+00   2.7523e-03   0.0000e+00   2.6563e+02
20260917_02:00:00   5.7399e-02   1.7730e+01   5.2028e+00   5.2084e-04   0.0000e+00   2.6327e+02
20260917_03:00:00   5.9208e-02   1.8199e+01   5.3360e+00   2.0400e-03   0.0000e+00   2.6463e+02
20260917_04:00:00   6.0308e-02   1.8481e+01   5.4401e+00   3.0663e-03   0.0000e+00   2.6347e+02
20260917_05:00:00   5.8016e-02   1.7870e+01   5.5484e+00   0.0000e+00   0.0000e+00   2.6245e+02
20260917_06:00:00   5.9958e-02   1.8361e+01   5.8821e+00   0.0000e+00   0.0000e+00   2.6015e+02
20260917_07:00:00   6.2475e-02   1.8997e+01   6.3147e+00   0.0000e+00   0.0000e+00   2.6198e+02
20260917_08:00:00   6.3905e-02   1.9354e+01   6.5768e+00   0.0000e+00   0.0000e+00   2.6438e+02
20260917_09:00:00   6.5298e-02   1.9703e+01   6.7997e+00   0.0000e+00   0.0000e+00   2.6725e+02
20260917_10:00:00   6.6958e-02   2.0124e+01   7.0449e+00   0.0000e+00   0.0000e+00   2.7118e+02
20260917_11:00:00   6.9166e-02   2.0683e+01   7.3812e+00   0.0000e+00   0.0000e+00   2.6915e+02
20260917_12:00:00   7.0809e-02   2.1100e+01   7.5816e+00   0.0000e+00   0.0000e+00   2.6935e+02
20260917_13:00:00   7.1421e-02   2.1256e+01   7.6139e+00   0.0000e+00   0.0000e+00   2.6998e+02
20260917_14:00:00   7.1605e-02   2.1303e+01   7.6105e+00   0.0000e+00   0.0000e+00   2.6882e+02
20260917_15:00:00   7.1983e-02   2.1392e+01   7.6453e+00   0.0000e+00   0.0000e+00   2.6841e+02
20260917_16:00:00   7.1607e-02   2.1295e+01   7.5583e+00   0.0000e+00   0.0000e+00   2.6630e+02
20260917_17:00:00   7.1240e-02   2.1207e+01   7.4722e+00   0.0000e+00   0.0000e+00   2.6731e+02
20260917_18:00:00   7.0361e-02   2.0989e+01   7.3427e+00   0.0000e+00   0.0000e+00   2.7127e+02
20260917_19:00:00   7.0849e-02   2.1111e+01   7.4292e+00   0.0000e+00   0.0000e+00   2.7181e+02
20260917_20:00:00   7.1372e-02   2.1239e+01   7.5175e+00   0.0000e+00   0.0000e+00   2.7387e+02
20260917_21:00:00   7.3933e-02   2.1883e+01   7.8976e+00   2.2100e-04   0.0000e+00   2.7631e+02
20260917_22:00:00   7.6983e-02   2.2641e+01   8.4121e+00   5.7210e-04   0.0000e+00   2.7736e+02
20260917_23:00:00   8.6207e-02   2.4939e+01   9.2819e+00   5.3870e-03   2.7700e-05   2.7830e+02
20260918_00:00:00   9.4939e-02   2.7113e+01   9.8850e+00   1.1081e-02   1.7300e-04   2.7640e+02
20260918_01:00:00   9.4469e-02   2.6970e+01   1.0282e+01   7.1403e-03   1.5046e-04   2.7620e+02
20260918_02:00:00   9.3046e-02   2.6612e+01   1.0360e+01   4.4690e-03   1.0596e-04   2.7801e+02
20260918_03:00:00   1.1531e-01   3.2016e+01   1.1712e+01   1.7848e-02   3.1181e-03   2.7770e+02
20260918_04:00:00   1.1197e-01   3.1198e+01   1.1507e+01   1.5036e-02   1.8448e-03   2.7734e+02
20260918_05:00:00   1.2335e-01   3.3916e+01   1.1750e+01   2.5849e-02   1.2774e-03   2.7588e+02
20260918_06:00:00   1.0438e-01   2.9301e+01   1.1885e+01   3.6467e-03   4.0287e-03   2.7541e+02
20260918_07:00:00   1.1199e-01   3.1136e+01   1.2187e+01   9.2004e-03   3.9827e-03   2.7833e+02
20260918_08:00:00   1.1284e-01   3.1302e+01   1.2244e+01   9.4802e-03   2.8364e-03   2.7815e+02
20260918_09:00:00   1.1744e-01   3.2377e+01   1.2234e+01   1.5059e-02   1.0640e-03   2.7659e+02
20260918_10:00:00   1.1355e-01   3.1425e+01   1.2186e+01   1.1420e-02   3.4140e-04   2.7761e+02
20260918_11:00:00   1.0659e-01   2.9736e+01   1.2047e+01   5.5831e-03   5.3260e-05   2.7611e+02
20260918_12:00:00   1.0239e-01   2.8699e+01   1.2159e+01   5.0600e-04   1.8112e-04   2.7379e+02
20260918_13:00:00   1.0201e-01   2.8585e+01   1.2161e+01   4.6620e-04   3.6031e-04   2.7515e+02
20260918_14:00:00   1.0050e-01   2.8210e+01   1.2020e+01   1.7312e-04   3.9817e-04   2.7555e+02
20260918_15:00:00   9.8827e-02   2.7798e+01   1.1856e+01   0.0000e+00   1.9490e-03   2.7538e+02
20260918_16:00:00   9.7124e-02   2.7382e+01   1.1635e+01   0.0000e+00   4.4372e-03   2.7485e+02
20260918_17:00:00   9.5153e-02   2.6906e+01   1.1363e+01   0.0000e+00   4.0352e-03   2.7658e+02
20260918_18:00:00   9.3828e-02   2.6590e+01   1.1183e+01   0.0000e+00   1.4363e-03   2.7862e+02
20260918_19:00:00   9.2992e-02   2.6389e+01   1.1033e+01   0.0000e+00   1.8688e-04   2.8035e+02
20260918_20:00:00   9.2324e-02   2.6229e+01   1.0930e+01   0.0000e+00   0.0000e+00   2.8164e+02
20260918_21:00:00   9.2111e-02   2.6170e+01   1.0910e+01   1.0360e-04   1.6532e-04   2.7875e+02
20260918_22:00:00   9.1133e-02   2.5919e+01   1.0860e+01   9.1540e-06   7.6807e-04   2.7848e+02
20260918_23:00:00   9.1767e-02   2.6054e+01   1.1014e+01   1.6760e-05   1.2904e-03   2.7936e+02
20260919_00:00:00   9.1771e-02   2.6041e+01   1.1105e+01   6.5710e-05   1.2212e-03   2.7806e+02
20260919_01:00:00   9.3223e-02   2.6379e+01   1.1286e+01   5.7260e-04   7.4680e-04   2.7478e+02
20260919_02:00:00   9.3126e-02   2.6342e+01   1.1394e+01   0.0000e+00   1.0811e-03   2.7449e+02
20260919_03:00:00   9.2316e-02   2.6138e+01   1.1360e+01   0.0000e+00   1.9096e-03   2.7459e+02
20260919_04:00:00   9.1124e-02   2.5843e+01   1.1211e+01   0.0000e+00   6.5043e-03   2.7519e+02
20260919_05:00:00   8.9350e-02   2.5405e+01   1.0976e+01   0.0000e+00   6.0791e-03   2.7528e+02
20260919_06:00:00   8.7263e-02   2.4909e+01   1.0660e+01   0.0000e+00   2.3561e-03   2.7501e+02
20260919_07:00:00   8.5598e-02   2.4507e+01   1.0409e+01   0.0000e+00   6.1012e-03   2.7594e+02
20260919_08:00:00   8.5104e-02   2.4381e+01   1.0288e+01   0.0000e+00   1.9227e-02   2.7412e+02
20260919_09:00:00   8.2915e-02   2.3851e+01   9.9243e+00   0.0000e+00   7.1588e-02   2.7349e+02
20260919_10:00:00   8.0856e-02   2.3355e+01   9.5752e+00   0.0000e+00   6.0990e-02   2.7540e+02
20260919_11:00:00   8.0477e-02   2.3253e+01   9.5288e+00   0.0000e+00   2.2521e-02   2.7643e+02
20260919_12:00:00   7.9855e-02   2.3094e+01   9.4428e+00   0.0000e+00   5.3494e-02   2.7805e+02
20260919_13:00:00   7.9541e-02   2.3005e+01   9.3640e+00   0.0000e+00   1.4275e-01   2.7984e+02
20260919_14:00:00   7.6803e-02   2.2356e+01   9.0027e+00   0.0000e+00   2.0044e-02   2.7981e+02
20260919_15:00:00   7.9695e-02   2.3036e+01   9.4970e+00   0.0000e+00   3.6390e-02   2.8022e+02
20260919_16:00:00   8.0644e-02   2.3243e+01   9.6402e+00   0.0000e+00   2.1408e-01   2.7999e+02
20260919_17:00:00   8.2087e-02   2.3610e+01   9.9889e+00   0.0000e+00   4.0306e-02   2.7840e+02
20260919_18:00:00   8.4340e-02   2.4159e+01   1.0313e+01   0.0000e+00   5.4531e-02   2.7780e+02
20260919_19:00:00   8.8249e-02   2.5059e+01   1.0983e+01   0.0000e+00   2.2018e-01   2.7950e+02
20260919_20:00:00   8.7912e-02   2.5020e+01   1.0899e+01   0.0000e+00   6.6186e-03   2.7876e+02
20260919_21:00:00   8.6537e-02   2.4703e+01   1.0652e+01   0.0000e+00   8.8788e-04   2.7622e+02
20260919_22:00:00   8.6041e-02   2.4584e+01   1.0602e+01   0.0000e+00   2.8549e-04   2.7282e+02
20260919_23:00:00   8.5737e-02   2.4506e+01   1.0600e+01   0.0000e+00   4.8286e-04   2.7071e+02
20260920_00:00:00   8.5189e-02   2.4365e+01   1.0582e+01   0.0000e+00   4.8680e-03   2.7041e+02
20260920_01:00:00   8.4042e-02   2.4098e+01   1.0392e+01   0.0000e+00   1.0978e-03   2.7030e+02
20260920_02:00:00   8.2986e-02   2.3843e+01   1.0254e+01   0.0000e+00   1.3095e-03   2.7131e+02
20260920_03:00:00   8.0999e-02   2.3366e+01   9.9428e+00   0.0000e+00   1.1200e-03   2.7221e+02
20260920_04:00:00   7.9449e-02   2.2986e+01   9.7501e+00   0.0000e+00   3.1755e-03   2.7160e+02
20260920_05:00:00   7.8415e-02   2.2728e+01   9.6365e+00   0.0000e+00   3.9033e-03   2.7340e+02
20260920_06:00:00   7.8054e-02   2.2634e+01   9.6183e+00   0.0000e+00   5.2316e-03   2.7323e+02
20260920_07:00:00   7.6929e-02   2.2363e+01   9.4083e+00   0.0000e+00   8.6584e-03   2.7387e+02
20260920_08:00:00   7.5431e-02   2.1992e+01   9.1952e+00   0.0000e+00   6.7985e-03   2.7364e+02
20260920_09:00:00   7.3178e-02   2.1452e+01   8.7761e+00   0.0000e+00   5.1508e-03   2.7397e+02
20260920_10:00:00   7.0107e-02   2.0689e+01   8.2856e+00   0.0000e+00   3.4494e-03   2.6997e+02
20260920_11:00:00   6.7645e-02   2.0054e+01   7.9268e+00   0.0000e+00   4.2990e-03   2.6829e+02
20260920_12:00:00   6.4612e-02   1.9287e+01   7.4208e+00   0.0000e+00   6.4721e-03   2.6868e+02
20260920_13:00:00   6.4169e-02   1.9164e+01   7.3875e+00   0.0000e+00   3.7660e-03   2.6739e+02
20260920_14:00:00   6.4210e-02   1.9166e+01   7.3951e+00   0.0000e+00   4.0638e-03   2.6687e+02
20260920_15:00:00   6.3603e-02   1.9010e+01   7.3051e+00   0.0000e+00   2.2154e-03   2.6630e+02
20260920_16:00:00   6.4568e-02   1.9259e+01   7.4341e+00   0.0000e+00   4.4516e-03   2.6561e+02
20260920_17:00:00   7.3951e-02   2.1640e+01   8.8578e+00   0.0000e+00   7.9508e-04   2.6661e+02
20260920_18:00:00   8.3481e-02   2.4030e+01   1.0167e+01   2.3008e-05   2.2529e-03   2.6854e+02
20260920_19:00:00   8.3146e-02   2.3947e+01   1.0118e+01   0.0000e+00   9.0638e-04   2.7129e+02
20260920_20:00:00   7.8062e-02   2.2664e+01   9.4891e+00   0.0000e+00   2.3017e-03   2.7168e+02
20260920_21:00:00   7.4486e-02   2.1751e+01   9.0086e+00   0.0000e+00   2.4117e-03   2.7241e+02
20260920_22:00:00   7.2637e-02   2.1287e+01   8.7612e+00   0.0000e+00   2.5624e-03   2.7197e+02
20260920_23:00:00   7.2826e-02   2.1343e+01   8.7510e+00   0.0000e+00   3.7317e-03   2.7222e+02
20260921_00:00:00   7.5327e-02   2.1971e+01   9.1575e+00   0.0000e+00   2.9515e-03   2.7109e+02
20260921_01:00:00   7.7123e-02   2.2423e+01   9.4132e+00   0.0000e+00   5.6854e-04   2.6966e+02
20260921_02:00:00   7.8213e-02   2.2708e+01   9.5700e+00   0.0000e+00   3.0818e-04   2.6811e+02
20260921_03:00:00   7.8494e-02   2.2784e+01   9.5949e+00   1.5662e-05   9.0938e-04   2.6786e+02
20260921_04:00:00   7.8036e-02   2.2668e+01   9.5080e+00   9.8560e-06   5.2587e-03   2.7051e+02
20260921_05:00:00   7.7141e-02   2.2447e+01   9.3751e+00   0.0000e+00   3.3801e-03   2.7226e+02
20260921_06:00:00   7.7838e-02   2.2612e+01   9.5139e+00   0.0000e+00   1.2186e-02   2.7160e+02
20260921_07:00:00   7.9323e-02   2.2994e+01   9.7343e+00   7.4620e-07   6.2477e-03   2.7056e+02
20260921_08:00:00   8.0278e-02   2.3241e+01   9.8611e+00   0.0000e+00   5.8509e-03   2.7242e+02
20260921_09:00:00   8.3202e-02   2.3979e+01   1.0262e+01   0.0000e+00   5.8074e-03   2.7145e+02
20260921_10:00:00   8.8195e-02   2.5255e+01   1.0866e+01   0.0000e+00   3.4542e-03   2.7015e+02
20260921_11:00:00   9.2428e-02   2.6317e+01   1.1402e+01   3.4430e-07   7.9582e-03   2.7043e+02
20260921_12:00:00   9.4827e-02   2.6914e+01   1.1682e+01   0.0000e+00   7.3572e-03   2.7057e+02
20260921_15:00:00   9.8842e-02   2.7949e+01   1.1941e+01   0.0000e+00   3.2682e-03   2.6691e+02
20260921_18:00:00   1.0612e-01   2.9754e+01   1.2656e+01   1.4989e-04   2.1539e-02   2.6924e+02
20260921_21:00:00   1.1992e-01   3.3055e+01   1.3696e+01   7.6003e-03   2.8404e-02   2.6860e+02
20260922_00:00:00   1.2734e-01   3.4872e+01   1.4099e+01   1.2996e-02   3.4819e-02   2.6433e+02
20260922_03:00:00   1.5187e-01   4.0605e+01   1.4042e+01   4.0496e-02   9.8468e-03   2.6328e+02
20260922_06:00:00   1.4367e-01   3.8717e+01   1.2938e+01   4.1560e-02   5.2041e-03   2.6658e+02
20260922_09:00:00   1.0458e-01   2.9406e+01   1.1370e+01   1.1946e-02   3.7123e-03   2.6514e+02
20260922_12:00:00   9.5820e-02   2.7218e+01   1.1158e+01   3.6677e-03   3.8806e-03   2.6672e+02
20260922_15:00:00   9.5965e-02   2.7253e+01   1.1475e+01   1.3671e-03   4.9394e-03   2.6593e+02
20260922_18:00:00   9.7718e-02   2.7726e+01   1.1750e+01   7.7830e-05   6.2771e-04   2.7037e+02
20260922_21:00:00   1.0658e-01   2.9924e+01   1.2889e+01   3.1760e-04   1.3636e-03   2.6956e+02
20260923_00:00:00   1.3139e-01   3.6089e+01   1.2307e+01   3.5580e-02   2.4093e-03   2.7099e+02
20260923_03:00:00   1.4526e-01   3.9490e+01   1.1714e+01   5.8180e-02   1.8676e-04   2.6715e+02
20260923_06:00:00   9.2953e-02   2.6672e+01   1.1058e+01   5.2350e-06   4.2292e-05   2.7096e+02
20260923_09:00:00   9.8533e-02   2.8087e+01   1.1115e+01   6.0589e-03   1.4360e-02   2.6928e+02
20260923_12:00:00   1.5723e-01   4.2096e+01   1.4362e+01   4.5984e-02   4.8374e-03   2.6698e+02
20260923_15:00:00   1.3201e+00   2.0262e+02   1.7574e+01   1.3521e+00   2.0404e-01   2.6453e+02
20260923_18:00:00   1.1859e+00   1.9198e+02   1.8754e+01   1.1916e+00   2.9358e-01   2.6577e+02
20260923_21:00:00   6.0014e-01   1.2552e+02   1.8482e+01   5.2522e-01   2.4036e-01   2.6637e+02
20260924_00:00:00   3.5169e-01   8.2647e+01   1.8604e+01   2.3530e-01   4.5611e-01   2.6671e+02
20260924_03:00:00   1.4339e-01   3.8579e+01   1.7829e+01   7.7976e-03   4.7366e-01   2.6500e+02
20260924_06:00:00   1.9052e-01   4.9414e+01   1.8312e+01   5.6653e-02   1.5961e-02   2.6636e+02
20260924_09:00:00   4.3505e-01   9.9737e+01   1.7436e+01   3.5459e-01   7.1321e-04   2.6459e+02
20260924_12:00:00   1.6548e-01   4.4007e+01   1.6927e+01   3.9167e-02   1.1977e-03   2.6282e+02
20260924_15:00:00   1.5610e-01   4.1825e+01   1.6276e+01   3.1193e-02   8.4455e-03   2.6109e+02
20260924_18:00:00   1.6039e-01   4.2812e+01   1.5782e+01   3.8379e-02   1.2339e-03   2.6424e+02
20260924_21:00:00   1.3785e+00   2.0751e+02   1.7621e+01   1.4259e+00   1.3855e-01   2.6206e+02
20260925_00:00:00   3.9631e-01   9.1052e+01   1.8121e+01   2.9106e-01   1.0833e+00   2.6087e+02
20260925_03:00:00   2.6475e-01   6.5442e+01   1.8420e+01   1.3780e-01   1.1791e+00   2.6085e+02
20260925_06:00:00   1.2354e-01   3.3873e+01   1.5836e+01   2.1337e-03   5.0436e-01   2.6322e+02
20260925_09:00:00   1.7365e-01   4.6028e+01   1.4374e+01   7.1290e-02   6.8569e-02   2.6400e+02
20260925_12:00:00   4.5815e-01   1.0365e+02   1.4410e+01   4.0396e-01   6.3776e-02   2.6269e+02
20260925_15:00:00   3.5887e-01   8.5390e+01   1.3984e+01   2.9082e-01   4.9550e-03   2.6431e+02
20260925_18:00:00   8.8997e-01   1.6512e+02   1.4168e+01   9.0706e-01   3.0925e-03   2.6535e+02
20260925_21:00:00   7.2651e-01   1.4487e+02   1.3735e+01   7.1867e-01   6.8840e-05   2.6762e+02
20260926_00:00:00   3.4004e-01   8.1860e+01   1.1546e+01   2.8473e-01   0.0000e+00   2.6530e+02
20260926_03:00:00   8.6418e-02   2.5104e+01   8.4966e+00   9.3613e-03   0.0000e+00   2.6456e+02
20260926_06:00:00   6.8967e-02   2.0711e+01   6.2199e+00   5.8630e-03   0.0000e+00   2.6971e+02
20260926_09:00:00   1.0459e-01   2.9803e+01   4.8683e+00   5.7422e-02   0.0000e+00   2.7151e+02
20260926_12:00:00   5.2433e-02   1.6414e+01   4.2396e+00   9.4370e-04   2.8760e-06   2.6883e+02
20260926_15:00:00   5.1675e-02   1.6209e+01   4.2376e+00   2.9010e-04   0.0000e+00   2.7096e+02
20260926_18:00:00   5.0244e-02   1.5834e+01   4.0901e+00   6.0740e-04   0.0000e+00   2.7542e+02
20260926_21:00:00   4.9849e-02   1.5739e+01   3.8919e+00   1.2184e-03   0.0000e+00   2.7610e+02
20260927_00:00:00   1.0487e-01   2.9849e+01   3.8396e+00   6.5440e-02   0.0000e+00   2.7415e+02
20260927_03:00:00   5.3506e-02   1.6724e+01   3.4774e+00   8.3920e-03   0.0000e+00   2.7362e+02
20260927_06:00:00   4.3232e-02   1.4001e+01   2.9278e+00   8.2710e-04   0.0000e+00   2.7244e+02
20260927_09:00:00   4.0754e-02   1.3342e+01   2.6021e+00   6.7920e-06   0.0000e+00   2.7382e+02
20260927_12:00:00   3.9295e-02   1.2952e+01   2.3360e+00   1.1750e-05   0.0000e+00   2.7300e+02
20260927_15:00:00   3.8890e-02   1.2850e+01   2.2379e+00   1.7120e-06   0.0000e+00   2.7072e+02
20260927_18:00:00   3.9325e-02   1.2970e+01   2.2978e+00   0.0000e+00   0.0000e+00   2.7061e+02
20260927_21:00:00   3.9414e-02   1.3001e+01   2.3161e+00   8.4310e-06   0.0000e+00   2.7226e+02
20260928_00:00:00   4.0293e-02   1.3243e+01   2.4263e+00   2.7281e-04   0.0000e+00   2.7074e+02
20260928_03:00:00   4.1676e-02   1.3617e+01   2.6544e+00   3.6880e-04   0.0000e+00   2.7057e+02
20260928_06:00:00   4.1767e-02   1.3635e+01   2.6312e+00   2.7360e-04   0.0000e+00   2.7058e+02
20260928_09:00:00   4.0650e-02   1.3331e+01   2.4488e+00   5.8290e-07   0.0000e+00   2.7113e+02
20260928_12:00:00   4.1448e-02   1.3541e+01   2.5693e+00   8.1950e-06   0.0000e+00   2.6638e+02
20260928_15:00:00   4.2918e-02   1.3928e+01   2.8030e+00   3.9790e-07   0.0000e+00   2.6602e+02
20260928_18:00:00   5.7722e-02   1.7790e+01   5.0477e+00   0.0000e+00   0.0000e+00   2.6579e+02
20260928_21:00:00   6.3692e-02   1.9343e+01   5.9461e+00   3.5490e-04   0.0000e+00   2.6597e+02
20260929_00:00:00   1.2722e-01   3.5348e+01   5.9825e+00   7.4220e-02   0.0000e+00   2.6443e+02
20260929_03:00:00   8.5815e-02   2.5027e+01   6.6793e+00   1.9915e-02   0.0000e+00   2.6244e+02
20260929_06:00:00   8.0372e-02   2.3618e+01   7.0123e+00   1.0147e-02   0.0000e+00   2.6225e+02
20260929_09:00:00   6.8471e-02   2.0587e+01   6.4906e+00   1.4204e-03   0.0000e+00   2.6118e+02
20260929_12:00:00   6.9890e-02   2.0939e+01   6.3662e+00   2.9418e-03   0.0000e+00   2.6096e+02
20260929_15:00:00   6.8957e-02   2.0683e+01   6.4379e+00   1.5070e-03   0.0000e+00   2.5749e+02
20260929_18:00:00   7.6028e-02   2.2512e+01   6.7988e+00   7.7080e-03   0.0000e+00   2.5845e+02
20260929_21:00:00   7.6079e-02   2.2492e+01   7.8446e+00   3.2276e-04   0.0000e+00   2.6181e+02
20260930_00:00:00   7.8631e-02   2.3130e+01   8.2067e+00   1.0350e-03   0.0000e+00   2.6032e+02
20260930_03:00:00   8.6819e-02   2.5247e+01   7.8601e+00   1.3015e-02   0.0000e+00   2.5915e+02
20260930_06:00:00   8.8896e-02   2.5750e+01   8.6623e+00   8.2635e-03   1.4922e-06   2.6091e+02
20260930_09:00:00   9.8582e-02   2.8094e+01   1.0712e+01   2.2612e-03   1.4488e-06   2.6271e+02
20260930_12:00:00   2.1444e-01   5.5382e+01   1.2129e+01   1.2789e-01   3.5538e-04   2.6162e+02
20260930_15:00:00   5.9469e-01   1.2574e+02   1.2569e+01   5.6671e-01   3.9097e-04   2.6167e+02
20260930_18:00:00   1.0041e+00   1.7717e+02   1.2758e+01   1.0433e+00   1.2229e-05   2.6223e+02
20260930_21:00:00   7.6328e-01   1.4960e+02   1.3035e+01   7.6210e-01   0.0000e+00   2.6329e+02
20261001_00:00:00   9.7788e-01   1.7432e+02   1.3664e+01   1.0050e+00   9.1158e-05   2.6111e+02
20261001_03:00:00   6.9563e-01   1.4069e+02   1.3191e+01   6.8536e-01   3.1720e-06   2.6160e+02
20261001_06:00:00   5.2425e-01   1.1482e+02   1.2768e+01   4.9001e-01   2.1300e-05   2.6178e+02
20261001_09:00:00   4.9704e-01   1.1044e+02   1.2397e+01   4.6360e-01   3.7300e-07   2.6098e+02
20261001_12:00:00   5.3798e-01   1.1679e+02   1.2545e+01   5.0554e-01   2.0886e-05   2.6109e+02
20261001_15:00:00   1.0036e-01   2.8298e+01   1.2232e+01   1.6686e-04   4.2389e-04   2.6003e+02
20261001_18:00:00   1.0021e-01   2.8280e+01   1.2014e+01   1.9553e-03   0.0000e+00   2.6055e+02
20261001_21:00:00   1.0153e-01   2.8628e+01   1.1912e+01   4.7270e-03   6.9020e-06   2.6345e+02
20261002_00:00:00   1.0446e-01   2.9335e+01   1.2261e+01   5.3120e-03   4.9480e-06   2.6108e+02
20261002_03:00:00   1.0990e-01   3.0605e+01   1.3170e+01   5.0480e-03   4.1040e-06   2.5993e+02
20261002_06:00:00   1.0662e-01   2.9822e+01   1.3061e+01   1.0979e-04   0.0000e+00   2.6083e+02
20261002_09:00:00   1.0004e-01   2.8260e+01   1.1989e+01   0.0000e+00   0.0000e+00   2.6043e+02
20261002_12:00:00   8.8246e-02   2.5356e+01   1.0301e+01   0.0000e+00   0.0000e+00   2.6061e+02
