#            date       tau255        Tb[K]      pwv[mm] lwp[kg*m^-2] iwp[kg*m^-2]       o3[DU]
20260927_00:00:00   7.7676e-01   1.5161e+02   1.3740e+01   7.8124e-01   8.9800e-03   2.5667e+02
20260927_01:00:00   9.6999e-01   1.7387e+02   1.4046e+01   1.0014e+00   3.6851e-03   2.5456e+02
20260927_02:00:00   6.2418e-01   1.3012e+02   1.4375e+01   5.9093e-01   2.2010e-03   2.5320e+02
20260927_03:00:00   7.2642e-01   1.4478e+02   1.4806e+01   7.1007e-01   2.2450e-03   2.5229e+02
20260927_04:00:00   8.8691e-01   1.6465e+02   1.4794e+01   8.9805e-01   6.9813e-04   2.5008e+02
20260927_05:00:00   7.2232e-01   1.4440e+02   1.4056e+01   7.1351e-01   2.6394e-04   2.5162e+02
20260927_06:00:00   5.6105e-01   1.2109e+02   1.2908e+01   5.3675e-01   1.7266e-03   2.5314e+02
20260927_07:00:00   4.3217e-01   9.9300e+01   1.2338e+01   3.9005e-01   2.9220e-03   2.5369e+02
20260927_08:00:00   4.8357e-01   1.0834e+02   1.2097e+01   4.5283e-01   2.9140e-03   2.5317e+02
20260927_09:00:00   4.5197e-01   1.0294e+02   1.1820e+01   4.1950e-01   3.3100e-03   2.5166e+02
20260927_10:00:00   2.2593e-01   5.8192e+01   1.1516e+01   1.5661e-01   2.4900e-03   2.5089e+02
20260927_11:00:00   9.5784e-02   2.7420e+01   1.1036e+01   8.2743e-03   2.8880e-03   2.5472e+02
20260927_12:00:00   8.8171e-02   2.5491e+01   1.0787e+01   1.8860e-03   2.3540e-03   2.6158e+02
20260927_13:00:00   8.7144e-02   2.5213e+01   1.0836e+01   3.6140e-04   2.6760e-03   2.5946e+02
20260927_14:00:00   8.6624e-02   2.5073e+01   1.0803e+01   0.0000e+00   1.0012e-03   2.5884e+02
20260927_15:00:00   8.7622e-02   2.5331e+01   1.0833e+01   0.0000e+00   4.7140e-04   2.6157e+02
20260927_16:00:00   8.5803e-02   2.4902e+01   1.0510e+01   3.5530e-06   7.9500e-04   2.6121e+02
20260927_17:00:00   8.4930e-02   2.4695e+01   1.0348e+01   0.0000e+00   6.0660e-04   2.5873e+02
20260927_18:00:00   8.6979e-02   2.5210e+01   1.0542e+01   0.0000e+00   2.7913e-04   2.5996e+02
20260927_19:00:00   8.8391e-02   2.5578e+01   1.0550e+01   0.0000e+00   1.7802e-04   2.5993e+02
20260927_20:00:00   8.7306e-02   2.5325e+01   1.0292e+01   0.0000e+00   2.1380e-05   2.5984e+02
20260927_21:00:00   8.6891e-02   2.5219e+01   1.0152e+01   0.0000e+00   0.0000e+00   2.5822e+02
20260927_22:00:00   8.5399e-02   2.4856e+01   9.8441e+00   0.0000e+00   0.0000e+00   2.5544e+02
20260927_23:00:00   8.5530e-02   2.4889e+01   9.7286e+00   0.0000e+00   0.0000e+00   2.5433e+02
20260928_00:00:00   8.4136e-02   2.4541e+01   9.4752e+00   1.0510e-04   1.1504e-06   2.5509e+02
20260928_01:00:00   8.1940e-02   2.3982e+01   9.1478e+00   1.0750e-04   2.8760e-06   2.5394e+02
20260928_02:00:00   7.7400e-02   2.2848e+01   8.5402e+00   3.8710e-05   3.1660e-06   2.5359e+02
20260928_03:00:00   7.3234e-02   2.1787e+01   7.9911e+00   1.5200e-06   0.0000e+00   2.5549e+02
20260928_04:00:00   6.8058e-02   2.0474e+01   7.2499e+00   0.0000e+00   0.0000e+00   2.5711e+02
20260928_05:00:00   6.2544e-02   1.9058e+01   6.4294e+00   0.0000e+00   0.0000e+00   2.5803e+02
20260928_06:00:00   5.7182e-02   1.7665e+01   5.6066e+00   0.0000e+00   0.0000e+00   2.5848e+02
20260928_07:00:00   5.1277e-02   1.6123e+01   4.6458e+00   0.0000e+00   0.0000e+00   2.5873e+02
20260928_08:00:00   4.5386e-02   1.4582e+01   3.6168e+00   0.0000e+00   0.0000e+00   2.5996e+02
20260928_09:00:00   4.2272e-02   1.3752e+01   3.0406e+00   0.0000e+00   0.0000e+00   2.5997e+02
20260928_10:00:00   4.1062e-02   1.3426e+01   2.8019e+00   0.0000e+00   0.0000e+00   2.5781e+02
20260928_11:00:00   4.0221e-02   1.3203e+01   2.6363e+00   0.0000e+00   0.0000e+00   2.5680e+02
20260928_12:00:00   3.9489e-02   1.3004e+01   2.4998e+00   0.0000e+00   0.0000e+00   2.5651e+02
20260928_13:00:00   3.8604e-02   1.2768e+01   2.3283e+00   0.0000e+00   0.0000e+00   2.5667e+02
20260928_14:00:00   3.7739e-02   1.2537e+01   2.1541e+00   0.0000e+00   0.0000e+00   2.5700e+02
20260928_15:00:00   3.7178e-02   1.2386e+01   2.0379e+00   0.0000e+00   0.0000e+00   2.5778e+02
20260928_16:00:00   3.6726e-02   1.2266e+01   1.9410e+00   0.0000e+00   0.0000e+00   2.5837e+02
20260928_17:00:00   3.6472e-02   1.2197e+01   1.8778e+00   0.0000e+00   0.0000e+00   2.5889e+02
20260928_18:00:00   3.6180e-02   1.2123e+01   1.8120e+00   0.0000e+00   0.0000e+00   2.6190e+02
20260928_19:00:00   3.6135e-02   1.2111e+01   1.7967e+00   0.0000e+00   0.0000e+00   2.6285e+02
20260928_20:00:00   3.6190e-02   1.2128e+01   1.8058e+00   0.0000e+00   0.0000e+00   2.6224e+02
20260928_21:00:00   3.6220e-02   1.2139e+01   1.8137e+00   0.0000e+00   0.0000e+00   2.6327e+02
20260928_22:00:00   3.6615e-02   1.2242e+01   1.8895e+00   0.0000e+00   0.0000e+00   2.6225e+02
20260928_23:00:00   3.7108e-02   1.2373e+01   1.9903e+00   2.4110e-07   0.0000e+00   2.6166e+02
20260929_00:00:00   3.8150e-02   1.2650e+01   2.1974e+00   8.4730e-07   0.0000e+00   2.6053e+02
20260929_01:00:00   3.9202e-02   1.2929e+01   2.3902e+00   7.6680e-06   2.1000e-06   2.5920e+02
20260929_02:00:00   4.1245e-02   1.3476e+01   2.5118e+00   1.6817e-03   1.6804e-06   2.5929e+02
20260929_03:00:00   4.2169e-02   1.3723e+01   2.4912e+00   3.0350e-03   3.7300e-07   2.6033e+02
20260929_04:00:00   4.0859e-02   1.3371e+01   2.5000e+00   1.4534e-03   0.0000e+00   2.6055e+02
20260929_05:00:00   3.9501e-02   1.3005e+01   2.4697e+00   4.0890e-05   0.0000e+00   2.6099e+02
20260929_06:00:00   3.9481e-02   1.2994e+01   2.4671e+00   4.3070e-05   1.0082e-05   2.6055e+02
20260929_07:00:00   3.9089e-02   1.2890e+01   2.3975e+00   7.1890e-05   1.3350e-05   2.5924e+02
20260929_08:00:00   3.9147e-02   1.2902e+01   2.4073e+00   6.2860e-05   2.0420e-05   2.5923e+02
20260929_09:00:00   3.9468e-02   1.2978e+01   2.4925e+00   1.6680e-06   1.0072e-04   2.5972e+02
20260929_10:00:00   4.0052e-02   1.3120e+01   2.6313e+00   0.0000e+00   7.6691e-04   2.5933e+02
20260929_11:00:00   4.0323e-02   1.3186e+01   2.6962e+00   0.0000e+00   7.4852e-04   2.5967e+02
20260929_12:00:00   4.1030e-02   1.3372e+01   2.8486e+00   0.0000e+00   5.8926e-04   2.6055e+02
20260929_13:00:00   4.2164e-02   1.3672e+01   3.0664e+00   0.0000e+00   9.4176e-04   2.5993e+02
20260929_14:00:00   4.4183e-02   1.4206e+01   3.4210e+00   0.0000e+00   4.4025e-04   2.5851e+02
20260929_15:00:00   4.7294e-02   1.5026e+01   3.9697e+00   0.0000e+00   2.8948e-04   2.5799e+02
20260929_16:00:00   5.0447e-02   1.5849e+01   4.5095e+00   0.0000e+00   5.9023e-05   2.5763e+02
20260929_17:00:00   5.3595e-02   1.6670e+01   5.0262e+00   0.0000e+00   1.6194e-05   2.5897e+02
20260929_18:00:00   5.6174e-02   1.7340e+01   5.4636e+00   0.0000e+00   2.2038e-05   2.5993e+02
20260929_19:00:00   5.8243e-02   1.7873e+01   5.8537e+00   0.0000e+00   2.3682e-05   2.6044e+02
20260929_20:00:00   6.0554e-02   1.8464e+01   6.2642e+00   0.0000e+00   6.8300e-05   2.6160e+02
20260929_21:00:00   6.2445e-02   1.8949e+01   6.5731e+00   6.6220e-05   1.9644e-04   2.6183e+02
20260929_22:00:00   6.4631e-02   1.9502e+01   6.9197e+00   2.1980e-04   2.4414e-04   2.6099e+02
20260929_23:00:00   6.8466e-02   2.0471e+01   7.4906e+00   4.3350e-04   2.1472e-04   2.5942e+02
20260930_00:00:00   7.6433e-02   2.2487e+01   8.4385e+00   2.2356e-03   2.9040e-04   2.5964e+02
20260930_01:00:00   8.5370e-02   2.4728e+01   9.4604e+00   4.3560e-03   2.9780e-04   2.5946e+02
20260930_02:00:00   8.6953e-02   2.5098e+01   1.0109e+01   9.4080e-04   7.7810e-05   2.5898e+02
20260930_03:00:00   8.6757e-02   2.5036e+01   1.0294e+01   2.7600e-04   4.1387e-05   2.5906e+02
20260930_04:00:00   8.6527e-02   2.4959e+01   1.0436e+01   8.5990e-05   2.5016e-05   2.5830e+02
20260930_05:00:00   8.7615e-02   2.5221e+01   1.0605e+01   0.0000e+00   5.2220e-06   2.5778e+02
20260930_06:00:00   8.8320e-02   2.5408e+01   1.0621e+01   0.0000e+00   0.0000e+00   2.5829e+02
20260930_07:00:00   8.7517e-02   2.5224e+01   1.0383e+01   0.0000e+00   0.0000e+00   2.6021e+02
20260930_08:00:00   8.4966e-02   2.4602e+01   9.9653e+00   0.0000e+00   0.0000e+00   2.6177e+02
20260930_09:00:00   8.2752e-02   2.4049e+01   9.6656e+00   0.0000e+00   1.4488e-06   2.6175e+02
20260930_10:00:00   8.1855e-02   2.3807e+01   9.5975e+00   0.0000e+00   3.7300e-07   2.5954e+02
20260930_11:00:00   8.2923e-02   2.4058e+01   9.8444e+00   0.0000e+00   0.0000e+00   2.5864e+02
20260930_12:00:00   8.4700e-02   2.4493e+01   1.0119e+01   0.0000e+00   0.0000e+00   2.6083e+02
20260930_13:00:00   8.5803e-02   2.4769e+01   1.0225e+01   0.0000e+00   0.0000e+00   2.6257e+02
20260930_14:00:00   8.4602e-02   2.4489e+01   9.9333e+00   0.0000e+00   0.0000e+00   2.6219e+02
20260930_15:00:00   8.1648e-02   2.3768e+01   9.4042e+00   0.0000e+00   0.0000e+00   2.6238e+02
20260930_16:00:00   7.8934e-02   2.3102e+01   8.9934e+00   0.0000e+00   0.0000e+00   2.6295e+02
20260930_17:00:00   7.6803e-02   2.2564e+01   8.7296e+00   0.0000e+00   1.7276e-06   2.6418e+02
20260930_18:00:00   7.5559e-02   2.2248e+01   8.6067e+00   0.0000e+00   0.0000e+00   2.6418e+02
20260930_19:00:00   7.5435e-02   2.2217e+01   8.6137e+00   0.0000e+00   0.0000e+00   2.6520e+02
20260930_20:00:00   7.5316e-02   2.2186e+01   8.6371e+00   0.0000e+00   0.0000e+00   2.6536e+02
20260930_21:00:00   7.5037e-02   2.2116e+01   8.6189e+00   0.0000e+00   0.0000e+00   2.6511e+02
20260930_22:00:00   7.5598e-02   2.2259e+01   8.6666e+00   2.3810e-07   0.0000e+00   2.6532e+02
20260930_23:00:00   7.6871e-02   2.2573e+01   8.8118e+00   9.2620e-05   0.0000e+00   2.6521e+02
20261001_00:00:00   8.5571e-02   2.4783e+01   9.0288e+00   8.3420e-03   0.0000e+00   2.6523e+02
20261001_01:00:00   8.0933e-02   2.3604e+01   9.1547e+00   1.8836e-03   0.0000e+00   2.6482e+02
20261001_02:00:00   1.4390e-01   3.9191e+01   9.3434e+00   7.3880e-02   0.0000e+00   2.6499e+02
20261001_03:00:00   1.6106e-01   4.3282e+01   9.2123e+00   9.4613e-02   0.0000e+00   2.6579e+02
20261001_04:00:00   8.3964e-02   2.4396e+01   9.2028e+00   3.5874e-03   0.0000e+00   2.6588e+02
20261001_05:00:00   8.5054e-02   2.4705e+01   8.7863e+00   8.4230e-03   0.0000e+00   2.6618e+02
20261001_06:00:00   8.5191e-02   2.4766e+01   8.3938e+00   1.2317e-02   0.0000e+00   2.6522e+02
20261001_07:00:00   7.2121e-02   2.1421e+01   8.0317e+00   2.4570e-04   0.0000e+00   2.6303e+02
20261001_08:00:00   7.0010e-02   2.0884e+01   7.7558e+00   3.2030e-04   0.0000e+00   2.6241e+02
20261001_09:00:00   6.9766e-02   2.0820e+01   7.5324e+00   1.9610e-03   0.0000e+00   2.6307e+02
20261001_10:00:00   6.7382e-02   2.0199e+01   7.3510e+00   5.1980e-04   0.0000e+00   2.6361e+02
20261001_11:00:00   6.5489e-02   1.9713e+01   7.1077e+00   1.4560e-05   0.0000e+00   2.6333e+02
20261001_12:00:00   6.3671e-02   1.9241e+01   6.8192e+00   0.0000e+00   0.0000e+00   2.6439e+02
20261001_13:00:00   6.2289e-02   1.8879e+01   6.5990e+00   0.0000e+00   0.0000e+00   2.6570e+02
20261001_14:00:00   6.0678e-02   1.8473e+01   6.3230e+00   0.0000e+00   0.0000e+00   2.6594e+02
20261001_15:00:00   5.9121e-02   1.8077e+01   6.0487e+00   0.0000e+00   0.0000e+00   2.6518e+02
20261001_16:00:00   5.7698e-02   1.7713e+01   5.8069e+00   0.0000e+00   0.0000e+00   2.6470e+02
20261001_17:00:00   5.6270e-02   1.7349e+01   5.5595e+00   0.0000e+00   0.0000e+00   2.6300e+02
20261001_18:00:00   5.5547e-02   1.7160e+01   5.4484e+00   0.0000e+00   0.0000e+00   2.6271e+02
20261001_19:00:00   5.5154e-02   1.7054e+01   5.4171e+00   0.0000e+00   0.0000e+00   2.6260e+02
20261001_20:00:00   5.4406e-02   1.6862e+01   5.2967e+00   0.0000e+00   0.0000e+00   2.6163e+02
20261001_21:00:00   5.3622e-02   1.6662e+01   5.1578e+00   0.0000e+00   0.0000e+00   2.6198e+02
20261001_22:00:00   5.3148e-02   1.6537e+01   5.0747e+00   0.0000e+00   0.0000e+00   2.6346e+02
20261001_23:00:00   5.3021e-02   1.6505e+01   5.0525e+00   0.0000e+00   0.0000e+00   2.6373e+02
20261002_00:00:00   5.3338e-02   1.6592e+01   5.0963e+00   3.2930e-05   0.0000e+00   2.6275e+02
20261002_03:00:00   5.6934e-02   1.7559e+01   5.1907e+00   3.2975e-03   0.0000e+00   2.6296e+02
20261002_06:00:00   5.3966e-02   1.6783e+01   5.0958e+00   1.1420e-04   0.0000e+00   2.6308e+02
20261002_09:00:00   5.3441e-02   1.6640e+01   4.9786e+00   1.9880e-04   0.0000e+00   2.6620e+02
20261002_12:00:00   5.1807e-02   1.6212e+01   4.6917e+00   0.0000e+00   0.0000e+00   2.6556e+02
20261002_15:00:00   5.0740e-02   1.5936e+01   4.4822e+00   0.0000e+00   0.0000e+00   2.6042e+02
20261002_18:00:00   4.9967e-02   1.5749e+01   4.3226e+00   0.0000e+00   0.0000e+00   2.5922e+02
20261002_21:00:00   5.0139e-02   1.5793e+01   4.3742e+00   0.0000e+00   0.0000e+00   2.6059e+02
20261003_00:00:00   5.0234e-02   1.5815e+01   4.4027e+00   8.9680e-05   0.0000e+00   2.5975e+02
20261003_03:00:00   5.1687e-02   1.6207e+01   4.5610e+00   5.7810e-04   0.0000e+00   2.6043e+02
20261003_06:00:00   5.0390e-02   1.5865e+01   4.3775e+00   3.4420e-06   0.0000e+00   2.5953e+02
20261003_09:00:00   4.9530e-02   1.5640e+01   4.2083e+00   0.0000e+00   0.0000e+00   2.6086e+02
20261003_12:00:00   4.8490e-02   1.5365e+01   4.0236e+00   3.7800e-07   0.0000e+00   2.6339e+02
20261003_15:00:00   4.8826e-02   1.5439e+01   4.1181e+00   0.0000e+00   0.0000e+00   2.6186e+02
20261003_18:00:00   4.8601e-02   1.5374e+01   4.0897e+00   0.0000e+00   0.0000e+00   2.5876e+02
20261003_21:00:00   4.8101e-02   1.5240e+01   4.0355e+00   1.3960e-04   0.0000e+00   2.5958e+02
20261004_00:00:00   4.9826e-02   1.5670e+01   4.2074e+00   1.6550e-03   0.0000e+00   2.5739e+02
20261004_03:00:00   5.0794e-02   1.5922e+01   4.4181e+00   1.3760e-03   0.0000e+00   2.6158e+02
20261004_06:00:00   5.1220e-02   1.6026e+01   4.6210e+00   2.1770e-06   0.0000e+00   2.6333e+02
20261004_09:00:00   5.0473e-02   1.5831e+01   4.4506e+00   0.0000e+00   0.0000e+00   2.6398e+02
20261004_12:00:00   5.1177e-02   1.5999e+01   4.6328e+00   0.0000e+00   0.0000e+00   2.6317e+02
20261004_15:00:00   5.0076e-02   1.5737e+01   4.2968e+00   0.0000e+00   0.0000e+00   2.6591e+02
20261004_18:00:00   5.0535e-02   1.5861e+01   4.3442e+00   0.0000e+00   0.0000e+00   2.6543e+02
20261004_21:00:00   4.9995e-02   1.5732e+01   4.2617e+00   0.0000e+00   0.0000e+00   2.6709e+02
20261005_00:00:00   4.9237e-02   1.5534e+01   4.1449e+00   8.3170e-05   0.0000e+00   2.6711e+02
20261005_03:00:00   4.9954e-02   1.5711e+01   4.3266e+00   3.5760e-05   0.0000e+00   2.6618e+02
20261005_06:00:00   5.0183e-02   1.5770e+01   4.4036e+00   0.0000e+00   0.0000e+00   2.6610e+02
20261005_09:00:00   4.9598e-02   1.5623e+01   4.2903e+00   0.0000e+00   0.0000e+00   2.6699e+02
20261005_12:00:00   4.7771e-02   1.5153e+01   3.9655e+00   0.0000e+00   0.0000e+00   2.6500e+02
20261005_15:00:00   4.8673e-02   1.5381e+01   4.1188e+00   0.0000e+00   0.0000e+00   2.6413e+02
20261005_18:00:00   4.9256e-02   1.5536e+01   4.2199e+00   0.0000e+00   0.0000e+00   2.6554e+02
20261005_21:00:00   4.7826e-02   1.5183e+01   3.9338e+00   7.6630e-06   0.0000e+00   2.6512e+02
20261006_00:00:00   4.7832e-02   1.5190e+01   3.9076e+00   1.0400e-04   0.0000e+00   2.6184e+02
20261006_03:00:00   4.7764e-02   1.5172e+01   3.8909e+00   1.8180e-04   0.0000e+00   2.6226e+02
20261006_06:00:00   4.6272e-02   1.4777e+01   3.7024e+00   0.0000e+00   0.0000e+00   2.6228e+02
20261006_09:00:00   4.5301e-02   1.4534e+01   3.5085e+00   0.0000e+00   0.0000e+00   2.6395e+02
20261006_12:00:00   4.4463e-02   1.4316e+01   3.3570e+00   0.0000e+00   0.0000e+00   2.6574e+02
20261006_15:00:00   4.3800e-02   1.4143e+01   3.2473e+00   0.0000e+00   0.0000e+00   2.6812e+02
20261006_18:00:00   4.3336e-02   1.4026e+01   3.1704e+00   0.0000e+00   0.0000e+00   2.6581e+02
20261006_21:00:00   4.2914e-02   1.3919e+01   3.1168e+00   0.0000e+00   0.0000e+00   2.6662e+02
20261007_00:00:00   4.2417e-02   1.3789e+01   3.0360e+00   0.0000e+00   0.0000e+00   2.6786e+02
20261007_03:00:00   4.1216e-02   1.3473e+01   2.8749e+00   0.0000e+00   0.0000e+00   2.6818e+02
20261007_06:00:00   4.1554e-02   1.3558e+01   2.9674e+00   0.0000e+00   0.0000e+00   2.6689e+02
20261007_09:00:00   4.3607e-02   1.4056e+01   3.4964e+00   0.0000e+00   5.6692e-04   2.6519e+02
20261007_12:00:00   4.4989e-02   1.4394e+01   3.8428e+00   0.0000e+00   1.6546e-03   2.6364e+02
20261007_15:00:00   4.6196e-02   1.4697e+01   4.0966e+00   0.0000e+00   2.7689e-04   2.6167e+02
20261007_18:00:00   4.6998e-02   1.4894e+01   4.2563e+00   0.0000e+00   5.5253e-04   2.6221e+02
20261007_21:00:00   4.6654e-02   1.4798e+01   4.2061e+00   0.0000e+00   3.1587e-03   2.6271e+02
20261008_00:00:00   4.6644e-02   1.4794e+01   4.1643e+00   1.9240e-08   9.0390e-03   2.5936e+02
20261008_03:00:00   4.5225e-02   1.4432e+01   3.8730e+00   0.0000e+00   1.0862e-02   2.5967e+02
20261008_06:00:00   4.5469e-02   1.4481e+01   3.8958e+00   0.0000e+00   4.2068e-02   2.5990e+02
20261008_09:00:00   4.4510e-02   1.4237e+01   3.6913e+00   0.0000e+00   6.1248e-03   2.6026e+02
20261008_12:00:00   4.3185e-02   1.3895e+01   3.3945e+00   0.0000e+00   2.2822e-03   2.5727e+02
20261008_15:00:00   4.2158e-02   1.3637e+01   3.1149e+00   0.0000e+00   1.9114e-05   2.5763e+02
20261008_18:00:00   4.2199e-02   1.3655e+01   3.0646e+00   0.0000e+00   1.3318e-05   2.6262e+02
20261008_21:00:00   4.3817e-02   1.4086e+01   3.3600e+00   0.0000e+00   0.0000e+00   2.6149e+02
20261009_00:00:00   4.9724e-02   1.5636e+01   4.0827e+00   2.3747e-03   0.0000e+00   2.5998e+02
20261009_03:00:00   5.0459e-02   1.5816e+01   4.5048e+00   6.9850e-04   0.0000e+00   2.5852e+02
20261009_06:00:00   4.8393e-02   1.5273e+01   4.2462e+00   7.6740e-06   0.0000e+00   2.6196e+02
20261009_09:00:00   4.7768e-02   1.5102e+01   4.1232e+00   4.2040e-06   0.0000e+00   2.6469e+02
20261009_12:00:00   4.6555e-02   1.4785e+01   3.8599e+00   6.9310e-07   0.0000e+00   2.6528e+02
20261009_15:00:00   4.7857e-02   1.5134e+01   3.9996e+00   0.0000e+00   0.0000e+00   2.6586e+02
20261009_18:00:00   4.6357e-02   1.4750e+01   3.7244e+00   0.0000e+00   0.0000e+00   2.6638e+02
20261009_21:00:00   4.6287e-02   1.4742e+01   3.6865e+00   8.2460e-07   0.0000e+00   2.6682e+02
20261010_00:00:00   4.9802e-02   1.5653e+01   4.2583e+00   2.1930e-04   0.0000e+00   2.6604e+02
20261010_03:00:00   5.0255e-02   1.5793e+01   4.1909e+00   4.0280e-04   0.0000e+00   2.6869e+02
20261010_06:00:00   4.3881e-02   1.4143e+01   3.0303e+00   1.0130e-05   0.0000e+00   2.6901e+02
20261010_09:00:00   4.0105e-02   1.3154e+01   2.3374e+00   0.0000e+00   0.0000e+00   2.7193e+02
20261010_12:00:00   3.8078e-02   1.2628e+01   1.9472e+00   0.0000e+00   0.0000e+00   2.6997e+02
20261010_15:00:00   3.7729e-02   1.2537e+01   1.9051e+00   0.0000e+00   0.0000e+00   2.7062e+02
20261010_18:00:00   3.8862e-02   1.2820e+01   2.2023e+00   0.0000e+00   0.0000e+00   2.6990e+02
20261010_21:00:00   3.9803e-02   1.3063e+01   2.4381e+00   0.0000e+00   0.0000e+00   2.6876e+02
20261011_00:00:00   4.0677e-02   1.3282e+01   2.6609e+00   4.8140e-06   0.0000e+00   2.6724e+02
20261011_03:00:00   4.1956e-02   1.3603e+01   3.0099e+00   1.5960e-05   0.0000e+00   2.6566e+02
20261011_06:00:00   4.5757e-02   1.4577e+01   3.8156e+00   2.0740e-05   1.5804e-04   2.6624e+02
20261011_09:00:00   4.7795e-02   1.5111e+01   4.1640e+00   1.5690e-06   1.3318e-05   2.6639e+02
20261011_12:00:00   4.5422e-02   1.4474e+01   3.7841e+00   0.0000e+00   1.5300e-05   2.6418e+02
20261011_15:00:00   4.3733e-02   1.4022e+01   3.4637e+00   0.0000e+00   2.4720e-04   2.6560e+02
20261011_18:00:00   4.3073e-02   1.3858e+01   3.3167e+00   0.0000e+00   2.0121e-04   2.6556e+02
20261011_21:00:00   4.3979e-02   1.4088e+01   3.4964e+00   0.0000e+00   8.3472e-04   2.6666e+02
20261012_00:00:00   4.5993e-02   1.4572e+01   3.9215e+00   2.4420e-04   1.2727e-03   2.6521e+02
20261012_03:00:00   4.6195e-02   1.4649e+01   3.8293e+00   3.4970e-04   1.4965e-04   2.6570e+02
20261012_06:00:00   4.2233e-02   1.3610e+01   3.1460e+00   1.0450e-04   2.1153e-03   2.6708e+02
20261012_09:00:00   4.4321e-02   1.4170e+01   3.4890e+00   0.0000e+00   2.7860e-05   2.6692e+02
20261012_12:00:00   4.5681e-02   1.4532e+01   3.6898e+00   0.0000e+00   0.0000e+00   2.6704e+02
20261012_15:00:00   4.8268e-02   1.5199e+01   4.1437e+00   0.0000e+00   1.0166e-04   2.6699e+02
20261012_18:00:00   5.6526e-02   1.7324e+01   5.5853e+00   0.0000e+00   2.3840e-05   2.6777e+02
20261012_21:00:00   6.8445e-02   2.0387e+01   7.3324e+00   1.9750e-04   2.7760e-03   2.6727e+02
20261013_00:00:00   8.1572e-02   2.3741e+01   7.6427e+00   1.1777e-02   1.2360e-03   2.6598e+02
