#            date       tau255        Tb[K]      pwv[mm] lwp[kg*m^-2] iwp[kg*m^-2]       o3[DU]
20260828_18:00:00   4.9969e-02   1.5717e+01   4.6452e+00   0.0000e+00   0.0000e+00   2.6995e+02
20260828_19:00:00   4.9972e-02   1.5718e+01   4.6307e+00   0.0000e+00   0.0000e+00   2.7108e+02
20260828_20:00:00   4.9937e-02   1.5705e+01   4.6296e+00   0.0000e+00   0.0000e+00   2.7180e+02
20260828_21:00:00   4.9999e-02   1.5722e+01   4.6306e+00   1.1020e-04   0.0000e+00   2.7196e+02
20260828_22:00:00   5.0628e-02   1.5894e+01   4.6401e+00   7.4130e-04   0.0000e+00   2.7196e+02
20260828_23:00:00   5.2959e-02   1.6517e+01   4.6960e+00   3.1224e-03   0.0000e+00   2.7125e+02
20260829_00:00:00   5.6373e-02   1.7426e+01   4.7712e+00   6.5950e-03   0.0000e+00   2.6977e+02
20260829_01:00:00   8.2461e-02   2.4220e+01   4.8854e+00   3.6780e-02   0.0000e+00   2.6637e+02
20260829_02:00:00   6.6454e-02   2.0067e+01   5.0083e+00   1.6865e-02   0.0000e+00   2.6650e+02
20260829_03:00:00   6.0521e-02   1.8515e+01   5.0427e+00   9.6910e-03   0.0000e+00   2.6811e+02
20260829_04:00:00   5.3893e-02   1.6772e+01   4.9416e+00   2.5220e-03   0.0000e+00   2.6970e+02
20260829_05:00:00   5.1658e-02   1.6187e+01   4.9086e+00   1.6580e-06   0.0000e+00   2.7231e+02
20260829_06:00:00   5.3926e-02   1.6798e+01   4.8889e+00   2.8120e-03   0.0000e+00   2.7325e+02
20260829_07:00:00   5.0990e-02   1.6019e+01   4.7696e+00   3.4900e-06   0.0000e+00   2.7367e+02
20260829_08:00:00   5.0467e-02   1.5886e+01   4.6705e+00   5.5750e-07   0.0000e+00   2.7336e+02
20260829_09:00:00   5.0070e-02   1.5781e+01   4.5960e+00   0.0000e+00   0.0000e+00   2.7262e+02
20260829_10:00:00   5.0330e-02   1.5847e+01   4.6381e+00   0.0000e+00   0.0000e+00   2.7226e+02
20260829_11:00:00   5.0540e-02   1.5898e+01   4.6758e+00   0.0000e+00   0.0000e+00   2.7425e+02
20260829_12:00:00   5.0615e-02   1.5911e+01   4.6967e+00   2.6570e-07   0.0000e+00   2.7541e+02
20260829_13:00:00   5.0249e-02   1.5810e+01   4.6383e+00   4.1330e-06   0.0000e+00   2.7427e+02
20260829_14:00:00   4.9949e-02   1.5728e+01   4.5794e+00   8.2180e-06   0.0000e+00   2.7518e+02
20260829_15:00:00   4.9417e-02   1.5594e+01   4.4811e+00   8.6350e-06   0.0000e+00   2.7379e+02
20260829_16:00:00   4.8822e-02   1.5440e+01   4.3635e+00   6.6750e-06   0.0000e+00   2.7420e+02
20260829_17:00:00   4.8254e-02   1.5293e+01   4.2510e+00   0.0000e+00   0.0000e+00   2.6836e+02
20260829_18:00:00   4.7594e-02   1.5122e+01   4.1178e+00   0.0000e+00   5.7520e-06   2.6987e+02
20260829_19:00:00   4.7094e-02   1.4989e+01   4.0099e+00   0.0000e+00   0.0000e+00   2.7130e+02
20260829_20:00:00   4.6351e-02   1.4796e+01   3.8504e+00   0.0000e+00   0.0000e+00   2.7345e+02
20260829_21:00:00   4.5988e-02   1.4702e+01   3.7766e+00   0.0000e+00   0.0000e+00   2.7405e+02
20260829_22:00:00   4.5900e-02   1.4679e+01   3.7546e+00   1.6320e-05   0.0000e+00   2.7222e+02
20260829_23:00:00   4.6111e-02   1.4736e+01   3.7775e+00   1.0220e-04   0.0000e+00   2.6994e+02
20260830_00:00:00   4.6637e-02   1.4878e+01   3.8608e+00   2.7960e-04   1.1112e-05   2.7004e+02
20260830_01:00:00   4.7030e-02   1.4984e+01   3.9179e+00   3.4280e-04   0.0000e+00   2.7151e+02
20260830_02:00:00   4.7699e-02   1.5169e+01   3.9289e+00   1.0050e-03   0.0000e+00   2.7431e+02
20260830_03:00:00   4.9657e-02   1.5698e+01   3.8700e+00   3.7370e-03   0.0000e+00   2.7671e+02
20260830_04:00:00   5.3778e-02   1.6807e+01   3.7265e+00   9.6830e-03   6.4780e-06   2.7480e+02
20260830_05:00:00   4.5649e-02   1.4638e+01   3.6419e+00   5.5880e-04   1.5044e-05   2.7045e+02
20260830_06:00:00   4.4072e-02   1.4215e+01   3.4395e+00   0.0000e+00   5.6720e-05   2.6789e+02
20260830_07:00:00   4.2935e-02   1.3917e+01   3.2037e+00   1.2170e-05   1.7276e-06   2.6914e+02
20260830_08:00:00   4.1624e-02   1.3574e+01   2.9351e+00   0.0000e+00   0.0000e+00   2.7013e+02
20260830_09:00:00   4.0783e-02   1.3348e+01   2.7738e+00   0.0000e+00   0.0000e+00   2.6816e+02
20260830_10:00:00   3.9985e-02   1.3133e+01   2.6245e+00   0.0000e+00   0.0000e+00   2.6923e+02
20260830_11:00:00   3.9527e-02   1.3005e+01   2.5423e+00   0.0000e+00   7.7900e-04   2.6915e+02
20260830_12:00:00   3.9052e-02   1.2877e+01   2.4561e+00   0.0000e+00   3.0740e-03   2.7094e+02
20260830_13:00:00   3.8847e-02   1.2818e+01   2.4295e+00   0.0000e+00   2.7000e-03   2.7030e+02
20260830_14:00:00   3.9103e-02   1.2880e+01   2.5091e+00   0.0000e+00   1.2006e-03   2.6900e+02
20260830_15:00:00   3.9359e-02   1.2943e+01   2.5773e+00   0.0000e+00   7.7948e-04   2.7082e+02
20260830_16:00:00   3.9549e-02   1.2988e+01   2.6196e+00   0.0000e+00   8.8638e-04   2.7219e+02
20260830_17:00:00   3.9501e-02   1.2973e+01   2.6043e+00   0.0000e+00   7.9186e-04   2.7163e+02
20260830_18:00:00   3.9387e-02   1.2947e+01   2.5719e+00   0.0000e+00   5.4140e-04   2.7203e+02
20260830_19:00:00   3.9276e-02   1.2921e+01   2.5406e+00   0.0000e+00   1.0624e-03   2.7252e+02
20260830_20:00:00   3.9535e-02   1.2985e+01   2.5928e+00   0.0000e+00   1.9328e-03   2.7159e+02
20260830_21:00:00   3.9650e-02   1.3019e+01   2.5961e+00   1.1910e-05   2.6654e-03   2.7089e+02
20260830_22:00:00   3.9285e-02   1.2931e+01   2.4954e+00   7.5260e-05   3.2600e-03   2.7169e+02
20260830_23:00:00   3.9465e-02   1.2984e+01   2.4380e+00   5.2390e-04   3.4380e-03   2.6832e+02
20260831_00:00:00   3.9133e-02   1.2902e+01   2.3460e+00   5.9430e-04   3.2560e-03   2.6691e+02
20260831_01:00:00   3.9242e-02   1.2936e+01   2.2961e+00   9.2420e-04   2.5960e-03   2.6635e+02
20260831_02:00:00   3.7809e-02   1.2561e+01   2.1586e+00   0.0000e+00   1.1986e-03   2.6747e+02
20260831_03:00:00   3.9657e-02   1.3073e+01   2.0898e+00   2.5240e-03   2.2880e-04   2.6839e+02
20260831_04:00:00   3.6951e-02   1.2350e+01   1.9613e+00   0.0000e+00   2.9360e-05   2.7050e+02
20260831_05:00:00   3.6730e-02   1.2293e+01   1.9133e+00   0.0000e+00   0.0000e+00   2.6954e+02
20260831_06:00:00   3.6604e-02   1.2258e+01   1.8854e+00   0.0000e+00   0.0000e+00   2.6872e+02
20260831_07:00:00   3.6407e-02   1.2209e+01   1.8291e+00   0.0000e+00   0.0000e+00   2.6817e+02
20260831_08:00:00   3.6165e-02   1.2147e+01   1.7663e+00   0.0000e+00   0.0000e+00   2.6733e+02
20260831_09:00:00   3.5990e-02   1.2099e+01   1.7271e+00   0.0000e+00   0.0000e+00   2.6577e+02
20260831_10:00:00   3.5981e-02   1.2095e+01   1.7253e+00   0.0000e+00   0.0000e+00   2.6500e+02
20260831_11:00:00   3.5887e-02   1.2070e+01   1.7033e+00   0.0000e+00   0.0000e+00   2.6525e+02
20260831_12:00:00   3.5713e-02   1.2026e+01   1.6703e+00   0.0000e+00   0.0000e+00   2.6589e+02
20260831_13:00:00   3.5584e-02   1.1992e+01   1.6403e+00   0.0000e+00   0.0000e+00   2.6638e+02
20260831_14:00:00   3.5469e-02   1.1961e+01   1.6125e+00   0.0000e+00   0.0000e+00   2.6668e+02
20260831_15:00:00   3.5321e-02   1.1922e+01   1.5721e+00   0.0000e+00   0.0000e+00   2.6595e+02
20260831_16:00:00   3.5279e-02   1.1910e+01   1.5546e+00   0.0000e+00   0.0000e+00   2.6563e+02
20260831_17:00:00   3.5278e-02   1.1913e+01   1.5508e+00   0.0000e+00   0.0000e+00   2.6532e+02
20260831_18:00:00   3.5240e-02   1.1905e+01   1.5307e+00   1.5890e-05   0.0000e+00   2.6803e+02
20260831_19:00:00   3.5115e-02   1.1873e+01   1.5070e+00   0.0000e+00   0.0000e+00   2.6980e+02
20260831_20:00:00   3.5164e-02   1.1888e+01   1.5132e+00   0.0000e+00   0.0000e+00   2.7058e+02
20260831_21:00:00   3.5117e-02   1.1878e+01   1.4920e+00   0.0000e+00   0.0000e+00   2.7053e+02
20260831_22:00:00   3.4945e-02   1.1834e+01   1.4535e+00   0.0000e+00   0.0000e+00   2.6982e+02
20260831_23:00:00   3.4971e-02   1.1845e+01   1.4559e+00   0.0000e+00   0.0000e+00   2.6935e+02
20260901_00:00:00   3.5480e-02   1.1984e+01   1.5392e+00   7.5410e-05   0.0000e+00   2.6839e+02
20260901_01:00:00   3.6116e-02   1.2158e+01   1.5841e+00   5.3770e-04   0.0000e+00   2.6844e+02
20260901_02:00:00   3.6339e-02   1.2222e+01   1.5734e+00   8.4020e-04   0.0000e+00   2.6912e+02
20260901_03:00:00   3.6183e-02   1.2187e+01   1.4381e+00   1.4830e-03   0.0000e+00   2.7214e+02
20260901_04:00:00   3.5342e-02   1.1960e+01   1.3297e+00   1.0790e-03   0.0000e+00   2.7123e+02
20260901_05:00:00   3.3968e-02   1.1592e+01   1.2080e+00   1.1650e-04   0.0000e+00   2.7045e+02
20260901_06:00:00   3.3609e-02   1.1498e+01   1.1507e+00   0.0000e+00   0.0000e+00   2.6993e+02
20260901_07:00:00   3.3447e-02   1.1457e+01   1.1129e+00   0.0000e+00   0.0000e+00   2.7024e+02
20260901_08:00:00   3.3711e-02   1.1527e+01   1.1690e+00   0.0000e+00   0.0000e+00   2.7055e+02
20260901_09:00:00   3.3899e-02   1.1573e+01   1.2117e+00   0.0000e+00   0.0000e+00   2.7091e+02
20260901_10:00:00   3.4235e-02   1.1659e+01   1.2920e+00   0.0000e+00   0.0000e+00   2.6974e+02
20260901_11:00:00   3.4322e-02   1.1680e+01   1.3266e+00   0.0000e+00   0.0000e+00   2.7080e+02
20260901_12:00:00   3.4587e-02   1.1747e+01   1.3962e+00   3.8410e-06   0.0000e+00   2.7164e+02
20260901_13:00:00   3.4878e-02   1.1824e+01   1.4703e+00   5.8670e-06   0.0000e+00   2.7334e+02
20260901_14:00:00   3.5390e-02   1.1958e+01   1.5765e+00   1.7180e-05   0.0000e+00   2.7353e+02
20260901_15:00:00   3.5884e-02   1.2092e+01   1.6723e+00   4.8970e-05   0.0000e+00   2.7205e+02
20260901_16:00:00   3.6609e-02   1.2284e+01   1.8155e+00   3.8900e-05   0.0000e+00   2.7174e+02
20260901_17:00:00   3.7374e-02   1.2489e+01   1.9602e+00   7.0560e-06   0.0000e+00   2.6945e+02
20260901_18:00:00   3.7609e-02   1.2555e+01   1.9884e+00   6.2810e-06   0.0000e+00   2.7149e+02
20260901_19:00:00   3.7675e-02   1.2577e+01   1.9861e+00   1.6360e-05   0.0000e+00   2.7363e+02
20260901_20:00:00   3.7732e-02   1.2594e+01   1.9828e+00   7.9790e-06   0.0000e+00   2.7167e+02
20260901_21:00:00   3.7813e-02   1.2618e+01   1.9914e+00   5.8320e-07   0.0000e+00   2.7110e+02
20260901_22:00:00   3.8920e-02   1.2914e+01   2.0853e+00   6.5770e-04   0.0000e+00   2.7101e+02
20260901_23:00:00   9.3762e-02   2.7230e+01   2.3108e+00   6.4050e-02   0.0000e+00   2.7125e+02
20260902_00:00:00   1.5624e-01   4.2486e+01   2.7270e+00   1.3415e-01   0.0000e+00   2.7193e+02
20260902_01:00:00   3.0988e-01   7.6364e+01   2.7657e+00   3.1610e-01   0.0000e+00   2.7304e+02
20260902_02:00:00   4.6885e-02   1.5050e+01   2.1618e+00   9.6010e-03   0.0000e+00   2.7316e+02
20260902_03:00:00   4.0585e-02   1.3374e+01   1.7037e+00   5.3330e-03   0.0000e+00   2.7312e+02
20260902_04:00:00   3.5409e-02   1.1978e+01   1.5648e+00   5.6080e-08   0.0000e+00   2.7365e+02
20260902_05:00:00   3.6704e-02   1.2334e+01   1.5318e+00   1.7330e-03   0.0000e+00   2.7279e+02
20260902_06:00:00   3.5847e-02   1.2100e+01   1.5413e+00   5.6110e-04   0.0000e+00   2.7089e+02
20260902_07:00:00   3.5626e-02   1.2038e+01   1.5804e+00   0.0000e+00   0.0000e+00   2.7113e+02
20260902_08:00:00   3.5663e-02   1.2049e+01   1.5881e+00   9.8590e-07   0.0000e+00   2.7091e+02
20260902_09:00:00   3.5651e-02   1.2046e+01   1.5885e+00   2.8280e-05   0.0000e+00   2.7064e+02
20260902_10:00:00   3.5637e-02   1.2040e+01   1.5989e+00   0.0000e+00   0.0000e+00   2.6997e+02
20260902_11:00:00   3.5876e-02   1.2099e+01   1.6476e+00   4.5900e-06   0.0000e+00   2.6961e+02
20260902_12:00:00   3.6147e-02   1.2168e+01   1.7004e+00   0.0000e+00   0.0000e+00   2.6870e+02
20260902_13:00:00   3.6308e-02   1.2208e+01   1.7414e+00   0.0000e+00   0.0000e+00   2.6802e+02
20260902_14:00:00   3.6389e-02   1.2226e+01   1.7629e+00   0.0000e+00   0.0000e+00   2.6911e+02
20260902_15:00:00   3.6232e-02   1.2180e+01   1.7304e+00   0.0000e+00   0.0000e+00   2.7024e+02
20260902_16:00:00   3.5838e-02   1.2072e+01   1.6581e+00   0.0000e+00   0.0000e+00   2.7138e+02
20260902_17:00:00   3.5768e-02   1.2053e+01   1.6404e+00   0.0000e+00   0.0000e+00   2.7159e+02
20260902_18:00:00   3.6003e-02   1.2119e+01   1.6769e+00   0.0000e+00   0.0000e+00   2.7017e+02
20260902_21:00:00   3.8048e-02   1.2678e+01   2.0299e+00   0.0000e+00   0.0000e+00   2.7835e+02
20260903_00:00:00   4.5922e-02   1.4790e+01   2.5370e+00   5.6550e-03   0.0000e+00   2.7054e+02
20260903_03:00:00   4.0638e-02   1.3393e+01   2.2685e+00   1.5170e-03   0.0000e+00   2.6989e+02
20260903_06:00:00   3.8974e-02   1.2955e+01   2.1063e+00   4.7950e-04   0.0000e+00   2.7118e+02
20260903_09:00:00   4.3310e-02   1.4110e+01   2.3515e+00   3.7140e-03   0.0000e+00   2.7177e+02
20260903_12:00:00   4.1369e-02   1.3578e+01   2.5661e+00   1.3110e-05   0.0000e+00   2.6615e+02
20260903_15:00:00   4.0576e-02   1.3363e+01   2.2508e+00   1.4136e-03   0.0000e+00   2.6336e+02
20260903_18:00:00   3.5736e-02   1.2064e+01   1.5630e+00   0.0000e+00   0.0000e+00   2.6468e+02
20260903_21:00:00   3.4833e-02   1.1831e+01   1.3228e+00   4.5670e-04   0.0000e+00   2.6749e+02
20260904_00:00:00   3.4879e-02   1.1849e+01   1.3115e+00   7.3650e-04   3.0120e-05   2.6853e+02
20260904_03:00:00   3.4929e-02   1.1869e+01   1.4405e+00   1.9200e-05   9.8240e-06   2.6790e+02
20260904_06:00:00   3.4727e-02   1.1812e+01   1.4039e+00   0.0000e+00   0.0000e+00   2.6852e+02
20260904_09:00:00   3.4084e-02   1.1633e+01   1.2727e+00   0.0000e+00   0.0000e+00   2.7217e+02
20260904_12:00:00   3.3551e-02   1.1488e+01   1.1831e+00   6.1590e-06   0.0000e+00   2.7245e+02
20260904_15:00:00   3.2749e-02   1.1271e+01   1.0233e+00   0.0000e+00   0.0000e+00   2.7068e+02
20260904_18:00:00   3.2851e-02   1.1299e+01   1.0266e+00   0.0000e+00   0.0000e+00   2.7143e+02
20260904_21:00:00   3.2904e-02   1.1318e+01   1.0348e+00   0.0000e+00   0.0000e+00   2.7317e+02
20260905_00:00:00   3.2778e-02   1.1283e+01   1.0346e+00   0.0000e+00   0.0000e+00   2.6996e+02
20260905_03:00:00   3.4742e-02   1.1821e+01   1.1909e+00   1.4470e-03   0.0000e+00   2.6973e+02
20260905_06:00:00   3.4350e-02   1.1714e+01   1.2635e+00   4.7370e-04   0.0000e+00   2.7026e+02
20260905_09:00:00   3.2786e-02   1.1285e+01   1.0328e+00   0.0000e+00   0.0000e+00   2.7165e+02
20260905_12:00:00   3.2909e-02   1.1309e+01   1.0743e+00   0.0000e+00   3.6140e-05   2.7085e+02
20260905_15:00:00   3.2808e-02   1.1281e+01   1.0621e+00   1.4780e-06   0.0000e+00   2.7219e+02
20260905_18:00:00   3.2483e-02   1.1196e+01   9.7943e-01   0.0000e+00   0.0000e+00   2.7163e+02
20260905_21:00:00   3.2356e-02   1.1159e+01   9.5713e-01   0.0000e+00   0.0000e+00   2.7366e+02
20260906_00:00:00   3.3302e-02   1.1414e+01   1.1788e+00   0.0000e+00   0.0000e+00   2.7216e+02
20260906_03:00:00   3.2993e-02   1.1327e+01   1.1301e+00   1.0660e-04   0.0000e+00   2.7225e+02
20260906_06:00:00   3.2497e-02   1.1193e+01   1.0268e+00   0.0000e+00   0.0000e+00   2.7348e+02
20260906_09:00:00   3.2548e-02   1.1208e+01   1.0335e+00   0.0000e+00   0.0000e+00   2.7379e+02
20260906_12:00:00   3.2627e-02   1.1228e+01   1.0542e+00   0.0000e+00   6.9760e-05   2.7162e+02
20260906_15:00:00   3.2676e-02   1.1234e+01   1.0607e+00   0.0000e+00   7.1600e-06   2.6833e+02
20260906_18:00:00   3.3251e-02   1.1395e+01   1.1475e+00   0.0000e+00   1.2719e-04   2.7033e+02
20260906_21:00:00   3.5954e-02   1.2120e+01   1.6953e+00   3.0980e-07   9.3600e-04   2.7312e+02
20260907_00:00:00   4.3288e-02   1.4059e+01   2.6988e+00   2.3952e-03   2.5513e-03   2.6819e+02
20260907_03:00:00   5.4047e-02   1.6902e+01   4.0485e+00   5.7290e-03   0.0000e+00   2.6588e+02
20260907_06:00:00   4.8098e-02   1.5337e+01   3.5807e+00   2.2409e-03   2.1260e-05   2.6889e+02
20260907_09:00:00   4.3748e-02   1.4205e+01   3.0485e+00   1.7582e-04   3.3760e-04   2.6695e+02
20260907_12:00:00   4.1560e-02   1.3606e+01   2.7182e+00   0.0000e+00   1.2864e-04   2.6708e+02
20260907_15:00:00   3.9646e-02   1.3086e+01   2.4223e+00   0.0000e+00   1.5836e-04   2.6734e+02
20260907_18:00:00   3.9194e-02   1.2974e+01   2.3070e+00   0.0000e+00   5.5920e-05   2.6709e+02
20260907_21:00:00   4.1386e-02   1.3573e+01   2.2119e+00   2.4180e-03   1.2670e-05   2.6981e+02
20260908_00:00:00   7.6992e-02   2.2848e+01   3.9417e+00   3.0780e-02   0.0000e+00   2.6979e+02
20260908_03:00:00   1.3696e-01   3.7767e+01   4.5019e+00   9.7010e-02   0.0000e+00   2.7107e+02
20260908_06:00:00   1.7525e-01   4.6815e+01   4.1170e+00   1.4477e-01   0.0000e+00   2.7494e+02
20260908_09:00:00   4.4930e-02   1.4524e+01   3.1540e+00   0.0000e+00   6.6580e-06   2.7681e+02
20260908_12:00:00   4.2034e-02   1.3751e+01   2.6239e+00   2.6904e-04   1.5694e-04   2.7722e+02
20260908_15:00:00   3.9459e-02   1.3064e+01   2.2099e+00   0.0000e+00   2.4780e-03   2.7554e+02
20260908_18:00:00   3.7592e-02   1.2557e+01   1.8913e+00   3.0240e-07   2.1600e-03   2.7706e+02
20260908_21:00:00   3.7508e-02   1.2533e+01   1.8659e+00   1.0580e-04   8.1560e-04   2.7878e+02
20260909_00:00:00   1.1808e-01   3.3197e+01   2.4615e+00   9.0060e-02   4.8880e-05   2.7747e+02
20260909_03:00:00   3.7735e-02   1.2596e+01   1.9032e+00   0.0000e+00   1.0654e-05   2.7678e+02
20260909_06:00:00   3.6267e-02   1.2207e+01   1.6289e+00   1.1450e-07   0.0000e+00   2.7801e+02
20260909_09:00:00   3.8342e-02   1.2756e+01   2.0158e+00   0.0000e+00   0.0000e+00   2.7803e+02
20260909_12:00:00   3.6003e-02   1.2115e+01   1.6112e+00   0.0000e+00   0.0000e+00   2.7616e+02
20260909_15:00:00   3.9716e-02   1.3095e+01   2.2918e+00   0.0000e+00   0.0000e+00   2.7387e+02
20260909_18:00:00   5.5304e-02   1.7177e+01   4.8645e+00   0.0000e+00   0.0000e+00   2.7518e+02
20260909_21:00:00   5.4249e-02   1.6899e+01   4.7491e+00   0.0000e+00   0.0000e+00   2.7376e+02
20260910_00:00:00   1.6705e-01   4.4753e+01   6.4436e+00   1.1739e-01   0.0000e+00   2.7359e+02
20260910_03:00:00   1.1157e-01   3.1435e+01   7.7302e+00   4.3160e-02   0.0000e+00   2.7252e+02
20260910_06:00:00   8.0780e-02   2.3648e+01   7.9064e+00   7.3370e-03   4.6430e-06   2.7342e+02
20260910_09:00:00   7.8654e-02   2.3011e+01   8.9481e+00   0.0000e+00   1.1938e-07   2.7473e+02
20260910_12:00:00   8.8587e-02   2.5415e+01   1.0724e+01   3.7470e-04   0.0000e+00   2.7223e+02
20260910_15:00:00   9.0281e-02   2.5873e+01   1.0863e+01   2.9840e-06   1.7908e-06   2.7142e+02
20260910_18:00:00   9.2923e-02   2.6555e+01   1.0973e+01   0.0000e+00   0.0000e+00   2.7281e+02
20260910_21:00:00   9.0340e-02   2.5951e+01   1.0255e+01   2.8359e-03   0.0000e+00   2.7330e+02
20260911_00:00:00   7.8434e-02   2.3041e+01   8.7361e+00   1.1031e-03   0.0000e+00   2.7133e+02
20260911_03:00:00   9.6382e-02   2.7595e+01   8.8500e+00   2.1407e-02   0.0000e+00   2.7098e+02
20260911_06:00:00   8.4336e-02   2.4521e+01   7.8396e+00   1.4447e-02   1.1504e-06   2.7093e+02
20260911_09:00:00   1.0434e-01   2.9462e+01   7.5284e+00   3.8510e-02   1.0354e-05   2.7170e+02
20260911_12:00:00   6.3141e-02   1.9145e+01   6.3455e+00   0.0000e+00   0.0000e+00   2.6806e+02
20260911_15:00:00   5.9806e-02   1.8288e+01   5.9372e+00   0.0000e+00   0.0000e+00   2.6938e+02
20260911_18:00:00   5.5613e-02   1.7218e+01   5.1562e+00   0.0000e+00   0.0000e+00   2.7062e+02
20260911_21:00:00   5.2894e-02   1.6550e+01   3.9154e+00   4.2970e-03   0.0000e+00   2.7046e+02
20260912_00:00:00   2.3382e-01   5.9974e+01   6.2583e+00   1.9737e-01   0.0000e+00   2.6909e+02
20260912_03:00:00   4.0079e-01   9.3215e+01   8.0238e+00   3.7353e-01   1.0654e-05   2.7058e+02
20260912_06:00:00   2.8760e-01   7.1311e+01   6.0285e+00   2.5963e-01   1.0654e-05   2.7198e+02
20260912_09:00:00   6.1843e-02   1.8928e+01   3.4158e+00   1.7196e-02   0.0000e+00   2.7226e+02
20260912_12:00:00   3.8077e-02   1.2644e+01   1.9773e+00   0.0000e+00   0.0000e+00   2.6980e+02
20260912_15:00:00   4.4179e-02   1.4189e+01   3.3678e+00   0.0000e+00   0.0000e+00   2.7137e+02
20260912_18:00:00   5.1296e-02   1.5995e+01   4.7091e+00   0.0000e+00   0.0000e+00   2.7154e+02
20260912_21:00:00   5.2605e-02   1.6341e+01   4.9559e+00   0.0000e+00   0.0000e+00   2.7008e+02
20260913_00:00:00   6.4618e-02   1.9486e+01   6.6277e+00   1.5920e-03   0.0000e+00   2.7003e+02
20260913_03:00:00   8.9659e-02   2.5797e+01   1.0045e+01   3.9017e-03   7.7360e-23   2.6913e+02
20260913_06:00:00   1.0515e-01   2.9614e+01   1.1646e+01   8.5840e-03   0.0000e+00   2.7158e+02
20260913_09:00:00   1.0449e-01   2.9384e+01   1.2607e+01   0.0000e+00   9.1130e-05   2.7091e+02
20260913_12:00:00   1.0755e-01   3.0077e+01   1.3086e+01   3.0470e-05   8.7673e-03   2.6948e+02
20260913_15:00:00   1.0761e-01   3.0067e+01   1.3058e+01   1.0920e-04   4.6330e-03   2.6931e+02
20260913_18:00:00   1.0615e-01   2.9713e+01   1.2915e+01   0.0000e+00   1.3589e-03   2.6962e+02
