#            date       tau255        Tb[K]      pwv[mm] lwp[kg*m^-2] iwp[kg*m^-2]       o3[DU]
20260901_12:00:00   3.5513e-02   1.2008e+01   1.5695e+00   6.7090e-06   0.0000e+00   2.6194e+02
20260901_13:00:00   3.6154e-02   1.2172e+01   1.7174e+00   6.2730e-06   0.0000e+00   2.6285e+02
20260901_14:00:00   3.6891e-02   1.2363e+01   1.8773e+00   1.1030e-05   0.0000e+00   2.6080e+02
20260901_15:00:00   3.7498e-02   1.2517e+01   2.0030e+00   3.7430e-05   0.0000e+00   2.6037e+02
20260901_16:00:00   3.7934e-02   1.2625e+01   2.1068e+00   0.0000e+00   0.0000e+00   2.5918e+02
20260901_17:00:00   3.8707e-02   1.2824e+01   2.2684e+00   5.6070e-06   0.0000e+00   2.5917e+02
20260901_18:00:00   3.9382e-02   1.2997e+01   2.4134e+00   0.0000e+00   0.0000e+00   2.6156e+02
20260901_19:00:00   4.0029e-02   1.3167e+01   2.5531e+00   0.0000e+00   0.0000e+00   2.6273e+02
20260901_20:00:00   4.0901e-02   1.3391e+01   2.7405e+00   0.0000e+00   0.0000e+00   2.6567e+02
20260901_21:00:00   4.1622e-02   1.3578e+01   2.8922e+00   0.0000e+00   0.0000e+00   2.6847e+02
20260901_22:00:00   4.2584e-02   1.3840e+01   3.0793e+00   0.0000e+00   0.0000e+00   2.6875e+02
20260901_23:00:00   4.5370e-02   1.4581e+01   3.4693e+00   5.0480e-04   1.4380e-06   2.6743e+02
20260902_00:00:00   4.5366e-02   1.4583e+01   3.3975e+00   1.2473e-03   2.0580e-05   2.6375e+02
20260902_01:00:00   4.4408e-02   1.4322e+01   3.3381e+00   7.5260e-04   6.8320e-05   2.6088e+02
20260902_02:00:00   4.4934e-02   1.4455e+01   3.3566e+00   1.3938e-03   1.0114e-05   2.5825e+02
20260902_03:00:00   4.7621e-02   1.5176e+01   3.3926e+00   4.5200e-03   8.0960e-06   2.6010e+02
20260902_04:00:00   4.3566e-02   1.4091e+01   3.3130e+00   2.4313e-04   8.0960e-06   2.6280e+02
20260902_05:00:00   4.2030e-02   1.3690e+01   3.0368e+00   0.0000e+00   0.0000e+00   2.6552e+02
20260902_06:00:00   4.0606e-02   1.3325e+01   2.7081e+00   0.0000e+00   0.0000e+00   2.6655e+02
20260902_07:00:00   4.0420e-02   1.3287e+01   2.6118e+00   0.0000e+00   0.0000e+00   2.6816e+02
20260902_08:00:00   4.1418e-02   1.3564e+01   2.7565e+00   0.0000e+00   0.0000e+00   2.6713e+02
20260902_09:00:00   4.3688e-02   1.4171e+01   3.1343e+00   0.0000e+00   1.1504e-06   2.6674e+02
20260902_10:00:00   4.5815e-02   1.4736e+01   3.4680e+00   5.2480e-07   1.1106e-04   2.6837e+02
20260902_11:00:00   4.6296e-02   1.4870e+01   3.5412e+00   3.6440e-06   1.9862e-04   2.7192e+02
20260902_12:00:00   4.7904e-02   1.5283e+01   3.8291e+00   5.1210e-05   1.1536e-04   2.7327e+02
20260902_13:00:00   4.7266e-02   1.5112e+01   3.7506e+00   9.4420e-06   1.2214e-05   2.7329e+02
20260902_14:00:00   4.6068e-02   1.4800e+01   3.5033e+00   3.1930e-06   0.0000e+00   2.7235e+02
20260902_15:00:00   4.4272e-02   1.4333e+01   3.1473e+00   0.0000e+00   0.0000e+00   2.7225e+02
20260902_16:00:00   4.2512e-02   1.3871e+01   2.8347e+00   4.5630e-07   0.0000e+00   2.7420e+02
20260902_17:00:00   4.1845e-02   1.3692e+01   2.6949e+00   4.9430e-05   0.0000e+00   2.7391e+02
20260902_18:00:00   4.1788e-02   1.3668e+01   2.7231e+00   1.2700e-05   2.8080e-05   2.7413e+02
20260902_19:00:00   4.2073e-02   1.3727e+01   2.8403e+00   1.6410e-05   3.8420e-05   2.7166e+02
20260902_20:00:00   4.1191e-02   1.3484e+01   2.7385e+00   1.1770e-05   2.1200e-04   2.7139e+02
20260902_21:00:00   3.8822e-02   1.2854e+01   2.3218e+00   7.3360e-05   9.5100e-05   2.6915e+02
20260902_22:00:00   3.8563e-02   1.2791e+01   2.2627e+00   1.1700e-04   1.3942e-05   2.6755e+02
20260902_23:00:00   4.0279e-02   1.3267e+01   2.2708e+00   1.9829e-03   0.0000e+00   2.6767e+02
20260903_00:00:00   5.3217e-02   1.6724e+01   2.3369e+00   1.7010e-02   0.0000e+00   2.6769e+02
20260903_01:00:00   3.8319e-02   1.2739e+01   2.1820e+00   1.7410e-04   0.0000e+00   2.6647e+02
20260903_02:00:00   3.6830e-02   1.2344e+01   1.9182e+00   0.0000e+00   0.0000e+00   2.6324e+02
20260903_03:00:00   3.6902e-02   1.2361e+01   1.9264e+00   7.6810e-06   0.0000e+00   2.6108e+02
20260903_04:00:00   3.7170e-02   1.2432e+01   1.9829e+00   0.0000e+00   0.0000e+00   2.6050e+02
20260903_05:00:00   3.6995e-02   1.2382e+01   1.9497e+00   0.0000e+00   0.0000e+00   2.6338e+02
20260903_06:00:00   3.7607e-02   1.2543e+01   2.0826e+00   0.0000e+00   0.0000e+00   2.6382e+02
20260903_07:00:00   3.9758e-02   1.3113e+01   2.5444e+00   0.0000e+00   0.0000e+00   2.6314e+02
20260903_08:00:00   4.3277e-02   1.4033e+01   3.2727e+00   0.0000e+00   0.0000e+00   2.6373e+02
20260903_09:00:00   4.7944e-02   1.5256e+01   4.1605e+00   0.0000e+00   0.0000e+00   2.6559e+02
20260903_10:00:00   5.1865e-02   1.6277e+01   4.8576e+00   0.0000e+00   2.3040e-04   2.7125e+02
20260903_11:00:00   5.6251e-02   1.7429e+01   5.5745e+00   0.0000e+00   9.6620e-04   2.7107e+02
20260903_12:00:00   5.8853e-02   1.8113e+01   5.9403e+00   0.0000e+00   4.2860e-05   2.6855e+02
20260903_13:00:00   5.9715e-02   1.8348e+01   6.0546e+00   0.0000e+00   3.7300e-07   2.6956e+02
20260903_14:00:00   6.3846e-02   1.9390e+01   6.7613e+00   0.0000e+00   0.0000e+00   2.6639e+02
20260903_15:00:00   6.6152e-02   1.9971e+01   7.2881e+00   8.7950e-07   1.1224e-04   2.6416e+02
20260903_16:00:00   7.1655e-02   2.1346e+01   8.2858e+00   0.0000e+00   1.0592e-04   2.6457e+02
20260903_17:00:00   7.6906e-02   2.2662e+01   9.1794e+00   0.0000e+00   7.0880e-05   2.6377e+02
20260903_18:00:00   8.0815e-02   2.3628e+01   9.8230e+00   4.7510e-07   1.0170e-04   2.6278e+02
20260903_19:00:00   8.4474e-02   2.4528e+01   1.0434e+01   0.0000e+00   2.1120e-04   2.6346e+02
20260903_20:00:00   8.6653e-02   2.5060e+01   1.0798e+01   2.7360e-06   1.5838e-05   2.6199e+02
20260903_21:00:00   8.7138e-02   2.5189e+01   1.1004e+01   0.0000e+00   7.0320e-06   2.6367e+02
20260903_22:00:00   9.2176e-02   2.6431e+01   1.1754e+01   0.0000e+00   1.1190e-04   2.6581e+02
20260903_23:00:00   9.4847e-02   2.7117e+01   1.1954e+01   3.0020e-04   3.6660e-04   2.6444e+02
20260904_00:00:00   9.7699e-02   2.7809e+01   1.2413e+01   4.8170e-04   8.4260e-05   2.6318e+02
20260904_01:00:00   1.0147e-01   2.8745e+01   1.2882e+01   6.6900e-04   1.0570e-05   2.6202e+02
20260904_02:00:00   1.0282e-01   2.9081e+01   1.3030e+01   1.1110e-03   1.7130e-05   2.6061e+02
20260904_03:00:00   1.0347e-01   2.9225e+01   1.3253e+01   9.4990e-05   2.3660e-04   2.6124e+02
20260904_04:00:00   1.0506e-01   2.9605e+01   1.3510e+01   0.0000e+00   2.0546e-05   2.6115e+02
20260904_05:00:00   1.0550e-01   2.9710e+01   1.3622e+01   1.8450e-07   4.1920e-05   2.6142e+02
20260904_06:00:00   1.0378e-01   2.9285e+01   1.3461e+01   0.0000e+00   7.7905e-04   2.6171e+02
20260904_07:00:00   1.0140e-01   2.8719e+01   1.3109e+01   0.0000e+00   4.1389e-05   2.6227e+02
20260904_08:00:00   1.0046e-01   2.8461e+01   1.2978e+01   0.0000e+00   3.3506e-04   2.6528e+02
20260904_09:00:00   9.6632e-02   2.7509e+01   1.2408e+01   0.0000e+00   2.0421e-05   2.6527e+02
20260904_10:00:00   9.1343e-02   2.6212e+01   1.1331e+01   2.5849e-03   4.3140e-06   2.6606e+02
20260904_11:00:00   8.2909e-02   2.4078e+01   1.0252e+01   1.6307e-03   1.4760e-04   2.6650e+02
20260904_12:00:00   7.4469e-02   2.1944e+01   9.2488e+00   4.3170e-06   1.3162e-03   2.6435e+02
20260904_13:00:00   7.1612e-02   2.1208e+01   8.8461e+00   3.9490e-06   3.6134e-04   2.6299e+02
20260904_14:00:00   6.9620e-02   2.0697e+01   8.5084e+00   0.0000e+00   2.9749e-04   2.6484e+02
20260904_15:00:00   6.7016e-02   2.0036e+01   8.0668e+00   0.0000e+00   6.6545e-04   2.6541e+02
20260904_16:00:00   6.2758e-02   1.8948e+01   7.3373e+00   0.0000e+00   6.8216e-04   2.6566e+02
20260904_17:00:00   5.8423e-02   1.7853e+01   6.5475e+00   0.0000e+00   5.1765e-04   2.6593e+02
20260904_18:00:00   5.4824e-02   1.6940e+01   5.8679e+00   0.0000e+00   4.9760e-04   2.6936e+02
20260904_19:00:00   5.2306e-02   1.6313e+01   5.3506e+00   0.0000e+00   9.7920e-05   2.7368e+02
20260904_20:00:00   5.0442e-02   1.5853e+01   4.9453e+00   0.0000e+00   2.0600e-05   2.7625e+02
20260904_21:00:00   4.8753e-02   1.5435e+01   4.5689e+00   0.0000e+00   0.0000e+00   2.7662e+02
20260904_22:00:00   4.7311e-02   1.5071e+01   4.2481e+00   0.0000e+00   0.0000e+00   2.7361e+02
20260904_23:00:00   4.6484e-02   1.4860e+01   4.0802e+00   1.3140e-07   7.3240e-05   2.7179e+02
20260905_00:00:00   4.7346e-02   1.5089e+01   4.2147e+00   3.4310e-05   2.4260e-04   2.7252e+02
20260905_01:00:00   4.7117e-02   1.5032e+01   4.1692e+00   1.7480e-05   5.9920e-05   2.7367e+02
20260905_02:00:00   4.7017e-02   1.5013e+01   4.1381e+00   1.8890e-06   3.9960e-04   2.7195e+02
20260905_03:00:00   4.7135e-02   1.5051e+01   4.1360e+00   1.4730e-06   1.3318e-04   2.6908e+02
20260905_04:00:00   4.7633e-02   1.5184e+01   4.1928e+00   0.0000e+00   1.8644e-04   2.6875e+02
20260905_05:00:00   4.8083e-02   1.5310e+01   4.2048e+00   0.0000e+00   0.0000e+00   2.7025e+02
20260905_06:00:00   4.7330e-02   1.5125e+01   4.0238e+00   0.0000e+00   0.0000e+00   2.7251e+02
20260905_07:00:00   4.6126e-02   1.4801e+01   3.7936e+00   0.0000e+00   1.3318e-05   2.7463e+02
20260905_08:00:00   4.4293e-02   1.4311e+01   3.4866e+00   0.0000e+00   4.9000e-06   2.7310e+02
20260905_09:00:00   4.3386e-02   1.4064e+01   3.3382e+00   0.0000e+00   3.4560e-05   2.7308e+02
20260905_10:00:00   4.3037e-02   1.3967e+01   3.3056e+00   0.0000e+00   3.4040e-04   2.7337e+02
20260905_11:00:00   4.3713e-02   1.4140e+01   3.4271e+00   0.0000e+00   8.6221e-04   2.7407e+02
20260905_12:00:00   4.4487e-02   1.4336e+01   3.5426e+00   0.0000e+00   1.9178e-03   2.7548e+02
20260905_13:00:00   4.3926e-02   1.4185e+01   3.4456e+00   0.0000e+00   1.1483e-03   2.7392e+02
20260905_14:00:00   4.3085e-02   1.3964e+01   3.2815e+00   0.0000e+00   8.6902e-05   2.7264e+02
20260905_15:00:00   4.1450e-02   1.3528e+01   2.9872e+00   0.0000e+00   3.7300e-07   2.7288e+02
20260905_16:00:00   3.9768e-02   1.3082e+01   2.6791e+00   0.0000e+00   9.8940e-06   2.7197e+02
20260905_17:00:00   3.9368e-02   1.2979e+01   2.5843e+00   0.0000e+00   1.0366e-05   2.7110e+02
20260905_18:00:00   3.8796e-02   1.2830e+01   2.4586e+00   0.0000e+00   6.9100e-06   2.7060e+02
20260905_19:00:00   3.7583e-02   1.2512e+01   2.2274e+00   0.0000e+00   0.0000e+00   2.7005e+02
20260905_20:00:00   3.7317e-02   1.2443e+01   2.1828e+00   0.0000e+00   2.6640e-05   2.7135e+02
20260905_21:00:00   3.7009e-02   1.2354e+01   2.1252e+00   0.0000e+00   2.8760e-06   2.7114e+02
20260905_22:00:00   3.6376e-02   1.2188e+01   2.0079e+00   0.0000e+00   1.1842e-05   2.6959e+02
20260905_23:00:00   3.6398e-02   1.2195e+01   2.0053e+00   1.4580e-05   1.4064e-05   2.6983e+02
20260906_00:00:00   3.6945e-02   1.2347e+01   2.0921e+00   1.5320e-05   3.4980e-05   2.7025e+02
20260906_01:00:00   3.9314e-02   1.2986e+01   2.4897e+00   0.0000e+00   0.0000e+00   2.6879e+02
20260906_02:00:00   4.1317e-02   1.3518e+01   2.8154e+00   1.3280e-04   0.0000e+00   2.6881e+02
20260906_03:00:00   4.0096e-02   1.3188e+01   2.6243e+00   1.5421e-04   0.0000e+00   2.6970e+02
20260906_04:00:00   3.8587e-02   1.2786e+01   2.3947e+00   2.0540e-05   5.5280e-06   2.6973e+02
20260906_05:00:00   3.8474e-02   1.2748e+01   2.3807e+00   0.0000e+00   2.2780e-06   2.7000e+02
20260906_06:00:00   3.8407e-02   1.2735e+01   2.3629e+00   0.0000e+00   0.0000e+00   2.6848e+02
20260906_07:00:00   3.9641e-02   1.3055e+01   2.5917e+00   0.0000e+00   0.0000e+00   2.6967e+02
20260906_08:00:00   4.1295e-02   1.3482e+01   2.9035e+00   0.0000e+00   1.7276e-06   2.7048e+02
20260906_09:00:00   4.2662e-02   1.3836e+01   3.1645e+00   0.0000e+00   3.4560e-06   2.7245e+02
20260906_10:00:00   4.4471e-02   1.4308e+01   3.4882e+00   0.0000e+00   2.9364e-05   2.7138e+02
20260906_11:00:00   4.5584e-02   1.4596e+01   3.7170e+00   0.0000e+00   4.7338e-04   2.7095e+02
20260906_12:00:00   4.6282e-02   1.4770e+01   3.8828e+00   0.0000e+00   1.2302e-03   2.6778e+02
20260906_15:00:00   4.9005e-02   1.5450e+01   4.3984e+00   0.0000e+00   0.0000e+00   2.6858e+02
20260906_18:00:00   5.1517e-02   1.6074e+01   4.9912e+00   0.0000e+00   0.0000e+00   2.7102e+02
20260906_21:00:00   5.5414e-02   1.7064e+01   5.7550e+00   0.0000e+00   0.0000e+00   2.7354e+02
20260907_00:00:00   7.7092e-02   2.2586e+01   8.4555e+00   5.3870e-03   0.0000e+00   2.7691e+02
20260907_03:00:00   8.3868e-02   2.4306e+01   9.7999e+00   2.8460e-04   1.6532e-04   2.7479e+02
20260907_06:00:00   1.0746e-01   3.0085e+01   1.2034e+01   9.7720e-03   1.7674e-03   2.7618e+02
20260907_09:00:00   9.0708e-02   2.5831e+01   1.1359e+01   1.9140e-06   9.9373e-03   2.8072e+02
20260907_12:00:00   7.7182e-02   2.2437e+01   9.5739e+00   1.1740e-08   8.2445e-03   2.7698e+02
20260907_15:00:00   9.0908e-02   2.5841e+01   1.1582e+01   0.0000e+00   1.5092e-03   2.7304e+02
20260907_18:00:00   9.9255e-02   2.7917e+01   1.2734e+01   0.0000e+00   3.5778e-02   2.7568e+02
20260907_21:00:00   9.0908e-02   2.5915e+01   1.1540e+01   2.9130e-05   8.4077e-03   2.7722e+02
20260908_00:00:00   1.2340e-01   3.3980e+01   1.2716e+01   2.8245e-02   1.5302e-04   2.7437e+02
20260908_03:00:00   2.3308e-01   5.9429e+01   1.3167e+01   1.5214e-01   1.2627e-03   2.7357e+02
20260908_06:00:00   1.0097e-01   2.8560e+01   1.1214e+01   1.4473e-02   1.3318e-05   2.6828e+02
20260908_09:00:00   8.1761e-02   2.3746e+01   1.0256e+01   1.2310e-06   1.1190e-03   2.6768e+02
20260908_12:00:00   8.4591e-02   2.4456e+01   1.0600e+01   0.0000e+00   1.7106e-03   2.6843e+02
20260908_15:00:00   8.8402e-02   2.5391e+01   1.1311e+01   0.0000e+00   3.2779e-04   2.6640e+02
20260908_18:00:00   8.6551e-02   2.4983e+01   1.1009e+01   0.0000e+00   6.3148e-04   2.6757e+02
20260908_21:00:00   9.0970e-02   2.6102e+01   1.1656e+01   2.1160e-05   0.0000e+00   2.6810e+02
20260909_00:00:00   9.1472e-02   2.6258e+01   1.1563e+01   1.0058e-03   0.0000e+00   2.6679e+02
20260909_03:00:00   8.7036e-02   2.5198e+01   1.0501e+01   1.8556e-03   0.0000e+00   2.6471e+02
20260909_06:00:00   7.7382e-02   2.2822e+01   8.9426e+00   2.8560e-06   0.0000e+00   2.6562e+02
20260909_09:00:00   6.9591e-02   2.0882e+01   7.4908e+00   0.0000e+00   1.3318e-05   2.6715e+02
20260909_12:00:00   6.2460e-02   1.9049e+01   6.3881e+00   0.0000e+00   0.0000e+00   2.6739e+02
20260909_15:00:00   5.8889e-02   1.8119e+01   5.8821e+00   0.0000e+00   1.1947e-05   2.6478e+02
20260909_18:00:00   5.4620e-02   1.6996e+01   5.2403e+00   0.0000e+00   0.0000e+00   2.6593e+02
20260909_21:00:00   4.8185e-02   1.5307e+01   4.1789e+00   1.7050e-04   0.0000e+00   2.6933e+02
20260910_00:00:00   4.5502e-02   1.4588e+01   3.5133e+00   1.5350e-03   0.0000e+00   2.6938e+02
20260910_03:00:00   4.1440e-02   1.3518e+01   2.8032e+00   1.3270e-03   0.0000e+00   2.6882e+02
20260910_06:00:00   4.2097e-02   1.3674e+01   3.2113e+00   1.9400e-06   0.0000e+00   2.7070e+02
20260910_09:00:00   5.3690e-02   1.6678e+01   5.5779e+00   7.1620e-06   0.0000e+00   2.7067e+02
20260910_12:00:00   5.1570e-02   1.6088e+01   5.2191e+00   0.0000e+00   0.0000e+00   2.7049e+02
20260910_15:00:00   5.2138e-02   1.6248e+01   5.2720e+00   0.0000e+00   0.0000e+00   2.7022e+02
20260910_18:00:00   5.2641e-02   1.6345e+01   5.4952e+00   0.0000e+00   9.5060e-05   2.7041e+02
20260910_21:00:00   4.2373e-02   1.3658e+01   3.4211e+00   0.0000e+00   1.3318e-05   2.7334e+02
20260911_00:00:00   9.4451e-02   2.7200e+01   4.1656e+00   5.6620e-02   0.0000e+00   2.7360e+02
20260911_03:00:00   1.7579e-01   4.6929e+01   4.7867e+00   1.4958e-01   2.7508e-05   2.7214e+02
20260911_06:00:00   5.3138e-02   1.6453e+01   4.4265e+00   6.8970e-03   1.0260e-04   2.7163e+02
20260911_09:00:00   4.5416e-02   1.4402e+01   3.9837e+00   2.4730e-05   1.0069e-03   2.7293e+02
20260911_12:00:00   3.9877e-02   1.3024e+01   2.7665e+00   0.0000e+00   1.8104e-04   2.7218e+02
20260911_15:00:00   4.1170e-02   1.3395e+01   2.9110e+00   0.0000e+00   1.3318e-05   2.7354e+02
20260911_18:00:00   3.9540e-02   1.3019e+01   2.3912e+00   0.0000e+00   0.0000e+00   2.7499e+02
20260911_21:00:00   3.9002e-02   1.2882e+01   2.2524e+00   1.6520e-05   0.0000e+00   2.7729e+02
20260912_00:00:00   4.4193e-02   1.4255e+01   3.1447e+00   2.0240e-04   0.0000e+00   2.7691e+02
20260912_03:00:00   4.9926e-02   1.5750e+01   4.1061e+00   5.6620e-04   0.0000e+00   2.7366e+02
20260912_06:00:00   5.6530e-02   1.7424e+01   5.2685e+00   3.3380e-06   5.7504e-04   2.7484e+02
20260912_09:00:00   5.9764e-02   1.8245e+01   5.8367e+00   0.0000e+00   5.7800e-04   2.7539e+02
20260912_12:00:00   6.1030e-02   1.8567e+01   6.0188e+00   0.0000e+00   2.3540e-04   2.7282e+02
20260912_15:00:00   6.5242e-02   1.9635e+01   6.4400e+00   1.8456e-03   2.6458e-03   2.7164e+02
20260912_18:00:00   6.3724e-02   1.9228e+01   6.5368e+00   0.0000e+00   2.0184e-03   2.7386e+02
20260912_21:00:00   7.1048e-02   2.1096e+01   7.7191e+00   3.8110e-05   1.4886e-03   2.7681e+02
20260913_00:00:00   7.8177e-02   2.2892e+01   8.5323e+00   3.0786e-03   1.5084e-02   2.7355e+02
20260913_03:00:00   9.5379e-02   2.7262e+01   8.6975e+00   2.0083e-02   1.8618e-02   2.7425e+02
20260913_06:00:00   9.7962e-02   2.7934e+01   7.5599e+00   3.2940e-02   5.1107e-02   2.7418e+02
20260913_09:00:00   6.6111e-02   1.9816e+01   7.1151e+00   0.0000e+00   1.3499e-02   2.7441e+02
20260913_12:00:00   7.2914e-02   2.1420e+01   8.6375e+00   0.0000e+00   1.0512e-01   2.7770e+02
20260913_15:00:00   7.4316e-02   2.1724e+01   8.9518e+00   0.0000e+00   7.5938e-02   2.7877e+02
20260913_18:00:00   7.2952e-02   2.1368e+01   8.7220e+00   0.0000e+00   1.0962e-01   2.8231e+02
20260913_21:00:00   6.7061e-02   2.0018e+01   7.3652e+00   4.1230e-07   3.8526e-02   2.7993e+02
20260914_00:00:00   6.5892e-02   1.9764e+01   6.9536e+00   3.9313e-04   1.9976e-05   2.7864e+02
20260914_03:00:00   7.3700e-02   2.1795e+01   7.4087e+00   5.4990e-03   0.0000e+00   2.7622e+02
20260914_06:00:00   7.1910e-02   2.1360e+01   6.6894e+00   8.7100e-03   1.7832e-03   2.7638e+02
20260914_09:00:00   7.5119e-02   2.2156e+01   6.9632e+00   1.0681e-02   1.9598e-04   2.7847e+02
20260914_12:00:00   6.6895e-02   1.9995e+01   7.1802e+00   0.0000e+00   1.0014e-04   2.7712e+02
20260914_15:00:00   6.7889e-02   2.0239e+01   7.3313e+00   0.0000e+00   0.0000e+00   2.7840e+02
20260914_18:00:00   7.0920e-02   2.1004e+01   7.7699e+00   0.0000e+00   0.0000e+00   2.7805e+02
20260914_21:00:00   7.6612e-02   2.2473e+01   8.0587e+00   3.5770e-03   0.0000e+00   2.7920e+02
20260915_00:00:00   8.1278e-02   2.3646e+01   8.8226e+00   2.3410e-03   3.9960e-05   2.7503e+02
20260915_03:00:00   9.5147e-02   2.7149e+01   9.0149e+00   1.7018e-02   0.0000e+00   2.7357e+02
20260915_06:00:00   7.7309e-02   2.2617e+01   8.6587e+00   1.4832e-04   0.0000e+00   2.7441e+02
20260915_09:00:00   7.7858e-02   2.2696e+01   8.9598e+00   0.0000e+00   3.1240e-04   2.7599e+02
20260915_12:00:00   7.7845e-02   2.2700e+01   8.8731e+00   2.0100e-05   0.0000e+00   2.7189e+02
20260915_15:00:00   8.6231e-02   2.4697e+01   1.0519e+01   1.9180e-05   2.1536e-03   2.7310e+02
20260915_18:00:00   8.9007e-02   2.5423e+01   1.0816e+01   0.0000e+00   1.0758e-02   2.7332e+02
20260915_21:00:00   8.6671e-02   2.4901e+01   1.0123e+01   2.0480e-03   2.7216e-03   2.7318e+02
20260916_00:00:00   8.5149e-02   2.4568e+01   9.7416e+00   1.5788e-03   6.4380e-04   2.7388e+02
20260916_03:00:00   1.2404e-01   3.4246e+01   8.7388e+00   5.3220e-02   3.9942e-05   2.7218e+02
20260916_06:00:00   7.0159e-02   2.0807e+01   7.7187e+00   1.4840e-04   1.0042e-04   2.7469e+02
20260916_09:00:00   7.0608e-02   2.0910e+01   7.9386e+00   0.0000e+00   0.0000e+00   2.7451e+02
20260916_12:00:00   7.3577e-02   2.1670e+01   8.2635e+00   0.0000e+00   5.9460e-04   2.7379e+02
20260916_15:00:00   6.6107e-02   1.9786e+01   7.1885e+00   0.0000e+00   1.6150e-04   2.7355e+02
20260916_18:00:00   5.6255e-02   1.7246e+01   5.7080e+00   0.0000e+00   3.1904e-04   2.7328e+02
20260916_21:00:00   5.5595e-02   1.7110e+01   5.4758e+00   1.4490e-04   1.7256e-05   2.7613e+02
20260917_00:00:00   1.5187e-01   4.1127e+01   6.7277e+00   1.0219e-01   1.3950e-03   2.7530e+02
20260917_03:00:00   9.5899e-02   2.7438e+01   7.7859e+00   2.6675e-02   3.1520e-04   2.7440e+02
20260917_06:00:00   1.2601e-01   3.4963e+01   6.1373e+00   7.5700e-02   1.7376e-03   2.7453e+02
20260917_09:00:00   5.1603e-02   1.6136e+01   4.5816e+00   3.8520e-04   6.6680e-04   2.7556e+02
20260917_12:00:00   5.1914e-02   1.6217e+01   4.6039e+00   0.0000e+00   5.1080e-05   2.7703e+02
