#            date       tau255        Tb[K]      pwv[mm] lwp[kg*m^-2] iwp[kg*m^-2]       o3[DU]
20260804_12:00:00   1.7485e-01   4.8209e+01   1.4623e+01   0.0000e+00   0.0000e+00   3.2939e+02
20260804_13:00:00   1.7716e-01   4.8794e+01   1.4941e+01   0.0000e+00   0.0000e+00   3.3261e+02
20260804_14:00:00   1.7555e-01   4.8419e+01   1.5068e+01   0.0000e+00   0.0000e+00   3.3117e+02
20260804_15:00:00   1.8082e-01   4.9689e+01   1.6050e+01   0.0000e+00   0.0000e+00   3.2473e+02
20260804_16:00:00   1.8495e-01   5.0764e+01   1.6722e+01   0.0000e+00   0.0000e+00   3.2077e+02
20260804_17:00:00   1.9040e-01   5.2164e+01   1.7505e+01   0.0000e+00   0.0000e+00   3.1780e+02
20260804_18:00:00   1.9969e-01   5.4417e+01   1.8803e+01   0.0000e+00   0.0000e+00   3.1736e+02
20260804_19:00:00   2.0886e-01   5.6593e+01   1.9882e+01   0.0000e+00   0.0000e+00   3.1690e+02
20260804_20:00:00   2.0845e-01   5.6562e+01   1.9879e+01   0.0000e+00   0.0000e+00   3.1666e+02
20260804_21:00:00   2.0757e-01   5.6404e+01   1.9781e+01   0.0000e+00   0.0000e+00   3.1748e+02
20260804_22:00:00   1.9921e-01   5.4506e+01   1.8873e+01   0.0000e+00   0.0000e+00   3.1767e+02
20260804_23:00:00   1.9376e-01   5.3236e+01   1.8214e+01   0.0000e+00   0.0000e+00   3.1721e+02
20260805_00:00:00   1.9552e-01   5.3631e+01   1.8335e+01   0.0000e+00   0.0000e+00   3.1618e+02
20260805_01:00:00   1.9763e-01   5.4090e+01   1.8435e+01   0.0000e+00   0.0000e+00   3.1520e+02
20260805_02:00:00   2.0026e-01   5.4653e+01   1.8617e+01   0.0000e+00   1.7724e-04   3.1345e+02
20260805_03:00:00   1.9893e-01   5.4304e+01   1.8371e+01   0.0000e+00   3.2518e-03   3.1289e+02
20260805_04:00:00   1.9804e-01   5.4101e+01   1.8159e+01   0.0000e+00   5.9332e-03   3.1326e+02
20260805_05:00:00   1.9317e-01   5.2940e+01   1.7663e+01   0.0000e+00   1.3802e-02   3.1389e+02
20260805_06:00:00   1.8696e-01   5.1430e+01   1.7090e+01   0.0000e+00   1.1896e-02   3.1423e+02
20260805_07:00:00   1.8347e-01   5.0560e+01   1.6727e+01   0.0000e+00   1.1222e-02   3.1349e+02
20260805_08:00:00   1.8928e-01   5.1852e+01   1.7499e+01   0.0000e+00   5.6975e-02   3.1279e+02
20260805_09:00:00   1.9296e-01   5.2656e+01   1.7990e+01   0.0000e+00   5.7731e-02   3.1182e+02
20260805_10:00:00   1.9145e-01   5.2326e+01   1.7665e+01   0.0000e+00   4.9222e-03   3.0979e+02
20260805_11:00:00   1.9113e-01   5.2228e+01   1.7654e+01   0.0000e+00   1.5316e-03   3.0922e+02
20260805_12:00:00   1.9387e-01   5.2847e+01   1.8063e+01   0.0000e+00   1.4775e-03   3.0825e+02
20260805_13:00:00   2.0010e-01   5.4344e+01   1.8708e+01   0.0000e+00   1.3923e-02   3.0804e+02
20260805_14:00:00   2.0271e-01   5.5017e+01   1.9074e+01   0.0000e+00   1.9974e-02   3.0731e+02
20260805_15:00:00   2.1232e-01   5.7239e+01   2.0349e+01   0.0000e+00   2.6634e-01   3.0627e+02
20260805_16:00:00   2.1331e-01   5.7532e+01   2.0757e+01   0.0000e+00   6.1654e-03   3.0559e+02
20260805_17:00:00   2.1522e-01   5.8045e+01   2.1178e+01   0.0000e+00   1.0690e-02   3.0526e+02
20260805_18:00:00   2.1151e-01   5.7237e+01   2.0954e+01   0.0000e+00   7.9273e-03   3.0539e+02
20260805_19:00:00   2.1388e-01   5.7718e+01   2.1869e+01   0.0000e+00   1.7989e-02   3.0510e+02
20260805_20:00:00   2.1449e-01   5.7867e+01   2.2164e+01   0.0000e+00   1.8806e-03   3.0496e+02
20260805_21:00:00   2.2674e-01   6.0639e+01   2.3745e+01   0.0000e+00   1.8792e-02   3.0495e+02
20260805_22:00:00   2.4595e-01   6.4980e+01   2.6158e+01   0.0000e+00   9.0188e-03   3.0436e+02
20260805_23:00:00   2.7561e-01   7.1514e+01   2.9780e+01   0.0000e+00   5.9606e-03   3.0354e+02
20260806_00:00:00   3.2380e-01   8.1672e+01   3.5383e+01   1.1686e-04   1.1053e-02   3.0321e+02
20260806_01:00:00   3.8041e-01   9.2826e+01   4.0974e+01   7.5089e-03   7.8030e-03   3.0379e+02
20260806_02:00:00   5.3769e-01   1.1999e+02   4.6548e+01   1.2707e-01   9.1665e-03   3.0292e+02
20260806_03:00:00   4.6066e-01   1.0768e+02   4.9495e+01   3.9236e-03   7.9179e-04   3.0386e+02
20260806_04:00:00   4.7447e-01   1.1012e+02   5.0946e+01   1.4990e-05   1.5925e-04   3.0625e+02
20260806_05:00:00   4.7275e-01   1.0969e+02   5.0795e+01   0.0000e+00   6.8782e-03   3.0671e+02
20260806_06:00:00   4.6983e-01   1.0910e+02   5.0576e+01   0.0000e+00   2.0224e-03   3.0648e+02
20260806_07:00:00   4.7809e-01   1.1054e+02   5.1197e+01   0.0000e+00   6.3000e-04   3.0669e+02
20260806_08:00:00   4.9396e-01   1.1339e+02   5.2303e+01   0.0000e+00   7.2243e-04   3.0679e+02
20260806_09:00:00   4.9433e-01   1.1359e+02   5.1733e+01   0.0000e+00   4.3131e-04   3.0649e+02
20260806_10:00:00   4.9338e-01   1.1353e+02   5.1083e+01   0.0000e+00   2.4452e-05   3.0645e+02
20260806_11:00:00   5.0232e-01   1.1515e+02   5.1543e+01   0.0000e+00   3.8620e-05   3.0591e+02
20260806_12:00:00   5.2182e-01   1.1856e+02   5.3118e+01   0.0000e+00   6.1621e-04   3.0541e+02
20260806_13:00:00   5.3047e-01   1.2012e+02   5.4100e+01   0.0000e+00   6.1297e-03   3.0666e+02
20260806_14:00:00   5.3065e-01   1.2034e+02   5.3747e+01   3.8880e-03   1.1266e-03   3.0767e+02
20260806_15:00:00   5.2705e-01   1.1998e+02   5.2517e+01   1.6378e-02   7.0783e-05   3.0859e+02
20260806_16:00:00   5.2578e-01   1.1997e+02   5.1827e+01   2.7666e-02   1.2104e-04   3.0865e+02
20260806_17:00:00   5.8034e-01   1.2899e+02   5.3020e+01   8.6264e-02   1.1159e-03   3.0736e+02
20260806_18:00:00   5.7933e-01   1.2881e+02   5.3209e+01   9.0128e-02   8.0372e-04   3.0804e+02
20260806_19:00:00   5.4515e-01   1.2327e+02   5.2895e+01   5.3260e-02   6.8964e-05   3.0911e+02
20260806_20:00:00   5.8181e-01   1.2928e+02   5.3861e+01   8.6857e-02   0.0000e+00   3.0822e+02
20260806_21:00:00   5.2291e-01   1.1958e+02   5.3634e+01   1.1710e-02   3.8620e-05   3.0875e+02
20260806_22:00:00   5.1448e-01   1.1814e+02   5.3506e+01   2.6840e-04   1.0110e-05   3.0771e+02
20260806_23:00:00   5.0457e-01   1.1646e+02   5.2074e+01   0.0000e+00   2.8980e-05   3.0791e+02
20260807_00:00:00   4.9857e-01   1.1538e+02   5.1451e+01   0.0000e+00   2.2483e-04   3.0914e+02
20260807_01:00:00   5.0741e-01   1.1683e+02   5.2328e+01   0.0000e+00   2.7480e-04   3.1006e+02
20260807_02:00:00   5.1644e-01   1.1828e+02   5.3256e+01   0.0000e+00   1.6807e-03   3.1065e+02
20260807_03:00:00   5.0347e-01   1.1600e+02   5.2440e+01   0.0000e+00   1.6816e-03   3.1086e+02
20260807_04:00:00   5.0116e-01   1.1557e+02   5.2148e+01   0.0000e+00   2.1377e-04   3.0974e+02
20260807_05:00:00   5.0574e-01   1.1629e+02   5.2698e+01   0.0000e+00   1.8375e-02   3.0858e+02
20260807_06:00:00   5.0627e-01   1.1630e+02   5.2910e+01   0.0000e+00   7.1996e-03   3.0829e+02
20260807_07:00:00   5.0533e-01   1.1602e+02   5.2956e+01   0.0000e+00   5.1823e-04   3.0925e+02
20260807_08:00:00   4.8558e-01   1.1252e+02   5.0984e+01   0.0000e+00   1.8902e-05   3.1273e+02
20260807_09:00:00   4.6194e-01   1.0823e+02   4.9007e+01   0.0000e+00   0.0000e+00   3.1155e+02
20260807_10:00:00   4.4392e-01   1.0486e+02   4.7282e+01   0.0000e+00   0.0000e+00   3.1006e+02
20260807_11:00:00   4.1606e-01   9.9721e+01   4.4347e+01   0.0000e+00   0.0000e+00   3.1025e+02
20260807_12:00:00   3.8514e-01   9.4102e+01   4.0654e+01   0.0000e+00   0.0000e+00   3.1182e+02
20260807_13:00:00   3.9290e-01   9.5607e+01   4.1567e+01   0.0000e+00   0.0000e+00   3.1371e+02
20260807_14:00:00   4.0441e-01   9.7841e+01   4.2763e+01   0.0000e+00   0.0000e+00   3.1494e+02
20260807_15:00:00   4.0891e-01   9.8741e+01   4.3337e+01   0.0000e+00   0.0000e+00   3.1493e+02
20260807_16:00:00   4.0974e-01   9.8994e+01   4.3708e+01   0.0000e+00   0.0000e+00   3.1497e+02
20260807_17:00:00   4.1371e-01   9.9890e+01   4.3723e+01   5.4120e-04   0.0000e+00   3.1377e+02
20260807_18:00:00   4.2865e-01   1.0273e+02   4.3830e+01   1.7968e-02   8.9900e-05   3.1380e+02
20260807_19:00:00   4.4249e-01   1.0535e+02   4.2320e+01   5.6960e-02   9.0740e-04   3.1481e+02
20260807_20:00:00   3.8907e-01   9.5379e+01   4.1260e+01   6.5820e-03   0.0000e+00   3.1551e+02
20260807_21:00:00   3.9096e-01   9.5736e+01   4.0369e+01   1.8458e-02   9.6560e-06   3.1723e+02
20260807_22:00:00   3.6248e-01   9.0117e+01   3.9109e+01   2.6720e-04   3.2970e-04   3.1790e+02
20260807_23:00:00   3.4907e-01   8.7297e+01   3.8057e+01   0.0000e+00   9.6560e-06   3.1735e+02
20260808_00:00:00   3.4190e-01   8.5601e+01   3.7711e+01   0.0000e+00   7.8500e-04   3.1875e+02
20260808_01:00:00   3.5079e-01   8.7167e+01   3.8845e+01   0.0000e+00   1.9520e-04   3.1751e+02
20260808_02:00:00   3.6491e-01   8.9993e+01   4.0297e+01   4.8280e-05   2.4289e-03   3.1865e+02
20260808_03:00:00   4.0000e-01   9.6814e+01   4.3585e+01   5.3120e-05   2.3050e-02   3.1544e+02
20260808_04:00:00   4.2035e-01   1.0055e+02   4.5561e+01   0.0000e+00   1.1406e-01   3.1354e+02
20260808_05:00:00   4.2169e-01   1.0083e+02   4.5465e+01   0.0000e+00   4.5846e-02   3.1403e+02
20260808_06:00:00   4.4538e-01   1.0490e+02   4.7189e+01   9.8105e-03   6.3495e-02   3.1374e+02
20260808_07:00:00   4.9750e-01   1.1359e+02   4.7365e+01   6.5509e-02   6.8134e-03   3.1579e+02
20260808_08:00:00   4.3685e-01   1.0326e+02   4.6762e+01   4.8333e-03   5.4117e-03   3.2023e+02
20260808_09:00:00   5.7708e-01   1.2615e+02   4.7615e+01   1.5202e-01   1.1803e-01   3.2091e+02
20260808_10:00:00   4.6113e-01   1.0754e+02   4.7792e+01   1.5824e-02   5.8794e-03   3.2012e+02
20260808_11:00:00   4.6171e-01   1.0761e+02   4.7525e+01   1.8392e-02   1.1713e-03   3.2259e+02
20260808_12:00:00   4.5220e-01   1.0592e+02   4.6766e+01   1.5592e-02   4.4432e-04   3.2105e+02
20260808_13:00:00   4.4932e-01   1.0544e+02   4.6472e+01   1.4141e-02   1.6071e-03   3.1914e+02
20260808_14:00:00   4.3956e-01   1.0389e+02   4.6519e+01   4.7697e-05   6.8232e-04   3.1552e+02
20260808_15:00:00   4.3804e-01   1.0377e+02   4.6310e+01   0.0000e+00   7.8813e-05   3.1249e+02
20260808_16:00:00   4.4451e-01   1.0506e+02   4.7195e+01   0.0000e+00   5.7084e-04   3.1320e+02
20260808_17:00:00   4.4381e-01   1.0506e+02   4.7233e+01   1.4160e-03   7.2096e-04   3.1324e+02
20260808_18:00:00   4.7166e-01   1.1004e+02   4.7860e+01   3.1520e-02   2.7095e-04   3.1439e+02
20260808_19:00:00   5.6157e-01   1.2523e+02   4.8920e+01   1.3148e-01   6.2529e-03   3.1759e+02
20260808_20:00:00   9.1339e-01   1.7242e+02   5.0810e+01   5.2109e-01   8.0126e-04   3.1630e+02
20260808_21:00:00   1.2359e+00   2.0029e+02   5.0144e+01   8.7388e-01   1.0407e-02   3.1634e+02
20260808_22:00:00   4.6620e-01   1.0869e+02   4.8132e+01   1.2739e-02   1.6655e-03   3.1918e+02
20260808_23:00:00   4.5144e-01   1.0618e+02   4.6986e+01   5.5258e-04   1.8432e-04   3.1867e+02
20260809_00:00:00   4.3778e-01   1.0364e+02   4.5695e+01   0.0000e+00   1.8967e-04   3.1877e+02
20260809_01:00:00   4.2805e-01   1.0203e+02   4.4112e+01   0.0000e+00   2.0589e-03   3.1853e+02
20260809_02:00:00   4.1439e-01   9.9427e+01   4.2817e+01   0.0000e+00   2.8883e-03   3.1921e+02
20260809_03:00:00   3.8900e-01   9.4577e+01   4.0482e+01   0.0000e+00   5.8262e-03   3.1934e+02
20260809_04:00:00   3.8565e-01   9.3800e+01   4.0488e+01   0.0000e+00   1.3107e-03   3.1752e+02
20260809_05:00:00   3.6387e-01   8.9601e+01   3.7900e+01   0.0000e+00   1.9768e-05   3.1859e+02
20260809_06:00:00   3.3710e-01   8.4313e+01   3.4669e+01   0.0000e+00   4.2819e-04   3.1925e+02
20260809_07:00:00   3.2957e-01   8.2841e+01   3.3289e+01   0.0000e+00   0.0000e+00   3.2041e+02
20260809_08:00:00   3.1481e-01   7.9848e+01   3.1546e+01   0.0000e+00   0.0000e+00   3.2694e+02
20260809_09:00:00   3.1927e-01   8.0718e+01   3.2119e+01   0.0000e+00   0.0000e+00   3.3120e+02
20260809_10:00:00   3.1914e-01   8.0676e+01   3.2126e+01   0.0000e+00   0.0000e+00   3.3067e+02
20260809_11:00:00   3.1449e-01   7.9788e+01   3.1370e+01   0.0000e+00   0.0000e+00   3.3211e+02
20260809_12:00:00   3.1463e-01   7.9883e+01   3.1039e+01   0.0000e+00   0.0000e+00   3.3387e+02
20260809_15:00:00   3.0750e-01   7.8656e+01   3.0292e+01   0.0000e+00   0.0000e+00   3.3007e+02
20260809_18:00:00   2.3918e-01   6.3341e+01   2.5749e+01   0.0000e+00   2.0273e-04   3.2698e+02
20260809_21:00:00   2.6661e-01   6.9313e+01   2.9881e+01   0.0000e+00   8.9023e-04   3.2242e+02
20260810_00:00:00   2.8978e-01   7.4326e+01   3.2140e+01   0.0000e+00   5.9186e-03   3.2011e+02
20260810_03:00:00   2.9008e-01   7.3975e+01   3.2840e+01   0.0000e+00   1.1131e-01   3.2140e+02
20260810_06:00:00   4.8555e-01   1.1091e+02   4.5403e+01   7.1563e-02   4.0375e-01   3.2083e+02
20260810_09:00:00   1.0971e+00   1.8834e+02   4.5780e+01   7.5630e-01   6.7226e-03   3.1994e+02
20260810_12:00:00   4.4218e-01   1.0406e+02   4.3363e+01   1.5812e-03   2.1116e-02   3.1920e+02
20260810_15:00:00   3.7050e-01   9.1245e+01   3.6002e+01   0.0000e+00   3.8588e-02   3.2134e+02
20260810_18:00:00   3.5262e-01   8.8160e+01   3.4920e+01   4.8280e-06   1.0078e-03   3.2477e+02
20260810_21:00:00   3.5310e-01   8.8396e+01   3.5638e+01   0.0000e+00   2.8705e-03   3.1924e+02
20260811_00:00:00   3.2272e-01   8.2148e+01   3.2677e+01   0.0000e+00   4.6826e-03   3.2239e+02
20260811_03:00:00   3.6944e-01   9.1382e+01   3.7441e+01   0.0000e+00   1.1642e-02   3.1827e+02
20260811_06:00:00   3.4431e-01   8.6196e+01   3.5424e+01   0.0000e+00   1.8287e-01   3.1495e+02
20260811_09:00:00   4.2208e-01   1.0054e+02   4.5445e+01   1.2896e-03   7.0996e-03   3.1499e+02
20260811_12:00:00   4.1531e-01   9.9437e+01   4.3422e+01   0.0000e+00   6.0654e-04   3.1508e+02
20260811_15:00:00   4.3315e-01   1.0310e+02   4.4563e+01   2.8840e-03   3.9573e-03   3.1841e+02
20260811_18:00:00   4.9456e-01   1.1408e+02   4.8192e+01   4.3493e-02   4.2497e-03   3.1788e+02
20260811_21:00:00   4.5339e-01   1.0673e+02   4.8192e+01   2.1548e-03   8.8485e-03   3.1928e+02
20260812_00:00:00   5.0128e-01   1.1400e+02   4.6642e+01   7.9630e-02   6.0715e-02   3.1607e+02
20260812_03:00:00   4.0141e-01   9.6802e+01   4.0751e+01   5.9360e-05   6.2307e-03   3.1830e+02
20260812_06:00:00   4.4252e-01   1.0415e+02   4.4187e+01   0.0000e+00   2.1515e-02   3.1670e+02
20260812_09:00:00   4.1132e-01   9.8390e+01   3.9535e+01   0.0000e+00   1.1299e-02   3.1784e+02
20260812_12:00:00   3.3216e-01   8.2840e+01   3.2288e+01   0.0000e+00   1.1328e-02   3.2061e+02
20260812_15:00:00   3.7779e-01   9.1736e+01   3.3318e+01   4.2215e-02   2.2802e-01   3.2157e+02
20260812_18:00:00   3.3598e-01   8.3431e+01   3.0629e+01   3.3036e-02   5.7396e-02   3.2501e+02
20260812_21:00:00   2.3818e-01   6.2229e+01   2.4997e+01   0.0000e+00   2.3180e-05   3.2583e+02
20260813_00:00:00   2.3200e-01   6.0774e+01   2.3367e+01   0.0000e+00   6.2370e-04   3.2869e+02
20260813_03:00:00   2.1088e-01   5.5915e+01   1.9869e+01   0.0000e+00   1.7607e-04   3.3254e+02
20260813_06:00:00   2.2623e-01   5.9305e+01   2.0736e+01   0.0000e+00   1.4130e-04   3.3992e+02
20260813_09:00:00   1.8633e-01   5.0066e+01   1.6089e+01   0.0000e+00   1.0926e-03   3.4016e+02
20260813_12:00:00   1.6235e-01   4.4345e+01   1.2853e+01   0.0000e+00   0.0000e+00   3.5022e+02
20260813_15:00:00   1.6689e-01   4.5456e+01   1.3861e+01   0.0000e+00   0.0000e+00   3.4776e+02
20260813_18:00:00   1.7535e-01   4.7486e+01   1.5624e+01   0.0000e+00   4.2223e-03   3.4639e+02
20260813_21:00:00   1.9324e-01   5.1693e+01   1.7709e+01   0.0000e+00   3.6560e-05   3.5387e+02
20260814_00:00:00   2.1397e-01   5.6436e+01   1.9446e+01   1.0110e-05   0.0000e+00   3.6635e+02
20260814_03:00:00   2.3041e-01   6.0123e+01   2.0719e+01   0.0000e+00   7.2911e-03   3.6125e+02
20260814_06:00:00   2.3291e-01   6.0563e+01   2.1206e+01   0.0000e+00   7.9940e-03   3.6146e+02
20260814_09:00:00   2.5170e-01   6.4429e+01   2.3239e+01   0.0000e+00   9.0480e-02   3.5509e+02
20260814_12:00:00   2.6901e-01   6.7939e+01   2.5065e+01   0.0000e+00   7.6961e-03   3.5492e+02
20260814_15:00:00   2.7534e-01   6.9326e+01   2.6147e+01   0.0000e+00   3.2103e-02   3.5515e+02
20260814_18:00:00   3.9028e-01   9.1983e+01   2.7227e+01   1.2885e-01   6.5156e-02   3.6883e+02
20260814_21:00:00   6.7371e-01   1.3754e+02   2.7600e+01   4.3736e-01   7.7642e-05   3.7504e+02
20260815_00:00:00   3.5827e-01   8.6241e+01   2.3488e+01   1.1140e-01   0.0000e+00   3.7414e+02
20260815_03:00:00   2.6017e-01   6.6534e+01   2.2183e+01   1.0826e-02   0.0000e+00   3.6945e+02
20260815_06:00:00   2.3178e-01   6.0361e+01   2.0296e+01   0.0000e+00   0.0000e+00   3.6492e+02
20260815_09:00:00   2.2602e-01   5.9037e+01   1.9770e+01   0.0000e+00   0.0000e+00   3.5914e+02
20260815_12:00:00   2.2115e-01   5.7946e+01   1.9329e+01   0.0000e+00   0.0000e+00   3.5600e+02
20260815_15:00:00   2.2004e-01   5.7913e+01   1.9342e+01   0.0000e+00   0.0000e+00   3.5339e+02
20260815_18:00:00   2.4742e-01   6.3934e+01   2.0820e+01   2.1986e-02   0.0000e+00   3.5285e+02
20260815_21:00:00   3.3415e-01   8.1555e+01   2.2079e+01   1.0881e-01   5.1460e-05   3.4991e+02
20260816_00:00:00   2.5846e-01   6.6652e+01   2.3182e+01   2.4800e-03   0.0000e+00   3.4871e+02
20260816_03:00:00   2.4866e-01   6.4294e+01   2.2544e+01   3.2060e-04   0.0000e+00   3.5322e+02
20260816_06:00:00   2.7203e-01   6.8946e+01   2.1099e+01   4.4683e-02   7.8580e-06   3.5596e+02
20260816_09:00:00   2.9450e-01   7.3338e+01   2.0438e+01   7.7923e-02   3.5300e-05   3.5512e+02
20260816_12:00:00   2.2079e-01   5.7867e+01   1.9918e+01   0.0000e+00   0.0000e+00   3.6094e+02
20260816_15:00:00   2.4415e-01   6.3029e+01   2.2980e+01   0.0000e+00   2.8780e-04   3.6495e+02
20260816_18:00:00   2.7152e-01   6.8744e+01   2.6168e+01   6.9227e-03   5.1983e-05   3.6070e+02
20260816_21:00:00   5.4131e-01   1.1723e+02   2.8438e+01   2.8298e-01   2.1328e-01   3.6071e+02
20260817_00:00:00   5.6298e-01   1.2160e+02   2.8170e+01   3.0865e-01   4.3780e-05   3.5825e+02
20260817_03:00:00   3.0577e-01   7.5859e+01   2.8831e+01   2.5044e-03   1.8256e-04   3.5837e+02
20260817_06:00:00   2.9510e-01   7.3638e+01   2.6852e+01   0.0000e+00   0.0000e+00   3.5959e+02
20260817_09:00:00   2.7388e-01   6.9077e+01   2.4223e+01   0.0000e+00   0.0000e+00   3.5977e+02
20260817_12:00:00   2.7913e-01   7.0065e+01   2.4148e+01   4.2167e-03   0.0000e+00   3.6083e+02
20260817_15:00:00   3.6193e-01   8.6809e+01   2.4317e+01   1.0093e-01   0.0000e+00   3.6164e+02
20260817_18:00:00   3.6629e-01   8.7702e+01   2.4920e+01   1.0658e-01   0.0000e+00   3.6594e+02
20260817_21:00:00   4.0942e-01   9.5654e+01   2.6258e+01   1.5300e-01   3.9388e-04   3.6373e+02
20260818_00:00:00   2.6362e-01   6.6666e+01   2.4684e+01   3.0220e-03   0.0000e+00   3.6440e+02
20260818_03:00:00   2.3710e-01   6.0956e+01   2.1959e+01   0.0000e+00   0.0000e+00   3.6597e+02
20260818_06:00:00   2.2447e-01   5.8219e+01   2.0246e+01   0.0000e+00   0.0000e+00   3.6437e+02
20260818_09:00:00   2.2001e-01   5.7330e+01   1.9209e+01   0.0000e+00   0.0000e+00   3.6187e+02
20260818_12:00:00   2.1070e-01   5.5302e+01   1.8031e+01   0.0000e+00   0.0000e+00   3.6088e+02
20260818_15:00:00   2.0618e-01   5.4457e+01   1.7848e+01   0.0000e+00   0.0000e+00   3.5615e+02
20260818_18:00:00   2.0534e-01   5.4351e+01   1.8450e+01   0.0000e+00   0.0000e+00   3.5123e+02
20260818_21:00:00   2.1836e-01   5.7454e+01   1.9737e+01   1.3994e-03   0.0000e+00   3.4608e+02
20260819_00:00:00   2.1565e-01   5.6796e+01   1.9674e+01   0.0000e+00   0.0000e+00   3.4483e+02
20260819_03:00:00   2.1902e-01   5.7464e+01   1.9898e+01   0.0000e+00   0.0000e+00   3.4332e+02
20260819_06:00:00   2.2589e-01   5.9189e+01   2.0231e+01   0.0000e+00   6.6540e-04   3.3932e+02
20260819_09:00:00   2.2145e-01   5.8278e+01   1.9605e+01   0.0000e+00   1.6928e-04   3.4002e+02
20260819_12:00:00   2.1946e-01   5.7799e+01   1.9569e+01   0.0000e+00   3.2137e-03   3.4153e+02
20260819_15:00:00   2.2406e-01   5.9030e+01   2.0445e+01   0.0000e+00   2.4440e-03   3.4235e+02
20260819_18:00:00   2.2402e-01   5.9203e+01   2.0920e+01   0.0000e+00   0.0000e+00   3.3711e+02
20260819_21:00:00   2.3719e-01   6.2239e+01   2.2699e+01   0.0000e+00   2.3280e-04   3.3685e+02
20260820_00:00:00   2.3854e-01   6.2663e+01   2.2133e+01   0.0000e+00   4.7700e-05   3.3811e+02
20260820_03:00:00   2.4223e-01   6.3356e+01   2.1871e+01   0.0000e+00   0.0000e+00   3.3805e+02
20260820_06:00:00   2.3974e-01   6.2827e+01   2.1435e+01   0.0000e+00   2.3100e-07   3.3598e+02
20260820_09:00:00   2.3683e-01   6.2101e+01   2.1170e+01   0.0000e+00   2.9700e-05   3.3592e+02
20260820_12:00:00   2.2806e-01   6.0064e+01   2.0562e+01   0.0000e+00   2.8600e-04   3.3651e+02
