#            date       tau255        Tb[K]      pwv[mm] lwp[kg*m^-2] iwp[kg*m^-2]       o3[DU]
20260922_18:00:00   1.8360e-01   4.8571e+01   1.6091e+01   0.0000e+00   8.1219e-04   2.9455e+02
20260922_19:00:00   1.7058e-01   4.5568e+01   1.4581e+01   0.0000e+00   2.5404e-03   2.9540e+02
20260922_20:00:00   1.5497e-01   4.1920e+01   1.2585e+01   0.0000e+00   2.6361e-03   2.9750e+02
20260922_21:00:00   1.4322e-01   3.9126e+01   1.0924e+01   0.0000e+00   1.1864e-03   2.9924e+02
20260922_22:00:00   1.3937e-01   3.8205e+01   1.0298e+01   0.0000e+00   1.3517e-03   3.0113e+02
20260922_23:00:00   1.4190e-01   3.8804e+01   1.0548e+01   0.0000e+00   2.0438e-03   3.0136e+02
20260923_00:00:00   1.4575e-01   3.9666e+01   1.1207e+01   0.0000e+00   2.4237e-03   3.0054e+02
20260923_01:00:00   1.4818e-01   4.0201e+01   1.1635e+01   0.0000e+00   2.7519e-03   2.9967e+02
20260923_02:00:00   1.4935e-01   4.0478e+01   1.1689e+01   0.0000e+00   5.3388e-04   2.9960e+02
20260923_03:00:00   1.5130e-01   4.0940e+01   1.1820e+01   0.0000e+00   1.2444e-03   3.0245e+02
20260923_04:00:00   1.5288e-01   4.1322e+01   1.1833e+01   0.0000e+00   6.3228e-03   3.0552e+02
20260923_05:00:00   1.5433e-01   4.1689e+01   1.1718e+01   0.0000e+00   4.2119e-03   3.0786e+02
20260923_06:00:00   1.5437e-01   4.1720e+01   1.1491e+01   0.0000e+00   2.7841e-03   3.0834e+02
20260923_07:00:00   1.5190e-01   4.1138e+01   1.1082e+01   0.0000e+00   7.9901e-05   3.0778e+02
20260923_08:00:00   1.5069e-01   4.0825e+01   1.0832e+01   0.0000e+00   7.3117e-04   3.0736e+02
20260923_09:00:00   1.5066e-01   4.0790e+01   1.0682e+01   0.0000e+00   1.9722e-03   3.0938e+02
20260923_10:00:00   1.5080e-01   4.0835e+01   1.0545e+01   0.0000e+00   1.1767e-04   3.1152e+02
20260923_11:00:00   1.5062e-01   4.0787e+01   1.0429e+01   0.0000e+00   1.9642e-05   3.1374e+02
20260923_12:00:00   1.5264e-01   4.1253e+01   1.0609e+01   0.0000e+00   2.9620e-05   3.1528e+02
20260923_13:00:00   1.5870e-01   4.2726e+01   1.1135e+01   0.0000e+00   4.9100e-06   3.1616e+02
20260923_14:00:00   1.6597e-01   4.4512e+01   1.1788e+01   5.5970e-04   0.0000e+00   3.1712e+02
20260923_15:00:00   1.6887e-01   4.5246e+01   1.2277e+01   5.7500e-04   0.0000e+00   3.1931e+02
20260923_16:00:00   1.6687e-01   4.4790e+01   1.2141e+01   6.3600e-06   4.4640e-04   3.2094e+02
20260923_17:00:00   1.6361e-01   4.4043e+01   1.1809e+01   0.0000e+00   2.0280e-03   3.1941e+02
20260923_18:00:00   1.5954e-01   4.3103e+01   1.1351e+01   0.0000e+00   1.1480e-03   3.1807e+02
20260923_19:00:00   1.5240e-01   4.1454e+01   1.0536e+01   0.0000e+00   1.9468e-04   3.1757e+02
20260923_20:00:00   1.4798e-01   4.0411e+01   9.9374e+00   0.0000e+00   0.0000e+00   3.1644e+02
20260923_21:00:00   1.4470e-01   3.9631e+01   9.4245e+00   0.0000e+00   0.0000e+00   3.1588e+02
20260923_22:00:00   1.4122e-01   3.8807e+01   8.9202e+00   0.0000e+00   0.0000e+00   3.1544e+02
20260923_23:00:00   1.4402e-01   3.9462e+01   9.1891e+00   0.0000e+00   0.0000e+00   3.1588e+02
20260924_00:00:00   1.4425e-01   3.9516e+01   9.2103e+00   0.0000e+00   0.0000e+00   3.1666e+02
20260924_01:00:00   1.4082e-01   3.8691e+01   8.8190e+00   0.0000e+00   0.0000e+00   3.1720e+02
20260924_02:00:00   1.3828e-01   3.8078e+01   8.5007e+00   0.0000e+00   0.0000e+00   3.1575e+02
20260924_03:00:00   1.3563e-01   3.7436e+01   8.1822e+00   0.0000e+00   0.0000e+00   3.1472e+02
20260924_04:00:00   1.3608e-01   3.7525e+01   8.1932e+00   0.0000e+00   0.0000e+00   3.1459e+02
20260924_05:00:00   1.3553e-01   3.7376e+01   8.1187e+00   0.0000e+00   0.0000e+00   3.1478e+02
20260924_06:00:00   1.3441e-01   3.7089e+01   8.0115e+00   0.0000e+00   0.0000e+00   3.1447e+02
20260924_07:00:00   1.3318e-01   3.6778e+01   7.8984e+00   0.0000e+00   0.0000e+00   3.1476e+02
20260924_08:00:00   1.3334e-01   3.6804e+01   7.9321e+00   0.0000e+00   0.0000e+00   3.1516e+02
20260924_09:00:00   1.3270e-01   3.6651e+01   7.8663e+00   0.0000e+00   0.0000e+00   3.1497e+02
20260924_10:00:00   1.3214e-01   3.6506e+01   7.8290e+00   0.0000e+00   0.0000e+00   3.1501e+02
20260924_11:00:00   1.3028e-01   3.6042e+01   7.6674e+00   0.0000e+00   0.0000e+00   3.1504e+02
20260924_12:00:00   1.2934e-01   3.5812e+01   7.5748e+00   0.0000e+00   0.0000e+00   3.1518e+02
20260924_13:00:00   1.3098e-01   3.6236e+01   7.7476e+00   0.0000e+00   0.0000e+00   3.1372e+02
20260924_14:00:00   1.3284e-01   3.6730e+01   8.0046e+00   0.0000e+00   0.0000e+00   3.1263e+02
20260924_15:00:00   1.3438e-01   3.7155e+01   8.3628e+00   0.0000e+00   3.5000e-04   3.1078e+02
20260924_16:00:00   1.3096e-01   3.6380e+01   8.1802e+00   0.0000e+00   6.3244e-03   3.1004e+02
20260924_17:00:00   1.2794e-01   3.5669e+01   8.0271e+00   0.0000e+00   1.6191e-02   3.0879e+02
20260924_18:00:00   1.2725e-01   3.5501e+01   8.0352e+00   0.0000e+00   3.1333e-02   3.0801e+02
20260924_19:00:00   1.2653e-01   3.5304e+01   7.9655e+00   0.0000e+00   8.1862e-02   3.0842e+02
20260924_20:00:00   1.2376e-01   3.4618e+01   7.7166e+00   0.0000e+00   2.6263e-02   3.0940e+02
20260924_21:00:00   1.1744e-01   3.3041e+01   7.0946e+00   0.0000e+00   6.0310e-02   3.0933e+02
20260924_22:00:00   1.1833e-01   3.3248e+01   7.2282e+00   0.0000e+00   5.8285e-02   3.0918e+02
20260924_23:00:00   1.1936e-01   3.3491e+01   7.3560e+00   0.0000e+00   9.9921e-02   3.0859e+02
20260925_00:00:00   1.1816e-01   3.3209e+01   7.2552e+00   0.0000e+00   1.0108e-02   3.0735e+02
20260925_01:00:00   1.1807e-01   3.3180e+01   7.3228e+00   0.0000e+00   1.2969e-02   3.0749e+02
20260925_02:00:00   1.2343e-01   3.4468e+01   8.0707e+00   0.0000e+00   8.3683e-02   3.0589e+02
20260925_03:00:00   1.2597e-01   3.5071e+01   8.4510e+00   0.0000e+00   9.2030e-02   3.0600e+02
20260925_04:00:00   1.2743e-01   3.5402e+01   8.7137e+00   0.0000e+00   7.1202e-02   3.0382e+02
20260925_05:00:00   1.2574e-01   3.4961e+01   8.7598e+00   0.0000e+00   6.1303e-02   3.0279e+02
20260925_06:00:00   1.2558e-01   3.4835e+01   9.0067e+00   0.0000e+00   3.2857e-01   3.0214e+02
20260925_07:00:00   1.3138e-01   3.6131e+01   1.0326e+01   0.0000e+00   4.0427e-01   3.0156e+02
20260925_08:00:00   1.3701e-01   3.7414e+01   1.1343e+01   0.0000e+00   5.7651e-01   2.9987e+02
20260925_09:00:00   1.4102e-01   3.8360e+01   1.2044e+01   0.0000e+00   4.7559e-01   3.0106e+02
20260925_10:00:00   1.4472e-01   3.9224e+01   1.2686e+01   0.0000e+00   5.0971e-01   2.9926e+02
20260925_11:00:00   1.4784e-01   3.9984e+01   1.3067e+01   0.0000e+00   4.5496e-01   2.9814e+02
20260925_12:00:00   1.5036e-01   4.0573e+01   1.3404e+01   0.0000e+00   5.0619e-01   2.9940e+02
20260925_13:00:00   1.6135e-01   4.3087e+01   1.4955e+01   0.0000e+00   8.2126e-01   2.9865e+02
20260925_14:00:00   1.8121e-01   4.7658e+01   1.8133e+01   0.0000e+00   5.8289e-01   2.9827e+02
20260925_15:00:00   3.1211e-01   7.4823e+01   2.2156e+01   1.1365e-01   4.1987e-01   2.9631e+02
20260925_16:00:00   7.3615e-01   1.4248e+02   2.5184e+01   5.5726e-01   1.9103e-01   2.9678e+02
20260925_17:00:00   7.6832e-01   1.4750e+02   2.3740e+01   6.0848e-01   8.1826e-02   2.9579e+02
20260925_18:00:00   1.2842e+00   1.9769e+02   2.6521e+01   1.1622e+00   1.9129e-01   2.9558e+02
20260925_19:00:00   8.0891e-01   1.5361e+02   2.6131e+01   6.3583e-01   1.8112e-02   2.9733e+02
20260925_20:00:00   1.0852e+00   1.8281e+02   3.0160e+01   9.0835e-01   3.5806e-01   2.9668e+02
20260925_21:00:00   1.4579e+00   2.1237e+02   3.1614e+01   1.3238e+00   8.5732e-02   2.9811e+02
20260925_22:00:00   1.0511e+00   1.8156e+02   3.1651e+01   8.6640e-01   3.3167e-03   3.0012e+02
20260925_23:00:00   7.5980e-01   1.4933e+02   3.2119e+01   5.3052e-01   1.0106e-02   3.0042e+02
20260926_00:00:00   1.3459e+00   2.0592e+02   3.3618e+01   1.1906e+00   9.0816e-02   2.9961e+02
20260926_01:00:00   1.4340e+00   2.1286e+02   3.3992e+01   1.2989e+00   7.9027e-02   3.0104e+02
20260926_02:00:00   1.2350e+00   1.9881e+02   3.3608e+01   1.0742e+00   6.2298e-02   3.0071e+02
20260926_03:00:00   1.2840e+00   2.0327e+02   3.4664e+01   1.1203e+00   2.1737e-02   3.0067e+02
20260926_04:00:00   1.2334e+00   1.9971e+02   3.4848e+01   1.0583e+00   5.5206e-03   3.0155e+02
20260926_05:00:00   1.5937e+00   2.2292e+02   3.6436e+01   1.4379e+00   2.5708e-03   3.0155e+02
20260926_06:00:00   1.8245e+00   2.3495e+02   3.6225e+01   1.7163e+00   2.2507e-03   3.0250e+02
20260926_07:00:00   1.2435e+00   2.0016e+02   3.5539e+01   1.0545e+00   9.9655e-05   3.0291e+02
20260926_08:00:00   1.3616e+00   2.0928e+02   3.5490e+01   1.2014e+00   8.6769e-04   3.0283e+02
20260926_09:00:00   1.4023e+00   2.1218e+02   3.4348e+01   1.2642e+00   7.9907e-04   3.0414e+02
20260926_10:00:00   1.7500e+00   2.3206e+02   3.4857e+01   1.6607e+00   8.8360e-05   3.0461e+02
20260926_11:00:00   1.6262e+00   2.2569e+02   3.4056e+01   1.5225e+00   0.0000e+00   3.0524e+02
20260926_12:00:00   1.6386e+00   2.2598e+02   3.3719e+01   1.5313e+00   0.0000e+00   3.0548e+02
20260926_13:00:00   1.8503e+00   2.3635e+02   3.4278e+01   1.7740e+00   0.0000e+00   3.0589e+02
20260926_14:00:00   1.7368e+00   2.3116e+02   3.4458e+01   1.6393e+00   0.0000e+00   3.0598e+02
20260926_15:00:00   1.7187e+00   2.3044e+02   3.3658e+01   1.6294e+00   0.0000e+00   3.0753e+02
20260926_16:00:00   1.5372e+00   2.2071e+02   3.0527e+01   1.4504e+00   0.0000e+00   3.0860e+02
20260926_17:00:00   1.5548e+00   2.2139e+02   3.3167e+01   1.4356e+00   9.9003e-05   3.0761e+02
20260926_18:00:00   1.8506e+00   2.3526e+02   3.5706e+01   1.7344e+00   2.9087e-02   3.0559e+02
20260926_19:00:00   1.6089e+00   2.2311e+02   3.5813e+01   1.4496e+00   4.9764e-02   3.0427e+02
20260926_20:00:00   1.7805e+00   2.3237e+02   3.5175e+01   1.6615e+00   3.4886e-02   3.0296e+02
20260926_21:00:00   1.7170e+00   2.2966e+02   3.5011e+01   1.5960e+00   2.1774e-02   3.0106e+02
20260926_22:00:00   1.5582e+00   2.2071e+02   3.5106e+01   1.4056e+00   4.3462e-02   3.0018e+02
20260926_23:00:00   1.5898e+00   2.2207e+02   3.5868e+01   1.4289e+00   1.0786e-01   2.9926e+02
20260927_00:00:00   1.1155e+00   1.8793e+02   3.6947e+01   8.7423e-01   2.8891e-01   3.0020e+02
20260927_01:00:00   9.8031e-01   1.7500e+02   3.7371e+01   7.1811e-01   4.7018e-01   2.9994e+02
20260927_02:00:00   1.1575e+00   1.9075e+02   3.7414e+01   9.1093e-01   6.2691e-01   2.9956e+02
20260927_03:00:00   1.5690e+00   2.2032e+02   3.7943e+01   1.3812e+00   5.5510e-01   2.9967e+02
20260927_04:00:00   1.6877e+00   2.2681e+02   3.7937e+01   1.5182e+00   4.6054e-01   2.9933e+02
20260927_05:00:00   1.4846e+00   2.1524e+02   3.7642e+01   1.2866e+00   5.3031e-01   2.9930e+02
20260927_06:00:00   1.7026e+00   2.2795e+02   3.7196e+01   1.5483e+00   3.9384e-01   3.0011e+02
20260927_07:00:00   1.9999e+00   2.4121e+02   3.6608e+01   1.9006e+00   2.6700e-01   3.0137e+02
20260927_08:00:00   1.5490e+00   2.2040e+02   3.5802e+01   1.3988e+00   1.4934e-01   3.0132e+02
20260927_09:00:00   1.5955e+00   2.2253e+02   3.5805e+01   1.4416e+00   1.6833e-01   3.0072e+02
20260927_10:00:00   1.0601e+00   1.8364e+02   3.4805e+01   8.4417e-01   6.9876e-02   3.0229e+02
20260927_11:00:00   8.6128e-01   1.6274e+02   3.2067e+01   6.3932e-01   6.7413e-03   3.0373e+02
20260927_12:00:00   9.1827e-01   1.6931e+02   3.1093e+01   7.1180e-01   1.4668e-02   3.0372e+02
20260927_13:00:00   1.2703e+00   2.0191e+02   3.0728e+01   1.1188e+00   6.8632e-03   3.0308e+02
20260927_14:00:00   1.4287e+00   2.1344e+02   3.0772e+01   1.3029e+00   1.5096e-03   3.0128e+02
20260927_15:00:00   1.4538e+00   2.1509e+02   3.0127e+01   1.3343e+00   3.5798e-04   3.0053e+02
20260927_16:00:00   1.3049e+00   2.0417e+02   3.0118e+01   1.1534e+00   1.2443e-03   3.0029e+02
20260927_17:00:00   1.3502e+00   2.0844e+02   3.0992e+01   1.2144e+00   1.0944e-03   2.9989e+02
20260927_18:00:00   1.6389e+00   2.2584e+02   3.2066e+01   1.5268e+00   1.2648e-03   2.9850e+02
20260927_21:00:00   1.1843e+00   1.9535e+02   3.2107e+01   1.0054e+00   4.2566e-04   2.9747e+02
20260928_00:00:00   1.2132e+00   1.9764e+02   3.1959e+01   1.0395e+00   3.9051e-04   2.9556e+02
20260928_03:00:00   1.0724e+00   1.8503e+02   3.2289e+01   8.7078e-01   3.8520e-04   2.9704e+02
20260928_06:00:00   6.3506e-01   1.3313e+02   3.1645e+01   3.6856e-01   2.4264e-04   3.0013e+02
20260928_09:00:00   6.4528e-01   1.3443e+02   3.1913e+01   3.7479e-01   4.0776e-04   3.0279e+02
20260928_12:00:00   9.4707e-01   1.7127e+02   3.2318e+01   7.1064e-01   6.7860e-04   3.0323e+02
20260928_15:00:00   6.1830e-01   1.3013e+02   3.2612e+01   3.3380e-01   2.4020e-04   3.0385e+02
20260928_18:00:00   6.4011e-01   1.3365e+02   3.3214e+01   3.5403e-01   1.3926e-04   3.0262e+02
20260928_21:00:00   5.0185e-01   1.1194e+02   3.2502e+01   1.9799e-01   2.8299e-04   3.0116e+02
20260929_00:00:00   4.3491e-01   9.9860e+01   3.1834e+01   1.2192e-01   7.1717e-04   2.9966e+02
20260929_03:00:00   3.7467e-01   8.8709e+01   3.1492e+01   5.5111e-02   2.7740e-04   3.0228e+02
20260929_06:00:00   3.2106e-01   7.8433e+01   3.0703e+01   4.2187e-03   7.4360e-05   2.9898e+02
20260929_09:00:00   3.4244e-01   8.2578e+01   3.0558e+01   3.2621e-02   2.0636e-04   3.0336e+02
20260929_12:00:00   4.0038e-01   9.3478e+01   3.0873e+01   9.5174e-02   1.1837e-04   2.9751e+02
20260929_15:00:00   3.1926e-01   7.8386e+01   3.1034e+01   2.7880e-04   7.2922e-06   2.9566e+02
20260929_18:00:00   3.5495e-01   8.5863e+01   3.1599e+01   3.7079e-02   0.0000e+00   2.9472e+02
20260929_21:00:00   3.9854e-01   9.4489e+01   2.8208e+01   1.1628e-01   0.0000e+00   2.9375e+02
20260930_00:00:00   3.0724e-01   7.6672e+01   2.5615e+01   2.6940e-02   0.0000e+00   2.9492e+02
20260930_03:00:00   2.7231e-01   6.9324e+01   2.3996e+01   2.2920e-03   0.0000e+00   2.9204e+02
20260930_06:00:00   2.6870e-01   6.8480e+01   2.3967e+01   0.0000e+00   0.0000e+00   2.8900e+02
20260930_09:00:00   2.5952e-01   6.6568e+01   2.3280e+01   0.0000e+00   0.0000e+00   2.8695e+02
20260930_12:00:00   2.4974e-01   6.4454e+01   2.2309e+01   0.0000e+00   1.1332e-05   2.8830e+02
20260930_15:00:00   2.4004e-01   6.2517e+01   2.1368e+01   0.0000e+00   0.0000e+00   2.8604e+02
20260930_18:00:00   2.3484e-01   6.1540e+01   2.1509e+01   8.1760e-05   1.0012e-03   2.8370e+02
20260930_21:00:00   2.2934e-01   6.0355e+01   2.1515e+01   0.0000e+00   1.2863e-02   2.8365e+02
20261001_00:00:00   2.4228e-01   6.3045e+01   2.2837e+01   0.0000e+00   8.6195e-03   2.8451e+02
20261001_03:00:00   2.5037e-01   6.4760e+01   2.3352e+01   0.0000e+00   2.0003e-03   2.8531e+02
20261001_06:00:00   2.6111e-01   6.6960e+01   2.4431e+01   0.0000e+00   1.5418e-03   2.8712e+02
20261001_09:00:00   2.5532e-01   6.5659e+01   2.4100e+01   0.0000e+00   8.2303e-04   2.8837e+02
20261001_12:00:00   2.6041e-01   6.6692e+01   2.4375e+01   0.0000e+00   0.0000e+00   2.8671e+02
20261001_15:00:00   2.7532e-01   7.0098e+01   2.4820e+01   1.0673e-02   0.0000e+00   2.8933e+02
20261001_18:00:00   2.6409e-01   6.7884e+01   2.4562e+01   7.9780e-03   0.0000e+00   2.8797e+02
20261001_21:00:00   2.8810e-01   7.2965e+01   2.5908e+01   1.0936e-02   0.0000e+00   2.8785e+02
20261002_00:00:00   2.6568e-01   6.8097e+01   2.3512e+01   3.8796e-03   8.8517e-03   2.8730e+02
20261002_03:00:00   2.4224e-01   6.2812e+01   2.1418e+01   0.0000e+00   5.8926e-03   2.8642e+02
20261002_06:00:00   2.5169e-01   6.4424e+01   2.4066e+01   0.0000e+00   1.3672e-01   2.8721e+02
20261002_09:00:00   7.4975e-01   1.4737e+02   3.5736e+01   4.4957e-01   1.6453e-01   2.8677e+02
20261002_12:00:00   4.3343e-01   1.0028e+02   3.2461e+01   1.1055e-01   3.1880e-05   2.9632e+02
20261002_15:00:00   8.0113e-01   1.5669e+02   3.4118e+01   5.3896e-01   2.6918e-03   3.0988e+02
20261002_18:00:00   1.6197e+00   2.2837e+02   3.8071e+01   1.4955e+00   5.0226e-03   3.0741e+02
20261002_21:00:00   8.8926e-01   1.6945e+02   3.0675e+01   7.0604e-01   3.8620e-06   2.9703e+02
20261003_00:00:00   4.4217e-01   1.0323e+02   2.4721e+01   2.0691e-01   0.0000e+00   3.0498e+02
20261003_03:00:00   3.2380e-01   7.9832e+01   2.3707e+01   7.5460e-02   0.0000e+00   3.1051e+02
20261003_06:00:00   7.9055e-01   1.5190e+02   2.4368e+01   5.9555e-01   2.4466e-04   3.2022e+02
20261003_09:00:00   2.4573e-01   6.2233e+01   2.0792e+01   1.0460e-02   0.0000e+00   3.2618e+02
20261003_12:00:00   2.7891e-01   6.9147e+01   2.2722e+01   3.6565e-02   2.5681e-06   3.1570e+02
20261003_15:00:00   2.5493e-01   6.4562e+01   2.4029e+01   0.0000e+00   0.0000e+00   3.0473e+02
20261003_18:00:00   2.8129e-01   7.0458e+01   2.4776e+01   2.3355e-02   0.0000e+00   3.0240e+02
20261003_21:00:00   3.3611e-01   8.1684e+01   2.6138e+01   7.2040e-02   0.0000e+00   3.0272e+02
20261004_00:00:00   2.6628e-01   6.7313e+01   2.4792e+01   0.0000e+00   5.1774e-03   3.0615e+02
20261004_03:00:00   2.6447e-01   6.6881e+01   2.4651e+01   0.0000e+00   1.8247e-06   3.1318e+02
20261004_06:00:00   2.4321e-01   6.2229e+01   2.2258e+01   0.0000e+00   0.0000e+00   3.0559e+02
20261004_09:00:00   2.0890e-01   5.4602e+01   1.8568e+01   0.0000e+00   0.0000e+00   3.0382e+02
20261004_12:00:00   2.0003e-01   5.2530e+01   1.7388e+01   0.0000e+00   0.0000e+00   3.0893e+02
20261004_15:00:00   1.9835e-01   5.2174e+01   1.6690e+01   0.0000e+00   0.0000e+00   3.1365e+02
20261004_18:00:00   1.8471e-01   4.8997e+01   1.4297e+01   6.4800e-03   3.8960e-06   3.1423e+02
20261004_21:00:00   1.5266e-01   4.1360e+01   1.1787e+01   0.0000e+00   0.0000e+00   3.1811e+02
20261005_00:00:00   1.3944e-01   3.7958e+01   1.0540e+01   0.0000e+00   0.0000e+00   3.2280e+02
20261005_03:00:00   1.4923e-01   4.0131e+01   1.1498e+01   0.0000e+00   2.0220e-06   3.2209e+02
20261005_06:00:00   1.6083e-01   4.2703e+01   1.2938e+01   0.0000e+00   2.4576e-03   3.1954e+02
20261005_09:00:00   1.6173e-01   4.2910e+01   1.2512e+01   8.7320e-05   2.2124e-03   3.2316e+02
20261005_12:00:00   1.6191e-01   4.2860e+01   1.2420e+01   0.0000e+00   1.5235e-03   3.2201e+02
20261005_15:00:00   1.4752e-01   3.9552e+01   1.0576e+01   0.0000e+00   0.0000e+00   3.2857e+02
20261005_18:00:00   1.9432e-01   4.9867e+01   1.1968e+01   4.0897e-02   3.8952e-03   3.4698e+02
20261005_21:00:00   1.6906e-01   4.4308e+01   1.3528e+01   0.0000e+00   1.3758e-04   3.5579e+02
20261006_00:00:00   1.7020e-01   4.4685e+01   1.2949e+01   0.0000e+00   1.0087e-05   3.6392e+02
20261006_03:00:00   1.6377e-01   4.3199e+01   1.2363e+01   0.0000e+00   9.0840e-08   3.5856e+02
20261006_06:00:00   1.6853e-01   4.4396e+01   1.3008e+01   0.0000e+00   4.0780e-06   3.4655e+02
20261006_09:00:00   1.6477e-01   4.3517e+01   1.3246e+01   0.0000e+00   0.0000e+00   3.4093e+02
20261006_12:00:00   1.7294e-01   4.5489e+01   1.4384e+01   0.0000e+00   0.0000e+00   3.4766e+02
20261006_15:00:00   1.8419e-01   4.8330e+01   1.5573e+01   0.0000e+00   0.0000e+00   3.4606e+02
20261006_18:00:00   1.8707e-01   4.9239e+01   1.5574e+01   4.0720e-05   0.0000e+00   3.4732e+02
20261006_21:00:00   1.7705e-01   4.7006e+01   1.4188e+01   7.0260e-04   0.0000e+00   3.3842e+02
20261007_00:00:00   1.7246e-01   4.5860e+01   1.3692e+01   0.0000e+00   0.0000e+00   3.3339e+02
20261007_03:00:00   1.6393e-01   4.3818e+01   1.2745e+01   0.0000e+00   0.0000e+00   3.3432e+02
20261007_06:00:00   1.5495e-01   4.1703e+01   1.1621e+01   0.0000e+00   0.0000e+00   3.2868e+02
20261007_09:00:00   1.4458e-01   3.9228e+01   1.0217e+01   0.0000e+00   0.0000e+00   3.2245e+02
20261007_12:00:00   1.5330e-01   4.1332e+01   1.1244e+01   0.0000e+00   9.2860e-04   3.2800e+02
20261007_15:00:00   1.8043e-01   4.7801e+01   1.4466e+01   0.0000e+00   3.8628e-05   3.2779e+02
20261007_18:00:00   2.1134e-01   5.4867e+01   1.4836e+01   3.2720e-02   0.0000e+00   3.1180e+02
20261007_21:00:00   1.7217e-01   4.5982e+01   1.4070e+01   0.0000e+00   1.6922e-04   3.0437e+02
20261008_00:00:00   1.9144e-01   5.0363e+01   1.6865e+01   0.0000e+00   0.0000e+00   3.0236e+02
20261008_03:00:00   1.7962e-01   4.7683e+01   1.5553e+01   0.0000e+00   0.0000e+00   3.0364e+02
20261008_06:00:00   1.7969e-01   4.7745e+01   1.5577e+01   0.0000e+00   1.1200e-05   3.0348e+02
20261008_09:00:00   1.8662e-01   4.9324e+01   1.6928e+01   0.0000e+00   1.5112e-05   3.0616e+02
20261008_12:00:00   1.8305e-01   4.8563e+01   1.6176e+01   0.0000e+00   0.0000e+00   3.0323e+02
20261008_15:00:00   1.8085e-01   4.8252e+01   1.5435e+01   0.0000e+00   0.0000e+00   2.9317e+02
20261008_18:00:00   1.9087e-01   5.0719e+01   1.6784e+01   0.0000e+00   0.0000e+00   2.8352e+02
