#            date       tau255        Tb[K]      pwv[mm] lwp[kg*m^-2] iwp[kg*m^-2]       o3[DU]
20261001_00:00:00   1.9663e-01   5.2566e+01   1.7877e+01   0.0000e+00   5.8820e-03   2.8133e+02
20261001_01:00:00   2.0044e-01   5.3370e+01   1.8734e+01   0.0000e+00   1.2918e-02   2.8009e+02
20261001_02:00:00   2.0767e-01   5.5063e+01   1.9681e+01   0.0000e+00   5.7320e-03   2.8148e+02
20261001_03:00:00   2.2026e-01   5.7862e+01   2.1239e+01   0.0000e+00   5.9781e-02   2.8455e+02
20261001_04:00:00   2.3674e-01   6.1442e+01   2.3722e+01   0.0000e+00   4.6958e-02   2.8228e+02
20261001_05:00:00   2.4206e-01   6.2662e+01   2.3892e+01   0.0000e+00   4.2949e-02   2.8255e+02
20261001_06:00:00   2.6137e-01   6.6877e+01   2.5639e+01   0.0000e+00   4.1085e-01   2.8266e+02
20261001_07:00:00   2.7342e-01   6.9459e+01   2.6996e+01   0.0000e+00   4.2606e-01   2.8335e+02
20261001_08:00:00   2.7725e-01   7.0235e+01   2.8334e+01   0.0000e+00   3.8978e-02   2.8836e+02
20261001_09:00:00   2.6643e-01   6.7866e+01   2.7074e+01   0.0000e+00   1.0448e-01   2.9021e+02
20261001_10:00:00   2.6313e-01   6.7003e+01   2.7159e+01   0.0000e+00   8.5676e-02   2.8749e+02
20261001_11:00:00   2.6016e-01   6.6331e+01   2.6940e+01   0.0000e+00   6.0345e-02   2.8452e+02
20261001_12:00:00   4.6082e-01   1.0418e+02   3.1006e+01   1.8283e-01   8.5928e-02   2.8266e+02
20261001_13:00:00   3.9980e-01   9.3810e+01   3.1133e+01   1.1034e-01   6.9243e-03   2.8271e+02
20261001_14:00:00   3.7951e-01   9.0157e+01   3.0680e+01   9.1020e-02   1.2168e-03   2.7756e+02
20261001_15:00:00   5.4522e-01   1.1853e+02   3.1027e+01   2.7375e-01   3.3308e-03   2.7595e+02
20261001_16:00:00   7.6819e-01   1.4993e+02   3.1128e+01   5.2291e-01   3.3838e-03   2.7591e+02
20261001_17:00:00   5.0938e-01   1.1298e+02   3.1356e+01   2.2486e-01   5.1088e-03   2.7757e+02
20261001_18:00:00   3.7622e-01   9.0227e+01   3.2656e+01   6.2909e-02   2.0264e-02   2.7481e+02
20261001_19:00:00   3.6332e-01   8.8053e+01   3.6449e+01   3.1662e-03   1.2061e-04   2.7399e+02
20261001_20:00:00   3.9122e-01   9.3536e+01   3.8779e+01   6.8745e-03   9.7523e-05   2.7358e+02
20261001_21:00:00   9.3305e-01   1.6985e+02   4.2578e+01   5.8675e-01   8.6231e-03   2.7126e+02
20261001_22:00:00   5.5253e-01   1.2084e+02   4.3546e+01   1.5686e-01   5.7342e-03   2.6882e+02
20261001_23:00:00   7.8938e-01   1.5360e+02   4.2802e+01   4.3619e-01   1.8153e-03   2.6863e+02
20261002_00:00:00   5.9997e-01   1.2823e+02   4.2828e+01   2.2326e-01   4.0433e-04   2.6836e+02
20261002_01:00:00   4.4476e-01   1.0319e+02   4.2349e+01   5.3460e-02   5.3677e-04   2.6779e+02
20261002_02:00:00   3.9188e-01   9.3643e+01   4.0961e+01   1.0678e-02   3.2274e-04   2.6516e+02
20261002_03:00:00   3.6435e-01   8.8384e+01   3.9546e+01   2.7515e-04   9.8126e-05   2.6449e+02
20261002_04:00:00   3.4510e-01   8.4592e+01   3.7852e+01   0.0000e+00   3.5932e-03   2.6428e+02
20261002_05:00:00   3.2008e-01   7.9747e+01   3.4744e+01   0.0000e+00   7.1082e-04   2.6570e+02
20261002_06:00:00   3.0068e-01   7.5964e+01   3.1981e+01   0.0000e+00   1.1261e-05   2.6739e+02
20261002_07:00:00   2.8833e-01   7.3461e+01   3.0429e+01   0.0000e+00   4.8280e-06   2.6780e+02
20261002_08:00:00   2.8085e-01   7.1880e+01   2.9424e+01   0.0000e+00   1.5934e-04   2.6722e+02
20261002_09:00:00   2.9113e-01   7.4033e+01   3.0597e+01   0.0000e+00   2.2561e-03   2.6621e+02
20261002_10:00:00   2.9698e-01   7.5284e+01   3.1270e+01   0.0000e+00   3.4545e-04   2.6615e+02
20261002_11:00:00   3.0429e-01   7.6757e+01   3.2336e+01   0.0000e+00   4.9567e-03   2.6522e+02
20261002_12:00:00   3.1638e-01   7.9235e+01   3.3966e+01   0.0000e+00   7.6911e-03   2.6412e+02
20261002_13:00:00   3.2388e-01   8.0782e+01   3.4992e+01   0.0000e+00   3.6867e-03   2.6497e+02
20261002_14:00:00   3.5045e-01   8.6046e+01   3.8133e+01   3.8500e-05   7.0052e-03   2.6588e+02
20261002_15:00:00   3.7055e-01   9.0084e+01   3.9937e+01   0.0000e+00   5.8797e-02   2.6666e+02
20261002_16:00:00   4.1360e-01   9.8260e+01   4.2590e+01   1.4782e-02   4.6072e-02   2.6800e+02
20261002_17:00:00   4.2360e-01   1.0027e+02   4.3495e+01   9.5290e-03   1.1860e-02   2.6797e+02
20261002_18:00:00   4.2722e-01   1.0096e+02   4.3683e+01   1.0609e-02   8.0611e-03   2.6862e+02
20261002_19:00:00   4.1885e-01   9.9309e+01   4.3864e+01   1.3420e-04   2.8586e-02   2.6852e+02
20261002_20:00:00   4.2710e-01   1.0063e+02   4.4399e+01   7.6956e-04   4.5938e-02   2.7110e+02
20261002_21:00:00   6.8885e-01   1.4112e+02   4.4886e+01   2.9606e-01   4.9207e-02   2.7357e+02
20261002_22:00:00   9.2373e-01   1.6913e+02   4.3580e+01   5.8161e-01   7.7286e-02   2.7236e+02
20261002_23:00:00   6.2202e-01   1.3093e+02   4.0515e+01   2.7834e-01   2.8738e-02   2.7217e+02
20261003_00:00:00   3.5919e-01   8.6788e+01   3.7296e+01   1.0216e-02   1.0380e-02   2.7301e+02
20261003_01:00:00   3.2195e-01   7.9370e+01   3.3973e+01   0.0000e+00   4.0520e-03   2.7471e+02
20261003_02:00:00   2.7397e-01   6.9380e+01   2.8230e+01   0.0000e+00   1.5418e-02   2.7562e+02
20261003_03:00:00   2.5487e-01   6.5302e+01   2.5242e+01   0.0000e+00   2.9518e-02   2.7610e+02
20261003_04:00:00   2.2548e-01   5.8811e+01   2.1376e+01   0.0000e+00   5.3507e-02   2.7913e+02
20261003_05:00:00   1.7875e-01   4.8009e+01   1.6148e+01   0.0000e+00   4.0938e-02   2.7966e+02
20261003_06:00:00   1.4737e-01   4.0559e+01   1.2106e+01   0.0000e+00   1.4226e-02   2.8254e+02
20261003_07:00:00   1.3729e-01   3.8160e+01   1.0428e+01   0.0000e+00   2.8957e-02   2.8270e+02
20261003_08:00:00   1.3382e-01   3.7254e+01   1.0126e+01   0.0000e+00   7.1826e-02   2.8505e+02
20261003_09:00:00   1.2920e-01   3.6137e+01   9.3643e+00   0.0000e+00   1.4566e-02   2.8847e+02
20261003_10:00:00   1.2965e-01   3.6233e+01   9.2418e+00   0.0000e+00   0.0000e+00   2.8785e+02
20261003_11:00:00   1.3351e-01   3.7137e+01   9.6254e+00   0.0000e+00   0.0000e+00   2.8826e+02
20261003_12:00:00   1.3792e-01   3.8175e+01   1.0035e+01   0.0000e+00   0.0000e+00   2.8818e+02
20261003_13:00:00   1.4237e-01   3.9251e+01   1.0460e+01   0.0000e+00   0.0000e+00   2.8851e+02
20261003_14:00:00   1.4933e-01   4.0943e+01   1.1211e+01   0.0000e+00   0.0000e+00   2.8814e+02
20261003_15:00:00   1.5540e-01   4.2389e+01   1.1954e+01   0.0000e+00   0.0000e+00   2.8850e+02
20261003_16:00:00   1.6093e-01   4.3702e+01   1.2742e+01   0.0000e+00   0.0000e+00   2.8862e+02
20261003_17:00:00   1.6195e-01   4.3965e+01   1.3042e+01   0.0000e+00   0.0000e+00   2.8775e+02
20261003_18:00:00   1.6592e-01   4.4920e+01   1.3500e+01   0.0000e+00   0.0000e+00   2.8627e+02
20261003_19:00:00   1.6709e-01   4.5224e+01   1.3602e+01   0.0000e+00   0.0000e+00   2.8540e+02
20261003_20:00:00   1.7210e-01   4.6383e+01   1.4170e+01   1.8182e-04   0.0000e+00   2.8510e+02
20261003_21:00:00   1.7924e-01   4.8035e+01   1.4992e+01   2.7220e-04   0.0000e+00   2.8433e+02
20261003_22:00:00   1.8687e-01   4.9750e+01   1.5815e+01   0.0000e+00   0.0000e+00   2.8430e+02
20261003_23:00:00   1.8451e-01   4.9141e+01   1.5594e+01   0.0000e+00   0.0000e+00   2.8423e+02
20261004_00:00:00   1.8042e-01   4.8176e+01   1.5063e+01   0.0000e+00   0.0000e+00   2.8628e+02
20261004_01:00:00   1.7843e-01   4.7694e+01   1.4754e+01   0.0000e+00   0.0000e+00   2.8883e+02
20261004_02:00:00   1.7870e-01   4.7734e+01   1.4761e+01   0.0000e+00   0.0000e+00   2.8998e+02
20261004_03:00:00   1.8097e-01   4.8231e+01   1.4969e+01   0.0000e+00   0.0000e+00   2.9036e+02
20261004_04:00:00   1.8429e-01   4.8955e+01   1.5215e+01   0.0000e+00   0.0000e+00   2.9024e+02
20261004_05:00:00   1.8618e-01   4.9364e+01   1.5366e+01   0.0000e+00   0.0000e+00   2.9028e+02
20261004_06:00:00   1.8857e-01   4.9885e+01   1.5521e+01   0.0000e+00   0.0000e+00   2.8893e+02
20261004_07:00:00   1.8791e-01   4.9717e+01   1.5469e+01   0.0000e+00   0.0000e+00   2.8898e+02
20261004_08:00:00   1.8693e-01   4.9468e+01   1.5437e+01   0.0000e+00   0.0000e+00   2.8753e+02
20261004_09:00:00   1.8866e-01   4.9836e+01   1.5571e+01   0.0000e+00   0.0000e+00   2.8710e+02
20261004_10:00:00   1.8826e-01   4.9735e+01   1.5532e+01   0.0000e+00   0.0000e+00   2.8672e+02
20261004_11:00:00   1.8756e-01   4.9556e+01   1.5527e+01   0.0000e+00   0.0000e+00   2.8591e+02
20261004_12:00:00   1.8808e-01   4.9641e+01   1.5636e+01   0.0000e+00   0.0000e+00   2.8505e+02
20261004_13:00:00   1.8769e-01   4.9619e+01   1.5583e+01   0.0000e+00   0.0000e+00   2.8555e+02
20261004_14:00:00   1.8954e-01   5.0132e+01   1.5517e+01   0.0000e+00   0.0000e+00   2.8578e+02
20261004_15:00:00   1.8849e-01   4.9980e+01   1.5389e+01   1.0954e-03   0.0000e+00   2.8602e+02
20261004_16:00:00   1.8206e-01   4.8537e+01   1.4939e+01   2.5880e-04   2.9105e-03   2.8709e+02
20261004_17:00:00   1.8083e-01   4.8257e+01   1.4885e+01   3.1800e-06   1.0970e-02   2.8972e+02
20261004_18:00:00   1.8250e-01   4.8617e+01   1.5288e+01   0.0000e+00   5.1659e-03   2.9030e+02
20261004_19:00:00   1.8751e-01   4.9748e+01   1.6236e+01   0.0000e+00   8.5740e-03   2.9263e+02
20261004_20:00:00   1.9593e-01   5.1627e+01   1.7548e+01   0.0000e+00   2.2026e-02   2.9411e+02
20261004_21:00:00   2.3862e-01   6.0900e+01   2.2926e+01   5.0680e-03   6.6992e-02   2.9342e+02
20261004_22:00:00   3.7208e-01   8.7603e+01   2.9400e+01   9.4479e-02   5.0362e-01   2.9238e+02
20261004_23:00:00   6.1496e-01   1.2746e+02   3.1243e+01   3.4436e-01   4.7901e-01   2.9179e+02
20261005_00:00:00   4.8595e-01   1.0794e+02   3.2798e+01   1.7835e-01   2.6490e-01   2.9129e+02
20261005_01:00:00   7.7810e-01   1.5006e+02   3.3660e+01   4.9983e-01   4.4233e-01   2.8910e+02
20261005_02:00:00   4.0054e-01   9.3510e+01   3.3240e+01   7.5137e-02   4.4152e-01   2.8808e+02
20261005_03:00:00   4.5861e-01   1.0417e+02   3.2818e+01   1.4334e-01   1.0725e-01   2.8995e+02
20261005_04:00:00   4.3265e-01   9.9554e+01   3.1647e+01   1.2043e-01   7.0045e-03   2.9204e+02
20261005_05:00:00   6.4286e-01   1.3299e+02   3.1052e+01   3.6407e-01   1.5392e-02   2.9247e+02
20261005_06:00:00   6.0599e-01   1.2759e+02   2.8525e+01   3.4421e-01   2.2810e-02   2.9429e+02
20261005_07:00:00   3.8345e-01   9.0427e+01   2.6461e+01   1.0911e-01   2.7089e-02   2.9444e+02
20261005_08:00:00   2.9362e-01   7.2896e+01   2.4622e+01   2.4858e-02   5.2713e-03   2.9595e+02
20261005_09:00:00   2.7462e-01   6.8950e+01   2.3212e+01   1.6953e-02   1.3860e-06   3.0063e+02
20261005_10:00:00   3.7515e-01   8.9083e+01   2.3229e+01   1.3718e-01   1.8478e-06   3.0309e+02
20261005_11:00:00   5.0980e-01   1.1296e+02   2.2883e+01   3.0135e-01   0.0000e+00   3.0771e+02
20261005_12:00:00   3.9735e-01   9.3103e+01   2.2355e+01   1.7380e-01   0.0000e+00   3.0639e+02
20261005_13:00:00   2.8980e-01   7.1982e+01   2.1385e+01   5.7222e-02   0.0000e+00   3.0225e+02
20261005_14:00:00   2.3618e-01   6.0660e+01   2.0320e+01   3.5410e-03   0.0000e+00   3.0119e+02
20261005_15:00:00   2.2701e-01   5.8801e+01   1.9221e+01   4.1127e-03   1.9478e-05   3.0166e+02
20261005_16:00:00   2.2936e-01   5.9443e+01   1.9171e+01   5.3618e-03   9.1620e-07   3.0091e+02
20261005_17:00:00   3.2543e-01   7.9482e+01   1.9913e+01   1.0966e-01   0.0000e+00   2.9988e+02
20261005_18:00:00   5.1550e-01   1.1363e+02   2.0275e+01   3.2432e-01   3.8620e-06   3.0007e+02
20261005_19:00:00   3.4817e-01   8.3390e+01   2.0114e+01   1.3112e-01   6.2500e-05   3.0230e+02
20261005_20:00:00   4.3348e-01   9.8685e+01   1.8878e+01   2.4454e-01   1.1998e-04   3.0322e+02
20261005_21:00:00   5.4507e-01   1.1632e+02   1.8098e+01   3.7644e-01   7.3590e-04   3.0672e+02
20261005_22:00:00   1.8704e-01   4.9143e+01   1.5064e+01   2.2718e-03   3.1797e-05   3.1380e+02
20261005_23:00:00   1.6931e-01   4.4997e+01   1.2846e+01   0.0000e+00   0.0000e+00   3.2385e+02
20261006_00:00:00   1.5412e-01   4.1307e+01   1.1008e+01   0.0000e+00   2.1134e-06   3.3275e+02
20261006_03:00:00   1.4313e-01   3.8309e+01   9.2520e+00   0.0000e+00   2.3324e-06   3.5629e+02
20261006_06:00:00   1.1979e-01   3.2531e+01   6.4401e+00   0.0000e+00   1.5299e-06   3.8045e+02
20261006_09:00:00   1.3296e-01   3.5569e+01   8.5177e+00   0.0000e+00   2.5829e-06   3.7455e+02
20261006_12:00:00   1.3161e-01   3.5390e+01   8.2273e+00   0.0000e+00   5.9672e-07   3.7242e+02
20261006_15:00:00   1.2419e-01   3.3877e+01   7.5156e+00   0.0000e+00   0.0000e+00   3.5125e+02
20261006_18:00:00   1.1040e-01   3.0675e+01   6.4482e+00   0.0000e+00   0.0000e+00   3.4382e+02
20261006_21:00:00   1.1275e-01   3.1282e+01   7.1333e+00   0.0000e+00   0.0000e+00   3.4138e+02
20261007_00:00:00   1.1343e-01   3.1404e+01   7.4202e+00   0.0000e+00   0.0000e+00   3.3335e+02
20261007_03:00:00   1.1861e-01   3.2615e+01   8.2598e+00   0.0000e+00   0.0000e+00   3.2647e+02
20261007_06:00:00   1.2699e-01   3.4589e+01   9.8472e+00   0.0000e+00   0.0000e+00   3.2465e+02
20261007_09:00:00   1.2262e-01   3.3568e+01   9.3020e+00   0.0000e+00   0.0000e+00   3.2019e+02
20261007_12:00:00   1.2387e-01   3.3971e+01   9.1220e+00   0.0000e+00   4.9100e-06   3.2123e+02
20261007_15:00:00   1.3521e-01   3.6859e+01   1.0576e+01   0.0000e+00   0.0000e+00   3.2112e+02
20261007_18:00:00   1.4984e-01   4.0435e+01   1.3019e+01   0.0000e+00   0.0000e+00   3.2557e+02
20261007_21:00:00   1.5212e-01   4.1028e+01   1.3462e+01   0.0000e+00   0.0000e+00   3.2319e+02
20261008_00:00:00   1.5837e-01   4.2524e+01   1.4033e+01   0.0000e+00   0.0000e+00   3.1547e+02
20261008_03:00:00   1.5372e-01   4.1415e+01   1.3358e+01   0.0000e+00   8.1580e-06   3.1299e+02
20261008_06:00:00   1.6330e-01   4.3710e+01   1.4120e+01   0.0000e+00   4.8280e-06   3.1055e+02
20261008_09:00:00   1.7786e-01   4.7058e+01   1.6180e+01   0.0000e+00   7.8723e-03   3.1448e+02
20261008_12:00:00   1.8790e-01   4.9327e+01   1.7341e+01   0.0000e+00   9.5188e-03   3.1549e+02
20261008_15:00:00   3.6231e-01   8.5487e+01   2.2539e+01   1.3966e-01   3.3842e-02   3.1678e+02
20261008_18:00:00   3.6207e-01   8.5685e+01   2.1594e+01   1.3640e-01   9.6147e-03   3.1737e+02
20261008_21:00:00   2.3854e-01   6.1088e+01   1.7141e+01   3.3880e-02   0.0000e+00   3.2681e+02
20261009_00:00:00   1.5825e-01   4.2731e+01   1.1591e+01   0.0000e+00   0.0000e+00   3.3505e+02
20261009_03:00:00   1.4554e-01   3.9480e+01   9.7594e+00   0.0000e+00   0.0000e+00   3.4275e+02
20261009_06:00:00   1.4033e-01   3.8097e+01   9.2826e+00   0.0000e+00   0.0000e+00   3.4535e+02
20261009_09:00:00   1.3655e-01   3.7156e+01   8.9124e+00   0.0000e+00   1.0696e-03   3.3635e+02
20261009_12:00:00   1.3061e-01   3.5656e+01   8.6109e+00   0.0000e+00   0.0000e+00   3.2920e+02
20261009_15:00:00   1.2552e-01   3.4468e+01   8.8969e+00   0.0000e+00   0.0000e+00   3.2436e+02
20261009_18:00:00   1.3868e-01   3.7696e+01   1.1353e+01   0.0000e+00   0.0000e+00   3.2458e+02
20261009_21:00:00   1.6437e-01   4.3742e+01   1.4847e+01   0.0000e+00   0.0000e+00   3.1575e+02
20261010_00:00:00   1.7845e-01   4.6974e+01   1.6580e+01   0.0000e+00   4.0480e-06   3.0593e+02
20261010_03:00:00   1.7869e-01   4.7035e+01   1.6436e+01   0.0000e+00   1.9570e-05   2.9426e+02
20261010_06:00:00   1.8572e-01   4.8611e+01   1.7437e+01   0.0000e+00   6.0390e-03   2.9636e+02
20261010_09:00:00   1.7807e-01   4.6849e+01   1.6672e+01   3.2340e-04   1.2908e-03   2.9736e+02
20261010_12:00:00   2.2788e-01   5.8137e+01   2.1010e+01   1.1430e-02   1.2302e-03   2.9621e+02
20261010_15:00:00   1.9299e-01   5.0872e+01   1.7702e+01   0.0000e+00   1.0333e-05   2.9175e+02
20261010_18:00:00   1.8639e-01   4.9648e+01   1.7283e+01   0.0000e+00   0.0000e+00   2.9230e+02
20261010_21:00:00   1.8927e-01   5.0437e+01   1.8080e+01   0.0000e+00   0.0000e+00   2.8553e+02
20261011_00:00:00   2.0283e-01   5.3559e+01   1.9585e+01   0.0000e+00   0.0000e+00   2.6983e+02
20261011_03:00:00   2.0170e-01   5.3329e+01   1.9320e+01   0.0000e+00   1.1720e-05   2.6773e+02
20261011_06:00:00   2.0888e-01   5.4889e+01   2.0486e+01   0.0000e+00   7.7920e-06   2.6209e+02
20261011_09:00:00   2.2598e-01   5.8954e+01   2.2116e+01   0.0000e+00   4.2684e-05   2.6433e+02
20261011_12:00:00   2.3636e-01   6.1451e+01   2.2554e+01   0.0000e+00   0.0000e+00   2.6511e+02
20261011_15:00:00   2.3723e-01   6.1918e+01   2.2106e+01   0.0000e+00   9.4209e-03   2.6426e+02
20261011_18:00:00   2.4218e-01   6.3192e+01   2.2348e+01   0.0000e+00   6.1517e-02   2.7187e+02
20261011_21:00:00   2.4505e-01   6.3701e+01   2.2896e+01   0.0000e+00   7.9390e-02   2.7265e+02
20261012_00:00:00   2.5943e-01   6.6816e+01   2.4107e+01   0.0000e+00   2.8812e-02   2.7930e+02
20261012_03:00:00   2.7825e-01   7.0658e+01   2.6344e+01   0.0000e+00   0.0000e+00   2.8120e+02
20261012_06:00:00   3.4995e-01   8.4722e+01   3.3989e+01   6.5997e-03   2.9107e-02   2.6684e+02
20261012_09:00:00   5.9900e-01   1.2715e+02   3.6023e+01   2.6373e-01   2.2452e-02   2.6433e+02
20261012_12:00:00   6.7659e-01   1.3851e+02   3.5334e+01   3.5932e-01   2.9388e-01   2.6579e+02
20261012_15:00:00   7.5706e-01   1.4841e+02   3.5425e+01   4.4728e-01   7.6665e-01   2.6938e+02
20261012_18:00:00   5.8805e-01   1.2504e+02   3.2283e+01   2.8789e-01   1.5159e-01   2.7495e+02
20261012_21:00:00   4.0817e-01   9.4051e+01   2.1347e+01   1.9592e-01   2.9610e-03   2.7503e+02
20261013_00:00:00   1.4447e-01   3.9598e+01   1.1247e+01   3.9180e-04   5.3580e-06   2.7684e+02
20261013_03:00:00   1.5538e-01   4.2009e+01   1.2885e+01   0.0000e+00   0.0000e+00   2.7719e+02
20261013_06:00:00   1.4715e-01   4.0080e+01   1.1534e+01   0.0000e+00   0.0000e+00   2.8076e+02
20261013_09:00:00   1.5743e-01   4.2417e+01   1.2333e+01   0.0000e+00   0.0000e+00   2.8209e+02
20261013_12:00:00   1.2079e-01   3.3442e+01   7.8596e+00   0.0000e+00   0.0000e+00   2.9101e+02
20261013_15:00:00   1.2839e-01   3.5180e+01   8.4769e+00   0.0000e+00   1.3652e-03   2.9839e+02
20261013_18:00:00   1.3712e-01   3.7094e+01   9.7240e+00   0.0000e+00   2.2720e-07   3.0920e+02
20261013_21:00:00   1.2489e-01   3.4102e+01   8.0753e+00   0.0000e+00   0.0000e+00   3.1963e+02
20261014_00:00:00   1.2161e-01   3.3119e+01   7.5027e+00   0.0000e+00   0.0000e+00   3.2622e+02
20261014_03:00:00   1.2231e-01   3.3246e+01   7.3453e+00   0.0000e+00   1.4644e-06   3.2902e+02
20261014_06:00:00   1.1556e-01   3.1577e+01   6.5752e+00   0.0000e+00   0.0000e+00   3.2746e+02
20261014_09:00:00   1.1021e-01   3.0296e+01   5.8936e+00   0.0000e+00   0.0000e+00   3.3068e+02
20261014_12:00:00   1.0685e-01   2.9492e+01   5.6288e+00   0.0000e+00   0.0000e+00   3.2969e+02
20261014_15:00:00   1.0586e-01   2.9298e+01   5.9925e+00   0.0000e+00   0.0000e+00   3.2216e+02
20261014_18:00:00   1.2572e-01   3.4125e+01   9.1593e+00   0.0000e+00   0.0000e+00   3.0356e+02
20261014_21:00:00   1.5766e-01   4.1900e+01   1.2808e+01   0.0000e+00   4.0780e-06   2.9763e+02
20261015_00:00:00   1.5376e-01   4.1197e+01   1.2362e+01   0.0000e+00   1.2744e-04   2.9774e+02
20261015_03:00:00   1.8552e-01   4.8557e+01   1.6263e+01   0.0000e+00   0.0000e+00   2.8771e+02
20261015_06:00:00   1.9581e-01   5.1003e+01   1.7818e+01   0.0000e+00   0.0000e+00   2.8446e+02
20261015_09:00:00   2.1087e-01   5.4562e+01   1.9470e+01   3.6859e-03   0.0000e+00   2.7627e+02
20261015_12:00:00   2.1164e-01   5.4945e+01   1.9669e+01   0.0000e+00   0.0000e+00   2.7041e+02
20261015_15:00:00   2.0841e-01   5.4564e+01   1.9212e+01   0.0000e+00   0.0000e+00   2.6846e+02
20261015_18:00:00   2.2443e-01   5.8598e+01   2.1031e+01   0.0000e+00   0.0000e+00   2.6474e+02
20261015_21:00:00   2.3755e-01   6.1765e+01   2.2427e+01   0.0000e+00   0.0000e+00   2.6478e+02
20261016_00:00:00   2.3433e-01   6.1115e+01   2.1649e+01   0.0000e+00   0.0000e+00   2.6555e+02
20261016_03:00:00   2.2699e-01   5.9478e+01   2.0835e+01   0.0000e+00   0.0000e+00   2.6478e+02
20261016_06:00:00   2.3700e-01   6.1676e+01   2.1950e+01   0.0000e+00   0.0000e+00   2.6428e+02
20261016_09:00:00   2.7319e-01   6.9415e+01   2.6325e+01   0.0000e+00   2.2540e-04   2.6579e+02
20261016_12:00:00   2.4998e-01   6.4292e+01   2.3977e+01   0.0000e+00   1.3748e-03   2.6924e+02
20261016_15:00:00   2.4803e-01   6.3948e+01   2.3671e+01   0.0000e+00   3.4915e-04   2.6971e+02
20261016_18:00:00   2.6449e-01   6.7690e+01   2.5430e+01   2.9940e-04   7.7765e-03   2.6823e+02
20261016_21:00:00   2.4530e-01   6.3472e+01   2.3330e+01   0.0000e+00   4.9840e-04   2.7016e+02
20261017_00:00:00   2.2524e-01   5.8740e+01   2.1108e+01   0.0000e+00   3.4824e-02   2.7558e+02
