#            date       tau255        Tb[K]      pwv[mm] lwp[kg*m^-2] iwp[kg*m^-2]       o3[DU]
20260802_12:00:00   3.7130e-01   9.0352e+01   3.8083e+01   0.0000e+00   2.3397e-02   3.1170e+02
20260802_13:00:00   3.8004e-01   9.2209e+01   3.8677e+01   0.0000e+00   2.5281e-02   3.1171e+02
20260802_14:00:00   3.6419e-01   8.9464e+01   3.6090e+01   0.0000e+00   3.5709e-03   3.1258e+02
20260802_15:00:00   3.5421e-01   8.7618e+01   3.4991e+01   0.0000e+00   3.8432e-03   3.1207e+02
20260802_16:00:00   3.4257e-01   8.5327e+01   3.4538e+01   0.0000e+00   5.4719e-03   3.1197e+02
20260802_17:00:00   3.4556e-01   8.5928e+01   3.5238e+01   4.8280e-06   4.6860e-03   3.1147e+02
20260802_18:00:00   3.5387e-01   8.7385e+01   3.7180e+01   1.0020e-03   2.7160e-02   3.1018e+02
20260802_19:00:00   3.3510e-01   8.3519e+01   3.6112e+01   2.1780e-04   2.9015e-02   3.0882e+02
20260802_20:00:00   3.1047e-01   7.8587e+01   3.2691e+01   0.0000e+00   7.9508e-02   3.0742e+02
20260802_21:00:00   3.0683e-01   7.7909e+01   3.1789e+01   0.0000e+00   1.1795e-01   3.0660e+02
20260802_22:00:00   3.1665e-01   7.9886e+01   3.2960e+01   0.0000e+00   2.3310e-02   3.0687e+02
20260802_23:00:00   3.0232e-01   7.7001e+01   3.0522e+01   0.0000e+00   2.8174e-03   3.0759e+02
20260803_00:00:00   2.8647e-01   7.3586e+01   2.8131e+01   0.0000e+00   2.6776e-02   3.0893e+02
20260803_01:00:00   3.1032e-01   7.8505e+01   3.1229e+01   0.0000e+00   1.0654e-01   3.1012e+02
20260803_02:00:00   3.6005e-01   8.8575e+01   3.6309e+01   0.0000e+00   1.6481e-02   3.0958e+02
20260803_03:00:00   4.2119e-01   1.0029e+02   4.2556e+01   4.9100e-06   1.1326e-02   3.0910e+02
20260803_04:00:00   4.7091e-01   1.0929e+02   4.6237e+01   1.9792e-02   7.6403e-03   3.0834e+02
20260803_05:00:00   4.9073e-01   1.1303e+02   4.5836e+01   5.8559e-02   1.3119e-02   3.0848e+02
20260803_06:00:00   5.2686e-01   1.1926e+02   4.7776e+01   8.8770e-02   4.4096e-02   3.0873e+02
20260803_07:00:00   6.4133e-01   1.3635e+02   5.0836e+01   1.8008e-01   3.4517e-01   3.0937e+02
20260803_08:00:00   1.2766e+00   2.0310e+02   5.3179e+01   8.7307e-01   6.4454e-01   3.0858e+02
20260803_09:00:00   1.9092e+00   2.4123e+02   5.6567e+01   1.5818e+00   1.9898e-01   3.0789e+02
20260803_10:00:00   8.2659e-01   1.6062e+02   5.6279e+01   3.1811e-01   7.4498e-02   3.0875e+02
20260803_11:00:00   1.4786e+00   2.1826e+02   5.8348e+01   1.0364e+00   4.1310e-01   3.1010e+02
20260803_12:00:00   1.4968e+00   2.1926e+02   5.8469e+01   1.0544e+00   5.3628e-01   3.1111e+02
20260803_13:00:00   1.5584e+00   2.2500e+02   5.9563e+01   1.1439e+00   6.5548e-01   3.1122e+02
20260803_14:00:00   1.1355e+00   1.9377e+02   5.8553e+01   6.5435e-01   3.5627e-01   3.1172e+02
20260803_15:00:00   1.4343e+00   2.1561e+02   5.8335e+01   9.9025e-01   5.3196e-01   3.1209e+02
20260803_16:00:00   1.0697e+00   1.8742e+02   5.7820e+01   5.8650e-01   5.4404e-02   3.1121e+02
20260803_17:00:00   1.0179e+00   1.8145e+02   5.6093e+01   5.3972e-01   3.3668e-01   3.1005e+02
20260803_18:00:00   7.0621e-01   1.4501e+02   5.5695e+01   1.8208e-01   7.1157e-01   3.0841e+02
20260803_19:00:00   5.4288e-01   1.2146e+02   5.5286e+01   4.0265e-03   2.6213e-01   3.0967e+02
20260803_20:00:00   6.5184e-01   1.3889e+02   5.4275e+01   1.4883e-01   3.4129e-02   3.1077e+02
20260803_21:00:00   1.0610e+00   1.8926e+02   5.2621e+01   6.9047e-01   4.1999e-02   3.1299e+02
20260803_22:00:00   4.7681e-01   1.0970e+02   4.5646e+01   4.0307e-02   3.3783e-02   3.1379e+02
20260803_23:00:00   3.6878e-01   9.0045e+01   3.7706e+01   0.0000e+00   5.0532e-03   3.1530e+02
20260804_00:00:00   2.8857e-01   7.3624e+01   2.8870e+01   0.0000e+00   7.6888e-03   3.1851e+02
20260804_01:00:00   2.5602e-01   6.6569e+01   2.4837e+01   0.0000e+00   1.1994e-02   3.2018e+02
20260804_02:00:00   2.2766e-01   6.0192e+01   2.1405e+01   0.0000e+00   8.9566e-04   3.2411e+02
20260804_03:00:00   1.9137e-01   5.1843e+01   1.6813e+01   0.0000e+00   5.1148e-03   3.3077e+02
20260804_04:00:00   1.7832e-01   4.8808e+01   1.5005e+01   0.0000e+00   3.7180e-05   3.3269e+02
20260804_05:00:00   1.7436e-01   4.7884e+01   1.4388e+01   0.0000e+00   4.9080e-05   3.3371e+02
20260804_06:00:00   1.7380e-01   4.7752e+01   1.4290e+01   0.0000e+00   1.2684e-03   3.3367e+02
20260804_07:00:00   1.7331e-01   4.7643e+01   1.4259e+01   0.0000e+00   2.9940e-03   3.3070e+02
20260804_08:00:00   1.7642e-01   4.8402e+01   1.4643e+01   0.0000e+00   2.0579e-03   3.2667e+02
20260804_09:00:00   1.8021e-01   4.9326e+01   1.5072e+01   0.0000e+00   1.3003e-03   3.2306e+02
20260804_10:00:00   1.8192e-01   4.9748e+01   1.5290e+01   0.0000e+00   3.3812e-03   3.2099e+02
20260804_11:00:00   1.8136e-01   4.9669e+01   1.5288e+01   0.0000e+00   4.3322e-03   3.1905e+02
20260804_12:00:00   1.7473e-01   4.8138e+01   1.4701e+01   0.0000e+00   5.1760e-03   3.1789e+02
20260804_13:00:00   1.7611e-01   4.8538e+01   1.4800e+01   0.0000e+00   8.7020e-03   3.1741e+02
20260804_14:00:00   1.8462e-01   5.0605e+01   1.5794e+01   0.0000e+00   6.9160e-03   3.1787e+02
20260804_15:00:00   1.8067e-01   4.9683e+01   1.5715e+01   0.0000e+00   7.1826e-03   3.1919e+02
20260804_16:00:00   1.8328e-01   5.0327e+01   1.6395e+01   0.0000e+00   1.4957e-02   3.1833e+02
20260804_17:00:00   1.8342e-01   5.0437e+01   1.6621e+01   0.0000e+00   1.7443e-02   3.1911e+02
20260804_18:00:00   1.9086e-01   5.2272e+01   1.7723e+01   0.0000e+00   2.3756e-02   3.1865e+02
20260804_19:00:00   2.0045e-01   5.4568e+01   1.9018e+01   0.0000e+00   5.0520e-03   3.1808e+02
20260804_20:00:00   1.9297e-01   5.2901e+01   1.8103e+01   0.0000e+00   9.5900e-03   3.1735e+02
20260804_21:00:00   1.8532e-01   5.1172e+01   1.6967e+01   0.0000e+00   3.1304e-02   3.1724e+02
20260804_22:00:00   1.8597e-01   5.1345e+01   1.6888e+01   0.0000e+00   6.3826e-02   3.1646e+02
20260804_23:00:00   1.8589e-01   5.1319e+01   1.6727e+01   0.0000e+00   4.2703e-02   3.1522e+02
20260805_00:00:00   1.8543e-01   5.1177e+01   1.6478e+01   0.0000e+00   2.9799e-02   3.1383e+02
20260805_01:00:00   1.8184e-01   5.0294e+01   1.5878e+01   0.0000e+00   2.1215e-02   3.1363e+02
20260805_02:00:00   1.7407e-01   4.8406e+01   1.4934e+01   0.0000e+00   1.8218e-02   3.1409e+02
20260805_03:00:00   1.7151e-01   4.7740e+01   1.4696e+01   0.0000e+00   1.8295e-02   3.1352e+02
20260805_04:00:00   1.8019e-01   4.9794e+01   1.6058e+01   0.0000e+00   2.1327e-02   3.1234e+02
20260805_05:00:00   2.1348e-01   5.7584e+01   2.0059e+01   0.0000e+00   4.8352e-03   3.1168e+02
20260805_06:00:00   2.8788e-01   7.4149e+01   2.7499e+01   0.0000e+00   1.9593e-03   3.1151e+02
20260805_07:00:00   3.6183e-01   8.9342e+01   3.4627e+01   0.0000e+00   3.8913e-03   3.1004e+02
20260805_08:00:00   4.2993e-01   1.0232e+02   4.1345e+01   0.0000e+00   9.8591e-03   3.0845e+02
20260805_09:00:00   4.6934e-01   1.0930e+02   4.5866e+01   0.0000e+00   4.4080e-02   3.0737e+02
20260805_10:00:00   4.9728e-01   1.1399e+02   4.9560e+01   0.0000e+00   6.9861e-02   3.0590e+02
20260805_11:00:00   6.4054e-01   1.3672e+02   5.4641e+01   1.1622e-01   2.1010e-02   3.0451e+02
20260805_12:00:00   1.2793e+00   2.0613e+02   5.7865e+01   8.3983e-01   1.3151e-01   3.0254e+02
20260805_13:00:00   9.7604e-01   1.7754e+02   5.8101e+01   4.6108e-01   1.1740e-02   3.0076e+02
20260805_14:00:00   1.1531e+00   1.9662e+02   5.9126e+01   6.8861e-01   2.8052e-03   2.9988e+02
20260805_15:00:00   1.8837e+00   2.4223e+02   6.0518e+01   1.5244e+00   1.0963e-02   2.9960e+02
20260805_16:00:00   1.7552e+00   2.3454e+02   6.1084e+01   1.3287e+00   2.2784e-01   3.0016e+02
20260805_17:00:00   1.4548e+00   2.1805e+02   6.0886e+01   9.9141e-01   3.0982e-01   2.9987e+02
20260805_18:00:00   9.5289e-01   1.7625e+02   6.1414e+01   4.0513e-01   5.8390e-02   2.9977e+02
20260805_19:00:00   8.9261e-01   1.7024e+02   6.1342e+01   3.3941e-01   2.1671e-02   2.9920e+02
20260805_20:00:00   1.2221e+00   2.0456e+02   6.1059e+01   7.7435e-01   2.3880e-05   2.9974e+02
20260805_21:00:00   7.9113e-01   1.5916e+02   5.9764e+01   2.5030e-01   5.8921e-05   3.0043e+02
20260805_22:00:00   1.0335e+00   1.8726e+02   5.9962e+01   5.5439e-01   2.1670e-03   2.9962e+02
20260805_23:00:00   7.0604e-01   1.4777e+02   5.7935e+01   1.6976e-01   1.8558e-03   3.0017e+02
20260806_00:00:00   6.4994e-01   1.3952e+02   5.5674e+01   1.2927e-01   6.9608e-03   3.0079e+02
20260806_01:00:00   5.5853e-01   1.2497e+02   5.3995e+01   4.0441e-02   1.0986e-02   3.0129e+02
20260806_02:00:00   5.5450e-01   1.2421e+02   5.3984e+01   4.2586e-02   1.0601e-03   3.0104e+02
20260806_03:00:00   5.9723e-01   1.3111e+02   5.5246e+01   7.7348e-02   1.6714e-02   3.0032e+02
20260806_04:00:00   5.8408e-01   1.2908e+02   5.5677e+01   5.6516e-02   6.5716e-02   2.9962e+02
20260806_05:00:00   5.5834e-01   1.2473e+02   5.6284e+01   8.0836e-03   4.7763e-03   2.9983e+02
20260806_06:00:00   6.2900e-01   1.3592e+02   5.8830e+01   6.3217e-02   2.9236e-02   2.9989e+02
20260806_07:00:00   6.1487e-01   1.3357e+02   5.9591e+01   3.2200e-02   5.4946e-03   3.0033e+02
20260806_08:00:00   6.1420e-01   1.3343e+02   5.9013e+01   3.6292e-02   1.2048e-03   3.0150e+02
20260806_09:00:00   6.3820e-01   1.3690e+02   5.9130e+01   5.8261e-02   5.6020e-04   3.0204e+02
20260806_10:00:00   5.9229e-01   1.2985e+02   5.8555e+01   1.1521e-02   1.7142e-05   3.0168e+02
20260806_11:00:00   5.9198e-01   1.2998e+02   5.7377e+01   3.4700e-02   1.0168e-04   3.0274e+02
20260806_12:00:00   6.1956e-01   1.3442e+02   5.6388e+01   8.6848e-02   9.4500e-05   3.0286e+02
20260806_13:00:00   6.8606e-01   1.4302e+02   5.5770e+01   1.5943e-01   2.6356e-03   3.0330e+02
20260806_14:00:00   6.1652e-01   1.3299e+02   5.4268e+01   1.0233e-01   5.7956e-03   3.0338e+02
20260806_15:00:00   5.6102e-01   1.2475e+02   5.4108e+01   4.7061e-02   2.1382e-03   3.0374e+02
20260806_16:00:00   5.3320e-01   1.2072e+02   5.5112e+01   1.4037e-03   1.7812e-04   3.0424e+02
20260806_17:00:00   5.3120e-01   1.2080e+02   5.4204e+01   9.2046e-03   7.8580e-06   3.0480e+02
20260806_18:00:00   5.2445e-01   1.1967e+02   5.4001e+01   7.9658e-03   3.3980e-04   3.0418e+02
20260806_19:00:00   5.5343e-01   1.2459e+02   5.4822e+01   3.9743e-02   6.6380e-05   3.0369e+02
20260806_20:00:00   5.5889e-01   1.2543e+02   5.3697e+01   6.2944e-02   3.2040e-04   3.0368e+02
20260806_21:00:00   5.7467e-01   1.2721e+02   5.2738e+01   8.8206e-02   5.3323e-04   3.0452e+02
20260806_22:00:00   5.0078e-01   1.1577e+02   5.2668e+01   5.4540e-05   4.7876e-05   3.0559e+02
20260806_23:00:00   5.0046e-01   1.1587e+02   5.1850e+01   0.0000e+00   2.5261e-04   3.0588e+02
20260807_00:00:00   4.9660e-01   1.1527e+02   5.0915e+01   0.0000e+00   3.4243e-04   3.0529e+02
20260807_01:00:00   4.7598e-01   1.1160e+02   4.8948e+01   0.0000e+00   2.5200e-04   3.0720e+02
20260807_02:00:00   4.7618e-01   1.1150e+02   4.9297e+01   0.0000e+00   0.0000e+00   3.0753e+02
20260807_03:00:00   4.7749e-01   1.1161e+02   4.9561e+01   0.0000e+00   0.0000e+00   3.0630e+02
20260807_04:00:00   4.8357e-01   1.1260e+02   5.0045e+01   0.0000e+00   0.0000e+00   3.0613e+02
20260807_05:00:00   4.8745e-01   1.1326e+02   5.0226e+01   0.0000e+00   0.0000e+00   3.0477e+02
20260807_06:00:00   4.9542e-01   1.1462e+02   5.0774e+01   0.0000e+00   0.0000e+00   3.0326e+02
20260807_07:00:00   4.9321e-01   1.1421e+02   5.0823e+01   0.0000e+00   4.6081e-04   3.0313e+02
20260807_08:00:00   4.9257e-01   1.1407e+02   5.1038e+01   0.0000e+00   2.0335e-05   3.0450e+02
20260807_09:00:00   4.9213e-01   1.1394e+02   5.0901e+01   0.0000e+00   0.0000e+00   3.0640e+02
20260807_10:00:00   4.7637e-01   1.1123e+02   4.9030e+01   0.0000e+00   0.0000e+00   3.0780e+02
20260807_11:00:00   4.6677e-01   1.0953e+02   4.8014e+01   0.0000e+00   0.0000e+00   3.0708e+02
20260807_12:00:00   4.6406e-01   1.0913e+02   4.7636e+01   0.0000e+00   0.0000e+00   3.0705e+02
20260807_15:00:00   4.4200e-01   1.0543e+02   4.5939e+01   0.0000e+00   0.0000e+00   3.0860e+02
20260807_18:00:00   6.9712e-01   1.4632e+02   4.8589e+01   2.8978e-01   0.0000e+00   3.1188e+02
20260807_21:00:00   4.6143e-01   1.0906e+02   4.7558e+01   1.7522e-02   1.2383e-02   3.1379e+02
20260808_00:00:00   1.3210e+00   2.0925e+02   5.4308e+01   9.2581e-01   6.6964e-03   3.1333e+02
20260808_03:00:00   4.2546e-01   1.0139e+02   4.6139e+01   0.0000e+00   1.3794e-01   3.1367e+02
20260808_06:00:00   4.5235e-01   1.0608e+02   4.8299e+01   9.5136e-03   1.0886e-01   3.1304e+02
20260808_09:00:00   4.6230e-01   1.0793e+02   4.8974e+01   0.0000e+00   1.8878e-03   3.1614e+02
20260808_12:00:00   4.4670e-01   1.0544e+02   4.6256e+01   0.0000e+00   2.1520e-04   3.1993e+02
20260808_15:00:00   4.4624e-01   1.0570e+02   4.5607e+01   2.2720e-07   1.9314e-05   3.2494e+02
20260808_18:00:00   3.6567e-01   9.0617e+01   3.8845e+01   0.0000e+00   0.0000e+00   3.1935e+02
20260808_21:00:00   3.0240e-01   7.7930e+01   3.0625e+01   1.0912e-03   0.0000e+00   3.1883e+02
20260809_00:00:00   3.1042e-01   7.9292e+01   3.2381e+01   1.6300e-03   1.7626e-02   3.1768e+02
20260809_03:00:00   3.6728e-01   9.0628e+01   3.8748e+01   3.4060e-06   1.1963e-02   3.1443e+02
20260809_06:00:00   4.7571e-01   1.1038e+02   4.9986e+01   6.7742e-03   3.4221e-03   3.1235e+02
20260809_09:00:00   4.3718e-01   1.0349e+02   4.5959e+01   0.0000e+00   2.5283e-04   3.1400e+02
20260809_12:00:00   3.5385e-01   8.7690e+01   3.5710e+01   0.0000e+00   7.5508e-03   3.1532e+02
20260809_15:00:00   3.2129e-01   8.1637e+01   3.1405e+01   0.0000e+00   8.7424e-05   3.2242e+02
20260809_18:00:00   3.0093e-01   7.7439e+01   2.9673e+01   0.0000e+00   0.0000e+00   3.2994e+02
20260809_21:00:00   2.1144e-01   5.7288e+01   2.0322e+01   0.0000e+00   7.8540e-05   3.2531e+02
20260810_00:00:00   1.9902e-01   5.4037e+01   1.9530e+01   0.0000e+00   9.0456e-04   3.2095e+02
20260810_03:00:00   1.8145e-01   4.9729e+01   1.7628e+01   0.0000e+00   1.0974e-04   3.2062e+02
20260810_06:00:00   2.1464e-01   5.7148e+01   2.2974e+01   0.0000e+00   9.8986e-03   3.1985e+02
20260810_09:00:00   2.9017e-01   7.3324e+01   3.2510e+01   0.0000e+00   4.1132e-03   3.1698e+02
20260810_12:00:00   3.5179e-01   8.6146e+01   3.8440e+01   0.0000e+00   2.1282e-03   3.1438e+02
20260810_15:00:00   3.7972e-01   9.2116e+01   4.0968e+01   0.0000e+00   0.0000e+00   3.1671e+02
20260810_18:00:00   4.4372e-01   1.0486e+02   4.7117e+01   5.2200e-04   7.1500e-04   3.1664e+02
20260810_21:00:00   4.7968e-01   1.1164e+02   4.9121e+01   2.3894e-02   1.3603e-01   3.1478e+02
20260811_00:00:00   5.4264e-01   1.2145e+02   5.3625e+01   2.6018e-02   3.5348e-01   3.1706e+02
20260811_03:00:00   8.5544e-01   1.6275e+02   4.8646e+01   4.4118e-01   5.9369e-01   3.1730e+02
20260811_06:00:00   4.2236e-01   1.0051e+02   4.1855e+01   0.0000e+00   9.0231e-03   3.1753e+02
20260811_09:00:00   3.7422e-01   9.1246e+01   3.5135e+01   0.0000e+00   4.4780e-03   3.2201e+02
20260811_12:00:00   2.9893e-01   7.5528e+01   2.8599e+01   0.0000e+00   1.5579e-02   3.2609e+02
20260811_15:00:00   2.7943e-01   7.1314e+01   2.6665e+01   1.8710e-05   3.4282e-03   3.2727e+02
20260811_18:00:00   2.5230e-01   6.5609e+01   2.4227e+01   1.8548e-04   2.5700e-03   3.2857e+02
20260811_21:00:00   2.3718e-01   6.2230e+01   2.2927e+01   3.5580e-05   3.3940e-04   3.2918e+02
20260812_00:00:00   2.7856e-01   7.1240e+01   2.5695e+01   6.0400e-04   0.0000e+00   3.3922e+02
20260812_03:00:00   2.5639e-01   6.6294e+01   2.3085e+01   0.0000e+00   0.0000e+00   3.5489e+02
20260812_06:00:00   2.4481e-01   6.3518e+01   2.1471e+01   0.0000e+00   0.0000e+00   3.6059e+02
20260812_09:00:00   2.0513e-01   5.4425e+01   1.7685e+01   0.0000e+00   0.0000e+00   3.5337e+02
20260812_12:00:00   1.9681e-01   5.2449e+01   1.6740e+01   0.0000e+00   0.0000e+00   3.5392e+02
20260812_15:00:00   1.9742e-01   5.2786e+01   1.6914e+01   0.0000e+00   0.0000e+00   3.6031e+02
20260812_18:00:00   2.0758e-01   5.5299e+01   1.8454e+01   0.0000e+00   0.0000e+00   3.6540e+02
20260812_21:00:00   2.2300e-01   5.8939e+01   2.0404e+01   0.0000e+00   0.0000e+00   3.5285e+02
20260813_00:00:00   2.4989e-01   6.5106e+01   2.2653e+01   0.0000e+00   1.4040e-04   3.4542e+02
20260813_03:00:00   2.4435e-01   6.3788e+01   2.2241e+01   0.0000e+00   2.8720e-04   3.4043e+02
20260813_06:00:00   2.5062e-01   6.5114e+01   2.3237e+01   0.0000e+00   3.9280e-06   3.3315e+02
20260813_09:00:00   2.3487e-01   6.1600e+01   2.1900e+01   0.0000e+00   2.1238e-03   3.2923e+02
20260813_12:00:00   2.6742e-01   6.8794e+01   2.5652e+01   0.0000e+00   3.5452e-02   3.2771e+02
20260813_15:00:00   2.7973e-01   7.1533e+01   2.8128e+01   0.0000e+00   2.2752e-02   3.2361e+02
20260813_18:00:00   3.0564e-01   7.7037e+01   3.2580e+01   0.0000e+00   6.9502e-03   3.2208e+02
20260813_21:00:00   3.4303e-01   8.4786e+01   3.7434e+01   0.0000e+00   1.4504e-02   3.1837e+02
20260814_00:00:00   5.9582e-01   1.2835e+02   4.8649e+01   1.5732e-01   1.1108e-01   3.1344e+02
20260814_03:00:00   4.9053e-01   1.1212e+02   4.9937e+01   1.3740e-02   3.3224e-02   3.1192e+02
20260814_06:00:00   5.6060e-01   1.2377e+02   5.1028e+01   6.7120e-02   6.5758e-04   3.1008e+02
20260814_09:00:00   1.0897e+00   1.8803e+02   5.5228e+01   6.2630e-01   4.6966e-01   3.1152e+02
20260814_12:00:00   5.4775e-01   1.2275e+02   5.0308e+01   7.1971e-02   3.7603e-02   3.1266e+02
20260814_15:00:00   1.1062e+00   1.8891e+02   5.2428e+01   6.7318e-01   1.0082e-01   3.1350e+02
20260814_18:00:00   6.1008e-01   1.3182e+02   5.3492e+01   9.5113e-02   7.9839e-02   3.1360e+02
20260814_21:00:00   3.3436e-01   8.4483e+01   3.0386e+01   0.0000e+00   1.4969e-02   3.1889e+02
20260815_00:00:00   2.8406e-01   7.3714e+01   2.6266e+01   0.0000e+00   8.7780e-06   3.2148e+02
20260815_03:00:00   2.4469e-01   6.4931e+01   2.2308e+01   0.0000e+00   0.0000e+00   3.2156e+02
20260815_06:00:00   2.5568e-01   6.7098e+01   2.2934e+01   0.0000e+00   0.0000e+00   3.2275e+02
20260815_09:00:00   2.5794e-01   6.7327e+01   2.3475e+01   0.0000e+00   2.3258e-03   3.2306e+02
20260815_12:00:00   2.6098e-01   6.7689e+01   2.4335e+01   0.0000e+00   1.4634e-03   3.2040e+02
20260815_15:00:00   2.5381e-01   6.6275e+01   2.3324e+01   0.0000e+00   0.0000e+00   3.2040e+02
20260815_18:00:00   2.5283e-01   6.6254e+01   2.4164e+01   0.0000e+00   9.9561e-04   3.2328e+02
20260815_21:00:00   2.5657e-01   6.7235e+01   2.5067e+01   0.0000e+00   1.9950e-03   3.1952e+02
20260816_00:00:00   2.7557e-01   7.1209e+01   2.6216e+01   0.0000e+00   1.5982e-04   3.1602e+02
20260816_03:00:00   2.7592e-01   7.1127e+01   2.6418e+01   0.0000e+00   1.5406e-03   3.1571e+02
20260816_06:00:00   2.7768e-01   7.1400e+01   2.6439e+01   0.0000e+00   3.6743e-03   3.1286e+02
20260816_09:00:00   2.8266e-01   7.2393e+01   2.6661e+01   0.0000e+00   4.6102e-05   3.1314e+02
20260816_12:00:00   2.9627e-01   7.5218e+01   2.8148e+01   0.0000e+00   5.0452e-04   3.1151e+02
20260816_15:00:00   3.0847e-01   7.8181e+01   2.9197e+01   0.0000e+00   0.0000e+00   3.1008e+02
20260816_18:00:00   3.0712e-01   7.8235e+01   3.0078e+01   0.0000e+00   2.0440e-03   3.0890e+02
20260816_21:00:00   3.3814e-01   8.4570e+01   3.4688e+01   1.1984e-03   2.7608e-02   3.0835e+02
20260817_00:00:00   3.4613e-01   8.6171e+01   3.4889e+01   0.0000e+00   1.8252e-03   3.0690e+02
20260817_03:00:00   3.8478e-01   9.3573e+01   3.8619e+01   0.0000e+00   3.5440e-04   3.0562e+02
20260817_06:00:00   4.2214e-01   1.0051e+02   4.2026e+01   1.1394e-03   3.4960e-05   3.0451e+02
20260817_09:00:00   4.5373e-01   1.0616e+02   4.2104e+01   3.4400e-02   6.1628e-05   3.0231e+02
20260817_12:00:00   4.6231e-01   1.0800e+02   4.5604e+01   0.0000e+00   5.5770e-03   3.0336e+02
20260817_15:00:00   4.7468e-01   1.1067e+02   4.6342e+01   1.0209e-04   3.5443e-03   3.0255e+02
20260817_18:00:00   5.5290e-01   1.2500e+02   4.8756e+01   8.9419e-02   1.4696e-02   3.0216e+02
20260817_21:00:00   5.3866e-01   1.2232e+02   5.6094e+01   8.7380e-05   1.9836e-02   3.0000e+02
20260818_00:00:00   5.0956e-01   1.1777e+02   5.1472e+01   0.0000e+00   1.9158e-04   3.0249e+02
20260818_03:00:00   5.3212e-01   1.2141e+02   5.3894e+01   0.0000e+00   3.6823e-04   3.0176e+02
20260818_06:00:00   6.8032e-01   1.4348e+02   5.4539e+01   1.6904e-01   0.0000e+00   3.0251e+02
20260818_09:00:00   4.7980e-01   1.1224e+02   4.9703e+01   9.8790e-05   4.6000e-03   3.0150e+02
20260818_12:00:00   1.0953e+00   1.8923e+02   5.6126e+01   6.4579e-01   5.3461e-02   3.0212e+02
