#            date       tau255        Tb[K]      pwv[mm] lwp[kg*m^-2] iwp[kg*m^-2]       o3[DU]
20260906_12:00:00   3.2370e-01   7.8315e+01   2.3723e+01   6.6632e-02   1.0960e-04   3.4777e+02
20260906_13:00:00   3.5766e-01   8.4920e+01   2.4360e+01   9.8439e-02   3.1839e-05   3.4640e+02
20260906_14:00:00   3.8705e-01   9.0512e+01   2.4990e+01   1.2406e-01   6.5421e-05   3.4708e+02
20260906_15:00:00   3.6257e-01   8.6086e+01   2.4678e+01   1.0011e-01   1.1640e-04   3.4741e+02
20260906_16:00:00   2.9770e-01   7.3359e+01   2.4131e+01   3.4356e-02   7.0720e-05   3.4668e+02
20260906_17:00:00   2.5785e-01   6.5187e+01   2.2947e+01   2.6440e-03   5.8433e-05   3.4657e+02
20260906_18:00:00   2.4524e-01   6.2626e+01   2.1585e+01   3.6522e-03   4.0202e-06   3.4714e+02
20260906_19:00:00   2.4860e-01   6.3481e+01   2.0371e+01   2.0017e-02   9.9920e-07   3.4732e+02
20260906_20:00:00   2.7546e-01   6.9197e+01   2.0682e+01   4.8295e-02   1.7726e-05   3.4663e+02
20260906_21:00:00   2.3455e-01   6.0502e+01   1.8996e+01   2.0822e-02   1.2814e-04   3.4459e+02
20260906_22:00:00   2.0094e-01   5.3093e+01   1.7555e+01   4.6224e-04   2.3297e-05   3.4714e+02
20260906_23:00:00   1.9301e-01   5.1141e+01   1.6978e+01   3.9203e-04   2.8998e-05   3.4890e+02
20260907_00:00:00   1.9317e-01   5.1110e+01   1.7087e+01   6.8140e-07   4.9800e-05   3.4999e+02
20260907_01:00:00   2.1315e-01   5.5601e+01   1.8959e+01   1.1394e-03   3.5720e-06   3.5105e+02
20260907_02:00:00   2.1494e-01   5.5928e+01   1.9511e+01   8.3160e-06   9.2400e-08   3.5227e+02
20260907_03:00:00   2.1878e-01   5.6698e+01   2.0180e+01   0.0000e+00   0.0000e+00   3.5146e+02
20260907_04:00:00   2.0349e-01   5.3312e+01   1.8464e+01   0.0000e+00   0.0000e+00   3.4811e+02
20260907_05:00:00   1.9640e-01   5.1746e+01   1.7677e+01   0.0000e+00   0.0000e+00   3.4613e+02
20260907_06:00:00   1.9632e-01   5.1749e+01   1.7683e+01   0.0000e+00   2.2720e-07   3.4627e+02
20260907_07:00:00   1.9613e-01   5.1729e+01   1.7667e+01   0.0000e+00   4.9980e-05   3.4781e+02
20260907_08:00:00   2.0677e-01   5.4108e+01   1.9037e+01   0.0000e+00   0.0000e+00   3.4880e+02
20260907_09:00:00   2.1355e-01   5.5638e+01   1.9780e+01   0.0000e+00   4.0440e-06   3.4932e+02
20260907_10:00:00   2.1367e-01   5.5704e+01   1.9716e+01   0.0000e+00   0.0000e+00   3.4926e+02
20260907_11:00:00   2.0532e-01   5.3816e+01   1.8904e+01   0.0000e+00   0.0000e+00   3.4688e+02
20260907_12:00:00   1.9675e-01   5.1857e+01   1.8097e+01   0.0000e+00   0.0000e+00   3.4422e+02
20260907_13:00:00   1.9537e-01   5.1538e+01   1.8125e+01   0.0000e+00   0.0000e+00   3.4124e+02
20260907_14:00:00   1.9740e-01   5.2022e+01   1.8521e+01   0.0000e+00   1.8168e-07   3.3882e+02
20260907_15:00:00   1.9621e-01   5.1812e+01   1.8435e+01   0.0000e+00   0.0000e+00   3.3634e+02
20260907_16:00:00   1.9250e-01   5.1076e+01   1.8031e+01   0.0000e+00   0.0000e+00   3.3568e+02
20260907_17:00:00   1.9896e-01   5.2629e+01   1.8731e+01   0.0000e+00   0.0000e+00   3.3589e+02
20260907_18:00:00   1.9966e-01   5.2905e+01   1.8861e+01   0.0000e+00   0.0000e+00   3.3878e+02
20260907_19:00:00   1.9936e-01   5.2945e+01   1.8724e+01   0.0000e+00   0.0000e+00   3.4092e+02
20260907_20:00:00   2.0256e-01   5.3782e+01   1.8775e+01   0.0000e+00   0.0000e+00   3.3792e+02
20260907_21:00:00   2.0284e-01   5.3970e+01   1.8505e+01   0.0000e+00   0.0000e+00   3.3690e+02
20260907_22:00:00   1.9970e-01   5.3320e+01   1.7990e+01   0.0000e+00   0.0000e+00   3.3605e+02
20260907_23:00:00   1.9802e-01   5.2924e+01   1.7721e+01   0.0000e+00   0.0000e+00   3.3493e+02
20260908_00:00:00   1.9793e-01   5.2859e+01   1.7702e+01   0.0000e+00   0.0000e+00   3.3498e+02
20260908_01:00:00   1.8880e-01   5.0770e+01   1.6605e+01   0.0000e+00   0.0000e+00   3.3435e+02
20260908_02:00:00   1.8500e-01   4.9837e+01   1.6206e+01   0.0000e+00   0.0000e+00   3.3495e+02
20260908_03:00:00   1.8138e-01   4.8931e+01   1.6024e+01   0.0000e+00   0.0000e+00   3.3567e+02
20260908_04:00:00   1.9283e-01   5.1565e+01   1.7460e+01   0.0000e+00   2.9300e-05   3.3477e+02
20260908_05:00:00   2.0488e-01   5.4320e+01   1.8806e+01   0.0000e+00   4.2980e-03   3.3070e+02
20260908_06:00:00   2.1341e-01   5.6199e+01   1.9990e+01   0.0000e+00   1.5450e-02   3.2922e+02
20260908_07:00:00   2.2402e-01   5.8563e+01   2.1219e+01   0.0000e+00   1.3284e-02   3.2907e+02
20260908_08:00:00   2.4572e-01   6.3294e+01   2.3632e+01   0.0000e+00   1.7168e-02   3.3185e+02
20260908_09:00:00   2.5970e-01   6.6227e+01   2.5349e+01   0.0000e+00   4.4258e-02   3.3222e+02
20260908_10:00:00   2.6776e-01   6.7789e+01   2.6992e+01   0.0000e+00   1.5977e-01   3.3236e+02
20260908_11:00:00   2.9597e-01   7.3503e+01   3.0356e+01   4.8280e-06   2.9849e-01   3.3071e+02
20260908_12:00:00   6.2154e-01   1.2959e+02   3.2192e+01   3.4486e-01   4.4939e-01   3.2968e+02
20260908_13:00:00   3.7759e-01   8.9498e+01   3.2660e+01   6.0432e-02   4.6189e-01   3.2616e+02
20260908_14:00:00   3.2360e-01   7.9212e+01   3.0844e+01   1.6911e-02   8.1327e-02   3.2508e+02
20260908_15:00:00   3.4272e-01   8.3136e+01   2.9027e+01   5.3053e-02   1.2545e-01   3.1969e+02
20260908_16:00:00   2.7130e-01   6.9194e+01   2.4680e+01   0.0000e+00   4.5420e-07   3.2331e+02
20260908_17:00:00   2.5585e-01   6.6129e+01   2.2207e+01   2.5140e-03   9.8220e-06   3.2819e+02
20260908_18:00:00   2.3845e-01   6.2456e+01   2.0499e+01   1.8410e-03   0.0000e+00   3.2780e+02
20260908_19:00:00   2.2254e-01   5.8942e+01   1.9298e+01   0.0000e+00   2.1780e-03   3.2859e+02
20260908_20:00:00   2.1923e-01   5.8203e+01   1.9035e+01   0.0000e+00   9.1160e-04   3.2832e+02
20260908_21:00:00   2.1290e-01   5.6780e+01   1.8386e+01   0.0000e+00   4.8730e-04   3.2547e+02
20260908_22:00:00   2.0249e-01   5.4347e+01   1.7333e+01   0.0000e+00   4.9907e-03   3.2400e+02
20260908_23:00:00   1.9572e-01   5.2719e+01   1.6783e+01   0.0000e+00   1.5175e-02   3.2297e+02
20260909_00:00:00   1.9474e-01   5.2424e+01   1.6827e+01   0.0000e+00   1.3511e-02   3.1979e+02
20260909_01:00:00   1.9746e-01   5.2987e+01   1.7058e+01   0.0000e+00   8.0797e-03   3.1589e+02
20260909_02:00:00   1.9274e-01   5.1831e+01   1.6612e+01   0.0000e+00   1.5179e-02   3.1469e+02
20260909_03:00:00   1.9920e-01   5.3206e+01   1.7792e+01   0.0000e+00   9.0402e-03   3.1168e+02
20260909_04:00:00   2.0546e-01   5.4494e+01   1.9036e+01   0.0000e+00   1.5813e-02   3.0967e+02
20260909_05:00:00   2.2173e-01   5.7961e+01   2.1918e+01   0.0000e+00   1.2765e-02   3.0926e+02
20260909_06:00:00   2.5701e-01   6.5523e+01   2.6423e+01   0.0000e+00   4.7673e-04   3.0772e+02
20260909_07:00:00   2.9556e-01   7.3461e+01   3.1199e+01   0.0000e+00   2.2696e-03   3.0744e+02
20260909_08:00:00   3.1019e-01   7.6372e+01   3.2842e+01   0.0000e+00   5.1466e-03   3.0678e+02
20260909_09:00:00   3.2125e-01   7.8622e+01   3.4077e+01   0.0000e+00   2.1522e-02   3.0657e+02
20260909_10:00:00   3.4460e-01   8.3281e+01   3.4722e+01   2.0220e-02   6.8351e-02   3.0722e+02
20260909_11:00:00   3.3139e-01   8.0723e+01   3.4909e+01   4.2800e-04   1.6047e-01   3.0737e+02
20260909_12:00:00   3.3426e-01   8.1414e+01   3.5248e+01   0.0000e+00   1.5241e-01   3.0695e+02
20260909_13:00:00   3.3846e-01   8.2359e+01   3.5616e+01   1.0144e-03   5.0503e-02   3.0510e+02
20260909_14:00:00   3.4725e-01   8.4131e+01   3.6022e+01   6.8960e-03   3.8485e-02   3.0285e+02
20260909_15:00:00   4.6872e-01   1.0572e+02   3.6918e+01   1.3352e-01   6.3805e-02   3.0142e+02
20260909_16:00:00   3.4964e-01   8.4836e+01   3.6067e+01   1.0922e-02   1.2408e-02   2.9792e+02
20260909_17:00:00   4.1583e-01   9.7049e+01   3.4780e+01   1.0051e-01   4.4941e-02   2.9813e+02
20260909_18:00:00   4.2360e-01   9.8554e+01   3.4894e+01   1.1100e-01   9.6321e-02   2.9763e+02
20260909_19:00:00   7.4552e-01   1.4755e+02   3.7973e+01   4.4212e-01   1.6355e-01   2.9624e+02
20260909_20:00:00   5.0590e-01   1.1304e+02   3.8789e+01   1.6070e-01   6.0982e-02   2.9751e+02
20260909_21:00:00   7.0037e-01   1.4206e+02   4.2085e+01   3.4368e-01   1.0544e-01   2.9718e+02
20260909_22:00:00   1.0845e+00   1.8585e+02   4.5553e+01   7.4223e-01   6.8526e-02   2.9721e+02
20260909_23:00:00   9.3553e-01   1.7110e+02   4.7468e+01   5.4882e-01   3.1300e-01   2.9569e+02
20260910_00:00:00   5.4100e-01   1.1961e+02   4.8776e+01   7.8908e-02   3.4183e-01   2.9341e+02
20260910_01:00:00   7.1994e-01   1.4529e+02   4.8488e+01   2.8583e-01   5.1103e-01   2.9150e+02
20260910_02:00:00   1.3872e+00   2.1012e+02   5.1172e+01   1.0097e+00   5.1291e-01   2.9092e+02
20260910_03:00:00   1.5628e+00   2.2143e+02   5.1836e+01   1.2047e+00   5.0236e-01   2.9070e+02
20260910_04:00:00   1.2935e+00   2.0401e+02   5.2152e+01   8.9799e-01   4.2317e-01   2.9054e+02
20260910_05:00:00   1.2340e+00   1.9924e+02   5.1537e+01   8.3310e-01   2.2024e-01   2.8935e+02
20260910_06:00:00   1.2436e+00   2.0120e+02   5.0188e+01   8.8139e-01   1.3973e-02   2.8948e+02
20260910_07:00:00   1.1919e+00   1.9686e+02   5.0893e+01   8.1165e-01   2.7244e-01   2.8952e+02
20260910_08:00:00   1.2814e+00   2.0232e+02   5.0344e+01   9.0018e-01   2.5459e-01   2.8981e+02
20260910_09:00:00   1.3169e+00   2.0575e+02   5.1178e+01   9.3484e-01   2.2496e-01   2.8863e+02
20260910_10:00:00   8.1418e-01   1.5876e+02   4.8563e+01   3.8807e-01   1.6283e-02   2.9114e+02
20260910_11:00:00   6.2892e-01   1.3307e+02   4.5774e+01   1.9176e-01   2.4230e-02   2.9146e+02
20260910_12:00:00   4.0011e-01   9.6035e+01   3.9369e+01   3.1620e-04   1.6130e-02   2.9257e+02
20260910_13:00:00   3.6957e-01   9.0298e+01   3.6390e+01   0.0000e+00   1.6904e-02   2.9422e+02
20260910_14:00:00   3.5915e-01   8.8315e+01   3.5982e+01   0.0000e+00   5.8517e-02   2.9505e+02
20260910_15:00:00   3.6291e-01   8.9129e+01   3.6707e+01   0.0000e+00   4.1604e-02   2.9536e+02
20260910_16:00:00   3.6124e-01   8.8841e+01   3.6903e+01   9.0840e-07   4.1450e-02   2.9459e+02
20260910_17:00:00   3.6049e-01   8.8809e+01   3.6793e+01   3.9700e-04   2.1959e-01   2.9381e+02
20260910_18:00:00   3.5328e-01   8.7464e+01   3.6210e+01   0.0000e+00   1.0712e-01   2.9372e+02
20260910_19:00:00   3.7976e-01   9.2696e+01   3.9042e+01   2.8980e-04   2.9461e-02   2.9269e+02
20260910_20:00:00   4.1001e-01   9.8449e+01   4.1179e+01   1.2252e-02   1.5149e-02   2.9134e+02
20260910_21:00:00   4.1645e-01   9.9497e+01   4.2963e+01   0.0000e+00   9.2629e-02   2.9142e+02
20260910_22:00:00   4.1431e-01   9.9143e+01   4.1328e+01   0.0000e+00   8.8614e-02   2.9325e+02
20260910_23:00:00   3.8847e-01   9.4088e+01   3.8796e+01   0.0000e+00   1.4898e-01   2.9507e+02
20260911_00:00:00   3.5134e-01   8.6652e+01   3.5324e+01   0.0000e+00   1.0069e-01   2.9727e+02
20260911_01:00:00   3.1832e-01   7.9608e+01   3.2750e+01   0.0000e+00   3.1218e-01   2.9852e+02
20260911_02:00:00   2.8503e-01   7.2356e+01   2.9769e+01   4.8280e-05   2.9471e-02   2.9944e+02
20260911_03:00:00   2.4957e-01   6.4378e+01   2.6393e+01   0.0000e+00   8.1125e-02   2.9934e+02
20260911_04:00:00   2.2438e-01   5.8675e+01   2.3198e+01   0.0000e+00   2.0018e-01   3.0005e+02
20260911_05:00:00   2.2265e-01   5.8370e+01   2.1603e+01   0.0000e+00   2.3469e-01   3.0088e+02
20260911_06:00:00   2.1194e-01   5.6085e+01   1.9435e+01   0.0000e+00   1.4328e-02   3.0283e+02
20260911_07:00:00   2.1399e-01   5.6538e+01   1.8996e+01   0.0000e+00   8.8520e-03   3.0697e+02
20260911_08:00:00   2.2172e-01   5.8185e+01   1.9757e+01   0.0000e+00   7.5483e-03   3.1000e+02
20260911_09:00:00   2.0595e-01   5.4518e+01   1.7909e+01   0.0000e+00   1.7676e-02   3.1548e+02
20260911_10:00:00   1.8525e-01   4.9733e+01   1.5148e+01   0.0000e+00   3.3191e-03   3.2530e+02
20260911_11:00:00   1.8072e-01   4.8627e+01   1.4080e+01   0.0000e+00   0.0000e+00   3.2523e+02
20260911_12:00:00   1.6959e-01   4.5981e+01   1.2852e+01   0.0000e+00   0.0000e+00   3.3356e+02
20260911_15:00:00   1.7235e-01   4.6612e+01   1.3845e+01   0.0000e+00   0.0000e+00   3.2146e+02
20260911_18:00:00   1.7265e-01   4.6786e+01   1.4842e+01   0.0000e+00   0.0000e+00   3.2200e+02
20260911_21:00:00   1.6544e-01   4.5182e+01   1.3976e+01   0.0000e+00   0.0000e+00   3.1521e+02
20260912_00:00:00   1.6212e-01   4.4238e+01   1.4100e+01   0.0000e+00   0.0000e+00   3.1518e+02
20260912_03:00:00   1.5573e-01   4.2640e+01   1.3508e+01   0.0000e+00   0.0000e+00   3.1097e+02
20260912_06:00:00   1.5364e-01   4.2103e+01   1.3539e+01   0.0000e+00   0.0000e+00   3.0908e+02
20260912_09:00:00   1.5332e-01   4.2019e+01   1.3449e+01   0.0000e+00   9.6560e-06   3.1013e+02
20260912_12:00:00   1.6318e-01   4.4335e+01   1.4877e+01   0.0000e+00   1.8736e-03   3.0888e+02
20260912_15:00:00   1.7995e-01   4.8454e+01   1.7105e+01   0.0000e+00   5.7067e-04   3.0381e+02
20260912_18:00:00   1.7438e-01   4.7387e+01   1.6369e+01   0.0000e+00   2.7321e-03   3.0498e+02
20260912_21:00:00   1.7447e-01   4.7568e+01   1.6206e+01   0.0000e+00   1.1431e-02   3.0634e+02
20260913_00:00:00   1.7240e-01   4.6910e+01   1.6179e+01   0.0000e+00   3.3960e-02   3.0914e+02
20260913_03:00:00   1.8756e-01   5.0417e+01   1.7493e+01   0.0000e+00   9.4993e-03   3.1132e+02
20260913_06:00:00   1.8045e-01   4.8774e+01   1.6193e+01   0.0000e+00   0.0000e+00   3.1895e+02
20260913_09:00:00   1.8526e-01   4.9989e+01   1.7082e+01   0.0000e+00   7.9060e-04   3.1086e+02
20260913_12:00:00   2.0682e-01   5.5078e+01   1.9680e+01   0.0000e+00   3.4487e-03   3.0601e+02
20260913_15:00:00   2.1933e-01   5.8189e+01   2.1382e+01   0.0000e+00   2.2060e-04   3.0579e+02
20260913_18:00:00   2.2193e-01   5.9052e+01   2.2412e+01   0.0000e+00   8.7299e-04   3.0871e+02
20260913_21:00:00   2.3394e-01   6.2051e+01   2.3571e+01   0.0000e+00   8.2425e-03   3.0624e+02
20260914_00:00:00   2.7268e-01   7.0865e+01   2.6414e+01   0.0000e+00   4.0243e-03   3.0177e+02
20260914_03:00:00   3.0283e-01   7.7302e+01   2.8136e+01   0.0000e+00   4.6900e-03   2.9978e+02
20260914_06:00:00   3.2038e-01   8.0597e+01   3.1862e+01   0.0000e+00   1.5692e-03   2.9527e+02
20260914_09:00:00   3.2869e-01   8.2191e+01   3.3809e+01   2.6560e-03   1.2268e-03   2.9247e+02
20260914_12:00:00   3.6686e-01   8.9615e+01   3.9865e+01   0.0000e+00   7.0848e-04   2.9198e+02
20260914_15:00:00   9.9614e-01   1.7851e+02   5.1949e+01   5.6639e-01   9.5289e-03   2.8998e+02
20260914_18:00:00   6.5614e-01   1.3862e+02   5.3445e+01   1.6750e-01   1.6707e-03   2.8828e+02
20260914_21:00:00   9.9677e-01   1.8102e+02   5.4049e+01   5.6185e-01   1.3161e-03   2.8624e+02
20260915_00:00:00   5.3205e-01   1.1918e+02   5.1052e+01   4.0579e-02   1.0095e-01   2.8405e+02
20260915_03:00:00   1.0592e+00   1.8705e+02   5.1598e+01   6.7652e-01   2.2320e-02   2.8483e+02
20260915_06:00:00   9.6967e-01   1.7550e+02   5.1727e+01   5.3246e-01   1.1070e-02   2.8256e+02
20260915_09:00:00   6.2695e-01   1.3380e+02   4.9609e+01   1.7966e-01   1.5716e-04   2.8276e+02
20260915_12:00:00   1.0854e+00   1.8700e+02   4.9016e+01   7.0851e-01   2.4017e-02   2.8538e+02
20260915_15:00:00   6.5806e-01   1.3832e+02   4.4541e+01   2.7843e-01   1.0522e-02   2.8377e+02
20260915_18:00:00   5.8523e-01   1.2775e+02   3.8047e+01   2.4347e-01   1.0913e-02   2.8362e+02
20260915_21:00:00   6.0153e-01   1.3051e+02   3.3389e+01   3.1216e-01   6.0541e-02   2.8545e+02
20260916_00:00:00   5.5944e-01   1.2344e+02   4.1360e+01   1.9266e-01   7.1159e-03   2.8539e+02
20260916_03:00:00   6.7464e-01   1.4119e+02   4.3667e+01   3.1559e-01   7.5208e-02   2.8685e+02
20260916_06:00:00   7.2864e-01   1.4845e+02   4.7543e+01   3.3108e-01   7.2171e-01   2.8552e+02
20260916_09:00:00   1.0003e+00   1.7922e+02   4.9116e+01   6.0736e-01   6.4858e-02   2.8674e+02
20260916_12:00:00   7.5261e-01   1.5198e+02   4.9060e+01   3.4504e-01   3.3481e-01   2.8940e+02
20260916_15:00:00   6.5531e-01   1.3912e+02   4.9502e+01   2.1325e-01   3.5790e-02   2.8946e+02
20260916_18:00:00   8.6646e-01   1.6640e+02   5.0929e+01   4.0667e-01   2.5693e-02   2.9071e+02
20260916_21:00:00   5.3272e-01   1.2046e+02   5.0396e+01   1.7062e-02   4.8239e-02   2.9380e+02
20260917_00:00:00   1.0941e+00   1.9278e+02   4.8796e+01   7.4760e-01   1.5532e-02   2.9959e+02
20260917_03:00:00   7.6292e-01   1.5457e+02   3.6615e+01   4.7228e-01   8.3680e-06   2.9674e+02
20260917_06:00:00   2.5605e-01   6.6387e+01   2.4142e+01   1.4704e-03   4.8145e-02   2.9503e+02
20260917_09:00:00   2.0971e-01   5.5300e+01   2.0784e+01   0.0000e+00   9.4868e-02   2.9269e+02
20260917_12:00:00   3.0711e-01   7.6138e+01   2.9725e+01   2.0964e-02   1.5727e-02   2.9625e+02
20260917_15:00:00   2.5009e-01   6.4605e+01   2.3994e+01   0.0000e+00   3.3500e-05   3.0105e+02
20260917_18:00:00   2.3395e-01   6.1356e+01   2.1402e+01   0.0000e+00   0.0000e+00   3.0279e+02
20260917_21:00:00   2.4041e-01   6.2766e+01   2.1646e+01   0.0000e+00   0.0000e+00   3.0346e+02
20260918_00:00:00   2.2877e-01   6.0054e+01   1.9931e+01   0.0000e+00   0.0000e+00   3.0175e+02
20260918_03:00:00   2.1867e-01   5.7569e+01   1.8276e+01   0.0000e+00   0.0000e+00   3.0117e+02
20260918_06:00:00   1.8274e-01   4.9099e+01   1.4479e+01   0.0000e+00   0.0000e+00   2.9576e+02
20260918_09:00:00   1.6238e-01   4.4070e+01   1.2467e+01   0.0000e+00   0.0000e+00   2.9909e+02
20260918_12:00:00   1.2699e-01   3.5210e+01   9.1849e+00   0.0000e+00   1.0255e-03   3.0614e+02
20260918_15:00:00   1.1270e-01   3.1643e+01   7.6599e+00   0.0000e+00   2.4439e-02   3.0914e+02
20260918_18:00:00   1.1742e-01   3.2872e+01   8.4571e+00   0.0000e+00   2.3604e-02   3.0708e+02
20260918_21:00:00   1.2859e-01   3.5454e+01   1.0445e+01   0.0000e+00   3.0611e-02   3.0516e+02
20260919_00:00:00   1.3066e-01   3.5886e+01   1.0796e+01   0.0000e+00   2.0558e-02   3.0894e+02
20260919_03:00:00   1.1710e-01   3.2754e+01   8.2687e+00   0.0000e+00   3.5618e-03   3.0662e+02
20260919_06:00:00   1.1961e-01   3.3341e+01   8.4590e+00   0.0000e+00   0.0000e+00   3.0782e+02
20260919_09:00:00   1.3312e-01   3.6623e+01   1.0063e+01   0.0000e+00   0.0000e+00   3.0344e+02
20260919_12:00:00   1.3633e-01   3.7446e+01   1.0401e+01   0.0000e+00   0.0000e+00   3.0180e+02
20260919_15:00:00   1.4388e-01   3.9459e+01   1.1448e+01   0.0000e+00   0.0000e+00   2.9930e+02
20260919_18:00:00   1.7006e-01   4.6015e+01   1.4240e+01   0.0000e+00   0.0000e+00   2.9900e+02
20260919_21:00:00   2.1423e-01   5.6484e+01   1.9068e+01   0.0000e+00   1.0746e-05   2.9132e+02
20260920_00:00:00   2.5131e-01   6.4680e+01   2.2719e+01   1.9314e-05   4.9100e-06   2.8814e+02
20260920_03:00:00   2.6498e-01   6.7711e+01   2.3886e+01   4.8280e-06   1.3883e-04   2.8769e+02
20260920_06:00:00   5.3900e-01   1.1864e+02   2.5938e+01   2.9943e-01   0.0000e+00   2.8396e+02
20260920_09:00:00   4.3994e-01   1.0204e+02   2.7655e+01   1.6566e-01   2.1280e-04   2.8448e+02
20260920_12:00:00   5.1531e-01   1.1527e+02   2.7337e+01   2.5960e-01   0.0000e+00   2.8106e+02
20260920_15:00:00   3.8803e-01   9.2884e+01   3.1236e+01   6.9280e-02   1.1496e-03   2.8019e+02
20260920_18:00:00   3.3988e-01   8.3860e+01   3.1760e+01   8.1034e-03   2.1240e-04   2.8285e+02
20260920_21:00:00   3.4088e-01   8.4369e+01   3.2384e+01   0.0000e+00   0.0000e+00   2.8167e+02
20260921_00:00:00   3.5985e-01   8.8052e+01   3.5292e+01   0.0000e+00   0.0000e+00   2.8447e+02
20260921_03:00:00   3.8698e-01   9.3314e+01   3.8489e+01   0.0000e+00   0.0000e+00   2.8726e+02
20260921_06:00:00   4.6718e-01   1.0785e+02   4.7805e+01   2.6080e-04   9.9628e-05   2.8874e+02
20260921_09:00:00   6.8304e-01   1.4263e+02   5.0536e+01   2.2823e-01   1.5584e-04   2.8564e+02
20260921_12:00:00   1.5012e+00   2.2231e+02   5.4909e+01   1.1541e+00   1.6063e-02   2.8883e+02
20260921_15:00:00   7.1011e-01   1.4519e+02   4.9968e+01   2.6325e-01   6.3756e-03   2.8774e+02
20260921_18:00:00   4.9005e-01   1.1119e+02   4.4429e+01   8.2461e-02   2.0388e-02   2.8820e+02
20260921_21:00:00   3.2901e-01   8.0419e+01   3.5442e+01   3.8640e-03   7.1923e-03   2.8679e+02
20260922_00:00:00   1.8753e-01   4.9851e+01   1.7724e+01   0.0000e+00   3.1136e-02   2.9020e+02
20260922_03:00:00   1.6138e-01   4.3651e+01   1.3423e+01   0.0000e+00   1.3799e-02   2.9712e+02
20260922_06:00:00   1.4172e-01   3.9088e+01   1.0012e+01   0.0000e+00   0.0000e+00   3.0279e+02
20260922_09:00:00   1.3563e-01   3.7534e+01   9.7477e+00   0.0000e+00   0.0000e+00   2.9227e+02
20260922_12:00:00   1.3417e-01   3.7112e+01   9.7978e+00   0.0000e+00   0.0000e+00   2.9082e+02
