#            date       tau255        Tb[K]      pwv[mm] lwp[kg*m^-2] iwp[kg*m^-2]       o3[DU]
20260923_06:00:00   1.5732e-01   4.2450e+01   1.1891e+01   0.0000e+00   6.2493e-05   3.0571e+02
20260923_07:00:00   1.5540e-01   4.2000e+01   1.1505e+01   0.0000e+00   1.4081e-04   3.0663e+02
20260923_08:00:00   1.5370e-01   4.1583e+01   1.1170e+01   0.0000e+00   4.6765e-04   3.0834e+02
20260923_09:00:00   1.5423e-01   4.1689e+01   1.1040e+01   0.0000e+00   1.2680e-03   3.1061e+02
20260923_10:00:00   1.5254e-01   4.1292e+01   1.0730e+01   0.0000e+00   4.5976e-04   3.1240e+02
20260923_11:00:00   1.5322e-01   4.1442e+01   1.0688e+01   0.0000e+00   7.7420e-04   3.1300e+02
20260923_12:00:00   1.5341e-01   4.1481e+01   1.0697e+01   0.0000e+00   1.9928e-04   3.1258e+02
20260923_13:00:00   1.5709e-01   4.2397e+01   1.1000e+01   0.0000e+00   4.9100e-06   3.1049e+02
20260923_14:00:00   1.6376e-01   4.4038e+01   1.1621e+01   1.0237e-03   0.0000e+00   3.1040e+02
20260923_15:00:00   1.6452e-01   4.4240e+01   1.1936e+01   0.0000e+00   3.1321e-05   3.1028e+02
20260923_16:00:00   1.6433e-01   4.4206e+01   1.1946e+01   0.0000e+00   0.0000e+00   3.1032e+02
20260923_17:00:00   1.6158e-01   4.3601e+01   1.1628e+01   0.0000e+00   4.9100e-06   3.1009e+02
20260923_18:00:00   1.6091e-01   4.3459e+01   1.1526e+01   0.0000e+00   3.0382e-05   3.0946e+02
20260923_19:00:00   1.5484e-01   4.2054e+01   1.0840e+01   0.0000e+00   9.1460e-05   3.0923e+02
20260923_20:00:00   1.4910e-01   4.0710e+01   1.0126e+01   0.0000e+00   1.2050e-04   3.0884e+02
20260923_21:00:00   1.4672e-01   4.0133e+01   9.7548e+00   0.0000e+00   5.1296e-05   3.0871e+02
20260923_22:00:00   1.3917e-01   3.8339e+01   8.8337e+00   0.0000e+00   4.3440e-05   3.0924e+02
20260923_23:00:00   1.3830e-01   3.8124e+01   8.6518e+00   0.0000e+00   5.7620e-05   3.1024e+02
20260924_00:00:00   1.3859e-01   3.8193e+01   8.6618e+00   0.0000e+00   0.0000e+00   3.1143e+02
20260924_01:00:00   1.3992e-01   3.8518e+01   8.7390e+00   0.0000e+00   0.0000e+00   3.1243e+02
20260924_02:00:00   1.3830e-01   3.8124e+01   8.4973e+00   0.0000e+00   0.0000e+00   3.1321e+02
20260924_03:00:00   1.3853e-01   3.8157e+01   8.4823e+00   0.0000e+00   0.0000e+00   3.1372e+02
20260924_04:00:00   1.3782e-01   3.7974e+01   8.3694e+00   0.0000e+00   0.0000e+00   3.1429e+02
20260924_05:00:00   1.3717e-01   3.7794e+01   8.2900e+00   0.0000e+00   0.0000e+00   3.1425e+02
20260924_06:00:00   1.3588e-01   3.7468e+01   8.1553e+00   0.0000e+00   0.0000e+00   3.1378e+02
20260924_07:00:00   1.3390e-01   3.6983e+01   7.9413e+00   0.0000e+00   0.0000e+00   3.1341e+02
20260924_08:00:00   1.3213e-01   3.6548e+01   7.7607e+00   0.0000e+00   0.0000e+00   3.1315e+02
20260924_09:00:00   1.3045e-01   3.6122e+01   7.6087e+00   0.0000e+00   0.0000e+00   3.1199e+02
20260924_10:00:00   1.2889e-01   3.5738e+01   7.4897e+00   0.0000e+00   0.0000e+00   3.1156e+02
20260924_11:00:00   1.2631e-01   3.5100e+01   7.2638e+00   0.0000e+00   0.0000e+00   3.1134e+02
20260924_12:00:00   1.2638e-01   3.5105e+01   7.2971e+00   0.0000e+00   0.0000e+00   3.1129e+02
20260924_13:00:00   1.2965e-01   3.5919e+01   7.6519e+00   0.0000e+00   0.0000e+00   3.1075e+02
20260924_14:00:00   1.3255e-01   3.6667e+01   8.0330e+00   0.0000e+00   0.0000e+00   3.1032e+02
20260924_15:00:00   1.3508e-01   3.7326e+01   8.4451e+00   0.0000e+00   0.0000e+00   3.1039e+02
20260924_16:00:00   1.2914e-01   3.5954e+01   8.0011e+00   0.0000e+00   0.0000e+00   3.0991e+02
20260924_17:00:00   1.2890e-01   3.5896e+01   8.1769e+00   0.0000e+00   0.0000e+00   3.0907e+02
20260924_18:00:00   1.2388e-01   3.4698e+01   7.7184e+00   0.0000e+00   9.7333e-04   3.0863e+02
20260924_19:00:00   1.2051e-01   3.3890e+01   7.3908e+00   0.0000e+00   5.2340e-04   3.0977e+02
20260924_20:00:00   1.1994e-01   3.3735e+01   7.3392e+00   0.0000e+00   6.9211e-03   3.1014e+02
20260924_21:00:00   1.1869e-01   3.3397e+01   7.1805e+00   0.0000e+00   3.5904e-02   3.1161e+02
20260924_22:00:00   1.1978e-01   3.3646e+01   7.3580e+00   0.0000e+00   4.8740e-02   3.1179e+02
20260924_23:00:00   1.2009e-01   3.3739e+01   7.4221e+00   0.0000e+00   3.8773e-02   3.1227e+02
20260925_00:00:00   1.1997e-01   3.3721e+01   7.3130e+00   0.0000e+00   1.0161e-02   3.1234e+02
20260925_01:00:00   1.1998e-01   3.3708e+01   7.3475e+00   0.0000e+00   2.7639e-02   3.1242e+02
20260925_02:00:00   1.2279e-01   3.4387e+01   7.7294e+00   0.0000e+00   7.6796e-03   3.1225e+02
20260925_03:00:00   1.2376e-01   3.4618e+01   7.8352e+00   0.0000e+00   1.0349e-02   3.1029e+02
20260925_04:00:00   1.2315e-01   3.4460e+01   7.7943e+00   0.0000e+00   1.4518e-02   3.0952e+02
20260925_05:00:00   1.2353e-01   3.4527e+01   7.9848e+00   0.0000e+00   2.0316e-02   3.0769e+02
20260925_06:00:00   1.2172e-01   3.4040e+01   7.9726e+00   0.0000e+00   1.5899e-01   3.0475e+02
20260925_07:00:00   1.2285e-01   3.4263e+01   8.3836e+00   0.0000e+00   1.0564e-01   3.0413e+02
20260925_08:00:00   1.2660e-01   3.5124e+01   9.1890e+00   0.0000e+00   6.7789e-02   3.0494e+02
20260925_09:00:00   1.2664e-01   3.5087e+01   9.2951e+00   0.0000e+00   2.1001e-01   3.0389e+02
20260925_10:00:00   1.2991e-01   3.5827e+01   9.9095e+00   0.0000e+00   3.0583e-01   3.0230e+02
20260925_11:00:00   1.3577e-01   3.7216e+01   1.0707e+01   0.0000e+00   3.9256e-01   3.0310e+02
20260925_12:00:00   1.3912e-01   3.8013e+01   1.1340e+01   0.0000e+00   3.1574e-01   3.0466e+02
20260925_13:00:00   1.4601e-01   3.9667e+01   1.2450e+01   0.0000e+00   8.1158e-02   3.0283e+02
20260925_14:00:00   1.5212e-01   4.1178e+01   1.3343e+01   0.0000e+00   1.3493e-01   3.0248e+02
20260925_15:00:00   1.5748e-01   4.2440e+01   1.4261e+01   0.0000e+00   1.8368e-01   3.0325e+02
20260925_16:00:00   1.7408e-01   4.6204e+01   1.6848e+01   0.0000e+00   2.5389e-01   3.0330e+02
20260925_17:00:00   1.8626e-01   4.8985e+01   1.8471e+01   0.0000e+00   2.7776e-01   3.0317e+02
20260925_18:00:00   1.9496e-01   5.0944e+01   1.9561e+01   0.0000e+00   4.4756e-01   3.0431e+02
20260925_19:00:00   2.0106e-01   5.2374e+01   2.0344e+01   2.2782e-05   2.1483e-01   3.0427e+02
20260925_20:00:00   2.1807e-01   5.6175e+01   2.2359e+01   1.3109e-03   1.0386e-01   3.0434e+02
20260925_21:00:00   2.5942e-01   6.5023e+01   2.6240e+01   1.1203e-02   1.2399e-01   3.0519e+02
20260925_22:00:00   3.7252e-01   8.7474e+01   2.7615e+01   1.2172e-01   8.9286e-02   3.0549e+02
20260925_23:00:00   7.5527e-01   1.4717e+02   2.9879e+01   5.2971e-01   9.5383e-02   3.0521e+02
20260926_00:00:00   6.9750e-01   1.3954e+02   2.9878e+01   4.6119e-01   6.5757e-02   3.0471e+02
20260926_01:00:00   7.6357e-01   1.4792e+02   2.9490e+01   5.3808e-01   6.0874e-02   3.0449e+02
20260926_02:00:00   9.1947e-01   1.6607e+02   3.0376e+01   7.0385e-01   7.4894e-02   3.0401e+02
20260926_03:00:00   8.2251e-01   1.5514e+02   3.1736e+01   5.7919e-01   2.6006e-02   3.0384e+02
20260926_04:00:00   7.4516e-01   1.4543e+02   3.1768e+01   4.9022e-01   8.7353e-02   3.0583e+02
20260926_05:00:00   9.1954e-01   1.6613e+02   3.2867e+01   6.7530e-01   3.6160e-01   3.0631e+02
20260926_06:00:00   9.8714e-01   1.7378e+02   3.3287e+01   7.5192e-01   5.0040e-01   3.0562e+02
20260926_07:00:00   8.9934e-01   1.6443e+02   3.2997e+01   6.5403e-01   5.7854e-01   3.0482e+02
20260926_08:00:00   6.5681e-01   1.3378e+02   3.2799e+01   3.7873e-01   6.5768e-01   3.0503e+02
20260926_09:00:00   6.5035e-01   1.3282e+02   3.2074e+01   3.7737e-01   4.0412e-01   3.0599e+02
20260926_10:00:00   7.7522e-01   1.4947e+02   3.1467e+01   5.2506e-01   4.8569e-01   3.0613e+02
20260926_11:00:00   1.0414e+00   1.7869e+02   3.1740e+01   8.2721e-01   2.7929e-01   3.0480e+02
20260926_12:00:00   7.0354e-01   1.4010e+02   3.1984e+01   4.3999e-01   6.2204e-01   3.0499e+02
20260926_13:00:00   8.1235e-01   1.5405e+02   3.2471e+01   5.5918e-01   4.2845e-01   3.0641e+02
20260926_14:00:00   1.2258e+00   1.9493e+02   3.2383e+01   1.0298e+00   6.0950e-01   3.0599e+02
20260926_15:00:00   1.3360e+00   2.0314e+02   3.1630e+01   1.1616e+00   2.8218e-01   3.0391e+02
20260926_16:00:00   7.9258e-01   1.5203e+02   3.0763e+01   5.5405e-01   2.4191e-01   3.0233e+02
20260926_17:00:00   9.1274e-01   1.6571e+02   3.1174e+01   6.8456e-01   7.8961e-02   3.0162e+02
20260926_18:00:00   1.3066e+00   2.0081e+02   3.0526e+01   1.1340e+00   1.3063e-01   3.0162e+02
20260926_19:00:00   1.4857e+00   2.1302e+02   2.9545e+01   1.3435e+00   1.2329e-01   3.0267e+02
20260926_20:00:00   1.8410e+00   2.3173e+02   2.9400e+01   1.7510e+00   1.4204e-02   3.0318e+02
20260926_21:00:00   1.6669e+00   2.2375e+02   2.8461e+01   1.5600e+00   2.9683e-03   3.0311e+02
20260926_22:00:00   1.5198e+00   2.1574e+02   2.7569e+01   1.3994e+00   6.9495e-04   3.0320e+02
20260926_23:00:00   1.6770e+00   2.2496e+02   2.6850e+01   1.5888e+00   2.5434e-05   3.0433e+02
20260927_00:00:00   1.6487e+00   2.2376e+02   2.8958e+01   1.5429e+00   1.1970e-04   3.0379e+02
20260927_01:00:00   1.5280e+00   2.1748e+02   3.0200e+01   1.4005e+00   2.0155e-04   3.0441e+02
20260927_02:00:00   1.5508e+00   2.1887e+02   3.2338e+01   1.4080e+00   5.9624e-04   3.0410e+02
20260927_03:00:00   1.4864e+00   2.1558e+02   3.1685e+01   1.3433e+00   2.3078e-04   3.0462e+02
20260927_04:00:00   1.6405e+00   2.2383e+02   3.3413e+01   1.4987e+00   1.5212e-02   3.0405e+02
20260927_05:00:00   1.7707e+00   2.3093e+02   3.4225e+01   1.6487e+00   2.6610e-02   3.0523e+02
20260927_06:00:00   1.8055e+00   2.3322e+02   3.1731e+01   1.7191e+00   4.4702e-04   3.0722e+02
20260927_07:00:00   2.1290e+00   2.4545e+02   3.3126e+01   2.0695e+00   2.7659e-03   3.0745e+02
20260927_08:00:00   1.4797e+00   2.1630e+02   2.8563e+01   1.3747e+00   3.3385e-04   3.0950e+02
20260927_09:00:00   1.1343e+00   1.9047e+02   2.4557e+01   1.0087e+00   0.0000e+00   3.1131e+02
20260927_10:00:00   8.5878e-01   1.6218e+02   2.2706e+01   7.0183e-01   0.0000e+00   3.1257e+02
20260927_11:00:00   1.1727e+00   1.9314e+02   2.3917e+01   1.0472e+00   1.9314e-06   3.1266e+02
20260927_12:00:00   1.3900e+00   2.0977e+02   2.4454e+01   1.2935e+00   3.7000e-05   3.1240e+02
20260927_13:00:00   1.2987e+00   2.0354e+02   2.4075e+01   1.1973e+00   0.0000e+00   3.1357e+02
20260927_14:00:00   1.5053e+00   2.1743e+02   2.5514e+01   1.4219e+00   0.0000e+00   3.1137e+02
20260927_15:00:00   1.6221e+00   2.2396e+02   2.6998e+01   1.5395e+00   4.5400e-05   3.1024e+02
20260927_16:00:00   2.0710e+00   2.4370e+02   2.8556e+01   2.0408e+00   4.6879e-04   3.1033e+02
20260927_17:00:00   1.6999e+00   2.2783e+02   3.0853e+01   1.5917e+00   3.8975e-02   3.1193e+02
20260927_18:00:00   1.6414e+00   2.2559e+02   3.2425e+01   1.5237e+00   2.1521e-01   3.1287e+02
20260927_19:00:00   2.2235e+00   2.4916e+02   3.3957e+01   2.1775e+00   6.7549e-02   3.1167e+02
20260927_20:00:00   1.2824e+00   2.0244e+02   3.4765e+01   1.0863e+00   1.8569e-01   3.1038e+02
20260927_21:00:00   1.4185e+00   2.1242e+02   3.5899e+01   1.2310e+00   3.5686e-01   3.0999e+02
20260927_22:00:00   1.9967e+00   2.4353e+02   3.5891e+01   1.9284e+00   1.3076e-01   3.0930e+02
20260927_23:00:00   2.0141e+00   2.4394e+02   3.4211e+01   1.9638e+00   4.2498e-02   3.0880e+02
20260928_00:00:00   1.7216e+00   2.3097e+02   3.2836e+01   1.6310e+00   2.2051e-02   3.0964e+02
20260928_01:00:00   1.7080e+00   2.2920e+02   3.2190e+01   1.6025e+00   1.4712e-02   3.1034e+02
20260928_02:00:00   1.6791e+00   2.2614e+02   3.1981e+01   1.5484e+00   1.5096e-01   3.1004e+02
20260928_03:00:00   1.1692e+00   1.9243e+02   3.1374e+01   9.7487e-01   1.4295e-01   3.1001e+02
20260928_04:00:00   1.0070e+00   1.7745e+02   3.1148e+01   7.9088e-01   9.2862e-02   3.0865e+02
20260928_05:00:00   1.3250e+00   2.0427e+02   3.1283e+01   1.1486e+00   1.4324e-01   3.0804e+02
20260928_06:00:00   1.3083e+00   2.0274e+02   3.1107e+01   1.1277e+00   1.9161e-01   3.0808e+02
20260928_09:00:00   1.2434e+00   1.9814e+02   3.0118e+01   1.0654e+00   2.0764e-02   3.0545e+02
20260928_12:00:00   1.0108e+00   1.7734e+02   3.0258e+01   7.9642e-01   3.9017e-02   3.0503e+02
20260928_15:00:00   7.1055e-01   1.4290e+02   3.0391e+01   4.5504e-01   3.3544e-03   3.0358e+02
20260928_18:00:00   5.7393e-01   1.2369e+02   2.9523e+01   3.0773e-01   8.0438e-05   3.0540e+02
20260928_21:00:00   7.7675e-01   1.5211e+02   2.8033e+01   5.5303e-01   4.1861e-04   3.0386e+02
20260929_00:00:00   4.2760e-01   9.8169e+01   2.5261e+01   1.6279e-01   4.1200e-04   3.0508e+02
20260929_03:00:00   3.2186e-01   7.8269e+01   2.4941e+01   4.9245e-02   3.4820e-04   3.0409e+02
20260929_06:00:00   2.7560e-01   6.9007e+01   2.4562e+01   7.1260e-03   4.9600e-05   3.0065e+02
20260929_09:00:00   2.6850e-01   6.7577e+01   2.4966e+01   6.2660e-04   9.0840e-07   2.9936e+02
20260929_12:00:00   2.8450e-01   7.0987e+01   2.5797e+01   1.0356e-02   1.7640e-05   2.9776e+02
20260929_15:00:00   2.7670e-01   6.9734e+01   2.5294e+01   0.0000e+00   0.0000e+00   2.9536e+02
20260929_18:00:00   3.3711e-01   8.2617e+01   2.3302e+01   9.0480e-02   0.0000e+00   2.9522e+02
20260929_21:00:00   2.4127e-01   6.2765e+01   2.1303e+01   1.7946e-03   0.0000e+00   2.9473e+02
20260930_00:00:00   2.3045e-01   6.0379e+01   2.0330e+01   0.0000e+00   0.0000e+00   2.9341e+02
20260930_03:00:00   2.1484e-01   5.6807e+01   1.9073e+01   0.0000e+00   2.9420e-05   2.9342e+02
20260930_06:00:00   2.1500e-01   5.6794e+01   1.9078e+01   0.0000e+00   1.3784e-03   2.9172e+02
20260930_09:00:00   2.0549e-01   5.4721e+01   1.8020e+01   0.0000e+00   2.5684e-05   2.8775e+02
20260930_12:00:00   1.9522e-01   5.2402e+01   1.6695e+01   0.0000e+00   1.4678e-03   2.8721e+02
20260930_15:00:00   1.9638e-01   5.2903e+01   1.6979e+01   0.0000e+00   5.6900e-03   2.8199e+02
20260930_18:00:00   1.9421e-01   5.2680e+01   1.6908e+01   0.0000e+00   2.0137e-03   2.8020e+02
20260930_21:00:00   2.0216e-01   5.4672e+01   1.7461e+01   0.0000e+00   4.2722e-05   2.7912e+02
20261001_00:00:00   2.0106e-01   5.4254e+01   1.7046e+01   0.0000e+00   2.2980e-06   2.7812e+02
20261001_03:00:00   2.0580e-01   5.5250e+01   1.7295e+01   0.0000e+00   4.8280e-06   2.7735e+02
20261001_06:00:00   2.0193e-01   5.4398e+01   1.6816e+01   0.0000e+00   7.5998e-04   2.7815e+02
20261001_09:00:00   2.3794e-01   6.2647e+01   2.0409e+01   0.0000e+00   6.7481e-04   2.7702e+02
20261001_12:00:00   2.6157e-01   6.7952e+01   2.3333e+01   0.0000e+00   5.4260e-04   2.7870e+02
20261001_15:00:00   3.4417e-01   8.5432e+01   3.2627e+01   0.0000e+00   2.1900e-03   2.8133e+02
20261001_18:00:00   3.7068e-01   9.0897e+01   3.6159e+01   1.0952e-03   1.3646e-03   2.8157e+02
20261001_21:00:00   5.5879e-01   1.2406e+02   3.8354e+01   1.8997e-01   6.3341e-02   2.8308e+02
20261002_00:00:00   4.6344e-01   1.0720e+02   2.9839e+01   1.6392e-01   2.3100e-07   2.9209e+02
20261002_03:00:00   1.9810e-01   5.2987e+01   1.6744e+01   1.8202e-04   2.7660e-03   2.8723e+02
20261002_06:00:00   1.5534e-01   4.2725e+01   1.1704e+01   0.0000e+00   1.6273e-02   2.8573e+02
20261002_09:00:00   1.5763e-01   4.3113e+01   1.2334e+01   0.0000e+00   5.9880e-03   2.8495e+02
20261002_12:00:00   1.4696e-01   4.0360e+01   1.1855e+01   0.0000e+00   4.8315e-03   2.8330e+02
20261002_15:00:00   1.4142e-01   3.8947e+01   1.1753e+01   0.0000e+00   3.2751e-03   2.8361e+02
20261002_18:00:00   1.4510e-01   3.9905e+01   1.2968e+01   0.0000e+00   6.0129e-03   2.8243e+02
20261002_21:00:00   1.4665e-01   4.0278e+01   1.3377e+01   0.0000e+00   1.1362e-03   2.8223e+02
20261003_00:00:00   1.4437e-01   3.9668e+01   1.3073e+01   0.0000e+00   4.4218e-04   2.7789e+02
20261003_03:00:00   1.4039e-01   3.8592e+01   1.2339e+01   0.0000e+00   7.9600e-04   2.7523e+02
20261003_06:00:00   1.5557e-01   4.2045e+01   1.4151e+01   0.0000e+00   3.5524e-04   2.7340e+02
20261003_09:00:00   1.7166e-01   4.5622e+01   1.6681e+01   0.0000e+00   3.2332e-04   2.7176e+02
20261003_12:00:00   1.8176e-01   4.7862e+01   1.8206e+01   0.0000e+00   6.3924e-03   2.7149e+02
20261003_15:00:00   3.0776e-01   7.4659e+01   2.1682e+01   1.0902e-01   7.6105e-04   2.7125e+02
20261003_18:00:00   7.2269e-01   1.4280e+02   2.7484e+01   5.2867e-01   1.8878e-02   2.7112e+02
20261003_21:00:00   7.9387e-01   1.5159e+02   3.1025e+01   5.7446e-01   2.1519e-01   2.7222e+02
20261004_00:00:00   4.9979e-01   1.1052e+02   3.1280e+01   2.4307e-01   1.6362e-01   2.7341e+02
20261004_03:00:00   9.3951e-01   1.6887e+02   3.7863e+01   6.6520e-01   2.6253e-01   2.7207e+02
20261004_06:00:00   8.8034e-01   1.6448e+02   4.1429e+01   5.7659e-01   3.8682e-02   2.6718e+02
20261004_09:00:00   1.7532e+00   2.3211e+02   4.6658e+01   1.5337e+00   4.3896e-01   2.6796e+02
20261004_12:00:00   1.9628e+00   2.4438e+02   5.0576e+01   1.7874e+00   1.5488e-01   2.6920e+02
20261004_15:00:00   1.1259e+00   1.9449e+02   5.3625e+01   7.5838e-01   3.4756e-01   2.6875e+02
20261004_18:00:00   1.3384e+00   2.0946e+02   5.4315e+01   9.5060e-01   3.6699e-01   2.6848e+02
20261004_21:00:00   1.5773e+00   2.2589e+02   5.5759e+01   1.2227e+00   6.1941e-01   2.6895e+02
20261005_00:00:00   8.0437e-01   1.6074e+02   4.5123e+01   4.5256e-01   7.0884e-03   2.7081e+02
20261005_03:00:00   6.4000e-01   1.3702e+02   4.5892e+01   2.3547e-01   3.1805e-03   2.7141e+02
20261005_06:00:00   4.4252e-01   1.0368e+02   4.1847e+01   1.9185e-02   3.1180e-01   2.7245e+02
20261005_09:00:00   3.9814e-01   9.4786e+01   3.7149e+01   1.9788e-02   1.6450e-01   2.7593e+02
20261005_12:00:00   4.2166e-01   9.8727e+01   3.4546e+01   8.1568e-02   8.0476e-02   2.7874e+02
20261005_15:00:00   3.1460e-01   7.7687e+01   2.9162e+01   1.0586e-02   1.0223e-01   2.8576e+02
20261005_18:00:00   2.2895e-01   5.9471e+01   2.1061e+01   0.0000e+00   4.2374e-02   2.8497e+02
20261005_21:00:00   1.9392e-01   5.1453e+01   1.6382e+01   0.0000e+00   1.3949e-02   2.9130e+02
20261006_00:00:00   2.0509e-01   5.3702e+01   1.7696e+01   0.0000e+00   5.5377e-04   2.9446e+02
20261006_03:00:00   1.9892e-01   5.2060e+01   1.6298e+01   4.3240e-03   1.3520e-04   3.0133e+02
20261006_06:00:00   1.5466e-01   4.1796e+01   1.1343e+01   0.0000e+00   0.0000e+00   3.1122e+02
20261006_09:00:00   1.4143e-01   3.8563e+01   9.5772e+00   0.0000e+00   0.0000e+00   3.2320e+02
20261006_12:00:00   1.3123e-01   3.6020e+01   8.5457e+00   0.0000e+00   0.0000e+00   3.2045e+02
20261006_15:00:00   1.3830e-01   3.7678e+01   9.9386e+00   0.0000e+00   5.8295e-04   3.1967e+02
20261006_18:00:00   1.4601e-01   3.9562e+01   1.1128e+01   0.0000e+00   0.0000e+00   3.1982e+02
20261006_21:00:00   1.5705e-01   4.2170e+01   1.2639e+01   0.0000e+00   0.0000e+00   3.1973e+02
20261007_00:00:00   1.4868e-01   4.0179e+01   1.1555e+01   0.0000e+00   0.0000e+00   3.2149e+02
20261007_03:00:00   1.5464e-01   4.1565e+01   1.2420e+01   0.0000e+00   0.0000e+00   3.1581e+02
20261007_06:00:00   1.5896e-01   4.2588e+01   1.2992e+01   0.0000e+00   0.0000e+00   3.1152e+02
20261007_09:00:00   1.6687e-01   4.4438e+01   1.4168e+01   0.0000e+00   9.6560e-06   3.0685e+02
20261007_12:00:00   1.7555e-01   4.6506e+01   1.5027e+01   0.0000e+00   3.6703e-04   3.0680e+02
20261007_15:00:00   1.8902e-01   4.9701e+01   1.6992e+01   0.0000e+00   9.6560e-06   3.0610e+02
20261007_18:00:00   2.1140e-01   5.4866e+01   2.0265e+01   0.0000e+00   0.0000e+00   3.0568e+02
20261007_21:00:00   2.2593e-01   5.8302e+01   2.1755e+01   0.0000e+00   1.4834e-03   3.0541e+02
20261008_00:00:00   5.6378e-01   1.1995e+02   2.4673e+01   3.5129e-01   3.6116e-03   3.0816e+02
20261008_03:00:00   2.3267e-01   5.9744e+01   2.0816e+01   5.6660e-04   6.3248e-05   3.1464e+02
20261008_06:00:00   1.8708e-01   4.9615e+01   1.4831e+01   0.0000e+00   0.0000e+00   3.1905e+02
20261008_09:00:00   1.5140e-01   4.0988e+01   1.0695e+01   6.8072e-04   0.0000e+00   3.1253e+02
20261008_12:00:00   1.3141e-01   3.5862e+01   8.0648e+00   3.3080e-03   2.8757e-05   3.1164e+02
20261008_15:00:00   1.2170e-01   3.3558e+01   7.3822e+00   0.0000e+00   0.0000e+00   3.1642e+02
20261008_18:00:00   1.1805e-01   3.2725e+01   6.9806e+00   0.0000e+00   0.0000e+00   3.1414e+02
20261008_21:00:00   1.1369e-01   3.1620e+01   6.4007e+00   0.0000e+00   0.0000e+00   3.0800e+02
20261009_00:00:00   1.0763e-01   2.9977e+01   5.5984e+00   0.0000e+00   0.0000e+00   3.0247e+02
20261009_03:00:00   1.0698e-01   2.9744e+01   5.5079e+00   0.0000e+00   5.2860e-07   3.0059e+02
20261009_06:00:00   1.0733e-01   2.9784e+01   5.5654e+00   0.0000e+00   0.0000e+00   3.0024e+02
