#            date       tau255        Tb[K]      pwv[mm] lwp[kg*m^-2] iwp[kg*m^-2]       o3[DU]
20260828_06:00:00   4.0009e-01   9.5665e+01   4.0233e+01   0.0000e+00   8.0953e-03   3.1286e+02
20260828_07:00:00   4.0024e-01   9.5689e+01   4.0378e+01   0.0000e+00   7.5573e-03   3.1238e+02
20260828_08:00:00   3.9225e-01   9.4213e+01   3.9706e+01   0.0000e+00   2.5554e-03   3.1029e+02
20260828_09:00:00   3.8765e-01   9.3242e+01   3.9332e+01   0.0000e+00   9.5118e-03   3.0854e+02
20260828_10:00:00   3.8561e-01   9.2852e+01   3.9076e+01   0.0000e+00   3.6275e-03   3.0939e+02
20260828_11:00:00   3.9796e-01   9.5125e+01   4.0261e+01   1.9642e-05   5.1698e-03   3.1011e+02
20260828_12:00:00   3.9612e-01   9.4897e+01   3.9713e+01   0.0000e+00   1.2594e-02   3.1276e+02
20260828_13:00:00   3.9221e-01   9.4264e+01   3.9084e+01   0.0000e+00   4.6507e-03   3.1363e+02
20260828_14:00:00   3.9458e-01   9.4802e+01   3.9368e+01   0.0000e+00   8.7535e-03   3.1382e+02
20260828_15:00:00   3.8811e-01   9.3754e+01   3.8389e+01   0.0000e+00   7.3863e-04   3.1309e+02
20260828_16:00:00   3.8953e-01   9.4156e+01   3.8092e+01   4.2080e-03   8.6656e-04   3.1138e+02
20260828_17:00:00   4.3527e-01   1.0291e+02   3.6548e+01   7.9097e-02   2.5384e-04   3.1247e+02
20260828_18:00:00   6.3630e-01   1.3597e+02   3.6179e+01   3.2575e-01   1.0355e-03   3.1362e+02
20260828_19:00:00   6.8617e-01   1.4287e+02   3.6091e+01   3.8242e-01   4.8297e-03   3.1347e+02
20260828_20:00:00   5.7026e-01   1.2556e+02   3.6969e+01   2.3079e-01   9.4360e-03   3.1275e+02
20260828_21:00:00   4.7051e-01   1.0898e+02   3.6148e+01   1.1958e-01   8.8640e-03   3.1358e+02
20260828_22:00:00   4.1493e-01   9.8961e+01   3.4595e+01   7.0802e-02   3.6180e-03   3.1309e+02
20260828_23:00:00   3.3591e-01   8.3617e+01   3.1771e+01   6.7940e-03   4.9021e-05   3.1247e+02
20260829_00:00:00   3.1682e-01   7.9642e+01   3.0014e+01   3.9460e-04   1.0580e-03   3.1171e+02
20260829_01:00:00   2.9435e-01   7.4884e+01   2.7441e+01   0.0000e+00   1.6416e-04   3.1094e+02
20260829_02:00:00   2.6704e-01   6.8923e+01   2.4630e+01   0.0000e+00   9.6603e-04   3.1133e+02
20260829_03:00:00   2.5107e-01   6.5250e+01   2.2747e+01   0.0000e+00   1.3618e-03   3.1108e+02
20260829_04:00:00   2.2625e-01   5.9585e+01   2.0181e+01   0.0000e+00   0.0000e+00   3.1195e+02
20260829_05:00:00   2.0273e-01   5.4136e+01   1.7704e+01   0.0000e+00   0.0000e+00   3.1323e+02
20260829_06:00:00   1.8792e-01   5.0583e+01   1.6054e+01   0.0000e+00   0.0000e+00   3.1438e+02
20260829_07:00:00   1.7388e-01   4.7199e+01   1.4569e+01   0.0000e+00   0.0000e+00   3.1391e+02
20260829_08:00:00   1.5401e-01   4.2383e+01   1.2381e+01   0.0000e+00   0.0000e+00   3.1591e+02
20260829_09:00:00   1.4155e-01   3.9333e+01   1.0787e+01   0.0000e+00   0.0000e+00   3.2011e+02
20260829_10:00:00   1.3564e-01   3.7871e+01   9.8432e+00   0.0000e+00   0.0000e+00   3.2168e+02
20260829_11:00:00   1.3444e-01   3.7560e+01   9.4770e+00   0.0000e+00   0.0000e+00   3.2340e+02
20260829_12:00:00   1.3495e-01   3.7690e+01   9.4395e+00   0.0000e+00   0.0000e+00   3.2412e+02
20260829_13:00:00   1.3798e-01   3.8456e+01   9.7001e+00   0.0000e+00   0.0000e+00   3.2415e+02
20260829_14:00:00   1.3967e-01   3.8920e+01   9.9338e+00   0.0000e+00   0.0000e+00   3.2576e+02
20260829_15:00:00   1.4401e-01   4.0022e+01   1.0538e+01   0.0000e+00   0.0000e+00   3.2533e+02
20260829_16:00:00   1.4294e-01   3.9818e+01   1.0614e+01   0.0000e+00   0.0000e+00   3.2348e+02
20260829_17:00:00   1.4786e-01   4.1060e+01   1.1299e+01   0.0000e+00   0.0000e+00   3.2264e+02
20260829_18:00:00   1.5030e-01   4.1704e+01   1.1829e+01   0.0000e+00   0.0000e+00   3.2137e+02
20260829_19:00:00   1.5653e-01   4.3239e+01   1.2746e+01   0.0000e+00   0.0000e+00   3.2045e+02
20260829_20:00:00   1.5572e-01   4.3096e+01   1.2792e+01   0.0000e+00   0.0000e+00   3.2004e+02
20260829_21:00:00   1.5787e-01   4.3615e+01   1.3095e+01   0.0000e+00   0.0000e+00   3.2087e+02
20260829_22:00:00   1.6198e-01   4.4616e+01   1.3542e+01   0.0000e+00   0.0000e+00   3.2149e+02
20260829_23:00:00   1.6468e-01   4.5270e+01   1.3872e+01   0.0000e+00   3.9281e-05   3.2336e+02
20260830_00:00:00   1.7328e-01   4.7286e+01   1.4863e+01   0.0000e+00   5.2418e-03   3.2424e+02
20260830_01:00:00   1.7994e-01   4.8811e+01   1.5559e+01   0.0000e+00   1.6195e-03   3.2477e+02
20260830_02:00:00   1.7462e-01   4.7493e+01   1.5240e+01   0.0000e+00   3.6520e-05   3.2338e+02
20260830_03:00:00   1.7150e-01   4.6679e+01   1.5217e+01   0.0000e+00   7.7370e-04   3.2255e+02
20260830_04:00:00   1.7268e-01   4.6934e+01   1.5424e+01   0.0000e+00   2.0767e-03   3.2140e+02
20260830_05:00:00   1.8891e-01   5.0686e+01   1.7382e+01   0.0000e+00   2.9581e-04   3.2126e+02
20260830_06:00:00   2.0084e-01   5.3463e+01   1.8836e+01   0.0000e+00   1.8126e-03   3.1848e+02
20260830_07:00:00   2.0428e-01   5.4230e+01   1.9544e+01   0.0000e+00   1.3110e-04   3.1820e+02
20260830_08:00:00   2.1177e-01   5.5868e+01   2.0684e+01   0.0000e+00   1.0292e-04   3.1753e+02
20260830_09:00:00   2.1848e-01   5.7277e+01   2.1867e+01   0.0000e+00   3.2815e-03   3.1652e+02
20260830_10:00:00   2.2553e-01   5.8771e+01   2.2923e+01   0.0000e+00   1.3981e-01   3.1709e+02
20260830_11:00:00   2.4058e-01   6.2048e+01   2.4949e+01   0.0000e+00   4.5019e-03   3.1908e+02
20260830_12:00:00   2.3936e-01   6.1841e+01   2.4823e+01   0.0000e+00   4.3654e-03   3.1771e+02
20260830_13:00:00   2.3556e-01   6.1035e+01   2.4559e+01   0.0000e+00   1.2952e-03   3.1832e+02
20260830_14:00:00   2.4024e-01   6.2115e+01   2.5335e+01   0.0000e+00   3.3539e-03   3.1777e+02
20260830_15:00:00   2.5988e-01   6.6398e+01   2.7772e+01   0.0000e+00   5.4235e-02   3.1696e+02
20260830_16:00:00   2.5129e-01   6.4696e+01   2.6829e+01   0.0000e+00   1.5472e-02   3.1572e+02
20260830_17:00:00   2.9115e-01   7.3201e+01   3.0723e+01   5.8960e-03   5.8965e-03   3.1334e+02
20260830_18:00:00   3.1718e-01   7.8979e+01   3.3364e+01   1.0238e-04   8.0857e-03   3.1056e+02
20260830_19:00:00   3.8173e-01   9.1928e+01   3.7518e+01   2.5806e-02   6.1301e-02   3.0813e+02
20260830_20:00:00   3.9438e-01   9.4422e+01   3.9111e+01   2.2719e-02   8.7181e-02   3.0841e+02
20260830_21:00:00   3.8273e-01   9.1909e+01   3.7941e+01   2.5890e-02   1.8672e-01   3.0983e+02
20260830_22:00:00   6.6209e-01   1.3673e+02   3.9415e+01   3.2362e-01   4.2696e-01   3.1131e+02
20260830_23:00:00   9.3218e-01   1.6949e+02   3.9468e+01   6.3196e-01   5.7339e-01   3.1207e+02
20260831_00:00:00   8.4587e-01   1.6004e+02   3.9465e+01   5.3762e-01   2.1767e-01   3.1189e+02
20260831_01:00:00   4.8306e-01   1.0892e+02   3.7651e+01   1.4456e-01   3.3173e-01   3.1157e+02
20260831_02:00:00   3.6550e-01   8.8009e+01   3.6864e+01   2.0143e-02   1.3681e-01   3.1277e+02
20260831_03:00:00   3.4996e-01   8.5014e+01   3.4891e+01   1.7678e-02   3.5702e-03   3.1542e+02
20260831_04:00:00   3.3913e-01   8.2914e+01   3.1774e+01   3.0624e-02   2.9460e-04   3.1793e+02
20260831_05:00:00   3.0762e-01   7.6714e+01   3.1087e+01   3.9281e-05   6.0034e-05   3.1730e+02
20260831_06:00:00   3.0472e-01   7.6170e+01   3.0559e+01   0.0000e+00   1.7282e-03   3.1716e+02
20260831_07:00:00   3.0567e-01   7.6419e+01   3.0446e+01   0.0000e+00   1.2528e-04   3.1716e+02
20260831_08:00:00   3.0814e-01   7.6954e+01   3.0424e+01   0.0000e+00   2.0141e-04   3.1845e+02
20260831_09:00:00   3.0829e-01   7.7015e+01   3.0353e+01   0.0000e+00   7.4360e-04   3.1777e+02
20260831_10:00:00   3.1008e-01   7.7363e+01   3.0443e+01   0.0000e+00   2.5736e-03   3.1821e+02
20260831_11:00:00   3.0761e-01   7.6883e+01   2.9950e+01   0.0000e+00   1.9643e-05   3.2029e+02
20260831_12:00:00   3.0596e-01   7.6530e+01   2.9697e+01   0.0000e+00   1.9016e-04   3.1995e+02
20260831_13:00:00   3.0776e-01   7.6909e+01   2.9664e+01   0.0000e+00   2.2123e-04   3.2038e+02
20260831_14:00:00   3.0557e-01   7.6530e+01   2.9252e+01   0.0000e+00   0.0000e+00   3.2114e+02
20260831_15:00:00   3.0061e-01   7.5645e+01   2.8418e+01   1.4498e-03   0.0000e+00   3.2160e+02
20260831_16:00:00   2.9079e-01   7.3748e+01   2.7359e+01   2.3100e-06   0.0000e+00   3.2235e+02
20260831_17:00:00   2.9139e-01   7.3937e+01   2.6847e+01   5.6860e-03   0.0000e+00   3.2176e+02
20260831_18:00:00   2.7755e-01   7.1099e+01   2.5675e+01   4.7717e-03   0.0000e+00   3.2006e+02
20260831_19:00:00   2.7724e-01   7.1041e+01   2.5435e+01   6.2938e-03   0.0000e+00   3.1969e+02
20260831_20:00:00   2.7515e-01   7.0692e+01   2.5270e+01   4.1400e-03   0.0000e+00   3.1837e+02
20260831_21:00:00   3.0271e-01   7.6484e+01   2.5502e+01   3.1920e-02   0.0000e+00   3.1822e+02
20260831_22:00:00   4.5138e-01   1.0480e+02   2.6111e+01   1.9976e-01   0.0000e+00   3.1799e+02
20260831_23:00:00   4.2878e-01   1.0075e+02   2.6729e+01   1.6254e-01   6.8140e-07   3.1573e+02
20260901_00:00:00   3.6423e-01   8.8743e+01   2.7043e+01   7.7540e-02   0.0000e+00   3.1502e+02
20260901_01:00:00   4.3202e-01   1.0136e+02   2.7295e+01   1.5214e-01   2.0100e-05   3.1526e+02
20260901_02:00:00   3.4892e-01   8.5717e+01   2.7056e+01   5.8260e-02   2.4840e-03   3.1520e+02
20260901_03:00:00   2.9859e-01   7.5573e+01   2.7059e+01   7.4840e-04   6.4767e-04   3.1528e+02
20260901_04:00:00   3.0607e-01   7.7056e+01   2.8065e+01   0.0000e+00   2.2955e-03   3.1446e+02
20260901_05:00:00   3.1792e-01   7.9420e+01   2.9285e+01   0.0000e+00   2.4137e-03   3.1308e+02
20260901_06:00:00   3.2931e-01   8.1678e+01   3.0374e+01   0.0000e+00   4.1419e-03   3.1124e+02
20260901_07:00:00   3.4156e-01   8.4085e+01   3.1510e+01   0.0000e+00   4.8053e-03   3.0991e+02
20260901_08:00:00   3.5051e-01   8.5780e+01   3.2444e+01   2.2720e-07   9.6498e-03   3.0961e+02
20260901_09:00:00   3.6230e-01   8.8027e+01   3.3505e+01   3.8453e-03   3.1204e-02   3.0964e+02
20260901_10:00:00   3.7471e-01   9.0422e+01   3.4364e+01   1.1341e-02   5.5228e-02   3.1065e+02
20260901_11:00:00   4.1043e-01   9.7246e+01   3.5736e+01   4.0578e-02   1.4302e-02   3.1111e+02
20260901_12:00:00   4.3994e-01   1.0281e+02   3.6254e+01   7.2577e-02   7.2325e-03   3.1007e+02
20260901_13:00:00   4.5288e-01   1.0521e+02   3.6754e+01   8.2249e-02   4.9062e-03   3.0960e+02
20260901_14:00:00   4.5630e-01   1.0579e+02   3.6815e+01   8.3334e-02   7.0359e-02   3.0954e+02
20260901_15:00:00   4.8165e-01   1.1024e+02   3.7713e+01   1.0556e-01   4.8107e-02   3.1046e+02
20260901_16:00:00   5.7788e-01   1.2617e+02   3.9690e+01   2.0421e-01   6.1261e-03   3.1086e+02
20260901_17:00:00   7.8214e-01   1.5543e+02   3.9745e+01   4.5230e-01   2.2878e-04   3.1180e+02
20260901_18:00:00   1.0001e+00   1.8052e+02   4.1211e+01   7.0527e-01   3.0837e-02   3.1235e+02
20260901_19:00:00   1.3964e+00   2.1378e+02   4.1384e+01   1.1706e+00   5.5165e-02   3.1045e+02
20260901_20:00:00   1.5319e+00   2.2196e+02   4.2116e+01   1.3117e+00   5.3969e-03   3.1006e+02
20260901_21:00:00   1.3934e+00   2.1275e+02   4.2364e+01   1.1388e+00   4.9835e-02   3.0888e+02
20260901_22:00:00   1.0584e+00   1.8582e+02   4.1553e+01   7.6065e-01   3.0144e-03   3.1037e+02
20260901_23:00:00   1.0513e+00   1.8541e+02   4.0266e+01   7.6717e-01   7.0500e-04   3.0995e+02
20260902_00:00:00   8.8276e-01   1.6757e+02   3.9156e+01   5.7827e-01   5.7739e-05   3.1075e+02
20260902_01:00:00   7.9104e-01   1.5600e+02   3.9331e+01   4.5747e-01   2.1801e-05   3.1076e+02
20260902_02:00:00   9.9144e-01   1.7902e+02   3.9096e+01   6.9813e-01   6.9260e-04   3.0921e+02
20260902_03:00:00   1.0251e+00   1.8248e+02   3.9296e+01   7.3651e-01   1.1787e-03   3.0829e+02
20260902_04:00:00   1.0731e+00   1.8727e+02   3.8874e+01   7.9985e-01   4.6067e-03   3.0860e+02
20260902_05:00:00   1.2803e+00   2.0535e+02   3.8305e+01   1.0552e+00   1.4498e-02   3.0928e+02
20260902_06:00:00   1.5960e+00   2.2632e+02   3.8106e+01   1.4302e+00   2.6031e-02   3.0742e+02
20260902_09:00:00   9.3773e-01   1.7410e+02   3.7729e+01   6.6460e-01   2.1748e-03   3.0769e+02
20260902_12:00:00   1.3851e+00   2.1356e+02   3.9354e+01   1.1849e+00   2.3780e-02   3.0887e+02
20260902_15:00:00   1.1128e+00   1.9210e+02   4.2608e+01   8.4739e-01   2.4077e-02   3.0671e+02
20260902_18:00:00   1.3825e+00   2.1415e+02   4.7955e+01   1.1188e+00   8.9794e-03   3.0066e+02
20260902_21:00:00   9.2297e-01   1.7363e+02   4.9757e+01   5.4484e-01   1.2094e-01   3.0237e+02
20260903_00:00:00   9.7504e-01   1.8017e+02   5.1198e+01   5.9699e-01   9.4678e-02   3.0261e+02
20260903_03:00:00   7.6625e-01   1.5554e+02   5.2349e+01   3.2082e-01   3.4815e-02   3.0245e+02
20260903_06:00:00   9.1065e-01   1.7435e+02   5.1630e+01   5.2998e-01   5.8179e-03   2.9924e+02
20260903_09:00:00   7.4002e-01   1.5270e+02   5.2409e+01   2.9670e-01   9.1000e-03   3.0150e+02
20260903_12:00:00   6.1041e-01   1.3353e+02   5.0480e+01   1.6160e-01   2.8184e-01   3.0463e+02
20260903_15:00:00   9.3736e-01   1.7278e+02   5.2484e+01   4.7827e-01   3.0472e-01   3.0568e+02
20260903_18:00:00   4.1618e-01   1.0070e+02   4.1570e+01   7.9483e-04   0.0000e+00   3.2053e+02
20260903_21:00:00   3.8779e-01   9.4690e+01   3.8757e+01   0.0000e+00   0.0000e+00   3.2437e+02
20260904_00:00:00   3.3432e-01   8.3633e+01   3.2417e+01   0.0000e+00   0.0000e+00   3.2244e+02
20260904_03:00:00   2.7801e-01   7.1494e+01   2.6472e+01   0.0000e+00   0.0000e+00   3.2394e+02
20260904_06:00:00   2.3840e-01   6.2617e+01   2.1971e+01   0.0000e+00   5.4800e-04   3.2813e+02
20260904_09:00:00   2.1689e-01   5.7689e+01   1.8951e+01   0.0000e+00   0.0000e+00   3.2914e+02
20260904_12:00:00   2.2269e-01   5.8874e+01   1.9637e+01   0.0000e+00   0.0000e+00   3.2528e+02
20260904_15:00:00   2.4878e-01   6.4708e+01   2.2439e+01   1.0924e-05   0.0000e+00   3.2305e+02
20260904_18:00:00   2.6178e-01   6.7595e+01   2.4107e+01   3.3220e-03   0.0000e+00   3.2201e+02
20260904_21:00:00   2.7511e-01   7.0377e+01   2.5357e+01   1.5094e-03   1.0355e-04   3.1808e+02
20260905_00:00:00   2.6544e-01   6.8103e+01   2.4540e+01   0.0000e+00   1.1736e-04   3.1209e+02
20260905_03:00:00   2.4225e-01   6.2839e+01   2.2282e+01   0.0000e+00   3.0411e-04   3.1329e+02
20260905_06:00:00   2.4396e-01   6.3067e+01   2.2734e+01   0.0000e+00   0.0000e+00   3.1530e+02
20260905_09:00:00   2.4242e-01   6.2593e+01   2.2533e+01   0.0000e+00   0.0000e+00   3.1719e+02
20260905_12:00:00   2.4126e-01   6.2213e+01   2.2296e+01   0.0000e+00   0.0000e+00   3.1946e+02
20260905_15:00:00   2.3983e-01   6.2072e+01   2.2183e+01   0.0000e+00   0.0000e+00   3.1779e+02
20260905_18:00:00   2.6492e-01   6.7651e+01   2.4567e+01   5.3160e-03   0.0000e+00   3.2051e+02
20260905_21:00:00   3.3080e-01   8.1339e+01   2.5835e+01   6.8317e-02   0.0000e+00   3.2729e+02
20260906_00:00:00   2.3392e-01   6.0895e+01   2.1816e+01   0.0000e+00   0.0000e+00   3.3098e+02
20260906_03:00:00   1.8468e-01   4.9637e+01   1.6631e+01   0.0000e+00   0.0000e+00   3.3128e+02
20260906_06:00:00   1.8274e-01   4.9121e+01   1.6236e+01   0.0000e+00   0.0000e+00   3.2781e+02
20260906_09:00:00   1.6818e-01   4.5626e+01   1.4528e+01   0.0000e+00   0.0000e+00   3.3014e+02
20260906_12:00:00   1.5633e-01   4.2753e+01   1.3020e+01   0.0000e+00   0.0000e+00   3.3265e+02
20260906_15:00:00   1.9067e-01   5.0894e+01   1.6791e+01   0.0000e+00   0.0000e+00   3.3435e+02
20260906_18:00:00   2.2186e-01   5.8066e+01   2.1096e+01   0.0000e+00   0.0000e+00   3.3567e+02
20260906_21:00:00   2.9290e-01   7.3334e+01   2.2813e+01   6.0680e-02   0.0000e+00   3.3209e+02
20260907_00:00:00   2.4525e-01   6.3437e+01   2.2546e+01   0.0000e+00   0.0000e+00   3.2561e+02
20260907_03:00:00   2.3317e-01   6.0692e+01   2.0709e+01   0.0000e+00   0.0000e+00   3.2094e+02
20260907_06:00:00   2.3910e-01   6.1943e+01   2.1819e+01   0.0000e+00   0.0000e+00   3.1641e+02
20260907_09:00:00   2.4798e-01   6.3779e+01   2.3144e+01   0.0000e+00   3.4060e-04   3.1147e+02
20260907_12:00:00   2.2208e-01   5.8085e+01   2.0598e+01   0.0000e+00   9.0825e-03   3.1249e+02
20260907_15:00:00   1.9369e-01   5.1691e+01   1.7985e+01   0.0000e+00   5.8476e-03   3.1069e+02
20260907_18:00:00   1.8689e-01   5.0084e+01   1.8021e+01   0.0000e+00   2.3478e-02   3.1240e+02
20260907_21:00:00   1.9120e-01   5.1146e+01   1.8521e+01   0.0000e+00   2.2181e-02   3.1560e+02
20260908_00:00:00   2.1344e-01   5.6229e+01   2.0666e+01   0.0000e+00   1.4474e-02   3.1767e+02
20260908_03:00:00   2.3442e-01   6.0819e+01   2.3397e+01   0.0000e+00   1.3334e-02   3.1989e+02
20260908_06:00:00   2.2465e-01   5.8652e+01   2.2369e+01   0.0000e+00   8.4920e-06   3.1684e+02
20260908_09:00:00   2.0928e-01   5.5323e+01   2.0074e+01   0.0000e+00   0.0000e+00   3.1648e+02
20260908_12:00:00   2.0661e-01   5.4859e+01   1.9294e+01   0.0000e+00   9.8220e-06   3.1813e+02
20260908_15:00:00   2.1650e-01   5.7385e+01   2.0247e+01   0.0000e+00   2.2861e-03   3.1719e+02
20260908_18:00:00   2.6129e-01   6.7301e+01   2.5760e+01   3.9600e-04   5.8448e-03   3.1551e+02
20260908_21:00:00   3.8325e-01   9.1841e+01   2.8258e+01   1.1296e-01   6.4502e-02   3.1495e+02
20260909_00:00:00   2.5750e-01   6.6392e+01   2.3906e+01   9.2400e-07   0.0000e+00   3.2003e+02
20260909_03:00:00   2.1580e-01   5.6922e+01   1.8743e+01   0.0000e+00   4.6200e-07   3.3046e+02
20260909_06:00:00   1.9361e-01   5.1587e+01   1.6674e+01   0.0000e+00   0.0000e+00   3.2758e+02
20260909_09:00:00   1.7670e-01   4.7418e+01   1.5478e+01   0.0000e+00   8.6595e-04   3.2763e+02
20260909_12:00:00   1.7148e-01   4.6123e+01   1.4804e+01   0.0000e+00   0.0000e+00   3.2579e+02
20260909_15:00:00   1.7188e-01   4.6357e+01   1.4505e+01   0.0000e+00   0.0000e+00   3.2876e+02
20260909_18:00:00   1.9247e-01   5.1109e+01   1.7500e+01   0.0000e+00   0.0000e+00   3.2316e+02
20260909_21:00:00   2.2725e-01   5.8914e+01   1.8914e+01   2.2979e-02   1.6491e-06   3.2181e+02
20260910_00:00:00   1.9124e-01   5.0876e+01   1.7164e+01   0.0000e+00   0.0000e+00   3.2280e+02
20260910_03:00:00   1.9905e-01   5.2383e+01   1.7693e+01   1.2450e-04   2.7720e-07   3.2534e+02
20260910_06:00:00   1.9982e-01   5.2270e+01   1.7261e+01   0.0000e+00   9.0840e-08   3.3170e+02
20260910_09:00:00   1.7652e-01   4.6843e+01   1.4190e+01   0.0000e+00   0.0000e+00   3.4634e+02
20260910_12:00:00   1.4801e-01   4.0215e+01   1.0636e+01   0.0000e+00   0.0000e+00   3.3475e+02
20260910_15:00:00   1.3708e-01   3.7712e+01   9.8699e+00   0.0000e+00   0.0000e+00   3.1778e+02
20260910_18:00:00   1.3349e-01   3.6990e+01   9.9953e+00   0.0000e+00   0.0000e+00   3.1701e+02
20260910_21:00:00   1.5125e-01   4.1234e+01   1.2867e+01   0.0000e+00   4.9120e-04   3.1531e+02
20260911_00:00:00   1.6278e-01   4.3852e+01   1.4672e+01   0.0000e+00   1.0346e-02   3.1938e+02
20260911_03:00:00   1.6711e-01   4.4734e+01   1.5174e+01   0.0000e+00   1.5583e-02   3.2329e+02
20260911_06:00:00   1.6792e-01   4.4862e+01   1.5180e+01   0.0000e+00   5.5075e-03   3.2298e+02
20260911_09:00:00   1.6259e-01   4.3670e+01   1.4175e+01   0.0000e+00   3.4985e-03   3.2195e+02
20260911_12:00:00   1.6067e-01   4.3231e+01   1.3728e+01   0.0000e+00   1.6089e-02   3.2864e+02
20260911_15:00:00   1.6617e-01   4.4625e+01   1.4643e+01   0.0000e+00   8.1166e-03   3.3156e+02
20260911_18:00:00   1.7690e-01   4.7276e+01   1.6394e+01   0.0000e+00   3.6698e-03   3.2761e+02
20260911_21:00:00   1.8915e-01   5.0221e+01   1.8067e+01   0.0000e+00   3.0530e-03   3.2821e+02
20260912_00:00:00   1.9209e-01   5.0854e+01   1.8276e+01   0.0000e+00   6.1171e-02   3.3139e+02
20260912_03:00:00   1.9594e-01   5.1659e+01   1.8348e+01   0.0000e+00   1.3761e-01   3.2709e+02
20260912_06:00:00   1.8668e-01   4.9622e+01   1.6872e+01   0.0000e+00   8.1219e-03   3.3041e+02
20260912_09:00:00   1.8886e-01   5.0060e+01   1.6973e+01   0.0000e+00   3.5100e-05   3.3422e+02
20260912_12:00:00   1.8471e-01   4.9152e+01   1.6525e+01   0.0000e+00   0.0000e+00   3.2891e+02
20260912_15:00:00   1.9069e-01   5.0708e+01   1.7269e+01   0.0000e+00   1.0270e-03   3.2504e+02
20260912_18:00:00   2.0146e-01   5.3354e+01   1.9142e+01   0.0000e+00   4.3716e-03   3.2435e+02
20260912_21:00:00   2.2133e-01   5.7849e+01   2.1632e+01   0.0000e+00   1.0469e-01   3.2291e+02
20260913_00:00:00   2.2615e-01   5.8788e+01   2.2287e+01   0.0000e+00   1.6826e-02   3.2215e+02
20260913_03:00:00   2.1229e-01   5.5646e+01   2.0607e+01   0.0000e+00   3.2075e-03   3.2296e+02
20260913_06:00:00   2.4118e-01   6.2058e+01   2.3449e+01   0.0000e+00   1.1833e-03   3.1601e+02
