#            date       tau255        Tb[K]      pwv[mm] lwp[kg*m^-2] iwp[kg*m^-2]       o3[DU]
20260913_00:00:00   2.0135e-01   5.3790e+01   1.8446e+01   0.0000e+00   6.7442e-03   3.0668e+02
20260913_01:00:00   2.3313e-01   6.0678e+01   2.3478e+01   0.0000e+00   1.2882e-03   3.0681e+02
20260913_02:00:00   2.5157e-01   6.4727e+01   2.6351e+01   0.0000e+00   1.8975e-04   3.0613e+02
20260913_03:00:00   2.8541e-01   7.2126e+01   2.9820e+01   0.0000e+00   2.2209e-03   3.0709e+02
20260913_04:00:00   3.5542e-01   8.6206e+01   3.7760e+01   0.0000e+00   2.6803e-02   3.0561e+02
20260913_05:00:00   3.9432e-01   9.3581e+01   4.1729e+01   2.3396e-03   1.6214e-02   3.0292e+02
20260913_06:00:00   6.0684e-01   1.2853e+02   4.2921e+01   2.3140e-01   5.9482e-02   3.0151e+02
20260913_07:00:00   4.1911e-01   9.8118e+01   4.2835e+01   1.7562e-02   3.0344e-02   3.0219e+02
20260913_08:00:00   4.1500e-01   9.7514e+01   4.3413e+01   1.7386e-03   7.0167e-03   3.0162e+02
20260913_09:00:00   4.8867e-01   1.1057e+02   4.3021e+01   9.1767e-02   1.7305e-02   2.9980e+02
20260913_10:00:00   5.1203e-01   1.1445e+02   4.3297e+01   1.1746e-01   7.1925e-02   2.9889e+02
20260913_11:00:00   4.7726e-01   1.0843e+02   4.4865e+01   5.6375e-02   3.4155e-01   2.9792e+02
20260913_12:00:00   5.5153e-01   1.2057e+02   4.6001e+01   1.2676e-01   1.6904e-01   2.9832e+02
20260913_13:00:00   7.5135e-01   1.4919e+02   4.7792e+01   3.2503e-01   9.0861e-01   2.9829e+02
20260913_14:00:00   6.0821e-01   1.2953e+02   4.8239e+01   1.5105e-01   8.9907e-01   2.9761e+02
20260913_15:00:00   6.6162e-01   1.3761e+02   4.8794e+01   2.0450e-01   1.2617e+00   2.9615e+02
20260913_16:00:00   5.4606e-01   1.2084e+02   4.9254e+01   7.1837e-02   1.3223e+00   2.9582e+02
20260913_17:00:00   6.4086e-01   1.3608e+02   4.8900e+01   2.0002e-01   9.3736e-01   2.9796e+02
20260913_18:00:00   7.0058e-01   1.4442e+02   4.7738e+01   2.8351e-01   9.9791e-02   3.0164e+02
20260913_19:00:00   5.3469e-01   1.1991e+02   4.2215e+01   1.4119e-01   2.0438e-01   3.0648e+02
20260913_20:00:00   4.8370e-01   1.1154e+02   3.7097e+01   1.2045e-01   2.4983e-02   3.0711e+02
20260913_21:00:00   4.8162e-01   1.1122e+02   3.6512e+01   1.2788e-01   1.8400e-03   3.0894e+02
20260913_22:00:00   4.4551e-01   1.0493e+02   3.2939e+01   1.1612e-01   0.0000e+00   3.0842e+02
20260913_23:00:00   4.2195e-01   1.0067e+02   3.1648e+01   1.0438e-01   0.0000e+00   3.0537e+02
20260914_00:00:00   3.9760e-01   9.6061e+01   3.0794e+01   8.2435e-02   0.0000e+00   3.0353e+02
20260914_01:00:00   3.4327e-01   8.5189e+01   3.1850e+01   3.4270e-03   0.0000e+00   3.0173e+02
20260914_02:00:00   3.5617e-01   8.7670e+01   3.3803e+01   3.0660e-06   2.9196e-05   3.0090e+02
20260914_03:00:00   3.7681e-01   9.1628e+01   3.6578e+01   0.0000e+00   1.4645e-03   3.0096e+02
20260914_04:00:00   3.9228e-01   9.4482e+01   3.8949e+01   0.0000e+00   1.1783e-03   3.0000e+02
20260914_05:00:00   3.9079e-01   9.4149e+01   3.9264e+01   0.0000e+00   7.6421e-04   3.0078e+02
20260914_06:00:00   4.0375e-01   9.6553e+01   4.0458e+01   0.0000e+00   1.4744e-03   3.0219e+02
20260914_07:00:00   4.3628e-01   1.0225e+02   4.1569e+01   1.7085e-02   1.1696e-03   3.0754e+02
20260914_08:00:00   1.1150e+00   1.9040e+02   3.8041e+01   8.7201e-01   1.1995e-03   3.1052e+02
20260914_09:00:00   3.7341e-01   8.9334e+01   3.5574e+01   2.3142e-02   5.8665e-05   3.1444e+02
20260914_10:00:00   3.1899e-01   7.8238e+01   3.0163e+01   2.1220e-02   1.1558e-01   3.1695e+02
20260914_11:00:00   2.5297e-01   6.4717e+01   2.3916e+01   1.7706e-04   2.0459e-04   3.1996e+02
20260914_12:00:00   1.8377e-01   4.9360e+01   1.4676e+01   0.0000e+00   2.3196e-04   3.2377e+02
20260914_13:00:00   1.7301e-01   4.6852e+01   1.2770e+01   0.0000e+00   0.0000e+00   3.2745e+02
20260914_14:00:00   1.6836e-01   4.5728e+01   1.2484e+01   0.0000e+00   0.0000e+00   3.2818e+02
20260914_15:00:00   1.6857e-01   4.5724e+01   1.2776e+01   0.0000e+00   0.0000e+00   3.2951e+02
20260914_16:00:00   1.5949e-01   4.3573e+01   1.1958e+01   0.0000e+00   0.0000e+00   3.2956e+02
20260914_17:00:00   1.5197e-01   4.1770e+01   1.1294e+01   0.0000e+00   0.0000e+00   3.2668e+02
20260914_18:00:00   1.5053e-01   4.1418e+01   1.1213e+01   0.0000e+00   0.0000e+00   3.2852e+02
20260914_19:00:00   1.5007e-01   4.1300e+01   1.1178e+01   0.0000e+00   0.0000e+00   3.2656e+02
20260914_20:00:00   1.5392e-01   4.2199e+01   1.1669e+01   0.0000e+00   0.0000e+00   3.2291e+02
20260914_21:00:00   1.5525e-01   4.2504e+01   1.1795e+01   0.0000e+00   0.0000e+00   3.2349e+02
20260914_22:00:00   1.5274e-01   4.1838e+01   1.1522e+01   0.0000e+00   0.0000e+00   3.2447e+02
20260914_23:00:00   1.5325e-01   4.1898e+01   1.1644e+01   0.0000e+00   0.0000e+00   3.2546e+02
20260915_00:00:00   1.5482e-01   4.2256e+01   1.1852e+01   0.0000e+00   0.0000e+00   3.1991e+02
20260915_01:00:00   1.5290e-01   4.1795e+01   1.1628e+01   0.0000e+00   0.0000e+00   3.1446e+02
20260915_02:00:00   1.5128e-01   4.1404e+01   1.1461e+01   0.0000e+00   0.0000e+00   3.1454e+02
20260915_03:00:00   1.5174e-01   4.1517e+01   1.1450e+01   0.0000e+00   0.0000e+00   3.1383e+02
20260915_04:00:00   1.5268e-01   4.1733e+01   1.1435e+01   0.0000e+00   0.0000e+00   3.1222e+02
20260915_05:00:00   1.5604e-01   4.2497e+01   1.1728e+01   0.0000e+00   0.0000e+00   3.0955e+02
20260915_06:00:00   1.5503e-01   4.2262e+01   1.1600e+01   0.0000e+00   0.0000e+00   3.0687e+02
20260915_07:00:00   1.5412e-01   4.2061e+01   1.1443e+01   0.0000e+00   0.0000e+00   3.0562e+02
20260915_08:00:00   1.5750e-01   4.2835e+01   1.1766e+01   0.0000e+00   0.0000e+00   3.0454e+02
20260915_09:00:00   1.5636e-01   4.2569e+01   1.1657e+01   0.0000e+00   0.0000e+00   3.0677e+02
20260915_10:00:00   1.5665e-01   4.2641e+01   1.1708e+01   0.0000e+00   0.0000e+00   3.0644e+02
20260915_11:00:00   1.5552e-01   4.2366e+01   1.1633e+01   0.0000e+00   0.0000e+00   3.0606e+02
20260915_12:00:00   1.5578e-01   4.2421e+01   1.1710e+01   0.0000e+00   0.0000e+00   3.0403e+02
20260915_13:00:00   1.5681e-01   4.2715e+01   1.1916e+01   0.0000e+00   0.0000e+00   2.9932e+02
20260915_14:00:00   1.5747e-01   4.2942e+01   1.2056e+01   0.0000e+00   0.0000e+00   2.9892e+02
20260915_15:00:00   1.6040e-01   4.3717e+01   1.2421e+01   0.0000e+00   6.3960e-04   2.9891e+02
20260915_16:00:00   1.6117e-01   4.3986e+01   1.2671e+01   0.0000e+00   1.8284e-03   2.9985e+02
20260915_17:00:00   1.5902e-01   4.3575e+01   1.2558e+01   0.0000e+00   2.0701e-03   3.0041e+02
20260915_18:00:00   1.5846e-01   4.3528e+01   1.2662e+01   0.0000e+00   4.0902e-05   2.9932e+02
20260915_19:00:00   1.6146e-01   4.4291e+01   1.3253e+01   0.0000e+00   1.8402e-06   2.9724e+02
20260915_20:00:00   1.7078e-01   4.6463e+01   1.4929e+01   0.0000e+00   2.3520e-04   2.9653e+02
20260915_21:00:00   1.8154e-01   4.8910e+01   1.6833e+01   0.0000e+00   2.9585e-03   2.9604e+02
20260915_22:00:00   2.0732e-01   5.4665e+01   2.0996e+01   0.0000e+00   1.6273e-03   2.9519e+02
20260915_23:00:00   2.3548e-01   6.0725e+01   2.4830e+01   0.0000e+00   5.1038e-03   2.9404e+02
20260916_00:00:00   2.4690e-01   6.3161e+01   2.6390e+01   0.0000e+00   3.4137e-03   2.9357e+02
20260916_01:00:00   2.4569e-01   6.2925e+01   2.6100e+01   0.0000e+00   9.5260e-03   2.9466e+02
20260916_02:00:00   2.5277e-01   6.4448e+01   2.6821e+01   1.0622e-04   3.8970e-02   2.9545e+02
20260916_03:00:00   3.3423e-01   8.0875e+01   2.6674e+01   9.3799e-02   1.2390e-02   2.9684e+02
20260916_04:00:00   4.2806e-01   9.8229e+01   2.9111e+01   1.7676e-01   4.0224e-03   2.9672e+02
20260916_05:00:00   3.2875e-01   7.9911e+01   3.0005e+01   5.7257e-02   3.6947e-04   2.9591e+02
20260916_06:00:00   2.9157e-01   7.2644e+01   3.0822e+01   9.8517e-03   1.0193e-04   2.9713e+02
20260916_07:00:00   3.8463e-01   9.1200e+01   3.3472e+01   9.0817e-02   2.4464e-04   2.9695e+02
20260916_08:00:00   3.9544e-01   9.3242e+01   3.4943e+01   8.3779e-02   1.3247e-03   2.9655e+02
20260916_09:00:00   3.4626e-01   8.3940e+01   3.5536e+01   1.8506e-02   4.3065e-04   2.9619e+02
20260916_10:00:00   4.3421e-01   9.9956e+01   3.5111e+01   1.1974e-01   1.8897e-03   2.9664e+02
20260916_11:00:00   5.4489e-01   1.1852e+02   3.3601e+01   2.6019e-01   2.9460e-03   2.9559e+02
20260916_12:00:00   6.6679e-01   1.3764e+02   3.2990e+01   4.1190e-01   9.6140e-05   2.9527e+02
20260916_13:00:00   4.5583e-01   1.0467e+02   3.3499e+01   1.6025e-01   1.8195e-05   2.9541e+02
20260916_14:00:00   3.3761e-01   8.2736e+01   3.3779e+01   1.8735e-02   2.7800e-04   2.9598e+02
20260916_15:00:00   3.7247e-01   8.9596e+01   3.5765e+01   3.8000e-02   7.5680e-05   2.9510e+02
20260916_16:00:00   3.4297e-01   8.4170e+01   3.6185e+01   0.0000e+00   3.4540e-05   2.9630e+02
20260916_17:00:00   3.5020e-01   8.5726e+01   3.6974e+01   0.0000e+00   8.3541e-05   2.9716e+02
20260916_18:00:00   3.4287e-01   8.4438e+01   3.6358e+01   0.0000e+00   2.7760e-03   2.9633e+02
20260916_19:00:00   3.4148e-01   8.4298e+01   3.6288e+01   0.0000e+00   1.8423e-03   2.9392e+02
20260916_20:00:00   3.4149e-01   8.4375e+01   3.6285e+01   0.0000e+00   9.9019e-04   2.9441e+02
20260916_21:00:00   3.4805e-01   8.5760e+01   3.6912e+01   0.0000e+00   1.0436e-03   2.9009e+02
20260916_22:00:00   3.5892e-01   8.7945e+01   3.7903e+01   0.0000e+00   5.1280e-04   2.8934e+02
20260916_23:00:00   3.6029e-01   8.8262e+01   3.7901e+01   0.0000e+00   7.2400e-05   2.8992e+02
20260917_00:00:00   3.6767e-01   8.9702e+01   3.8594e+01   0.0000e+00   3.2280e-04   2.9182e+02
20260917_01:00:00   3.8284e-01   9.2569e+01   4.0265e+01   0.0000e+00   9.9443e-05   2.8923e+02
20260917_02:00:00   3.9538e-01   9.4871e+01   4.1466e+01   0.0000e+00   1.5757e-04   2.8840e+02
20260917_03:00:00   4.0136e-01   9.5955e+01   4.2012e+01   0.0000e+00   1.0926e-04   2.8753e+02
20260917_04:00:00   4.0776e-01   9.7113e+01   4.2658e+01   0.0000e+00   4.6362e-05   2.8648e+02
20260917_05:00:00   4.1835e-01   9.9016e+01   4.3704e+01   0.0000e+00   1.6153e-04   2.8600e+02
20260917_06:00:00   4.2194e-01   9.9631e+01   4.3931e+01   0.0000e+00   9.5430e-05   2.8537e+02
20260917_07:00:00   4.2819e-01   1.0073e+02   4.4545e+01   0.0000e+00   2.1944e-04   2.8458e+02
20260917_08:00:00   4.3494e-01   1.0188e+02   4.5175e+01   0.0000e+00   3.4441e-05   2.8426e+02
20260917_09:00:00   4.4113e-01   1.0292e+02   4.5769e+01   0.0000e+00   2.1500e-05   2.8450e+02
20260917_10:00:00   4.4736e-01   1.0396e+02   4.6251e+01   3.8640e-04   3.3920e-05   2.8471e+02
20260917_11:00:00   4.7969e-01   1.0957e+02   4.6945e+01   3.0265e-02   2.4882e-04   2.8537e+02
20260917_12:00:00   4.9082e-01   1.1147e+02   4.7070e+01   4.2066e-02   1.1970e-03   2.8635e+02
20260917_13:00:00   5.1517e-01   1.1557e+02   4.7511e+01   6.4803e-02   1.7907e-03   2.8606e+02
20260917_14:00:00   6.3981e-01   1.3512e+02   4.8368e+01   2.0014e-01   2.3135e-02   2.8638e+02
20260917_15:00:00   1.1352e+00   1.9326e+02   4.9453e+01   7.8310e-01   5.0727e-03   2.8595e+02
20260917_16:00:00   1.6732e+00   2.3066e+02   5.0174e+01   1.4134e+00   3.1500e-01   2.8500e+02
20260917_17:00:00   1.8849e+00   2.3976e+02   4.9892e+01   1.6431e+00   4.7631e-01   2.8620e+02
20260917_18:00:00   1.6780e+00   2.3043e+02   4.8515e+01   1.4301e+00   4.3804e-02   2.8725e+02
20260917_19:00:00   1.1593e+00   1.9362e+02   4.7444e+01   8.1387e-01   9.2450e-02   2.8545e+02
20260917_20:00:00   5.4691e-01   1.1973e+02   4.5210e+01   1.2532e-01   1.5679e-01   2.8537e+02
20260917_21:00:00   8.2066e-01   1.5690e+02   4.1102e+01   4.8361e-01   1.3796e-01   2.8703e+02
20260917_22:00:00   8.4246e-01   1.5911e+02   3.8729e+01   5.3220e-01   4.3933e-01   2.8740e+02
20260917_23:00:00   5.1210e-01   1.1366e+02   3.4606e+01   1.9596e-01   9.1310e-02   2.9029e+02
20260918_00:00:00   3.4547e-01   8.4475e+01   2.8130e+01   6.4294e-02   1.9202e-02   2.9269e+02
20260918_03:00:00   2.7687e-01   7.0276e+01   2.3296e+01   1.8268e-02   8.1447e-04   2.9783e+02
20260918_06:00:00   4.2151e-01   9.8990e+01   2.1886e+01   2.0585e-01   1.7054e-04   3.1217e+02
20260918_09:00:00   3.5620e-01   8.6261e+01   2.1579e+01   1.3250e-01   0.0000e+00   3.1474e+02
20260918_12:00:00   3.5760e-01   8.6486e+01   2.0228e+01   1.4272e-01   0.0000e+00   3.0972e+02
20260918_15:00:00   2.4048e-01   6.2049e+01   1.8199e+01   2.0005e-02   0.0000e+00   3.0870e+02
20260918_18:00:00   2.3400e-01   6.0666e+01   1.8857e+01   1.9842e-02   0.0000e+00   3.0187e+02
20260918_21:00:00   2.2488e-01   5.8653e+01   1.9791e+01   1.6359e-03   0.0000e+00   3.0422e+02
20260919_00:00:00   2.2311e-01   5.8087e+01   1.9596e+01   1.3160e-04   0.0000e+00   3.0708e+02
20260919_03:00:00   2.1577e-01   5.6258e+01   1.8741e+01   0.0000e+00   0.0000e+00   3.0759e+02
20260919_06:00:00   2.0968e-01   5.4779e+01   1.8049e+01   0.0000e+00   0.0000e+00   3.0832e+02
20260919_09:00:00   1.9811e-01   5.2146e+01   1.6819e+01   0.0000e+00   0.0000e+00   3.0692e+02
20260919_12:00:00   1.9849e-01   5.2203e+01   1.6848e+01   0.0000e+00   0.0000e+00   3.0755e+02
20260919_15:00:00   2.0808e-01   5.4521e+01   1.7900e+01   0.0000e+00   0.0000e+00   3.1240e+02
20260919_18:00:00   2.0726e-01   5.4530e+01   1.8118e+01   1.6758e-04   0.0000e+00   3.0715e+02
20260919_21:00:00   1.9766e-01   5.2367e+01   1.7402e+01   0.0000e+00   2.3460e-04   3.0166e+02
20260920_00:00:00   1.9821e-01   5.2413e+01   1.7430e+01   0.0000e+00   5.5470e-03   3.0092e+02
20260920_03:00:00   1.9314e-01   5.1161e+01   1.7114e+01   0.0000e+00   2.0080e-02   2.9910e+02
20260920_06:00:00   1.9777e-01   5.1958e+01   1.8559e+01   0.0000e+00   1.7489e-02   2.9881e+02
20260920_09:00:00   1.9911e-01   5.2099e+01   1.9718e+01   0.0000e+00   2.9718e-02   2.9865e+02
20260920_12:00:00   1.9993e-01   5.2196e+01   2.0062e+01   0.0000e+00   1.7992e-01   3.0090e+02
20260920_15:00:00   2.0972e-01   5.4547e+01   2.1464e+01   0.0000e+00   1.2810e-02   3.0101e+02
20260920_18:00:00   7.4346e-01   1.4549e+02   2.8211e+01   5.4431e-01   3.8937e-02   2.9787e+02
20260920_21:00:00   1.6385e+00   2.2408e+02   3.7111e+01   1.4776e+00   1.0022e-01   2.9425e+02
20260921_00:00:00   1.9879e+00   2.4068e+02   3.7012e+01   1.8675e+00   3.8880e-02   2.9389e+02
20260921_03:00:00   2.9747e-01   7.3757e+01   2.5247e+01   1.7398e-02   5.9725e-02   2.9822e+02
20260921_06:00:00   2.1299e-01   5.5413e+01   1.7357e+01   4.7420e-05   4.3343e-05   2.9942e+02
20260921_09:00:00   2.5629e-01   6.4626e+01   1.5813e+01   6.0248e-02   1.7555e-05   3.0574e+02
20260921_12:00:00   1.8235e-01   4.8207e+01   1.3481e+01   0.0000e+00   0.0000e+00   3.1076e+02
20260921_15:00:00   1.3296e-01   3.6745e+01   8.4135e+00   0.0000e+00   0.0000e+00   3.1052e+02
20260921_18:00:00   1.1981e-01   3.3637e+01   7.2854e+00   0.0000e+00   0.0000e+00   3.1082e+02
20260921_21:00:00   1.2200e-01   3.4234e+01   7.5984e+00   0.0000e+00   0.0000e+00   3.0772e+02
20260922_00:00:00   1.1769e-01   3.3111e+01   7.0085e+00   0.0000e+00   5.5633e-04   3.0358e+02
20260922_03:00:00   1.2418e-01   3.4653e+01   7.7261e+00   0.0000e+00   3.6133e-03   3.0270e+02
20260922_06:00:00   1.2640e-01   3.5151e+01   7.8219e+00   0.0000e+00   3.0180e-03   3.0009e+02
20260922_09:00:00   1.2529e-01   3.4862e+01   7.6311e+00   0.0000e+00   2.1106e-04   2.9792e+02
20260922_12:00:00   1.3843e-01   3.8014e+01   8.9352e+00   0.0000e+00   3.4939e-04   3.0101e+02
20260922_15:00:00   1.5251e-01   4.1494e+01   1.0466e+01   7.3020e-04   2.8190e-02   2.9731e+02
20260922_18:00:00   1.5086e-01   4.1252e+01   1.0796e+01   0.0000e+00   3.6677e-02   3.0122e+02
20260922_21:00:00   1.3890e-01   3.8330e+01   9.4246e+00   0.0000e+00   1.4612e-02   3.0091e+02
20260923_00:00:00   1.3299e-01   3.6778e+01   9.1655e+00   0.0000e+00   7.8444e-02   3.0410e+02
20260923_03:00:00   1.3551e-01   3.7326e+01   9.9420e+00   0.0000e+00   6.9192e-02   3.0757e+02
20260923_06:00:00   1.4691e-01   4.0016e+01   1.0976e+01   0.0000e+00   7.7790e-02   3.0737e+02
20260923_09:00:00   1.4345e-01   3.9171e+01   1.0495e+01   0.0000e+00   1.1055e-01   3.0852e+02
20260923_12:00:00   1.6935e-01   4.5216e+01   1.3420e+01   1.2392e-04   2.2967e-01   3.0847e+02
20260923_15:00:00   1.9576e-01   5.1372e+01   1.6203e+01   2.9323e-03   1.9180e-01   3.0948e+02
20260923_18:00:00   2.0716e-01   5.3903e+01   1.8188e+01   1.1463e-03   1.6694e-01   3.1031e+02
20260923_21:00:00   1.8605e-01   4.8996e+01   1.6560e+01   0.0000e+00   1.3973e-01   3.0935e+02
20260924_00:00:00   1.6960e-01   4.5072e+01   1.4599e+01   4.8088e-04   2.1694e-01   3.1446e+02
20260924_03:00:00   1.9902e-01   5.1777e+01   1.8589e+01   4.4942e-04   2.2785e-01   3.1527e+02
20260924_06:00:00   2.1022e-01   5.4274e+01   1.9569e+01   7.7820e-04   3.7791e-01   3.1279e+02
20260924_09:00:00   1.7409e-01   4.6140e+01   1.5588e+01   0.0000e+00   2.9588e-01   3.1529e+02
20260924_12:00:00   1.5522e-01   4.1811e+01   1.2941e+01   0.0000e+00   2.1785e-01   3.1613e+02
20260924_15:00:00   1.6590e-01   4.4403e+01   1.4254e+01   0.0000e+00   3.0060e-01   3.1715e+02
20260924_18:00:00   1.7399e-01   4.6405e+01   1.5345e+01   0.0000e+00   1.6678e-01   3.1450e+02
20260924_21:00:00   1.5348e-01   4.1768e+01   1.2678e+01   0.0000e+00   1.5094e-01   3.1845e+02
20260925_00:00:00   1.7208e-01   4.6308e+01   1.4080e+01   0.0000e+00   2.3287e-02   3.1886e+02
20260925_03:00:00   1.8933e-01   5.0230e+01   1.5493e+01   0.0000e+00   5.7225e-03   3.2056e+02
20260925_06:00:00   1.7442e-01   4.6775e+01   1.3633e+01   9.6560e-06   1.3860e-06   3.2263e+02
20260925_09:00:00   1.5739e-01   4.2877e+01   1.1731e+01   0.0000e+00   0.0000e+00   3.2344e+02
20260925_12:00:00   1.5228e-01   4.1626e+01   1.1200e+01   0.0000e+00   0.0000e+00   3.3325e+02
20260925_15:00:00   1.5516e-01   4.2285e+01   1.1803e+01   0.0000e+00   0.0000e+00   3.3185e+02
20260925_18:00:00   1.5038e-01   4.1196e+01   1.1920e+01   0.0000e+00   0.0000e+00   3.2782e+02
20260925_21:00:00   1.5131e-01   4.1447e+01   1.2544e+01   0.0000e+00   6.2840e-04   3.2719e+02
20260926_00:00:00   1.4535e-01   3.9878e+01   1.2293e+01   0.0000e+00   2.7386e-03   3.2336e+02
20260926_03:00:00   1.4656e-01   4.0173e+01   1.2525e+01   0.0000e+00   4.2524e-03   3.2047e+02
20260926_06:00:00   1.7514e-01   4.6982e+01   1.6627e+01   0.0000e+00   4.8280e-06   3.1930e+02
20260926_09:00:00   1.9026e-01   5.0776e+01   1.8027e+01   0.0000e+00   5.4019e-03   3.1704e+02
20260926_12:00:00   2.1238e-01   5.5773e+01   2.1181e+01   0.0000e+00   3.5307e-02   3.1290e+02
20260926_15:00:00   2.5795e-01   6.6056e+01   2.6125e+01   0.0000e+00   3.3493e-02   3.1349e+02
20260926_18:00:00   3.0530e-01   7.6309e+01   3.0788e+01   0.0000e+00   6.5794e-02   3.1058e+02
20260926_21:00:00   3.4814e-01   8.5448e+01   2.8762e+01   4.7200e-02   2.7720e-06   3.0944e+02
20260927_00:00:00   2.9359e-01   7.4389e+01   2.6624e+01   0.0000e+00   0.0000e+00   3.0699e+02
20260927_03:00:00   2.7015e-01   6.9384e+01   2.4330e+01   0.0000e+00   1.6319e-03   3.0390e+02
20260927_06:00:00   2.5223e-01   6.5469e+01   2.2634e+01   0.0000e+00   1.7394e-03   3.0216e+02
20260927_09:00:00   2.5099e-01   6.5189e+01   2.2787e+01   0.0000e+00   3.3838e-03   3.0431e+02
20260927_12:00:00   2.5553e-01   6.6208e+01   2.3564e+01   0.0000e+00   6.7140e-03   3.0262e+02
20260927_15:00:00   2.7279e-01   7.0183e+01   2.5384e+01   0.0000e+00   6.7836e-03   2.9811e+02
20260927_18:00:00   3.0989e-01   7.8033e+01   3.0457e+01   2.2200e-05   4.6200e-07   3.0231e+02
20260927_21:00:00   2.7491e-01   7.0945e+01   2.4135e+01   9.3480e-03   0.0000e+00   3.0309e+02
20260928_00:00:00   2.1065e-01   5.6007e+01   1.8489e+01   0.0000e+00   0.0000e+00   2.9532e+02
20260928_03:00:00   1.8704e-01   5.0142e+01   1.6157e+01   0.0000e+00   0.0000e+00   2.9175e+02
20260928_06:00:00   1.8529e-01   4.9540e+01   1.5356e+01   0.0000e+00   0.0000e+00   2.8830e+02
20260928_09:00:00   1.4568e-01   4.0066e+01   1.0743e+01   0.0000e+00   0.0000e+00   2.9018e+02
20260928_12:00:00   1.4748e-01   4.0449e+01   1.0645e+01   0.0000e+00   0.0000e+00   2.8799e+02
20260928_15:00:00   1.4652e-01   4.0261e+01   1.1030e+01   0.0000e+00   0.0000e+00   2.8893e+02
20260928_18:00:00   1.2657e-01   3.5536e+01   9.0420e+00   0.0000e+00   0.0000e+00   2.8627e+02
20260928_21:00:00   1.3196e-01   3.6897e+01   9.8143e+00   0.0000e+00   0.0000e+00   2.8427e+02
20260929_00:00:00   1.4169e-01   3.9224e+01   1.0999e+01   0.0000e+00   0.0000e+00   2.8427e+02
