#            date       tau255        Tb[K]      pwv[mm] lwp[kg*m^-2] iwp[kg*m^-2]       o3[DU]
20260903_18:00:00   4.7795e-01   1.1025e+02   4.3154e+01   4.2460e-02   1.5450e-05   3.1967e+02
20260903_19:00:00   4.6567e-01   1.0827e+02   4.3389e+01   2.6003e-02   1.0902e-06   3.2038e+02
20260903_20:00:00   4.4904e-01   1.0534e+02   4.2607e+01   1.1235e-02   0.0000e+00   3.2009e+02
20260903_21:00:00   4.8561e-01   1.1198e+02   4.1415e+01   6.5736e-02   0.0000e+00   3.1636e+02
20260903_22:00:00   4.0626e-01   9.7580e+01   3.8068e+01   5.8920e-03   0.0000e+00   3.1608e+02
20260903_23:00:00   3.6144e-01   8.9056e+01   3.3638e+01   1.5132e-05   2.9140e-05   3.1440e+02
20260904_00:00:00   3.5538e-01   8.7794e+01   3.3029e+01   3.6674e-05   1.4135e-03   3.1080e+02
20260904_01:00:00   3.7530e-01   9.1499e+01   3.5767e+01   1.9226e-03   1.4801e-04   3.0517e+02
20260904_02:00:00   3.6459e-01   8.9462e+01   3.4232e+01   2.3961e-03   9.6716e-03   3.0169e+02
20260904_03:00:00   3.6172e-01   8.8919e+01   3.3339e+01   6.9550e-03   1.8399e-02   3.0397e+02
20260904_04:00:00   3.5698e-01   8.8026e+01   3.2171e+01   1.2846e-02   7.6240e-03   3.0344e+02
20260904_05:00:00   3.5685e-01   8.7935e+01   3.1365e+01   2.2165e-02   4.3660e-03   3.0656e+02
20260904_06:00:00   3.3234e-01   8.2969e+01   2.9644e+01   1.5822e-02   1.4328e-03   3.0650e+02
20260904_07:00:00   3.1781e-01   7.9923e+01   2.8725e+01   1.3073e-02   3.4645e-06   3.0716e+02
20260904_08:00:00   2.9160e-01   7.4381e+01   2.7360e+01   1.7346e-03   4.7140e-04   3.0746e+02
20260904_09:00:00   2.8597e-01   7.3113e+01   2.7203e+01   5.5200e-04   0.0000e+00   3.0927e+02
20260904_10:00:00   2.8270e-01   7.2357e+01   2.7168e+01   1.3340e-04   1.8022e-04   3.0889e+02
20260904_11:00:00   2.8065e-01   7.1931e+01   2.6892e+01   0.0000e+00   7.3840e-05   3.0594e+02
20260904_12:00:00   2.7659e-01   7.1070e+01   2.6415e+01   1.0070e-07   4.5334e-04   3.0364e+02
20260904_13:00:00   2.6844e-01   6.9341e+01   2.5084e+01   0.0000e+00   1.8478e-06   3.0226e+02
20260904_14:00:00   2.6831e-01   6.9359e+01   2.4937e+01   0.0000e+00   0.0000e+00   3.0053e+02
20260904_15:00:00   2.7315e-01   7.0464e+01   2.5458e+01   0.0000e+00   0.0000e+00   2.9992e+02
20260904_16:00:00   2.7894e-01   7.1758e+01   2.5963e+01   9.7820e-04   0.0000e+00   3.0098e+02
20260904_17:00:00   2.8990e-01   7.3987e+01   2.6342e+01   1.3779e-02   0.0000e+00   3.0263e+02
20260904_18:00:00   2.9923e-01   7.5762e+01   2.6167e+01   3.0981e-02   0.0000e+00   3.0532e+02
20260904_19:00:00   2.6412e-01   6.8383e+01   2.5257e+01   1.9849e-03   0.0000e+00   3.0525e+02
20260904_20:00:00   2.7582e-01   7.0884e+01   2.5411e+01   1.4244e-02   0.0000e+00   3.0539e+02
20260904_21:00:00   2.7484e-01   7.0662e+01   2.5776e+01   6.3677e-03   5.0560e-06   3.0706e+02
20260904_22:00:00   3.3495e-01   8.2828e+01   2.6410e+01   6.8700e-02   0.0000e+00   3.0745e+02
20260904_23:00:00   2.8752e-01   7.3079e+01   2.5173e+01   2.5020e-02   0.0000e+00   3.0932e+02
20260905_00:00:00   2.9726e-01   7.5022e+01   2.5046e+01   3.2400e-02   0.0000e+00   3.0977e+02
20260905_01:00:00   3.2066e-01   7.9724e+01   2.4794e+01   5.9480e-02   0.0000e+00   3.1057e+02
20260905_02:00:00   2.7434e-01   7.0081e+01   2.4831e+01   5.0500e-03   0.0000e+00   3.1057e+02
20260905_03:00:00   2.6061e-01   6.7022e+01   2.3982e+01   0.0000e+00   0.0000e+00   3.1032e+02
20260905_04:00:00   2.4768e-01   6.4142e+01   2.3028e+01   0.0000e+00   0.0000e+00   3.0973e+02
20260905_05:00:00   2.4537e-01   6.3583e+01   2.3020e+01   0.0000e+00   0.0000e+00   3.0940e+02
20260905_06:00:00   2.5379e-01   6.5372e+01   2.3845e+01   0.0000e+00   0.0000e+00   3.0957e+02
20260905_07:00:00   2.6245e-01   6.7234e+01   2.4366e+01   0.0000e+00   4.5420e-07   3.1144e+02
20260905_08:00:00   2.6446e-01   6.7662e+01   2.4294e+01   0.0000e+00   0.0000e+00   3.1488e+02
20260905_09:00:00   2.7194e-01   6.9135e+01   2.5142e+01   0.0000e+00   4.9673e-03   3.1890e+02
20260905_10:00:00   2.8144e-01   7.1057e+01   2.5880e+01   0.0000e+00   9.5320e-06   3.1942e+02
20260905_11:00:00   2.8526e-01   7.1857e+01   2.5637e+01   0.0000e+00   0.0000e+00   3.1963e+02
20260905_12:00:00   2.9229e-01   7.3277e+01   2.6236e+01   0.0000e+00   0.0000e+00   3.2034e+02
20260905_13:00:00   2.9507e-01   7.3901e+01   2.6563e+01   8.8580e-05   0.0000e+00   3.2079e+02
20260905_14:00:00   2.9863e-01   7.4697e+01   2.6802e+01   1.1533e-03   0.0000e+00   3.2202e+02
20260905_15:00:00   3.4146e-01   8.3479e+01   2.6819e+01   5.3856e-02   0.0000e+00   3.2383e+02
20260905_16:00:00   3.7138e-01   8.9130e+01   2.7731e+01   7.8640e-02   2.1540e-04   3.2307e+02
20260905_17:00:00   3.1781e-01   7.8692e+01   2.8352e+01   9.1099e-03   2.1480e-04   3.2380e+02
20260905_18:00:00   3.9878e-01   9.4007e+01   2.9308e+01   9.0699e-02   1.0998e-03   3.2446e+02
20260905_19:00:00   3.4348e-01   8.3706e+01   2.9081e+01   3.0072e-02   1.1477e-03   3.2577e+02
20260905_20:00:00   3.1683e-01   7.8391e+01   2.8862e+01   3.9206e-03   2.3167e-03   3.2846e+02
20260905_21:00:00   3.2279e-01   7.9505e+01   2.9467e+01   4.3928e-03   8.2540e-07   3.3167e+02
20260905_22:00:00   4.2870e-01   9.9499e+01   3.0237e+01   1.1479e-01   3.8620e-06   3.3238e+02
20260905_23:00:00   9.5489e-01   1.7309e+02   2.9960e+01   7.2963e-01   1.8478e-07   3.3296e+02
20260906_00:00:00   8.9975e-01   1.6655e+02   2.8355e+01   6.7947e-01   1.2340e-05   3.3581e+02
20260906_01:00:00   7.4244e-01   1.4710e+02   2.6785e+01   5.1185e-01   2.6960e-05   3.3543e+02
20260906_02:00:00   6.1314e-01   1.2889e+02   2.5159e+01   3.8023e-01   3.5700e-05   3.3488e+02
20260906_03:00:00   5.8663e-01   1.2453e+02   2.3581e+01   3.6638e-01   8.0880e-05   3.3482e+02
20260906_04:00:00   6.5037e-01   1.3348e+02   2.3115e+01   4.4092e-01   1.6084e-04   3.3122e+02
20260906_05:00:00   5.5629e-01   1.1915e+02   2.2644e+01   3.3675e-01   4.2019e-04   3.2943e+02
20260906_06:00:00   4.5527e-01   1.0255e+02   2.2560e+01   2.2241e-01   9.1498e-04   3.2952e+02
20260906_07:00:00   4.0427e-01   9.3683e+01   2.2731e+01   1.6314e-01   1.7517e-03   3.3167e+02
20260906_08:00:00   4.4406e-01   1.0075e+02   2.2639e+01   2.0984e-01   3.1426e-03   3.3377e+02
20260906_09:00:00   4.0512e-01   9.3825e+01   2.1727e+01   1.7638e-01   6.1840e-03   3.3749e+02
20260906_10:00:00   4.4617e-01   1.0098e+02   2.0940e+01   2.3178e-01   1.1929e-02   3.4266e+02
20260906_11:00:00   4.6168e-01   1.0353e+02   2.0980e+01   2.4807e-01   6.6171e-03   3.4302e+02
20260906_12:00:00   2.6792e-01   6.7170e+01   2.1318e+01   2.4916e-02   4.2319e-05   3.4172e+02
20260906_13:00:00   2.5800e-01   6.5099e+01   2.2274e+01   3.7091e-03   6.0770e-06   3.4335e+02
20260906_14:00:00   2.6028e-01   6.5709e+01   2.1624e+01   1.4845e-02   0.0000e+00   3.4849e+02
20260906_15:00:00   2.7067e-01   6.7960e+01   2.1845e+01   2.7456e-02   0.0000e+00   3.5408e+02
20260906_16:00:00   2.7243e-01   6.8296e+01   2.2635e+01   2.5741e-02   0.0000e+00   3.5493e+02
20260906_17:00:00   3.5742e-01   8.5166e+01   2.2987e+01   1.2514e-01   2.4844e-03   3.5167e+02
20260906_18:00:00   6.0273e-01   1.2631e+02   2.2588e+01   4.1135e-01   1.0160e-01   3.5062e+02
20260906_19:00:00   4.2929e-01   9.8011e+01   2.0662e+01   2.3200e-01   5.3710e-02   3.5123e+02
20260906_20:00:00   2.5054e-01   6.3503e+01   1.9270e+01   4.0760e-02   6.6308e-02   3.5137e+02
20260906_21:00:00   2.1128e-01   5.5126e+01   1.8690e+01   1.4002e-03   2.8036e-03   3.4998e+02
20260906_22:00:00   2.1771e-01   5.6538e+01   1.8809e+01   8.6994e-03   8.3230e-04   3.4884e+02
20260906_23:00:00   2.8782e-01   7.1109e+01   1.8834e+01   8.8263e-02   2.7096e-03   3.4814e+02
20260907_00:00:00   2.6971e-01   6.7424e+01   1.9198e+01   6.4361e-02   1.4536e-03   3.4813e+02
20260907_01:00:00   2.3581e-01   6.0307e+01   1.8805e+01   3.2534e-02   6.1530e-04   3.5117e+02
20260907_02:00:00   2.2257e-01   5.7489e+01   1.8890e+01   1.8486e-02   1.4186e-04   3.5276e+02
20260907_03:00:00   2.4009e-01   6.1261e+01   1.8647e+01   4.0980e-02   6.7780e-05   3.5284e+02
20260907_04:00:00   2.0056e-01   5.2621e+01   1.8220e+01   5.2540e-04   2.1480e-06   3.5275e+02
20260907_05:00:00   1.9196e-01   5.0670e+01   1.7283e+01   0.0000e+00   1.8246e-06   3.5304e+02
20260907_06:00:00   1.7306e-01   4.6323e+01   1.5107e+01   0.0000e+00   4.6200e-07   3.5324e+02
20260907_07:00:00   1.6652e-01   4.4782e+01   1.4401e+01   0.0000e+00   0.0000e+00   3.5029e+02
20260907_08:00:00   1.7815e-01   4.7481e+01   1.5771e+01   0.0000e+00   0.0000e+00   3.4797e+02
20260907_09:00:00   1.8596e-01   4.9366e+01   1.6490e+01   0.0000e+00   0.0000e+00   3.4635e+02
20260907_10:00:00   1.8820e-01   4.9977e+01   1.6523e+01   0.0000e+00   0.0000e+00   3.4335e+02
20260907_11:00:00   1.8676e-01   4.9720e+01   1.6240e+01   0.0000e+00   0.0000e+00   3.4174e+02
20260907_12:00:00   1.8560e-01   4.9516e+01   1.5994e+01   0.0000e+00   0.0000e+00   3.4064e+02
20260907_13:00:00   1.8768e-01   5.0033e+01   1.6203e+01   0.0000e+00   0.0000e+00   3.3811e+02
20260907_14:00:00   1.8869e-01   5.0331e+01   1.6386e+01   0.0000e+00   0.0000e+00   3.3444e+02
20260907_15:00:00   1.8938e-01   5.0527e+01   1.6616e+01   0.0000e+00   0.0000e+00   3.3422e+02
20260907_16:00:00   1.9664e-01   5.2208e+01   1.7625e+01   0.0000e+00   0.0000e+00   3.3451e+02
20260907_17:00:00   2.0418e-01   5.3997e+01   1.8728e+01   0.0000e+00   0.0000e+00   3.3765e+02
20260907_18:00:00   2.1756e-01   5.7022e+01   2.0509e+01   0.0000e+00   0.0000e+00   3.4269e+02
20260907_19:00:00   2.2436e-01   5.8569e+01   2.1520e+01   0.0000e+00   0.0000e+00   3.4189e+02
20260907_20:00:00   2.3225e-01   6.0354e+01   2.2503e+01   1.3310e-03   0.0000e+00   3.3913e+02
20260907_21:00:00   2.4576e-01   6.3348e+01   2.2809e+01   1.4240e-02   0.0000e+00   3.3459e+02
20260907_22:00:00   2.3515e-01   6.1093e+01   2.2847e+01   8.5380e-04   0.0000e+00   3.3338e+02
20260907_23:00:00   2.2724e-01   5.9315e+01   2.2027e+01   1.8940e-05   0.0000e+00   3.3279e+02
20260908_00:00:00   2.1364e-01   5.6266e+01   2.0417e+01   0.0000e+00   1.3087e-04   3.3261e+02
20260908_01:00:00   2.1184e-01   5.5884e+01   2.0022e+01   0.0000e+00   1.7184e-03   3.3283e+02
20260908_02:00:00   2.2272e-01   5.8235e+01   2.1293e+01   0.0000e+00   1.1244e-03   3.3304e+02
20260908_03:00:00   2.2233e-01   5.8126e+01   2.1202e+01   0.0000e+00   2.5503e-02   3.2927e+02
20260908_04:00:00   2.3243e-01   6.0192e+01   2.2667e+01   0.0000e+00   1.9888e-01   3.2927e+02
20260908_05:00:00   2.3498e-01   6.0714e+01   2.3183e+01   0.0000e+00   5.9693e-02   3.3037e+02
20260908_06:00:00   2.4427e-01   6.2622e+01   2.4411e+01   0.0000e+00   2.9892e-02   3.2965e+02
20260908_07:00:00   2.7005e-01   6.7991e+01   2.7199e+01   1.3974e-03   1.0705e-01   3.2713e+02
20260908_08:00:00   2.9107e-01   7.2350e+01   2.8732e+01   4.6556e-03   2.1958e-01   3.2751e+02
20260908_09:00:00   2.7698e-01   6.9703e+01   2.6811e+01   0.0000e+00   4.2030e-04   3.3028e+02
20260908_10:00:00   3.2595e-01   7.9687e+01   2.5205e+01   6.0084e-02   6.6384e-04   3.3456e+02
20260908_11:00:00   2.6080e-01   6.6601e+01   2.2154e+01   8.4780e-03   3.8960e-06   3.4244e+02
20260908_12:00:00   2.4055e-01   6.2226e+01   2.0410e+01   3.8225e-03   2.1500e-06   3.4896e+02
20260908_13:00:00   2.1261e-01   5.6061e+01   1.7278e+01   0.0000e+00   0.0000e+00   3.5319e+02
20260908_14:00:00   1.9392e-01   5.1841e+01   1.5162e+01   0.0000e+00   0.0000e+00   3.5390e+02
20260908_15:00:00   1.8647e-01   5.0099e+01   1.4502e+01   0.0000e+00   0.0000e+00   3.5164e+02
20260908_16:00:00   1.6857e-01   4.5927e+01   1.2924e+01   0.0000e+00   0.0000e+00   3.5027e+02
20260908_17:00:00   1.6256e-01   4.4478e+01   1.2649e+01   0.0000e+00   0.0000e+00   3.4178e+02
20260908_18:00:00   1.5273e-01   4.2102e+01   1.1801e+01   0.0000e+00   0.0000e+00   3.3807e+02
20260908_21:00:00   1.2472e-01   3.5207e+01   8.8430e+00   0.0000e+00   0.0000e+00   3.2966e+02
20260909_00:00:00   1.2042e-01   3.4072e+01   8.2897e+00   0.0000e+00   1.9352e-03   3.2462e+02
20260909_03:00:00   1.2464e-01   3.5066e+01   8.7281e+00   0.0000e+00   3.2027e-03   3.1989e+02
20260909_06:00:00   1.4948e-01   4.1028e+01   1.1593e+01   0.0000e+00   1.8403e-02   3.1566e+02
20260909_09:00:00   1.6137e-01   4.3729e+01   1.3362e+01   7.1540e-06   5.0435e-02   3.1932e+02
20260909_12:00:00   1.7543e-01   4.6868e+01   1.6009e+01   0.0000e+00   3.8234e-02   3.1325e+02
20260909_15:00:00   2.0656e-01   5.3906e+01   2.1130e+01   2.7080e-04   3.2819e-02   3.0661e+02
20260909_18:00:00   8.2963e-01   1.5685e+02   3.4591e+01   5.7046e-01   9.8655e-02   3.0536e+02
20260909_21:00:00   6.5269e-01   1.3523e+02   3.5429e+01   3.4358e-01   2.2213e-02   3.1023e+02
20260910_00:00:00   9.3270e-01   1.7234e+02   3.8873e+01   6.4252e-01   3.2384e-02   3.1281e+02
20260910_03:00:00   6.6102e-01   1.3800e+02   4.3357e+01   2.6236e-01   1.2582e-02   3.0931e+02
20260910_06:00:00   4.9685e-01   1.1308e+02   4.1665e+01   7.8480e-02   1.5136e-03   3.0946e+02
20260910_09:00:00   5.4454e-01   1.2171e+02   4.1258e+01   1.3289e-01   2.1322e-03   3.1233e+02
20260910_12:00:00   3.8304e-01   9.3044e+01   3.5396e+01   1.0220e-06   5.1826e-03   3.1516e+02
20260910_15:00:00   2.3315e-01   6.1812e+01   2.1203e+01   0.0000e+00   2.7781e-02   3.2290e+02
20260910_18:00:00   2.9760e-01   7.5652e+01   2.9554e+01   2.6260e-04   0.0000e+00   3.3761e+02
20260910_21:00:00   2.4004e-01   6.3018e+01   2.2914e+01   1.1034e-03   3.9281e-05   3.3858e+02
20260911_00:00:00   2.9605e-01   7.4317e+01   2.5038e+01   3.7398e-02   0.0000e+00   3.3983e+02
20260911_03:00:00   2.2459e-01   5.8533e+01   2.0985e+01   0.0000e+00   0.0000e+00   3.4683e+02
20260911_06:00:00   2.3682e-01   6.0981e+01   2.2476e+01   2.9940e-04   0.0000e+00   3.4651e+02
20260911_09:00:00   3.3536e-01   8.1098e+01   1.7560e+01   1.4586e-01   2.0140e-04   3.3947e+02
20260911_12:00:00   2.3374e-01   5.9930e+01   1.7235e+01   3.3609e-02   1.7382e-05   3.4171e+02
20260911_15:00:00   2.2021e-01   5.6954e+01   1.8545e+01   9.0340e-03   0.0000e+00   3.4010e+02
20260911_18:00:00   2.2721e-01   5.8657e+01   1.9524e+01   4.7940e-03   0.0000e+00   3.3874e+02
20260911_21:00:00   2.2028e-01   5.7147e+01   1.8977e+01   0.0000e+00   9.6560e-06   3.4505e+02
20260912_00:00:00   2.1812e-01   5.6505e+01   1.7754e+01   7.6000e-03   2.8159e-03   3.5179e+02
20260912_03:00:00   1.9622e-01   5.1537e+01   1.5987e+01   4.3460e-05   8.7725e-04   3.5816e+02
20260912_06:00:00   1.6172e-01   4.3418e+01   1.2155e+01   0.0000e+00   0.0000e+00   3.6017e+02
20260912_09:00:00   1.6894e-01   4.4983e+01   1.2687e+01   1.2678e-03   1.1760e-05   3.6499e+02
20260912_12:00:00   1.9255e-01   5.0316e+01   1.3142e+01   2.1020e-02   9.5620e-05   3.5126e+02
20260912_15:00:00   1.8209e-01   4.8108e+01   1.3612e+01   6.5105e-03   1.9642e-06   3.3651e+02
20260912_18:00:00   1.6586e-01   4.4616e+01   1.2618e+01   7.4860e-04   4.6200e-07   3.3884e+02
20260912_21:00:00   1.5145e-01   4.1243e+01   1.1559e+01   0.0000e+00   0.0000e+00   3.4240e+02
20260913_00:00:00   1.4803e-01   4.0375e+01   1.1294e+01   0.0000e+00   2.9212e-02   3.4342e+02
20260913_03:00:00   1.5355e-01   4.1551e+01   1.1838e+01   0.0000e+00   1.9968e-03   3.4138e+02
20260913_06:00:00   1.5012e-01   4.0684e+01   1.1343e+01   0.0000e+00   0.0000e+00   3.3590e+02
20260913_09:00:00   1.3919e-01   3.7989e+01   1.0343e+01   0.0000e+00   0.0000e+00   3.3357e+02
20260913_12:00:00   1.3150e-01   3.6172e+01   9.3913e+00   0.0000e+00   0.0000e+00   3.2697e+02
20260913_15:00:00   1.2906e-01   3.5741e+01   9.1993e+00   0.0000e+00   2.9760e-05   3.2090e+02
20260913_18:00:00   1.3420e-01   3.7161e+01   1.0195e+01   0.0000e+00   4.0841e-03   3.1302e+02
20260913_21:00:00   1.5470e-01   4.2219e+01   1.3049e+01   0.0000e+00   7.0166e-03   3.0976e+02
20260914_00:00:00   1.8146e-01   4.8401e+01   1.6578e+01   0.0000e+00   6.1482e-02   3.0324e+02
20260914_03:00:00   2.0849e-01   5.4401e+01   2.1065e+01   0.0000e+00   6.3801e-02   2.9977e+02
20260914_06:00:00   5.0191e-01   1.1111e+02   3.1169e+01   2.3549e-01   1.4607e-02   2.9588e+02
20260914_09:00:00   3.3422e-01   8.1281e+01   3.1911e+01   2.8878e-02   1.5372e-03   2.9496e+02
20260914_12:00:00   4.9277e-01   1.0981e+02   3.4179e+01   1.9291e-01   2.6804e-01   2.9361e+02
20260914_15:00:00   3.4190e-01   8.3330e+01   3.6878e+01   6.4813e-04   4.2526e-03   2.9291e+02
20260914_18:00:00   4.0637e-01   9.5975e+01   4.2696e+01   3.1838e-03   4.0669e-01   2.9384e+02
20260914_21:00:00   3.7151e-01   9.0257e+01   3.5900e+01   4.6440e-03   0.0000e+00   3.0236e+02
20260915_00:00:00   3.6455e-01   8.9074e+01   3.4786e+01   5.1560e-04   0.0000e+00   2.9842e+02
20260915_03:00:00   4.0311e-01   9.6573e+01   3.7784e+01   1.7090e-02   0.0000e+00   2.9730e+02
20260915_06:00:00   6.0476e-01   1.3086e+02   4.1134e+01   2.2502e-01   1.9642e-05   2.9587e+02
20260915_09:00:00   5.1180e-01   1.1592e+02   3.8277e+01   1.3842e-01   1.2030e-05   2.9653e+02
20260915_12:00:00   4.9879e-01   1.1368e+02   3.7887e+01   1.2930e-01   4.4328e-04   2.9497e+02
20260915_15:00:00   5.6228e-01   1.2397e+02   4.3967e+01   1.5436e-01   8.6542e-03   2.9089e+02
20260915_18:00:00   9.3206e-01   1.7140e+02   5.0252e+01   5.0606e-01   8.0651e-02   2.9015e+02
20260915_21:00:00   6.1425e-01   1.3139e+02   5.1441e+01   1.2213e-01   1.0169e-01   2.9147e+02
20260916_00:00:00   5.8916e-01   1.2869e+02   5.2595e+01   8.5539e-02   1.0967e-02   2.9149e+02
20260916_03:00:00   1.3842e+00   2.1066e+02   5.4160e+01   9.6403e-01   6.8215e-01   2.9073e+02
20260916_06:00:00   5.0722e-01   1.1507e+02   4.9731e+01   3.3477e-02   1.4713e-01   2.8925e+02
20260916_09:00:00   6.1701e-01   1.3347e+02   5.2832e+01   1.1896e-01   1.2231e-01   2.8891e+02
20260916_12:00:00   5.9246e-01   1.3008e+02   5.0458e+01   1.1642e-01   2.3850e-02   2.9191e+02
20260916_15:00:00   4.4108e-01   1.0474e+02   4.2233e+01   5.0397e-03   1.2574e-03   2.9397e+02
20260916_18:00:00   4.2550e-01   1.0253e+02   3.6751e+01   4.1103e-02   0.0000e+00   2.9421e+02
20260916_21:00:00   2.8734e-01   7.4434e+01   2.6502e+01   0.0000e+00   0.0000e+00   2.9517e+02
20260917_00:00:00   2.4026e-01   6.3691e+01   2.1350e+01   0.0000e+00   0.0000e+00   2.9738e+02
20260917_03:00:00   2.4058e-01   6.3327e+01   2.1742e+01   0.0000e+00   0.0000e+00   2.9730e+02
20260917_06:00:00   1.6104e-01   4.4404e+01   1.4448e+01   0.0000e+00   0.0000e+00   2.9536e+02
20260917_09:00:00   1.7290e-01   4.7183e+01   1.5960e+01   0.0000e+00   2.2361e-04   2.9617e+02
20260917_12:00:00   1.7924e-01   4.8601e+01   1.6783e+01   0.0000e+00   0.0000e+00   2.9536e+02
20260917_15:00:00   1.5585e-01   4.2887e+01   1.4485e+01   0.0000e+00   7.4893e-04   3.0295e+02
20260917_18:00:00   1.7069e-01   4.6437e+01   1.7210e+01   0.0000e+00   1.2637e-02   2.9934e+02
20260917_21:00:00   1.9150e-01   5.1140e+01   2.0254e+01   0.0000e+00   9.6525e-02   2.9626e+02
20260918_00:00:00   2.0519e-01   5.4214e+01   2.1628e+01   0.0000e+00   1.8112e-01   2.9578e+02
20260918_03:00:00   2.1110e-01   5.5291e+01   2.2468e+01   0.0000e+00   3.6036e-01   2.9604e+02
20260918_06:00:00   2.6705e-01   6.7513e+01   2.9258e+01   1.9978e-04   1.4804e-01   2.9689e+02
20260918_09:00:00   5.7745e-01   1.2249e+02   2.7143e+01   3.6303e-01   1.7611e-03   3.0148e+02
20260918_12:00:00   3.0038e-01   7.4902e+01   2.8764e+01   2.6980e-02   2.7752e-04   3.0167e+02
20260918_15:00:00   2.6063e-01   6.7048e+01   2.7254e+01   0.0000e+00   5.1362e-03   2.9892e+02
20260918_18:00:00   2.9908e-01   7.5766e+01   3.0783e+01   0.0000e+00   2.6412e-03   2.9837e+02
20260918_21:00:00   3.7028e-01   9.0515e+01   3.8103e+01   0.0000e+00   1.1915e-01   3.0052e+02
20260919_00:00:00   3.9258e-01   9.4298e+01   4.1368e+01   5.4651e-03   1.6262e-01   3.0123e+02
20260919_03:00:00   4.4114e-01   1.0339e+02   4.3506e+01   1.4477e-02   9.3163e-03   3.0219e+02
20260919_06:00:00   1.2633e+00   2.0192e+02   4.7372e+01   9.1412e-01   1.7807e-01   3.0226e+02
20260919_09:00:00   4.2281e-01   1.0002e+02   4.1935e+01   3.4959e-03   9.7482e-04   3.0230e+02
20260919_12:00:00   3.8193e-01   9.2218e+01   3.7387e+01   1.9025e-04   0.0000e+00   3.0427e+02
20260919_15:00:00   2.8122e-01   7.2108e+01   2.5015e+01   2.9700e-03   0.0000e+00   3.0501e+02
20260919_18:00:00   2.2311e-01   5.9020e+01   2.0313e+01   0.0000e+00   0.0000e+00   3.0184e+02
