#            date       tau255        Tb[K]      pwv[mm] lwp[kg*m^-2] iwp[kg*m^-2]       o3[DU]
20260925_06:00:00   1.3621e-01   3.7801e+01   9.2993e+00   0.0000e+00   2.4046e-02   3.0141e+02
20260925_07:00:00   1.3433e-01   3.7362e+01   9.1075e+00   0.0000e+00   3.6004e-03   2.9985e+02
20260925_08:00:00   1.3736e-01   3.8107e+01   9.4678e+00   0.0000e+00   2.7576e-02   3.0199e+02
20260925_09:00:00   1.4218e-01   3.9248e+01   1.0119e+01   0.0000e+00   2.6729e-02   3.0511e+02
20260925_10:00:00   1.4209e-01   3.9198e+01   1.0150e+01   0.0000e+00   9.5382e-03   3.0455e+02
20260925_11:00:00   1.3494e-01   3.7467e+01   9.3535e+00   0.0000e+00   1.4320e-02   3.0213e+02
20260925_12:00:00   1.3377e-01   3.7157e+01   9.4041e+00   0.0000e+00   1.1510e-02   3.0343e+02
20260925_13:00:00   1.3367e-01   3.7173e+01   9.3809e+00   0.0000e+00   1.8646e-02   3.0385e+02
20260925_14:00:00   1.3780e-01   3.8203e+01   9.8587e+00   0.0000e+00   1.9829e-02   3.0133e+02
20260925_15:00:00   1.4118e-01   3.9075e+01   1.0326e+01   0.0000e+00   7.9695e-03   3.0017e+02
20260925_16:00:00   1.3956e-01   3.8683e+01   1.0495e+01   0.0000e+00   1.6162e-02   2.9910e+02
20260925_17:00:00   1.3393e-01   3.7322e+01   1.0252e+01   0.0000e+00   1.0870e-01   2.9974e+02
20260925_18:00:00   1.3794e-01   3.8275e+01   1.0940e+01   0.0000e+00   1.7060e-01   2.9856e+02
20260925_19:00:00   1.4329e-01   3.9546e+01   1.1666e+01   0.0000e+00   1.4183e-01   2.9710e+02
20260925_20:00:00   1.4564e-01   4.0060e+01   1.2370e+01   0.0000e+00   1.3668e-01   2.9912e+02
20260925_21:00:00   1.6084e-01   4.3463e+01   1.5202e+01   0.0000e+00   2.2717e-01   2.9806e+02
20260925_22:00:00   1.9108e-01   5.0196e+01   1.9512e+01   2.8383e-03   3.0882e-01   2.9621e+02
20260925_23:00:00   2.9701e-01   7.2656e+01   2.3519e+01   8.8638e-02   2.1104e-01   2.9481e+02
20260926_00:00:00   6.3648e-01   1.3050e+02   2.6230e+01   4.4428e-01   2.9523e-01   2.9405e+02
20260926_01:00:00   6.9978e-01   1.3928e+02   2.9306e+01   4.8105e-01   2.5585e-01   2.9449e+02
20260926_02:00:00   8.0934e-01   1.5319e+02   3.1481e+01   5.8107e-01   4.1498e-01   2.9542e+02
20260926_03:00:00   9.6321e-01   1.7073e+02   3.2083e+01   7.5008e-01   1.8334e-01   2.9457e+02
20260926_04:00:00   8.3953e-01   1.5682e+02   3.2966e+01   6.0080e-01   5.7826e-01   2.9302e+02
20260926_05:00:00   8.3993e-01   1.5792e+02   3.2059e+01   6.1550e-01   3.2849e-01   2.9317e+02
20260926_06:00:00   1.0730e+00   1.8267e+02   3.1659e+01   8.8103e-01   7.9482e-03   2.9344e+02
20260926_07:00:00   8.9468e-01   1.6449e+02   3.1118e+01   6.7565e-01   1.7942e-02   2.9415e+02
20260926_08:00:00   6.2240e-01   1.3029e+02   3.2494e+01   3.5496e-01   7.8273e-04   2.9371e+02
20260926_09:00:00   8.7627e-01   1.6365e+02   3.3405e+01   6.4209e-01   2.5491e-04   2.9225e+02
20260926_10:00:00   7.3938e-01   1.4692e+02   3.3364e+01   4.8357e-01   4.8487e-05   2.9333e+02
20260926_11:00:00   4.6580e-01   1.0550e+02   3.3107e+01   1.6789e-01   6.4220e-04   2.9366e+02
20260926_12:00:00   4.9169e-01   1.1017e+02   3.3467e+01   1.9409e-01   7.9291e-03   2.9556e+02
20260926_13:00:00   7.5435e-01   1.4899e+02   3.4055e+01   4.9309e-01   8.5722e-03   2.9545e+02
20260926_14:00:00   8.4818e-01   1.6108e+02   3.5591e+01   5.9609e-01   8.0316e-02   2.9618e+02
20260926_15:00:00   1.3217e+00   2.0547e+02   3.6842e+01   1.1297e+00   2.8487e-02   2.9753e+02
20260926_16:00:00   1.5406e+00   2.2004e+02   3.6888e+01   1.3811e+00   5.6882e-02   3.0005e+02
20260926_17:00:00   1.7052e+00   2.2965e+02   3.7032e+01   1.5790e+00   1.1684e-01   3.0037e+02
20260926_18:00:00   1.6227e+00   2.2513e+02   3.6893e+01   1.4833e+00   1.5474e-01   2.9902e+02
20260926_19:00:00   1.3781e+00   2.1054e+02   3.6840e+01   1.2087e+00   1.3663e-01   2.9811e+02
20260926_20:00:00   1.6326e+00   2.2542e+02   3.7773e+01   1.4752e+00   4.5973e-02   2.9754e+02
20260926_21:00:00   1.6958e+00   2.2898e+02   3.8651e+01   1.5419e+00   7.4465e-02   2.9983e+02
20260926_22:00:00   1.8306e+00   2.3583e+02   3.9152e+01   1.7032e+00   1.8387e-01   2.9832e+02
20260926_23:00:00   1.6824e+00   2.2874e+02   3.9264e+01   1.5318e+00   2.0915e-01   2.9622e+02
20260927_00:00:00   1.5448e+00   2.2108e+02   4.0038e+01   1.3606e+00   3.5220e-01   2.9370e+02
20260927_01:00:00   1.3155e+00   2.0486e+02   4.0309e+01   1.0753e+00   5.0003e-01   2.9173e+02
20260927_02:00:00   1.2848e+00   2.0325e+02   4.0456e+01   1.0487e+00   4.5468e-01   2.9174e+02
20260927_03:00:00   1.2260e+00   1.9849e+02   4.0245e+01   9.8066e-01   4.1401e-01   2.9020e+02
20260927_04:00:00   1.4076e+00   2.1137e+02   4.0624e+01   1.1777e+00   4.7259e-01   2.8996e+02
20260927_05:00:00   1.3080e+00   2.0467e+02   3.9462e+01   1.0829e+00   3.6839e-01   2.9185e+02
20260927_06:00:00   1.3762e+00   2.1077e+02   3.7583e+01   1.2028e+00   8.4889e-02   2.9346e+02
20260927_07:00:00   1.5865e+00   2.2297e+02   3.6971e+01   1.4322e+00   6.3695e-02   2.9244e+02
20260927_08:00:00   1.2299e+00   1.9954e+02   3.7438e+01   1.0281e+00   1.2015e-02   2.9188e+02
20260927_09:00:00   1.3646e+00   2.0960e+02   3.7096e+01   1.1855e+00   3.1929e-02   2.9173e+02
20260927_10:00:00   1.4881e+00   2.1732e+02   3.7061e+01   1.3206e+00   2.9408e-02   2.9138e+02
20260927_11:00:00   1.4935e+00   2.1786e+02   3.5942e+01   1.3365e+00   2.6417e-02   2.9068e+02
20260927_12:00:00   1.7034e+00   2.2972e+02   3.5413e+01   1.5770e+00   4.0206e-02   2.9073e+02
20260927_13:00:00   1.7305e+00   2.3123e+02   3.5341e+01   1.6040e+00   4.1329e-02   2.9153e+02
20260927_14:00:00   1.9489e+00   2.4028e+02   3.6166e+01   1.8363e+00   3.2235e-02   2.9175e+02
20260927_15:00:00   2.0333e+00   2.4355e+02   3.6830e+01   1.9280e+00   2.1666e-02   2.9232e+02
20260927_16:00:00   1.7307e+00   2.3233e+02   3.5018e+01   1.6283e+00   3.1840e-03   2.9363e+02
20260927_17:00:00   1.5375e+00   2.2129e+02   3.4663e+01   1.3926e+00   2.9186e-03   2.9330e+02
20260927_18:00:00   1.8874e+00   2.3933e+02   3.4994e+01   1.8016e+00   4.4929e-04   2.9217e+02
20260927_19:00:00   1.7888e+00   2.3488e+02   3.4401e+01   1.6891e+00   4.8656e-04   2.9142e+02
20260927_20:00:00   1.2377e+00   2.0135e+02   3.3365e+01   1.0676e+00   1.8478e-07   2.9053e+02
20260927_21:00:00   1.0166e+00   1.8117e+02   3.3141e+01   8.0903e-01   0.0000e+00   2.9010e+02
20260927_22:00:00   1.1421e+00   1.9317e+02   3.2742e+01   9.6802e-01   0.0000e+00   2.9058e+02
20260927_23:00:00   1.1647e+00   1.9512e+02   3.1869e+01   1.0041e+00   0.0000e+00   2.9132e+02
20260928_00:00:00   9.3870e-01   1.7288e+02   3.1105e+01   7.3899e-01   0.0000e+00   2.9225e+02
20260928_01:00:00   1.0372e+00   1.8320e+02   3.1596e+01   8.5362e-01   0.0000e+00   2.9471e+02
20260928_02:00:00   1.1104e+00   1.9026e+02   3.1516e+01   9.4304e-01   0.0000e+00   2.9768e+02
20260928_03:00:00   1.1158e+00   1.9071e+02   3.0590e+01   9.6006e-01   0.0000e+00   3.0055e+02
20260928_04:00:00   1.1087e+00   1.9002e+02   3.0539e+01   9.5512e-01   1.0114e-03   2.9921e+02
20260928_05:00:00   1.2236e+00   2.0000e+02   3.3476e+01   1.0639e+00   2.8352e-02   2.9620e+02
20260928_06:00:00   1.5557e+00   2.2319e+02   3.3790e+01   1.4550e+00   3.9788e-02   2.9264e+02
20260928_07:00:00   1.4777e+00   2.1838e+02   3.3920e+01   1.3608e+00   4.6261e-02   2.9028e+02
20260928_08:00:00   1.3487e+00   2.0971e+02   3.5138e+01   1.2037e+00   2.7941e-01   2.8824e+02
20260928_09:00:00   1.3448e+00   2.0944e+02   3.5565e+01   1.1965e+00   1.8204e-01   2.8796e+02
20260928_10:00:00   1.3159e+00   2.0706e+02   3.6370e+01   1.1491e+00   1.4518e-01   2.8811e+02
20260928_11:00:00   1.5182e+00   2.2007e+02   3.7044e+01   1.3664e+00   1.9335e-01   2.8813e+02
20260928_12:00:00   1.4531e+00   2.1548e+02   3.7228e+01   1.2785e+00   2.8674e-01   2.8716e+02
20260928_13:00:00   1.4286e+00   2.1346e+02   3.7368e+01   1.2407e+00   3.8978e-01   2.8643e+02
20260928_14:00:00   1.4501e+00   2.1485e+02   3.7816e+01   1.2553e+00   2.3887e-01   2.8671e+02
20260928_15:00:00   1.4238e+00   2.1305e+02   3.7623e+01   1.2208e+00   1.1030e-01   2.8686e+02
20260928_16:00:00   1.3230e+00   2.0601e+02   3.7983e+01   1.1008e+00   9.9437e-02   2.8717e+02
20260928_17:00:00   1.5124e+00   2.1826e+02   3.8068e+01   1.3116e+00   8.7931e-02   2.8878e+02
20260928_18:00:00   1.6641e+00   2.2759e+02   3.7714e+01   1.5017e+00   6.0114e-02   2.9020e+02
20260928_19:00:00   1.6640e+00   2.2774e+02   3.8441e+01   1.4996e+00   2.5517e-01   2.9103e+02
20260928_20:00:00   1.6399e+00   2.2598e+02   3.8473e+01   1.4645e+00   4.2180e-01   2.9134e+02
20260928_21:00:00   1.7470e+00   2.3044e+02   3.7896e+01   1.5744e+00   3.1077e-01   2.9089e+02
20260928_22:00:00   1.4103e+00   2.1173e+02   3.7840e+01   1.1977e+00   2.6909e-01   2.8870e+02
20260928_23:00:00   1.7832e+00   2.3407e+02   3.6842e+01   1.6607e+00   4.1381e-02   2.8963e+02
20260929_00:00:00   1.8658e+00   2.3810e+02   3.6486e+01   1.7682e+00   1.9469e-02   2.9145e+02
20260929_01:00:00   1.6321e+00   2.2719e+02   3.6765e+01   1.5050e+00   2.7850e-02   2.9231e+02
20260929_02:00:00   1.4372e+00   2.1570e+02   3.6779e+01   1.2817e+00   9.6112e-02   2.9317e+02
20260929_03:00:00   1.3866e+00   2.1181e+02   3.6547e+01   1.2136e+00   6.2799e-02   2.9313e+02
20260929_04:00:00   1.5082e+00   2.1946e+02   3.6833e+01   1.3449e+00   9.3094e-02   2.9267e+02
20260929_05:00:00   1.5593e+00   2.2092e+02   3.6773e+01   1.3759e+00   1.9112e-01   2.9360e+02
20260929_06:00:00   1.4786e+00   2.1553e+02   3.6355e+01   1.2791e+00   1.6715e-01   2.9526e+02
20260929_07:00:00   1.5016e+00   2.1696e+02   3.6349e+01   1.3051e+00   1.3634e-01   2.9642e+02
20260929_08:00:00   1.2707e+00   2.0186e+02   3.6076e+01   1.0552e+00   9.6920e-02   2.9651e+02
20260929_09:00:00   1.4386e+00   2.1446e+02   3.5869e+01   1.2616e+00   4.8526e-02   2.9670e+02
20260929_10:00:00   1.0333e+00   1.8200e+02   3.5458e+01   8.0102e-01   3.6381e-02   2.9768e+02
20260929_11:00:00   9.2332e-01   1.7060e+02   3.5392e+01   6.7178e-01   1.1528e-02   2.9795e+02
20260929_12:00:00   9.0078e-01   1.6808e+02   3.5096e+01   6.4651e-01   5.8631e-04   2.9792e+02
20260929_13:00:00   1.0515e+00   1.8388e+02   3.4980e+01   8.2286e-01   1.7588e-04   2.9601e+02
20260929_14:00:00   1.0997e+00   1.8859e+02   3.4892e+01   8.8329e-01   3.1580e-02   2.9441e+02
20260929_15:00:00   1.4174e+00   2.1409e+02   3.4690e+01   1.2651e+00   4.5618e-02   2.9434e+02
20260929_16:00:00   1.5187e+00   2.2028e+02   3.4433e+01   1.3774e+00   3.3222e-04   2.9560e+02
20260929_17:00:00   1.2183e+00   1.9889e+02   3.4232e+01   1.0258e+00   1.3703e-04   2.9468e+02
20260929_18:00:00   9.3500e-01   1.7248e+02   3.4003e+01   7.0502e-01   1.4486e-05   2.9326e+02
20260929_19:00:00   1.1280e+00   1.9196e+02   3.4070e+01   9.3959e-01   4.5420e-07   2.9116e+02
20260929_20:00:00   1.2266e+00   2.0037e+02   3.4420e+01   1.0532e+00   0.0000e+00   2.9014e+02
20260929_21:00:00   9.6372e-01   1.7560e+02   3.4417e+01   7.3728e-01   0.0000e+00   2.8788e+02
20260929_22:00:00   6.3060e-01   1.3315e+02   3.3991e+01   3.3976e-01   0.0000e+00   2.8545e+02
20260929_23:00:00   5.9511e-01   1.2768e+02   3.3880e+01   2.9689e-01   0.0000e+00   2.8641e+02
20260930_00:00:00   5.0569e-01   1.1315e+02   3.3754e+01   1.8920e-01   0.0000e+00   2.8892e+02
20260930_01:00:00   4.3289e-01   1.0030e+02   3.3605e+01   1.0272e-01   0.0000e+00   2.9100e+02
20260930_02:00:00   4.1749e-01   9.7378e+01   3.3458e+01   8.5279e-02   0.0000e+00   2.8929e+02
20260930_03:00:00   4.1658e-01   9.7196e+01   3.3157e+01   8.7197e-02   0.0000e+00   2.9158e+02
20260930_04:00:00   3.7510e-01   8.9509e+01   3.2605e+01   4.5217e-02   0.0000e+00   2.9076e+02
20260930_05:00:00   4.0406e-01   9.4896e+01   3.2629e+01   7.7259e-02   0.0000e+00   2.9075e+02
20260930_06:00:00   5.1692e-01   1.1446e+02   3.2940e+01   2.0388e-01   0.0000e+00   2.9000e+02
20260930_09:00:00   3.5457e-01   8.5617e+01   3.2076e+01   2.7554e-02   0.0000e+00   2.8679e+02
20260930_12:00:00   3.8552e-01   9.1586e+01   3.1783e+01   6.1038e-02   6.5496e-03   2.8427e+02
20260930_15:00:00   3.4146e-01   8.3338e+01   3.2261e+01   7.7260e-03   1.9232e-03   2.8267e+02
20260930_18:00:00   3.8443e-01   9.2189e+01   3.2302e+01   6.9440e-02   1.1902e-03   2.8449e+02
20260930_21:00:00   3.4519e-01   8.4512e+01   3.2252e+01   2.6517e-02   5.0566e-03   2.8183e+02
20261001_00:00:00   3.1701e-01   7.8808e+01   3.2075e+01   0.0000e+00   6.3140e-05   2.7965e+02
20261001_03:00:00   4.3511e-01   1.0066e+02   3.6482e+01   9.7520e-02   2.9830e-03   2.7587e+02
20261001_06:00:00   3.6767e-01   8.8667e+01   3.8499e+01   3.8600e-06   1.7698e-02   2.7380e+02
20261001_09:00:00   3.7802e-01   9.0785e+01   3.9285e+01   0.0000e+00   2.2081e-03   2.7420e+02
20261001_12:00:00   4.8741e-01   1.0994e+02   4.0093e+01   1.2090e-01   8.7685e-03   2.7723e+02
20261001_15:00:00   4.7760e-01   1.0856e+02   3.9751e+01   1.0961e-01   9.0813e-03   2.7685e+02
20261001_18:00:00   3.5518e-01   8.7001e+01   3.7846e+01   0.0000e+00   1.0040e-03   2.7411e+02
20261001_21:00:00   3.0467e-01   7.6980e+01   3.2099e+01   0.0000e+00   6.0921e-02   2.7284e+02
20261002_00:00:00   3.1578e-01   7.8899e+01   3.0372e+01   2.7840e-02   6.0720e-03   2.7294e+02
20261002_03:00:00   3.1756e-01   7.9325e+01   3.2529e+01   1.2021e-02   3.0970e-03   2.7399e+02
20261002_06:00:00   2.6033e-01   6.7693e+01   2.5176e+01   0.0000e+00   3.9315e-03   2.7246e+02
20261002_09:00:00   2.4417e-01   6.4361e+01   2.2481e+01   0.0000e+00   8.2842e-03   2.7252e+02
20261002_12:00:00   2.6975e-01   6.9951e+01   2.5800e+01   0.0000e+00   6.2857e-02   2.7029e+02
20261002_15:00:00   3.8240e-01   9.2154e+01   3.8084e+01   2.8339e-02   4.5373e-02   2.7164e+02
20261002_18:00:00   4.6826e-01   1.0792e+02   4.6638e+01   3.7452e-02   1.6685e-01   2.7442e+02
20261002_21:00:00   5.3741e-01   1.1939e+02   4.9704e+01   6.4274e-02   4.5854e-01   2.7795e+02
20261003_00:00:00   4.9635e-01   1.1304e+02   4.5978e+01   4.2600e-02   1.4628e-03   2.8042e+02
20261003_03:00:00   4.3969e-01   1.0308e+02   4.3441e+01   3.0304e-03   0.0000e+00   2.8215e+02
20261003_06:00:00   4.1220e-01   9.7891e+01   4.1137e+01   0.0000e+00   3.9740e-05   2.7971e+02
20261003_09:00:00   3.7945e-01   9.1621e+01   3.7423e+01   0.0000e+00   4.2980e-05   2.7513e+02
20261003_12:00:00   3.3604e-01   8.3143e+01   3.2153e+01   0.0000e+00   3.8840e-04   2.7868e+02
20261003_15:00:00   2.9419e-01   7.4843e+01   2.7199e+01   1.9724e-05   0.0000e+00   2.7881e+02
20261003_18:00:00   2.9275e-01   7.4763e+01   2.6291e+01   1.2488e-02   0.0000e+00   2.7879e+02
20261003_21:00:00   2.8618e-01   7.3415e+01   2.6776e+01   0.0000e+00   0.0000e+00   2.7671e+02
20261004_00:00:00   2.9030e-01   7.4093e+01   2.7228e+01   0.0000e+00   0.0000e+00   2.7710e+02
20261004_03:00:00   2.9637e-01   7.5263e+01   2.7551e+01   0.0000e+00   0.0000e+00   2.7836e+02
20261004_06:00:00   2.9142e-01   7.4142e+01   2.6943e+01   0.0000e+00   2.8476e-03   2.7670e+02
20261004_09:00:00   2.9462e-01   7.4659e+01   2.7312e+01   0.0000e+00   1.6936e-02   2.7876e+02
20261004_12:00:00   2.9688e-01   7.4972e+01   2.8340e+01   0.0000e+00   4.7171e-05   2.8372e+02
20261004_15:00:00   3.0934e-01   7.7519e+01   3.0623e+01   0.0000e+00   0.0000e+00   2.8437e+02
20261004_18:00:00   3.0665e-01   7.7055e+01   3.0718e+01   0.0000e+00   3.0058e-05   2.8106e+02
20261004_21:00:00   3.4668e-01   8.5336e+01   3.3952e+01   6.4220e-04   1.8004e-02   2.8230e+02
20261005_00:00:00   3.6092e-01   8.7987e+01   3.6433e+01   0.0000e+00   5.8591e-03   2.8424e+02
20261005_03:00:00   4.4771e-01   1.0415e+02   4.5591e+01   1.9168e-03   1.3822e-01   2.8578e+02
20261005_06:00:00   5.2140e-01   1.1759e+02   4.8029e+01   5.0963e-02   8.7600e-03   2.8350e+02
20261005_09:00:00   5.3546e-01   1.2050e+02   4.6604e+01   8.5656e-02   2.5257e-02   2.8194e+02
20261005_12:00:00   4.5294e-01   1.0591e+02   4.2969e+01   2.1219e-02   7.2723e-03   2.8319e+02
20261005_15:00:00   4.0422e-01   9.6752e+01   3.9939e+01   1.6855e-04   1.9116e-03   2.8573e+02
20261005_18:00:00   2.8544e-01   7.2144e+01   2.9674e+01   0.0000e+00   5.8561e-03   2.8708e+02
20261005_21:00:00   1.9212e-01   5.1162e+01   1.7596e+01   0.0000e+00   6.6660e-04   3.0054e+02
20261006_00:00:00   1.3301e-01   3.7005e+01   8.8148e+00   0.0000e+00   0.0000e+00   3.0802e+02
20261006_03:00:00   1.2541e-01   3.4908e+01   8.8002e+00   0.0000e+00   0.0000e+00   3.0737e+02
20261006_06:00:00   1.3809e-01   3.7797e+01   1.1203e+01   0.0000e+00   2.3784e-03   3.0602e+02
20261006_09:00:00   1.4371e-01   3.9118e+01   1.1812e+01   0.0000e+00   2.6231e-03   3.0810e+02
20261006_12:00:00   1.4459e-01   3.9368e+01   1.2002e+01   0.0000e+00   8.1160e-04   3.1304e+02
20261006_15:00:00   1.5942e-01   4.2972e+01   1.3889e+01   0.0000e+00   6.9120e-04   3.1111e+02
20261006_18:00:00   1.8451e-01   4.8841e+01   1.6554e+01   0.0000e+00   0.0000e+00   3.0670e+02
20261006_21:00:00   1.8746e-01   4.9487e+01   1.6358e+01   8.4100e-04   2.7242e-03   2.9666e+02
20261007_00:00:00   1.4813e-01   4.0236e+01   1.0742e+01   0.0000e+00   4.4728e-03   2.9584e+02
20261007_03:00:00   1.2599e-01   3.4800e+01   8.0500e+00   0.0000e+00   1.5481e-02   2.9930e+02
20261007_06:00:00   1.2017e-01   3.3184e+01   8.0346e+00   0.0000e+00   6.6555e-02   2.9867e+02
20261007_09:00:00   1.1542e-01   3.1837e+01   8.2150e+00   0.0000e+00   8.6209e-03   2.9444e+02
20261007_12:00:00   1.2165e-01   3.3269e+01   9.1852e+00   0.0000e+00   1.3777e-02   2.9603e+02
20261007_15:00:00   1.2874e-01   3.5018e+01   1.0058e+01   0.0000e+00   4.1004e-02   2.9605e+02
20261007_18:00:00   1.3775e-01   3.7235e+01   1.1805e+01   0.0000e+00   4.1762e-02   2.9589e+02
20261007_21:00:00   1.8522e-01   4.8091e+01   1.8525e+01   0.0000e+00   1.2898e-01   2.9345e+02
20261008_00:00:00   3.4288e-01   8.0747e+01   2.4074e+01   1.2382e-01   4.0904e-01   2.9203e+02
20261008_03:00:00   6.3528e-01   1.2956e+02   2.7383e+01   4.1721e-01   6.7983e-01   2.9155e+02
20261008_06:00:00   8.9749e-01   1.6272e+02   2.9091e+01   6.9499e-01   6.0097e-01   2.8870e+02
20261008_09:00:00   1.2408e+00   1.9496e+02   3.1683e+01   1.0527e+00   7.1277e-01   2.8939e+02
20261008_12:00:00   1.6706e+00   2.2403e+02   3.3290e+01   1.5375e+00   4.1454e-01   2.8874e+02
20261008_15:00:00   1.5187e+00   2.1594e+02   3.6048e+01   1.3374e+00   8.0707e-01   2.8793e+02
20261008_18:00:00   1.6944e+00   2.2835e+02   3.8945e+01   1.5433e+00   5.2633e-01   2.8723e+02
20261008_21:00:00   1.6092e+00   2.2645e+02   4.1952e+01   1.4495e+00   1.7071e-01   2.8530e+02
20261009_00:00:00   1.6954e+00   2.3129e+02   4.5500e+01   1.4983e+00   2.7557e-01   2.8110e+02
20261009_03:00:00   1.5370e+00   2.2398e+02   4.3686e+01   1.3411e+00   3.0245e-02   2.7547e+02
20261009_06:00:00   1.2248e+00   2.0272e+02   3.3945e+01   1.0823e+00   2.1437e-01   2.7276e+02
20261009_09:00:00   1.0626e+00   1.8743e+02   2.7869e+01   9.4227e-01   6.1221e-02   2.6961e+02
20261009_12:00:00   5.7511e-01   1.2538e+02   2.4241e+01   3.8900e-01   1.0826e-02   2.6705e+02
20261009_15:00:00   5.5606e-01   1.2213e+02   2.3016e+01   3.8252e-01   2.1813e-02   2.6691e+02
20261009_18:00:00   3.8950e-01   9.2409e+01   2.9865e+01   1.1156e-01   2.3232e-01   2.6754e+02
20261009_21:00:00   3.7261e-01   8.9071e+01   3.1582e+01   7.4662e-02   1.8483e-01   2.6892e+02
20261010_00:00:00   5.7610e-01   1.2315e+02   2.8494e+01   3.2639e-01   1.2629e-01   2.7065e+02
20261010_03:00:00   2.1887e-01   5.6707e+01   1.9644e+01   0.0000e+00   9.2770e-02   2.7868e+02
20261010_06:00:00   1.8162e-01   4.8067e+01   1.6010e+01   0.0000e+00   5.8653e-04   2.9206e+02
20261010_09:00:00   1.9291e-01   5.0374e+01   1.6907e+01   4.9100e-06   0.0000e+00   3.0011e+02
20261010_12:00:00   1.8146e-01   4.7684e+01   1.5311e+01   0.0000e+00   0.0000e+00   3.0652e+02
20261010_15:00:00   1.9992e-01   5.1877e+01   1.7852e+01   7.2420e-06   0.0000e+00   2.9761e+02
20261010_18:00:00   2.3215e-01   5.9158e+01   1.7942e+01   3.1559e-02   0.0000e+00   2.7252e+02
20261010_21:00:00   2.4554e-01   6.2018e+01   1.8369e+01   4.0793e-02   9.6440e-04   2.7673e+02
20261011_00:00:00   2.6953e-01   6.7122e+01   1.9343e+01   6.1837e-02   0.0000e+00   2.7485e+02
20261011_03:00:00   2.3778e-01   6.0568e+01   1.5978e+01   5.0233e-02   0.0000e+00   2.7444e+02
20261011_06:00:00   1.5961e-01   4.3073e+01   1.2319e+01   0.0000e+00   0.0000e+00   2.6577e+02
