#            date       tau255        Tb[K]      pwv[mm] lwp[kg*m^-2] iwp[kg*m^-2]       o3[DU]
20260807_00:00:00   4.9661e-01   1.1531e+02   5.0225e+01   0.0000e+00   7.1360e-04   3.1379e+02
20260807_01:00:00   4.9219e-01   1.1452e+02   4.9616e+01   0.0000e+00   9.6560e-06   3.1455e+02
20260807_02:00:00   4.9556e-01   1.1510e+02   4.9677e+01   0.0000e+00   0.0000e+00   3.1474e+02
20260807_03:00:00   4.9624e-01   1.1521e+02   4.9767e+01   0.0000e+00   0.0000e+00   3.1505e+02
20260807_04:00:00   4.9224e-01   1.1446e+02   4.9611e+01   0.0000e+00   0.0000e+00   3.1688e+02
20260807_05:00:00   4.7473e-01   1.1131e+02   4.8230e+01   0.0000e+00   0.0000e+00   3.1857e+02
20260807_06:00:00   4.5798e-01   1.0820e+02   4.6970e+01   0.0000e+00   0.0000e+00   3.1925e+02
20260807_07:00:00   4.5200e-01   1.0701e+02   4.6577e+01   0.0000e+00   0.0000e+00   3.1861e+02
20260807_08:00:00   4.4925e-01   1.0646e+02   4.6286e+01   0.0000e+00   0.0000e+00   3.1884e+02
20260807_09:00:00   4.4816e-01   1.0619e+02   4.6134e+01   0.0000e+00   0.0000e+00   3.2117e+02
20260807_10:00:00   4.5153e-01   1.0671e+02   4.6314e+01   0.0000e+00   0.0000e+00   3.2175e+02
20260807_11:00:00   4.5479e-01   1.0722e+02   4.6692e+01   0.0000e+00   0.0000e+00   3.2104e+02
20260807_12:00:00   4.5803e-01   1.0780e+02   4.7154e+01   0.0000e+00   0.0000e+00   3.2190e+02
20260807_13:00:00   4.6209e-01   1.0860e+02   4.7269e+01   0.0000e+00   0.0000e+00   3.2345e+02
20260807_14:00:00   4.6432e-01   1.0910e+02   4.7206e+01   0.0000e+00   0.0000e+00   3.2484e+02
20260807_15:00:00   4.5733e-01   1.0794e+02   4.6733e+01   0.0000e+00   0.0000e+00   3.2693e+02
20260807_16:00:00   4.5449e-01   1.0754e+02   4.6648e+01   0.0000e+00   0.0000e+00   3.2685e+02
20260807_17:00:00   4.5069e-01   1.0690e+02   4.6612e+01   8.0520e-04   0.0000e+00   3.2558e+02
20260807_18:00:00   4.8282e-01   1.1260e+02   4.6677e+01   4.4752e-02   0.0000e+00   3.2409e+02
20260807_19:00:00   5.4638e-01   1.2329e+02   4.6389e+01   1.3121e-01   1.3626e-06   3.2303e+02
20260807_20:00:00   4.3278e-01   1.0354e+02   4.4480e+01   1.7134e-02   0.0000e+00   3.2361e+02
20260807_21:00:00   4.2262e-01   1.0164e+02   4.4179e+01   8.2265e-03   5.5440e-06   3.2311e+02
20260807_22:00:00   4.2467e-01   1.0198e+02   4.3956e+01   1.5341e-02   0.0000e+00   3.2210e+02
20260807_23:00:00   4.2763e-01   1.0244e+02   4.4793e+01   1.1336e-02   2.7604e-04   3.2076e+02
20260808_00:00:00   4.3801e-01   1.0426e+02   4.6777e+01   3.3520e-04   1.0120e-03   3.2048e+02
20260808_01:00:00   4.3401e-01   1.0349e+02   4.6237e+01   8.6920e-05   5.6160e-05   3.1710e+02
20260808_02:00:00   4.3862e-01   1.0415e+02   4.6802e+01   7.7260e-05   1.2063e-03   3.1585e+02
20260808_03:00:00   4.3290e-01   1.0307e+02   4.6263e+01   0.0000e+00   1.2926e-03   3.1513e+02
20260808_04:00:00   4.5590e-01   1.0704e+02   4.8232e+01   1.6500e-03   6.1379e-03   3.1620e+02
20260808_05:00:00   4.6569e-01   1.0859e+02   4.9316e+01   2.2500e-03   4.3251e-02   3.1702e+02
20260808_06:00:00   4.8348e-01   1.1154e+02   5.0807e+01   3.9975e-03   4.8728e-01   3.1914e+02
20260808_07:00:00   4.8781e-01   1.1230e+02   5.0697e+01   1.1003e-02   2.3176e-01   3.2263e+02
20260808_08:00:00   4.7696e-01   1.1053e+02   5.0380e+01   1.9910e-04   2.3620e-02   3.2594e+02
20260808_09:00:00   5.3220e-01   1.1958e+02   5.0740e+01   5.6379e-02   7.9160e-03   3.2535e+02
20260808_10:00:00   5.4655e-01   1.2174e+02   5.0772e+01   7.0268e-02   3.1627e-02   3.2175e+02
20260808_11:00:00   5.5818e-01   1.2349e+02   5.0451e+01   8.5804e-02   3.1306e-02   3.1736e+02
20260808_12:00:00   5.2984e-01   1.1899e+02   5.0403e+01   5.0760e-02   1.3155e-02   3.1704e+02
20260808_13:00:00   4.7538e-01   1.1012e+02   4.8997e+01   3.0260e-04   2.5028e-03   3.1689e+02
20260808_14:00:00   4.6265e-01   1.0810e+02   4.7577e+01   0.0000e+00   3.0918e-03   3.1744e+02
20260808_15:00:00   4.4767e-01   1.0572e+02   4.5723e+01   0.0000e+00   2.7471e-03   3.1658e+02
20260808_16:00:00   4.3241e-01   1.0315e+02   4.4207e+01   4.8280e-06   8.0310e-03   3.1734e+02
20260808_17:00:00   4.4539e-01   1.0560e+02   4.4519e+01   1.6674e-02   4.8183e-03   3.1796e+02
20260808_18:00:00   4.5768e-01   1.0785e+02   4.4350e+01   3.8924e-02   2.5948e-03   3.1642e+02
20260808_19:00:00   5.4282e-01   1.2234e+02   4.4197e+01   1.4934e-01   2.3716e-03   3.1644e+02
20260808_20:00:00   7.5614e-01   1.5398e+02   4.5779e+01   3.9294e-01   1.3668e-04   3.1577e+02
20260808_21:00:00   4.6426e-01   1.0888e+02   4.4937e+01   4.5477e-02   4.6200e-07   3.1581e+02
20260808_22:00:00   4.6784e-01   1.0960e+02   4.6987e+01   2.1755e-02   0.0000e+00   3.1667e+02
20260808_23:00:00   4.8737e-01   1.1284e+02   5.0120e+01   5.4942e-03   5.6703e-03   3.1552e+02
20260809_00:00:00   4.5822e-01   1.0754e+02   4.7149e+01   7.0366e-03   4.0127e-02   3.1626e+02
20260809_01:00:00   4.3674e-01   1.0350e+02   4.5583e+01   4.6960e-05   3.7635e-03   3.1749e+02
20260809_02:00:00   4.2422e-01   1.0117e+02   4.4398e+01   0.0000e+00   1.3625e-02   3.1823e+02
20260809_03:00:00   4.2446e-01   1.0119e+02   4.4864e+01   0.0000e+00   3.6924e-02   3.1941e+02
20260809_04:00:00   4.3019e-01   1.0220e+02   4.5492e+01   0.0000e+00   4.3355e-02   3.1823e+02
20260809_05:00:00   4.2245e-01   1.0077e+02   4.4753e+01   0.0000e+00   1.3308e-03   3.2020e+02
20260809_06:00:00   4.2320e-01   1.0092e+02   4.4509e+01   0.0000e+00   2.1664e-03   3.1931e+02
20260809_07:00:00   4.1666e-01   9.9728e+01   4.3342e+01   0.0000e+00   1.1254e-03   3.1981e+02
20260809_08:00:00   4.0074e-01   9.6738e+01   4.1632e+01   0.0000e+00   1.5905e-03   3.2040e+02
20260809_09:00:00   3.8380e-01   9.3452e+01   4.0176e+01   0.0000e+00   1.0746e-03   3.2131e+02
20260809_10:00:00   3.7645e-01   9.2048e+01   3.9337e+01   0.0000e+00   1.3296e-03   3.2237e+02
20260809_11:00:00   3.6067e-01   8.9018e+01   3.7667e+01   0.0000e+00   1.8970e-03   3.2237e+02
20260809_12:00:00   3.6564e-01   8.9933e+01   3.8392e+01   0.0000e+00   7.0212e-03   3.2385e+02
20260809_13:00:00   3.7884e-01   9.2632e+01   3.9303e+01   0.0000e+00   5.6694e-04   3.2605e+02
20260809_14:00:00   3.8510e-01   9.4058e+01   3.9154e+01   0.0000e+00   0.0000e+00   3.2849e+02
20260809_15:00:00   3.8384e-01   9.3823e+01   3.9309e+01   0.0000e+00   0.0000e+00   3.2719e+02
20260809_16:00:00   3.3836e-01   8.5203e+01   3.3647e+01   0.0000e+00   0.0000e+00   3.2652e+02
20260809_17:00:00   3.3126e-01   8.3745e+01   3.2903e+01   0.0000e+00   0.0000e+00   3.2674e+02
20260809_18:00:00   3.4981e-01   8.7438e+01   3.5165e+01   6.5200e-04   0.0000e+00   3.2689e+02
20260809_19:00:00   4.2723e-01   1.0235e+02   3.5323e+01   8.3714e-02   0.0000e+00   3.2604e+02
20260809_20:00:00   3.3603e-01   8.4724e+01   3.0953e+01   2.6403e-02   0.0000e+00   3.2610e+02
20260809_21:00:00   2.9323e-01   7.5704e+01   2.8253e+01   7.8960e-03   0.0000e+00   3.2835e+02
20260809_22:00:00   2.6087e-01   6.8585e+01   2.6044e+01   0.0000e+00   0.0000e+00   3.2778e+02
20260809_23:00:00   2.7290e-01   7.1149e+01   2.7432e+01   0.0000e+00   0.0000e+00   3.2501e+02
20260810_00:00:00   2.5903e-01   6.8014e+01   2.5984e+01   0.0000e+00   0.0000e+00   3.2358e+02
20260810_01:00:00   2.3274e-01   6.1955e+01   2.3544e+01   0.0000e+00   0.0000e+00   3.2252e+02
20260810_02:00:00   2.1888e-01   5.8659e+01   2.2208e+01   0.0000e+00   0.0000e+00   3.2205e+02
20260810_03:00:00   2.2231e-01   5.9359e+01   2.2741e+01   0.0000e+00   4.9100e-06   3.2186e+02
20260810_04:00:00   2.4163e-01   6.3697e+01   2.4845e+01   0.0000e+00   0.0000e+00   3.2227e+02
20260810_05:00:00   2.5857e-01   6.7460e+01   2.6526e+01   0.0000e+00   0.0000e+00   3.2149e+02
20260810_06:00:00   2.5878e-01   6.7454e+01   2.6726e+01   0.0000e+00   0.0000e+00   3.2260e+02
20260810_07:00:00   2.5995e-01   6.7626e+01   2.7131e+01   0.0000e+00   0.0000e+00   3.2158e+02
20260810_08:00:00   2.6081e-01   6.7757e+01   2.7350e+01   0.0000e+00   9.1620e-07   3.2083e+02
20260810_09:00:00   2.6625e-01   6.8835e+01   2.8104e+01   0.0000e+00   4.8280e-06   3.2186e+02
20260810_10:00:00   2.6974e-01   6.9486e+01   2.8658e+01   0.0000e+00   0.0000e+00   3.2180e+02
20260810_11:00:00   2.7512e-01   7.0571e+01   2.9391e+01   0.0000e+00   2.1840e-04   3.1803e+02
20260810_12:00:00   2.8016e-01   7.1633e+01   3.0054e+01   0.0000e+00   3.6529e-04   3.1624e+02
20260810_13:00:00   2.8094e-01   7.1879e+01   3.0167e+01   0.0000e+00   1.7206e-04   3.1571e+02
20260810_14:00:00   2.8192e-01   7.2208e+01   3.0133e+01   0.0000e+00   4.8840e-04   3.1873e+02
20260810_15:00:00   2.8610e-01   7.3203e+01   3.0546e+01   0.0000e+00   8.0357e-04   3.1790e+02
20260810_16:00:00   2.7688e-01   7.1379e+01   2.9656e+01   0.0000e+00   9.2985e-04   3.1998e+02
20260810_17:00:00   2.7901e-01   7.1972e+01   2.9764e+01   0.0000e+00   2.0400e-03   3.2344e+02
20260810_18:00:00   2.8161e-01   7.2593e+01   3.0161e+01   0.0000e+00   2.9124e-03   3.2235e+02
20260810_19:00:00   2.8078e-01   7.2445e+01   3.0381e+01   0.0000e+00   1.6734e-03   3.2226e+02
20260810_20:00:00   2.9501e-01   7.5492e+01   3.2004e+01   0.0000e+00   1.0169e-02   3.2104e+02
20260810_21:00:00   3.3126e-01   8.3267e+01   3.5309e+01   0.0000e+00   9.2162e-04   3.1993e+02
20260810_22:00:00   3.4692e-01   8.6567e+01   3.6665e+01   0.0000e+00   0.0000e+00   3.1922e+02
20260810_23:00:00   3.4965e-01   8.7148e+01   3.7104e+01   0.0000e+00   2.3100e-07   3.1783e+02
20260811_00:00:00   3.6085e-01   8.9336e+01   3.8326e+01   0.0000e+00   0.0000e+00   3.1592e+02
20260811_01:00:00   3.7506e-01   9.2004e+01   3.9775e+01   0.0000e+00   0.0000e+00   3.1558e+02
20260811_02:00:00   3.9159e-01   9.5003e+01   4.1719e+01   0.0000e+00   7.6700e-05   3.1468e+02
20260811_03:00:00   3.9238e-01   9.5098e+01   4.1882e+01   0.0000e+00   3.6758e-02   3.1364e+02
20260811_04:00:00   4.1556e-01   9.9321e+01   4.4079e+01   0.0000e+00   2.0049e-01   3.1341e+02
20260811_05:00:00   4.2877e-01   1.0168e+02   4.4868e+01   3.2562e-03   1.0129e-02   3.1406e+02
20260811_06:00:00   4.6063e-01   1.0685e+02   4.5494e+01   3.3513e-02   3.9931e-02   3.1566e+02
20260811_07:00:00   7.5922e-01   1.5104e+02   4.4811e+01   3.8484e-01   3.3336e-02   3.1641e+02
20260811_08:00:00   7.0454e-01   1.4375e+02   4.6135e+01   3.0212e-01   7.0319e-02   3.1937e+02
20260811_09:00:00   5.9880e-01   1.2906e+02   4.5099e+01   1.8819e-01   3.9255e-02   3.2099e+02
20260811_10:00:00   7.3616e-01   1.4802e+02   4.3535e+01   3.5457e-01   9.9769e-02   3.1858e+02
20260811_11:00:00   5.7863e-01   1.2603e+02   4.2597e+01   1.8567e-01   3.2032e-02   3.1585e+02
20260811_12:00:00   4.6161e-01   1.0730e+02   4.1459e+01   5.9302e-02   6.3588e-03   3.1557e+02
20260811_13:00:00   3.9604e-01   9.5562e+01   3.9642e+01   4.2166e-03   6.1314e-03   3.1777e+02
20260811_14:00:00   3.6675e-01   9.0164e+01   3.6553e+01   0.0000e+00   6.3292e-03   3.1823e+02
20260811_15:00:00   3.4182e-01   8.5395e+01   3.3984e+01   0.0000e+00   7.4860e-03   3.1562e+02
20260811_16:00:00   3.3859e-01   8.4760e+01   3.3878e+01   0.0000e+00   1.3175e-02   3.1508e+02
20260811_17:00:00   3.1810e-01   8.0503e+01   3.2528e+01   0.0000e+00   2.3012e-02   3.1505e+02
20260811_18:00:00   3.1759e-01   8.0283e+01   3.2729e+01   0.0000e+00   1.7430e-02   3.1607e+02
20260811_19:00:00   3.1589e-01   7.9898e+01   3.2829e+01   0.0000e+00   1.5845e-02   3.1697e+02
20260811_20:00:00   3.1486e-01   7.9728e+01   3.2791e+01   0.0000e+00   1.3723e-02   3.1736e+02
20260811_21:00:00   3.1668e-01   8.0120e+01   3.3006e+01   0.0000e+00   5.4760e-04   3.2054e+02
20260811_22:00:00   3.2710e-01   8.2157e+01   3.4234e+01   0.0000e+00   0.0000e+00   3.2168e+02
20260811_23:00:00   3.3944e-01   8.4602e+01   3.5524e+01   0.0000e+00   3.1700e-04   3.2045e+02
20260812_00:00:00   3.5757e-01   8.8104e+01   3.6474e+01   9.7278e-03   1.8217e-03   3.2167e+02
20260812_03:00:00   3.4581e-01   8.5475e+01   3.6244e+01   0.0000e+00   4.1387e-04   3.2674e+02
20260812_06:00:00   3.0191e-01   7.6443e+01   3.1479e+01   0.0000e+00   4.0499e-03   3.2842e+02
20260812_09:00:00   2.8012e-01   7.1729e+01   2.8365e+01   0.0000e+00   4.5846e-03   3.2780e+02
20260812_12:00:00   2.6955e-01   6.9299e+01   2.7315e+01   0.0000e+00   6.7240e-03   3.2874e+02
20260812_15:00:00   2.6550e-01   6.8368e+01   2.7425e+01   0.0000e+00   7.7446e-02   3.3298e+02
20260812_18:00:00   2.3564e-01   6.1580e+01   2.5132e+01   0.0000e+00   3.2901e-05   3.3385e+02
20260812_21:00:00   2.6465e-01   6.8150e+01   2.7999e+01   0.0000e+00   6.0680e-05   3.2952e+02
20260813_00:00:00   3.0379e-01   7.6531e+01   3.1665e+01   0.0000e+00   5.9860e-04   3.3384e+02
20260813_03:00:00   3.2557e-01   8.0727e+01   3.4419e+01   0.0000e+00   1.0636e-02   3.2975e+02
20260813_06:00:00   3.4098e-01   8.3382e+01   3.5904e+01   3.3692e-03   2.2144e-01   3.2678e+02
20260813_09:00:00   6.6990e-01   1.3724e+02   3.9869e+01   3.2236e-01   8.2159e-01   3.2708e+02
20260813_12:00:00   1.3362e+00   2.0825e+02   4.0292e+01   1.0921e+00   1.3658e-01   3.3113e+02
20260813_15:00:00   7.8162e-01   1.5519e+02   3.1745e+01   5.3282e-01   0.0000e+00   3.3861e+02
20260813_18:00:00   3.6226e-01   8.8184e+01   2.9545e+01   4.1462e-02   0.0000e+00   3.4764e+02
20260813_21:00:00   3.1974e-01   7.9601e+01   2.9492e+01   3.4770e-03   0.0000e+00   3.5286e+02
20260814_00:00:00   3.0471e-01   7.6404e+01   2.7934e+01   1.7532e-03   0.0000e+00   3.6082e+02
20260814_03:00:00   2.8567e-01   7.2299e+01   2.5748e+01   0.0000e+00   0.0000e+00   3.6563e+02
20260814_06:00:00   2.6175e-01   6.7025e+01   2.3144e+01   0.0000e+00   0.0000e+00   3.6601e+02
20260814_09:00:00   2.4978e-01   6.4297e+01   2.2219e+01   0.0000e+00   3.4720e-03   3.6363e+02
20260814_12:00:00   2.5215e-01   6.4697e+01   2.2590e+01   3.4650e-07   6.2200e-04   3.6711e+02
20260814_15:00:00   2.5822e-01   6.6114e+01   2.3632e+01   0.0000e+00   4.2444e-04   3.6940e+02
20260814_18:00:00   4.2624e-01   9.8916e+01   2.4220e+01   1.9395e-01   2.3180e-05   3.7085e+02
20260814_21:00:00   6.1063e-01   1.2840e+02   2.6207e+01   3.8109e-01   1.8390e-04   3.7165e+02
20260815_00:00:00   3.4138e-01   8.2957e+01   2.7665e+01   5.8054e-02   5.7040e-05   3.7321e+02
20260815_03:00:00   2.8354e-01   7.1532e+01   2.6640e+01   5.4020e-05   0.0000e+00   3.6981e+02
20260815_06:00:00   2.6477e-01   6.7593e+01   2.4301e+01   0.0000e+00   0.0000e+00   3.6713e+02
20260815_09:00:00   2.3844e-01   6.1944e+01   2.1029e+01   0.0000e+00   0.0000e+00   3.7044e+02
20260815_12:00:00   2.2842e-01   5.9766e+01   1.9604e+01   0.0000e+00   0.0000e+00   3.5615e+02
20260815_15:00:00   2.3366e-01   6.1204e+01   1.9960e+01   0.0000e+00   2.9598e-05   3.4678e+02
20260815_18:00:00   2.3010e-01   6.0404e+01   2.1182e+01   3.6060e-04   2.3222e-03   3.4104e+02
20260815_21:00:00   2.7167e-01   6.9439e+01   2.3401e+01   3.1380e-02   2.8335e-04   3.4219e+02
20260816_00:00:00   2.6708e-01   6.8548e+01   2.5439e+01   3.1960e-03   0.0000e+00   3.3723e+02
20260816_03:00:00   2.4452e-01   6.3552e+01   2.3592e+01   0.0000e+00   0.0000e+00   3.3453e+02
20260816_06:00:00   2.4547e-01   6.3605e+01   2.3950e+01   0.0000e+00   2.4118e-03   3.3206e+02
20260816_09:00:00   2.5694e-01   6.6114e+01   2.5171e+01   0.0000e+00   3.0126e-02   3.3033e+02
20260816_12:00:00   3.3932e-01   8.3211e+01   3.4199e+01   0.0000e+00   8.7886e-02   3.3091e+02
20260816_15:00:00   5.5276e-01   1.2053e+02   4.1066e+01   1.7198e-01   1.0972e-01   3.2951e+02
20260816_18:00:00   7.3639e-01   1.4723e+02   4.3105e+01   3.6585e-01   6.0674e-02   3.2735e+02
20260816_21:00:00   4.5184e-01   1.0442e+02   4.2714e+01   4.4065e-02   5.1623e-02   3.2389e+02
20260817_00:00:00   5.0498e-01   1.1310e+02   4.1588e+01   1.1881e-01   3.7738e-01   3.2335e+02
20260817_03:00:00   6.9222e-01   1.4007e+02   3.8724e+01   3.6052e-01   5.0925e-01   3.2421e+02
20260817_06:00:00   8.9158e-01   1.6522e+02   3.7695e+01   6.0948e-01   3.7639e-02   3.2443e+02
20260817_09:00:00   7.4773e-01   1.4942e+02   3.8609e+01   4.3113e-01   0.0000e+00   3.2953e+02
20260817_12:00:00   4.5450e-01   1.0507e+02   3.3922e+01   1.2266e-01   8.2420e-05   3.3130e+02
20260817_15:00:00   3.0144e-01   7.5917e+01   2.7528e+01   4.2099e-03   2.7242e-05   3.3486e+02
20260817_18:00:00   5.5259e-01   1.2236e+02   2.5828e+01   3.2524e-01   0.0000e+00   3.3312e+02
20260817_21:00:00   4.6122e-01   1.0642e+02   2.6960e+01   2.0774e-01   8.7338e-03   3.3332e+02
20260818_00:00:00   3.3392e-01   8.2516e+01   2.8591e+01   3.3605e-02   0.0000e+00   3.4552e+02
20260818_03:00:00   3.0993e-01   7.7395e+01   2.9905e+01   1.9551e-03   0.0000e+00   3.4750e+02
20260818_06:00:00   2.6203e-01   6.7199e+01   2.4353e+01   1.4568e-04   0.0000e+00   3.5811e+02
20260818_09:00:00   2.7929e-01   7.0424e+01   2.7423e+01   0.0000e+00   3.8620e-06   3.5223e+02
20260818_12:00:00   2.9881e-01   7.4424e+01   2.9132e+01   0.0000e+00   0.0000e+00   3.5438e+02
20260818_15:00:00   2.7879e-01   7.0767e+01   2.6220e+01   1.4232e-04   0.0000e+00   3.4891e+02
20260818_18:00:00   3.0282e-01   7.6040e+01   2.4478e+01   4.8602e-02   0.0000e+00   3.4106e+02
20260818_21:00:00   2.7922e-01   7.1147e+01   2.6030e+01   1.0420e-02   6.2440e-03   3.3485e+02
20260819_00:00:00   2.7290e-01   6.9668e+01   2.7179e+01   0.0000e+00   3.3862e-03   3.3865e+02
20260819_03:00:00   2.9480e-01   7.4198e+01   2.9192e+01   0.0000e+00   4.8270e-03   3.3502e+02
20260819_06:00:00   2.9717e-01   7.4583e+01   2.9712e+01   0.0000e+00   5.6181e-04   3.2690e+02
20260819_09:00:00   3.0076e-01   7.5147e+01   3.1159e+01   0.0000e+00   1.0165e-03   3.2112e+02
20260819_12:00:00   3.2753e-01   8.0348e+01   3.4796e+01   0.0000e+00   1.8562e-01   3.1988e+02
20260819_15:00:00   3.2390e-01   7.9881e+01   3.4074e+01   0.0000e+00   2.5763e-01   3.1725e+02
20260819_18:00:00   3.4218e-01   8.3432e+01   3.6641e+01   2.8240e-04   3.8545e-01   3.1461e+02
20260819_21:00:00   6.4754e-01   1.3439e+02   4.0810e+01   2.9374e-01   6.4897e-01   3.1331e+02
20260820_00:00:00   4.0510e-01   9.5581e+01   4.0725e+01   1.3070e-02   4.4564e-01   3.1615e+02
20260820_03:00:00   4.4525e-01   1.0307e+02   4.1000e+01   5.1045e-02   5.4289e-01   3.1875e+02
20260820_06:00:00   6.5446e-01   1.3686e+02   4.1852e+01   2.8681e-01   3.9301e-01   3.1825e+02
20260820_09:00:00   5.1392e-01   1.1541e+02   3.8552e+01   1.4574e-01   4.1777e-02   3.2437e+02
20260820_12:00:00   1.3327e+00   2.0887e+02   3.7630e+01   1.1288e+00   6.2203e-04   3.3662e+02
20260820_15:00:00   1.0778e+00   1.8722e+02   3.6148e+01   8.4144e-01   1.0110e-05   3.5644e+02
20260820_18:00:00   8.3718e-01   1.6168e+02   3.4846e+01   5.7490e-01   9.6560e-06   3.5359e+02
20260820_21:00:00   4.2734e-01   9.9527e+01   3.4490e+01   8.7292e-02   6.2940e-04   3.4788e+02
20260821_00:00:00   3.6079e-01   8.7074e+01   3.4185e+01   7.0821e-03   0.0000e+00   3.3834e+02
20260821_03:00:00   3.4665e-01   8.4421e+01   3.3224e+01   0.0000e+00   0.0000e+00   3.2999e+02
20260821_06:00:00   3.4274e-01   8.3658e+01   3.3114e+01   0.0000e+00   0.0000e+00   3.3040e+02
20260821_09:00:00   3.1334e-01   7.7994e+01   2.9827e+01   0.0000e+00   0.0000e+00   3.2391e+02
20260821_12:00:00   2.7597e-01   7.0395e+01   2.5595e+01   0.0000e+00   2.9420e-05   3.2299e+02
20260821_15:00:00   2.7988e-01   7.1488e+01   2.5777e+01   0.0000e+00   0.0000e+00   3.1905e+02
20260821_18:00:00   2.7773e-01   7.1331e+01   2.6439e+01   0.0000e+00   0.0000e+00   3.1595e+02
20260821_21:00:00   3.8221e-01   9.2360e+01   3.0452e+01   8.4683e-02   1.1013e-03   3.1341e+02
20260822_00:00:00   3.0803e-01   7.7825e+01   2.9794e+01   0.0000e+00   2.1021e-02   3.1439e+02
20260822_03:00:00   3.1987e-01   7.9895e+01   3.1577e+01   0.0000e+00   2.1644e-02   3.1425e+02
20260822_06:00:00   3.1870e-01   7.9755e+01   3.0131e+01   0.0000e+00   1.0666e-03   3.1841e+02
20260822_09:00:00   3.1109e-01   7.8082e+01   2.9391e+01   0.0000e+00   0.0000e+00   3.2203e+02
20260822_12:00:00   3.1862e-01   7.9610e+01   3.0267e+01   0.0000e+00   6.9120e-04   3.3184e+02
20260822_15:00:00   3.3190e-01   8.2490e+01   3.2730e+01   0.0000e+00   0.0000e+00   3.2529e+02
20260822_18:00:00   3.4286e-01   8.4780e+01   3.3084e+01   2.0500e-02   0.0000e+00   3.2913e+02
20260822_21:00:00   6.7641e-01   1.4066e+02   3.4743e+01   3.8540e-01   0.0000e+00   3.2356e+02
20260823_00:00:00   3.5310e-01   8.7096e+01   3.5244e+01   0.0000e+00   0.0000e+00   3.2148e+02
