#            date       tau255        Tb[K]      pwv[mm] lwp[kg*m^-2] iwp[kg*m^-2]       o3[DU]
20260927_00:00:00   9.9306e-01   1.7769e+02   3.9173e+01   7.3346e-01   4.5055e-01   2.9023e+02
20260927_01:00:00   1.2312e+00   1.9854e+02   4.0058e+01   9.8586e-01   6.3473e-01   2.9031e+02
20260927_02:00:00   1.2091e+00   1.9650e+02   4.1501e+01   9.3477e-01   5.4649e-01   2.9080e+02
20260927_03:00:00   1.3058e+00   2.0475e+02   4.2058e+01   1.0484e+00   4.3515e-01   2.9138e+02
20260927_04:00:00   1.5221e+00   2.1994e+02   4.2118e+01   1.3085e+00   1.0249e-01   2.9037e+02
20260927_05:00:00   1.4972e+00   2.1849e+02   4.1925e+01   1.2831e+00   4.2859e-01   2.8620e+02
20260927_06:00:00   1.3955e+00   2.1150e+02   4.2651e+01   1.1466e+00   3.3184e-01   2.8434e+02
20260927_07:00:00   1.7138e+00   2.3004e+02   4.2671e+01   1.5089e+00   1.1374e-01   2.8331e+02
20260927_08:00:00   1.8219e+00   2.3671e+02   4.2034e+01   1.6684e+00   3.9651e-02   2.8485e+02
20260927_09:00:00   1.7639e+00   2.3373e+02   4.1374e+01   1.5956e+00   3.1751e-02   2.8754e+02
20260927_10:00:00   1.7879e+00   2.3395e+02   4.3200e+01   1.5902e+00   3.9026e-01   2.8772e+02
20260927_11:00:00   2.0707e+00   2.4510e+02   4.4256e+01   1.9019e+00   4.2401e-01   2.8795e+02
20260927_12:00:00   2.1442e+00   2.4816e+02   4.4483e+01   1.9946e+00   4.4218e-01   2.8824e+02
20260927_13:00:00   2.3613e+00   2.5558e+02   4.4675e+01   2.2645e+00   2.6035e-01   2.9028e+02
20260927_14:00:00   2.4726e+00   2.5941e+02   4.2133e+01   2.4490e+00   1.8299e-02   2.9257e+02
20260927_15:00:00   2.3349e+00   2.5618e+02   3.8514e+01   2.3183e+00   4.4922e-03   2.9338e+02
20260927_16:00:00   2.4043e+00   2.5734e+02   3.8336e+01   2.3778e+00   1.1080e-03   2.9343e+02
20260927_17:00:00   2.1318e+00   2.4946e+02   3.7703e+01   2.0679e+00   1.1992e-04   2.9191e+02
20260927_18:00:00   1.4953e+00   2.2052e+02   3.5883e+01   1.3513e+00   3.8620e-06   2.9004e+02
20260927_19:00:00   9.2811e-01   1.7268e+02   3.4343e+01   6.9428e-01   0.0000e+00   2.8864e+02
20260927_20:00:00   9.0948e-01   1.7052e+02   3.2432e+01   6.9611e-01   9.6560e-06   2.8833e+02
20260927_21:00:00   1.2218e+00   2.0054e+02   3.1881e+01   1.0729e+00   1.2178e-04   2.8896e+02
20260927_22:00:00   1.1827e+00   1.9683e+02   2.9740e+01   1.0375e+00   4.1813e-03   2.9076e+02
20260927_23:00:00   1.1130e+00   1.9059e+02   2.9288e+01   9.5526e-01   0.0000e+00   2.9253e+02
20260928_00:00:00   9.3877e-01   1.7315e+02   2.7565e+01   7.6925e-01   0.0000e+00   2.9481e+02
20260928_01:00:00   1.0474e+00   1.8448e+02   2.9383e+01   8.9206e-01   1.0026e-02   2.9596e+02
20260928_02:00:00   1.2107e+00   1.9918e+02   3.1714e+01   1.0666e+00   6.3660e-03   2.9671e+02
20260928_03:00:00   1.0910e+00   1.8835e+02   3.3143e+01   9.0912e-01   7.4103e-03   2.9496e+02
20260928_04:00:00   9.4391e-01   1.7310e+02   3.5106e+01   7.1063e-01   4.2666e-03   2.9309e+02
20260928_05:00:00   9.5313e-01   1.7431e+02   3.5655e+01   7.1677e-01   1.6366e-02   2.9255e+02
20260928_06:00:00   1.1792e+00   1.9613e+02   3.6879e+01   9.7145e-01   4.5732e-02   2.9251e+02
20260928_07:00:00   1.4670e+00   2.1759e+02   3.8127e+01   1.2993e+00   2.1002e-01   2.9188e+02
20260928_08:00:00   1.5307e+00   2.2051e+02   3.8695e+01   1.3470e+00   4.1804e-01   2.9218e+02
20260928_09:00:00   1.5446e+00   2.2025e+02   3.8841e+01   1.3445e+00   6.9882e-01   2.9144e+02
20260928_10:00:00   1.7526e+00   2.3115e+02   3.8542e+01   1.5843e+00   5.5738e-01   2.9220e+02
20260928_11:00:00   1.3632e+00   2.0776e+02   3.7916e+01   1.1397e+00   8.7898e-01   2.9108e+02
20260928_12:00:00   1.4951e+00   2.1608e+02   3.7886e+01   1.2868e+00   7.4082e-01   2.9143e+02
20260928_13:00:00   1.5114e+00   2.1713e+02   3.7154e+01   1.3105e+00   4.2342e-01   2.9280e+02
20260928_14:00:00   1.2640e+00   2.0036e+02   3.6233e+01   1.0364e+00   1.7403e-01   2.9245e+02
20260928_15:00:00   1.5855e+00   2.2189e+02   3.5615e+01   1.4096e+00   7.8712e-02   2.9242e+02
20260928_16:00:00   1.6566e+00   2.2705e+02   3.5242e+01   1.5166e+00   5.2710e-02   2.9211e+02
20260928_17:00:00   1.6067e+00   2.2478e+02   3.5766e+01   1.4629e+00   1.0154e-01   2.8961e+02
20260928_18:00:00   1.3589e+00   2.0880e+02   3.6099e+01   1.1697e+00   9.0687e-02   2.8742e+02
20260928_19:00:00   1.4708e+00   2.1602e+02   3.6464e+01   1.2888e+00   1.4665e-01   2.8709e+02
20260928_20:00:00   1.9069e+00   2.3860e+02   3.6296e+01   1.7919e+00   3.1917e-02   2.8756e+02
20260928_21:00:00   2.0400e+00   2.4417e+02   3.6012e+01   1.9552e+00   4.4134e-02   2.8852e+02
20260928_22:00:00   1.9033e+00   2.3939e+02   3.5134e+01   1.8180e+00   2.0827e-03   2.8904e+02
20260928_23:00:00   1.4842e+00   2.1801e+02   3.4227e+01   1.3434e+00   3.7720e-05   2.9044e+02
20260929_00:00:00   1.5266e+00   2.1984e+02   3.4346e+01   1.3749e+00   4.3798e-04   2.9215e+02
20260929_01:00:00   1.3363e+00   2.0677e+02   3.4225e+01   1.1475e+00   3.7374e-04   2.9174e+02
20260929_02:00:00   1.3203e+00   2.0617e+02   3.4226e+01   1.1368e+00   4.2550e-04   2.9150e+02
20260929_03:00:00   1.3472e+00   2.0779e+02   3.4538e+01   1.1581e+00   1.4509e-03   2.9163e+02
20260929_04:00:00   1.1847e+00   1.9550e+02   3.4285e+01   9.7833e-01   1.6634e-03   2.9077e+02
20260929_05:00:00   1.1625e+00   1.9357e+02   3.3822e+01   9.5393e-01   3.5193e-03   2.9083e+02
20260929_06:00:00   1.6566e+00   2.2704e+02   3.3804e+01   1.5210e+00   1.2393e-02   2.8991e+02
20260929_07:00:00   1.5674e+00   2.2196e+02   3.3817e+01   1.4152e+00   3.0123e-02   2.8957e+02
20260929_08:00:00   1.4582e+00   2.1578e+02   3.3386e+01   1.3016e+00   9.5570e-03   2.8914e+02
20260929_09:00:00   1.2562e+00   2.0166e+02   3.3269e+01   1.0744e+00   3.9547e-03   2.8993e+02
20260929_10:00:00   1.1423e+00   1.9237e+02   3.2964e+01   9.4999e-01   4.3996e-03   2.9139e+02
20260929_11:00:00   1.0057e+00   1.7928e+02   3.3160e+01   7.8536e-01   6.9074e-04   2.9369e+02
20260929_12:00:00   1.0878e+00   1.8785e+02   3.3103e+01   8.9205e-01   1.0434e-04   2.9560e+02
20260929_13:00:00   1.0625e+00   1.8562e+02   3.3276e+01   8.6429e-01   7.0040e-05   2.9584e+02
20260929_14:00:00   8.6851e-01   1.6486e+02   3.3159e+01   6.3392e-01   7.3400e-05   2.9471e+02
20260929_15:00:00   9.0601e-01   1.6918e+02   3.3165e+01   6.7924e-01   0.0000e+00   2.9478e+02
20260929_16:00:00   9.2027e-01   1.7081e+02   3.3321e+01   6.9425e-01   0.0000e+00   2.9528e+02
20260929_17:00:00   7.8014e-01   1.5389e+02   3.3313e+01   5.2355e-01   0.0000e+00   2.9552e+02
20260929_18:00:00   6.2332e-01   1.3195e+02   3.3464e+01   3.3187e-01   0.0000e+00   2.9428e+02
20260929_19:00:00   6.1387e-01   1.3046e+02   3.3525e+01   3.1909e-01   0.0000e+00   2.9400e+02
20260929_20:00:00   6.7538e-01   1.3948e+02   3.3776e+01   3.8966e-01   0.0000e+00   2.9233e+02
20260929_21:00:00   6.3298e-01   1.3327e+02   3.3845e+01   3.3791e-01   0.0000e+00   2.9068e+02
20260929_22:00:00   5.5312e-01   1.2087e+02   3.3947e+01   2.4041e-01   0.0000e+00   2.8833e+02
20260929_23:00:00   5.1120e-01   1.1405e+02   3.3816e+01   1.9206e-01   0.0000e+00   2.8502e+02
20260930_00:00:00   5.7719e-01   1.2481e+02   3.3673e+01   2.7265e-01   0.0000e+00   2.8376e+02
20260930_01:00:00   7.5704e-01   1.5065e+02   3.3431e+01   4.8940e-01   0.0000e+00   2.8430e+02
20260930_02:00:00   6.5524e-01   1.3647e+02   3.3156e+01   3.6944e-01   0.0000e+00   2.8449e+02
20260930_03:00:00   4.3506e-01   1.0058e+02   3.3035e+01   1.0649e-01   0.0000e+00   2.8546e+02
20260930_04:00:00   4.4840e-01   1.0279e+02   3.3220e+01   1.1763e-01   0.0000e+00   2.8633e+02
20260930_05:00:00   4.7029e-01   1.0659e+02   3.3097e+01   1.4458e-01   0.0000e+00   2.8715e+02
20260930_06:00:00   4.0815e-01   9.5607e+01   3.2761e+01   7.6540e-02   0.0000e+00   2.8881e+02
20260930_07:00:00   4.0728e-01   9.5425e+01   3.2739e+01   7.5166e-02   0.0000e+00   2.9046e+02
20260930_08:00:00   3.7890e-01   9.0170e+01   3.2476e+01   4.5653e-02   0.0000e+00   2.9078e+02
20260930_09:00:00   3.4655e-01   8.3999e+01   3.2066e+01   1.3429e-02   0.0000e+00   2.9327e+02
20260930_10:00:00   3.4150e-01   8.3005e+01   3.1951e+01   8.0400e-03   0.0000e+00   2.9439e+02
20260930_11:00:00   3.2637e-01   8.0068e+01   3.0903e+01   1.1262e-03   0.0000e+00   2.9418e+02
20260930_12:00:00   3.3886e-01   8.2582e+01   3.0531e+01   2.0017e-02   0.0000e+00   2.9394e+02
20260930_13:00:00   3.4439e-01   8.3672e+01   3.0385e+01   2.5357e-02   0.0000e+00   2.9218e+02
20260930_14:00:00   3.2217e-01   7.9320e+01   2.9961e+01   1.9750e-03   1.9314e-05   2.9085e+02
20260930_15:00:00   3.2319e-01   7.9615e+01   3.0115e+01   8.0923e-04   2.5820e-03   2.9012e+02
20260930_16:00:00   3.3068e-01   8.1238e+01   3.0496e+01   7.0212e-03   2.1741e-04   2.9063e+02
20260930_17:00:00   3.3822e-01   8.2992e+01   3.0070e+01   2.3536e-02   2.8183e-04   2.9052e+02
20260930_18:00:00   4.5440e-01   1.0508e+02   2.9823e+01   1.6846e-01   3.3276e-02   2.8936e+02
20260930_19:00:00   4.6408e-01   1.0693e+02   2.9204e+01   1.8974e-01   1.3290e-02   2.8919e+02
20260930_20:00:00   4.1202e-01   9.7506e+01   2.8660e+01   1.3342e-01   2.2902e-02   2.8872e+02
20260930_21:00:00   3.9609e-01   9.4468e+01   2.9086e+01   1.0846e-01   1.7200e-02   2.8731e+02
20260930_22:00:00   3.3679e-01   8.2823e+01   2.9752e+01   3.2540e-02   1.9557e-01   2.8698e+02
20260930_23:00:00   3.1231e-01   7.7845e+01   2.9014e+01   8.9080e-03   3.0598e-01   2.8448e+02
20261001_00:00:00   2.9869e-01   7.4876e+01   2.9190e+01   4.5760e-04   3.0927e-01   2.8551e+02
20261001_01:00:00   2.9231e-01   7.3425e+01   2.8878e+01   0.0000e+00   3.8867e-01   2.8648e+02
20261001_02:00:00   2.8378e-01   7.1620e+01   2.8036e+01   0.0000e+00   2.2798e-01   2.8731e+02
20261001_03:00:00   2.8244e-01   7.1297e+01   2.8174e+01   0.0000e+00   2.8458e-01   2.8913e+02
20261001_04:00:00   2.9649e-01   7.4229e+01   2.9806e+01   0.0000e+00   3.3187e-02   2.8972e+02
20261001_05:00:00   3.6266e-01   8.6996e+01   3.0302e+01   6.7072e-02   4.1795e-02   2.8745e+02
20261001_06:00:00   3.6506e-01   8.7520e+01   3.1357e+01   5.7492e-02   9.1503e-03   2.8611e+02
20261001_07:00:00   3.0649e-01   7.6372e+01   3.0401e+01   0.0000e+00   1.6303e-03   2.8506e+02
20261001_08:00:00   3.0644e-01   7.6412e+01   3.0227e+01   0.0000e+00   1.0231e-03   2.8263e+02
20261001_09:00:00   3.0385e-01   7.5908e+01   2.9791e+01   0.0000e+00   1.8413e-03   2.8110e+02
20261001_10:00:00   3.0235e-01   7.5567e+01   3.0002e+01   0.0000e+00   3.8512e-04   2.7903e+02
20261001_11:00:00   2.9796e-01   7.4652e+01   2.9813e+01   0.0000e+00   1.1432e-03   2.7765e+02
20261001_12:00:00   3.0033e-01   7.5156e+01   3.0120e+01   9.7660e-06   2.7350e-04   2.7681e+02
20261001_13:00:00   3.2187e-01   7.9482e+01   3.0334e+01   2.7360e-02   1.2304e-03   2.7577e+02
20261001_14:00:00   3.8483e-01   9.1445e+01   3.3451e+01   7.5258e-02   1.5259e-03   2.7368e+02
20261001_15:00:00   4.1956e-01   9.7987e+01   3.7624e+01   7.4978e-02   2.9420e-03   2.7208e+02
20261001_16:00:00   4.1644e-01   9.7718e+01   3.9287e+01   5.3718e-02   6.4204e-04   2.7070e+02
20261001_17:00:00   3.7732e-01   9.0839e+01   4.0308e+01   1.4414e-04   2.7888e-05   2.6900e+02
20261001_18:00:00   3.9054e-01   9.3424e+01   4.1880e+01   1.1550e-06   2.8479e-02   2.6891e+02
20261001_19:00:00   3.8420e-01   9.2292e+01   4.1640e+01   0.0000e+00   1.7449e-03   2.6938e+02
20261001_20:00:00   3.7613e-01   9.0828e+01   4.0752e+01   0.0000e+00   1.3570e-03   2.6894e+02
20261001_21:00:00   3.5395e-01   8.6615e+01   3.8292e+01   0.0000e+00   2.2400e-03   2.6839e+02
20261001_22:00:00   3.4059e-01   8.4039e+01   3.6976e+01   0.0000e+00   4.6102e-03   2.6781e+02
20261001_23:00:00   3.4273e-01   8.4539e+01   3.7066e+01   0.0000e+00   2.1995e-03   2.6742e+02
20261002_00:00:00   3.3374e-01   8.2811e+01   3.5756e+01   0.0000e+00   2.7380e-03   2.6837e+02
20261002_03:00:00   2.7838e-01   7.1487e+01   2.9279e+01   0.0000e+00   1.5802e-03   2.6825e+02
20261002_06:00:00   3.2350e-01   8.0821e+01   3.4761e+01   0.0000e+00   2.7653e-04   2.6852e+02
20261002_09:00:00   3.2373e-01   8.1170e+01   3.3132e+01   0.0000e+00   1.4644e-04   2.6849e+02
20261002_12:00:00   4.1736e-01   9.8920e+01   4.0899e+01   1.2013e-02   6.7292e-04   2.6907e+02
20261002_15:00:00   4.0606e-01   9.6661e+01   4.1231e+01   2.5573e-05   6.9509e-03   2.7290e+02
20261002_18:00:00   3.4538e-01   8.4882e+01   3.4640e+01   4.3060e-04   1.4656e-02   2.8135e+02
20261002_21:00:00   1.4654e-01   4.0583e+01   1.2472e+01   0.0000e+00   1.4704e-02   2.8332e+02
20261003_00:00:00   1.5225e-01   4.1760e+01   1.2483e+01   0.0000e+00   1.8902e-03   2.8872e+02
20261003_03:00:00   1.5303e-01   4.1697e+01   1.1634e+01   0.0000e+00   0.0000e+00   2.8935e+02
20261003_06:00:00   1.3642e-01   3.7521e+01   9.1900e+00   0.0000e+00   0.0000e+00   2.9252e+02
20261003_09:00:00   1.1589e-01   3.2372e+01   6.8827e+00   0.0000e+00   0.0000e+00   2.8961e+02
20261003_12:00:00   1.1053e-01   3.1023e+01   6.2210e+00   0.0000e+00   0.0000e+00   2.9249e+02
20261003_15:00:00   1.1659e-01   3.2533e+01   7.1847e+00   0.0000e+00   0.0000e+00   2.9298e+02
20261003_18:00:00   1.2809e-01   3.5348e+01   9.2418e+00   0.0000e+00   0.0000e+00   2.9392e+02
20261003_21:00:00   1.2986e-01   3.5801e+01   9.6862e+00   0.0000e+00   0.0000e+00   2.9415e+02
20261004_00:00:00   1.3213e-01   3.6224e+01   1.0301e+01   0.0000e+00   0.0000e+00   2.9550e+02
20261004_03:00:00   1.2673e-01   3.4887e+01   9.6112e+00   0.0000e+00   2.6124e-05   3.0461e+02
20261004_06:00:00   1.4068e-01   3.8214e+01   1.1005e+01   0.0000e+00   1.9190e-03   3.0080e+02
20261004_09:00:00   1.4358e-01   3.8941e+01   1.0954e+01   0.0000e+00   5.9214e-03   3.0314e+02
20261004_12:00:00   1.4034e-01   3.8222e+01   1.0530e+01   0.0000e+00   5.4926e-04   2.9734e+02
20261004_15:00:00   1.5043e-01   4.0839e+01   1.1288e+01   0.0000e+00   3.9133e-03   2.9588e+02
20261004_18:00:00   1.5208e-01   4.1310e+01   1.2217e+01   0.0000e+00   8.0288e-03   2.9263e+02
20261004_21:00:00   1.7369e-01   4.6203e+01   1.6258e+01   0.0000e+00   1.1332e-02   2.8874e+02
20261005_00:00:00   2.7164e-01   6.7463e+01   2.2399e+01   5.7537e-02   1.5078e-01   2.8587e+02
20261005_03:00:00   9.6615e-01   1.7253e+02   3.6923e+01   7.0378e-01   3.5483e-01   2.8222e+02
20261005_06:00:00   7.6582e-01   1.5015e+02   4.1289e+01   4.2300e-01   7.4215e-01   2.8052e+02
20261005_09:00:00   1.6112e+00   2.2558e+02   4.7691e+01   1.3485e+00   7.7093e-01   2.7946e+02
20261005_12:00:00   1.6639e+00   2.3006e+02   5.4263e+01   1.3404e+00   1.4412e+00   2.8102e+02
20261005_15:00:00   1.1866e+00   1.9544e+02   5.0275e+01   7.9726e-01   3.5129e-01   2.8195e+02
20261005_18:00:00   6.7617e-01   1.3955e+02   4.6775e+01   2.5526e-01   2.6601e-01   2.8199e+02
20261005_21:00:00   3.2066e-01   7.9813e+01   3.0232e+01   2.3840e-06   2.5251e-01   2.8617e+02
20261006_00:00:00   2.3795e-01   6.2298e+01   1.9918e+01   0.0000e+00   1.4841e-04   2.8649e+02
20261006_03:00:00   2.1526e-01   5.6649e+01   1.7797e+01   0.0000e+00   2.0060e-05   2.8889e+02
20261006_06:00:00   1.5306e-01   4.1624e+01   1.1654e+01   0.0000e+00   0.0000e+00   2.9550e+02
20261006_09:00:00   1.4167e-01   3.8639e+01   9.8471e+00   0.0000e+00   2.3561e-03   3.0420e+02
20261006_12:00:00   2.0176e-01   5.2132e+01   1.6820e+01   9.7785e-04   3.9860e-06   3.2112e+02
20261006_15:00:00   2.1333e-01   5.4929e+01   1.6332e+01   1.5574e-02   0.0000e+00   3.3940e+02
20261006_18:00:00   1.8458e-01   4.8571e+01   1.4638e+01   2.9285e-03   0.0000e+00   3.2734e+02
20261006_21:00:00   1.8325e-01   4.8363e+01   1.4786e+01   7.0720e-04   0.0000e+00   3.2743e+02
20261007_00:00:00   1.9683e-01   5.1263e+01   1.5325e+01   1.2556e-02   2.5200e-05   3.2563e+02
20261007_03:00:00   1.7811e-01   4.6926e+01   1.4869e+01   0.0000e+00   0.0000e+00   3.2496e+02
20261007_06:00:00   1.7373e-01   4.5779e+01   1.4784e+01   0.0000e+00   0.0000e+00   3.2217e+02
20261007_09:00:00   1.6450e-01   4.3574e+01   1.3409e+01   0.0000e+00   0.0000e+00   3.1877e+02
20261007_12:00:00   1.4234e-01   3.8557e+01   9.9204e+00   0.0000e+00   0.0000e+00   3.2676e+02
20261007_15:00:00   1.4300e-01   3.8805e+01   1.0039e+01   0.0000e+00   0.0000e+00   3.2258e+02
20261007_18:00:00   1.5271e-01   4.1213e+01   1.1201e+01   6.0308e-04   2.7720e-07   3.1382e+02
20261007_21:00:00   1.5906e-01   4.2812e+01   1.1892e+01   0.0000e+00   0.0000e+00   3.1168e+02
20261008_00:00:00   1.5415e-01   4.1621e+01   1.1347e+01   0.0000e+00   1.0202e-05   3.0908e+02
20261008_03:00:00   1.5040e-01   4.0671e+01   1.0954e+01   0.0000e+00   1.6002e-04   3.1127e+02
20261008_06:00:00   1.5379e-01   4.1427e+01   1.1112e+01   0.0000e+00   4.4940e-04   3.0857e+02
20261008_09:00:00   1.5147e-01   4.0845e+01   1.0847e+01   0.0000e+00   1.1166e-03   3.0632e+02
20261008_12:00:00   1.4938e-01   4.0269e+01   1.0692e+01   0.0000e+00   1.0074e-04   3.0792e+02
20261008_15:00:00   1.5175e-01   4.0903e+01   1.1121e+01   4.2620e-05   0.0000e+00   3.0601e+02
20261008_18:00:00   1.6342e-01   4.3723e+01   1.2704e+01   7.9480e-05   6.5166e-04   3.0869e+02
20261008_21:00:00   1.6055e-01   4.2991e+01   1.2378e+01   0.0000e+00   7.6219e-03   3.1076e+02
20261009_00:00:00   1.4811e-01   3.9972e+01   1.1006e+01   6.9470e-05   3.6957e-02   3.1329e+02
20261009_03:00:00   1.5628e-01   4.1838e+01   1.1895e+01   2.1688e-04   3.1279e-02   3.0991e+02
20261009_06:00:00   2.0356e-01   5.2568e+01   1.4622e+01   2.8801e-02   7.4218e-02   3.1485e+02
20261009_09:00:00   8.3894e-01   1.5798e+02   1.8508e+01   7.2581e-01   1.0242e-01   3.1233e+02
20261009_12:00:00   4.2895e-01   9.7627e+01   1.8317e+01   2.5457e-01   4.0040e-02   3.1066e+02
20261009_15:00:00   2.5863e-01   6.4571e+01   1.7868e+01   6.3907e-02   4.9177e-02   3.1468e+02
20261009_18:00:00   3.0536e-01   7.4161e+01   1.8265e+01   1.1939e-01   3.3012e-02   3.1373e+02
20261009_21:00:00   2.1464e-01   5.5078e+01   1.8240e+01   1.0064e-02   9.2267e-03   3.1327e+02
20261010_00:00:00   1.9110e-01   4.9729e+01   1.6917e+01   0.0000e+00   2.0886e-03   3.1046e+02
20261010_03:00:00   1.9243e-01   5.0110e+01   1.6706e+01   3.7710e-04   0.0000e+00   3.0477e+02
20261010_06:00:00   2.0114e-01   5.2166e+01   1.6893e+01   9.7371e-03   0.0000e+00   2.9976e+02
20261010_09:00:00   2.1844e-01   5.6133e+01   1.8195e+01   1.6877e-02   3.4280e-05   2.9591e+02
20261010_12:00:00   3.2184e-01   7.8158e+01   2.0718e+01   1.1032e-01   1.3776e-02   2.9477e+02
20261010_15:00:00   4.9386e-01   1.1033e+02   2.3153e+01   2.8642e-01   1.5965e-02   2.9330e+02
20261010_18:00:00   5.2448e-01   1.1572e+02   2.5991e+01   2.9685e-01   7.6955e-02   2.9248e+02
20261010_21:00:00   6.9377e-01   1.4149e+02   2.7855e+01   4.8442e-01   2.4172e-01   2.8908e+02
20261011_00:00:00   7.6489e-01   1.5113e+02   3.0816e+01   5.4476e-01   4.5098e-01   2.8724e+02
20261011_03:00:00   9.8514e-01   1.7490e+02   3.6734e+01   7.1944e-01   1.0492e+00   2.8292e+02
20261011_06:00:00   1.0834e+00   1.8449e+02   3.8415e+01   8.1440e-01   6.5029e-01   2.7559e+02
20261011_09:00:00   1.1021e+00   1.8693e+02   3.6831e+01   8.4532e-01   9.1681e-02   2.7715e+02
20261011_12:00:00   8.8863e-01   1.6625e+02   3.4133e+01   6.2424e-01   1.7064e-02   2.8317e+02
20261011_15:00:00   4.0283e-01   9.5061e+01   3.2303e+01   8.0505e-02   4.4187e-03   2.8871e+02
20261011_18:00:00   4.7075e-01   1.0758e+02   3.4272e+01   1.6056e-01   8.5816e-02   2.8969e+02
20261011_21:00:00   4.8144e-01   1.0883e+02   3.8041e+01   1.3371e-01   6.4192e-02   2.8420e+02
20261012_00:00:00   1.3600e+00   2.1166e+02   4.1945e+01   1.1463e+00   8.2478e-02   2.8026e+02
20261012_03:00:00   1.5376e+00   2.2506e+02   3.7465e+01   1.4244e+00   4.6080e-06   2.7790e+02
20261012_06:00:00   2.7344e-01   6.9759e+01   2.2806e+01   2.7155e-02   0.0000e+00   2.8296e+02
20261012_09:00:00   1.7895e-01   4.8130e+01   1.5163e+01   0.0000e+00   0.0000e+00   2.8189e+02
20261012_12:00:00   2.9273e-01   7.3145e+01   1.6368e+01   1.1455e-01   0.0000e+00   2.8742e+02
20261012_15:00:00   2.3255e-01   6.0211e+01   1.7302e+01   3.0638e-02   0.0000e+00   2.7983e+02
20261012_18:00:00   2.9869e-01   7.4346e+01   1.7352e+01   1.1102e-01   0.0000e+00   2.7589e+02
20261012_21:00:00   2.1721e-01   5.6823e+01   1.7721e+01   1.1850e-02   0.0000e+00   2.9158e+02
20261013_00:00:00   2.1372e-01   5.5828e+01   1.7188e+01   1.1743e-02   0.0000e+00   2.8619e+02
