#            date       tau255        Tb[K]      pwv[mm] lwp[kg*m^-2] iwp[kg*m^-2]       o3[DU]
20260823_18:00:00   1.1547e+00   1.9696e+02   4.0940e+01   9.0679e-01   0.0000e+00   3.1572e+02
20260823_19:00:00   1.0544e+00   1.8799e+02   3.7493e+01   8.2211e-01   0.0000e+00   3.1448e+02
20260823_20:00:00   7.6235e-01   1.5450e+02   3.4756e+01   4.9196e-01   0.0000e+00   3.1376e+02
20260823_21:00:00   6.5846e-01   1.3991e+02   3.3582e+01   3.7484e-01   1.1662e-05   3.1402e+02
20260823_22:00:00   5.1233e-01   1.1640e+02   3.2393e+01   1.9846e-01   3.5732e-04   3.1450e+02
20260823_23:00:00   3.4929e-01   8.6084e+01   3.1539e+01   7.6752e-03   1.4112e-04   3.1478e+02
20260824_00:00:00   3.6288e-01   8.8699e+01   3.2602e+01   1.6390e-02   1.2082e-04   3.1759e+02
20260824_01:00:00   3.4976e-01   8.6155e+01   3.0591e+01   2.3793e-02   2.0660e-03   3.1789e+02
20260824_02:00:00   3.0829e-01   7.7561e+01   2.8799e+01   4.7850e-04   3.4200e-04   3.1823e+02
20260824_03:00:00   2.6809e-01   6.9127e+01   2.4165e+01   4.4460e-04   1.5598e-05   3.1889e+02
20260824_04:00:00   2.6684e-01   6.8799e+01   2.3696e+01   4.7580e-04   0.0000e+00   3.1859e+02
20260824_05:00:00   2.5643e-01   6.6428e+01   2.2970e+01   1.4920e-04   1.8402e-06   3.2108e+02
20260824_06:00:00   2.4033e-01   6.2793e+01   2.1715e+01   0.0000e+00   6.8520e-06   3.2426e+02
20260824_07:00:00   2.4910e-01   6.4632e+01   2.2634e+01   1.9642e-05   0.0000e+00   3.2955e+02
20260824_08:00:00   2.8883e-01   7.2961e+01   2.3843e+01   2.9022e-02   0.0000e+00   3.2970e+02
20260824_09:00:00   2.6789e-01   6.8571e+01   2.3002e+01   1.4930e-02   0.0000e+00   3.3165e+02
20260824_10:00:00   2.3273e-01   6.0961e+01   2.0679e+01   0.0000e+00   0.0000e+00   3.3195e+02
20260824_11:00:00   2.2214e-01   5.8495e+01   1.9653e+01   0.0000e+00   0.0000e+00   3.3186e+02
20260824_12:00:00   2.1174e-01   5.6075e+01   1.8987e+01   0.0000e+00   0.0000e+00   3.3123e+02
20260824_13:00:00   2.1522e-01   5.6762e+01   1.9777e+01   0.0000e+00   0.0000e+00   3.3026e+02
20260824_14:00:00   2.1790e-01   5.7392e+01   2.0180e+01   0.0000e+00   0.0000e+00   3.2905e+02
20260824_15:00:00   2.2517e-01   5.8953e+01   2.1157e+01   0.0000e+00   0.0000e+00   3.2835e+02
20260824_16:00:00   2.1423e-01   5.6619e+01   1.9589e+01   0.0000e+00   0.0000e+00   3.2960e+02
20260824_17:00:00   2.3550e-01   6.1330e+01   2.1563e+01   4.3680e-03   0.0000e+00   3.3112e+02
20260824_18:00:00   2.2828e-01   5.9828e+01   2.1018e+01   9.2423e-04   0.0000e+00   3.3456e+02
20260824_19:00:00   2.2967e-01   6.0074e+01   2.1435e+01   3.6820e-03   1.1088e-06   3.3507e+02
20260824_20:00:00   2.7093e-01   6.8858e+01   2.2765e+01   3.7495e-02   6.7120e-05   3.3511e+02
20260824_21:00:00   2.5581e-01   6.5768e+01   2.2845e+01   1.8938e-02   2.6627e-04   3.3683e+02
20260824_22:00:00   2.9118e-01   7.3092e+01   2.3531e+01   5.0384e-02   4.0858e-03   3.3916e+02
20260824_23:00:00   5.5872e-01   1.2087e+02   2.6201e+01   3.3000e-01   1.5866e-02   3.3875e+02
20260825_00:00:00   3.5269e-01   8.5207e+01   2.8638e+01   7.6099e-02   1.2258e-01   3.4087e+02
20260825_01:00:00   2.6879e-01   6.8232e+01   2.5544e+01   1.0834e-02   2.9337e-03   3.4461e+02
20260825_02:00:00   2.5094e-01   6.4347e+01   2.4269e+01   2.3054e-03   6.5141e-04   3.4892e+02
20260825_03:00:00   2.4382e-01   6.2826e+01   2.3406e+01   0.0000e+00   2.4140e-05   3.4595e+02
20260825_04:00:00   2.4381e-01   6.2761e+01   2.3550e+01   0.0000e+00   2.5649e-03   3.4468e+02
20260825_05:00:00   2.6064e-01   6.6290e+01   2.5475e+01   0.0000e+00   8.7801e-04   3.4583e+02
20260825_06:00:00   2.6100e-01   6.6390e+01   2.5279e+01   0.0000e+00   6.5166e-05   3.4456e+02
20260825_07:00:00   2.5998e-01   6.6206e+01   2.5061e+01   0.0000e+00   1.5487e-05   3.4161e+02
20260825_08:00:00   2.5936e-01   6.6058e+01   2.5113e+01   0.0000e+00   1.3010e-03   3.3944e+02
20260825_09:00:00   2.6584e-01   6.7437e+01   2.5770e+01   0.0000e+00   4.5300e-05   3.3888e+02
20260825_10:00:00   2.7233e-01   6.8812e+01   2.6320e+01   0.0000e+00   9.6560e-06   3.3825e+02
20260825_11:00:00   2.7482e-01   6.9382e+01   2.6451e+01   0.0000e+00   2.8980e-05   3.3945e+02
20260825_12:00:00   2.7732e-01   6.9948e+01   2.6836e+01   0.0000e+00   5.4476e-04   3.4100e+02
20260825_13:00:00   2.8326e-01   7.1252e+01   2.7492e+01   0.0000e+00   3.2820e-04   3.3868e+02
20260825_14:00:00   2.8902e-01   7.2538e+01   2.8046e+01   0.0000e+00   1.2468e-04   3.3657e+02
20260825_15:00:00   2.9727e-01   7.4299e+01   2.8926e+01   0.0000e+00   4.5420e-07   3.3634e+02
20260825_16:00:00   3.2422e-01   7.9810e+01   2.9871e+01   2.3602e-02   0.0000e+00   3.3857e+02
20260825_17:00:00   3.7328e-01   8.9537e+01   3.0679e+01   7.4420e-02   0.0000e+00   3.3872e+02
20260825_18:00:00   4.0873e-01   9.6136e+01   3.1414e+01   1.0662e-01   0.0000e+00   3.4252e+02
20260825_19:00:00   3.3572e-01   8.2217e+01   3.1530e+01   1.7528e-02   3.0900e-05   3.4329e+02
20260825_20:00:00   4.4982e-01   1.0361e+02   3.0658e+01   1.5203e-01   4.6360e-05   3.4480e+02
20260825_21:00:00   4.4134e-01   1.0211e+02   3.0168e+01   1.4378e-01   5.1973e-04   3.4626e+02
20260825_22:00:00   3.9299e-01   9.2992e+01   3.0031e+01   8.7378e-02   6.8788e-03   3.4609e+02
20260825_23:00:00   3.5666e-01   8.6211e+01   3.0621e+01   4.6156e-02   4.7359e-05   3.4263e+02
20260826_00:00:00   3.3059e-01   8.1042e+01   3.1564e+01   1.0806e-02   8.1230e-06   3.4008e+02
20260826_01:00:00   3.0837e-01   7.6652e+01   2.9662e+01   5.0742e-04   0.0000e+00   3.4171e+02
20260826_02:00:00   2.9370e-01   7.3715e+01   2.7826e+01   0.0000e+00   0.0000e+00   3.4303e+02
20260826_03:00:00   2.7703e-01   7.0272e+01   2.6020e+01   0.0000e+00   0.0000e+00   3.3987e+02
20260826_04:00:00   2.6128e-01   6.6921e+01   2.4279e+01   0.0000e+00   0.0000e+00   3.3755e+02
20260826_05:00:00   2.5440e-01   6.5454e+01   2.3398e+01   0.0000e+00   0.0000e+00   3.3704e+02
20260826_06:00:00   2.4702e-01   6.3866e+01   2.2458e+01   0.0000e+00   0.0000e+00   3.3724e+02
20260826_07:00:00   2.4187e-01   6.2706e+01   2.1930e+01   0.0000e+00   0.0000e+00   3.3573e+02
20260826_08:00:00   2.4069e-01   6.2430e+01   2.1735e+01   0.0000e+00   0.0000e+00   3.3618e+02
20260826_09:00:00   2.4466e-01   6.3275e+01   2.2008e+01   0.0000e+00   0.0000e+00   3.3685e+02
20260826_10:00:00   2.4475e-01   6.3279e+01   2.1979e+01   0.0000e+00   0.0000e+00   3.3576e+02
20260826_11:00:00   2.4302e-01   6.2913e+01   2.1797e+01   0.0000e+00   0.0000e+00   3.3228e+02
20260826_12:00:00   2.4058e-01   6.2403e+01   2.1608e+01   0.0000e+00   0.0000e+00   3.2933e+02
20260826_13:00:00   2.3955e-01   6.2212e+01   2.1556e+01   0.0000e+00   0.0000e+00   3.2709e+02
20260826_14:00:00   2.3899e-01   6.2176e+01   2.1493e+01   0.0000e+00   0.0000e+00   3.2630e+02
20260826_15:00:00   2.3368e-01   6.1115e+01   2.1161e+01   0.0000e+00   0.0000e+00   3.2493e+02
20260826_16:00:00   2.3255e-01   6.0951e+01   2.1302e+01   0.0000e+00   0.0000e+00   3.2372e+02
20260826_17:00:00   2.3282e-01   6.1063e+01   2.1706e+01   0.0000e+00   3.9281e-05   3.2112e+02
20260826_18:00:00   2.3773e-01   6.2190e+01   2.2415e+01   0.0000e+00   9.1985e-04   3.1874e+02
20260826_19:00:00   2.3561e-01   6.1780e+01   2.2423e+01   0.0000e+00   5.5553e-04   3.1867e+02
20260826_20:00:00   2.3731e-01   6.2188e+01   2.2761e+01   0.0000e+00   2.6660e-04   3.1945e+02
20260826_21:00:00   2.4054e-01   6.2906e+01   2.3257e+01   0.0000e+00   7.0103e-05   3.1951e+02
20260826_22:00:00   2.4532e-01   6.3964e+01   2.3771e+01   2.6400e-04   4.6200e-07   3.2017e+02
20260826_23:00:00   2.5047e-01   6.5086e+01   2.4243e+01   4.7200e-04   1.9643e-05   3.1925e+02
20260827_00:00:00   2.5274e-01   6.5558e+01   2.4381e+01   8.6980e-05   2.0100e-05   3.1821e+02
20260827_01:00:00   2.5166e-01   6.5293e+01   2.4172e+01   0.0000e+00   3.4775e-04   3.1588e+02
20260827_02:00:00   2.4572e-01   6.3960e+01   2.3574e+01   0.0000e+00   1.8402e-06   3.1550e+02
20260827_03:00:00   2.3958e-01   6.2571e+01   2.3069e+01   0.0000e+00   1.4732e-05   3.1512e+02
20260827_04:00:00   2.4005e-01   6.2617e+01   2.3202e+01   0.0000e+00   2.9045e-04   3.1428e+02
20260827_05:00:00   2.3830e-01   6.2193e+01   2.3102e+01   0.0000e+00   4.0360e-04   3.1559e+02
20260827_06:00:00   2.3168e-01   6.0709e+01   2.2387e+01   0.0000e+00   7.8380e-04   3.1511e+02
20260827_07:00:00   2.3471e-01   6.1324e+01   2.2688e+01   0.0000e+00   6.7555e-02   3.1371e+02
20260827_08:00:00   2.3723e-01   6.1867e+01   2.3084e+01   0.0000e+00   1.6551e-02   3.1270e+02
20260827_09:00:00   2.4421e-01   6.3417e+01   2.3808e+01   0.0000e+00   6.9710e-03   3.1114e+02
20260827_10:00:00   2.6304e-01   6.7490e+01   2.5980e+01   0.0000e+00   6.8943e-03   3.1265e+02
20260827_11:00:00   2.8485e-01   7.2085e+01   2.8401e+01   0.0000e+00   6.0830e-02   3.1382e+02
20260827_12:00:00   2.8919e-01   7.3045e+01   2.8738e+01   0.0000e+00   1.2425e-01   3.1513e+02
20260827_13:00:00   2.9734e-01   7.4800e+01   2.9516e+01   0.0000e+00   1.8473e-01   3.1614e+02
20260827_14:00:00   3.1069e-01   7.7727e+01   3.0764e+01   0.0000e+00   1.0924e-02   3.1616e+02
20260827_15:00:00   3.1597e-01   7.9097e+01   3.1165e+01   0.0000e+00   3.8503e-03   3.1708e+02
20260827_16:00:00   3.4275e-01   8.4728e+01   3.3554e+01   4.1861e-04   2.3100e-06   3.1564e+02
20260827_17:00:00   4.0510e-01   9.6924e+01   3.4707e+01   6.5359e-02   0.0000e+00   3.1368e+02
20260827_18:00:00   6.1597e-01   1.3224e+02   3.5755e+01   3.0505e-01   0.0000e+00   3.1360e+02
20260827_19:00:00   7.9208e-01   1.5610e+02   3.7294e+01   4.9320e-01   2.4358e-04   3.0949e+02
20260827_20:00:00   5.0565e-01   1.1467e+02   3.7248e+01   1.6275e-01   4.8381e-03   3.0692e+02
20260827_21:00:00   3.6856e-01   8.9924e+01   3.6873e+01   6.9235e-03   2.0558e-02   3.0624e+02
20260827_22:00:00   3.6248e-01   8.8690e+01   3.6754e+01   0.0000e+00   4.1037e-02   3.0564e+02
20260827_23:00:00   3.4917e-01   8.5874e+01   3.5578e+01   0.0000e+00   1.9999e-02   3.0573e+02
20260828_00:00:00   3.4190e-01   8.4361e+01   3.4841e+01   0.0000e+00   2.5992e-03   3.0641e+02
20260828_01:00:00   3.6204e-01   8.8344e+01   3.6673e+01   0.0000e+00   9.3892e-03   3.0638e+02
20260828_02:00:00   3.9226e-01   9.4073e+01   3.9424e+01   0.0000e+00   1.9676e-02   3.0695e+02
20260828_03:00:00   4.1149e-01   9.7626e+01   4.0722e+01   5.1660e-03   2.7351e-02   3.0679e+02
20260828_04:00:00   4.0108e-01   9.5743e+01   4.0246e+01   0.0000e+00   2.0405e-02   3.0564e+02
20260828_05:00:00   4.2889e-01   1.0070e+02   4.0736e+01   2.4500e-02   1.7625e-02   3.0514e+02
20260828_06:00:00   4.9123e-01   1.1117e+02   4.0975e+01   9.4723e-02   2.1810e-02   3.0521e+02
20260828_07:00:00   4.6776e-01   1.0714e+02   3.9964e+01   8.3735e-02   2.5604e-03   3.0622e+02
20260828_08:00:00   3.8888e-01   9.3093e+01   3.9302e+01   3.4872e-03   6.8626e-04   3.0708e+02
20260828_09:00:00   3.7489e-01   9.0360e+01   3.8419e+01   1.2682e-04   6.7821e-03   3.0823e+02
20260828_10:00:00   3.6793e-01   8.8983e+01   3.7726e+01   9.6560e-06   3.3694e-03   3.1065e+02
20260828_11:00:00   3.7368e-01   8.9989e+01   3.8121e+01   6.0368e-04   6.7606e-02   3.1136e+02
20260828_12:00:00   3.7571e-01   9.0471e+01   3.7786e+01   3.6938e-03   1.1319e-02   3.1206e+02
20260828_13:00:00   3.8604e-01   9.2603e+01   3.8410e+01   5.1218e-03   7.8572e-04   3.1205e+02
20260828_14:00:00   4.0082e-01   9.5495e+01   3.9109e+01   1.2421e-02   3.7039e-04   3.1257e+02
20260828_15:00:00   3.7920e-01   9.1498e+01   3.8270e+01   3.0581e-04   3.8620e-06   3.1259e+02
20260828_16:00:00   3.8766e-01   9.3286e+01   3.8281e+01   9.2940e-03   7.9760e-06   3.1187e+02
20260828_17:00:00   3.7615e-01   9.1258e+01   3.7875e+01   8.5240e-04   1.8168e-07   3.1251e+02
20260828_18:00:00   3.9860e-01   9.5718e+01   3.7415e+01   3.2758e-02   0.0000e+00   3.1231e+02
20260828_21:00:00   4.0806e-01   9.7714e+01   3.7555e+01   3.6066e-02   3.9260e-05   3.1153e+02
20260829_00:00:00   3.8244e-01   9.2714e+01   3.7662e+01   1.9990e-05   0.0000e+00   3.1053e+02
20260829_03:00:00   3.4711e-01   8.5745e+01   3.3943e+01   0.0000e+00   4.2547e-03   3.1558e+02
20260829_06:00:00   3.0354e-01   7.6542e+01   3.0128e+01   0.0000e+00   6.0721e-04   3.1615e+02
20260829_09:00:00   2.7676e-01   7.0661e+01   2.7227e+01   0.0000e+00   0.0000e+00   3.3163e+02
20260829_12:00:00   2.6584e-01   6.8456e+01   2.4645e+01   0.0000e+00   0.0000e+00   3.2871e+02
20260829_15:00:00   2.7650e-01   7.0839e+01   2.5546e+01   0.0000e+00   1.7596e-04   3.1995e+02
20260829_18:00:00   3.1811e-01   7.9663e+01   2.6532e+01   4.4461e-02   1.9389e-04   3.1966e+02
20260829_21:00:00   2.6872e-01   6.9145e+01   2.6192e+01   4.2160e-03   1.1732e-02   3.1978e+02
20260830_00:00:00   4.1707e-01   9.7668e+01   2.8358e+01   1.5243e-01   5.9293e-02   3.1866e+02
20260830_03:00:00   2.4592e-01   6.3640e+01   2.3658e+01   0.0000e+00   0.0000e+00   3.2548e+02
20260830_06:00:00   2.2824e-01   5.9676e+01   2.1486e+01   0.0000e+00   0.0000e+00   3.2423e+02
20260830_09:00:00   1.9583e-01   5.2243e+01   1.7510e+01   0.0000e+00   0.0000e+00   3.2186e+02
20260830_12:00:00   1.8770e-01   5.0228e+01   1.6955e+01   0.0000e+00   1.7020e-04   3.2327e+02
20260830_15:00:00   1.9551e-01   5.2018e+01   1.8751e+01   0.0000e+00   5.8628e-02   3.2023e+02
20260830_18:00:00   2.4429e-01   6.2938e+01   2.5886e+01   0.0000e+00   3.0915e-02   3.1704e+02
20260830_21:00:00   3.7335e-01   8.9291e+01   3.6894e+01   2.8326e-02   4.7690e-01   3.1625e+02
20260831_00:00:00   1.0618e+00   1.8268e+02   4.2224e+01   7.2531e-01   2.4078e-01   3.1643e+02
20260831_03:00:00   4.0966e-01   9.6602e+01   3.9416e+01   9.2236e-03   7.6189e-02   3.1630e+02
20260831_06:00:00   6.1129e-01   1.2942e+02   3.9658e+01   2.3684e-01   6.7114e-02   3.1462e+02
20260831_09:00:00   4.0150e-01   9.5134e+01   3.7450e+01   1.8370e-02   3.7793e-02   3.1707e+02
20260831_12:00:00   3.4421e-01   8.4518e+01   3.2931e+01   0.0000e+00   8.1794e-03   3.2260e+02
20260831_15:00:00   3.7468e-01   9.0705e+01   3.2384e+01   4.9140e-02   2.6753e-03   3.2337e+02
20260831_18:00:00   3.3187e-01   8.2115e+01   3.0385e+01   3.2841e-02   1.2680e-02   3.2209e+02
20260831_21:00:00   3.5529e-01   8.6474e+01   2.9150e+01   7.4863e-02   1.6019e-02   3.2253e+02
20260901_00:00:00   3.8534e-01   9.1774e+01   2.8075e+01   1.2742e-01   1.8928e-02   3.2779e+02
20260901_03:00:00   3.0578e-01   7.6168e+01   2.7495e+01   2.6644e-02   4.1762e-05   3.3335e+02
20260901_06:00:00   2.7797e-01   7.0344e+01   2.5113e+01   2.9729e-04   0.0000e+00   3.3332e+02
20260901_09:00:00   4.1465e-01   9.6898e+01   2.3385e+01   1.7866e-01   0.0000e+00   3.3610e+02
20260901_12:00:00   4.5702e-01   1.0379e+02   2.2201e+01   2.3609e-01   0.0000e+00   3.4204e+02
20260901_15:00:00   2.1113e-01   5.5076e+01   1.7604e+01   5.0790e-03   0.0000e+00   3.4447e+02
20260901_18:00:00   1.7106e-01   4.5958e+01   1.4399e+01   7.3920e-05   0.0000e+00   3.5028e+02
20260901_21:00:00   1.8225e-01   4.8472e+01   1.6119e+01   0.0000e+00   0.0000e+00   3.5146e+02
20260902_00:00:00   1.6612e-01   4.4736e+01   1.3619e+01   0.0000e+00   0.0000e+00   3.6174e+02
20260902_03:00:00   1.7169e-01   4.5908e+01   1.4280e+01   0.0000e+00   0.0000e+00   3.5622e+02
20260902_06:00:00   1.8365e-01   4.8635e+01   1.5286e+01   0.0000e+00   0.0000e+00   3.5752e+02
20260902_09:00:00   1.8304e-01   4.8454e+01   1.5179e+01   0.0000e+00   0.0000e+00   3.5862e+02
20260902_12:00:00   1.9448e-01   5.1162e+01   1.5895e+01   0.0000e+00   0.0000e+00   3.5802e+02
20260902_15:00:00   2.0345e-01   5.3376e+01   1.7016e+01   3.4180e-03   0.0000e+00   3.4143e+02
20260902_18:00:00   2.9103e-01   7.2159e+01   1.7127e+01   1.0868e-01   1.5348e-04   3.3212e+02
20260902_21:00:00   2.1548e-01   5.6374e+01   1.8045e+01   1.6951e-02   3.8676e-02   3.2804e+02
20260903_00:00:00   2.1421e-01   5.6011e+01   1.8776e+01   9.0340e-03   1.2739e-02   3.2691e+02
20260903_03:00:00   2.0708e-01   5.4203e+01   1.9200e+01   0.0000e+00   5.1682e-02   3.2884e+02
20260903_06:00:00   2.1746e-01   5.6300e+01   2.0840e+01   9.3680e-04   9.2670e-02   3.2822e+02
20260903_09:00:00   2.3946e-01   6.1011e+01   2.0972e+01   2.4980e-02   3.9042e-02   3.2786e+02
20260903_12:00:00   2.2351e-01   5.7456e+01   2.2064e+01   0.0000e+00   2.3141e-01   3.2673e+02
20260903_15:00:00   2.2215e-01   5.7159e+01   2.1745e+01   0.0000e+00   5.0887e-01   3.2482e+02
20260903_18:00:00   2.7097e-01   6.7261e+01   2.4969e+01   2.2898e-02   7.5787e-01   3.2155e+02
20260903_21:00:00   2.1087e-01   5.4957e+01   1.9018e+01   0.0000e+00   2.6739e-01   3.2817e+02
20260904_00:00:00   2.3205e-01   5.9749e+01   1.8878e+01   2.0880e-02   1.4649e-02   3.3041e+02
20260904_03:00:00   1.9638e-01   5.1770e+01   1.7619e+01   0.0000e+00   0.0000e+00   3.3406e+02
20260904_06:00:00   1.8726e-01   4.9647e+01   1.6394e+01   0.0000e+00   0.0000e+00   3.3362e+02
20260904_09:00:00   2.0346e-01   5.3220e+01   1.8464e+01   0.0000e+00   0.0000e+00   3.3825e+02
20260904_12:00:00   1.9231e-01   5.0679e+01   1.7276e+01   3.3020e-04   2.7584e-05   3.4403e+02
20260904_15:00:00   1.8866e-01   5.0049e+01   1.6736e+01   0.0000e+00   3.9280e-06   3.4623e+02
20260904_18:00:00   1.8900e-01   5.0190e+01   1.6864e+01   2.3980e-03   4.2316e-05   3.4625e+02
20260904_21:00:00   2.2434e-01   5.8109e+01   1.8737e+01   2.4061e-02   5.1371e-04   3.3962e+02
20260905_00:00:00   3.7600e-01   8.8326e+01   1.9467e+01   1.8420e-01   5.3793e-04   3.4211e+02
20260905_03:00:00   2.4662e-01   6.2781e+01   1.9475e+01   3.6500e-02   3.3379e-04   3.4086e+02
20260905_06:00:00   2.7089e-01   6.7804e+01   1.9306e+01   6.4860e-02   3.6620e-04   3.4258e+02
20260905_09:00:00   2.3064e-01   5.9330e+01   1.8305e+01   2.8600e-02   2.0902e-04   3.4076e+02
20260905_12:00:00   1.9111e-01   5.0658e+01   1.6511e+01   0.0000e+00   1.3734e-04   3.4234e+02
20260905_15:00:00   1.9744e-01   5.2199e+01   1.7545e+01   0.0000e+00   9.2400e-07   3.4642e+02
20260905_18:00:00   2.3390e-01   6.0379e+01   2.1319e+01   7.9780e-03   0.0000e+00   3.3808e+02
20260905_21:00:00   3.6022e-01   8.5922e+01   2.1821e+01   1.4269e-01   1.6180e-04   3.3221e+02
20260906_00:00:00   2.5344e-01   6.4995e+01   2.3066e+01   1.1764e-03   2.3934e-06   3.3264e+02
20260906_03:00:00   2.9622e-01   7.3834e+01   2.3584e+01   4.0760e-02   0.0000e+00   3.3849e+02
20260906_06:00:00   3.6353e-01   8.6945e+01   2.5112e+01   1.0632e-01   3.8024e-03   3.3926e+02
20260906_09:00:00   2.7189e-01   6.8524e+01   2.5603e+01   2.9840e-03   1.5398e-02   3.3964e+02
20260906_12:00:00   2.8807e-01   7.1792e+01   2.7703e+01   0.0000e+00   2.9770e-02   3.4159e+02
20260906_15:00:00   2.9296e-01   7.2909e+01   2.8220e+01   5.4120e-03   1.0190e-02   3.3799e+02
20260906_18:00:00   2.9820e-01   7.3915e+01   2.9828e+01   8.0260e-04   1.4020e-01   3.3734e+02
20260906_21:00:00   5.0035e-01   1.1128e+02   3.4966e+01   1.6736e-01   6.8952e-02   3.4119e+02
20260907_00:00:00   7.3733e-01   1.4637e+02   3.7798e+01   3.9586e-01   6.1835e-01   3.3867e+02
20260907_03:00:00   1.4463e+00   2.1274e+02   3.8678e+01   1.1927e+00   7.8780e-01   3.4137e+02
20260907_06:00:00   5.3104e-01   1.1622e+02   3.6335e+01   1.7697e-01   1.4344e+00   3.3844e+02
20260907_09:00:00   4.8867e-01   1.0990e+02   3.3918e+01   1.5980e-01   1.4652e-02   3.4280e+02
20260907_12:00:00   5.5423e-01   1.2158e+02   3.3841e+01   2.4104e-01   2.4774e-03   3.4985e+02
20260907_15:00:00   3.4380e-01   8.3936e+01   3.1349e+01   1.4979e-02   0.0000e+00   3.3421e+02
20260907_18:00:00   3.4291e-01   8.4276e+01   2.7609e+01   5.2768e-02   0.0000e+00   3.2152e+02
20260907_21:00:00   3.7363e-01   9.0367e+01   2.6452e+01   1.0733e-01   8.0790e-03   3.1890e+02
20260908_00:00:00   2.7610e-01   7.0576e+01   2.6248e+01   8.2000e-05   8.0697e-02   3.1618e+02
20260908_03:00:00   2.7351e-01   6.9793e+01   2.6680e+01   0.0000e+00   1.1655e-01   3.1021e+02
20260908_06:00:00   7.2827e-01   1.4558e+02   4.1530e+01   3.8199e-01   2.7358e-01   3.0587e+02
20260908_09:00:00   1.1332e+00   1.8949e+02   4.6510e+01   7.7092e-01   3.0322e-01   2.9965e+02
20260908_12:00:00   2.3662e+00   2.5602e+02   4.9096e+01   2.2118e+00   9.6539e-02   2.9688e+02
20260908_15:00:00   1.9296e+00   2.4466e+02   5.2457e+01   1.7337e+00   2.6331e-01   2.9504e+02
20260908_18:00:00   1.1598e+00   1.9888e+02   5.2761e+01   8.3307e-01   1.8098e-01   2.9373e+02
