#            date       tau255        Tb[K]      pwv[mm] lwp[kg*m^-2] iwp[kg*m^-2]       o3[DU]
20260917_00:00:00   3.5360e-01   8.7328e+01   3.5641e+01   0.0000e+00   2.3594e-04   2.9121e+02
20260917_01:00:00   3.4291e-01   8.5173e+01   3.4537e+01   0.0000e+00   7.0780e-05   2.9037e+02
20260917_02:00:00   3.4594e-01   8.5786e+01   3.4939e+01   0.0000e+00   0.0000e+00   2.9010e+02
20260917_03:00:00   3.6073e-01   8.8629e+01   3.6557e+01   0.0000e+00   0.0000e+00   2.8907e+02
20260917_04:00:00   3.6948e-01   9.0268e+01   3.7529e+01   0.0000e+00   4.8280e-06   2.8926e+02
20260917_05:00:00   3.7344e-01   9.0983e+01   3.7992e+01   0.0000e+00   0.0000e+00   2.8907e+02
20260917_06:00:00   3.7328e-01   9.0872e+01   3.7895e+01   2.7700e-05   0.0000e+00   2.8691e+02
20260917_07:00:00   3.7505e-01   9.1139e+01   3.7772e+01   1.4888e-03   0.0000e+00   2.8754e+02
20260917_08:00:00   3.9244e-01   9.4417e+01   3.7751e+01   2.1320e-02   0.0000e+00   2.8679e+02
20260917_09:00:00   4.0832e-01   9.7388e+01   3.7760e+01   3.9660e-02   1.0284e-05   2.8557e+02
20260917_10:00:00   4.1439e-01   9.8462e+01   3.8049e+01   4.4340e-02   0.0000e+00   2.8557e+02
20260917_11:00:00   4.0032e-01   9.5741e+01   3.8610e+01   2.2700e-02   0.0000e+00   2.8676e+02
20260917_12:00:00   3.8806e-01   9.3315e+01   3.9534e+01   9.9920e-05   3.1280e-04   2.8731e+02
20260917_13:00:00   3.9601e-01   9.4776e+01   4.0640e+01   0.0000e+00   6.8900e-07   2.8676e+02
20260917_14:00:00   4.0341e-01   9.6143e+01   4.1452e+01   8.0160e-04   9.8292e-04   2.8512e+02
20260917_15:00:00   4.1402e-01   9.8165e+01   4.2789e+01   6.9720e-04   1.3177e-02   2.8481e+02
20260917_16:00:00   4.5196e-01   1.0514e+02   4.6620e+01   1.1742e-03   1.9545e-02   2.8372e+02
20260917_17:00:00   4.8150e-01   1.1055e+02   4.8975e+01   8.0348e-03   4.3695e-02   2.8373e+02
20260917_18:00:00   5.7777e-01   1.2676e+02   4.9600e+01   1.1492e-01   1.0285e-02   2.8194e+02
20260917_19:00:00   6.0441e-01   1.3080e+02   5.0464e+01   1.3024e-01   1.1765e-03   2.8183e+02
20260917_20:00:00   1.1109e+00   1.9182e+02   5.1395e+01   7.2134e-01   1.8419e-03   2.8115e+02
20260917_21:00:00   9.0786e-01   1.7137e+02   5.1827e+01   4.7636e-01   7.0562e-03   2.7934e+02
20260917_22:00:00   1.2443e+00   2.0347e+02   5.1762e+01   8.6768e-01   8.4876e-03   2.8064e+02
20260917_23:00:00   8.0156e-01   1.5924e+02   5.0597e+01   3.5784e-01   1.8121e-03   2.8139e+02
20260918_00:00:00   1.0927e+00   1.9139e+02   5.0252e+01   7.1272e-01   1.1760e-03   2.8236e+02
20260918_01:00:00   9.8078e-01   1.7974e+02   4.9722e+01   5.7270e-01   9.6859e-04   2.8191e+02
20260918_02:00:00   8.5527e-01   1.6492e+02   4.9043e+01   4.1844e-01   8.0367e-04   2.8225e+02
20260918_03:00:00   5.3856e-01   1.2064e+02   4.7781e+01   5.4821e-02   2.2232e-03   2.8273e+02
20260918_04:00:00   5.1451e-01   1.1662e+02   4.6555e+01   3.8535e-02   9.5932e-04   2.8150e+02
20260918_05:00:00   4.8857e-01   1.1208e+02   4.5816e+01   1.3090e-02   6.9680e-04   2.8285e+02
20260918_06:00:00   4.7593e-01   1.0980e+02   4.4641e+01   9.2376e-03   0.0000e+00   2.8278e+02
20260918_07:00:00   4.6949e-01   1.0860e+02   4.3598e+01   1.3541e-02   1.8168e-07   2.8377e+02
20260918_08:00:00   4.8901e-01   1.1172e+02   4.2389e+01   4.8572e-02   1.2134e-05   2.8574e+02
20260918_09:00:00   4.7085e-01   1.0847e+02   4.0468e+01   4.9004e-02   1.8168e-07   2.9018e+02
20260918_10:00:00   4.2819e-01   1.0084e+02   3.7830e+01   2.7064e-02   0.0000e+00   2.9246e+02
20260918_11:00:00   3.3256e-01   8.2519e+01   3.1028e+01   0.0000e+00   0.0000e+00   2.9547e+02
20260918_12:00:00   2.5118e-01   6.5169e+01   2.3060e+01   0.0000e+00   2.2120e-04   2.9910e+02
20260918_13:00:00   2.0868e-01   5.5476e+01   1.8827e+01   0.0000e+00   1.9314e-05   2.9950e+02
20260918_14:00:00   2.1605e-01   5.7153e+01   1.9507e+01   0.0000e+00   5.2598e-04   3.0122e+02
20260918_15:00:00   2.1450e-01   5.6850e+01   1.9249e+01   0.0000e+00   1.3950e-03   3.0343e+02
20260918_16:00:00   2.0907e-01   5.5588e+01   1.8554e+01   0.0000e+00   4.9041e-04   3.0504e+02
20260918_17:00:00   1.9039e-01   5.1252e+01   1.6759e+01   0.0000e+00   1.1290e-03   3.0522e+02
20260918_18:00:00   1.8868e-01   5.0745e+01   1.6665e+01   0.0000e+00   1.0224e-02   3.0500e+02
20260918_19:00:00   1.7931e-01   4.8547e+01   1.5375e+01   0.0000e+00   2.2086e-02   3.0821e+02
20260918_20:00:00   1.7032e-01   4.6410e+01   1.4310e+01   0.0000e+00   3.3299e-02   3.0678e+02
20260918_21:00:00   1.5554e-01   4.2790e+01   1.2821e+01   0.0000e+00   5.5276e-02   3.0576e+02
20260918_22:00:00   1.4683e-01   4.0592e+01   1.1852e+01   0.0000e+00   2.1587e-02   3.0443e+02
20260918_23:00:00   1.4123e-01   3.9120e+01   1.1342e+01   0.0000e+00   5.3547e-02   3.0411e+02
20260919_00:00:00   1.3526e-01   3.7576e+01   1.0727e+01   0.0000e+00   1.0151e-02   3.0529e+02
20260919_01:00:00   1.2789e-01   3.5702e+01   9.7517e+00   0.0000e+00   8.3718e-03   3.0266e+02
20260919_02:00:00   1.2474e-01   3.4848e+01   9.4446e+00   0.0000e+00   9.1626e-03   3.0333e+02
20260919_03:00:00   1.2452e-01   3.4705e+01   9.5682e+00   0.0000e+00   2.0612e-02   3.0292e+02
20260919_04:00:00   1.2392e-01   3.4550e+01   9.4435e+00   0.0000e+00   3.2786e-03   3.0145e+02
20260919_05:00:00   1.2341e-01   3.4400e+01   9.4072e+00   0.0000e+00   3.1664e-03   3.0077e+02
20260919_06:00:00   1.2378e-01   3.4496e+01   9.3375e+00   0.0000e+00   2.8580e-04   3.0072e+02
20260919_07:00:00   1.2772e-01   3.5427e+01   9.7341e+00   0.0000e+00   5.9020e-05   3.0053e+02
20260919_08:00:00   1.3254e-01   3.6536e+01   1.0236e+01   0.0000e+00   7.4520e-06   2.9985e+02
20260919_09:00:00   1.3580e-01   3.7255e+01   1.0571e+01   0.0000e+00   3.8523e-04   3.0036e+02
20260919_10:00:00   1.3801e-01   3.7720e+01   1.0809e+01   0.0000e+00   5.3660e-04   3.0112e+02
20260919_11:00:00   1.3728e-01   3.7499e+01   1.0716e+01   0.0000e+00   1.8710e-03   2.9915e+02
20260919_12:00:00   1.3773e-01   3.7557e+01   1.0843e+01   0.0000e+00   8.2386e-04   3.0030e+02
20260919_13:00:00   1.3694e-01   3.7405e+01   1.0579e+01   0.0000e+00   9.8220e-06   2.9964e+02
20260919_14:00:00   1.3890e-01   3.7881e+01   1.0872e+01   0.0000e+00   4.8020e-04   3.0200e+02
20260919_15:00:00   1.4021e-01   3.8220e+01   1.1191e+01   0.0000e+00   7.5144e-04   3.0315e+02
20260919_16:00:00   1.3809e-01   3.7772e+01   1.0932e+01   0.0000e+00   9.1784e-03   3.0587e+02
20260919_17:00:00   1.3867e-01   3.7982e+01   1.1000e+01   0.0000e+00   6.6921e-03   3.0464e+02
20260919_18:00:00   1.3938e-01   3.8252e+01   1.0857e+01   0.0000e+00   8.7660e-06   3.0339e+02
20260919_19:00:00   1.3951e-01   3.8356e+01   1.0848e+01   0.0000e+00   0.0000e+00   3.0334e+02
20260919_20:00:00   1.4012e-01   3.8559e+01   1.0925e+01   0.0000e+00   8.8396e-05   3.0201e+02
20260919_21:00:00   1.4142e-01   3.8924e+01   1.1003e+01   0.0000e+00   0.0000e+00   3.0142e+02
20260919_22:00:00   1.4442e-01   3.9664e+01   1.1337e+01   0.0000e+00   3.8620e-05   3.0037e+02
20260919_23:00:00   1.4609e-01   4.0042e+01   1.1384e+01   0.0000e+00   1.2972e-04   2.9985e+02
20260920_00:00:00   1.5044e-01   4.1044e+01   1.1794e+01   0.0000e+00   5.0120e-04   2.9955e+02
20260920_01:00:00   1.5547e-01   4.2193e+01   1.2257e+01   0.0000e+00   1.9090e-03   2.9888e+02
20260920_02:00:00   1.5742e-01   4.2631e+01   1.2481e+01   0.0000e+00   6.4046e-03   2.9633e+02
20260920_03:00:00   1.6176e-01   4.3609e+01   1.3029e+01   0.0000e+00   3.8229e-03   2.9498e+02
20260920_04:00:00   1.6449e-01   4.4195e+01   1.3482e+01   0.0000e+00   7.0288e-03   2.9390e+02
20260920_05:00:00   1.6463e-01   4.4202e+01   1.3622e+01   0.0000e+00   9.4160e-03   2.9315e+02
20260920_06:00:00   1.6983e-01   4.5331e+01   1.4492e+01   0.0000e+00   1.1910e-02   2.9078e+02
20260920_07:00:00   1.7492e-01   4.6484e+01   1.5205e+01   0.0000e+00   5.0481e-03   2.9141e+02
20260920_08:00:00   1.7884e-01   4.7346e+01   1.5966e+01   0.0000e+00   7.2730e-03   2.9245e+02
20260920_09:00:00   1.8465e-01   4.8596e+01   1.7103e+01   0.0000e+00   1.2227e-03   2.9397e+02
20260920_10:00:00   1.9391e-01   5.0593e+01   1.8721e+01   0.0000e+00   1.4453e-02   2.9594e+02
20260920_11:00:00   2.1415e-01   5.5025e+01   2.1589e+01   0.0000e+00   7.9718e-02   2.9689e+02
20260920_12:00:00   4.7057e-01   1.0413e+02   2.5343e+01   2.5170e-01   3.6499e-01   2.9610e+02
20260920_13:00:00   6.4676e-01   1.3198e+02   2.8921e+01   4.1616e-01   4.5356e-01   2.9508e+02
20260920_14:00:00   7.0180e-01   1.3973e+02   3.0097e+01   4.6537e-01   3.4260e-01   2.9451e+02
20260920_15:00:00   4.1834e-01   9.5726e+01   3.0965e+01   1.3358e-01   3.8093e-01   2.9439e+02
20260920_16:00:00   4.5990e-01   1.0319e+02   3.2383e+01   1.6424e-01   4.8578e-01   2.9252e+02
20260920_17:00:00   4.6526e-01   1.0420e+02   3.3466e+01   1.5841e-01   5.8975e-01   2.9412e+02
20260920_18:00:00   7.8184e-01   1.5032e+02   3.4951e+01   4.9866e-01   7.4932e-01   2.9403e+02
20260920_19:00:00   1.1256e+00   1.8734e+02   3.6112e+01   8.8154e-01   5.2669e-01   2.9519e+02
20260920_20:00:00   1.0833e+00   1.8430e+02   3.7146e+01   8.2843e-01   7.1235e-01   2.9485e+02
20260920_21:00:00   1.4173e+00   2.1089e+02   3.7967e+01   1.2042e+00   6.6468e-01   2.9236e+02
20260920_22:00:00   1.8440e+00   2.3467e+02   3.7669e+01   1.7028e+00   2.2760e-01   2.8951e+02
20260920_23:00:00   1.9471e+00   2.4021e+02   3.6406e+01   1.8506e+00   3.2227e-02   2.8725e+02
20260921_00:00:00   2.1029e+00   2.4665e+02   3.5320e+01   2.0528e+00   1.1884e-01   2.8669e+02
20260921_01:00:00   1.9035e+00   2.3969e+02   3.4626e+01   1.8367e+00   1.6968e-01   2.8705e+02
20260921_02:00:00   2.0055e+00   2.4341e+02   3.3238e+01   1.9525e+00   7.1619e-03   2.8734e+02
20260921_03:00:00   1.9744e+00   2.4249e+02   3.2349e+01   1.9282e+00   3.8854e-03   2.8664e+02
20260921_04:00:00   1.7921e+00   2.3519e+02   3.1193e+01   1.7338e+00   7.5784e-03   2.8683e+02
20260921_05:00:00   1.6896e+00   2.3039e+02   3.0602e+01   1.6233e+00   1.5443e-02   2.8636e+02
20260921_06:00:00   1.3970e+00   2.1297e+02   2.8889e+01   1.2976e+00   9.7586e-03   2.8826e+02
20260921_07:00:00   1.1800e+00   1.9613e+02   2.6951e+01   1.0566e+00   1.5395e-02   2.8941e+02
20260921_08:00:00   9.8557e-01   1.7759e+02   2.4688e+01   8.4622e-01   2.8949e-02   2.9169e+02
20260921_09:00:00   7.3573e-01   1.4789e+02   2.2483e+01   5.6712e-01   1.9203e-03   2.9338e+02
20260921_10:00:00   5.5773e-01   1.2171e+02   2.0445e+01   3.7360e-01   2.1391e-03   2.9352e+02
20260921_11:00:00   5.1134e-01   1.1398e+02   1.9055e+01   3.3262e-01   6.9778e-03   2.9438e+02
20260921_12:00:00   4.7392e-01   1.0743e+02   1.7689e+01   3.0283e-01   9.0505e-03   2.9390e+02
20260921_13:00:00   4.3523e-01   1.0049e+02   1.6776e+01   2.6805e-01   1.1107e-02   2.9152e+02
20260921_14:00:00   2.6084e-01   6.6087e+01   1.6315e+01   6.8027e-02   3.9382e-02   2.9049e+02
20260921_15:00:00   2.1518e-01   5.6105e+01   1.6062e+01   1.9169e-02   6.4501e-02   2.8938e+02
20260921_16:00:00   2.3113e-01   5.9658e+01   1.6278e+01   3.8612e-02   3.2298e-02   2.9001e+02
20260921_17:00:00   2.2099e-01   5.7451e+01   1.6144e+01   3.1651e-02   3.3159e-02   2.9164e+02
20260921_18:00:00   2.0999e-01   5.4982e+01   1.6036e+01   2.2156e-02   7.2051e-02   2.9206e+02
20260921_19:00:00   2.1093e-01   5.5178e+01   1.6223e+01   2.3872e-02   1.8121e-01   2.9090e+02
20260921_20:00:00   1.8943e-01   5.0267e+01   1.6360e+01   0.0000e+00   2.2675e-01   2.9067e+02
20260921_21:00:00   1.8928e-01   5.0244e+01   1.6374e+01   0.0000e+00   2.2824e-01   2.9029e+02
20260921_22:00:00   1.9395e-01   5.1270e+01   1.6761e+01   0.0000e+00   1.9010e-01   2.9204e+02
20260921_23:00:00   1.9277e-01   5.0944e+01   1.6593e+01   0.0000e+00   8.6989e-02   2.9135e+02
20260922_00:00:00   1.8831e-01   4.9908e+01   1.5840e+01   9.6560e-06   1.2487e-02   2.9122e+02
20260922_03:00:00   1.6403e-01   4.4090e+01   1.3664e+01   0.0000e+00   1.2798e-02   2.9535e+02
20260922_06:00:00   1.6450e-01   4.3976e+01   1.4005e+01   0.0000e+00   3.8636e-02   2.9862e+02
20260922_09:00:00   1.7915e-01   4.7216e+01   1.5771e+01   0.0000e+00   1.1431e-01   3.0085e+02
20260922_12:00:00   1.8335e-01   4.7930e+01   1.7007e+01   1.0580e-05   3.1883e-01   3.0309e+02
20260922_15:00:00   1.8242e-01   4.7827e+01   1.7151e+01   0.0000e+00   1.7983e-02   3.0366e+02
20260922_18:00:00   1.6281e-01   4.3589e+01   1.4256e+01   0.0000e+00   3.3348e-04   3.0304e+02
20260922_21:00:00   1.4396e-01   3.9147e+01   1.1407e+01   0.0000e+00   3.7382e-02   3.0253e+02
20260923_00:00:00   1.3296e-01   3.6650e+01   9.3329e+00   0.0000e+00   7.6369e-03   3.0288e+02
20260923_03:00:00   1.3604e-01   3.7437e+01   9.6430e+00   0.0000e+00   4.8676e-03   3.0177e+02
20260923_06:00:00   1.4781e-01   4.0226e+01   1.0804e+01   0.0000e+00   4.6879e-03   2.9961e+02
20260923_09:00:00   1.5034e-01   4.0789e+01   1.0921e+01   0.0000e+00   3.3061e-02   3.0052e+02
20260923_12:00:00   1.5856e-01   4.2707e+01   1.1506e+01   0.0000e+00   3.9160e-02   3.0338e+02
20260923_15:00:00   1.8964e-01   5.0076e+01   1.2620e+01   2.4992e-02   1.2704e-02   3.0492e+02
20260923_18:00:00   1.5092e-01   4.1143e+01   1.1131e+01   0.0000e+00   9.7860e-03   3.0331e+02
20260923_21:00:00   1.5172e-01   4.1253e+01   1.1307e+01   0.0000e+00   5.7136e-03   3.0223e+02
20260924_00:00:00   1.4284e-01   3.9081e+01   1.0105e+01   0.0000e+00   6.0553e-02   3.0415e+02
20260924_03:00:00   1.3604e-01   3.7436e+01   9.4924e+00   0.0000e+00   3.4116e-02   3.0812e+02
20260924_06:00:00   1.4067e-01   3.8383e+01   1.0595e+01   0.0000e+00   8.1191e-02   3.0795e+02
20260924_09:00:00   1.3932e-01   3.8132e+01   9.9156e+00   0.0000e+00   2.5647e-02   3.0647e+02
20260924_12:00:00   1.3914e-01   3.8129e+01   9.7376e+00   0.0000e+00   8.4016e-03   3.0774e+02
20260924_15:00:00   1.4913e-01   4.0619e+01   1.1128e+01   0.0000e+00   6.0780e-04   3.0854e+02
20260924_18:00:00   1.4180e-01   3.9059e+01   1.0755e+01   0.0000e+00   0.0000e+00   3.1628e+02
20260924_21:00:00   1.3839e-01   3.8229e+01   1.0268e+01   0.0000e+00   0.0000e+00   3.1581e+02
20260925_00:00:00   1.3457e-01   3.7139e+01   9.9298e+00   0.0000e+00   0.0000e+00   3.1511e+02
20260925_03:00:00   1.5908e-01   4.2788e+01   1.3218e+01   0.0000e+00   0.0000e+00   3.1496e+02
20260925_06:00:00   4.8280e-01   1.0647e+02   1.6528e+01   3.3487e-01   1.0434e-02   3.1254e+02
20260925_09:00:00   6.2328e-01   1.2918e+02   2.1589e+01   4.4064e-01   3.1042e-04   3.1021e+02
20260925_12:00:00   3.8965e-01   9.1493e+01   2.2493e+01   1.5605e-01   2.4721e-05   3.1645e+02
20260925_15:00:00   2.6288e-01   6.6504e+01   2.2030e+01   1.3190e-02   7.5320e-05   3.2286e+02
20260925_18:00:00   2.3365e-01   6.0193e+01   1.9768e+01   6.6718e-03   0.0000e+00   3.2964e+02
20260925_21:00:00   2.1014e-01   5.4707e+01   1.7775e+01   0.0000e+00   9.9720e-06   3.3586e+02
20260926_00:00:00   1.8013e-01   4.7517e+01   1.4284e+01   3.1560e-05   0.0000e+00   3.3740e+02
20260926_03:00:00   2.4970e-01   6.2558e+01   1.4567e+01   7.4774e-02   1.9314e-06   3.3747e+02
20260926_06:00:00   2.2816e-01   5.7824e+01   1.5190e+01   4.5956e-02   0.0000e+00   3.5237e+02
20260926_09:00:00   1.9505e-01   5.0379e+01   1.4019e+01   2.1270e-02   0.0000e+00   3.6609e+02
20260926_12:00:00   1.9197e-01   4.9576e+01   1.5995e+01   3.5730e-03   0.0000e+00   3.6383e+02
20260926_15:00:00   2.0430e-01   5.2455e+01   1.5590e+01   1.9425e-02   4.8036e-05   3.6112e+02
20260926_18:00:00   2.1058e-01   5.3955e+01   1.5570e+01   2.8825e-02   2.3779e-05   3.6016e+02
20260926_21:00:00   2.2494e-01   5.7092e+01   1.5417e+01   4.2920e-02   2.3540e-05   3.5518e+02
20260927_00:00:00   2.0466e-01   5.2598e+01   1.5977e+01   1.2796e-02   2.0560e-06   3.5252e+02
20260927_03:00:00   2.3592e-01   5.9480e+01   1.5127e+01   5.6028e-02   9.8800e-06   3.4848e+02
20260927_06:00:00   2.1818e-01   5.5807e+01   1.4044e+01   4.7454e-02   0.0000e+00   3.4204e+02
20260927_09:00:00   1.8180e-01   4.7688e+01   1.3948e+01   1.0716e-02   1.0088e-04   3.3824e+02
20260927_12:00:00   1.6882e-01   4.4777e+01   1.3900e+01   0.0000e+00   1.1391e-03   3.3156e+02
20260927_15:00:00   1.6943e-01   4.5005e+01   1.4715e+01   0.0000e+00   6.1229e-03   3.2580e+02
20260927_18:00:00   1.6376e-01   4.4004e+01   1.4303e+01   0.0000e+00   2.5855e-04   3.2344e+02
20260927_21:00:00   1.6897e-01   4.5413e+01   1.5142e+01   0.0000e+00   2.5304e-04   3.2124e+02
20260928_00:00:00   1.6975e-01   4.5698e+01   1.5166e+01   0.0000e+00   2.1075e-05   3.1915e+02
20260928_03:00:00   1.6313e-01   4.4195e+01   1.4609e+01   0.0000e+00   9.9884e-05   3.1637e+02
20260928_06:00:00   1.6523e-01   4.4753e+01   1.4723e+01   0.0000e+00   1.0552e-04   3.1558e+02
20260928_09:00:00   1.6312e-01   4.4265e+01   1.4544e+01   0.0000e+00   9.8119e-03   3.1444e+02
20260928_12:00:00   1.6924e-01   4.5735e+01   1.5610e+01   0.0000e+00   5.0045e-03   3.0821e+02
20260928_15:00:00   1.7633e-01   4.7605e+01   1.6703e+01   0.0000e+00   0.0000e+00   3.0135e+02
20260928_18:00:00   1.7998e-01   4.8704e+01   1.7318e+01   0.0000e+00   0.0000e+00   2.9577e+02
20260928_21:00:00   1.8293e-01   4.9533e+01   1.7760e+01   0.0000e+00   0.0000e+00   2.9523e+02
20260929_00:00:00   1.8246e-01   4.9371e+01   1.7620e+01   0.0000e+00   0.0000e+00   2.9401e+02
20260929_03:00:00   1.7698e-01   4.8036e+01   1.6823e+01   0.0000e+00   0.0000e+00   2.9250e+02
20260929_06:00:00   1.7810e-01   4.8253e+01   1.7048e+01   0.0000e+00   0.0000e+00   2.9063e+02
20260929_09:00:00   1.6977e-01   4.6222e+01   1.6092e+01   0.0000e+00   3.3123e-04   2.9011e+02
20260929_12:00:00   1.7084e-01   4.6430e+01   1.6515e+01   0.0000e+00   9.1680e-05   2.8511e+02
20260929_15:00:00   1.8881e-01   5.0735e+01   1.9269e+01   0.0000e+00   6.8260e-05   2.8210e+02
20260929_18:00:00   2.0428e-01   5.4402e+01   2.1829e+01   0.0000e+00   1.6117e-03   2.7624e+02
20260929_21:00:00   2.7212e-01   6.9420e+01   3.0194e+01   0.0000e+00   2.7941e-02   2.7544e+02
20260930_00:00:00   3.2896e-01   8.1279e+01   3.5944e+01   0.0000e+00   5.2132e-03   2.7544e+02
20260930_03:00:00   3.4423e-01   8.4408e+01   3.7119e+01   0.0000e+00   1.0804e-04   2.7753e+02
20260930_06:00:00   3.4000e-01   8.3622e+01   3.6061e+01   0.0000e+00   1.5098e-04   2.7722e+02
20260930_09:00:00   3.3917e-01   8.3516e+01   3.5708e+01   0.0000e+00   5.9360e-05   2.7570e+02
20260930_12:00:00   3.4222e-01   8.4178e+01   3.6180e+01   0.0000e+00   2.7897e-03   2.7387e+02
20260930_15:00:00   3.3696e-01   8.3307e+01   3.5884e+01   0.0000e+00   4.4729e-04   2.7216e+02
20260930_18:00:00   3.2233e-01   8.0622e+01   3.4050e+01   0.0000e+00   0.0000e+00   2.7148e+02
20260930_21:00:00   2.9261e-01   7.4547e+01   3.0481e+01   0.0000e+00   0.0000e+00   2.7043e+02
20261001_00:00:00   2.7405e-01   7.0491e+01   2.8211e+01   0.0000e+00   0.0000e+00   2.7027e+02
20261001_03:00:00   2.3876e-01   6.2656e+01   2.3835e+01   0.0000e+00   1.3552e-04   2.7018e+02
20261001_06:00:00   2.4439e-01   6.3928e+01   2.3665e+01   0.0000e+00   7.6944e-03   2.7037e+02
20261001_09:00:00   3.0812e-01   7.7616e+01   2.9562e+01   0.0000e+00   2.2470e-02   2.7247e+02
20261001_12:00:00   3.4998e-01   8.6111e+01   3.3447e+01   0.0000e+00   8.1756e-05   2.7403e+02
20261001_15:00:00   3.7452e-01   9.1263e+01   3.5169e+01   1.5238e-02   2.2388e-02   2.7244e+02
20261001_18:00:00   3.8692e-01   9.3774e+01   3.7007e+01   1.9034e-02   5.5990e-02   2.7313e+02
20261001_21:00:00   3.9162e-01   9.4605e+01   3.9673e+01   0.0000e+00   5.1974e-03   2.7469e+02
20261002_00:00:00   3.6056e-01   8.8212e+01   3.6802e+01   0.0000e+00   2.4648e-02   2.7471e+02
20261002_03:00:00   3.6774e-01   8.9485e+01   3.7037e+01   0.0000e+00   4.5690e-03   2.7518e+02
20261002_06:00:00   3.8082e-01   9.1869e+01   3.8677e+01   0.0000e+00   2.5932e-03   2.7592e+02
20261002_09:00:00   5.5518e-01   1.2097e+02   4.0683e+01   1.9333e-01   1.8071e-01   2.7806e+02
20261002_12:00:00   2.8223e-01   7.1698e+01   2.6705e+01   0.0000e+00   1.4959e-02   2.8461e+02
20261002_15:00:00   1.8644e-01   5.0175e+01   1.5361e+01   0.0000e+00   0.0000e+00   2.8539e+02
20261002_18:00:00   1.4395e-01   3.9860e+01   1.0837e+01   0.0000e+00   0.0000e+00   2.8523e+02
20261002_21:00:00   1.4801e-01   4.0658e+01   1.1305e+01   0.0000e+00   3.1513e-03   2.8830e+02
20261003_00:00:00   1.4528e-01   3.9680e+01   1.1017e+01   0.0000e+00   2.9321e-02   2.8609e+02
