#            date       tau255        Tb[K]      pwv[mm] lwp[kg*m^-2] iwp[kg*m^-2]       o3[DU]
20260907_06:00:00   2.0463e-01   5.3581e+01   1.8599e+01   0.0000e+00   0.0000e+00   3.4654e+02
20260907_07:00:00   2.0563e-01   5.3766e+01   1.8906e+01   0.0000e+00   0.0000e+00   3.4655e+02
20260907_08:00:00   2.0749e-01   5.4197e+01   1.9220e+01   0.0000e+00   0.0000e+00   3.4803e+02
20260907_09:00:00   2.1051e-01   5.4895e+01   1.9547e+01   0.0000e+00   0.0000e+00   3.4655e+02
20260907_10:00:00   2.1191e-01   5.5201e+01   1.9912e+01   0.0000e+00   0.0000e+00   3.4414e+02
20260907_11:00:00   2.0056e-01   5.2655e+01   1.8701e+01   0.0000e+00   0.0000e+00   3.4123e+02
20260907_12:00:00   1.9585e-01   5.1587e+01   1.8292e+01   0.0000e+00   4.2300e-06   3.3983e+02
20260907_13:00:00   1.9522e-01   5.1546e+01   1.8087e+01   0.0000e+00   0.0000e+00   3.3667e+02
20260907_14:00:00   1.9498e-01   5.1576e+01   1.8008e+01   0.0000e+00   0.0000e+00   3.3240e+02
20260907_15:00:00   1.9560e-01   5.1779e+01   1.8064e+01   0.0000e+00   0.0000e+00   3.3087e+02
20260907_16:00:00   1.9717e-01   5.2252e+01   1.8231e+01   0.0000e+00   0.0000e+00   3.3159e+02
20260907_17:00:00   2.0642e-01   5.4467e+01   1.9185e+01   0.0000e+00   0.0000e+00   3.3136e+02
20260907_18:00:00   2.0664e-01   5.4648e+01   1.9221e+01   0.0000e+00   0.0000e+00   3.3374e+02
20260907_19:00:00   2.0731e-01   5.4865e+01   1.9225e+01   0.0000e+00   0.0000e+00   3.3769e+02
20260907_20:00:00   2.0678e-01   5.4835e+01   1.9146e+01   0.0000e+00   0.0000e+00   3.4162e+02
20260907_21:00:00   2.0629e-01   5.4798e+01   1.9008e+01   0.0000e+00   0.0000e+00   3.4175e+02
20260907_22:00:00   2.0197e-01   5.3875e+01   1.8373e+01   0.0000e+00   0.0000e+00   3.4034e+02
20260907_23:00:00   2.0081e-01   5.3602e+01   1.8188e+01   0.0000e+00   0.0000e+00   3.3762e+02
20260908_00:00:00   2.0187e-01   5.3782e+01   1.8318e+01   0.0000e+00   4.4420e-04   3.3505e+02
20260908_01:00:00   1.9430e-01   5.2047e+01   1.7421e+01   0.0000e+00   2.5896e-03   3.3586e+02
20260908_02:00:00   1.8569e-01   5.0045e+01   1.6337e+01   0.0000e+00   3.6360e-04   3.3343e+02
20260908_03:00:00   1.8096e-01   4.8904e+01   1.5871e+01   0.0000e+00   1.8295e-03   3.3422e+02
20260908_04:00:00   1.8649e-01   5.0173e+01   1.6601e+01   0.0000e+00   6.9255e-03   3.3122e+02
20260908_05:00:00   1.9757e-01   5.2699e+01   1.8017e+01   0.0000e+00   7.6525e-03   3.3133e+02
20260908_06:00:00   2.0315e-01   5.3934e+01   1.8830e+01   0.0000e+00   2.4125e-02   3.3229e+02
20260908_07:00:00   2.1100e-01   5.5621e+01   2.0065e+01   0.0000e+00   9.4000e-02   3.3271e+02
20260908_08:00:00   2.1699e-01   5.6950e+01   2.0723e+01   0.0000e+00   8.3866e-02   3.3410e+02
20260908_09:00:00   2.2421e-01   5.8552e+01   2.1523e+01   0.0000e+00   1.7088e-01   3.3340e+02
20260908_10:00:00   2.4341e-01   6.2589e+01   2.4521e+01   0.0000e+00   1.1130e-01   3.3266e+02
20260908_11:00:00   2.6582e-01   6.7265e+01   2.7442e+01   0.0000e+00   1.7381e-01   3.3177e+02
20260908_12:00:00   2.8612e-01   7.1492e+01   2.9315e+01   5.1779e-05   4.5757e-02   3.3218e+02
20260908_13:00:00   3.2613e-01   7.9630e+01   2.9863e+01   3.3645e-02   6.6207e-02   3.3276e+02
20260908_14:00:00   3.5615e-01   8.5518e+01   3.0497e+01   5.8314e-02   3.9735e-02   3.2886e+02
20260908_15:00:00   7.8395e-01   1.5148e+02   3.0016e+01   5.4283e-01   1.2118e-02   3.2766e+02
20260908_16:00:00   3.1505e-01   7.7776e+01   2.8882e+01   1.9371e-02   3.7054e-03   3.2686e+02
20260908_17:00:00   4.0310e-01   9.4560e+01   2.8637e+01   1.1619e-01   8.0765e-03   3.2724e+02
20260908_18:00:00   3.0392e-01   7.5969e+01   2.6239e+01   2.2953e-02   3.1068e-05   3.2763e+02
20260908_19:00:00   3.3896e-01   8.3142e+01   2.4981e+01   7.5510e-02   5.1776e-04   3.2916e+02
20260908_20:00:00   3.3350e-01   8.2261e+01   2.2918e+01   8.8160e-02   2.5616e-03   3.2998e+02
20260908_21:00:00   3.0922e-01   7.7431e+01   2.1600e+01   7.1960e-02   8.2108e-03   3.2810e+02
20260908_22:00:00   2.7155e-01   6.9622e+01   2.0628e+01   3.7680e-02   1.3684e-02   3.2748e+02
20260908_23:00:00   2.4701e-01   6.4354e+01   1.9806e+01   1.5164e-02   9.1033e-03   3.2657e+02
20260909_00:00:00   2.2459e-01   5.9332e+01   1.8769e+01   0.0000e+00   1.7815e-02   3.2523e+02
20260909_01:00:00   2.2521e-01   5.9401e+01   1.8842e+01   0.0000e+00   1.1355e-02   3.2114e+02
20260909_02:00:00   2.2781e-01   5.9926e+01   1.9136e+01   0.0000e+00   2.0044e-02   3.1695e+02
20260909_03:00:00   2.2346e-01   5.8937e+01   1.8721e+01   0.0000e+00   1.2555e-02   3.1483e+02
20260909_04:00:00   2.2190e-01   5.8561e+01   1.8647e+01   0.0000e+00   8.2220e-03   3.1354e+02
20260909_05:00:00   2.2450e-01   5.9102e+01   1.9048e+01   0.0000e+00   3.9344e-03   3.1510e+02
20260909_06:00:00   2.2809e-01   5.9870e+01   1.9510e+01   0.0000e+00   5.2474e-03   3.1469e+02
20260909_07:00:00   2.3805e-01   6.2038e+01   2.0767e+01   0.0000e+00   4.8014e-03   3.1310e+02
20260909_08:00:00   2.6153e-01   6.7047e+01   2.3918e+01   0.0000e+00   7.8126e-03   3.1334e+02
20260909_09:00:00   2.9421e-01   7.3861e+01   2.8002e+01   0.0000e+00   1.0951e-02   3.1230e+02
20260909_10:00:00   3.4118e-01   8.3182e+01   3.4038e+01   0.0000e+00   1.4948e-02   3.0989e+02
20260909_11:00:00   3.7313e-01   8.9252e+01   3.7611e+01   3.7680e-03   1.3855e-02   3.0910e+02
20260909_12:00:00   3.7519e-01   8.9637e+01   3.8576e+01   2.3100e-07   3.6985e-03   3.0746e+02
20260909_13:00:00   3.7687e-01   9.0048e+01   3.8951e+01   0.0000e+00   1.5393e-02   3.0672e+02
20260909_14:00:00   3.7260e-01   8.9369e+01   3.8682e+01   0.0000e+00   8.8276e-03   3.0344e+02
20260909_15:00:00   3.6552e-01   8.8213e+01   3.8028e+01   0.0000e+00   3.5915e-03   3.0028e+02
20260909_16:00:00   3.5874e-01   8.7074e+01   3.7550e+01   0.0000e+00   4.4841e-03   2.9999e+02
20260909_17:00:00   3.4225e-01   8.3990e+01   3.6078e+01   4.4900e-04   7.2794e-03   2.9749e+02
20260909_18:00:00   3.2618e-01   8.0748e+01   3.5094e+01   0.0000e+00   1.2658e-02   2.9536e+02
20260909_19:00:00   3.2822e-01   8.1131e+01   3.5588e+01   0.0000e+00   6.0460e-02   2.9366e+02
20260909_20:00:00   3.3731e-01   8.3003e+01   3.6796e+01   0.0000e+00   1.6359e-01   2.9010e+02
20260909_21:00:00   7.4029e-01   1.4751e+02   4.1300e+01   4.0922e-01   3.6593e-01   2.8936e+02
20260909_22:00:00   1.3646e+00   2.1017e+02   4.8214e+01   1.0530e+00   2.0100e-01   2.8885e+02
20260909_23:00:00   9.0645e-01   1.6790e+02   4.7773e+01   5.1288e-01   4.2619e-01   2.8988e+02
20260910_00:00:00   7.5651e-01   1.5028e+02   4.8296e+01   3.3671e-01   5.5912e-01   2.8876e+02
20260910_01:00:00   8.2486e-01   1.5888e+02   4.9287e+01   4.0597e-01   4.1761e-01   2.8925e+02
20260910_02:00:00   7.7602e-01   1.5305e+02   5.0274e+01   3.3671e-01   3.4837e-01   2.9023e+02
20260910_03:00:00   7.8517e-01   1.5430e+02   5.0165e+01   3.5193e-01   2.3019e-01   2.8914e+02
20260910_04:00:00   5.7207e-01   1.2496e+02   4.9285e+01   1.2345e-01   7.8491e-02   2.8692e+02
20260910_05:00:00   5.2109e-01   1.1669e+02   4.8539e+01   7.8745e-02   1.3740e-01   2.8738e+02
20260910_06:00:00   7.7485e-01   1.5281e+02   4.8398e+01   3.7098e-01   3.4350e-01   2.8658e+02
20260910_07:00:00   1.5842e+00   2.2316e+02   5.0103e+01   1.2684e+00   1.1227e-01   2.8698e+02
20260910_08:00:00   1.0420e+00   1.8305e+02   4.9928e+01   6.4451e-01   3.9614e-02   2.8606e+02
20260910_09:00:00   5.6413e-01   1.2388e+02   4.6318e+01   1.2226e-01   4.1022e-03   2.8702e+02
20260910_10:00:00   4.2515e-01   1.0057e+02   4.1646e+01   1.0348e-02   2.0623e-03   2.8854e+02
20260910_11:00:00   3.8655e-01   9.3779e+01   3.4600e+01   3.1220e-02   1.0264e-02   2.9010e+02
20260910_12:00:00   3.0257e-01   7.6967e+01   2.8149e+01   0.0000e+00   7.2560e-04   2.9123e+02
20260910_13:00:00   2.6804e-01   6.9600e+01   2.4531e+01   0.0000e+00   2.0395e-03   2.9157e+02
20260910_14:00:00   2.5845e-01   6.7525e+01   2.4054e+01   0.0000e+00   5.0323e-03   2.9246e+02
20260910_15:00:00   2.6923e-01   6.9831e+01   2.5639e+01   0.0000e+00   3.4842e-02   2.9301e+02
20260910_16:00:00   2.7195e-01   7.0352e+01   2.6312e+01   0.0000e+00   1.4390e-01   2.9331e+02
20260910_17:00:00   2.7972e-01   7.1907e+01   2.7667e+01   0.0000e+00   1.6698e-01   2.9341e+02
20260910_18:00:00   2.7499e-01   7.0921e+01   2.7163e+01   0.0000e+00   1.0822e-01   2.9424e+02
20260910_19:00:00   2.7469e-01   7.0917e+01   2.6898e+01   0.0000e+00   1.0062e-02   2.9340e+02
20260910_20:00:00   2.7240e-01   7.0365e+01   2.7062e+01   0.0000e+00   2.2378e-03   2.9238e+02
20260910_21:00:00   2.7677e-01   7.1243e+01   2.7476e+01   6.0000e-04   2.3365e-02   2.9234e+02
20260910_22:00:00   2.8796e-01   7.3492e+01   2.8500e+01   6.3720e-04   8.1732e-02   2.9405e+02
20260910_23:00:00   2.6608e-01   6.8583e+01   2.6429e+01   0.0000e+00   6.5166e-02   2.9569e+02
20260911_00:00:00   2.3643e-01   6.1966e+01   2.3167e+01   0.0000e+00   2.3463e-02   2.9782e+02
20260911_01:00:00   1.9856e-01   5.3128e+01   1.9077e+01   0.0000e+00   1.0398e-01   2.9857e+02
20260911_02:00:00   1.8421e-01   4.9597e+01   1.7652e+01   0.0000e+00   3.3742e-02   3.0124e+02
20260911_03:00:00   1.8030e-01   4.8642e+01   1.6710e+01   0.0000e+00   8.7574e-03   3.0242e+02
20260911_04:00:00   1.8617e-01   4.9933e+01   1.6994e+01   0.0000e+00   2.3266e-03   3.0397e+02
20260911_05:00:00   1.8985e-01   5.0648e+01   1.7225e+01   0.0000e+00   9.2012e-02   3.0349e+02
20260911_06:00:00   1.9191e-01   5.0971e+01   1.7335e+01   0.0000e+00   2.4168e-01   3.0324e+02
20260911_07:00:00   1.8708e-01   4.9808e+01   1.6594e+01   0.0000e+00   8.7630e-02   3.0800e+02
20260911_08:00:00   1.8069e-01   4.8284e+01   1.5677e+01   0.0000e+00   9.5552e-02   3.1562e+02
20260911_09:00:00   1.6916e-01   4.5634e+01   1.3989e+01   0.0000e+00   5.3481e-02   3.1779e+02
20260911_10:00:00   1.6539e-01   4.4784e+01   1.3129e+01   0.0000e+00   2.7086e-02   3.2063e+02
20260911_11:00:00   1.5802e-01   4.3058e+01   1.2027e+01   0.0000e+00   2.2181e-03   3.2270e+02
20260911_12:00:00   1.4983e-01   4.1123e+01   1.0970e+01   0.0000e+00   2.3100e-06   3.2328e+02
20260911_13:00:00   1.4352e-01   3.9598e+01   1.0265e+01   0.0000e+00   0.0000e+00   3.2273e+02
20260911_14:00:00   1.3739e-01   3.8139e+01   9.6489e+00   0.0000e+00   0.0000e+00   3.2272e+02
20260911_15:00:00   1.2635e-01   3.5497e+01   8.5463e+00   0.0000e+00   0.0000e+00   3.2421e+02
20260911_16:00:00   1.2687e-01   3.5634e+01   8.8520e+00   0.0000e+00   0.0000e+00   3.2345e+02
20260911_17:00:00   1.2487e-01   3.5176e+01   8.8658e+00   0.0000e+00   0.0000e+00   3.2453e+02
20260911_18:00:00   1.2441e-01   3.5066e+01   9.2291e+00   0.0000e+00   0.0000e+00   3.1949e+02
20260911_19:00:00   1.2500e-01   3.5202e+01   9.6736e+00   0.0000e+00   0.0000e+00   3.1661e+02
20260911_20:00:00   1.2927e-01   3.6230e+01   1.0547e+01   0.0000e+00   0.0000e+00   3.1504e+02
20260911_21:00:00   1.3308e-01   3.7176e+01   1.1134e+01   0.0000e+00   0.0000e+00   3.1403e+02
20260911_22:00:00   1.3735e-01   3.8248e+01   1.1586e+01   0.0000e+00   0.0000e+00   3.1455e+02
20260911_23:00:00   1.3584e-01   3.7895e+01   1.1294e+01   0.0000e+00   0.0000e+00   3.1598e+02
20260912_00:00:00   1.3121e-01   3.6753e+01   1.0622e+01   0.0000e+00   0.0000e+00   3.1400e+02
20260912_01:00:00   1.3027e-01   3.6508e+01   1.0394e+01   0.0000e+00   0.0000e+00   3.1026e+02
20260912_02:00:00   1.2875e-01   3.6111e+01   1.0144e+01   0.0000e+00   0.0000e+00   3.0963e+02
20260912_03:00:00   1.2550e-01   3.5292e+01   9.7308e+00   0.0000e+00   0.0000e+00   3.0790e+02
20260912_04:00:00   1.2178e-01   3.4355e+01   9.2919e+00   0.0000e+00   0.0000e+00   3.0533e+02
20260912_05:00:00   1.2057e-01   3.4029e+01   9.1740e+00   0.0000e+00   0.0000e+00   3.0422e+02
20260912_06:00:00   1.2433e-01   3.4919e+01   9.7305e+00   0.0000e+00   0.0000e+00   3.0431e+02
20260912_09:00:00   1.3259e-01   3.6891e+01   1.0988e+01   0.0000e+00   0.0000e+00   3.1141e+02
20260912_12:00:00   1.4728e-01   4.0455e+01   1.2883e+01   0.0000e+00   8.1000e-05   3.1194e+02
20260912_15:00:00   1.5367e-01   4.2164e+01   1.3314e+01   0.0000e+00   1.0110e-05   3.0930e+02
20260912_18:00:00   1.5106e-01   4.1780e+01   1.2693e+01   0.0000e+00   0.0000e+00   3.1052e+02
20260912_21:00:00   1.5394e-01   4.2618e+01   1.3004e+01   0.0000e+00   0.0000e+00   3.0754e+02
20260913_00:00:00   1.7744e-01   4.8256e+01   1.5180e+01   0.0000e+00   9.6560e-06   3.0594e+02
20260913_03:00:00   2.0695e-01   5.5020e+01   1.8066e+01   0.0000e+00   5.6093e-04   3.0515e+02
20260913_06:00:00   2.3425e-01   6.1124e+01   2.0859e+01   9.0840e-07   1.7187e-02   3.0510e+02
20260913_09:00:00   2.5840e-01   6.6587e+01   2.2926e+01   4.5420e-07   6.6789e-03   3.0490e+02
20260913_12:00:00   3.6254e-01   8.7749e+01   2.5797e+01   9.6378e-02   1.0164e-05   3.0615e+02
20260913_15:00:00   3.1086e-01   7.7781e+01   3.0423e+01   9.8220e-06   0.0000e+00   3.1610e+02
20260913_18:00:00   3.2404e-01   8.0946e+01   3.1433e+01   4.6200e-03   2.0221e-05   3.1371e+02
20260913_21:00:00   3.3496e-01   8.3329e+01   3.1454e+01   1.8085e-02   4.6630e-03   3.1066e+02
20260914_00:00:00   3.0858e-01   7.7987e+01   3.0109e+01   0.0000e+00   2.1239e-03   3.0993e+02
20260914_03:00:00   3.2106e-01   8.0303e+01   3.2846e+01   0.0000e+00   2.2393e-02   3.0930e+02
20260914_06:00:00   3.3970e-01   8.4053e+01   3.4760e+01   0.0000e+00   8.7936e-03   3.0421e+02
20260914_09:00:00   3.5580e-01   8.7273e+01   3.7097e+01   0.0000e+00   6.6746e-03   3.0338e+02
20260914_12:00:00   3.6745e-01   8.9677e+01   3.7634e+01   0.0000e+00   4.1188e-03   3.0312e+02
20260914_15:00:00   3.7252e-01   9.0919e+01   3.8234e+01   0.0000e+00   8.9938e-03   3.0050e+02
20260914_18:00:00   3.6171e-01   8.8981e+01   3.7827e+01   5.2240e-06   1.9768e-03   3.0057e+02
20260914_21:00:00   3.7997e-01   9.2525e+01   4.0546e+01   9.7660e-05   1.4790e-01   2.9772e+02
20260915_00:00:00   4.6287e-01   1.0757e+02   4.7955e+01   1.5815e-02   1.4391e-01   2.9707e+02
20260915_03:00:00   6.5246e-01   1.3736e+02   5.2470e+01   1.7198e-01   1.7185e-02   2.9406e+02
20260915_06:00:00   1.7084e+00   2.3069e+02   5.4566e+01   1.3538e+00   9.0632e-02   2.9465e+02
20260915_09:00:00   6.8070e-01   1.4267e+02   5.2047e+01   2.1666e-01   9.2166e-03   2.9305e+02
20260915_12:00:00   4.6399e-01   1.0838e+02   4.7447e+01   0.0000e+00   3.1952e-04   2.9577e+02
20260915_15:00:00   5.0668e-01   1.1586e+02   4.9424e+01   3.8894e-02   6.4232e-03   2.9918e+02
20260915_18:00:00   6.5570e-01   1.3556e+02   3.7051e+01   3.6376e-01   1.4845e-01   2.9697e+02
20260915_21:00:00   5.9749e-01   1.2652e+02   3.8407e+01   2.7432e-01   4.8834e-01   2.9645e+02
20260916_00:00:00   3.2691e-01   7.9395e+01   3.0919e+01   3.9556e-02   1.8936e-01   2.9935e+02
20260916_03:00:00   4.1308e-01   9.6190e+01   2.4655e+01   1.9079e-01   4.3588e-02   3.0200e+02
20260916_06:00:00   2.2470e-01   5.7967e+01   1.8256e+01   2.2165e-02   2.2668e-02   3.0230e+02
20260916_09:00:00   1.8902e-01   4.9864e+01   1.6320e+01   4.8280e-06   1.6358e-02   3.0556e+02
20260916_12:00:00   1.7694e-01   4.6996e+01   1.5003e+01   0.0000e+00   5.3739e-02   3.0938e+02
20260916_15:00:00   1.7040e-01   4.5466e+01   1.4557e+01   3.6210e-06   1.2746e-01   3.1388e+02
20260916_18:00:00   1.5535e-01   4.1893e+01   1.3287e+01   0.0000e+00   8.4186e-02   3.1249e+02
20260916_21:00:00   1.6165e-01   4.3330e+01   1.4220e+01   0.0000e+00   2.7953e-01   3.1455e+02
20260917_00:00:00   1.5744e-01   4.2381e+01   1.3580e+01   0.0000e+00   9.1102e-02   3.1277e+02
20260917_03:00:00   1.5281e-01   4.1405e+01   1.2068e+01   0.0000e+00   1.6355e-02   3.1263e+02
20260917_06:00:00   1.4844e-01   4.0353e+01   1.1096e+01   0.0000e+00   2.4081e-03   3.1511e+02
20260917_09:00:00   1.5152e-01   4.1129e+01   1.1353e+01   0.0000e+00   0.0000e+00   3.1777e+02
20260917_12:00:00   1.4862e-01   4.0451e+01   1.1059e+01   0.0000e+00   0.0000e+00   3.1329e+02
20260917_15:00:00   1.4514e-01   3.9755e+01   1.1014e+01   0.0000e+00   5.5260e-05   3.1152e+02
20260917_18:00:00   1.5416e-01   4.2066e+01   1.2176e+01   0.0000e+00   5.2660e-05   3.1129e+02
20260917_21:00:00   1.5687e-01   4.2772e+01   1.2466e+01   0.0000e+00   0.0000e+00   3.0698e+02
20260918_00:00:00   1.5759e-01   4.2857e+01   1.2426e+01   0.0000e+00   0.0000e+00   3.0729e+02
20260918_03:00:00   1.5311e-01   4.1672e+01   1.2011e+01   0.0000e+00   0.0000e+00   3.0638e+02
20260918_06:00:00   1.4912e-01   4.0634e+01   1.1560e+01   0.0000e+00   2.3946e-03   3.0838e+02
20260918_09:00:00   1.4635e-01   3.9930e+01   1.1063e+01   0.0000e+00   1.6596e-02   3.1319e+02
20260918_12:00:00   1.5067e-01   4.0895e+01   1.1683e+01   0.0000e+00   8.1859e-03   3.1322e+02
20260918_15:00:00   1.5878e-01   4.2857e+01   1.2886e+01   0.0000e+00   1.9926e-03   3.1844e+02
20260918_18:00:00   1.6617e-01   4.4696e+01   1.3762e+01   0.0000e+00   6.6720e-06   3.3124e+02
20260918_21:00:00   1.8832e-01   4.9759e+01   1.6209e+01   2.5698e-03   1.7462e-04   3.3558e+02
20260919_00:00:00   3.1304e-01   7.5728e+01   1.9636e+01   1.0220e-01   2.7627e-02   3.5471e+02
20260919_03:00:00   3.0237e-01   7.3556e+01   2.1662e+01   7.0752e-02   2.0717e-02   3.5164e+02
20260919_06:00:00   3.5678e-01   8.3965e+01   2.1389e+01   1.3358e-01   3.1935e-02   3.4348e+02
20260919_09:00:00   3.5574e-01   8.3250e+01   1.9791e+01   1.4664e-01   5.3112e-02   3.4326e+02
20260919_12:00:00   2.0109e-01   5.1962e+01   1.7078e+01   1.6138e-05   1.6497e-05   3.3189e+02
20260919_15:00:00   2.3823e-01   6.0138e+01   1.6442e+01   4.5245e-02   4.4943e-05   3.2427e+02
20260919_18:00:00   2.0908e-01   5.3973e+01   1.4885e+01   2.5184e-02   8.4240e-05   3.2339e+02
20260919_21:00:00   1.9651e-01   5.1220e+01   1.3683e+01   2.3240e-02   2.4439e-05   3.2153e+02
20260920_00:00:00   1.6746e-01   4.4614e+01   1.2865e+01   0.0000e+00   0.0000e+00   3.1141e+02
20260920_03:00:00   1.6411e-01   4.3837e+01   1.2591e+01   0.0000e+00   0.0000e+00   3.1008e+02
20260920_06:00:00   1.5939e-01   4.2728e+01   1.2282e+01   0.0000e+00   6.9097e-04   3.0527e+02
20260920_09:00:00   1.5642e-01   4.1999e+01   1.2349e+01   0.0000e+00   3.7828e-05   3.0559e+02
20260920_12:00:00   1.5077e-01   4.0671e+01   1.1995e+01   0.0000e+00   0.0000e+00   3.0723e+02
20260920_15:00:00   1.4709e-01   3.9980e+01   1.1726e+01   0.0000e+00   0.0000e+00   3.0552e+02
20260920_18:00:00   1.4257e-01   3.9089e+01   1.1694e+01   0.0000e+00   4.9693e-04   3.0461e+02
20260920_21:00:00   1.4868e-01   4.0661e+01   1.2853e+01   0.0000e+00   9.4838e-05   2.9960e+02
20260921_00:00:00   1.5228e-01   4.1552e+01   1.3247e+01   0.0000e+00   3.5721e-04   2.9979e+02
20260921_03:00:00   1.5562e-01   4.2194e+01   1.4197e+01   0.0000e+00   2.9552e-03   2.9741e+02
20260921_06:00:00   1.6103e-01   4.3335e+01   1.5102e+01   0.0000e+00   1.2652e-01   2.9563e+02
20260921_09:00:00   1.6522e-01   4.4296e+01   1.5612e+01   0.0000e+00   1.0849e-02   2.9362e+02
20260921_12:00:00   1.9849e-01   5.1891e+01   1.9832e+01   0.0000e+00   1.3950e-02   2.9541e+02
20260921_15:00:00   2.2995e-01   5.9041e+01   2.3849e+01   0.0000e+00   1.8603e-01   2.9366e+02
20260921_18:00:00   2.2314e-01   5.7875e+01   2.2966e+01   0.0000e+00   1.0026e-03   2.9278e+02
20260921_21:00:00   2.4812e-01   6.3394e+01   2.5881e+01   0.0000e+00   4.0440e-06   2.9380e+02
20260922_00:00:00   2.8227e-01   7.0695e+01   2.8844e+01   0.0000e+00   4.2213e-03   2.9581e+02
20260922_03:00:00   3.2886e-01   8.0206e+01   3.3139e+01   3.6854e-04   2.2524e-03   3.0230e+02
20260922_06:00:00   5.2478e-01   1.1492e+02   3.4054e+01   2.0718e-01   1.2534e-02   3.1285e+02
20260922_09:00:00   4.8043e-01   1.0781e+02   3.1817e+01   1.7519e-01   2.0684e-03   3.2034e+02
20260922_12:00:00   3.1944e-01   7.8716e+01   3.1301e+01   0.0000e+00   5.2220e-06   3.1046e+02
20260922_15:00:00   3.1588e-01   7.8278e+01   3.1239e+01   0.0000e+00   0.0000e+00   3.0183e+02
20260922_18:00:00   3.1055e-01   7.7600e+01   3.0886e+01   1.9314e-05   0.0000e+00   2.9405e+02
20260922_21:00:00   3.1585e-01   7.8971e+01   3.1090e+01   5.2040e-04   0.0000e+00   2.9474e+02
20260923_00:00:00   3.0616e-01   7.6848e+01   2.9476e+01   0.0000e+00   0.0000e+00   2.9002e+02
20260923_03:00:00   2.8982e-01   7.3414e+01   2.7319e+01   0.0000e+00   0.0000e+00   2.9262e+02
20260923_06:00:00   3.6394e-01   8.8735e+01   2.7533e+01   8.2780e-02   0.0000e+00   2.9447e+02
