#            date       tau255        Tb[K]      pwv[mm] lwp[kg*m^-2] iwp[kg*m^-2]       o3[DU]
20260727_00:00:00   1.7098e-01   4.6547e+01   1.5809e+01   0.0000e+00   0.0000e+00   3.4926e+02
20260727_01:00:00   1.7479e-01   4.7407e+01   1.6185e+01   0.0000e+00   0.0000e+00   3.4846e+02
20260727_02:00:00   1.7170e-01   4.6669e+01   1.5775e+01   0.0000e+00   0.0000e+00   3.4797e+02
20260727_03:00:00   1.7577e-01   4.7615e+01   1.6270e+01   0.0000e+00   0.0000e+00   3.4700e+02
20260727_04:00:00   1.8713e-01   5.0249e+01   1.7679e+01   0.0000e+00   0.0000e+00   3.4606e+02
20260727_05:00:00   2.0322e-01   5.3934e+01   1.9560e+01   0.0000e+00   3.8620e-06   3.4318e+02
20260727_06:00:00   2.1595e-01   5.6805e+01   2.0896e+01   0.0000e+00   7.9720e-06   3.4188e+02
20260727_07:00:00   2.2455e-01   5.8738e+01   2.1804e+01   0.0000e+00   4.1140e-06   3.4145e+02
20260727_08:00:00   2.2854e-01   5.9669e+01   2.2179e+01   0.0000e+00   1.8478e-07   3.4138e+02
20260727_09:00:00   2.2962e-01   5.9920e+01   2.2258e+01   0.0000e+00   0.0000e+00   3.4023e+02
20260727_10:00:00   2.2880e-01   5.9738e+01   2.2099e+01   0.0000e+00   8.2084e-05   3.3773e+02
20260727_11:00:00   2.2826e-01   5.9654e+01   2.1942e+01   0.0000e+00   4.9230e-04   3.3568e+02
20260727_12:00:00   2.3149e-01   6.0398e+01   2.2276e+01   0.0000e+00   1.0514e-05   3.3570e+02
20260727_13:00:00   2.3526e-01   6.1296e+01   2.2730e+01   0.0000e+00   4.6199e-06   3.3509e+02
20260727_14:00:00   2.3972e-01   6.2356e+01   2.3282e+01   0.0000e+00   0.0000e+00   3.3460e+02
20260727_15:00:00   2.4500e-01   6.3613e+01   2.4026e+01   0.0000e+00   0.0000e+00   3.3293e+02
20260727_16:00:00   2.4807e-01   6.4405e+01   2.4599e+01   0.0000e+00   0.0000e+00   3.3227e+02
20260727_17:00:00   2.5207e-01   6.5358e+01   2.5341e+01   0.0000e+00   0.0000e+00   3.3225e+02
20260727_18:00:00   2.5531e-01   6.6114e+01   2.5989e+01   0.0000e+00   0.0000e+00   3.3296e+02
20260727_19:00:00   2.5887e-01   6.6909e+01   2.6713e+01   0.0000e+00   9.6560e-06   3.3407e+02
20260727_20:00:00   2.6972e-01   6.9229e+01   2.8193e+01   0.0000e+00   9.6560e-06   3.3423e+02
20260727_21:00:00   2.8474e-01   7.2357e+01   2.9815e+01   7.5440e-04   0.0000e+00   3.3683e+02
20260727_22:00:00   3.2994e-01   8.1463e+01   3.0827e+01   4.0083e-02   0.0000e+00   3.3602e+02
20260727_23:00:00   4.8384e-01   1.0962e+02   3.1773e+01   2.0567e-01   0.0000e+00   3.3325e+02
20260728_00:00:00   3.2652e-01   8.1056e+01   3.3218e+01   3.0062e-03   1.8812e-04   3.3539e+02
20260728_01:00:00   3.3834e-01   8.3581e+01   3.4296e+01   1.6978e-03   0.0000e+00   3.3722e+02
20260728_02:00:00   3.3713e-01   8.3350e+01   3.4080e+01   5.3240e-04   0.0000e+00   3.3833e+02
20260728_03:00:00   3.3633e-01   8.3269e+01   3.3667e+01   0.0000e+00   0.0000e+00   3.3876e+02
20260728_04:00:00   3.3688e-01   8.3433e+01   3.3275e+01   0.0000e+00   0.0000e+00   3.3799e+02
20260728_05:00:00   3.3741e-01   8.3500e+01   3.3320e+01   0.0000e+00   0.0000e+00   3.4063e+02
20260728_06:00:00   3.4156e-01   8.4267e+01   3.3758e+01   0.0000e+00   0.0000e+00   3.4142e+02
20260728_07:00:00   3.4724e-01   8.5334e+01   3.4620e+01   0.0000e+00   0.0000e+00   3.4114e+02
20260728_08:00:00   3.5559e-01   8.6868e+01   3.5838e+01   0.0000e+00   0.0000e+00   3.4225e+02
20260728_09:00:00   3.5415e-01   8.6539e+01   3.5751e+01   0.0000e+00   0.0000e+00   3.4301e+02
20260728_10:00:00   3.4262e-01   8.4309e+01   3.4610e+01   0.0000e+00   0.0000e+00   3.4321e+02
20260728_11:00:00   3.4840e-01   8.5475e+01   3.4951e+01   0.0000e+00   0.0000e+00   3.4538e+02
20260728_12:00:00   3.6379e-01   8.8510e+01   3.6150e+01   0.0000e+00   3.9280e-06   3.4714e+02
20260728_13:00:00   3.7350e-01   9.0459e+01   3.7003e+01   0.0000e+00   0.0000e+00   3.4704e+02
20260728_14:00:00   3.7257e-01   9.0310e+01   3.7435e+01   0.0000e+00   1.4732e-04   3.4863e+02
20260728_15:00:00   3.7993e-01   9.1736e+01   3.8325e+01   0.0000e+00   4.8799e-04   3.4935e+02
20260728_16:00:00   3.7436e-01   9.0803e+01   3.7815e+01   2.0780e-06   4.5420e-06   3.4870e+02
20260728_17:00:00   3.7170e-01   9.0409e+01   3.6910e+01   1.0340e-02   0.0000e+00   3.4686e+02
20260728_18:00:00   4.1744e-01   9.9078e+01   3.6589e+01   7.0133e-02   1.9642e-05   3.4615e+02
20260728_19:00:00   4.1750e-01   9.9124e+01   3.6684e+01   6.8565e-02   1.7544e-04   3.4434e+02
20260728_20:00:00   3.7989e-01   9.2129e+01   3.5977e+01   3.3068e-02   8.1961e-04   3.4177e+02
20260728_21:00:00   3.9804e-01   9.5565e+01   3.5524e+01   5.8754e-02   2.4156e-03   3.3949e+02
20260728_22:00:00   3.7909e-01   9.1783e+01   3.5969e+01   2.7760e-02   2.8193e-03   3.3927e+02
20260728_23:00:00   3.5622e-01   8.7213e+01   3.5988e+01   0.0000e+00   4.9998e-03   3.3997e+02
20260729_00:00:00   3.5659e-01   8.7189e+01   3.6007e+01   0.0000e+00   2.3903e-03   3.4153e+02
20260729_01:00:00   3.6032e-01   8.7835e+01   3.6372e+01   0.0000e+00   1.3730e-03   3.4178e+02
20260729_02:00:00   3.6972e-01   8.9583e+01   3.7113e+01   0.0000e+00   4.2035e-03   3.4223e+02
20260729_03:00:00   3.7523e-01   9.0569e+01   3.7720e+01   0.0000e+00   1.1256e-03   3.4134e+02
20260729_04:00:00   3.8194e-01   9.1784e+01   3.8377e+01   0.0000e+00   1.1760e-04   3.3436e+02
20260729_05:00:00   3.8553e-01   9.2463e+01   3.8572e+01   3.1628e-04   1.6772e-04   3.3065e+02
20260729_06:00:00   3.8828e-01   9.2977e+01   3.8721e+01   6.7950e-04   4.0280e-05   3.3286e+02
20260729_07:00:00   3.9511e-01   9.4201e+01   3.9513e+01   6.9320e-04   2.2720e-04   3.3529e+02
20260729_08:00:00   4.0148e-01   9.5330e+01   4.0319e+01   4.4370e-04   1.5154e-03   3.3563e+02
20260729_09:00:00   4.1388e-01   9.7576e+01   4.1612e+01   7.4656e-04   6.8479e-03   3.3416e+02
20260729_10:00:00   4.6182e-01   1.0604e+02   4.3841e+01   3.0821e-02   2.6658e-02   3.3428e+02
20260729_11:00:00   1.0901e+00   1.8681e+02   4.6035e+01   7.2741e-01   1.2502e-01   3.3409e+02
20260729_12:00:00   1.7962e+00   2.3453e+02   4.7065e+01   1.5360e+00   6.3385e-01   3.3481e+02
20260729_13:00:00   1.5455e+00   2.2235e+02   4.7218e+01   1.2580e+00   5.1979e-01   3.3353e+02
20260729_14:00:00   1.7456e+00   2.3293e+02   4.7275e+01   1.4867e+00   6.1708e-01   3.3260e+02
20260729_15:00:00   1.6865e+00   2.2984e+02   4.7069e+01   1.4198e+00   5.9646e-01   3.3399e+02
20260729_16:00:00   1.6323e+00   2.2776e+02   4.7319e+01   1.3682e+00   6.2984e-01   3.3406e+02
20260729_17:00:00   1.6147e+00   2.2621e+02   4.6778e+01   1.3479e+00   8.3696e-01   3.3295e+02
20260729_18:00:00   1.3141e+00   2.0671e+02   4.6553e+01   9.9927e-01   8.4525e-01   3.3179e+02
20260729_19:00:00   1.2694e+00   2.0314e+02   4.6218e+01   9.5050e-01   9.0330e-01   3.3158e+02
20260729_20:00:00   9.3953e-01   1.7257e+02   4.4462e+01   5.9211e-01   1.0245e+00   3.3148e+02
20260729_21:00:00   1.7092e+00   2.2990e+02   4.5700e+01   1.4505e+00   6.5409e-01   3.3153e+02
20260729_22:00:00   2.0381e+00   2.4639e+02   4.6505e+01   1.8515e+00   2.3674e-01   3.3217e+02
20260729_23:00:00   1.8609e+00   2.4051e+02   4.4996e+01   1.6834e+00   1.0472e-01   3.3482e+02
20260730_00:00:00   2.0190e+00   2.4845e+02   4.3686e+01   1.9218e+00   1.5333e-02   3.3768e+02
20260730_01:00:00   1.5131e+00   2.2464e+02   4.2575e+01   1.3451e+00   4.7712e-06   3.3963e+02
20260730_02:00:00   1.2468e+00   2.0580e+02   4.1192e+01   1.0372e+00   0.0000e+00   3.4051e+02
20260730_03:00:00   1.2885e+00   2.0918e+02   4.0278e+01   1.0975e+00   0.0000e+00   3.4179e+02
20260730_04:00:00   1.1902e+00   2.0131e+02   3.9308e+01   9.9282e-01   0.0000e+00   3.4464e+02
20260730_05:00:00   1.0890e+00   1.9208e+02   3.7836e+01   8.8520e-01   0.0000e+00   3.4624e+02
20260730_06:00:00   9.8794e-01   1.8182e+02   3.6374e+01   7.7460e-01   0.0000e+00   3.4635e+02
20260730_07:00:00   9.4272e-01   1.7688e+02   3.5219e+01   7.3165e-01   4.9100e-06   3.4563e+02
20260730_08:00:00   9.0505e-01   1.7249e+02   3.5330e+01   6.8339e-01   1.3845e-04   3.4402e+02
20260730_09:00:00   9.1192e-01   1.7317e+02   3.5940e+01   6.8656e-01   7.3384e-04   3.4250e+02
20260730_10:00:00   9.2509e-01   1.7463e+02   3.5562e+01   7.0794e-01   7.1903e-04   3.4344e+02
20260730_11:00:00   7.6982e-01   1.5542e+02   3.5049e+01   5.1395e-01   2.5877e-05   3.4497e+02
20260730_12:00:00   6.5243e-01   1.3879e+02   3.4933e+01   3.6420e-01   1.0226e-04   3.4478e+02
20260730_13:00:00   5.6525e-01   1.2514e+02   3.4785e+01   2.5619e-01   2.9027e-03   3.4444e+02
20260730_14:00:00   5.7027e-01   1.2588e+02   3.5164e+01   2.5870e-01   2.1974e-02   3.4242e+02
20260730_15:00:00   6.6496e-01   1.4040e+02   3.6344e+01   3.6805e-01   4.5294e-02   3.4049e+02
20260730_16:00:00   6.5921e-01   1.3947e+02   3.6938e+01   3.5579e-01   4.9272e-02   3.4017e+02
20260730_17:00:00   6.7972e-01   1.4241e+02   3.7045e+01   3.7946e-01   3.7102e-02   3.4116e+02
20260730_18:00:00   6.9103e-01   1.4388e+02   3.7765e+01   3.8584e-01   1.8255e-01   3.4075e+02
20260730_19:00:00   7.7166e-01   1.5477e+02   3.8890e+01   4.7502e-01   1.7047e-01   3.4222e+02
20260730_20:00:00   8.5725e-01   1.6563e+02   3.9536e+01   5.7842e-01   1.5577e-01   3.4254e+02
20260730_21:00:00   9.3642e-01   1.7472e+02   3.9510e+01   6.8087e-01   1.4617e-01   3.4318e+02
20260730_22:00:00   9.5974e-01   1.7772e+02   3.9739e+01   7.1371e-01   1.7886e-01   3.4344e+02
20260730_23:00:00   1.0153e+00   1.8361e+02   4.0069e+01   7.7864e-01   1.6009e-01   3.4370e+02
20260731_00:00:00   1.0915e+00   1.9097e+02   4.0835e+01   8.5997e-01   1.4011e-01   3.4535e+02
20260731_01:00:00   1.1166e+00   1.9346e+02   4.1795e+01   8.8200e-01   1.9183e-01   3.4523e+02
20260731_02:00:00   1.0599e+00   1.8821e+02   4.1568e+01   8.1767e-01   2.3911e-01   3.4584e+02
20260731_03:00:00   1.1145e+00   1.9352e+02   4.0791e+01   8.9451e-01   1.3957e-01   3.4548e+02
20260731_04:00:00   1.0355e+00   1.8572e+02   4.0039e+01   8.0204e-01   6.4887e-02   3.4577e+02
20260731_05:00:00   9.8153e-01   1.8008e+02   4.0211e+01   7.3124e-01   4.3421e-02   3.4389e+02
20260731_06:00:00   9.2491e-01   1.7381e+02   4.0340e+01   6.5772e-01   2.8913e-02   3.4152e+02
20260731_07:00:00   9.1436e-01   1.7266e+02   4.0561e+01   6.4048e-01   1.1758e-02   3.4023e+02
20260731_08:00:00   8.7622e-01   1.6815e+02   4.0770e+01   5.8820e-01   4.1590e-03   3.3894e+02
20260731_09:00:00   9.4521e-01   1.7608e+02   4.0580e+01   6.7558e-01   1.3602e-02   3.3635e+02
20260731_10:00:00   1.1733e+00   1.9873e+02   4.0758e+01   9.5462e-01   3.9742e-03   3.3652e+02
20260731_11:00:00   1.2060e+00   2.0155e+02   4.0299e+01   9.9758e-01   2.3081e-04   3.3662e+02
20260731_12:00:00   1.1263e+00   1.9413e+02   3.9964e+01   8.9390e-01   1.1992e-04   3.3601e+02
20260731_13:00:00   1.1089e+00   1.9256e+02   3.9985e+01   8.7124e-01   3.5597e-05   3.3694e+02
20260731_14:00:00   7.5763e-01   1.5300e+02   3.8904e+01   4.4724e-01   0.0000e+00   3.3713e+02
20260731_15:00:00   6.6457e-01   1.4016e+02   3.8213e+01   3.4051e-01   0.0000e+00   3.3507e+02
20260731_16:00:00   6.1484e-01   1.3284e+02   3.7499e+01   2.8809e-01   0.0000e+00   3.3525e+02
20260731_17:00:00   6.1682e-01   1.3330e+02   3.7146e+01   2.9518e-01   0.0000e+00   3.3535e+02
20260731_18:00:00   5.4576e-01   1.2192e+02   3.6756e+01   2.0699e-01   0.0000e+00   3.3622e+02
20260731_19:00:00   4.7347e-01   1.0949e+02   3.6552e+01   1.1732e-01   0.0000e+00   3.3734e+02
20260731_20:00:00   4.2382e-01   1.0043e+02   3.6312e+01   5.8028e-02   0.0000e+00   3.3888e+02
20260731_21:00:00   4.1173e-01   9.8239e+01   3.5740e+01   4.8781e-02   0.0000e+00   3.4119e+02
20260731_22:00:00   4.0607e-01   9.7241e+01   3.4983e+01   5.0808e-02   0.0000e+00   3.4409e+02
20260731_23:00:00   3.6448e-01   8.9191e+01   3.4048e+01   9.3296e-03   0.0000e+00   3.4564e+02
20260801_00:00:00   3.5234e-01   8.6759e+01   3.3414e+01   2.6723e-03   0.0000e+00   3.4334e+02
20260801_03:00:00   3.3982e-01   8.4194e+01   3.2352e+01   0.0000e+00   0.0000e+00   3.3677e+02
20260801_06:00:00   3.3165e-01   8.2475e+01   3.1370e+01   0.0000e+00   0.0000e+00   3.3312e+02
20260801_09:00:00   3.1169e-01   7.8422e+01   2.9159e+01   0.0000e+00   0.0000e+00   3.2993e+02
20260801_12:00:00   3.1572e-01   7.9163e+01   2.9335e+01   1.5918e-04   8.7080e-05   3.2996e+02
20260801_15:00:00   3.1414e-01   7.9171e+01   2.9203e+01   0.0000e+00   3.1980e-03   3.2708e+02
20260801_18:00:00   3.1441e-01   7.9588e+01   2.9558e+01   7.3681e-04   9.0621e-04   3.2229e+02
20260801_21:00:00   3.8040e-01   9.2881e+01   3.2036e+01   5.3120e-02   1.5788e-04   3.2109e+02
20260802_00:00:00   3.8770e-01   9.3932e+01   3.4041e+01   3.4061e-02   9.8220e-06   3.2178e+02
20260802_03:00:00   3.9599e-01   9.5509e+01   3.3534e+01   4.2960e-02   1.7392e-03   3.2056e+02
20260802_06:00:00   3.9609e-01   9.5486e+01   3.2407e+01   5.5820e-02   2.7096e-02   3.1687e+02
20260802_09:00:00   3.7897e-01   9.2163e+01   3.2442e+01   3.6620e-02   3.3090e-02   3.1380e+02
20260802_12:00:00   3.7165e-01   9.0728e+01   3.5098e+01   6.0260e-03   8.5176e-03   3.1379e+02
20260802_15:00:00   3.8743e-01   9.3836e+01   3.8965e+01   0.0000e+00   2.0880e-02   3.1295e+02
20260802_18:00:00   3.9278e-01   9.4884e+01   4.0182e+01   5.7522e-03   2.6198e-01   3.1460e+02
20260802_21:00:00   3.6549e-01   8.9850e+01   3.7352e+01   1.9778e-03   6.0282e-03   3.1305e+02
20260803_00:00:00   3.6325e-01   8.9095e+01   3.7736e+01   0.0000e+00   6.2647e-03   3.1370e+02
20260803_03:00:00   3.3691e-01   8.3278e+01   3.5984e+01   0.0000e+00   1.0436e-01   3.1552e+02
20260803_06:00:00   3.3677e-01   8.3035e+01   3.6198e+01   0.0000e+00   8.7249e-02   3.1806e+02
20260803_09:00:00   7.4061e-01   1.4757e+02   4.2201e+01   3.8706e-01   8.7652e-02   3.2088e+02
20260803_12:00:00   7.5326e-01   1.5023e+02   4.8006e+01   3.2699e-01   2.5204e-02   3.2071e+02
20260803_15:00:00   8.7800e-01   1.6596e+02   5.1309e+01   4.2450e-01   4.1852e-01   3.2720e+02
20260803_18:00:00   4.9236e-01   1.1227e+02   4.9100e+01   3.1507e-03   5.2207e-01   3.2144e+02
20260803_21:00:00   3.8922e-01   9.3790e+01   3.9283e+01   0.0000e+00   3.8208e-02   3.3632e+02
20260804_00:00:00   3.5987e-01   8.8431e+01   3.4263e+01   0.0000e+00   2.2720e-07   3.6263e+02
20260804_03:00:00   3.1717e-01   7.9768e+01   2.9190e+01   0.0000e+00   0.0000e+00   3.6200e+02
20260804_06:00:00   2.8764e-01   7.3449e+01   2.6300e+01   0.0000e+00   0.0000e+00   3.5154e+02
20260804_09:00:00   2.5555e-01   6.6614e+01   2.2293e+01   0.0000e+00   0.0000e+00   3.3373e+02
20260804_12:00:00   2.3403e-01   6.1834e+01   2.0680e+01   0.0000e+00   0.0000e+00   3.3420e+02
20260804_15:00:00   2.2963e-01   6.0970e+01   2.1095e+01   0.0000e+00   0.0000e+00   3.3038e+02
20260804_18:00:00   2.2222e-01   5.9449e+01   2.1435e+01   0.0000e+00   1.8478e-06   3.2137e+02
20260804_21:00:00   2.2308e-01   5.9877e+01   2.1824e+01   0.0000e+00   1.3626e-06   3.1652e+02
20260805_00:00:00   2.2853e-01   6.1200e+01   2.2679e+01   0.0000e+00   0.0000e+00   3.1310e+02
20260805_03:00:00   2.4975e-01   6.5726e+01   2.5851e+01   0.0000e+00   0.0000e+00   3.0938e+02
20260805_06:00:00   2.3805e-01   6.2925e+01   2.5426e+01   0.0000e+00   0.0000e+00   3.0499e+02
20260805_09:00:00   2.2191e-01   5.9138e+01   2.4073e+01   0.0000e+00   0.0000e+00   3.0423e+02
20260805_12:00:00   2.5106e-01   6.5798e+01   2.7070e+01   0.0000e+00   0.0000e+00   3.0322e+02
20260805_15:00:00   2.6695e-01   6.9657e+01   2.8497e+01   0.0000e+00   0.0000e+00   3.0202e+02
20260805_18:00:00   2.7152e-01   7.0999e+01   2.9325e+01   0.0000e+00   0.0000e+00   3.0379e+02
20260805_21:00:00   2.6393e-01   6.9507e+01   2.8423e+01   0.0000e+00   0.0000e+00   3.0402e+02
20260806_00:00:00   2.6464e-01   6.9643e+01   2.7790e+01   0.0000e+00   0.0000e+00   3.0504e+02
20260806_03:00:00   2.8567e-01   7.3924e+01   2.9384e+01   0.0000e+00   0.0000e+00   3.0384e+02
20260806_06:00:00   2.7403e-01   7.1215e+01   2.8088e+01   0.0000e+00   4.2060e-03   3.0719e+02
20260806_09:00:00   2.5959e-01   6.8047e+01   2.5540e+01   0.0000e+00   2.7007e-03   3.0568e+02
20260806_12:00:00   2.6921e-01   7.0212e+01   2.6077e+01   0.0000e+00   8.0759e-03   3.0897e+02
20260806_15:00:00   2.7287e-01   7.1204e+01   2.6735e+01   0.0000e+00   1.6837e-02   3.0922e+02
20260806_18:00:00   3.2724e-01   8.2754e+01   3.3468e+01   0.0000e+00   2.6641e-03   3.1018e+02
20260806_21:00:00   7.6280e-01   1.5451e+02   4.3622e+01   4.0710e-01   0.0000e+00   3.0885e+02
20260807_00:00:00   6.2604e-01   1.3485e+02   4.2798e+01   2.3868e-01   1.5789e-03   3.0896e+02
20260807_03:00:00   4.4408e-01   1.0454e+02   4.6210e+01   0.0000e+00   1.5426e-01   3.1173e+02
20260807_06:00:00   5.0271e-01   1.1410e+02   4.7687e+01   4.8118e-02   1.9207e-02   3.1247e+02
20260807_09:00:00   4.5439e-01   1.0588e+02   4.7271e+01   7.7294e-04   3.5031e-01   3.1578e+02
20260807_12:00:00   4.5222e-01   1.0570e+02   4.4295e+01   1.2901e-03   3.8291e-03   3.2447e+02
20260807_15:00:00   4.1186e-01   9.9014e+01   3.7543e+01   6.1570e-04   0.0000e+00   3.2867e+02
20260807_18:00:00   4.0666e-01   9.8188e+01   3.5803e+01   2.4271e-02   0.0000e+00   3.2584e+02
20260807_21:00:00   3.8917e-01   9.4991e+01   3.5622e+01   9.7440e-04   0.0000e+00   3.3076e+02
20260808_00:00:00   3.7028e-01   9.1258e+01   3.3024e+01   0.0000e+00   0.0000e+00   3.2730e+02
20260808_03:00:00   3.3895e-01   8.4808e+01   2.9983e+01   2.8640e-05   0.0000e+00   3.2715e+02
20260808_06:00:00   3.8569e-01   9.3775e+01   3.5468e+01   1.5944e-04   1.3626e-06   3.1761e+02
20260808_09:00:00   4.1981e-01   1.0016e+02   3.8748e+01   2.5233e-03   5.8634e-03   3.1729e+02
20260808_12:00:00   4.8496e-01   1.1149e+02   4.7322e+01   9.8742e-04   3.7365e-03   3.1285e+02
20260808_15:00:00   5.9776e-01   1.3069e+02   5.0200e+01   1.1859e-01   2.7254e-04   3.0924e+02
20260808_18:00:00   5.1775e-01   1.1784e+02   5.0003e+01   2.4184e-02   0.0000e+00   3.0592e+02
20260808_21:00:00   5.2367e-01   1.1888e+02   5.2167e+01   6.6310e-03   1.5259e-03   3.0493e+02
20260809_00:00:00   5.2816e-01   1.1968e+02   5.3051e+01   1.4503e-04   8.8322e-02   3.0504e+02
20260809_03:00:00   7.7169e-01   1.5411e+02   5.6964e+01   2.3452e-01   6.5038e-01   3.0309e+02
20260809_06:00:00   6.9824e-01   1.4483e+02   5.7199e+01   1.5257e-01   3.6105e-01   3.0460e+02
20260809_09:00:00   6.7536e-01   1.4313e+02   5.4302e+01   1.9248e-01   5.9120e-02   3.0844e+02
20260809_12:00:00   9.6860e-01   1.7641e+02   5.4282e+01   5.0400e-01   3.5263e-01   3.0915e+02
20260809_15:00:00   5.3495e-01   1.2093e+02   5.1932e+01   2.5742e-02   2.9243e-02   3.1130e+02
20260809_18:00:00   5.5885e-01   1.2494e+02   5.6355e+01   1.4220e-03   4.3329e-02   3.0859e+02
20260809_21:00:00   6.6581e-01   1.3966e+02   5.3568e+01   1.6776e-01   2.1054e-01   3.1170e+02
20260810_00:00:00   4.7551e-01   1.1023e+02   4.8049e+01   6.6270e-05   4.6893e-04   3.1517e+02
20260810_03:00:00   4.5870e-01   1.0718e+02   4.3629e+01   2.7010e-02   2.2651e-02   3.1903e+02
20260810_06:00:00   5.0490e-01   1.1538e+02   4.3532e+01   9.5394e-02   1.4436e-02   3.2190e+02
20260810_09:00:00   5.7594e-01   1.2697e+02   4.4766e+01   1.6391e-01   5.8849e-02   3.2180e+02
20260810_12:00:00   5.5454e-01   1.2352e+02   3.9551e+01   1.7220e-01   3.5815e-05   3.2574e+02
20260810_15:00:00   6.3959e-01   1.3702e+02   3.8082e+01   2.9174e-01   0.0000e+00   3.2969e+02
20260810_18:00:00   4.7795e-01   1.1010e+02   3.8815e+01   7.7171e-02   0.0000e+00   3.3245e+02
20260810_21:00:00   3.9490e-01   9.5052e+01   3.6011e+01   1.2893e-02   0.0000e+00   3.3587e+02
20260811_00:00:00   3.6149e-01   8.8237e+01   3.5304e+01   0.0000e+00   1.4374e-03   3.4373e+02
20260811_03:00:00   3.3504e-01   8.3021e+01   3.1604e+01   9.6560e-06   2.7080e-04   3.4913e+02
20260811_06:00:00   3.1289e-01   7.8517e+01   2.8426e+01   0.0000e+00   3.6880e-06   3.5215e+02
20260811_09:00:00   3.0191e-01   7.6198e+01   2.7003e+01   0.0000e+00   0.0000e+00   3.5262e+02
20260811_12:00:00   3.0583e-01   7.6929e+01   2.7084e+01   0.0000e+00   0.0000e+00   3.5286e+02
20260811_15:00:00   3.0774e-01   7.7514e+01   2.7235e+01   6.4560e-05   0.0000e+00   3.5585e+02
20260811_18:00:00   2.9426e-01   7.4629e+01   2.7040e+01   1.9642e-05   0.0000e+00   3.4631e+02
20260811_21:00:00   2.9574e-01   7.4859e+01   2.7361e+01   0.0000e+00   0.0000e+00   3.3845e+02
20260812_00:00:00   3.0375e-01   7.6228e+01   2.7956e+01   9.6560e-06   2.2482e-03   3.3640e+02
