#            date       tau255        Tb[K]      pwv[mm] lwp[kg*m^-2] iwp[kg*m^-2]       o3[DU]
20260811_06:00:00   3.7406e-01   9.1232e+01   3.7222e+01   0.0000e+00   6.9300e-07   3.3210e+02
20260811_07:00:00   3.5115e-01   8.6748e+01   3.4564e+01   0.0000e+00   0.0000e+00   3.3042e+02
20260811_08:00:00   3.2057e-01   8.0579e+01   3.1425e+01   0.0000e+00   0.0000e+00   3.3187e+02
20260811_09:00:00   2.9698e-01   7.5653e+01   2.9000e+01   0.0000e+00   5.0500e-05   3.2963e+02
20260811_10:00:00   2.9971e-01   7.6263e+01   2.8793e+01   0.0000e+00   0.0000e+00   3.3002e+02
20260811_11:00:00   3.0430e-01   7.7278e+01   2.8802e+01   0.0000e+00   0.0000e+00   3.2949e+02
20260811_12:00:00   3.0262e-01   7.6950e+01   2.8411e+01   0.0000e+00   7.1000e-05   3.2923e+02
20260811_13:00:00   2.8346e-01   7.2865e+01   2.6741e+01   0.0000e+00   1.5570e-03   3.3147e+02
20260811_14:00:00   2.5182e-01   6.5902e+01   2.3942e+01   0.0000e+00   1.9338e-03   3.3125e+02
20260811_15:00:00   2.5104e-01   6.5746e+01   2.3851e+01   0.0000e+00   1.0284e-05   3.3056e+02
20260811_16:00:00   2.5527e-01   6.6643e+01   2.4613e+01   0.0000e+00   1.9300e-03   3.3115e+02
20260811_17:00:00   2.5326e-01   6.6112e+01   2.4886e+01   0.0000e+00   1.0964e-03   3.3179e+02
20260811_18:00:00   2.4759e-01   6.4830e+01   2.4546e+01   0.0000e+00   9.8220e-06   3.3325e+02
20260811_19:00:00   2.6086e-01   6.7634e+01   2.6295e+01   3.2380e-04   0.0000e+00   3.3805e+02
20260811_20:00:00   2.6568e-01   6.8677e+01   2.6904e+01   1.4002e-04   4.8200e-04   3.3764e+02
20260811_21:00:00   2.6596e-01   6.8731e+01   2.7171e+01   4.4186e-04   7.3360e-05   3.3960e+02
20260811_22:00:00   3.9662e-01   9.4588e+01   2.8486e+01   1.3514e-01   1.4152e-04   3.3749e+02
20260811_23:00:00   4.6593e-01   1.0704e+02   2.9330e+01   2.0302e-01   5.7056e-04   3.3373e+02
20260812_00:00:00   4.4620e-01   1.0374e+02   2.9574e+01   1.7279e-01   2.0842e-03   3.3516e+02
20260812_01:00:00   2.9935e-01   7.5796e+01   2.9324e+01   3.4100e-03   8.3842e-03   3.3403e+02
20260812_02:00:00   2.8579e-01   7.2862e+01   2.8140e+01   0.0000e+00   2.0872e-02   3.3426e+02
20260812_03:00:00   2.7247e-01   6.9945e+01   2.7012e+01   4.0880e-06   1.4402e-02   3.3183e+02
20260812_04:00:00   2.6667e-01   6.8557e+01   2.6530e+01   0.0000e+00   6.2182e-02   3.3155e+02
20260812_05:00:00   2.6738e-01   6.8502e+01   2.6940e+01   3.3620e-05   7.5549e-02   3.3098e+02
20260812_06:00:00   2.5556e-01   6.5814e+01   2.6085e+01   1.3626e-05   6.3930e-02   3.3253e+02
20260812_07:00:00   2.4333e-01   6.3016e+01   2.5159e+01   0.0000e+00   8.1898e-02   3.3216e+02
20260812_08:00:00   2.3728e-01   6.1654e+01   2.4318e+01   0.0000e+00   1.0017e-01   3.3386e+02
20260812_09:00:00   2.2620e-01   5.9194e+01   2.2974e+01   0.0000e+00   1.0225e-01   3.3566e+02
20260812_10:00:00   2.2045e-01   5.7906e+01   2.2122e+01   0.0000e+00   2.6225e-02   3.3713e+02
20260812_11:00:00   2.1500e-01   5.6749e+01   2.1012e+01   0.0000e+00   1.1684e-04   3.3954e+02
20260812_12:00:00   2.1563e-01   5.6912e+01   2.0857e+01   0.0000e+00   0.0000e+00   3.4313e+02
20260812_13:00:00   2.1784e-01   5.7462e+01   2.0905e+01   0.0000e+00   0.0000e+00   3.4413e+02
20260812_14:00:00   2.2352e-01   5.8799e+01   2.1506e+01   0.0000e+00   0.0000e+00   3.4349e+02
20260812_15:00:00   2.3063e-01   6.0415e+01   2.2420e+01   0.0000e+00   0.0000e+00   3.4368e+02
20260812_16:00:00   2.3974e-01   6.2432e+01   2.3494e+01   3.3800e-05   0.0000e+00   3.4397e+02
20260812_17:00:00   2.8264e-01   7.1464e+01   2.4401e+01   4.0680e-02   6.1340e-06   3.4703e+02
20260812_18:00:00   2.6243e-01   6.7339e+01   2.4164e+01   2.0840e-02   2.3780e-05   3.4954e+02
20260812_19:00:00   3.4020e-01   8.3073e+01   2.4773e+01   1.0592e-01   0.0000e+00   3.5029e+02
20260812_20:00:00   3.1664e-01   7.8588e+01   2.6476e+01   6.1258e-02   0.0000e+00   3.5148e+02
20260812_21:00:00   3.1304e-01   7.7954e+01   2.6740e+01   5.4823e-02   0.0000e+00   3.4748e+02
20260812_22:00:00   2.8570e-01   7.2388e+01   2.8357e+01   1.1015e-02   0.0000e+00   3.4107e+02
20260812_23:00:00   3.7078e-01   8.9130e+01   2.9734e+01   9.2620e-02   1.9642e-05   3.4075e+02
20260813_00:00:00   2.9931e-01   7.5154e+01   2.9912e+01   6.8240e-03   2.5540e-04   3.4124e+02
20260813_01:00:00   3.1393e-01   7.8073e+01   3.0137e+01   2.1978e-02   9.1120e-06   3.4054e+02
20260813_02:00:00   3.3387e-01   8.2025e+01   3.0744e+01   3.7661e-02   3.8620e-06   3.4039e+02
20260813_03:00:00   3.2414e-01   8.0049e+01   3.1510e+01   1.8249e-02   5.4080e-05   3.3906e+02
20260813_04:00:00   3.0825e-01   7.6892e+01   3.1566e+01   2.3100e-07   5.5698e-03   3.4080e+02
20260813_05:00:00   3.1433e-01   7.8057e+01   3.2048e+01   0.0000e+00   1.5377e-02   3.4087e+02
20260813_06:00:00   3.1522e-01   7.8174e+01   3.2170e+01   0.0000e+00   7.5728e-04   3.4084e+02
20260813_07:00:00   3.1653e-01   7.8442e+01   3.2028e+01   0.0000e+00   1.8168e-07   3.4248e+02
20260813_08:00:00   3.1828e-01   7.8802e+01   3.2107e+01   0.0000e+00   1.7698e-04   3.4369e+02
20260813_09:00:00   3.2326e-01   7.9892e+01   3.2183e+01   0.0000e+00   3.8620e-06   3.4378e+02
20260813_10:00:00   3.2524e-01   8.0407e+01   3.2026e+01   2.2720e-07   9.1160e-07   3.4297e+02
20260813_11:00:00   3.2655e-01   8.0766e+01   3.1216e+01   4.9660e-03   0.0000e+00   3.4399e+02
20260813_12:00:00   3.2139e-01   7.9818e+01   3.0867e+01   1.2964e-04   0.0000e+00   3.4277e+02
20260813_13:00:00   3.1945e-01   7.9512e+01   3.0498e+01   0.0000e+00   4.0020e-04   3.4373e+02
20260813_14:00:00   3.1108e-01   7.7924e+01   2.9697e+01   0.0000e+00   3.2964e-04   3.4470e+02
20260813_15:00:00   2.9987e-01   7.5750e+01   2.8275e+01   4.6980e-03   9.6820e-05   3.4176e+02
20260813_16:00:00   2.8935e-01   7.3606e+01   2.6908e+01   1.1926e-02   0.0000e+00   3.4368e+02
20260813_17:00:00   2.7328e-01   7.0075e+01   2.6604e+01   4.0740e-03   2.5744e-03   3.4351e+02
20260813_18:00:00   2.7380e-01   7.0106e+01   2.7459e+01   1.1552e-03   7.9977e-03   3.4085e+02
20260813_19:00:00   3.0167e-01   7.5711e+01   2.7843e+01   3.4440e-02   9.7566e-03   3.3807e+02
20260813_20:00:00   2.6537e-01   6.8105e+01   2.7616e+01   3.2260e-06   8.5522e-02   3.3876e+02
20260813_21:00:00   2.6328e-01   6.7611e+01   2.7588e+01   6.9440e-04   1.0731e-01   3.3999e+02
20260813_22:00:00   2.6504e-01   6.8027e+01   2.7749e+01   0.0000e+00   1.4571e-02   3.4053e+02
20260813_23:00:00   2.8147e-01   7.1547e+01   2.9216e+01   2.8974e-05   3.3440e-04   3.3971e+02
20260814_00:00:00   3.6301e-01   8.7753e+01   3.1113e+01   7.0077e-02   4.6876e-04   3.3945e+02
20260814_01:00:00   4.5796e-01   1.0493e+02   3.1302e+01   1.7294e-01   1.0248e-03   3.3908e+02
20260814_02:00:00   3.9635e-01   9.3866e+01   3.1800e+01   9.7248e-02   9.2722e-04   3.3932e+02
20260814_03:00:00   3.4514e-01   8.4154e+01   3.1872e+01   3.8633e-02   1.1639e-02   3.4097e+02
20260814_04:00:00   3.1870e-01   7.8838e+01   3.1797e+01   1.1778e-02   1.6057e-01   3.4153e+02
20260814_05:00:00   3.0507e-01   7.6101e+01   3.1114e+01   8.0637e-04   5.9415e-02   3.4418e+02
20260814_06:00:00   2.9462e-01   7.4019e+01   2.9518e+01   5.4080e-04   7.0643e-03   3.4754e+02
20260814_07:00:00   2.9177e-01   7.3334e+01   2.8798e+01   2.4340e-03   3.0230e-03   3.4976e+02
20260814_08:00:00   2.9006e-01   7.2832e+01   2.7889e+01   8.4140e-03   3.9113e-03   3.5265e+02
20260814_09:00:00   2.8166e-01   7.1135e+01   2.7423e+01   2.2720e-07   3.9903e-04   3.5490e+02
20260814_10:00:00   3.0911e-01   7.6744e+01   2.6572e+01   3.1457e-02   3.5042e-06   3.6045e+02
20260814_11:00:00   2.6872e-01   6.8521e+01   2.4581e+01   5.7740e-06   1.6630e-05   3.6809e+02
20260814_12:00:00   2.4680e-01   6.3808e+01   2.2035e+01   0.0000e+00   0.0000e+00   3.6933e+02
20260814_13:00:00   2.3595e-01   6.1407e+01   2.0661e+01   0.0000e+00   0.0000e+00   3.6942e+02
20260814_14:00:00   2.1828e-01   5.7421e+01   1.9027e+01   0.0000e+00   0.0000e+00   3.6881e+02
20260814_15:00:00   2.0558e-01   5.4568e+01   1.7926e+01   0.0000e+00   0.0000e+00   3.6611e+02
20260814_16:00:00   2.0944e-01   5.5475e+01   1.8373e+01   0.0000e+00   0.0000e+00   3.6635e+02
20260814_17:00:00   2.1355e-01   5.6448e+01   1.8917e+01   0.0000e+00   0.0000e+00   3.6665e+02
20260814_18:00:00   2.1591e-01   5.7004e+01   1.9438e+01   0.0000e+00   0.0000e+00   3.6861e+02
20260814_19:00:00   2.1494e-01   5.6801e+01   1.9595e+01   0.0000e+00   0.0000e+00   3.6996e+02
20260814_20:00:00   2.1794e-01   5.7471e+01   1.9899e+01   1.0364e-03   0.0000e+00   3.6902e+02
20260814_21:00:00   2.2337e-01   5.8697e+01   1.9985e+01   5.3200e-03   0.0000e+00   3.6892e+02
20260814_22:00:00   2.2487e-01   5.9018e+01   1.9604e+01   9.0220e-03   0.0000e+00   3.7017e+02
20260814_23:00:00   2.1655e-01   5.7194e+01   1.9237e+01   6.6980e-06   0.0000e+00   3.6999e+02
20260815_00:00:00   2.1400e-01   5.6550e+01   1.8814e+01   0.0000e+00   0.0000e+00   3.6920e+02
20260815_01:00:00   2.0848e-01   5.5259e+01   1.8246e+01   0.0000e+00   0.0000e+00   3.6837e+02
20260815_02:00:00   2.0865e-01   5.5257e+01   1.8156e+01   0.0000e+00   0.0000e+00   3.6781e+02
20260815_03:00:00   2.0886e-01   5.5245e+01   1.8086e+01   0.0000e+00   0.0000e+00   3.6594e+02
20260815_04:00:00   2.1095e-01   5.5669e+01   1.8308e+01   0.0000e+00   0.0000e+00   3.6514e+02
20260815_05:00:00   2.1602e-01   5.6786e+01   1.8753e+01   0.0000e+00   0.0000e+00   3.6313e+02
20260815_06:00:00   2.2009e-01   5.7694e+01   1.9020e+01   0.0000e+00   0.0000e+00   3.6238e+02
20260815_07:00:00   2.1960e-01   5.7583e+01   1.8824e+01   0.0000e+00   0.0000e+00   3.6221e+02
20260815_08:00:00   2.1681e-01   5.6963e+01   1.8437e+01   0.0000e+00   0.0000e+00   3.6251e+02
20260815_09:00:00   2.1329e-01   5.6144e+01   1.8067e+01   0.0000e+00   0.0000e+00   3.6244e+02
20260815_10:00:00   2.1047e-01   5.5490e+01   1.7734e+01   0.0000e+00   0.0000e+00   3.6239e+02
20260815_11:00:00   2.0699e-01   5.4692e+01   1.7369e+01   0.0000e+00   0.0000e+00   3.6082e+02
20260815_12:00:00   2.0403e-01   5.4044e+01   1.7094e+01   0.0000e+00   0.0000e+00   3.5438e+02
20260815_13:00:00   2.0110e-01   5.3444e+01   1.6817e+01   0.0000e+00   0.0000e+00   3.5193e+02
20260815_14:00:00   2.0245e-01   5.3807e+01   1.6992e+01   0.0000e+00   1.9932e-05   3.4789e+02
20260815_15:00:00   2.0360e-01   5.4147e+01   1.7180e+01   0.0000e+00   8.1170e-04   3.4366e+02
20260815_16:00:00   2.0110e-01   5.3686e+01   1.7156e+01   0.0000e+00   5.1666e-03   3.4062e+02
20260815_17:00:00   2.0088e-01   5.3688e+01   1.7438e+01   0.0000e+00   9.9721e-03   3.3790e+02
20260815_18:00:00   2.0721e-01   5.5120e+01   1.8495e+01   0.0000e+00   1.5185e-02   3.3404e+02
20260815_19:00:00   1.9921e-01   5.3324e+01   1.8117e+01   0.0000e+00   7.1007e-03   3.3054e+02
20260815_20:00:00   1.9515e-01   5.2392e+01   1.7982e+01   0.0000e+00   4.5232e-03   3.2957e+02
20260815_21:00:00   1.9426e-01   5.2179e+01   1.8068e+01   0.0000e+00   5.4955e-03   3.2897e+02
20260815_22:00:00   1.9513e-01   5.2361e+01   1.8322e+01   0.0000e+00   6.0728e-03   3.2692e+02
20260815_23:00:00   1.9624e-01   5.2575e+01   1.8647e+01   0.0000e+00   5.3675e-03   3.2319e+02
20260816_00:00:00   2.0380e-01   5.4258e+01   1.9682e+01   0.0000e+00   8.1886e-04   3.2025e+02
20260816_01:00:00   2.0661e-01   5.4911e+01   1.9754e+01   0.0000e+00   1.0206e-02   3.2055e+02
20260816_02:00:00   2.0340e-01   5.4208e+01   1.9280e+01   0.0000e+00   2.2008e-03   3.2137e+02
20260816_03:00:00   2.0778e-01   5.5139e+01   1.9889e+01   0.0000e+00   4.6818e-03   3.1942e+02
20260816_04:00:00   2.1004e-01   5.5613e+01   2.0235e+01   0.0000e+00   1.2233e-03   3.1615e+02
20260816_05:00:00   2.1343e-01   5.6282e+01   2.1019e+01   0.0000e+00   1.6686e-04   3.1325e+02
20260816_06:00:00   2.1377e-01   5.6278e+01   2.1423e+01   0.0000e+00   1.0033e-03   3.1185e+02
20260816_09:00:00   2.3155e-01   6.0150e+01   2.3908e+01   0.0000e+00   3.5800e-04   3.0987e+02
20260816_12:00:00   2.2913e-01   5.9574e+01   2.4010e+01   0.0000e+00   3.8217e-03   3.1312e+02
20260816_15:00:00   3.8363e-01   9.0686e+01   2.9584e+01   1.2100e-01   2.9331e-03   3.1469e+02
20260816_18:00:00   3.3247e-01   8.1876e+01   3.6861e+01   0.0000e+00   1.4533e-03   3.1475e+02
20260816_21:00:00   7.2862e-01   1.4717e+02   4.3827e+01   3.7848e-01   1.0413e-01   3.0885e+02
20260817_00:00:00   7.4514e-01   1.4933e+02   4.9245e+01   3.1869e-01   1.4029e-01   3.0930e+02
20260817_03:00:00   1.8578e+00   2.4192e+02   5.3116e+01   1.6308e+00   2.0856e-02   3.0873e+02
20260817_06:00:00   4.9042e-01   1.1271e+02   4.6170e+01   2.3075e-02   2.7204e-02   3.0904e+02
20260817_09:00:00   4.7026e-01   1.0915e+02   4.4600e+01   7.7264e-03   3.5907e-05   3.0974e+02
20260817_12:00:00   4.6229e-01   1.0784e+02   3.9378e+01   5.4215e-02   0.0000e+00   3.1094e+02
20260817_15:00:00   3.5954e-01   8.8768e+01   3.4080e+01   2.0006e-03   0.0000e+00   3.1495e+02
20260817_18:00:00   4.2219e-01   1.0044e+02   3.1175e+01   1.0847e-01   0.0000e+00   3.2035e+02
20260817_21:00:00   2.9983e-01   7.6170e+01   2.7191e+01   7.7363e-03   0.0000e+00   3.2651e+02
20260818_00:00:00   2.5506e-01   6.6255e+01   2.2749e+01   3.4640e-05   0.0000e+00   3.3159e+02
20260818_03:00:00   2.3588e-01   6.1917e+01   2.0287e+01   0.0000e+00   0.0000e+00   3.3253e+02
20260818_06:00:00   2.4762e-01   6.4330e+01   2.1143e+01   1.8167e-04   0.0000e+00   3.2794e+02
20260818_09:00:00   2.3909e-01   6.2297e+01   2.0373e+01   2.9460e-05   0.0000e+00   3.2471e+02
20260818_12:00:00   2.2163e-01   5.8341e+01   1.9087e+01   0.0000e+00   4.7742e-03   3.2541e+02
20260818_15:00:00   2.1596e-01   5.7242e+01   1.9120e+01   0.0000e+00   2.2397e-04   3.2423e+02
20260818_18:00:00   2.2644e-01   5.9697e+01   2.1367e+01   0.0000e+00   1.2698e-03   3.2279e+02
20260818_21:00:00   2.3974e-01   6.2712e+01   2.3437e+01   0.0000e+00   1.0240e-02   3.1984e+02
20260819_00:00:00   2.8690e-01   7.2802e+01   2.7679e+01   3.4540e-03   2.0933e-01   3.2125e+02
20260819_03:00:00   2.6442e-01   6.7867e+01   2.5952e+01   0.0000e+00   3.7716e-04   3.2011e+02
20260819_06:00:00   2.6070e-01   6.7039e+01   2.5232e+01   0.0000e+00   9.8340e-05   3.2336e+02
20260819_09:00:00   2.6896e-01   6.8755e+01   2.5739e+01   0.0000e+00   2.4840e-04   3.2460e+02
20260819_12:00:00   2.6105e-01   6.7069e+01   2.5046e+01   0.0000e+00   1.5341e-03   3.2286e+02
20260819_15:00:00   2.7273e-01   6.9706e+01   2.7064e+01   0.0000e+00   4.4381e-04   3.2185e+02
20260819_18:00:00   2.9167e-01   7.3710e+01   3.0319e+01   3.8194e-04   2.2592e-03   3.2247e+02
20260819_21:00:00   3.1009e-01   7.7547e+01   3.2296e+01   4.4460e-03   3.7952e-03   3.2417e+02
20260820_00:00:00   4.4881e-01   1.0417e+02   3.4572e+01   1.2128e-01   0.0000e+00   3.3117e+02
20260820_03:00:00   3.6962e-01   8.9627e+01   3.7186e+01   0.0000e+00   1.6929e-02   3.3331e+02
20260820_06:00:00   3.6423e-01   8.8693e+01   3.5805e+01   0.0000e+00   2.2086e-03   3.3542e+02
20260820_09:00:00   3.6197e-01   8.8267e+01   3.5252e+01   0.0000e+00   1.0623e-02   3.3626e+02
20260820_12:00:00   3.4955e-01   8.5903e+01   3.3626e+01   0.0000e+00   8.5662e-03   3.4143e+02
20260820_15:00:00   3.3889e-01   8.4079e+01   3.2618e+01   0.0000e+00   3.2742e-03   3.4047e+02
20260820_18:00:00   4.2108e-01   9.9772e+01   3.1268e+01   1.1854e-01   1.6453e-04   3.4642e+02
20260820_21:00:00   3.0565e-01   7.7158e+01   2.8883e+01   1.3088e-02   2.3826e-02   3.4847e+02
20260821_00:00:00   2.4651e-01   6.4317e+01   2.3628e+01   2.8180e-05   1.3077e-02   3.5417e+02
20260821_03:00:00   2.4878e-01   6.4748e+01   2.3342e+01   0.0000e+00   0.0000e+00   3.5327e+02
20260821_06:00:00   2.4501e-01   6.3787e+01   2.2794e+01   0.0000e+00   3.0220e-05   3.4191e+02
20260821_09:00:00   2.3221e-01   6.0828e+01   2.2284e+01   0.0000e+00   1.7300e-02   3.3051e+02
20260821_12:00:00   2.4183e-01   6.2743e+01   2.5025e+01   0.0000e+00   1.7746e-02   3.2017e+02
20260821_15:00:00   2.6718e-01   6.8426e+01   2.8716e+01   0.0000e+00   1.4135e-02   3.1224e+02
20260821_18:00:00   2.9049e-01   7.3443e+01   3.2503e+01   0.0000e+00   1.1747e-02   3.0956e+02
20260821_21:00:00   3.8465e-01   9.2280e+01   4.2600e+01   2.2544e-03   4.2335e-01   3.0817e+02
20260822_00:00:00   6.0317e-01   1.2955e+02   4.6473e+01   2.0799e-01   1.8733e-01   3.1220e+02
20260822_03:00:00   5.0024e-01   1.1339e+02   4.7741e+01   7.0650e-02   2.9119e-01   3.0858e+02
20260822_06:00:00   4.9669e-01   1.1322e+02   4.8972e+01   4.3390e-02   1.7807e-03   3.0507e+02
20260822_09:00:00   1.0444e+00   1.8344e+02   5.1367e+01   6.4004e-01   5.3371e-02   3.0324e+02
20260822_12:00:00   5.4201e-01   1.2081e+02   5.2293e+01   4.1878e-02   2.3927e-01   3.0534e+02
20260822_15:00:00   4.9123e-01   1.1261e+02   5.0695e+01   1.2657e-03   1.2142e-01   3.0483e+02
20260822_18:00:00   5.9643e-01   1.2911e+02   5.1183e+01   1.2085e-01   5.4392e-01   3.0592e+02
20260822_21:00:00   6.4627e-01   1.3740e+02   5.3846e+01   1.4139e-01   4.1532e-01   3.0388e+02
20260823_00:00:00   2.0714e+00   2.5031e+02   5.4393e+01   1.8630e+00   4.4565e-02   3.0297e+02
20260823_03:00:00   7.2843e-01   1.4872e+02   4.9687e+01   2.8556e-01   3.5189e-03   3.0385e+02
20260823_06:00:00   7.3587e-01   1.4992e+02   4.9544e+01   3.0845e-01   6.5132e-01   3.0285e+02
20260823_09:00:00   8.3838e-01   1.6290e+02   4.8183e+01   4.4584e-01   1.4521e-02   3.0276e+02
20260823_12:00:00   8.3359e-01   1.6080e+02   4.6385e+01   4.5166e-01   7.5368e-03   3.0902e+02
20260823_15:00:00   1.1700e+00   1.9493e+02   4.5284e+01   8.5906e-01   6.1452e-02   3.0945e+02
20260823_18:00:00   6.3297e-01   1.3346e+02   3.9033e+01   3.0426e-01   2.8578e-01   3.0957e+02
20260823_21:00:00   4.3389e-01   1.0039e+02   2.8923e+01   1.5736e-01   1.7293e-02   3.1126e+02
20260824_00:00:00   2.3009e-01   5.9550e+01   1.8311e+01   1.7882e-02   2.3693e-05   3.1914e+02
20260824_03:00:00   1.5408e-01   4.1893e+01   1.1536e+01   0.0000e+00   0.0000e+00   3.2690e+02
20260824_06:00:00   1.4849e-01   4.0346e+01   1.0507e+01   0.0000e+00   0.0000e+00   3.3124e+02
20260824_09:00:00   1.6075e-01   4.3210e+01   1.1771e+01   0.0000e+00   0.0000e+00   3.3441e+02
20260824_12:00:00   1.7891e-01   4.7462e+01   1.3816e+01   3.8640e-04   0.0000e+00   3.4207e+02
20260824_15:00:00   1.6267e-01   4.3915e+01   1.2560e+01   0.0000e+00   0.0000e+00   3.4263e+02
20260824_18:00:00   1.5985e-01   4.3271e+01   1.2624e+01   0.0000e+00   0.0000e+00   3.5349e+02
20260824_21:00:00   1.7250e-01   4.6128e+01   1.4171e+01   0.0000e+00   0.0000e+00   3.6626e+02
20260825_00:00:00   1.7779e-01   4.7355e+01   1.4480e+01   0.0000e+00   0.0000e+00   3.6200e+02
20260825_03:00:00   1.6848e-01   4.5142e+01   1.3379e+01   0.0000e+00   0.0000e+00   3.5924e+02
20260825_06:00:00   1.6330e-01   4.3910e+01   1.2753e+01   0.0000e+00   0.0000e+00   3.5794e+02
20260825_09:00:00   1.6342e-01   4.3908e+01   1.2768e+01   0.0000e+00   0.0000e+00   3.5478e+02
20260825_12:00:00   1.6990e-01   4.5393e+01   1.3411e+01   0.0000e+00   0.0000e+00   3.5392e+02
20260825_15:00:00   1.7537e-01   4.6808e+01   1.4147e+01   0.0000e+00   0.0000e+00   3.5184e+02
20260825_18:00:00   1.7928e-01   4.7893e+01   1.4882e+01   0.0000e+00   0.0000e+00   3.5166e+02
20260825_21:00:00   1.8300e-01   4.8906e+01   1.5451e+01   0.0000e+00   0.0000e+00   3.5177e+02
20260826_00:00:00   1.9042e-01   5.0570e+01   1.6193e+01   0.0000e+00   0.0000e+00   3.5273e+02
20260826_03:00:00   1.9067e-01   5.0603e+01   1.5994e+01   0.0000e+00   0.0000e+00   3.5086e+02
20260826_06:00:00   1.9631e-01   5.1867e+01   1.6385e+01   0.0000e+00   0.0000e+00   3.3927e+02
20260826_09:00:00   1.9651e-01   5.1937e+01   1.6231e+01   0.0000e+00   0.0000e+00   3.3950e+02
20260826_12:00:00   1.9208e-01   5.0930e+01   1.5735e+01   0.0000e+00   0.0000e+00   3.4040e+02
20260826_15:00:00   1.9153e-01   5.0991e+01   1.5916e+01   0.0000e+00   0.0000e+00   3.3751e+02
20260826_18:00:00   1.9168e-01   5.1157e+01   1.6357e+01   0.0000e+00   0.0000e+00   3.3617e+02
20260826_21:00:00   2.0162e-01   5.3511e+01   1.7633e+01   5.7000e-04   2.7260e-06   3.3561e+02
20260827_00:00:00   2.6368e-01   6.6820e+01   1.8806e+01   5.9900e-02   4.6200e-07   3.3395e+02
20260827_03:00:00   2.2027e-01   5.7521e+01   1.9674e+01   0.0000e+00   1.6942e-03   3.3270e+02
20260827_06:00:00   2.2641e-01   5.8788e+01   2.0614e+01   0.0000e+00   1.7330e-03   3.3038e+02
