#            date       tau255        Tb[K]      pwv[mm] lwp[kg*m^-2] iwp[kg*m^-2]       o3[DU]
20260728_12:00:00   3.6771e-01   8.9322e+01   3.6542e+01   4.3640e-06   2.7210e-03   3.4822e+02
20260728_13:00:00   3.6681e-01   8.9206e+01   3.6578e+01   0.0000e+00   1.5130e-04   3.4725e+02
20260728_14:00:00   3.6469e-01   8.8862e+01   3.6721e+01   0.0000e+00   5.2888e-04   3.4474e+02
20260728_15:00:00   3.7014e-01   8.9983e+01   3.7521e+01   0.0000e+00   2.0292e-03   3.4132e+02
20260728_16:00:00   3.8023e-01   9.1932e+01   3.8910e+01   4.8680e-04   4.5681e-03   3.4136e+02
20260728_17:00:00   3.9531e-01   9.4863e+01   3.9675e+01   1.2243e-02   4.3158e-03   3.4359e+02
20260728_18:00:00   4.9590e-01   1.1302e+02   4.0026e+01   1.2771e-01   6.1125e-03   3.4214e+02
20260728_19:00:00   6.2963e-01   1.3439e+02   4.1074e+01   2.6988e-01   2.4349e-03   3.4058e+02
20260728_20:00:00   4.8387e-01   1.1089e+02   4.0871e+01   9.9962e-02   3.8299e-03   3.3797e+02
20260728_21:00:00   3.8954e-01   9.3918e+01   4.0056e+01   0.0000e+00   1.3558e-02   3.3563e+02
20260728_22:00:00   3.9352e-01   9.4586e+01   4.0427e+01   0.0000e+00   5.2656e-02   3.3718e+02
20260728_23:00:00   4.0113e-01   9.5908e+01   4.0879e+01   0.0000e+00   1.3471e-02   3.3689e+02
20260729_00:00:00   3.9694e-01   9.5108e+01   3.9968e+01   0.0000e+00   2.8092e-02   3.3719e+02
20260729_01:00:00   3.7960e-01   9.1797e+01   3.8129e+01   0.0000e+00   2.3979e-02   3.3523e+02
20260729_02:00:00   3.7901e-01   9.1620e+01   3.7727e+01   0.0000e+00   2.0885e-02   3.3326e+02
20260729_03:00:00   3.8098e-01   9.1939e+01   3.7987e+01   0.0000e+00   8.4362e-03   3.3224e+02
20260729_04:00:00   3.9489e-01   9.4444e+01   3.9367e+01   0.0000e+00   6.0999e-03   3.3322e+02
20260729_05:00:00   4.0429e-01   9.6093e+01   4.0455e+01   0.0000e+00   9.0956e-03   3.3387e+02
20260729_06:00:00   4.1858e-01   9.8591e+01   4.0570e+01   1.6910e-02   2.1684e-02   3.3149e+02
20260729_07:00:00   5.3164e-01   1.1744e+02   4.1431e+01   1.3537e-01   2.3634e-02   3.3183e+02
20260729_08:00:00   5.8956e-01   1.2637e+02   4.1720e+01   2.0155e-01   6.0593e-02   3.3290e+02
20260729_09:00:00   5.0803e-01   1.1371e+02   4.2558e+01   1.0361e-01   1.1411e-01   3.3188e+02
20260729_10:00:00   5.6703e-01   1.2308e+02   4.3690e+01   1.5682e-01   2.7501e-01   3.3181e+02
20260729_11:00:00   8.3157e-01   1.5902e+02   4.4818e+01   4.4232e-01   5.2574e-01   3.3048e+02
20260729_12:00:00   1.4628e+00   2.1588e+02   4.5717e+01   1.1632e+00   7.2223e-01   3.3035e+02
20260729_13:00:00   1.7696e+00   2.3325e+02   4.6230e+01   1.5153e+00   8.5645e-01   3.2986e+02
20260729_14:00:00   1.1748e+00   1.9511e+02   4.5465e+01   8.4236e-01   7.0018e-01   3.2990e+02
20260729_15:00:00   1.6372e+00   2.2657e+02   4.5983e+01   1.3663e+00   7.0594e-01   3.3044e+02
20260729_16:00:00   1.3892e+00   2.1123e+02   4.5606e+01   1.0836e+00   6.8800e-01   3.3135e+02
20260729_17:00:00   1.1254e+00   1.9066e+02   4.4956e+01   7.9194e-01   7.4025e-01   3.3042e+02
20260729_18:00:00   1.1320e+00   1.8920e+02   4.3073e+01   8.0107e-01   4.0419e-01   3.3407e+02
20260729_19:00:00   1.8439e+00   2.3623e+02   4.3379e+01   1.6285e+00   1.3054e-01   3.3469e+02
20260729_20:00:00   1.4948e+00   2.1982e+02   4.3206e+01   1.2522e+00   2.9730e-02   3.3638e+02
20260729_21:00:00   9.0356e-01   1.6910e+02   4.1889e+01   5.6531e-01   2.5452e-02   3.3711e+02
20260729_22:00:00   9.4735e-01   1.7307e+02   4.3169e+01   6.0117e-01   4.8128e-01   3.3551e+02
20260729_23:00:00   1.0007e+00   1.7740e+02   4.2643e+01   6.5459e-01   6.1307e-01   3.3685e+02
20260730_00:00:00   1.2547e+00   2.0196e+02   4.1827e+01   9.7824e-01   1.9586e-01   3.4163e+02
20260730_01:00:00   1.4041e+00   2.1496e+02   4.1321e+01   1.1922e+00   1.8123e-03   3.4438e+02
20260730_02:00:00   1.5482e+00   2.2537e+02   4.1180e+01   1.3869e+00   7.5652e-04   3.4649e+02
20260730_03:00:00   1.3505e+00   2.1248e+02   4.0935e+01   1.1480e+00   2.2475e-03   3.4829e+02
20260730_04:00:00   1.4627e+00   2.2065e+02   4.1177e+01   1.2898e+00   3.7043e-04   3.5037e+02
20260730_05:00:00   1.6521e+00   2.3219e+02   4.1371e+01   1.5237e+00   2.3623e-04   3.5100e+02
20260730_06:00:00   1.6651e+00   2.3307e+02   4.1851e+01   1.5457e+00   5.5955e-04   3.4932e+02
20260730_07:00:00   1.4351e+00   2.1931e+02   4.2330e+01   1.2690e+00   3.6080e-03   3.4853e+02
20260730_08:00:00   1.3557e+00   2.1360e+02   4.2275e+01   1.1702e+00   1.2968e-02   3.4847e+02
20260730_09:00:00   1.3889e+00   2.1592e+02   4.1543e+01   1.2163e+00   2.7356e-02   3.4980e+02
20260730_10:00:00   1.4311e+00   2.1879e+02   4.1032e+01   1.2722e+00   1.0065e-02   3.5147e+02
20260730_11:00:00   1.5348e+00   2.2530e+02   4.0951e+01   1.3960e+00   1.1940e-02   3.5190e+02
20260730_12:00:00   1.5037e+00   2.2350e+02   4.0549e+01   1.3659e+00   1.3053e-02   3.5179e+02
20260730_13:00:00   1.6014e+00   2.2947e+02   4.0794e+01   1.4861e+00   1.6977e-02   3.5193e+02
20260730_14:00:00   1.6510e+00   2.3209e+02   4.0925e+01   1.5439e+00   7.9026e-03   3.5130e+02
20260730_15:00:00   1.6642e+00   2.3256e+02   4.1284e+01   1.5518e+00   3.7056e-03   3.5023e+02
20260730_16:00:00   1.6389e+00   2.3094e+02   4.1785e+01   1.5123e+00   4.4638e-03   3.4775e+02
20260730_17:00:00   1.4953e+00   2.2244e+02   4.2264e+01   1.3345e+00   4.1955e-03   3.4652e+02
20260730_18:00:00   1.5391e+00   2.2507e+02   4.2366e+01   1.3860e+00   3.6108e-03   3.4729e+02
20260730_19:00:00   1.5967e+00   2.2849e+02   4.2815e+01   1.4532e+00   1.1669e-02   3.4830e+02
20260730_20:00:00   1.5320e+00   2.2456e+02   4.2967e+01   1.3691e+00   9.1655e-03   3.4961e+02
20260730_21:00:00   1.5313e+00   2.2450e+02   4.2996e+01   1.3657e+00   8.5742e-03   3.4642e+02
20260730_22:00:00   1.4429e+00   2.1868e+02   4.2618e+01   1.2573e+00   1.1167e-02   3.4663e+02
20260730_23:00:00   1.2089e+00   2.0081e+02   4.2163e+01   9.7142e-01   8.2645e-03   3.4593e+02
20260731_00:00:00   1.0951e+00   1.9017e+02   4.1675e+01   8.2766e-01   1.7322e-03   3.4601e+02
20260731_01:00:00   9.2942e-01   1.7286e+02   4.1343e+01   6.2505e-01   1.2562e-05   3.4483e+02
20260731_02:00:00   7.8878e-01   1.5573e+02   4.0987e+01   4.5260e-01   9.8220e-05   3.4114e+02
20260731_03:00:00   7.8191e-01   1.5458e+02   4.0593e+01   4.4404e-01   0.0000e+00   3.3984e+02
20260731_04:00:00   7.1618e-01   1.4589e+02   3.9657e+01   3.7725e-01   4.7800e-05   3.3707e+02
20260731_05:00:00   4.3755e-01   1.0167e+02   3.8402e+01   5.8655e-02   2.4217e-05   3.3577e+02
20260731_06:00:00   3.8711e-01   9.2330e+01   3.7381e+01   1.0098e-02   0.0000e+00   3.3685e+02
20260731_07:00:00   3.7429e-01   8.9984e+01   3.5881e+01   3.9764e-03   0.0000e+00   3.3613e+02
20260731_08:00:00   3.8255e-01   9.1638e+01   3.4413e+01   2.2300e-02   0.0000e+00   3.3934e+02
20260731_09:00:00   4.0078e-01   9.5111e+01   3.2536e+01   5.8800e-02   0.0000e+00   3.4329e+02
20260731_10:00:00   3.6013e-01   8.7495e+01   3.0791e+01   2.8600e-02   0.0000e+00   3.4467e+02
20260731_11:00:00   3.3211e-01   8.2051e+01   3.0064e+01   2.6640e-03   0.0000e+00   3.4218e+02
20260731_12:00:00   3.2465e-01   8.0632e+01   2.9553e+01   0.0000e+00   0.0000e+00   3.4004e+02
20260731_13:00:00   3.2698e-01   8.1127e+01   2.9714e+01   0.0000e+00   0.0000e+00   3.3411e+02
20260731_14:00:00   3.2178e-01   8.0202e+01   2.8980e+01   3.4320e-03   0.0000e+00   3.3387e+02
20260731_15:00:00   3.5297e-01   8.6593e+01   2.8774e+01   4.7774e-02   0.0000e+00   3.3436e+02
20260731_16:00:00   3.7086e-01   9.0270e+01   2.8743e+01   7.4260e-02   0.0000e+00   3.3536e+02
20260731_17:00:00   3.9126e-01   9.4215e+01   2.9122e+01   9.6140e-02   4.5420e-07   3.3385e+02
20260731_18:00:00   3.1960e-01   8.0165e+01   2.7854e+01   2.2557e-02   1.0730e-05   3.3484e+02
20260731_19:00:00   3.2234e-01   8.0811e+01   2.7753e+01   2.5063e-02   3.4737e-04   3.3371e+02
20260731_20:00:00   3.0302e-01   7.6948e+01   2.7417e+01   5.8920e-03   2.9740e-04   3.3330e+02
20260731_21:00:00   2.9427e-01   7.5205e+01   2.7026e+01   1.2012e-05   0.0000e+00   3.3231e+02
20260731_22:00:00   2.8889e-01   7.4144e+01   2.6541e+01   0.0000e+00   0.0000e+00   3.3474e+02
20260731_23:00:00   2.9050e-01   7.4497e+01   2.6706e+01   0.0000e+00   6.9000e-05   3.3087e+02
20260801_00:00:00   2.8889e-01   7.4118e+01   2.6722e+01   0.0000e+00   3.9486e-04   3.2699e+02
20260801_01:00:00   2.8474e-01   7.3214e+01   2.6451e+01   0.0000e+00   9.8022e-05   3.2720e+02
20260801_02:00:00   2.8959e-01   7.4160e+01   2.6832e+01   0.0000e+00   2.5437e-04   3.2493e+02
20260801_03:00:00   2.8735e-01   7.3659e+01   2.6405e+01   0.0000e+00   1.6772e-04   3.2458e+02
20260801_04:00:00   2.7839e-01   7.1786e+01   2.5560e+01   0.0000e+00   4.8754e-04   3.2278e+02
20260801_05:00:00   2.7505e-01   7.1063e+01   2.5247e+01   0.0000e+00   1.3492e-04   3.2154e+02
20260801_06:00:00   2.7437e-01   7.0881e+01   2.5153e+01   0.0000e+00   2.7463e-04   3.2104e+02
20260801_07:00:00   2.7363e-01   7.0696e+01   2.5014e+01   0.0000e+00   3.6482e-04   3.1963e+02
20260801_08:00:00   2.6739e-01   6.9376e+01   2.4320e+01   0.0000e+00   3.5696e-04   3.1990e+02
20260801_09:00:00   2.6574e-01   6.9016e+01   2.4144e+01   0.0000e+00   2.8402e-03   3.2102e+02
20260801_10:00:00   2.6211e-01   6.8217e+01   2.3790e+01   0.0000e+00   4.2654e-04   3.2214e+02
20260801_11:00:00   2.6052e-01   6.7879e+01   2.3651e+01   0.0000e+00   2.3638e-03   3.2106e+02
20260801_12:00:00   2.6447e-01   6.8736e+01   2.4097e+01   0.0000e+00   7.6890e-04   3.1968e+02
20260801_13:00:00   2.6008e-01   6.7880e+01   2.3667e+01   0.0000e+00   5.8397e-05   3.1664e+02
20260801_14:00:00   2.5897e-01   6.7738e+01   2.3545e+01   0.0000e+00   1.9190e-04   3.1396e+02
20260801_15:00:00   2.6258e-01   6.8594e+01   2.3947e+01   0.0000e+00   6.8020e-04   3.1284e+02
20260801_16:00:00   2.6523e-01   6.9150e+01   2.4372e+01   0.0000e+00   1.6404e-03   3.1224e+02
20260801_17:00:00   2.6645e-01   6.9416e+01   2.4855e+01   0.0000e+00   1.5380e-03   3.1143e+02
20260801_18:00:00   2.7113e-01   7.0430e+01   2.5539e+01   9.6560e-06   1.1838e-04   3.1094e+02
20260801_19:00:00   2.6859e-01   6.9939e+01   2.5408e+01   7.2420e-05   0.0000e+00   3.1166e+02
20260801_20:00:00   2.7292e-01   7.0938e+01   2.5696e+01   8.5465e-04   0.0000e+00   3.1269e+02
20260801_21:00:00   2.8544e-01   7.3665e+01   2.6459e+01   3.5121e-03   0.0000e+00   3.1289e+02
20260801_22:00:00   2.9876e-01   7.6412e+01   2.6738e+01   1.5704e-02   0.0000e+00   3.1346e+02
20260801_23:00:00   3.1632e-01   7.9973e+01   2.7517e+01   2.6180e-02   0.0000e+00   3.1491e+02
20260802_00:00:00   3.2234e-01   8.1100e+01   2.8276e+01   2.3100e-02   0.0000e+00   3.1332e+02
20260802_01:00:00   3.1070e-01   7.8598e+01   2.8211e+01   1.2352e-02   0.0000e+00   3.1313e+02
20260802_02:00:00   3.0958e-01   7.8214e+01   2.8537e+01   1.0868e-02   0.0000e+00   3.1218e+02
20260802_03:00:00   3.0841e-01   7.7824e+01   2.8587e+01   1.2998e-02   0.0000e+00   3.1150e+02
20260802_04:00:00   3.0812e-01   7.7627e+01   2.8343e+01   1.8588e-02   0.0000e+00   3.1216e+02
20260802_05:00:00   3.0414e-01   7.6679e+01   2.7809e+01   2.4000e-02   0.0000e+00   3.0984e+02
20260802_06:00:00   2.8143e-01   7.1868e+01   2.6737e+01   1.1700e-02   4.7102e-04   3.0886e+02
20260802_07:00:00   2.6118e-01   6.7529e+01   2.5678e+01   2.6080e-04   6.2749e-03   3.0985e+02
20260802_08:00:00   2.5860e-01   6.6876e+01   2.5571e+01   0.0000e+00   2.8531e-02   3.1100e+02
20260802_09:00:00   2.5857e-01   6.6849e+01   2.5401e+01   0.0000e+00   6.8577e-05   3.1412e+02
20260802_10:00:00   2.6082e-01   6.7281e+01   2.5472e+01   0.0000e+00   1.6016e-04   3.1559e+02
20260802_11:00:00   2.5379e-01   6.5755e+01   2.5007e+01   0.0000e+00   2.1640e-03   3.1757e+02
20260802_12:00:00   2.4418e-01   6.3688e+01   2.4217e+01   0.0000e+00   3.6520e-05   3.1848e+02
20260802_15:00:00   2.5387e-01   6.6010e+01   2.5213e+01   0.0000e+00   2.8980e-05   3.1511e+02
20260802_18:00:00   2.4557e-01   6.4498e+01   2.3877e+01   0.0000e+00   1.9517e-03   3.1153e+02
20260802_21:00:00   2.8417e-01   7.2833e+01   2.8888e+01   3.0900e-04   1.3414e-02   3.0571e+02
20260803_00:00:00   3.1096e-01   7.8472e+01   3.1545e+01   1.6698e-03   1.1679e-03   3.0558e+02
20260803_03:00:00   3.5089e-01   8.6229e+01   3.6698e+01   5.1500e-04   2.7064e-01   3.0852e+02
20260803_06:00:00   4.4888e-01   1.0425e+02   4.1374e+01   5.9970e-02   2.4217e-02   3.1182e+02
20260803_09:00:00   4.3207e-01   1.0154e+02   4.3168e+01   1.5645e-02   1.2027e-03   3.1296e+02
20260803_12:00:00   4.0212e-01   9.6196e+01   4.1811e+01   0.0000e+00   7.6376e-04   3.2107e+02
20260803_15:00:00   4.0513e-01   9.7337e+01   4.1437e+01   0.0000e+00   1.9746e-03   3.2041e+02
20260803_18:00:00   6.2643e-01   1.3501e+02   4.1080e+01   2.6862e-01   6.1373e-03   3.2182e+02
20260803_21:00:00   5.3248e-01   1.2040e+02   3.9386e+01   1.5736e-01   6.3580e-03   3.2266e+02
20260804_00:00:00   3.9536e-01   9.6249e+01   3.8585e+01   2.9880e-04   1.7037e-02   3.2361e+02
20260804_03:00:00   4.0846e-01   9.8585e+01   3.9263e+01   0.0000e+00   2.6765e-04   3.2447e+02
20260804_06:00:00   4.0881e-01   9.8470e+01   3.8718e+01   0.0000e+00   3.3243e-04   3.2750e+02
20260804_09:00:00   3.5839e-01   8.8308e+01   3.4320e+01   4.6200e-07   0.0000e+00   3.2899e+02
20260804_12:00:00   3.0873e-01   7.8025e+01   2.9397e+01   0.0000e+00   7.0260e-04   3.2842e+02
20260804_15:00:00   3.0495e-01   7.7269e+01   2.9666e+01   0.0000e+00   4.0200e-05   3.2653e+02
20260804_18:00:00   2.8237e-01   7.2575e+01   2.7759e+01   0.0000e+00   0.0000e+00   3.2466e+02
20260804_21:00:00   2.7216e-01   7.0480e+01   2.6780e+01   0.0000e+00   0.0000e+00   3.2267e+02
20260805_00:00:00   2.7015e-01   7.0104e+01   2.5634e+01   0.0000e+00   3.1800e-04   3.2300e+02
20260805_03:00:00   2.6135e-01   6.8086e+01   2.4147e+01   0.0000e+00   1.9424e-03   3.1675e+02
20260805_06:00:00   2.4612e-01   6.4701e+01   2.2335e+01   0.0000e+00   6.1746e-05   3.1670e+02
20260805_09:00:00   2.5023e-01   6.5522e+01   2.2856e+01   0.0000e+00   2.3401e-03   3.1608e+02
20260805_12:00:00   2.4933e-01   6.5290e+01   2.3010e+01   0.0000e+00   3.6206e-03   3.1494e+02
20260805_15:00:00   2.4685e-01   6.4835e+01   2.3211e+01   0.0000e+00   9.9975e-03   3.1306e+02
20260805_18:00:00   2.4645e-01   6.4967e+01   2.3828e+01   0.0000e+00   2.5477e-02   3.1164e+02
20260805_21:00:00   2.4647e-01   6.5033e+01   2.4249e+01   0.0000e+00   6.8947e-03   3.1116e+02
20260806_00:00:00   2.5068e-01   6.5677e+01   2.5110e+01   0.0000e+00   3.7460e-03   3.1194e+02
20260806_03:00:00   2.6802e-01   6.9153e+01   2.7783e+01   0.0000e+00   9.6187e-03   3.1321e+02
20260806_06:00:00   2.6711e-01   6.8627e+01   2.8197e+01   0.0000e+00   5.9218e-02   3.1375e+02
20260806_09:00:00   2.4710e-01   6.4149e+01   2.6549e+01   0.0000e+00   1.8437e-02   3.1620e+02
20260806_12:00:00   2.4212e-01   6.2935e+01   2.6301e+01   0.0000e+00   6.1963e-02   3.1907e+02
20260806_15:00:00   2.4912e-01   6.4556e+01   2.7326e+01   0.0000e+00   6.4415e-02   3.1238e+02
20260806_18:00:00   2.6191e-01   6.7576e+01   2.8829e+01   0.0000e+00   5.3125e-02   3.1392e+02
20260806_21:00:00   2.6638e-01   6.8813e+01   2.9303e+01   0.0000e+00   7.8079e-03   3.0985e+02
20260807_00:00:00   2.7441e-01   7.0596e+01   2.9296e+01   0.0000e+00   0.0000e+00   3.0830e+02
20260807_03:00:00   2.5777e-01   6.6779e+01   2.7401e+01   0.0000e+00   0.0000e+00   3.1020e+02
20260807_06:00:00   2.4171e-01   6.3117e+01   2.5432e+01   0.0000e+00   0.0000e+00   3.0754e+02
20260807_09:00:00   2.2293e-01   5.8823e+01   2.3302e+01   0.0000e+00   9.8220e-06   3.0840e+02
20260807_12:00:00   2.1299e-01   5.6444e+01   2.2594e+01   0.0000e+00   3.0980e-05   3.1176e+02
20260807_15:00:00   2.2971e-01   6.0204e+01   2.5247e+01   0.0000e+00   5.3714e-03   3.1213e+02
20260807_18:00:00   2.2409e-01   5.9112e+01   2.4621e+01   0.0000e+00   3.4033e-04   3.1198e+02
20260807_21:00:00   3.1077e-01   7.7809e+01   3.5373e+01   0.0000e+00   2.2166e-03   3.1667e+02
20260808_00:00:00   3.9986e-01   9.5828e+01   4.3090e+01   0.0000e+00   1.8247e-05   3.1643e+02
20260808_03:00:00   4.2940e-01   1.0137e+02   4.4129e+01   0.0000e+00   0.0000e+00   3.1306e+02
20260808_06:00:00   4.3379e-01   1.0224e+02   4.3689e+01   0.0000e+00   1.1158e-03   3.1510e+02
20260808_09:00:00   4.4238e-01   1.0388e+02   4.3986e+01   6.4680e-06   5.5227e-03   3.1725e+02
20260808_12:00:00   4.3370e-01   1.0244e+02   4.2246e+01   0.0000e+00   9.2400e-07   3.2560e+02
20260808_15:00:00   4.1531e-01   9.9510e+01   3.9884e+01   6.0500e-03   4.0885e-04   3.3055e+02
20260808_18:00:00   5.7281e-01   1.2680e+02   4.1757e+01   1.9046e-01   2.1108e-03   3.3625e+02
20260808_21:00:00   2.9734e-01   7.5805e+01   3.0703e+01   0.0000e+00   2.6293e-02   3.3428e+02
20260809_00:00:00   2.0107e-01   5.4318e+01   1.9375e+01   0.0000e+00   0.0000e+00   3.2948e+02
20260809_03:00:00   2.2643e-01   5.9935e+01   2.2139e+01   0.0000e+00   1.4978e-02   3.2827e+02
20260809_06:00:00   2.2230e-01   5.8725e+01   2.1307e+01   0.0000e+00   1.1364e-02   3.2522e+02
20260809_09:00:00   2.2823e-01   5.9617e+01   2.2532e+01   0.0000e+00   7.5903e-02   3.2775e+02
20260809_12:00:00   2.5267e-01   6.4701e+01   2.5721e+01   0.0000e+00   1.1121e-01   3.3146e+02
20260809_15:00:00   2.2407e-01   5.8946e+01   2.0622e+01   0.0000e+00   1.8016e-05   3.3828e+02
20260809_18:00:00   2.3648e-01   6.1899e+01   2.2604e+01   0.0000e+00   0.0000e+00   3.3514e+02
20260809_21:00:00   2.3779e-01   6.2144e+01   2.3382e+01   5.9198e-04   4.3275e-05   3.3088e+02
20260810_00:00:00   3.8125e-01   9.1048e+01   2.6240e+01   1.2421e-01   6.3588e-07   3.3710e+02
20260810_03:00:00   2.6081e-01   6.7078e+01   2.4788e+01   0.0000e+00   0.0000e+00   3.4172e+02
20260810_06:00:00   2.5574e-01   6.5757e+01   2.4323e+01   1.0742e-03   9.6560e-06   3.3722e+02
20260810_09:00:00   2.4121e-01   6.2494e+01   2.2921e+01   0.0000e+00   3.9424e-04   3.3810e+02
20260810_12:00:00   2.4043e-01   6.2193e+01   2.2963e+01   1.8478e-06   1.0347e-02   3.3914e+02
20260810_15:00:00   2.4741e-01   6.3779e+01   2.4521e+01   0.0000e+00   6.4265e-04   3.3612e+02
20260810_18:00:00   3.2979e-01   8.0871e+01   2.7875e+01   6.7620e-02   4.5420e-07   3.3922e+02
20260810_21:00:00   2.9853e-01   7.4688e+01   2.9454e+01   1.6940e-02   1.3362e-04   3.3826e+02
20260811_00:00:00   2.8013e-01   7.0873e+01   2.9029e+01   0.0000e+00   5.6717e-03   3.3913e+02
20260811_03:00:00   3.0277e-01   7.5718e+01   3.0939e+01   1.9314e-05   5.6107e-03   3.4336e+02
20260811_06:00:00   3.0533e-01   7.6186e+01   3.1302e+01   0.0000e+00   1.2479e-02   3.4272e+02
20260811_09:00:00   4.2905e-01   9.9470e+01   3.2414e+01   1.2917e-01   1.2241e-04   3.4442e+02
20260811_12:00:00   3.1515e-01   7.8391e+01   3.1287e+01   9.6560e-06   0.0000e+00   3.4231e+02
20260811_15:00:00   3.4628e-01   8.4885e+01   3.3961e+01   5.6155e-03   2.5912e-04   3.3684e+02
20260811_18:00:00   4.3058e-01   1.0058e+02   3.5977e+01   7.8375e-02   1.0298e-03   3.3497e+02
20260811_21:00:00   7.9850e-01   1.5522e+02   3.6584e+01   4.9573e-01   2.1256e-03   3.3396e+02
20260812_00:00:00   5.9015e-01   1.2730e+02   3.7970e+01   2.4049e-01   2.5179e-03   3.3636e+02
20260812_03:00:00   4.4846e-01   1.0446e+02   3.6820e+01   7.8232e-02   2.0280e-05   3.3887e+02
20260812_06:00:00   6.4741e-01   1.3686e+02   3.7149e+01   3.0617e-01   0.0000e+00   3.3892e+02
20260812_09:00:00   7.6038e-01   1.5323e+02   3.6128e+01   4.6352e-01   0.0000e+00   3.3685e+02
20260812_12:00:00   5.5629e-01   1.2312e+02   3.6563e+01   2.0917e-01   2.0078e-03   3.3295e+02
20260812_15:00:00   4.4915e-01   1.0494e+02   3.9541e+01   5.1203e-02   6.5136e-02   3.3464e+02
20260812_18:00:00   4.4815e-01   1.0519e+02   3.9411e+01   5.2271e-02   1.3276e-04   3.2967e+02
20260812_21:00:00   6.2022e-01   1.3406e+02   4.3017e+01   2.4138e-01   1.9314e-05   3.2551e+02
20260813_00:00:00   4.6818e-01   1.0831e+02   4.5989e+01   2.0860e-02   1.6467e-02   3.2558e+02
20260813_03:00:00   4.7952e-01   1.1011e+02   4.6412e+01   2.3800e-02   1.0496e-04   3.2587e+02
20260813_06:00:00   4.6018e-01   1.0659e+02   4.6332e+01   0.0000e+00   8.5519e-04   3.2035e+02
20260813_09:00:00   4.5008e-01   1.0488e+02   4.4640e+01   0.0000e+00   0.0000e+00   3.2212e+02
20260813_12:00:00   4.5411e-01   1.0572e+02   4.3850e+01   7.9306e-03   5.7938e-05   3.2784e+02
