#            date       tau255        Tb[K]      pwv[mm] lwp[kg*m^-2] iwp[kg*m^-2]       o3[DU]
20260811_06:00:00   1.7645e-01   4.6231e+01   1.5120e+01   0.0000e+00   3.2489e-04   2.7598e+02
20260811_07:00:00   1.6897e-01   4.4556e+01   1.4169e+01   0.0000e+00   1.4577e-02   2.7551e+02
20260811_08:00:00   1.6687e-01   4.4021e+01   1.4080e+01   0.0000e+00   2.1865e-02   2.7514e+02
20260811_09:00:00   1.6950e-01   4.4587e+01   1.4551e+01   0.0000e+00   4.8431e-02   2.7586e+02
20260811_10:00:00   1.7251e-01   4.5200e+01   1.5087e+01   0.0000e+00   1.2945e-01   2.7275e+02
20260811_11:00:00   1.6952e-01   4.4525e+01   1.4795e+01   0.0000e+00   4.3776e-02   2.7187e+02
20260811_12:00:00   1.6652e-01   4.3847e+01   1.4463e+01   0.0000e+00   2.6926e-02   2.7174e+02
20260811_13:00:00   1.6249e-01   4.2971e+01   1.3892e+01   0.0000e+00   1.1177e-02   2.7212e+02
20260811_14:00:00   1.5953e-01   4.2300e+01   1.3553e+01   0.0000e+00   8.5391e-03   2.7429e+02
20260811_15:00:00   1.5601e-01   4.1515e+01   1.3110e+01   0.0000e+00   1.2244e-02   2.7562e+02
20260811_16:00:00   1.5194e-01   4.0594e+01   1.2586e+01   0.0000e+00   1.1844e-02   2.7655e+02
20260811_17:00:00   1.5070e-01   4.0285e+01   1.2498e+01   2.5770e-06   2.4316e-02   2.7759e+02
20260811_18:00:00   1.5237e-01   4.0646e+01   1.2817e+01   0.0000e+00   1.1271e-02   2.7835e+02
20260811_19:00:00   1.5625e-01   4.1513e+01   1.3371e+01   0.0000e+00   1.1312e-02   2.7914e+02
20260811_20:00:00   1.6051e-01   4.2453e+01   1.3936e+01   0.0000e+00   4.0109e-02   2.7939e+02
20260811_21:00:00   1.6776e-01   4.4055e+01   1.4832e+01   0.0000e+00   4.3999e-02   2.8082e+02
20260811_22:00:00   1.7135e-01   4.4841e+01   1.5190e+01   0.0000e+00   1.2733e-02   2.8266e+02
20260811_23:00:00   1.6857e-01   4.4175e+01   1.4768e+01   0.0000e+00   4.5904e-03   2.8504e+02
20260812_00:00:00   1.6093e-01   4.2415e+01   1.3633e+01   0.0000e+00   1.1965e-03   2.8858e+02
20260812_01:00:00   1.4685e-01   3.9191e+01   1.1514e+01   0.0000e+00   3.4448e-04   2.9213e+02
20260812_02:00:00   1.3514e-01   3.6448e+01   9.7789e+00   0.0000e+00   0.0000e+00   2.9504e+02
20260812_03:00:00   1.2792e-01   3.4711e+01   8.6394e+00   0.0000e+00   0.0000e+00   2.9673e+02
20260812_04:00:00   1.2279e-01   3.3462e+01   7.8727e+00   0.0000e+00   0.0000e+00   2.9909e+02
20260812_05:00:00   1.1626e-01   3.1873e+01   7.0624e+00   0.0000e+00   0.0000e+00   3.0242e+02
20260812_06:00:00   1.1184e-01   3.0810e+01   6.5398e+00   0.0000e+00   0.0000e+00   3.0386e+02
20260812_07:00:00   1.0824e-01   2.9932e+01   6.0969e+00   0.0000e+00   0.0000e+00   3.0491e+02
20260812_08:00:00   1.0582e-01   2.9336e+01   5.7888e+00   0.0000e+00   0.0000e+00   3.0369e+02
20260812_09:00:00   1.0402e-01   2.8897e+01   5.5852e+00   0.0000e+00   0.0000e+00   3.0141e+02
20260812_10:00:00   1.0256e-01   2.8531e+01   5.4267e+00   0.0000e+00   0.0000e+00   2.9935e+02
20260812_11:00:00   1.0157e-01   2.8283e+01   5.3158e+00   0.0000e+00   0.0000e+00   3.0049e+02
20260812_12:00:00   1.0062e-01   2.8054e+01   5.2094e+00   0.0000e+00   0.0000e+00   3.0015e+02
20260812_13:00:00   1.0031e-01   2.7984e+01   5.1991e+00   0.0000e+00   0.0000e+00   2.9799e+02
20260812_14:00:00   1.0158e-01   2.8292e+01   5.3729e+00   0.0000e+00   0.0000e+00   2.9865e+02
20260812_15:00:00   1.0334e-01   2.8722e+01   5.5939e+00   0.0000e+00   0.0000e+00   2.9906e+02
20260812_16:00:00   1.0527e-01   2.9197e+01   5.8107e+00   0.0000e+00   0.0000e+00   2.9905e+02
20260812_17:00:00   1.0771e-01   2.9797e+01   6.0980e+00   0.0000e+00   0.0000e+00   2.9888e+02
20260812_18:00:00   1.1012e-01   3.0388e+01   6.3930e+00   0.0000e+00   0.0000e+00   2.9966e+02
20260812_19:00:00   1.1319e-01   3.1122e+01   6.7641e+00   0.0000e+00   0.0000e+00   3.0179e+02
20260812_20:00:00   1.1537e-01   3.1658e+01   7.0302e+00   0.0000e+00   0.0000e+00   3.0435e+02
20260812_21:00:00   1.1764e-01   3.2212e+01   7.3145e+00   0.0000e+00   0.0000e+00   3.0447e+02
20260812_22:00:00   1.1936e-01   3.2622e+01   7.5288e+00   0.0000e+00   0.0000e+00   3.0440e+02
20260812_23:00:00   1.2070e-01   3.2946e+01   7.7122e+00   0.0000e+00   0.0000e+00   3.0423e+02
20260813_00:00:00   1.2229e-01   3.3316e+01   7.9174e+00   0.0000e+00   0.0000e+00   3.0374e+02
20260813_01:00:00   1.2484e-01   3.3919e+01   8.2309e+00   0.0000e+00   0.0000e+00   3.0370e+02
20260813_02:00:00   1.2766e-01   3.4575e+01   8.5577e+00   0.0000e+00   0.0000e+00   3.0349e+02
20260813_03:00:00   1.3019e-01   3.5149e+01   8.8420e+00   0.0000e+00   0.0000e+00   3.0207e+02
20260813_04:00:00   1.3259e-01   3.5683e+01   9.1021e+00   0.0000e+00   0.0000e+00   3.0080e+02
20260813_05:00:00   1.3445e-01   3.6086e+01   9.2931e+00   0.0000e+00   0.0000e+00   3.0045e+02
20260813_06:00:00   1.3658e-01   3.6547e+01   9.5374e+00   0.0000e+00   0.0000e+00   3.0056e+02
20260813_07:00:00   1.3900e-01   3.7084e+01   9.8029e+00   0.0000e+00   0.0000e+00   3.0047e+02
20260813_08:00:00   1.4142e-01   3.7616e+01   1.0043e+01   0.0000e+00   0.0000e+00   3.0113e+02
20260813_09:00:00   1.4383e-01   3.8154e+01   1.0289e+01   0.0000e+00   0.0000e+00   3.0309e+02
20260813_10:00:00   1.4641e-01   3.8729e+01   1.0560e+01   0.0000e+00   7.0160e-06   3.0548e+02
20260813_11:00:00   1.4966e-01   3.9456e+01   1.0904e+01   0.0000e+00   7.0160e-06   3.0734e+02
20260813_12:00:00   1.5304e-01   4.0222e+01   1.1281e+01   0.0000e+00   7.9140e-06   3.0800e+02
20260813_13:00:00   1.5627e-01   4.0958e+01   1.1663e+01   0.0000e+00   9.6315e-06   3.0747e+02
20260813_14:00:00   1.5937e-01   4.1661e+01   1.2031e+01   4.4900e-06   7.5061e-05   3.0746e+02
20260813_15:00:00   1.6094e-01   4.2021e+01   1.2239e+01   0.0000e+00   7.8230e-05   3.0711e+02
20260813_16:00:00   1.6073e-01   4.1987e+01   1.2242e+01   0.0000e+00   9.3814e-05   3.0669e+02
20260813_17:00:00   1.6208e-01   4.2315e+01   1.2038e+01   3.9300e-03   1.0261e-04   3.0660e+02
20260813_18:00:00   1.5757e-01   4.1290e+01   1.1960e+01   0.0000e+00   2.2481e-05   3.0636e+02
20260813_19:00:00   1.5828e-01   4.1462e+01   1.2070e+01   0.0000e+00   2.3331e-05   3.0621e+02
20260813_20:00:00   1.5814e-01   4.1445e+01   1.2062e+01   0.0000e+00   2.8552e-05   3.0622e+02
20260813_21:00:00   1.5698e-01   4.1196e+01   1.1930e+01   0.0000e+00   1.0441e-05   3.0614e+02
20260813_22:00:00   1.5497e-01   4.0755e+01   1.1679e+01   0.0000e+00   1.0441e-05   3.0604e+02
20260813_23:00:00   1.5118e-01   3.9919e+01   1.1183e+01   0.0000e+00   1.1485e-05   3.0574e+02
20260814_00:00:00   1.4636e-01   3.8850e+01   1.0547e+01   0.0000e+00   5.2205e-06   3.0600e+02
20260814_01:00:00   1.4174e-01   3.7831e+01   9.9182e+00   0.0000e+00   7.1719e-07   3.0693e+02
20260814_02:00:00   1.3764e-01   3.6916e+01   9.3538e+00   0.0000e+00   0.0000e+00   3.0818e+02
20260814_03:00:00   1.3442e-01   3.6198e+01   8.9314e+00   0.0000e+00   0.0000e+00   3.0959e+02
20260814_04:00:00   1.3183e-01   3.5610e+01   8.6351e+00   0.0000e+00   0.0000e+00   3.1082e+02
20260814_05:00:00   1.2940e-01   3.5051e+01   8.3732e+00   0.0000e+00   0.0000e+00   3.1149e+02
20260814_06:00:00   1.2700e-01   3.4502e+01   8.1129e+00   0.0000e+00   0.0000e+00   3.1149e+02
20260814_07:00:00   1.2503e-01   3.4047e+01   7.9035e+00   0.0000e+00   0.0000e+00   3.1108e+02
20260814_08:00:00   1.2332e-01   3.3648e+01   7.7220e+00   0.0000e+00   0.0000e+00   3.1075e+02
20260814_09:00:00   1.2176e-01   3.3292e+01   7.5662e+00   0.0000e+00   0.0000e+00   3.1150e+02
20260814_10:00:00   1.2031e-01   3.2961e+01   7.4180e+00   0.0000e+00   0.0000e+00   3.1230e+02
20260814_11:00:00   1.1938e-01   3.2752e+01   7.3300e+00   0.0000e+00   0.0000e+00   3.1268e+02
20260814_12:00:00   1.1911e-01   3.2694e+01   7.3073e+00   0.0000e+00   0.0000e+00   3.1369e+02
20260814_13:00:00   1.1892e-01   3.2659e+01   7.2971e+00   0.0000e+00   0.0000e+00   3.1414e+02
20260814_14:00:00   1.1916e-01   3.2714e+01   7.3272e+00   0.0000e+00   0.0000e+00   3.1431e+02
20260814_15:00:00   1.1971e-01   3.2857e+01   7.3833e+00   0.0000e+00   0.0000e+00   3.1465e+02
20260814_16:00:00   1.2055e-01   3.3062e+01   7.4598e+00   0.0000e+00   0.0000e+00   3.1485e+02
20260814_17:00:00   1.2172e-01   3.3348e+01   7.5725e+00   0.0000e+00   0.0000e+00   3.1506e+02
20260814_18:00:00   1.2317e-01   3.3697e+01   7.6981e+00   0.0000e+00   0.0000e+00   3.1501e+02
20260814_19:00:00   1.2489e-01   3.4098e+01   7.8523e+00   0.0000e+00   0.0000e+00   3.1526e+02
20260814_20:00:00   1.2613e-01   3.4370e+01   7.9556e+00   0.0000e+00   0.0000e+00   3.1595e+02
20260814_21:00:00   1.2702e-01   3.4568e+01   8.0245e+00   0.0000e+00   0.0000e+00   3.1733e+02
20260814_22:00:00   1.2725e-01   3.4611e+01   8.0398e+00   0.0000e+00   0.0000e+00   3.1803e+02
20260814_23:00:00   1.2707e-01   3.4560e+01   8.0424e+00   0.0000e+00   0.0000e+00   3.1790e+02
20260815_00:00:00   1.2655e-01   3.4436e+01   8.0273e+00   0.0000e+00   0.0000e+00   3.1670e+02
20260815_01:00:00   1.2625e-01   3.4359e+01   8.0380e+00   0.0000e+00   0.0000e+00   3.1446e+02
20260815_02:00:00   1.2587e-01   3.4260e+01   8.0493e+00   0.0000e+00   0.0000e+00   3.1296e+02
20260815_03:00:00   1.2558e-01   3.4188e+01   8.0883e+00   0.0000e+00   0.0000e+00   3.1237e+02
20260815_04:00:00   1.2484e-01   3.4010e+01   8.0832e+00   0.0000e+00   0.0000e+00   3.1332e+02
20260815_05:00:00   1.2415e-01   3.3840e+01   8.0724e+00   0.0000e+00   0.0000e+00   3.1386e+02
20260815_06:00:00   1.2318e-01   3.3601e+01   8.0216e+00   0.0000e+00   0.0000e+00   3.1335e+02
20260815_07:00:00   1.2241e-01   3.3409e+01   7.9872e+00   0.0000e+00   0.0000e+00   3.1266e+02
20260815_08:00:00   1.2183e-01   3.3267e+01   7.9734e+00   0.0000e+00   0.0000e+00   3.1309e+02
20260815_09:00:00   1.2216e-01   3.3335e+01   8.0746e+00   0.0000e+00   0.0000e+00   3.1351e+02
20260815_10:00:00   1.2339e-01   3.3612e+01   8.2799e+00   0.0000e+00   0.0000e+00   3.1340e+02
20260815_11:00:00   1.2446e-01   3.3860e+01   8.4739e+00   0.0000e+00   3.0580e-05   3.1330e+02
20260815_12:00:00   1.2568e-01   3.4142e+01   8.6822e+00   0.0000e+00   4.3635e-05   3.1289e+02
20260815_13:00:00   1.2751e-01   3.4566e+01   8.9710e+00   0.0000e+00   0.0000e+00   3.1191e+02
20260815_14:00:00   1.3001e-01   3.5155e+01   9.3373e+00   0.0000e+00   0.0000e+00   3.1051e+02
20260815_15:00:00   1.3311e-01   3.5881e+01   9.7613e+00   0.0000e+00   5.2673e-04   3.0865e+02
20260815_16:00:00   1.3599e-01   3.6551e+01   1.0137e+01   0.0000e+00   1.3186e-03   3.0730e+02
20260815_17:00:00   1.3883e-01   3.7203e+01   1.0521e+01   0.0000e+00   2.5073e-03   3.0685e+02
20260815_18:00:00   1.4125e-01   3.7755e+01   1.0853e+01   0.0000e+00   1.6290e-03   3.0664e+02
20260815_19:00:00   1.4306e-01   3.8169e+01   1.1056e+01   0.0000e+00   2.3951e-04   3.0672e+02
20260815_20:00:00   1.4427e-01   3.8454e+01   1.1172e+01   0.0000e+00   1.4276e-06   3.0643e+02
20260815_21:00:00   1.4488e-01   3.8605e+01   1.1210e+01   0.0000e+00   0.0000e+00   3.0531e+02
20260815_22:00:00   1.4538e-01   3.8717e+01   1.1240e+01   0.0000e+00   0.0000e+00   3.0507e+02
20260815_23:00:00   1.4574e-01   3.8807e+01   1.1248e+01   0.0000e+00   0.0000e+00   3.0408e+02
20260816_00:00:00   1.4596e-01   3.8859e+01   1.1241e+01   0.0000e+00   0.0000e+00   3.0352e+02
20260816_01:00:00   1.4597e-01   3.8867e+01   1.1206e+01   0.0000e+00   0.0000e+00   3.0226e+02
20260816_02:00:00   1.4587e-01   3.8842e+01   1.1151e+01   0.0000e+00   0.0000e+00   3.0194e+02
20260816_03:00:00   1.4597e-01   3.8856e+01   1.1130e+01   0.0000e+00   0.0000e+00   3.0186e+02
20260816_04:00:00   1.4551e-01   3.8742e+01   1.1051e+01   0.0000e+00   0.0000e+00   3.0063e+02
20260816_05:00:00   1.4445e-01   3.8495e+01   1.0904e+01   0.0000e+00   0.0000e+00   2.9918e+02
20260816_06:00:00   1.4334e-01   3.8246e+01   1.0746e+01   0.0000e+00   0.0000e+00   2.9750e+02
20260816_09:00:00   1.3987e-01   3.7433e+01   1.0272e+01   0.0000e+00   0.0000e+00   2.9577e+02
20260816_12:00:00   1.3716e-01   3.6800e+01   9.8964e+00   0.0000e+00   0.0000e+00   2.9539e+02
20260816_15:00:00   1.3434e-01   3.6147e+01   9.5718e+00   0.0000e+00   0.0000e+00   2.9370e+02
20260816_18:00:00   1.3205e-01   3.5601e+01   9.3244e+00   0.0000e+00   0.0000e+00   2.9587e+02
20260816_21:00:00   1.3087e-01   3.5323e+01   9.2657e+00   0.0000e+00   0.0000e+00   3.0270e+02
20260817_00:00:00   1.3114e-01   3.5367e+01   9.3156e+00   0.0000e+00   0.0000e+00   3.0608e+02
20260817_03:00:00   1.3072e-01   3.5251e+01   9.2631e+00   0.0000e+00   0.0000e+00   3.0589e+02
20260817_06:00:00   1.2992e-01   3.5040e+01   9.1774e+00   0.0000e+00   3.0803e-05   3.0517e+02
20260817_09:00:00   1.2829e-01   3.4647e+01   8.9655e+00   0.0000e+00   0.0000e+00   3.0932e+02
20260817_12:00:00   1.2764e-01   3.4488e+01   8.8814e+00   0.0000e+00   0.0000e+00   3.1410e+02
20260817_15:00:00   1.3115e-01   3.5309e+01   9.3384e+00   0.0000e+00   7.3580e-04   3.1576e+02
20260817_18:00:00   1.3898e-01   3.7119e+01   1.0225e+01   0.0000e+00   6.3093e-03   3.1672e+02
20260817_21:00:00   1.4969e-01   3.9537e+01   1.1465e+01   0.0000e+00   1.2237e-02   3.1787e+02
20260818_00:00:00   1.6047e-01   4.1884e+01   1.2649e+01   0.0000e+00   3.9355e-02   3.1640e+02
20260818_03:00:00   1.6576e-01   4.3033e+01   1.3078e+01   0.0000e+00   1.3492e-02   3.1738e+02
20260818_06:00:00   1.7137e-01   4.4225e+01   1.3469e+01   1.7056e-03   1.4078e-02   3.1916e+02
20260818_09:00:00   2.0302e-01   5.1269e+01   1.4798e+01   2.2681e-02   1.6902e-02   3.2274e+02
20260818_12:00:00   3.4774e-01   8.1070e+01   1.5528e+01   1.7610e-01   7.1406e-03   3.2409e+02
20260818_15:00:00   2.6080e-01   6.3811e+01   1.5163e+01   7.9621e-02   7.2181e-04   3.2053e+02
20260818_18:00:00   2.1573e-01   5.4304e+01   1.4440e+01   3.7298e-02   2.2781e-04   3.1784e+02
20260818_21:00:00   1.7553e-01   4.5476e+01   1.3537e+01   2.1702e-03   5.3745e-05   3.1725e+02
20260819_00:00:00   1.6942e-01   4.4126e+01   1.3173e+01   0.0000e+00   8.1570e-06   3.2056e+02
20260819_03:00:00   1.6415e-01   4.2941e+01   1.2624e+01   0.0000e+00   3.4011e-05   3.1836e+02
20260819_06:00:00   1.5811e-01   4.1549e+01   1.1973e+01   0.0000e+00   0.0000e+00   3.1639e+02
20260819_09:00:00   1.5288e-01   4.0361e+01   1.1372e+01   0.0000e+00   0.0000e+00   3.2378e+02
20260819_12:00:00   1.5131e-01   4.0010e+01   1.1335e+01   0.0000e+00   0.0000e+00   3.2895e+02
20260819_15:00:00   1.4992e-01   3.9761e+01   1.1162e+01   0.0000e+00   4.9800e-06   3.2599e+02
20260819_18:00:00   1.4876e-01   3.9542e+01   1.1055e+01   0.0000e+00   1.0473e-03   3.2028e+02
20260819_21:00:00   1.5090e-01   4.0001e+01   1.1543e+01   0.0000e+00   7.0080e-03   3.1550e+02
20260820_00:00:00   1.5561e-01   4.1025e+01   1.2358e+01   0.0000e+00   8.7234e-03   3.1089e+02
20260820_03:00:00   1.6892e-01   4.3958e+01   1.4223e+01   0.0000e+00   1.8370e-02   3.0631e+02
20260820_06:00:00   1.8177e-01   4.6778e+01   1.5800e+01   0.0000e+00   1.0237e-01   3.0276e+02
20260820_09:00:00   1.9640e-01   4.9948e+01   1.7369e+01   0.0000e+00   2.5031e-01   3.0410e+02
20260820_12:00:00   2.1987e-01   5.5039e+01   1.8643e+01   1.0906e-02   4.4212e-01   3.0529e+02
20260820_15:00:00   3.1766e-01   7.5255e+01   1.8767e+01   1.1746e-01   5.7607e-01   3.0363e+02
20260820_18:00:00   6.3276e-01   1.2884e+02   1.8671e+01   4.7590e-01   2.9189e-01   3.0659e+02
20260820_21:00:00   6.9797e-01   1.3778e+02   1.8500e+01   5.5044e-01   2.5851e-01   3.0802e+02
20260821_00:00:00   4.5929e-01   1.0133e+02   1.8018e+01   2.8356e-01   6.1392e-02   3.1353e+02
20260821_03:00:00   5.1934e-01   1.1085e+02   1.7560e+01   3.5310e-01   4.2467e-02   3.0799e+02
20260821_06:00:00   5.4836e-01   1.1545e+02   1.8059e+01   3.8192e-01   1.1071e-01   3.0327e+02
20260821_09:00:00   6.9369e-01   1.3653e+02   1.6967e+01   5.5216e-01   1.4400e-01   3.0806e+02
20260821_12:00:00   4.2252e-01   9.4706e+01   1.5092e+01   2.6354e-01   2.7409e-02   3.0913e+02
20260821_15:00:00   3.3014e-01   7.7571e+01   1.4272e+01   1.6948e-01   2.5317e-02   3.0796e+02
20260821_18:00:00   1.9621e-01   4.9897e+01   1.4693e+01   1.8127e-02   9.3370e-02   3.0613e+02
20260821_21:00:00   1.7693e-01   4.5682e+01   1.4034e+01   1.4099e-03   2.1139e-04   3.0000e+02
20260822_00:00:00   1.7171e-01   4.4529e+01   1.3488e+01   3.4796e-05   1.5288e-05   2.9076e+02
20260822_03:00:00   1.7097e-01   4.4309e+01   1.3620e+01   1.0102e-05   4.1229e-03   2.8382e+02
20260822_06:00:00   1.6951e-01   4.3960e+01   1.3654e+01   0.0000e+00   1.6434e-03   2.8474e+02
20260822_09:00:00   1.7420e-01   4.4992e+01   1.4481e+01   0.0000e+00   6.4076e-03   2.8733e+02
20260822_12:00:00   1.8804e-01   4.8085e+01   1.6144e+01   0.0000e+00   1.2575e-01   2.8312e+02
20260822_15:00:00   3.2811e-01   7.7232e+01   1.7741e+01   1.4060e-01   2.0947e-01   2.8103e+02
20260822_18:00:00   6.2678e-01   1.2754e+02   1.8634e+01   4.6770e-01   1.1724e-01   2.7798e+02
20260822_21:00:00   6.2492e-01   1.2737e+02   1.9359e+01   4.5990e-01   2.5869e-01   2.7541e+02
20260823_00:00:00   4.8100e-01   1.0503e+02   1.9400e+01   2.9938e-01   1.0292e-01   2.7504e+02
20260823_03:00:00   3.0262e-01   7.2443e+01   1.9260e+01   9.8485e-02   4.5168e-01   2.7333e+02
20260823_06:00:00   4.9340e-01   1.0697e+02   1.8793e+01   3.1682e-01   5.0280e-01   2.7369e+02
20260823_09:00:00   3.5798e-01   8.3177e+01   1.8320e+01   1.6899e-01   4.8899e-01   2.7460e+02
20260823_12:00:00   3.0750e-01   7.3338e+01   1.7585e+01   1.1945e-01   4.4028e-01   2.7616e+02
20260823_15:00:00   5.4547e-01   1.1508e+02   1.6769e+01   3.9308e-01   4.2174e-01   2.7997e+02
20260823_18:00:00   5.4016e-01   1.1422e+02   1.5352e+01   3.9933e-01   1.7426e-01   2.8863e+02
20260823_21:00:00   4.3463e-01   9.6749e+01   1.4870e+01   2.8398e-01   3.9456e-01   2.9332e+02
20260824_00:00:00   2.2368e-01   5.5397e+01   1.2551e+01   6.5287e-02   5.8766e-01   2.9469e+02
20260824_03:00:00   1.6310e-01   4.1937e+01   1.1095e+01   1.0443e-02   3.5391e-01   2.9769e+02
20260824_06:00:00   1.4884e-01   3.8549e+01   1.0129e+01   1.7943e-03   5.3323e-01   3.0055e+02
20260824_09:00:00   1.4202e-01   3.6873e+01   9.5719e+00   2.7417e-04   5.0476e-01   3.0082e+02
20260824_12:00:00   1.3661e-01   3.5580e+01   9.0937e+00   1.9515e-04   4.3546e-01   3.0128e+02
20260824_15:00:00   1.2421e-01   3.2742e+01   7.8129e+00   0.0000e+00   1.8350e-01   3.0300e+02
20260824_18:00:00   1.1708e-01   3.1125e+01   6.8510e+00   0.0000e+00   4.8638e-02   3.0611e+02
20260824_21:00:00   1.0924e-01   2.9323e+01   5.5348e+00   0.0000e+00   1.5273e-03   3.1347e+02
20260825_00:00:00   1.2298e-01   3.2397e+01   6.9567e+00   0.0000e+00   4.4073e-02   3.1537e+02
20260825_03:00:00   1.2837e-01   3.3693e+01   7.5569e+00   3.1269e-04   7.4753e-02   3.0975e+02
20260825_06:00:00   1.3187e-01   3.4549e+01   7.4644e+00   4.5887e-03   2.2663e-02   3.1014e+02
20260825_09:00:00   1.2218e-01   3.2356e+01   6.9024e+00   4.8930e-06   6.5103e-03   3.0525e+02
20260825_12:00:00   1.2063e-01   3.1976e+01   6.9570e+00   0.0000e+00   8.9719e-03   3.0389e+02
20260825_15:00:00   1.2187e-01   3.2279e+01   7.3316e+00   0.0000e+00   2.1177e-03   3.0263e+02
20260825_18:00:00   1.2029e-01   3.1953e+01   7.3939e+00   0.0000e+00   1.0710e-02   3.0343e+02
20260825_21:00:00   1.1995e-01   3.1941e+01   7.5001e+00   0.0000e+00   2.6862e-03   3.0658e+02
20260826_00:00:00   1.1957e-01   3.1922e+01   7.4839e+00   0.0000e+00   3.6140e-05   3.0991e+02
20260826_03:00:00   1.2022e-01   3.2126e+01   7.6073e+00   0.0000e+00   1.8009e-03   3.0729e+02
20260826_06:00:00   1.2555e-01   3.3371e+01   8.3252e+00   0.0000e+00   6.7757e-03   3.0674e+02
20260826_09:00:00   1.3644e-01   3.5884e+01   9.6184e+00   0.0000e+00   2.1161e-02   3.0589e+02
20260826_12:00:00   1.4973e-01   3.8951e+01   1.0946e+01   0.0000e+00   5.1301e-02   3.0377e+02
20260826_15:00:00   1.5536e-01   4.0186e+01   1.1501e+01   0.0000e+00   8.3795e-02   3.0161e+02
20260826_18:00:00   1.6696e-01   4.2797e+01   1.1333e+01   1.1463e-02   3.2991e-01   3.0067e+02
20260826_21:00:00   1.4388e-01   3.7581e+01   8.7973e+00   1.1492e-02   2.8837e-01   3.0465e+02
20260827_00:00:00   1.3317e-01   3.4946e+01   8.1475e+00   1.3372e-03   1.1747e-01   3.1579e+02
20260827_03:00:00   1.2840e-01   3.3920e+01   6.9745e+00   5.2093e-03   1.0546e-03   3.1799e+02
20260827_06:00:00   1.1114e-01   2.9831e+01   5.9385e+00   0.0000e+00   1.6061e-03   3.1309e+02
