#            date       tau255        Tb[K]      pwv[mm] lwp[kg*m^-2] iwp[kg*m^-2]       o3[DU]
20260821_18:00:00   5.4811e-01   1.1579e+02   1.8826e+01   3.7355e-01   1.1171e-01   3.0475e+02
20260821_19:00:00   5.7918e-01   1.2069e+02   1.8802e+01   4.0962e-01   2.7656e-02   3.0748e+02
20260821_20:00:00   5.7964e-01   1.2083e+02   1.8743e+01   4.1100e-01   1.7517e-02   3.0808e+02
20260821_21:00:00   5.7342e-01   1.1997e+02   1.8754e+01   4.0404e-01   2.0501e-02   3.0830e+02
20260821_22:00:00   6.2394e-01   1.2750e+02   1.8799e+01   4.6032e-01   1.2908e-02   3.0888e+02
20260821_23:00:00   4.9836e-01   1.0818e+02   1.8679e+01   3.1950e-01   6.1641e-03   3.0929e+02
20260822_00:00:00   3.6687e-01   8.5016e+01   1.8527e+01   1.7129e-01   7.0087e-03   3.0971e+02
20260822_01:00:00   4.3961e-01   9.8033e+01   1.8487e+01   2.5269e-01   1.2133e-02   3.1166e+02
20260822_02:00:00   4.1621e-01   9.3962e+01   1.8514e+01   2.2604e-01   9.4171e-03   3.1415e+02
20260822_03:00:00   3.0388e-01   7.2824e+01   1.8446e+01   1.0011e-01   1.2526e-02   3.1586e+02
20260822_04:00:00   3.0883e-01   7.3819e+01   1.8391e+01   1.0611e-01   3.3554e-02   3.1617e+02
20260822_05:00:00   3.5771e-01   8.3364e+01   1.7942e+01   1.6465e-01   1.6662e-02   3.1649e+02
20260822_06:00:00   3.0139e-01   7.2499e+01   1.7104e+01   1.0747e-01   2.6761e-03   3.1595e+02
20260822_07:00:00   2.3122e-01   5.8005e+01   1.5847e+01   3.9985e-02   5.7322e-04   3.1390e+02
20260822_08:00:00   1.8163e-01   4.7194e+01   1.4253e+01   1.9036e-04   1.6562e-04   3.1352e+02
20260822_09:00:00   1.7228e-01   4.5090e+01   1.3239e+01   0.0000e+00   1.2882e-06   3.1502e+02
20260822_10:00:00   1.6824e-01   4.4171e+01   1.2807e+01   7.5274e-05   1.2882e-06   3.1516e+02
20260822_11:00:00   1.6846e-01   4.4222e+01   1.2862e+01   5.9778e-04   0.0000e+00   3.1459e+02
20260822_12:00:00   1.6830e-01   4.4213e+01   1.2938e+01   7.3480e-04   4.2480e-07   3.1378e+02
20260822_13:00:00   1.6203e-01   4.2790e+01   1.2413e+01   0.0000e+00   4.2480e-07   3.1274e+02
20260822_14:00:00   1.5813e-01   4.1900e+01   1.2090e+01   0.0000e+00   0.0000e+00   3.1197e+02
20260822_15:00:00   1.5577e-01   4.1365e+01   1.1933e+01   0.0000e+00   0.0000e+00   3.1179e+02
20260822_16:00:00   1.5451e-01   4.1089e+01   1.1857e+01   0.0000e+00   0.0000e+00   3.1170e+02
20260822_17:00:00   1.5315e-01   4.0783e+01   1.1750e+01   0.0000e+00   0.0000e+00   3.1131e+02
20260822_18:00:00   1.5134e-01   4.0362e+01   1.1586e+01   0.0000e+00   0.0000e+00   3.1115e+02
20260822_19:00:00   1.5041e-01   4.0142e+01   1.1513e+01   0.0000e+00   1.4276e-06   3.1215e+02
20260822_20:00:00   1.4896e-01   3.9786e+01   1.1383e+01   0.0000e+00   1.8270e-05   3.1278e+02
20260822_21:00:00   1.4795e-01   3.9533e+01   1.1291e+01   0.0000e+00   2.6492e-04   3.1264e+02
20260822_22:00:00   1.4703e-01   3.9300e+01   1.1225e+01   0.0000e+00   1.1618e-03   3.1213e+02
20260822_23:00:00   1.4576e-01   3.8983e+01   1.1119e+01   0.0000e+00   1.9274e-03   3.1216e+02
20260823_00:00:00   1.4470e-01   3.8725e+01   1.1021e+01   0.0000e+00   2.7202e-03   3.1280e+02
20260823_01:00:00   1.4377e-01   3.8494e+01   1.0936e+01   0.0000e+00   3.1668e-03   3.1321e+02
20260823_02:00:00   1.4274e-01   3.8242e+01   1.0846e+01   0.0000e+00   2.9468e-03   3.1378e+02
20260823_03:00:00   1.4138e-01   3.7913e+01   1.0736e+01   0.0000e+00   1.3400e-03   3.1461e+02
20260823_04:00:00   1.3959e-01   3.7477e+01   1.0556e+01   0.0000e+00   2.2600e-04   3.1442e+02
20260823_05:00:00   1.3795e-01   3.7078e+01   1.0373e+01   0.0000e+00   0.0000e+00   3.1331e+02
20260823_06:00:00   1.3686e-01   3.6809e+01   1.0243e+01   0.0000e+00   0.0000e+00   3.1226e+02
20260823_07:00:00   1.3600e-01   3.6597e+01   1.0152e+01   0.0000e+00   0.0000e+00   3.1023e+02
20260823_08:00:00   1.3503e-01   3.6362e+01   1.0031e+01   0.0000e+00   0.0000e+00   3.0856e+02
20260823_09:00:00   1.3435e-01   3.6196e+01   9.9363e+00   0.0000e+00   0.0000e+00   3.0843e+02
20260823_10:00:00   1.3393e-01   3.6093e+01   9.8693e+00   0.0000e+00   0.0000e+00   3.0919e+02
20260823_11:00:00   1.3392e-01   3.6083e+01   9.8669e+00   0.0000e+00   0.0000e+00   3.1087e+02
20260823_12:00:00   1.3403e-01   3.6108e+01   9.8773e+00   0.0000e+00   0.0000e+00   3.1225e+02
20260823_13:00:00   1.3451e-01   3.6219e+01   9.9179e+00   0.0000e+00   2.1100e-05   3.1280e+02
20260823_14:00:00   1.3531e-01   3.6407e+01   9.9837e+00   0.0000e+00   4.1200e-05   3.1358e+02
20260823_15:00:00   1.3604e-01   3.6582e+01   1.0045e+01   0.0000e+00   2.2844e-04   3.1555e+02
20260823_16:00:00   1.3633e-01   3.6657e+01   1.0046e+01   0.0000e+00   1.5954e-04   3.1739e+02
20260823_17:00:00   1.3682e-01   3.6773e+01   1.0058e+01   0.0000e+00   1.6471e-04   3.1831e+02
20260823_18:00:00   1.3804e-01   3.7048e+01   1.0157e+01   0.0000e+00   3.1781e-04   3.1860e+02
20260823_19:00:00   1.3872e-01   3.7201e+01   1.0195e+01   0.0000e+00   5.1282e-04   3.1808e+02
20260823_20:00:00   1.3910e-01   3.7287e+01   1.0188e+01   0.0000e+00   7.9140e-05   3.1656e+02
20260823_21:00:00   1.3929e-01   3.7328e+01   1.0179e+01   0.0000e+00   2.2460e-06   3.1405e+02
20260823_22:00:00   1.3896e-01   3.7249e+01   1.0104e+01   0.0000e+00   0.0000e+00   3.1111e+02
20260823_23:00:00   1.3822e-01   3.7078e+01   9.9908e+00   0.0000e+00   0.0000e+00   3.0724e+02
20260824_00:00:00   1.3757e-01   3.6911e+01   9.8940e+00   0.0000e+00   0.0000e+00   3.0367e+02
20260824_01:00:00   1.3699e-01   3.6758e+01   9.8210e+00   0.0000e+00   0.0000e+00   3.0083e+02
20260824_02:00:00   1.3590e-01   3.6492e+01   9.7041e+00   0.0000e+00   0.0000e+00   2.9857e+02
20260824_03:00:00   1.3521e-01   3.6310e+01   9.6460e+00   0.0000e+00   0.0000e+00   2.9652e+02
20260824_04:00:00   1.3483e-01   3.6196e+01   9.6348e+00   0.0000e+00   1.1420e-06   2.9531e+02
20260824_05:00:00   1.3430e-01   3.6052e+01   9.6058e+00   0.0000e+00   9.3000e-06   2.9508e+02
20260824_06:00:00   1.3392e-01   3.5947e+01   9.5673e+00   0.0000e+00   8.4502e-06   2.9427e+02
20260824_07:00:00   1.3383e-01   3.5919e+01   9.5522e+00   0.0000e+00   7.0160e-06   2.9264e+02
20260824_08:00:00   1.3375e-01   3.5890e+01   9.5380e+00   0.0000e+00   2.3980e-05   2.8929e+02
20260824_09:00:00   1.3409e-01   3.5954e+01   9.5584e+00   0.0000e+00   3.3440e-05   2.8702e+02
20260824_10:00:00   1.3454e-01   3.6049e+01   9.6069e+00   0.0000e+00   0.0000e+00   2.8538e+02
20260824_11:00:00   1.3479e-01   3.6105e+01   9.6379e+00   0.0000e+00   0.0000e+00   2.8350e+02
20260824_12:00:00   1.3472e-01   3.6083e+01   9.6294e+00   0.0000e+00   0.0000e+00   2.8222e+02
20260824_13:00:00   1.3454e-01   3.6041e+01   9.6068e+00   0.0000e+00   0.0000e+00   2.8108e+02
20260824_14:00:00   1.3436e-01   3.5999e+01   9.5747e+00   0.0000e+00   0.0000e+00   2.7960e+02
20260824_15:00:00   1.3456e-01   3.6046e+01   9.5897e+00   0.0000e+00   1.1420e-06   2.7920e+02
20260824_16:00:00   1.3501e-01   3.6153e+01   9.6334e+00   0.0000e+00   1.1420e-06   2.7960e+02
20260824_17:00:00   1.3578e-01   3.6329e+01   9.7208e+00   0.0000e+00   0.0000e+00   2.8022e+02
20260824_18:00:00   1.3673e-01   3.6548e+01   9.8196e+00   0.0000e+00   0.0000e+00   2.8092e+02
20260824_19:00:00   1.3766e-01   3.6764e+01   9.9185e+00   0.0000e+00   8.4502e-06   2.8104e+02
20260824_20:00:00   1.3878e-01   3.7021e+01   1.0026e+01   0.0000e+00   8.4502e-06   2.8169e+02
20260824_21:00:00   1.3951e-01   3.7191e+01   1.0081e+01   0.0000e+00   9.3000e-06   2.8300e+02
20260824_22:00:00   1.3974e-01   3.7243e+01   1.0059e+01   0.0000e+00   1.1420e-06   2.8347e+02
20260824_23:00:00   1.3977e-01   3.7249e+01   1.0031e+01   0.0000e+00   9.3000e-06   2.8245e+02
20260825_00:00:00   1.3991e-01   3.7272e+01   1.0028e+01   0.0000e+00   9.3000e-06   2.8119e+02
20260825_01:00:00   1.4002e-01   3.7287e+01   1.0026e+01   0.0000e+00   8.4500e-06   2.8104e+02
20260825_02:00:00   1.4018e-01   3.7310e+01   1.0026e+01   0.0000e+00   8.1580e-06   2.8245e+02
20260825_03:00:00   1.4075e-01   3.7438e+01   1.0085e+01   0.0000e+00   1.1420e-06   2.8380e+02
20260825_04:00:00   1.4131e-01   3.7565e+01   1.0156e+01   0.0000e+00   2.9380e-06   2.8368e+02
20260825_05:00:00   1.4218e-01   3.7766e+01   1.0251e+01   0.0000e+00   8.1580e-06   2.8348e+02
20260825_06:00:00   1.4348e-01   3.8065e+01   1.0379e+01   0.0000e+00   8.1580e-06   2.8325e+02
20260825_07:00:00   1.4509e-01   3.8440e+01   1.0544e+01   0.0000e+00   8.1580e-06   2.8345e+02
20260825_08:00:00   1.4606e-01   3.8665e+01   1.0633e+01   0.0000e+00   8.1580e-06   2.8356e+02
20260825_09:00:00   1.4723e-01   3.8942e+01   1.0737e+01   0.0000e+00   7.3080e-06   2.8321e+02
20260825_10:00:00   1.4812e-01   3.9158e+01   1.0818e+01   0.0000e+00   7.0160e-06   2.8370e+02
20260825_11:00:00   1.4840e-01   3.9237e+01   1.0837e+01   0.0000e+00   7.0160e-06   2.8474e+02
20260825_12:00:00   1.4846e-01   3.9258e+01   1.0840e+01   0.0000e+00   0.0000e+00   2.8486e+02
20260825_13:00:00   1.4854e-01   3.9290e+01   1.0853e+01   0.0000e+00   0.0000e+00   2.8345e+02
20260825_14:00:00   1.4849e-01   3.9282e+01   1.0841e+01   0.0000e+00   0.0000e+00   2.8184e+02
20260825_15:00:00   1.4847e-01   3.9291e+01   1.0835e+01   0.0000e+00   0.0000e+00   2.7883e+02
20260825_16:00:00   1.4829e-01   3.9258e+01   1.0816e+01   0.0000e+00   0.0000e+00   2.7725e+02
20260825_17:00:00   1.4829e-01   3.9265e+01   1.0815e+01   0.0000e+00   0.0000e+00   2.7762e+02
20260825_18:00:00   1.4806e-01   3.9228e+01   1.0787e+01   0.0000e+00   0.0000e+00   2.7888e+02
20260825_19:00:00   1.4788e-01   3.9196e+01   1.0763e+01   0.0000e+00   0.0000e+00   2.8056e+02
20260825_20:00:00   1.4808e-01   3.9248e+01   1.0779e+01   0.0000e+00   0.0000e+00   2.8154e+02
20260825_21:00:00   1.4844e-01   3.9339e+01   1.0806e+01   0.0000e+00   0.0000e+00   2.8189e+02
20260825_22:00:00   1.4887e-01   3.9443e+01   1.0829e+01   0.0000e+00   0.0000e+00   2.8205e+02
20260825_23:00:00   1.4914e-01   3.9505e+01   1.0836e+01   0.0000e+00   0.0000e+00   2.8192e+02
20260826_00:00:00   1.4909e-01   3.9496e+01   1.0831e+01   0.0000e+00   0.0000e+00   2.8137e+02
20260826_01:00:00   1.4791e-01   3.9220e+01   1.0718e+01   0.0000e+00   0.0000e+00   2.8066e+02
20260826_02:00:00   1.4641e-01   3.8869e+01   1.0566e+01   0.0000e+00   0.0000e+00   2.8067e+02
20260826_03:00:00   1.4358e-01   3.8209e+01   1.0273e+01   0.0000e+00   0.0000e+00   2.8096e+02
20260826_04:00:00   1.3984e-01   3.7340e+01   9.8821e+00   0.0000e+00   0.0000e+00   2.8095e+02
20260826_05:00:00   1.3566e-01   3.6353e+01   9.4332e+00   0.0000e+00   0.0000e+00   2.8118e+02
20260826_06:00:00   1.3178e-01   3.5431e+01   9.0200e+00   0.0000e+00   0.0000e+00   2.8171e+02
20260826_07:00:00   1.2819e-01   3.4577e+01   8.6227e+00   0.0000e+00   0.0000e+00   2.8221e+02
20260826_08:00:00   1.2476e-01   3.3760e+01   8.2378e+00   0.0000e+00   0.0000e+00   2.8257e+02
20260826_09:00:00   1.2176e-01   3.3043e+01   7.8922e+00   0.0000e+00   0.0000e+00   2.8257e+02
20260826_10:00:00   1.1960e-01   3.2527e+01   7.6466e+00   0.0000e+00   0.0000e+00   2.8176e+02
20260826_11:00:00   1.1796e-01   3.2139e+01   7.4710e+00   0.0000e+00   0.0000e+00   2.8120e+02
20260826_12:00:00   1.1656e-01   3.1814e+01   7.3234e+00   0.0000e+00   0.0000e+00   2.8149e+02
20260826_13:00:00   1.1570e-01   3.1616e+01   7.2219e+00   0.0000e+00   0.0000e+00   2.8209e+02
20260826_14:00:00   1.1509e-01   3.1483e+01   7.1481e+00   0.0000e+00   0.0000e+00   2.8271e+02
20260826_15:00:00   1.1450e-01   3.1351e+01   7.0654e+00   0.0000e+00   0.0000e+00   2.8214e+02
20260826_16:00:00   1.1379e-01   3.1191e+01   6.9698e+00   0.0000e+00   0.0000e+00   2.8268e+02
20260826_17:00:00   1.1322e-01   3.1068e+01   6.8969e+00   0.0000e+00   0.0000e+00   2.8438e+02
20260826_18:00:00   1.1280e-01   3.0981e+01   6.8401e+00   0.0000e+00   0.0000e+00   2.8558e+02
20260826_21:00:00   1.1285e-01   3.1001e+01   6.8334e+00   0.0000e+00   0.0000e+00   2.8734e+02
20260827_00:00:00   1.1472e-01   3.1427e+01   7.1434e+00   0.0000e+00   0.0000e+00   2.8571e+02
20260827_03:00:00   1.1376e-01   3.1209e+01   6.9514e+00   0.0000e+00   0.0000e+00   2.8978e+02
20260827_06:00:00   1.1060e-01   3.0469e+01   6.5061e+00   0.0000e+00   0.0000e+00   2.8949e+02
20260827_09:00:00   1.0969e-01   3.0235e+01   6.4468e+00   0.0000e+00   0.0000e+00   2.8715e+02
20260827_12:00:00   1.0917e-01   3.0115e+01   6.4144e+00   0.0000e+00   5.1380e-04   2.8599e+02
20260827_15:00:00   1.1151e-01   3.0645e+01   6.8594e+00   0.0000e+00   2.5357e-02   2.8648e+02
20260827_18:00:00   1.1868e-01   3.2302e+01   7.9843e+00   0.0000e+00   6.5536e-02   2.8520e+02
20260827_21:00:00   1.2965e-01   3.4834e+01   9.6306e+00   0.0000e+00   8.5338e-02   2.8650e+02
20260828_00:00:00   1.2958e-01   3.4835e+01   9.5457e+00   0.0000e+00   5.3157e-02   2.8546e+02
20260828_03:00:00   1.2480e-01   3.3709e+01   8.8650e+00   0.0000e+00   2.7264e-02   2.8401e+02
20260828_06:00:00   1.2385e-01   3.3444e+01   8.6980e+00   0.0000e+00   2.4762e-02   2.8377e+02
20260828_09:00:00   1.2779e-01   3.4335e+01   9.1232e+00   0.0000e+00   2.1578e-02   2.8266e+02
20260828_12:00:00   1.3078e-01   3.5007e+01   9.4598e+00   0.0000e+00   1.8581e-02   2.8178e+02
20260828_15:00:00   1.3029e-01   3.4866e+01   9.4042e+00   0.0000e+00   2.7339e-03   2.8149e+02
20260828_18:00:00   1.2958e-01   3.4719e+01   9.2922e+00   0.0000e+00   1.1388e-05   2.8696e+02
20260828_21:00:00   1.2931e-01   3.4684e+01   9.2019e+00   0.0000e+00   7.0160e-06   2.9078e+02
20260829_00:00:00   1.2467e-01   3.3682e+01   8.3053e+00   0.0000e+00   1.4276e-06   2.8980e+02
20260829_03:00:00   1.2340e-01   3.3393e+01   8.1172e+00   0.0000e+00   0.0000e+00   2.8522e+02
20260829_06:00:00   1.2079e-01   3.2757e+01   7.7891e+00   0.0000e+00   0.0000e+00   2.8623e+02
20260829_09:00:00   1.0797e-01   2.9722e+01   5.9670e+00   0.0000e+00   0.0000e+00   2.9120e+02
20260829_12:00:00   1.0247e-01   2.8416e+01   5.1483e+00   0.0000e+00   0.0000e+00   2.8847e+02
20260829_15:00:00   1.0737e-01   2.9585e+01   5.8475e+00   0.0000e+00   0.0000e+00   2.8401e+02
20260829_18:00:00   1.1182e-01   3.0643e+01   6.5350e+00   0.0000e+00   0.0000e+00   2.8171e+02
20260829_21:00:00   1.1171e-01   3.0627e+01   6.5016e+00   0.0000e+00   0.0000e+00   2.7928e+02
20260830_00:00:00   1.1117e-01   3.0480e+01   6.4435e+00   0.0000e+00   0.0000e+00   2.7551e+02
20260830_03:00:00   1.1086e-01   3.0377e+01   6.3686e+00   0.0000e+00   0.0000e+00   2.7715e+02
20260830_06:00:00   1.0947e-01   3.0039e+01   6.1610e+00   0.0000e+00   0.0000e+00   2.7619e+02
20260830_09:00:00   1.0852e-01   2.9804e+01   5.9987e+00   0.0000e+00   0.0000e+00   2.7504e+02
20260830_12:00:00   1.0841e-01   2.9776e+01   5.9889e+00   0.0000e+00   1.3050e-05   2.7697e+02
20260830_15:00:00   1.0945e-01   3.0007e+01   6.2381e+00   0.0000e+00   4.8078e-04   2.7518e+02
20260830_18:00:00   1.0898e-01   2.9900e+01   6.1797e+00   0.0000e+00   9.8695e-03   2.7386e+02
20260830_21:00:00   1.1147e-01   3.0453e+01   6.5636e+00   0.0000e+00   3.8218e-02   2.7451e+02
20260831_00:00:00   1.1364e-01   3.0965e+01   6.8003e+00   0.0000e+00   3.0888e-02   2.7597e+02
20260831_03:00:00   1.1674e-01   3.1673e+01   7.2042e+00   0.0000e+00   1.0850e-02   2.8162e+02
20260831_06:00:00   1.2083e-01   3.2564e+01   7.8539e+00   0.0000e+00   1.0593e-01   2.8278e+02
20260831_09:00:00   1.2702e-01   3.3962e+01   8.8497e+00   0.0000e+00   1.7787e-02   2.8244e+02
20260831_12:00:00   1.2155e-01   3.2743e+01   7.9630e+00   0.0000e+00   5.3298e-05   2.8161e+02
20260831_15:00:00   1.1904e-01   3.2180e+01   7.5174e+00   0.0000e+00   0.0000e+00   2.7891e+02
20260831_18:00:00   1.1809e-01   3.1944e+01   7.3663e+00   0.0000e+00   6.5411e-04   2.8061e+02
20260831_21:00:00   1.2221e-01   3.2835e+01   7.9787e+00   0.0000e+00   2.4256e-02   2.8242e+02
20260901_00:00:00   1.2654e-01   3.3792e+01   8.4993e+00   0.0000e+00   4.6554e-02   2.8639e+02
20260901_03:00:00   1.2924e-01   3.4387e+01   8.7943e+00   0.0000e+00   2.9349e-02   2.9030e+02
20260901_06:00:00   1.3111e-01   3.4811e+01   9.0384e+00   0.0000e+00   6.9008e-03   2.9341e+02
20260901_09:00:00   1.3493e-01   3.5694e+01   9.5139e+00   0.0000e+00   4.8027e-03   2.9217e+02
20260901_12:00:00   1.3419e-01   3.5548e+01   9.3849e+00   0.0000e+00   2.3332e-05   2.8884e+02
20260901_15:00:00   1.2831e-01   3.4248e+01   8.5630e+00   0.0000e+00   0.0000e+00   2.8758e+02
20260901_18:00:00   1.2693e-01   3.3976e+01   8.2581e+00   0.0000e+00   0.0000e+00   2.8785e+02
20260901_21:00:00   1.4283e-01   3.7642e+01   1.0130e+01   0.0000e+00   4.4108e-04   2.9420e+02
20260902_00:00:00   1.4212e-01   3.7465e+01   9.9694e+00   0.0000e+00   1.4928e-04   2.9888e+02
20260902_03:00:00   1.4938e-01   3.9006e+01   1.0826e+01   0.0000e+00   1.2743e-02   3.0072e+02
20260902_06:00:00   1.4141e-01   3.7237e+01   9.5925e+00   0.0000e+00   1.6535e-03   3.0156e+02
20260902_09:00:00   1.4852e-01   3.8866e+01   1.0592e+01   0.0000e+00   6.7957e-04   2.9959e+02
20260902_12:00:00   1.6453e-01   4.2479e+01   1.2729e+01   0.0000e+00   2.1388e-02   2.9726e+02
20260902_15:00:00   1.7456e-01   4.4777e+01   1.3868e+01   0.0000e+00   2.9746e-02   3.0202e+02
20260902_18:00:00   1.9673e-01   4.9830e+01   1.4481e+01   1.6313e-02   1.4391e-03   2.9820e+02
20260902_21:00:00   1.7931e-01   4.5966e+01   1.3777e+01   4.8799e-03   1.5483e-02   2.9803e+02
20260903_00:00:00   1.7550e-01   4.5105e+01   1.3907e+01   3.2620e-05   6.2684e-02   3.0246e+02
20260903_03:00:00   2.4108e-01   5.9438e+01   1.5601e+01   5.4359e-02   1.2499e-01   3.0957e+02
20260903_06:00:00   4.8838e-01   1.0614e+02   1.5690e+01   3.3201e-01   1.1090e-01   3.1922e+02
20260903_09:00:00   6.3121e-01   1.2823e+02   1.4335e+01   5.0303e-01   3.9735e-02   3.2055e+02
20260903_12:00:00   6.7499e-01   1.3432e+02   1.3151e+01   5.6219e-01   4.8662e-02   3.1549e+02
20260903_15:00:00   3.0995e-01   7.3694e+01   1.2206e+01   1.6072e-01   2.3939e-02   3.0765e+02
20260903_18:00:00   1.9326e-01   4.9252e+01   1.1402e+01   4.0815e-02   1.3015e-02   3.0863e+02
20260903_21:00:00   3.4760e-01   8.0788e+01   1.1623e+01   2.1364e-01   7.2248e-03   3.0462e+02
20260904_00:00:00   1.6627e-01   4.3144e+01   1.2161e+01   8.1639e-03   1.4356e-03   3.0644e+02
20260904_03:00:00   2.1734e-01   5.4443e+01   1.4642e+01   4.1508e-02   3.3495e-04   3.0644e+02
20260904_06:00:00   2.3536e-01   5.8300e+01   1.5231e+01   5.5662e-02   2.1336e-03   3.0417e+02
20260904_09:00:00   2.6486e-01   6.4313e+01   1.5271e+01   8.8239e-02   2.9362e-02   3.0553e+02
20260904_12:00:00   2.1334e-01   5.3495e+01   1.5609e+01   2.5077e-02   2.4545e-01   3.0830e+02
20260904_15:00:00   2.5600e-01   6.2718e+01   1.5478e+01   7.5168e-02   2.0334e-01   3.0754e+02
20260904_18:00:00   4.0111e-01   9.0989e+01   1.5684e+01   2.3483e-01   6.0347e-01   3.0650e+02
20260904_21:00:00   4.7422e-01   1.0368e+02   1.3651e+01   3.3768e-01   3.0306e-01   3.0981e+02
20260905_00:00:00   3.7850e-01   8.5880e+01   1.0670e+01   2.5148e-01   1.7205e-01   3.1515e+02
20260905_03:00:00   1.1393e-01   3.0486e+01   5.5720e+00   1.8931e-03   3.6333e-05   3.1828e+02
20260905_06:00:00   1.0909e-01   2.9270e+01   4.9610e+00   9.5163e-04   5.4307e-04   3.2233e+02
20260905_09:00:00   1.1798e-01   3.1219e+01   6.0272e+00   0.0000e+00   1.2942e-03   3.2377e+02
20260905_12:00:00   1.0567e-01   2.8362e+01   4.6371e+00   0.0000e+00   6.6681e-06   3.2877e+02
20260905_15:00:00   1.0325e-01   2.7787e+01   4.4065e+00   0.0000e+00   2.4346e-06   3.2558e+02
20260905_18:00:00   1.0336e-01   2.7824e+01   4.4403e+00   0.0000e+00   2.8731e-06   3.2119e+02
20260905_21:00:00   1.0419e-01   2.8011e+01   4.5708e+00   0.0000e+00   7.1523e-07   3.2077e+02
20260906_00:00:00   1.0257e-01   2.7598e+01   4.4386e+00   0.0000e+00   4.6950e-07   3.2394e+02
20260906_03:00:00   1.0094e-01   2.7176e+01   4.3258e+00   0.0000e+00   1.6561e-05   3.2333e+02
20260906_06:00:00   9.9212e-02   2.6759e+01   4.1557e+00   0.0000e+00   1.9630e-04   3.2399e+02
20260906_09:00:00   9.8786e-02   2.6651e+01   4.1629e+00   0.0000e+00   1.6316e-05   3.2343e+02
20260906_12:00:00   9.9233e-02   2.6759e+01   4.2795e+00   0.0000e+00   1.6982e-04   3.2060e+02
20260906_15:00:00   1.0159e-01   2.7320e+01   4.5954e+00   0.0000e+00   8.2544e-05   3.2241e+02
20260906_18:00:00   1.0889e-01   2.9043e+01   5.4243e+00   0.0000e+00   2.8206e-04   3.2390e+02
