#            date       tau255        Tb[K]      pwv[mm] lwp[kg*m^-2] iwp[kg*m^-2]       o3[DU]
20260806_00:00:00   1.8764e-01   4.9196e+01   1.7791e+01   0.0000e+00   5.7007e-04   2.8297e+02
20260806_01:00:00   1.8371e-01   4.8332e+01   1.7448e+01   0.0000e+00   1.4760e-04   2.8281e+02
20260806_02:00:00   1.8109e-01   4.7758e+01   1.7169e+01   0.0000e+00   1.3260e-05   2.8345e+02
20260806_03:00:00   1.7758e-01   4.7000e+01   1.6709e+01   0.0000e+00   7.3460e-06   2.8295e+02
20260806_04:00:00   1.7471e-01   4.6375e+01   1.6340e+01   0.0000e+00   1.4846e-05   2.8201e+02
20260806_05:00:00   1.7033e-01   4.5370e+01   1.5796e+01   0.0000e+00   5.7110e-06   2.8111e+02
20260806_06:00:00   1.6709e-01   4.4610e+01   1.5485e+01   0.0000e+00   0.0000e+00   2.8023e+02
20260806_07:00:00   1.6605e-01   4.4354e+01   1.5500e+01   0.0000e+00   0.0000e+00   2.7981e+02
20260806_08:00:00   1.6651e-01   4.4455e+01   1.5641e+01   0.0000e+00   0.0000e+00   2.7935e+02
20260806_09:00:00   1.6651e-01   4.4451e+01   1.5656e+01   0.0000e+00   0.0000e+00   2.7914e+02
20260806_10:00:00   1.6629e-01   4.4407e+01   1.5643e+01   0.0000e+00   0.0000e+00   2.7897e+02
20260806_11:00:00   1.6665e-01   4.4493e+01   1.5699e+01   0.0000e+00   0.0000e+00   2.7909e+02
20260806_12:00:00   1.6669e-01   4.4508e+01   1.5695e+01   0.0000e+00   0.0000e+00   2.7920e+02
20260806_13:00:00   1.6563e-01   4.4283e+01   1.5543e+01   0.0000e+00   7.8340e-06   2.7960e+02
20260806_14:00:00   1.6347e-01   4.3814e+01   1.5218e+01   0.0000e+00   2.8560e-06   2.7955e+02
20260806_15:00:00   1.6175e-01   4.3434e+01   1.4978e+01   0.0000e+00   8.1160e-05   2.7890e+02
20260806_16:00:00   1.6068e-01   4.3189e+01   1.4859e+01   0.0000e+00   0.0000e+00   2.7868e+02
20260806_17:00:00   1.6015e-01   4.3073e+01   1.4827e+01   0.0000e+00   4.9800e-06   2.7879e+02
20260806_18:00:00   1.6058e-01   4.3171e+01   1.4909e+01   0.0000e+00   2.9863e-05   2.7989e+02
20260806_19:00:00   1.6083e-01   4.3226e+01   1.4958e+01   0.0000e+00   9.0048e-05   2.8123e+02
20260806_20:00:00   1.6134e-01   4.3342e+01   1.5036e+01   0.0000e+00   1.0744e-04   2.8166e+02
20260806_21:00:00   1.6230e-01   4.3557e+01   1.5186e+01   0.0000e+00   2.0280e-04   2.8190e+02
20260806_22:00:00   1.6349e-01   4.3822e+01   1.5361e+01   0.0000e+00   2.3530e-04   2.8198e+02
20260806_23:00:00   1.6518e-01   4.4191e+01   1.5587e+01   0.0000e+00   1.5033e-03   2.8229e+02
20260807_00:00:00   1.6678e-01   4.4532e+01   1.5780e+01   0.0000e+00   2.9884e-03   2.8186e+02
20260807_01:00:00   1.6756e-01   4.4690e+01   1.5874e+01   0.0000e+00   3.6421e-03   2.8138e+02
20260807_02:00:00   1.6783e-01   4.4732e+01   1.5912e+01   0.0000e+00   3.5067e-03   2.8069e+02
20260807_03:00:00   1.6744e-01   4.4618e+01   1.5879e+01   0.0000e+00   3.1860e-03   2.8014e+02
20260807_04:00:00   1.6628e-01   4.4327e+01   1.5744e+01   0.0000e+00   3.5727e-03   2.7948e+02
20260807_05:00:00   1.6596e-01   4.4229e+01   1.5708e+01   0.0000e+00   3.9796e-03   2.7839e+02
20260807_06:00:00   1.6597e-01   4.4221e+01   1.5698e+01   0.0000e+00   4.5530e-03   2.7739e+02
20260807_07:00:00   1.6594e-01   4.4209e+01   1.5691e+01   0.0000e+00   4.6827e-03   2.7754e+02
20260807_08:00:00   1.6645e-01   4.4316e+01   1.5745e+01   0.0000e+00   3.9675e-03   2.7781e+02
20260807_09:00:00   1.6738e-01   4.4517e+01   1.5848e+01   0.0000e+00   4.7736e-03   2.7684e+02
20260807_10:00:00   1.6800e-01   4.4649e+01   1.5908e+01   0.0000e+00   5.7869e-03   2.7647e+02
20260807_11:00:00   1.6907e-01   4.4872e+01   1.6017e+01   0.0000e+00   1.0101e-02   2.7570e+02
20260807_12:00:00   1.7033e-01   4.5149e+01   1.6163e+01   0.0000e+00   1.1559e-02   2.7491e+02
20260807_13:00:00   1.7116e-01   4.5329e+01   1.6254e+01   0.0000e+00   8.6741e-03   2.7454e+02
20260807_14:00:00   1.7141e-01   4.5383e+01   1.6280e+01   0.0000e+00   8.3752e-03   2.7317e+02
20260807_15:00:00   1.7206e-01   4.5537e+01   1.6363e+01   0.0000e+00   6.7032e-03   2.7183e+02
20260807_16:00:00   1.7222e-01   4.5574e+01   1.6364e+01   0.0000e+00   8.1579e-03   2.7231e+02
20260807_17:00:00   1.7275e-01   4.5709e+01   1.6421e+01   0.0000e+00   8.2949e-03   2.7351e+02
20260807_18:00:00   1.7300e-01   4.5769e+01   1.6425e+01   0.0000e+00   8.1411e-03   2.7392e+02
20260807_19:00:00   1.7387e-01   4.5969e+01   1.6498e+01   0.0000e+00   1.0632e-02   2.7469e+02
20260807_20:00:00   1.7525e-01   4.6275e+01   1.6627e+01   0.0000e+00   2.5315e-02   2.7561e+02
20260807_21:00:00   1.7656e-01   4.6561e+01   1.6744e+01   0.0000e+00   4.6629e-02   2.7646e+02
20260807_22:00:00   1.7752e-01   4.6772e+01   1.6820e+01   0.0000e+00   6.4318e-02   2.7697e+02
20260807_23:00:00   1.7816e-01   4.6896e+01   1.6864e+01   0.0000e+00   6.3626e-02   2.7678e+02
20260808_00:00:00   1.7821e-01   4.6899e+01   1.6851e+01   0.0000e+00   5.2951e-02   2.7612e+02
20260808_01:00:00   1.7715e-01   4.6660e+01   1.6690e+01   0.0000e+00   1.1040e-02   2.7716e+02
20260808_02:00:00   1.7476e-01   4.6125e+01   1.6306e+01   0.0000e+00   5.0673e-03   2.7908e+02
20260808_03:00:00   1.7310e-01   4.5737e+01   1.6048e+01   0.0000e+00   3.6371e-03   2.7958e+02
20260808_04:00:00   1.7175e-01   4.5419e+01   1.5842e+01   0.0000e+00   2.1926e-03   2.7922e+02
20260808_05:00:00   1.6964e-01   4.4933e+01   1.5500e+01   0.0000e+00   2.3321e-04   2.8038e+02
20260808_06:00:00   1.6728e-01   4.4387e+01   1.5112e+01   0.0000e+00   0.0000e+00   2.8196e+02
20260808_07:00:00   1.6384e-01   4.3612e+01   1.4617e+01   0.0000e+00   0.0000e+00   2.8076e+02
20260808_08:00:00   1.6125e-01   4.2993e+01   1.4271e+01   0.0000e+00   0.0000e+00   2.7881e+02
20260808_09:00:00   1.5823e-01   4.2290e+01   1.3909e+01   0.0000e+00   0.0000e+00   2.7603e+02
20260808_10:00:00   1.5558e-01   4.1675e+01   1.3585e+01   0.0000e+00   0.0000e+00   2.7261e+02
20260808_11:00:00   1.5336e-01   4.1170e+01   1.3317e+01   0.0000e+00   0.0000e+00   2.7066e+02
20260808_12:00:00   1.5136e-01   4.0720e+01   1.3034e+01   0.0000e+00   0.0000e+00   2.7037e+02
20260808_13:00:00   1.5016e-01   4.0451e+01   1.2871e+01   0.0000e+00   0.0000e+00   2.6980e+02
20260808_14:00:00   1.4960e-01   4.0339e+01   1.2763e+01   0.0000e+00   0.0000e+00   2.7040e+02
20260808_15:00:00   1.5008e-01   4.0464e+01   1.2792e+01   0.0000e+00   3.7940e-05   2.7005e+02
20260808_16:00:00   1.5045e-01   4.0574e+01   1.2792e+01   0.0000e+00   1.7540e-05   2.6960e+02
20260808_17:00:00   1.5122e-01   4.0773e+01   1.2827e+01   0.0000e+00   5.8328e-05   2.6954e+02
20260808_18:00:00   1.5139e-01   4.0820e+01   1.2760e+01   0.0000e+00   6.9255e-05   2.6964e+02
20260808_19:00:00   1.5033e-01   4.0580e+01   1.2549e+01   0.0000e+00   1.3250e-04   2.6948e+02
20260808_20:00:00   1.4789e-01   4.0009e+01   1.2195e+01   0.0000e+00   3.0240e-04   2.6932e+02
20260808_21:00:00   1.4442e-01   3.9185e+01   1.1738e+01   0.0000e+00   5.7900e-04   2.6936e+02
20260808_22:00:00   1.4171e-01   3.8546e+01   1.1344e+01   0.0000e+00   5.9043e-04   2.6987e+02
20260808_23:00:00   1.4030e-01   3.8197e+01   1.1094e+01   0.0000e+00   4.9999e-04   2.7026e+02
20260809_00:00:00   1.3988e-01   3.8083e+01   1.0998e+01   0.0000e+00   7.4960e-05   2.6983e+02
20260809_01:00:00   1.3990e-01   3.8069e+01   1.0953e+01   0.0000e+00   0.0000e+00   2.6959e+02
20260809_02:00:00   1.3912e-01   3.7852e+01   1.0836e+01   0.0000e+00   0.0000e+00   2.6967e+02
20260809_03:00:00   1.3800e-01   3.7553e+01   1.0672e+01   0.0000e+00   0.0000e+00   2.6975e+02
20260809_04:00:00   1.3665e-01   3.7213e+01   1.0456e+01   0.0000e+00   0.0000e+00   2.7051e+02
20260809_05:00:00   1.3692e-01   3.7247e+01   1.0481e+01   0.0000e+00   0.0000e+00   2.7201e+02
20260809_06:00:00   1.3827e-01   3.7529e+01   1.0691e+01   0.0000e+00   0.0000e+00   2.7522e+02
20260809_07:00:00   1.4034e-01   3.7993e+01   1.0987e+01   0.0000e+00   0.0000e+00   2.7729e+02
20260809_08:00:00   1.4164e-01   3.8287e+01   1.1141e+01   0.0000e+00   0.0000e+00   2.7930e+02
20260809_09:00:00   1.4213e-01   3.8395e+01   1.1156e+01   0.0000e+00   0.0000e+00   2.8174e+02
20260809_10:00:00   1.4246e-01   3.8464e+01   1.1169e+01   0.0000e+00   0.0000e+00   2.8365e+02
20260809_11:00:00   1.4292e-01   3.8560e+01   1.1224e+01   0.0000e+00   0.0000e+00   2.8538e+02
20260809_12:00:00   1.4327e-01   3.8632e+01   1.1277e+01   0.0000e+00   0.0000e+00   2.8681e+02
20260809_13:00:00   1.4524e-01   3.9083e+01   1.1553e+01   0.0000e+00   0.0000e+00   2.8784e+02
20260809_14:00:00   1.4781e-01   3.9677e+01   1.1919e+01   0.0000e+00   1.7582e-04   2.8755e+02
20260809_15:00:00   1.5071e-01   4.0347e+01   1.2298e+01   0.0000e+00   2.2020e-05   2.8675e+02
20260809_16:00:00   1.5339e-01   4.0966e+01   1.2654e+01   0.0000e+00   0.0000e+00   2.8576e+02
20260809_17:00:00   1.5557e-01   4.1462e+01   1.2952e+01   0.0000e+00   0.0000e+00   2.8424e+02
20260809_18:00:00   1.5718e-01   4.1832e+01   1.3128e+01   0.0000e+00   0.0000e+00   2.8374e+02
20260809_19:00:00   1.5887e-01   4.2213e+01   1.3315e+01   0.0000e+00   0.0000e+00   2.8399e+02
20260809_20:00:00   1.6051e-01   4.2588e+01   1.3546e+01   0.0000e+00   0.0000e+00   2.8384e+02
20260809_21:00:00   1.6284e-01   4.3101e+01   1.3840e+01   0.0000e+00   3.2960e-04   2.8374e+02
20260809_22:00:00   1.6496e-01   4.3576e+01   1.4062e+01   0.0000e+00   0.0000e+00   2.8339e+02
20260809_23:00:00   1.6518e-01   4.3634e+01   1.4042e+01   0.0000e+00   0.0000e+00   2.8354e+02
20260810_00:00:00   1.6440e-01   4.3447e+01   1.3918e+01   0.0000e+00   0.0000e+00   2.8384e+02
20260810_01:00:00   1.6299e-01   4.3116e+01   1.3752e+01   0.0000e+00   6.4078e-06   2.8332e+02
20260810_02:00:00   1.6176e-01   4.2805e+01   1.3553e+01   0.0000e+00   2.2175e-05   2.8282e+02
20260810_03:00:00   1.6034e-01   4.2480e+01   1.3379e+01   0.0000e+00   1.4276e-06   2.8246e+02
20260810_04:00:00   1.5888e-01   4.2136e+01   1.3172e+01   0.0000e+00   0.0000e+00   2.8237e+02
20260810_05:00:00   1.5862e-01   4.2079e+01   1.3118e+01   0.0000e+00   0.0000e+00   2.8178e+02
20260810_06:00:00   1.5809e-01   4.1953e+01   1.3045e+01   0.0000e+00   0.0000e+00   2.8116e+02
20260810_07:00:00   1.5796e-01   4.1923e+01   1.3019e+01   0.0000e+00   0.0000e+00   2.8062e+02
20260810_08:00:00   1.5778e-01   4.1887e+01   1.2973e+01   0.0000e+00   0.0000e+00   2.8084e+02
20260810_09:00:00   1.5748e-01   4.1830e+01   1.2918e+01   0.0000e+00   0.0000e+00   2.8138e+02
20260810_10:00:00   1.5756e-01   4.1862e+01   1.2981e+01   0.0000e+00   0.0000e+00   2.8201e+02
20260810_11:00:00   1.5807e-01   4.1978e+01   1.3117e+01   0.0000e+00   0.0000e+00   2.8257e+02
20260810_12:00:00   1.5867e-01   4.2127e+01   1.3249e+01   0.0000e+00   0.0000e+00   2.8296e+02
20260810_13:00:00   1.5874e-01   4.2147e+01   1.3270e+01   0.0000e+00   1.6453e-03   2.8201e+02
20260810_14:00:00   1.5944e-01   4.2301e+01   1.3461e+01   0.0000e+00   2.0559e-02   2.8116e+02
20260810_15:00:00   1.6151e-01   4.2751e+01   1.3792e+01   0.0000e+00   4.2083e-02   2.7953e+02
20260810_16:00:00   1.6345e-01   4.3187e+01   1.4150e+01   0.0000e+00   7.5394e-02   2.7935e+02
20260810_17:00:00   1.6620e-01   4.3803e+01   1.4614e+01   0.0000e+00   4.6580e-02   2.7872e+02
20260810_18:00:00   1.6933e-01   4.4495e+01   1.5106e+01   0.0000e+00   6.6110e-02   2.7862e+02
20260810_19:00:00   1.7258e-01   4.5203e+01   1.5612e+01   0.0000e+00   7.0688e-02   2.7810e+02
20260810_20:00:00   1.7700e-01   4.6168e+01   1.6126e+01   0.0000e+00   1.9637e-01   2.7720e+02
20260810_21:00:00   1.8209e-01   4.7280e+01   1.6732e+01   0.0000e+00   1.9840e-01   2.7659e+02
20260810_22:00:00   1.8637e-01   4.8235e+01   1.7213e+01   0.0000e+00   2.4911e-01   2.7436e+02
20260810_23:00:00   1.9130e-01   4.9305e+01   1.7735e+01   0.0000e+00   2.5997e-01   2.7422e+02
20260811_00:00:00   1.9534e-01   5.0174e+01   1.8160e+01   0.0000e+00   1.9053e-01   2.7355e+02
20260811_03:00:00   2.0485e-01   5.2296e+01   1.9033e+01   0.0000e+00   4.2543e-02   2.7530e+02
20260811_06:00:00   2.0236e-01   5.1964e+01   1.7742e+01   3.2253e-03   1.2758e-03   2.8318e+02
20260811_09:00:00   1.9162e-01   4.9723e+01   1.6593e+01   3.4980e-04   3.4290e-03   2.8408e+02
20260811_12:00:00   1.9077e-01   4.9605e+01   1.6458e+01   0.0000e+00   6.2076e-03   2.7778e+02
20260811_15:00:00   1.8877e-01   4.9223e+01   1.6168e+01   0.0000e+00   1.6204e-03   2.7892e+02
20260811_18:00:00   1.8425e-01   4.8265e+01   1.5596e+01   0.0000e+00   9.8440e-04   2.8406e+02
20260811_21:00:00   1.7738e-01   4.6771e+01   1.4861e+01   0.0000e+00   0.0000e+00   2.8831e+02
20260812_00:00:00   1.6805e-01   4.4723e+01   1.3501e+01   0.0000e+00   6.4420e-06   2.8926e+02
20260812_03:00:00   1.5444e-01   4.1599e+01   1.1784e+01   0.0000e+00   1.3056e-05   2.8802e+02
20260812_06:00:00   1.4366e-01   3.9052e+01   1.0486e+01   0.0000e+00   3.6540e-07   2.8068e+02
20260812_09:00:00   1.4042e-01   3.8216e+01   1.0482e+01   0.0000e+00   9.3315e-06   2.7454e+02
20260812_12:00:00   1.4003e-01   3.8072e+01   1.0898e+01   0.0000e+00   2.0493e-03   2.7116e+02
20260812_15:00:00   1.4510e-01   3.9218e+01   1.1948e+01   0.0000e+00   2.1049e-03   2.7017e+02
20260812_18:00:00   1.4972e-01   4.0318e+01   1.2719e+01   0.0000e+00   2.3000e-04   2.6861e+02
20260812_21:00:00   1.4938e-01   4.0314e+01   1.2688e+01   0.0000e+00   1.0562e-05   2.6709e+02
20260813_00:00:00   1.4969e-01   4.0392e+01   1.2795e+01   0.0000e+00   3.7209e-04   2.6693e+02
20260813_03:00:00   1.4916e-01   4.0291e+01   1.2655e+01   0.0000e+00   0.0000e+00   2.6990e+02
20260813_06:00:00   1.4973e-01   4.0430e+01   1.2676e+01   0.0000e+00   0.0000e+00   2.7783e+02
20260813_09:00:00   1.5206e-01   4.0867e+01   1.3294e+01   0.0000e+00   7.3225e-04   2.7973e+02
20260813_12:00:00   1.5847e-01   4.2246e+01   1.4277e+01   0.0000e+00   1.3903e-03   2.7934e+02
20260813_15:00:00   1.5373e-01   4.1351e+01   1.3125e+01   0.0000e+00   0.0000e+00   2.7948e+02
20260813_18:00:00   1.5161e-01   4.0938e+01   1.2553e+01   0.0000e+00   5.6964e-05   2.8356e+02
20260813_21:00:00   1.5394e-01   4.1438e+01   1.2644e+01   0.0000e+00   0.0000e+00   2.8473e+02
20260814_00:00:00   1.6444e-01   4.3769e+01   1.3745e+01   0.0000e+00   6.3610e-05   2.8760e+02
20260814_03:00:00   1.6940e-01   4.4770e+01   1.4036e+01   0.0000e+00   0.0000e+00   2.9738e+02
20260814_06:00:00   1.5625e-01   4.1664e+01   1.2237e+01   0.0000e+00   0.0000e+00   3.0404e+02
20260814_09:00:00   1.4823e-01   3.9734e+01   1.1076e+01   0.0000e+00   0.0000e+00   3.0220e+02
20260814_12:00:00   1.4999e-01   4.0014e+01   1.1283e+01   0.0000e+00   0.0000e+00   3.0926e+02
20260814_15:00:00   1.5983e-01   4.2144e+01   1.2663e+01   0.0000e+00   2.9240e-07   3.1103e+02
20260814_18:00:00   1.6789e-01   4.3982e+01   1.3594e+01   0.0000e+00   8.1570e-06   3.1094e+02
20260814_21:00:00   1.6818e-01   4.4219e+01   1.2200e+01   1.0616e-02   4.2890e-06   3.1428e+02
20260815_00:00:00   1.6023e-01   4.2441e+01   1.1024e+01   1.2089e-02   6.5272e-06   3.1896e+02
20260815_03:00:00   1.5144e-01   4.0415e+01   1.0177e+01   1.0309e-02   5.8822e-06   3.1632e+02
20260815_06:00:00   1.3940e-01   3.7584e+01   9.8678e+00   0.0000e+00   0.0000e+00   3.0775e+02
20260815_09:00:00   1.3632e-01   3.6849e+01   9.7459e+00   0.0000e+00   0.0000e+00   3.0241e+02
20260815_12:00:00   1.3623e-01   3.6830e+01   9.9774e+00   0.0000e+00   0.0000e+00   3.0162e+02
20260815_15:00:00   1.3723e-01   3.7092e+01   1.0251e+01   0.0000e+00   0.0000e+00   2.9591e+02
20260815_18:00:00   1.3547e-01   3.6657e+01   1.0301e+01   0.0000e+00   0.0000e+00   2.9514e+02
20260815_21:00:00   1.3499e-01   3.6513e+01   1.0298e+01   0.0000e+00   0.0000e+00   2.9450e+02
20260816_00:00:00   1.3905e-01   3.7427e+01   1.0912e+01   0.0000e+00   7.3166e-03   2.8833e+02
20260816_03:00:00   1.4641e-01   3.9052e+01   1.1921e+01   0.0000e+00   3.4682e-02   2.8620e+02
20260816_06:00:00   1.5177e-01   4.0217e+01   1.2520e+01   0.0000e+00   4.2779e-03   2.8424e+02
20260816_09:00:00   1.5391e-01   4.0676e+01   1.2627e+01   0.0000e+00   1.9850e-03   2.8385e+02
20260816_12:00:00   1.5461e-01   4.0828e+01   1.2562e+01   0.0000e+00   7.3828e-04   2.8256e+02
20260816_15:00:00   1.5198e-01   4.0245e+01   1.2096e+01   0.0000e+00   0.0000e+00   2.8231e+02
20260816_18:00:00   1.5220e-01   4.0299e+01   1.1978e+01   0.0000e+00   0.0000e+00   2.8611e+02
20260816_21:00:00   1.5305e-01   4.0492e+01   1.2019e+01   0.0000e+00   2.0718e-05   2.9367e+02
20260817_00:00:00   1.5074e-01   3.9950e+01   1.1662e+01   0.0000e+00   1.1191e-03   2.9927e+02
20260817_03:00:00   1.5205e-01   4.0249e+01   1.1761e+01   0.0000e+00   1.7130e-03   3.0003e+02
20260817_06:00:00   1.5138e-01   4.0117e+01   1.1635e+01   0.0000e+00   1.1646e-04   3.0098e+02
20260817_09:00:00   1.5118e-01   4.0085e+01   1.1580e+01   0.0000e+00   0.0000e+00   3.0215e+02
20260817_12:00:00   1.4964e-01   3.9756e+01   1.1410e+01   0.0000e+00   0.0000e+00   3.0381e+02
20260817_15:00:00   1.4818e-01   3.9433e+01   1.1220e+01   0.0000e+00   0.0000e+00   3.0325e+02
20260817_18:00:00   1.4642e-01   3.9014e+01   1.1014e+01   0.0000e+00   0.0000e+00   3.0051e+02
20260817_21:00:00   1.4606e-01   3.8910e+01   1.0956e+01   0.0000e+00   0.0000e+00   3.0141e+02
20260818_00:00:00   1.4854e-01   3.9476e+01   1.1243e+01   0.0000e+00   0.0000e+00   3.0741e+02
20260818_03:00:00   1.5044e-01   3.9874e+01   1.1694e+01   0.0000e+00   8.6467e-04   3.0344e+02
20260818_06:00:00   1.4878e-01   3.9467e+01   1.1613e+01   0.0000e+00   3.6840e-04   3.0491e+02
20260818_09:00:00   1.4407e-01   3.8426e+01   1.0929e+01   0.0000e+00   0.0000e+00   3.0475e+02
20260818_12:00:00   1.4254e-01   3.8107e+01   1.0679e+01   0.0000e+00   0.0000e+00   3.0675e+02
20260818_15:00:00   1.4336e-01   3.8314e+01   1.0727e+01   0.0000e+00   0.0000e+00   3.0796e+02
20260818_18:00:00   1.5658e-01   4.1412e+01   1.0960e+01   1.2672e-02   1.0685e-05   3.1144e+02
20260818_21:00:00   1.5668e-01   4.1446e+01   1.1161e+01   1.1369e-02   1.4934e-05   3.0925e+02
20260819_00:00:00   1.6166e-01   4.2598e+01   1.0954e+01   1.8736e-02   6.2760e-05   3.0453e+02
20260819_03:00:00   1.4359e-01   3.8331e+01   1.0766e+01   0.0000e+00   4.8761e-04   3.0303e+02
20260819_06:00:00   1.4169e-01   3.7832e+01   1.0620e+01   0.0000e+00   1.5100e-03   3.0598e+02
20260819_09:00:00   1.4411e-01   3.8305e+01   1.0913e+01   0.0000e+00   9.3613e-05   3.0503e+02
20260819_12:00:00   1.4561e-01   3.8591e+01   1.1097e+01   0.0000e+00   4.0922e-05   3.0254e+02
20260819_15:00:00   1.4679e-01   3.8833e+01   1.1227e+01   0.0000e+00   7.7289e-04   3.0157e+02
20260819_18:00:00   1.4712e-01   3.8906e+01   1.1207e+01   0.0000e+00   3.0461e-04   2.9971e+02
20260819_21:00:00   1.4812e-01   3.9116e+01   1.1211e+01   0.0000e+00   1.6066e-04   2.9561e+02
20260820_00:00:00   1.5042e-01   3.9601e+01   1.1254e+01   6.1599e-04   5.1668e-05   2.9285e+02
20260820_03:00:00   1.4712e-01   3.8798e+01   1.0870e+01   1.1327e-04   1.1439e-05   2.9229e+02
20260820_06:00:00   1.4158e-01   3.7484e+01   1.0282e+01   0.0000e+00   8.3405e-05   2.9507e+02
20260820_09:00:00   1.3837e-01   3.6715e+01   9.8947e+00   0.0000e+00   3.6587e-05   2.9901e+02
20260820_12:00:00   1.4106e-01   3.7350e+01   1.0122e+01   0.0000e+00   2.3544e-06   3.0346e+02
20260820_15:00:00   1.4479e-01   3.8219e+01   1.0456e+01   0.0000e+00   2.8659e-06   3.0487e+02
20260820_18:00:00   1.4910e-01   3.9219e+01   1.0880e+01   6.7360e-06   6.2726e-05   3.0570e+02
20260820_21:00:00   1.5089e-01   3.9628e+01   1.0926e+01   7.7840e-04   1.2537e-04   3.0636e+02
20260821_00:00:00   1.6057e-01   4.1816e+01   1.0967e+01   1.0346e-02   4.4890e-04   3.0626e+02
20260821_03:00:00   1.6444e-01   4.2652e+01   1.1294e+01   1.0732e-02   1.7465e-03   3.0563e+02
20260821_06:00:00   1.7452e-01   4.4882e+01   1.1602e+01   1.9191e-02   4.1849e-03   3.0560e+02
20260821_09:00:00   2.3589e-01   5.8159e+01   1.2461e+01   8.0449e-02   8.5304e-03   3.0659e+02
20260821_12:00:00   4.1166e-01   9.2020e+01   1.3741e+01   2.6482e-01   1.9500e-02   3.0778e+02
20260821_15:00:00   3.0686e-01   7.2543e+01   1.4531e+01   1.3848e-01   7.2212e-02   3.0737e+02
20260821_18:00:00   3.3671e-01   7.8507e+01   1.4494e+01   1.7218e-01   2.6333e-02   3.0742e+02
20260821_21:00:00   2.4349e-01   5.9866e+01   1.4285e+01   6.9601e-02   7.1498e-03   3.0923e+02
20260822_00:00:00   2.1426e-01   5.3584e+01   1.3994e+01   3.9613e-02   5.0258e-03   3.0802e+02
