#            date       tau255        Tb[K]      pwv[mm] lwp[kg*m^-2] iwp[kg*m^-2]       o3[DU]
20260906_06:00:00   1.6167e-01   4.2000e+01   1.2616e+01   0.0000e+00   5.9354e-02   2.9638e+02
20260906_07:00:00   1.6146e-01   4.1955e+01   1.2538e+01   5.7620e-04   3.1454e-02   2.9402e+02
20260906_08:00:00   1.6482e-01   4.2711e+01   1.2819e+01   1.7313e-03   2.0761e-02   2.9395e+02
20260906_09:00:00   1.8756e-01   4.7792e+01   1.3495e+01   2.0498e-02   5.5617e-02   2.9460e+02
20260906_10:00:00   2.7059e-01   6.5564e+01   1.4053e+01   1.0893e-01   9.4197e-02   2.9454e+02
20260906_11:00:00   3.2565e-01   7.6599e+01   1.4553e+01   1.6716e-01   1.1361e-01   2.9420e+02
20260906_12:00:00   3.7662e-01   8.6246e+01   1.5021e+01   2.2007e-01   2.0525e-01   2.9288e+02
20260906_13:00:00   3.2753e-01   7.7006e+01   1.5432e+01   1.5993e-01   5.0980e-01   2.9295e+02
20260906_14:00:00   3.2540e-01   7.6696e+01   1.5720e+01   1.5445e-01   6.5519e-01   2.9292e+02
20260906_15:00:00   3.4248e-01   8.0005e+01   1.5815e+01   1.7304e-01   6.4167e-01   2.9163e+02
20260906_16:00:00   4.2081e-01   9.4547e+01   1.6084e+01   2.5925e-01   6.9836e-01   2.9165e+02
20260906_17:00:00   5.5169e-01   1.1636e+02   1.6309e+01   4.0512e-01   7.1926e-01   2.9434e+02
20260906_18:00:00   6.1863e-01   1.2645e+02   1.6484e+01   4.7945e-01   7.0680e-01   2.9830e+02
20260906_19:00:00   6.4893e-01   1.3077e+02   1.6628e+01   5.1226e-01   6.2626e-01   3.0017e+02
20260906_20:00:00   5.7118e-01   1.1926e+02   1.6707e+01   4.2299e-01   7.1160e-01   3.0118e+02
20260906_21:00:00   5.2973e-01   1.1280e+02   1.6669e+01   3.7647e-01   7.8220e-01   3.0147e+02
20260906_22:00:00   6.0250e-01   1.2397e+02   1.6660e+01   4.5965e-01   5.5790e-01   3.0250e+02
20260906_23:00:00   6.7922e-01   1.3488e+02   1.6684e+01   5.4551e-01   6.0891e-01   3.0257e+02
20260907_00:00:00   7.0829e-01   1.3856e+02   1.6650e+01   5.7675e-01   8.2295e-01   3.0283e+02
20260907_01:00:00   6.5159e-01   1.3085e+02   1.6444e+01   5.1473e-01   8.6501e-01   3.0378e+02
20260907_02:00:00   5.9329e-01   1.2250e+02   1.6086e+01   4.5315e-01   6.1396e-01   3.0519e+02
20260907_03:00:00   9.5380e-01   1.6756e+02   1.5494e+01   8.6421e-01   4.8533e-01   3.0560e+02
20260907_04:00:00   9.5006e-01   1.6725e+02   1.5114e+01   8.6341e-01   3.7046e-01   3.0808e+02
20260907_05:00:00   6.2048e-01   1.2653e+02   1.3894e+01   5.0273e-01   1.7752e-01   3.1308e+02
20260907_06:00:00   6.5525e-01   1.3149e+02   1.3140e+01   5.4799e-01   9.1099e-02   3.1493e+02
20260907_07:00:00   6.5048e-01   1.3091e+02   1.1824e+01   5.5475e-01   6.2391e-02   3.1862e+02
20260907_08:00:00   4.3911e-01   9.7735e+01   9.5133e+00   3.3581e-01   7.7341e-03   3.2173e+02
20260907_09:00:00   4.5229e-01   9.9849e+01   9.5053e+00   3.4888e-01   9.7207e-03   3.2284e+02
20260907_10:00:00   3.8603e-01   8.7938e+01   9.8687e+00   2.6989e-01   3.9479e-02   3.2227e+02
20260907_11:00:00   3.9477e-01   8.9450e+01   1.0599e+01   2.7316e-01   8.0752e-02   3.2189e+02
20260907_12:00:00   5.1705e-01   1.1040e+02   1.1245e+01   4.0571e-01   9.8282e-02   3.2165e+02
20260907_13:00:00   4.2733e-01   9.5359e+01   1.1346e+01   3.0398e-01   1.7486e-01   3.2123e+02
20260907_14:00:00   3.1941e-01   7.5260e+01   1.1048e+01   1.8531e-01   1.5098e-01   3.2050e+02
20260907_15:00:00   2.3365e-01   5.7620e+01   1.0789e+01   9.1415e-02   1.5295e-01   3.1816e+02
20260907_16:00:00   2.1937e-01   5.4529e+01   1.0594e+01   7.7427e-02   2.1831e-01   3.1386e+02
20260907_17:00:00   2.1842e-01   5.4254e+01   1.0608e+01   7.5319e-02   3.2272e-01   3.1073e+02
20260907_18:00:00   1.8253e-01   4.6267e+01   1.0379e+01   3.7016e-02   3.2882e-01   3.0933e+02
20260907_19:00:00   1.7461e-01   4.4452e+01   1.0274e+01   2.9039e-02   2.6848e-01   3.0812e+02
20260907_20:00:00   1.7594e-01   4.4735e+01   1.0188e+01   3.0957e-02   2.9251e-01   3.0600e+02
20260907_21:00:00   1.6524e-01   4.2271e+01   1.0019e+01   2.0410e-02   2.7859e-01   3.0458e+02
20260907_22:00:00   1.4973e-01   3.8676e+01   9.7497e+00   5.3838e-03   2.9949e-01   3.0315e+02
20260907_23:00:00   1.4585e-01   3.7766e+01   9.5922e+00   2.1782e-03   2.9953e-01   3.0227e+02
20260908_00:00:00   1.4548e-01   3.7678e+01   9.5285e+00   2.2857e-03   2.4695e-01   3.0115e+02
20260908_01:00:00   1.4731e-01   3.8105e+01   9.4580e+00   4.9029e-03   2.1838e-01   2.9950e+02
20260908_02:00:00   1.4499e-01   3.7569e+01   9.4152e+00   2.8003e-03   1.8018e-01   2.9768e+02
20260908_03:00:00   1.4337e-01   3.7196e+01   9.4202e+00   9.6901e-04   1.3646e-01   2.9506e+02
20260908_04:00:00   1.4173e-01   3.6827e+01   9.3325e+00   0.0000e+00   8.7161e-02   2.9300e+02
20260908_05:00:00   1.4077e-01   3.6606e+01   9.2231e+00   0.0000e+00   6.8921e-02   2.9208e+02
20260908_06:00:00   1.4056e-01   3.6555e+01   9.1766e+00   0.0000e+00   6.5989e-02   2.9152e+02
20260908_07:00:00   1.4038e-01   3.6511e+01   9.1388e+00   0.0000e+00   5.0035e-02   2.9224e+02
20260908_08:00:00   1.4000e-01   3.6417e+01   9.0819e+00   0.0000e+00   2.5968e-02   2.9287e+02
20260908_09:00:00   1.3994e-01   3.6392e+01   9.0477e+00   0.0000e+00   2.4850e-02   2.9305e+02
20260908_10:00:00   1.3939e-01   3.6268e+01   8.9655e+00   0.0000e+00   1.5847e-02   2.9381e+02
20260908_11:00:00   1.3857e-01   3.6097e+01   8.8745e+00   0.0000e+00   3.9980e-03   2.9434e+02
20260908_12:00:00   1.3825e-01   3.6024e+01   8.8280e+00   0.0000e+00   3.4523e-03   2.9402e+02
20260908_13:00:00   1.3861e-01   3.6108e+01   8.8563e+00   8.9800e-06   8.2203e-03   2.9242e+02
20260908_14:00:00   1.3786e-01   3.5950e+01   8.7796e+00   3.4800e-05   3.3106e-03   2.9028e+02
20260908_15:00:00   1.3707e-01   3.5777e+01   8.7089e+00   2.5820e-05   1.2372e-03   2.8750e+02
20260908_16:00:00   1.3638e-01   3.5631e+01   8.6216e+00   1.5716e-05   3.7602e-04   2.8353e+02
20260908_17:00:00   1.3577e-01   3.5506e+01   8.5235e+00   1.2348e-05   2.5962e-04   2.8247e+02
20260908_18:00:00   1.3480e-01   3.5306e+01   8.3797e+00   6.7360e-06   1.9783e-04   2.8411e+02
20260908_19:00:00   1.3474e-01   3.5302e+01   8.3806e+00   0.0000e+00   2.4310e-04   2.8394e+02
20260908_20:00:00   1.3528e-01   3.5415e+01   8.4852e+00   0.0000e+00   6.2634e-04   2.8283e+02
20260908_21:00:00   1.3646e-01   3.5662e+01   8.6799e+00   0.0000e+00   3.2593e-03   2.8273e+02
20260908_22:00:00   1.3826e-01   3.6050e+01   8.9203e+00   0.0000e+00   1.3481e-02   2.8442e+02
20260908_23:00:00   1.4069e-01   3.6585e+01   9.2064e+00   6.9020e-05   3.6513e-02   2.8488e+02
20260909_00:00:00   1.4357e-01   3.7218e+01   9.5059e+00   3.3698e-04   8.6919e-02   2.8588e+02
20260909_01:00:00   1.4657e-01   3.7887e+01   9.7935e+00   5.5587e-04   1.4123e-01   2.8579e+02
20260909_02:00:00   1.4825e-01   3.8259e+01   9.9698e+00   0.0000e+00   2.1133e-01   2.8670e+02
20260909_03:00:00   1.4935e-01   3.8510e+01   1.0005e+01   0.0000e+00   2.7305e-01   2.8959e+02
20260909_04:00:00   1.4968e-01   3.8591e+01   1.0055e+01   0.0000e+00   1.7864e-01   2.8754e+02
20260909_05:00:00   1.4936e-01   3.8520e+01   1.0025e+01   0.0000e+00   1.0633e-01   2.8470e+02
20260909_06:00:00   1.4868e-01   3.8370e+01   9.9612e+00   5.3100e-07   5.3732e-02   2.8308e+02
20260909_07:00:00   1.4798e-01   3.8215e+01   9.8568e+00   0.0000e+00   3.1704e-02   2.8233e+02
20260909_08:00:00   1.4727e-01   3.8045e+01   9.7809e+00   0.0000e+00   2.2509e-02   2.8242e+02
20260909_09:00:00   1.4693e-01   3.7966e+01   9.7187e+00   0.0000e+00   6.8743e-02   2.8068e+02
20260909_10:00:00   1.4638e-01   3.7849e+01   9.6218e+00   0.0000e+00   8.5552e-02   2.7912e+02
20260909_11:00:00   1.4522e-01   3.7599e+01   9.4322e+00   0.0000e+00   7.2406e-02   2.7979e+02
20260909_12:00:00   1.4366e-01   3.7263e+01   9.2052e+00   0.0000e+00   5.4042e-02   2.8052e+02
20260909_13:00:00   1.4244e-01   3.6993e+01   8.9983e+00   0.0000e+00   7.2022e-02   2.8129e+02
20260909_14:00:00   1.4106e-01   3.6696e+01   8.8142e+00   0.0000e+00   4.6193e-02   2.8291e+02
20260909_15:00:00   1.3958e-01   3.6371e+01   8.6257e+00   0.0000e+00   2.5934e-02   2.8451e+02
20260909_16:00:00   1.3814e-01   3.6050e+01   8.4538e+00   2.8031e-05   1.5140e-02   2.8259e+02
20260909_17:00:00   1.3630e-01   3.5650e+01   8.2596e+00   1.1882e-04   4.3530e-03   2.7925e+02
20260909_18:00:00   1.3391e-01   3.5116e+01   7.9952e+00   3.4496e-04   1.8670e-03   2.7710e+02
20260909_19:00:00   1.3168e-01   3.4612e+01   7.7590e+00   4.3080e-04   1.1321e-03   2.7528e+02
20260909_20:00:00   1.2926e-01   3.4059e+01   7.5324e+00   2.5570e-04   1.9122e-03   2.7446e+02
20260909_21:00:00   1.2661e-01   3.3450e+01   7.2833e+00   1.0807e-04   2.5127e-03   2.7454e+02
20260909_22:00:00   1.2367e-01   3.2767e+01   7.0046e+00   3.3360e-05   3.0020e-03   2.7464e+02
20260909_23:00:00   1.2009e-01   3.1926e+01   6.6507e+00   0.0000e+00   3.1402e-03   2.7552e+02
20260910_00:00:00   1.1677e-01   3.1131e+01   6.3309e+00   0.0000e+00   4.5983e-03   2.7659e+02
20260910_01:00:00   1.1452e-01   3.0583e+01   6.1611e+00   0.0000e+00   5.2465e-03   2.7851e+02
20260910_02:00:00   1.1343e-01   3.0298e+01   6.1111e+00   0.0000e+00   6.2631e-03   2.8104e+02
20260910_03:00:00   1.1257e-01   3.0082e+01   6.0828e+00   0.0000e+00   6.3832e-03   2.8239e+02
20260910_04:00:00   1.1192e-01   2.9911e+01   6.0691e+00   0.0000e+00   4.5967e-03   2.8325e+02
20260910_05:00:00   1.1146e-01   2.9784e+01   6.0602e+00   0.0000e+00   3.1558e-03   2.8292e+02
20260910_06:00:00   1.1180e-01   2.9845e+01   6.1656e+00   0.0000e+00   8.9971e-04   2.8238e+02
20260910_07:00:00   1.1201e-01   2.9886e+01   6.2216e+00   0.0000e+00   4.2720e-04   2.8206e+02
20260910_08:00:00   1.1226e-01   2.9933e+01   6.2688e+00   0.0000e+00   7.6936e-04   2.8160e+02
20260910_09:00:00   1.1251e-01   2.9985e+01   6.3199e+00   0.0000e+00   2.0252e-03   2.8089e+02
20260910_10:00:00   1.1290e-01   3.0066e+01   6.3692e+00   0.0000e+00   8.9969e-04   2.8014e+02
20260910_11:00:00   1.1326e-01   3.0146e+01   6.4176e+00   0.0000e+00   6.8017e-04   2.7994e+02
20260910_12:00:00   1.1384e-01   3.0281e+01   6.4920e+00   0.0000e+00   2.2253e-03   2.7977e+02
20260910_13:00:00   1.1451e-01   3.0440e+01   6.5764e+00   0.0000e+00   2.3977e-03   2.7866e+02
20260910_14:00:00   1.1544e-01   3.0648e+01   6.6836e+00   0.0000e+00   1.6170e-03   2.7751e+02
20260910_15:00:00   1.1699e-01   3.0999e+01   6.8588e+00   0.0000e+00   1.0097e-03   2.7735e+02
20260910_16:00:00   1.1934e-01   3.1536e+01   7.1081e+00   0.0000e+00   9.8944e-04   2.7737e+02
20260910_17:00:00   1.2282e-01   3.2328e+01   7.4665e+00   0.0000e+00   2.7603e-03   2.7781e+02
20260910_18:00:00   1.2551e-01   3.2940e+01   7.6841e+00   0.0000e+00   4.3801e-03   2.7775e+02
20260910_19:00:00   1.2692e-01   3.3243e+01   7.8152e+00   0.0000e+00   9.2936e-03   2.7851e+02
20260910_20:00:00   1.2974e-01   3.3862e+01   7.8998e+00   1.9347e-03   2.3407e-02   2.7969e+02
20260910_21:00:00   1.2950e-01   3.3791e+01   7.9576e+00   9.3623e-04   2.0361e-02   2.8049e+02
20260910_22:00:00   1.3067e-01   3.4043e+01   7.9520e+00   2.0620e-03   2.4324e-02   2.7981e+02
20260910_23:00:00   1.3111e-01   3.4127e+01   7.9078e+00   2.6360e-03   2.8762e-02   2.7950e+02
20260911_00:00:00   1.2853e-01   3.3535e+01   7.8263e+00   3.6220e-05   2.9499e-02   2.8084e+02
20260911_01:00:00   1.2780e-01   3.3377e+01   7.6864e+00   0.0000e+00   2.4564e-02   2.8270e+02
20260911_02:00:00   1.2674e-01   3.3145e+01   7.4830e+00   0.0000e+00   3.1458e-02   2.8544e+02
20260911_03:00:00   1.2558e-01   3.2899e+01   7.2757e+00   0.0000e+00   2.1962e-02   2.8778e+02
20260911_04:00:00   1.2481e-01   3.2738e+01   7.1507e+00   0.0000e+00   1.6065e-02   2.8892e+02
20260911_05:00:00   1.2417e-01   3.2590e+01   7.0525e+00   0.0000e+00   2.0666e-02   2.9020e+02
20260911_06:00:00   1.2363e-01   3.2467e+01   6.9820e+00   0.0000e+00   2.1349e-02   2.9052e+02
20260911_09:00:00   1.2124e-01   3.1924e+01   6.6935e+00   0.0000e+00   3.4549e-03   2.8981e+02
20260911_12:00:00   1.2055e-01   3.1767e+01   6.6076e+00   0.0000e+00   7.0653e-04   2.9232e+02
20260911_15:00:00   1.1909e-01   3.1461e+01   6.3682e+00   0.0000e+00   1.7312e-05   2.9741e+02
20260911_18:00:00   1.1485e-01   3.0519e+01   5.7799e+00   0.0000e+00   1.5597e-05   2.9982e+02
20260911_21:00:00   1.0968e-01   2.9342e+01   5.1700e+00   0.0000e+00   4.0780e-06   3.0184e+02
20260912_00:00:00   1.0461e-01   2.8135e+01   4.6005e+00   0.0000e+00   0.0000e+00   3.0071e+02
20260912_03:00:00   1.0024e-01   2.7104e+01   4.1129e+00   0.0000e+00   0.0000e+00   3.0110e+02
20260912_06:00:00   9.7682e-02   2.6507e+01   3.8174e+00   0.0000e+00   0.0000e+00   3.0510e+02
20260912_09:00:00   9.5688e-02   2.6047e+01   3.5769e+00   0.0000e+00   0.0000e+00   3.0525e+02
20260912_12:00:00   9.3624e-02   2.5576e+01   3.3369e+00   0.0000e+00   0.0000e+00   3.0575e+02
20260912_15:00:00   9.2877e-02   2.5411e+01   3.2831e+00   0.0000e+00   0.0000e+00   3.0626e+02
20260912_18:00:00   9.3309e-02   2.5518e+01   3.3620e+00   0.0000e+00   0.0000e+00   3.0602e+02
20260912_21:00:00   9.4854e-02   2.5879e+01   3.5774e+00   0.0000e+00   0.0000e+00   3.0653e+02
20260913_00:00:00   9.5853e-02   2.6098e+01   3.7110e+00   0.0000e+00   0.0000e+00   3.0827e+02
20260913_03:00:00   9.6166e-02   2.6158e+01   3.7480e+00   0.0000e+00   6.3976e-04   3.0739e+02
20260913_06:00:00   9.6458e-02   2.6217e+01   3.7900e+00   0.0000e+00   2.5224e-03   3.0715e+02
20260913_09:00:00   9.8672e-02   2.6718e+01   4.0276e+00   0.0000e+00   1.1458e-03   3.0522e+02
20260913_12:00:00   1.0271e-01   2.7654e+01   4.5201e+00   0.0000e+00   4.3389e-03   3.0638e+02
20260913_15:00:00   1.0610e-01   2.8445e+01   4.9980e+00   0.0000e+00   4.2355e-03   3.0378e+02
20260913_18:00:00   1.1148e-01   2.9683e+01   5.7454e+00   0.0000e+00   7.3641e-03   3.0498e+02
20260913_21:00:00   1.1498e-01   3.0491e+01   6.2674e+00   0.0000e+00   8.2935e-03   3.0775e+02
20260914_00:00:00   1.1676e-01   3.0887e+01   6.5346e+00   0.0000e+00   2.3356e-02   3.0554e+02
20260914_03:00:00   1.1717e-01   3.0962e+01   6.6321e+00   0.0000e+00   7.4856e-02   3.0416e+02
20260914_06:00:00   1.1669e-01   3.0843e+01   6.5612e+00   0.0000e+00   5.6088e-02   3.0835e+02
20260914_09:00:00   1.0612e-01   2.8415e+01   5.1713e+00   0.0000e+00   4.7225e-03   3.1405e+02
20260914_12:00:00   9.3310e-02   2.5441e+01   3.4354e+00   0.0000e+00   0.0000e+00   3.1433e+02
20260914_15:00:00   9.1274e-02   2.4980e+01   3.1790e+00   0.0000e+00   0.0000e+00   3.1414e+02
20260914_18:00:00   8.8940e-02   2.4449e+01   2.8731e+00   0.0000e+00   0.0000e+00   3.1292e+02
20260914_21:00:00   8.8422e-02   2.4300e+01   2.8788e+00   0.0000e+00   0.0000e+00   3.0774e+02
20260915_00:00:00   8.9967e-02   2.4622e+01   3.1495e+00   0.0000e+00   0.0000e+00   3.1582e+02
20260915_03:00:00   9.1241e-02   2.4912e+01   3.3196e+00   0.0000e+00   1.4276e-06   3.1470e+02
20260915_06:00:00   9.4334e-02   2.5639e+01   3.7193e+00   0.0000e+00   5.1000e-06   3.1383e+02
20260915_09:00:00   9.9449e-02   2.6816e+01   4.3819e+00   0.0000e+00   4.8832e-04   3.0867e+02
20260915_12:00:00   1.0437e-01   2.7939e+01   5.0209e+00   0.0000e+00   1.4344e-03   3.0604e+02
20260915_15:00:00   1.0665e-01   2.8476e+01   5.2579e+00   0.0000e+00   4.5524e-05   3.0989e+02
20260915_18:00:00   1.0691e-01   2.8542e+01   5.2495e+00   0.0000e+00   4.3110e-04   3.1216e+02
20260915_21:00:00   1.0471e-01   2.8055e+01   4.8731e+00   0.0000e+00   4.0780e-06   3.0808e+02
20260916_00:00:00   1.0290e-01   2.7646e+01   4.6214e+00   0.0000e+00   8.0561e-04   3.0284e+02
20260916_03:00:00   1.0435e-01   2.7957e+01   4.8305e+00   0.0000e+00   1.5609e-03   2.9805e+02
20260916_06:00:00   1.0125e-01   2.7256e+01   4.3522e+00   0.0000e+00   1.4032e-05   2.9977e+02
20260916_09:00:00   9.5763e-02   2.6005e+01   3.5555e+00   0.0000e+00   0.0000e+00   3.0586e+02
20260916_12:00:00   9.1422e-02   2.5000e+01   3.0173e+00   0.0000e+00   0.0000e+00   3.0163e+02
20260916_15:00:00   9.1802e-02   2.5093e+01   3.2136e+00   0.0000e+00   0.0000e+00   2.9877e+02
20260916_18:00:00   9.4057e-02   2.5636e+01   3.5883e+00   0.0000e+00   0.0000e+00   2.9775e+02
20260916_21:00:00   9.3880e-02   2.5577e+01   3.5838e+00   0.0000e+00   2.4102e-04   2.9189e+02
20260917_00:00:00   9.7620e-02   2.6396e+01   4.1710e+00   0.0000e+00   1.0056e-02   2.8571e+02
20260917_03:00:00   9.9044e-02   2.6710e+01   4.3373e+00   0.0000e+00   5.8999e-03   2.8867e+02
20260917_06:00:00   9.7834e-02   2.6411e+01   4.0871e+00   0.0000e+00   1.2750e-04   2.8494e+02
20260917_09:00:00   9.5694e-02   2.5905e+01   3.7278e+00   0.0000e+00   3.5560e-05   2.8438e+02
20260917_12:00:00   9.2048e-02   2.5032e+01   3.1405e+00   0.0000e+00   0.0000e+00   2.8729e+02
20260917_15:00:00   9.0081e-02   2.4580e+01   2.7660e+00   0.0000e+00   0.0000e+00   2.8821e+02
20260917_18:00:00   9.2140e-02   2.5066e+01   2.9997e+00   0.0000e+00   0.0000e+00   2.8913e+02
20260917_21:00:00   9.4188e-02   2.5548e+01   3.1853e+00   0.0000e+00   0.0000e+00   2.8759e+02
20260918_00:00:00   9.7806e-02   2.6399e+01   3.6075e+00   0.0000e+00   0.0000e+00   2.8514e+02
20260918_03:00:00   9.8843e-02   2.6646e+01   3.7415e+00   0.0000e+00   0.0000e+00   2.8134e+02
20260918_06:00:00   1.0004e-01   2.6913e+01   3.9322e+00   0.0000e+00   1.4426e-05   2.8061e+02
20260918_09:00:00   1.0121e-01   2.7166e+01   4.1461e+00   0.0000e+00   2.1133e-03   2.8060e+02
20260918_12:00:00   1.0384e-01   2.7770e+01   4.5194e+00   0.0000e+00   9.1031e-03   2.7885e+02
20260918_15:00:00   1.0681e-01   2.8461e+01   4.9116e+00   0.0000e+00   8.9298e-03   2.7662e+02
20260918_18:00:00   1.0995e-01   2.9179e+01   5.2960e+00   0.0000e+00   3.2417e-02   2.7520e+02
20260918_21:00:00   1.1110e-01   2.9432e+01   5.4582e+00   0.0000e+00   1.9826e-02   2.7860e+02
20260919_00:00:00   1.1079e-01   2.9346e+01   5.4214e+00   0.0000e+00   6.3472e-03   2.7476e+02
20260919_03:00:00   1.0798e-01   2.8695e+01   5.0475e+00   0.0000e+00   3.0473e-04   2.7161e+02
20260919_06:00:00   1.0685e-01   2.8418e+01   4.9579e+00   0.0000e+00   1.6546e-03   2.7003e+02
20260919_09:00:00   1.0757e-01   2.8560e+01   5.1100e+00   0.0000e+00   2.4307e-02   2.7382e+02
20260919_12:00:00   1.1019e-01   2.9161e+01   5.4115e+00   0.0000e+00   4.8883e-02   2.8436e+02
20260919_15:00:00   1.1367e-01   2.9966e+01   5.8078e+00   0.0000e+00   7.1307e-02   2.8477e+02
20260919_18:00:00   1.1546e-01   3.0382e+01   5.9707e+00   0.0000e+00   8.8689e-02   2.8908e+02
20260919_21:00:00   1.0632e-01   2.8256e+01   4.9748e+00   0.0000e+00   1.2271e-02   2.8785e+02
20260920_00:00:00   9.0974e-02   2.4700e+01   3.0045e+00   0.0000e+00   8.6740e-04   2.8588e+02
20260920_03:00:00   8.9056e-02   2.4299e+01   2.6666e+00   0.0000e+00   0.0000e+00   2.8680e+02
20260920_06:00:00   9.0607e-02   2.4667e+01   2.8374e+00   0.0000e+00   0.0000e+00   2.8786e+02
20260920_09:00:00   9.1687e-02   2.4895e+01   2.8697e+00   0.0000e+00   0.0000e+00   2.8671e+02
20260920_12:00:00   9.3470e-02   2.5283e+01   3.0215e+00   0.0000e+00   0.0000e+00   2.8527e+02
20260920_15:00:00   9.6068e-02   2.5906e+01   3.3022e+00   0.0000e+00   0.0000e+00   2.8376e+02
20260920_18:00:00   9.9397e-02   2.6709e+01   3.6440e+00   0.0000e+00   3.3680e-07   2.8090e+02
20260920_21:00:00   1.0047e-01   2.6977e+01   3.7246e+00   0.0000e+00   1.5400e-06   2.7783e+02
20260921_00:00:00   1.0405e-01   2.7826e+01   4.0953e+00   0.0000e+00   9.9861e-06   2.7231e+02
20260921_03:00:00   1.0868e-01   2.8920e+01   4.6449e+00   0.0000e+00   9.5183e-05   2.7049e+02
20260921_06:00:00   1.1224e-01   2.9750e+01   5.1626e+00   0.0000e+00   1.1062e-03   2.7210e+02
20260921_09:00:00   1.1972e-01   3.1464e+01   6.0390e+00   5.9140e-04   8.4633e-03   2.7192e+02
20260921_12:00:00   1.2709e-01   3.3138e+01   6.8530e+00   1.6671e-03   3.3392e-02   2.6995e+02
20260921_15:00:00   1.3040e-01   3.3897e+01   7.4389e+00   5.9897e-04   7.5588e-02   2.6687e+02
20260921_18:00:00   1.3375e-01   3.4677e+01   7.8687e+00   7.6980e-04   1.0411e-01   2.6659e+02
20260921_21:00:00   1.3425e-01   3.4771e+01   8.0051e+00   0.0000e+00   1.3464e-01   2.6249e+02
20260922_00:00:00   1.3794e-01   3.5614e+01   8.3696e+00   2.2460e-06   1.5013e-01   2.5936e+02
20260922_03:00:00   1.3995e-01   3.6073e+01   8.5244e+00   0.0000e+00   1.7800e-01   2.6025e+02
20260922_06:00:00   1.3948e-01   3.5965e+01   8.4750e+00   0.0000e+00   1.8921e-01   2.6218e+02
