#            date       tau255        Tb[K]      pwv[mm] lwp[kg*m^-2] iwp[kg*m^-2]       o3[DU]
20260914_00:00:00   1.4417e-01   3.7388e+01   9.1287e+00   1.7594e-04   3.7311e-02   3.0511e+02
20260914_01:00:00   1.4247e-01   3.7009e+01   8.8931e+00   5.6888e-04   2.9639e-02   3.0469e+02
20260914_02:00:00   1.4088e-01   3.6658e+01   8.7566e+00   0.0000e+00   2.1864e-02   3.0523e+02
20260914_03:00:00   1.4008e-01   3.6480e+01   8.6294e+00   0.0000e+00   1.8463e-02   3.0672e+02
20260914_04:00:00   1.3774e-01   3.5942e+01   8.3133e+00   3.9560e-04   1.6568e-02   3.0559e+02
20260914_05:00:00   1.3628e-01   3.5604e+01   8.0549e+00   1.0192e-03   1.3847e-02   3.0211e+02
20260914_06:00:00   1.3431e-01   3.5152e+01   7.8490e+00   5.4580e-04   1.3178e-02   2.9965e+02
20260914_07:00:00   1.3333e-01   3.4920e+01   7.7024e+00   6.1920e-04   1.2726e-02   2.9698e+02
20260914_08:00:00   1.3170e-01   3.4538e+01   7.5242e+00   5.5360e-04   1.0453e-02   2.9641e+02
20260914_09:00:00   1.2983e-01   3.4107e+01   7.3377e+00   4.4900e-04   6.3406e-03   2.9876e+02
20260914_10:00:00   1.2809e-01   3.3700e+01   7.1869e+00   0.0000e+00   3.5621e-03   3.0069e+02
20260914_11:00:00   1.2750e-01   3.3567e+01   7.1086e+00   0.0000e+00   3.2171e-03   3.0164e+02
20260914_12:00:00   1.2704e-01   3.3470e+01   7.0392e+00   0.0000e+00   3.3374e-03   3.0183e+02
20260914_13:00:00   1.2654e-01   3.3370e+01   6.9745e+00   0.0000e+00   2.5668e-03   3.0174e+02
20260914_14:00:00   1.2606e-01   3.3273e+01   6.9222e+00   1.0103e-05   2.4511e-03   3.0156e+02
20260914_15:00:00   1.2599e-01   3.3259e+01   6.9769e+00   2.7948e-05   1.8988e-03   3.0047e+02
20260914_16:00:00   1.2776e-01   3.3653e+01   7.2951e+00   1.7202e-04   1.3728e-03   2.9944e+02
20260914_17:00:00   1.2985e-01   3.4115e+01   7.6632e+00   3.0650e-04   7.9113e-04   2.9836e+02
20260914_18:00:00   1.3125e-01   3.4428e+01   7.9575e+00   0.0000e+00   2.6561e-04   2.9302e+02
20260914_19:00:00   1.3177e-01   3.4555e+01   8.0884e+00   0.0000e+00   7.8029e-05   2.8822e+02
20260914_20:00:00   1.3210e-01   3.4636e+01   8.1919e+00   0.0000e+00   2.9799e-05   2.8662e+02
20260914_21:00:00   1.3182e-01   3.4573e+01   8.2186e+00   0.0000e+00   4.2128e-05   2.8864e+02
20260914_22:00:00   1.3152e-01   3.4496e+01   8.2567e+00   0.0000e+00   3.9479e-05   2.9151e+02
20260914_23:00:00   1.3155e-01   3.4495e+01   8.3145e+00   0.0000e+00   5.7162e-05   2.9504e+02
20260915_00:00:00   1.3134e-01   3.4446e+01   8.3362e+00   0.0000e+00   6.2270e-05   2.9403e+02
20260915_01:00:00   1.3084e-01   3.4331e+01   8.3000e+00   0.0000e+00   6.2191e-05   2.9043e+02
20260915_02:00:00   1.3058e-01   3.4283e+01   8.3030e+00   0.0000e+00   5.2214e-05   2.8896e+02
20260915_03:00:00   1.3037e-01   3.4240e+01   8.3254e+00   0.0000e+00   6.4120e-05   2.9084e+02
20260915_04:00:00   1.3076e-01   3.4332e+01   8.4211e+00   0.0000e+00   1.2036e-03   2.9149e+02
20260915_05:00:00   1.3128e-01   3.4455e+01   8.5524e+00   0.0000e+00   2.5974e-03   2.8859e+02
20260915_06:00:00   1.3145e-01   3.4499e+01   8.6237e+00   0.0000e+00   2.6320e-03   2.8678e+02
20260915_07:00:00   1.3134e-01   3.4486e+01   8.6491e+00   0.0000e+00   1.7304e-03   2.8690e+02
20260915_08:00:00   1.3123e-01   3.4470e+01   8.6695e+00   0.0000e+00   2.6940e-03   2.8840e+02
20260915_09:00:00   1.3098e-01   3.4425e+01   8.6701e+00   0.0000e+00   7.9790e-03   2.8853e+02
20260915_10:00:00   1.3110e-01   3.4465e+01   8.7075e+00   0.0000e+00   1.5994e-02   2.9289e+02
20260915_11:00:00   1.3175e-01   3.4618e+01   8.7969e+00   0.0000e+00   2.8868e-02   2.9470e+02
20260915_12:00:00   1.3262e-01   3.4827e+01   8.9070e+00   0.0000e+00   4.0732e-02   2.9130e+02
20260915_13:00:00   1.3365e-01   3.5073e+01   9.0333e+00   0.0000e+00   5.7836e-02   2.8374e+02
20260915_14:00:00   1.3486e-01   3.5358e+01   9.1752e+00   0.0000e+00   7.4027e-02   2.8118e+02
20260915_15:00:00   1.3627e-01   3.5688e+01   9.3298e+00   0.0000e+00   9.6692e-02   2.8422e+02
20260915_16:00:00   1.3751e-01   3.5982e+01   9.4779e+00   0.0000e+00   9.3253e-02   2.8748e+02
20260915_17:00:00   1.3852e-01   3.6224e+01   9.5999e+00   0.0000e+00   9.0775e-02   2.8790e+02
20260915_18:00:00   1.3943e-01   3.6440e+01   9.7083e+00   0.0000e+00   8.8316e-02   2.8791e+02
20260915_19:00:00   1.4013e-01   3.6615e+01   9.8157e+00   0.0000e+00   6.6962e-02   2.8783e+02
20260915_20:00:00   1.4065e-01   3.6742e+01   9.9010e+00   0.0000e+00   4.1719e-02   2.8252e+02
20260915_21:00:00   1.4065e-01   3.6755e+01   9.9325e+00   0.0000e+00   1.2197e-02   2.8217e+02
20260915_22:00:00   1.4018e-01   3.6657e+01   9.9080e+00   0.0000e+00   5.5772e-03   2.8363e+02
20260915_23:00:00   1.3911e-01   3.6414e+01   9.8071e+00   0.0000e+00   3.6077e-03   2.8444e+02
20260916_00:00:00   1.3812e-01   3.6194e+01   9.7164e+00   0.0000e+00   2.9614e-03   2.8498e+02
20260916_01:00:00   1.3711e-01   3.5967e+01   9.6199e+00   0.0000e+00   2.5780e-03   2.8779e+02
20260916_02:00:00   1.3573e-01   3.5659e+01   9.4779e+00   0.0000e+00   1.0855e-03   2.8983e+02
20260916_03:00:00   1.3462e-01   3.5414e+01   9.3663e+00   0.0000e+00   1.9213e-03   2.8808e+02
20260916_04:00:00   1.3336e-01   3.5132e+01   9.2326e+00   0.0000e+00   2.5662e-03   2.8337e+02
20260916_05:00:00   1.3183e-01   3.4784e+01   9.0564e+00   0.0000e+00   2.9368e-03   2.8124e+02
20260916_06:00:00   1.3046e-01   3.4471e+01   8.8861e+00   0.0000e+00   3.9960e-03   2.8304e+02
20260916_07:00:00   1.2906e-01   3.4160e+01   8.6885e+00   0.0000e+00   3.8334e-03   2.8832e+02
20260916_08:00:00   1.2732e-01   3.3772e+01   8.4117e+00   0.0000e+00   2.9212e-03   2.8733e+02
20260916_09:00:00   1.2583e-01   3.3443e+01   8.1437e+00   0.0000e+00   1.4835e-03   2.8322e+02
20260916_10:00:00   1.2466e-01   3.3190e+01   7.8871e+00   0.0000e+00   2.4267e-04   2.8413e+02
20260916_11:00:00   1.2456e-01   3.3182e+01   7.7776e+00   0.0000e+00   3.3579e-04   2.8749e+02
20260916_12:00:00   1.2563e-01   3.3433e+01   7.8213e+00   0.0000e+00   1.5871e-04   2.9119e+02
20260916_13:00:00   1.2703e-01   3.3742e+01   7.9070e+00   0.0000e+00   9.9532e-05   2.9234e+02
20260916_14:00:00   1.2770e-01   3.3885e+01   7.9462e+00   0.0000e+00   1.2237e-04   2.9005e+02
20260916_15:00:00   1.2846e-01   3.4056e+01   7.9967e+00   0.0000e+00   6.0985e-05   2.8818e+02
20260916_16:00:00   1.3167e-01   3.4800e+01   8.3226e+00   0.0000e+00   1.0059e-04   2.8234e+02
20260916_17:00:00   1.3553e-01   3.5688e+01   8.7163e+00   1.9082e-05   4.2352e-04   2.7933e+02
20260916_18:00:00   1.4020e-01   3.6765e+01   9.0878e+00   1.3270e-03   1.2438e-03   2.8007e+02
20260916_19:00:00   1.4344e-01   3.7486e+01   9.5297e+00   4.9780e-04   3.1066e-03   2.7932e+02
20260916_20:00:00   1.4868e-01   3.8646e+01   1.0211e+01   0.0000e+00   1.4818e-02   2.7811e+02
20260916_21:00:00   1.5436e-01   3.9881e+01   1.0898e+01   4.3920e-05   7.4160e-02   2.7737e+02
20260916_22:00:00   1.5768e-01   4.0589e+01   1.1276e+01   0.0000e+00   1.4385e-01   2.7624e+02
20260916_23:00:00   1.5835e-01   4.0725e+01   1.1344e+01   0.0000e+00   1.6374e-01   2.7808e+02
20260917_00:00:00   1.5837e-01   4.0729e+01   1.1349e+01   0.0000e+00   1.3751e-01   2.7854e+02
20260917_01:00:00   1.5846e-01   4.0746e+01   1.1330e+01   0.0000e+00   1.7675e-01   2.7724e+02
20260917_02:00:00   1.5888e-01   4.0840e+01   1.1325e+01   0.0000e+00   2.2834e-01   2.7716e+02
20260917_03:00:00   1.5933e-01   4.0947e+01   1.1359e+01   0.0000e+00   2.1537e-01   2.7811e+02
20260917_04:00:00   1.5951e-01   4.0997e+01   1.1377e+01   5.6686e-05   1.8934e-01   2.8179e+02
20260917_05:00:00   1.6188e-01   4.1549e+01   1.1297e+01   3.6725e-03   1.5750e-01   2.8290e+02
20260917_06:00:00   1.7998e-01   4.5669e+01   1.1247e+01   2.4757e-02   1.0665e-01   2.8082e+02
20260917_07:00:00   2.3181e-01   5.7021e+01   1.1247e+01   8.2851e-02   9.0447e-02   2.7787e+02
20260917_08:00:00   2.5657e-01   6.2276e+01   1.1172e+01   1.1142e-01   5.4838e-02   2.7728e+02
20260917_09:00:00   2.5499e-01   6.1944e+01   1.1064e+01   1.1055e-01   3.4389e-02   2.8318e+02
20260917_10:00:00   2.4790e-01   6.0485e+01   1.1027e+01   1.0264e-01   4.5300e-02   2.8962e+02
20260917_11:00:00   2.3256e-01   5.7229e+01   1.0940e+01   8.6039e-02   3.8285e-02   2.9280e+02
20260917_12:00:00   2.0525e-01   5.1274e+01   1.0748e+01   5.7281e-02   1.2451e-02   2.9267e+02
20260917_13:00:00   2.0403e-01   5.0970e+01   1.0361e+01   5.9880e-02   4.9789e-03   2.8628e+02
20260917_14:00:00   1.7461e-01   4.4464e+01   9.8750e+00   3.1833e-02   1.6699e-03   2.8399e+02
20260917_15:00:00   1.4926e-01   3.8716e+01   9.4757e+00   7.4457e-03   5.8554e-04   2.8107e+02
20260917_16:00:00   1.3999e-01   3.6582e+01   9.1883e+00   0.0000e+00   2.3066e-04   2.7996e+02
20260917_17:00:00   1.3832e-01   3.6208e+01   9.0181e+00   0.0000e+00   6.9117e-05   2.8006e+02
20260917_18:00:00   1.3792e-01   3.6115e+01   8.9760e+00   0.0000e+00   4.0868e-05   2.7867e+02
20260917_19:00:00   1.3759e-01   3.6038e+01   8.9369e+00   0.0000e+00   4.0747e-05   2.7580e+02
20260917_20:00:00   1.3789e-01   3.6108e+01   8.9674e+00   0.0000e+00   4.7296e-05   2.7417e+02
20260917_21:00:00   1.3881e-01   3.6307e+01   9.0563e+00   0.0000e+00   9.7464e-05   2.7361e+02
20260917_22:00:00   1.4086e-01   3.6774e+01   9.1794e+00   1.0541e-03   1.6428e-04   2.7303e+02
20260917_23:00:00   1.4832e-01   3.8501e+01   9.2691e+00   8.7083e-03   3.4730e-04   2.7206e+02
20260918_00:00:00   1.5374e-01   3.9758e+01   9.2694e+00   1.5067e-02   3.4001e-04   2.7182e+02
20260918_01:00:00   1.4660e-01   3.8104e+01   9.1075e+00   8.9852e-03   4.5884e-04   2.7239e+02
20260918_02:00:00   1.3907e-01   3.6348e+01   8.9433e+00   2.4360e-03   2.7058e-04   2.7291e+02
20260918_03:00:00   1.3546e-01   3.5506e+01   8.7846e+00   2.2595e-04   5.8130e-05   2.7274e+02
20260918_04:00:00   1.3328e-01   3.5008e+01   8.5863e+00   0.0000e+00   3.8459e-05   2.7257e+02
20260918_05:00:00   1.3078e-01   3.4438e+01   8.3179e+00   0.0000e+00   3.7832e-05   2.7277e+02
20260918_06:00:00   1.2844e-01   3.3900e+01   8.0702e+00   0.0000e+00   2.9160e-05   2.7352e+02
20260918_07:00:00   1.2654e-01   3.3461e+01   7.8566e+00   0.0000e+00   2.1367e-05   2.7400e+02
20260918_08:00:00   1.2517e-01   3.3149e+01   7.6952e+00   0.0000e+00   1.9971e-05   2.7339e+02
20260918_09:00:00   1.2423e-01   3.2934e+01   7.5799e+00   0.0000e+00   1.9865e-05   2.7284e+02
20260918_10:00:00   1.2364e-01   3.2804e+01   7.5088e+00   0.0000e+00   1.8234e-05   2.7244e+02
20260918_11:00:00   1.2274e-01   3.2603e+01   7.4137e+00   0.0000e+00   1.2924e-05   2.7272e+02
20260918_12:00:00   1.2197e-01   3.2429e+01   7.3405e+00   0.0000e+00   8.0742e-06   2.7394e+02
20260918_13:00:00   1.2146e-01   3.2320e+01   7.2936e+00   0.0000e+00   7.8181e-06   2.7546e+02
20260918_14:00:00   1.2074e-01   3.2157e+01   7.2110e+00   0.0000e+00   2.5736e-06   2.7621e+02
20260918_15:00:00   1.2023e-01   3.2039e+01   7.1524e+00   0.0000e+00   1.7774e-06   2.7578e+02
20260918_16:00:00   1.2024e-01   3.2040e+01   7.1454e+00   0.0000e+00   1.4618e-07   2.7410e+02
20260918_17:00:00   1.2062e-01   3.2123e+01   7.1703e+00   0.0000e+00   9.7870e-07   2.7281e+02
20260918_18:00:00   1.2123e-01   3.2248e+01   7.2086e+00   0.0000e+00   9.7870e-07   2.7199e+02
20260918_19:00:00   1.2238e-01   3.2496e+01   7.2931e+00   0.0000e+00   9.7870e-07   2.7225e+02
20260918_20:00:00   1.2417e-01   3.2891e+01   7.4249e+00   0.0000e+00   2.1478e-05   2.7185e+02
20260918_21:00:00   1.2657e-01   3.3427e+01   7.5415e+00   6.6242e-04   6.1429e-04   2.7234e+02
20260918_22:00:00   1.2694e-01   3.3486e+01   7.3998e+00   2.0724e-03   2.1252e-03   2.7154e+02
20260918_23:00:00   1.2601e-01   3.3239e+01   7.1159e+00   3.9301e-03   5.1745e-03   2.7075e+02
20260919_00:00:00   1.2250e-01   3.2396e+01   6.8931e+00   2.8181e-03   4.4940e-03   2.6900e+02
20260919_03:00:00   1.1437e-01   3.0403e+01   6.4130e+00   0.0000e+00   2.3494e-02   2.6534e+02
20260919_06:00:00   1.2096e-01   3.1889e+01   7.2327e+00   0.0000e+00   5.1033e-02   2.6501e+02
20260919_09:00:00   1.3835e-01   3.5887e+01   9.0122e+00   0.0000e+00   9.2202e-02   2.6832e+02
20260919_12:00:00   1.4015e-01   3.6294e+01   9.1795e+00   0.0000e+00   7.3527e-02   2.7373e+02
20260919_15:00:00   1.3779e-01   3.5754e+01   8.9359e+00   0.0000e+00   3.4067e-02   2.7641e+02
20260919_18:00:00   1.3706e-01   3.5587e+01   8.7793e+00   0.0000e+00   4.6573e-02   2.7580e+02
20260919_21:00:00   1.3944e-01   3.6123e+01   8.9444e+00   0.0000e+00   4.8214e-02   2.7640e+02
20260920_00:00:00   1.4359e-01   3.7058e+01   9.2498e+00   0.0000e+00   6.7547e-02   2.7749e+02
20260920_03:00:00   1.4019e-01   3.6330e+01   8.8148e+00   0.0000e+00   4.2789e-02   2.8083e+02
20260920_06:00:00   1.4133e-01   3.6574e+01   8.9296e+00   0.0000e+00   5.2450e-02   2.8412e+02
20260920_09:00:00   1.4370e-01   3.7079e+01   9.1961e+00   0.0000e+00   6.1755e-02   2.8623e+02
20260920_12:00:00   1.4245e-01   3.6783e+01   9.0380e+00   0.0000e+00   7.0827e-02   2.8818e+02
20260920_15:00:00   1.3978e-01   3.6201e+01   8.6261e+00   0.0000e+00   3.4953e-02   2.8988e+02
20260920_18:00:00   1.3877e-01   3.5966e+01   8.4916e+00   1.2878e-04   2.7091e-02   2.9166e+02
20260920_21:00:00   1.3948e-01   3.6101e+01   8.5637e+00   4.5510e-04   9.9534e-03   2.9152e+02
20260921_00:00:00   1.3596e-01   3.5304e+01   7.7582e+00   3.5952e-03   2.2917e-03   2.9743e+02
20260921_03:00:00   1.3133e-01   3.4280e+01   6.6518e+00   7.4474e-03   3.1312e-03   2.9456e+02
20260921_06:00:00   1.2527e-01   3.2901e+01   6.0322e+00   5.4628e-03   3.7795e-03   2.9112e+02
20260921_09:00:00   1.1883e-01   3.1415e+01   5.7294e+00   7.0560e-04   1.4075e-03   2.9160e+02
20260921_12:00:00   1.1626e-01   3.0829e+01   5.5033e+00   4.1440e-04   4.2846e-04   2.8871e+02
20260921_15:00:00   1.1592e-01   3.0762e+01   5.6050e+00   0.0000e+00   2.1311e-04   2.8588e+02
20260921_18:00:00   1.1316e-01   3.0161e+01   5.2440e+00   0.0000e+00   6.5312e-05   2.9243e+02
20260921_21:00:00   1.1007e-01   2.9445e+01   4.9472e+00   0.0000e+00   9.5463e-06   2.9231e+02
20260922_00:00:00   1.0850e-01   2.9054e+01   4.8782e+00   0.0000e+00   8.5826e-06   2.8846e+02
20260922_03:00:00   1.0835e-01   2.9002e+01   4.9856e+00   0.0000e+00   1.6248e-05   2.9185e+02
20260922_06:00:00   1.1034e-01   2.9451e+01   5.3853e+00   0.0000e+00   2.2542e-05   2.8317e+02
20260922_09:00:00   1.1413e-01   3.0325e+01   5.9840e+00   0.0000e+00   3.6130e-04   2.7946e+02
20260922_12:00:00   1.1880e-01   3.1407e+01   6.5772e+00   0.0000e+00   2.2597e-03   2.8347e+02
20260922_15:00:00   1.2335e-01   3.2469e+01   7.1235e+00   0.0000e+00   1.3725e-03   2.9270e+02
20260922_18:00:00   1.2407e-01   3.2645e+01   7.2804e+00   0.0000e+00   1.2225e-02   2.9790e+02
20260922_21:00:00   1.2364e-01   3.2537e+01   7.2910e+00   0.0000e+00   2.4633e-02   3.0151e+02
20260923_00:00:00   1.2470e-01   3.2775e+01   7.4352e+00   0.0000e+00   4.8734e-02   2.9532e+02
20260923_03:00:00   1.2250e-01   3.2273e+01   7.1379e+00   0.0000e+00   1.0447e-02   2.9367e+02
20260923_06:00:00   1.1847e-01   3.1343e+01   6.6167e+00   0.0000e+00   5.6426e-03   2.9037e+02
20260923_09:00:00   1.1578e-01   3.0716e+01   6.2880e+00   0.0000e+00   2.1832e-02   2.8941e+02
20260923_12:00:00   1.1555e-01   3.0664e+01   6.2420e+00   0.0000e+00   4.0572e-02   2.9501e+02
20260923_15:00:00   1.1686e-01   3.0966e+01   6.4302e+00   0.0000e+00   3.6515e-02   2.9522e+02
20260923_18:00:00   1.1432e-01   3.0391e+01   6.1438e+00   0.0000e+00   1.5941e-02   3.0033e+02
20260923_21:00:00   1.1338e-01   3.0170e+01   6.0490e+00   0.0000e+00   1.2670e-02   3.0617e+02
20260924_00:00:00   1.1217e-01   2.9875e+01   5.8973e+00   0.0000e+00   1.0183e-02   3.0892e+02
20260924_03:00:00   1.1098e-01   2.9596e+01   5.7481e+00   0.0000e+00   1.3483e-02   3.1538e+02
20260924_06:00:00   1.1170e-01   2.9755e+01   5.8455e+00   0.0000e+00   6.5344e-02   3.1146e+02
20260924_09:00:00   1.1254e-01   2.9950e+01   5.9351e+00   0.0000e+00   1.0331e-01   3.0757e+02
20260924_12:00:00   1.1145e-01   2.9698e+01   5.7696e+00   0.0000e+00   7.9713e-02   3.0686e+02
20260924_15:00:00   1.1127e-01   2.9652e+01   5.8272e+00   0.0000e+00   2.5167e-02   3.1005e+02
20260924_18:00:00   1.0730e-01   2.8736e+01   5.3720e+00   0.0000e+00   2.3287e-02   3.1743e+02
20260924_21:00:00   1.0673e-01   2.8621e+01   5.3078e+00   0.0000e+00   1.0084e-02   3.2116e+02
20260925_00:00:00   1.0677e-01   2.8636e+01   5.3452e+00   0.0000e+00   7.6641e-03   3.2427e+02
20260925_03:00:00   1.0540e-01   2.8318e+01   5.2660e+00   0.0000e+00   3.9702e-03   3.2756e+02
20260925_06:00:00   1.0494e-01   2.8233e+01   5.2893e+00   0.0000e+00   3.6710e-05   3.2384e+02
20260925_09:00:00   1.0472e-01   2.8239e+01   5.3119e+00   0.0000e+00   4.0789e-05   3.2564e+02
20260925_12:00:00   1.0193e-01   2.7655e+01   4.9472e+00   0.0000e+00   0.0000e+00   3.2756e+02
20260925_15:00:00   9.8977e-02   2.7068e+01   4.5542e+00   0.0000e+00   0.0000e+00   3.3128e+02
20260925_18:00:00   9.4700e-02   2.6127e+01   3.8933e+00   0.0000e+00   0.0000e+00   3.3089e+02
20260925_21:00:00   9.2537e-02   2.5605e+01   3.6981e+00   0.0000e+00   0.0000e+00   3.2853e+02
20260926_00:00:00   1.0312e-01   2.8033e+01   5.4296e+00   0.0000e+00   5.3448e-06   3.2365e+02
20260926_03:00:00   1.1064e-01   2.9728e+01   6.4787e+00   0.0000e+00   8.0452e-03   3.2005e+02
20260926_06:00:00   1.0389e-01   2.8131e+01   5.4008e+00   0.0000e+00   5.1961e-04   3.0990e+02
20260926_09:00:00   1.0373e-01   2.7985e+01   5.2256e+00   0.0000e+00   6.3981e-03   3.0407e+02
20260926_12:00:00   1.1297e-01   3.0056e+01   6.2590e+00   0.0000e+00   5.4103e-02   3.0852e+02
20260926_15:00:00   1.1694e-01   3.0915e+01   6.6287e+00   0.0000e+00   5.9179e-02   3.1171e+02
20260926_18:00:00   1.1879e-01   3.1278e+01   6.7187e+00   0.0000e+00   8.4519e-02   3.2232e+02
20260926_21:00:00   1.1952e-01   3.1409e+01   6.6648e+00   0.0000e+00   3.3173e-02   3.2444e+02
20260927_00:00:00   1.1636e-01   3.0638e+01   6.1478e+00   0.0000e+00   3.6643e-02   3.1984e+02
20260927_03:00:00   1.1448e-01   3.0186e+01   5.8354e+00   0.0000e+00   3.1774e-02   3.2422e+02
20260927_06:00:00   1.0954e-01   2.9022e+01   5.2213e+00   0.0000e+00   8.7036e-03   3.3778e+02
20260927_09:00:00   1.0381e-01   2.7670e+01   4.5379e+00   0.0000e+00   1.4930e-05   3.3714e+02
20260927_12:00:00   9.1681e-02   2.4834e+01   2.9649e+00   0.0000e+00   0.0000e+00   3.3267e+02
20260927_15:00:00   9.2010e-02   2.4871e+01   3.0634e+00   0.0000e+00   2.6583e-05   3.2922e+02
20260927_18:00:00   9.6314e-02   2.5813e+01   3.6255e+00   0.0000e+00   2.5735e-03   3.2548e+02
20260927_21:00:00   9.6886e-02   2.5898e+01   3.5963e+00   0.0000e+00   9.1848e-03   3.2712e+02
20260928_00:00:00   9.5549e-02   2.5524e+01   3.2443e+00   0.0000e+00   2.7144e-05   3.3331e+02
20260928_03:00:00   9.5931e-02   2.5535e+01   3.1417e+00   0.0000e+00   2.7727e-05   3.3284e+02
20260928_06:00:00   9.8582e-02   2.6068e+01   3.4170e+00   0.0000e+00   2.5727e-03   3.3367e+02
20260928_09:00:00   9.9046e-02   2.6143e+01   3.4677e+00   0.0000e+00   7.7645e-03   3.3124e+02
20260928_12:00:00   1.0075e-01   2.6534e+01   3.6618e+00   0.0000e+00   3.5486e-03   3.2769e+02
20260928_15:00:00   1.0136e-01   2.6690e+01   3.7080e+00   0.0000e+00   7.3260e-04   3.2508e+02
20260928_18:00:00   1.0107e-01   2.6641e+01   3.6884e+00   0.0000e+00   9.9701e-03   3.1995e+02
20260928_21:00:00   1.0408e-01   2.7405e+01   4.0161e+00   0.0000e+00   1.0761e-03   3.2249e+02
20260929_00:00:00   1.0532e-01   2.7726e+01   4.1848e+00   0.0000e+00   2.6004e-03   3.2456e+02
20260929_03:00:00   9.3183e-02   2.4978e+01   2.8919e+00   0.0000e+00   1.4395e-04   3.2112e+02
20260929_06:00:00   1.0184e-01   2.7007e+01   4.0985e+00   0.0000e+00   1.2621e-02   3.1346e+02
20260929_09:00:00   9.9913e-02   2.6614e+01   3.6246e+00   0.0000e+00   3.3156e-04   3.0642e+02
20260929_12:00:00   9.7243e-02   2.5995e+01   3.3190e+00   0.0000e+00   7.7258e-04   3.0219e+02
20260929_15:00:00   9.2386e-02   2.4894e+01   2.9049e+00   0.0000e+00   3.2221e-05   2.9725e+02
20260929_18:00:00   9.4588e-02   2.5472e+01   3.3570e+00   0.0000e+00   5.2200e-06   2.9775e+02
20260929_21:00:00   9.1667e-02   2.4843e+01   3.1004e+00   0.0000e+00   0.0000e+00   2.9320e+02
20260930_00:00:00   8.9354e-02   2.4340e+01   2.8764e+00   0.0000e+00   0.0000e+00   2.8547e+02
