#            date       tau255        Tb[K]      pwv[mm] lwp[kg*m^-2] iwp[kg*m^-2]       o3[DU]
20260812_06:00:00   1.1592e-01   3.1769e+01   6.9464e+00   0.0000e+00   0.0000e+00   3.0134e+02
20260812_07:00:00   1.0899e-01   3.0103e+01   6.0826e+00   0.0000e+00   0.0000e+00   3.0249e+02
20260812_08:00:00   1.0592e-01   2.9361e+01   5.6967e+00   0.0000e+00   0.0000e+00   3.0408e+02
20260812_09:00:00   1.0484e-01   2.9089e+01   5.5935e+00   0.0000e+00   0.0000e+00   3.0371e+02
20260812_10:00:00   1.0399e-01   2.8884e+01   5.5491e+00   0.0000e+00   0.0000e+00   3.0056e+02
20260812_11:00:00   1.0352e-01   2.8775e+01   5.5381e+00   0.0000e+00   0.0000e+00   2.9655e+02
20260812_12:00:00   1.0231e-01   2.8493e+01   5.4365e+00   0.0000e+00   0.0000e+00   2.9491e+02
20260812_13:00:00   1.0151e-01   2.8313e+01   5.3650e+00   0.0000e+00   0.0000e+00   2.9540e+02
20260812_14:00:00   1.0158e-01   2.8337e+01   5.4206e+00   0.0000e+00   0.0000e+00   2.9443e+02
20260812_15:00:00   1.0381e-01   2.8865e+01   5.7163e+00   0.0000e+00   0.0000e+00   2.9383e+02
20260812_16:00:00   1.0630e-01   2.9454e+01   6.0183e+00   0.0000e+00   0.0000e+00   2.9334e+02
20260812_17:00:00   1.0908e-01   3.0119e+01   6.3479e+00   0.0000e+00   0.0000e+00   2.9427e+02
20260812_18:00:00   1.1160e-01   3.0731e+01   6.6123e+00   0.0000e+00   0.0000e+00   2.9580e+02
20260812_19:00:00   1.1467e-01   3.1476e+01   6.9386e+00   0.0000e+00   0.0000e+00   2.9716e+02
20260812_20:00:00   1.1767e-01   3.2197e+01   7.2788e+00   0.0000e+00   0.0000e+00   2.9707e+02
20260812_21:00:00   1.2103e-01   3.3009e+01   7.6856e+00   0.0000e+00   0.0000e+00   2.9732e+02
20260812_22:00:00   1.2314e-01   3.3503e+01   7.9838e+00   0.0000e+00   0.0000e+00   2.9738e+02
20260812_23:00:00   1.2466e-01   3.3855e+01   8.2423e+00   0.0000e+00   0.0000e+00   2.9739e+02
20260813_00:00:00   1.2805e-01   3.4645e+01   8.7135e+00   0.0000e+00   0.0000e+00   2.9806e+02
20260813_01:00:00   1.3164e-01   3.5484e+01   9.1572e+00   0.0000e+00   0.0000e+00   2.9908e+02
20260813_02:00:00   1.3495e-01   3.6243e+01   9.5498e+00   0.0000e+00   0.0000e+00   3.0012e+02
20260813_03:00:00   1.3764e-01   3.6859e+01   9.8594e+00   0.0000e+00   8.9800e-07   3.0064e+02
20260813_04:00:00   1.4021e-01   3.7439e+01   1.0136e+01   0.0000e+00   4.4060e-06   3.0108e+02
20260813_05:00:00   1.4281e-01   3.8021e+01   1.0398e+01   0.0000e+00   7.0160e-06   3.0148e+02
20260813_06:00:00   1.4604e-01   3.8737e+01   1.0732e+01   0.0000e+00   7.0160e-06   3.0117e+02
20260813_07:00:00   1.4897e-01   3.9376e+01   1.1047e+01   0.0000e+00   7.1620e-06   3.0060e+02
20260813_08:00:00   1.5139e-01   3.9897e+01   1.1337e+01   0.0000e+00   7.7320e-06   2.9984e+02
20260813_09:00:00   1.5263e-01   4.0157e+01   1.1527e+01   0.0000e+00   7.5860e-06   2.9909e+02
20260813_10:00:00   1.5453e-01   4.0577e+01   1.1778e+01   0.0000e+00   1.1665e-05   2.9807e+02
20260813_11:00:00   1.5750e-01   4.1249e+01   1.2152e+01   0.0000e+00   1.4032e-05   2.9711e+02
20260813_12:00:00   1.6066e-01   4.1972e+01   1.2551e+01   0.0000e+00   2.2844e-05   2.9620e+02
20260813_13:00:00   1.6319e-01   4.2549e+01   1.2859e+01   0.0000e+00   4.3891e-05   2.9528e+02
20260813_14:00:00   1.6506e-01   4.2985e+01   1.3039e+01   0.0000e+00   2.4919e-04   2.9554e+02
20260813_15:00:00   1.6411e-01   4.2803e+01   1.2840e+01   0.0000e+00   8.3041e-06   2.9579e+02
20260813_16:00:00   1.6158e-01   4.2269e+01   1.2427e+01   0.0000e+00   1.0197e-05   2.9627e+02
20260813_17:00:00   1.5767e-01   4.1424e+01   1.1868e+01   0.0000e+00   7.5860e-06   2.9606e+02
20260813_18:00:00   1.5458e-01   4.0745e+01   1.1441e+01   0.0000e+00   7.5860e-06   2.9597e+02
20260813_19:00:00   1.5077e-01   3.9905e+01   1.0935e+01   0.0000e+00   6.6880e-06   2.9655e+02
20260813_20:00:00   1.4746e-01   3.9182e+01   1.0491e+01   0.0000e+00   4.0780e-06   2.9725e+02
20260813_21:00:00   1.4435e-01   3.8509e+01   1.0088e+01   0.0000e+00   4.0780e-06   2.9792e+02
20260813_22:00:00   1.4183e-01   3.7960e+01   9.7645e+00   0.0000e+00   4.0780e-06   2.9815e+02
20260813_23:00:00   1.4118e-01   3.7832e+01   9.6829e+00   0.0000e+00   4.0780e-06   2.9743e+02
20260814_00:00:00   1.3925e-01   3.7402e+01   9.5068e+00   0.0000e+00   0.0000e+00   2.9659e+02
20260814_01:00:00   1.3744e-01   3.6979e+01   9.4090e+00   0.0000e+00   0.0000e+00   2.9538e+02
20260814_02:00:00   1.3511e-01   3.6431e+01   9.2179e+00   0.0000e+00   0.0000e+00   2.9403e+02
20260814_03:00:00   1.3371e-01   3.6106e+01   9.1293e+00   0.0000e+00   0.0000e+00   2.9335e+02
20260814_04:00:00   1.3329e-01   3.5998e+01   9.1685e+00   0.0000e+00   0.0000e+00   2.9218e+02
20260814_05:00:00   1.3205e-01   3.5700e+01   9.1017e+00   0.0000e+00   0.0000e+00   2.9138e+02
20260814_06:00:00   1.3119e-01   3.5495e+01   9.0435e+00   0.0000e+00   7.8080e-05   2.9161e+02
20260814_07:00:00   1.3111e-01   3.5467e+01   9.0614e+00   0.0000e+00   1.0564e-04   2.9151e+02
20260814_08:00:00   1.3044e-01   3.5312e+01   9.0197e+00   0.0000e+00   8.0676e-05   2.9132e+02
20260814_09:00:00   1.3005e-01   3.5218e+01   9.0071e+00   0.0000e+00   4.5146e-05   2.9112e+02
20260814_10:00:00   1.3011e-01   3.5231e+01   9.0390e+00   0.0000e+00   2.7784e-05   2.9073e+02
20260814_11:00:00   1.3032e-01   3.5277e+01   9.0786e+00   0.0000e+00   2.8560e-06   2.9096e+02
20260814_12:00:00   1.3066e-01   3.5359e+01   9.1223e+00   0.0000e+00   0.0000e+00   2.9103e+02
20260814_13:00:00   1.3133e-01   3.5517e+01   9.2108e+00   0.0000e+00   6.3895e-05   2.9151e+02
20260814_14:00:00   1.3246e-01   3.5792e+01   9.3480e+00   0.0000e+00   1.1661e-04   2.9228e+02
20260814_15:00:00   1.3397e-01   3.6152e+01   9.5110e+00   0.0000e+00   7.4903e-05   2.9295e+02
20260814_16:00:00   1.3554e-01   3.6521e+01   9.6635e+00   0.0000e+00   4.8572e-05   2.9340e+02
20260814_17:00:00   1.3692e-01   3.6848e+01   9.7994e+00   0.0000e+00   4.2820e-06   2.9422e+02
20260814_18:00:00   1.3833e-01   3.7174e+01   9.9463e+00   0.0000e+00   1.4276e-06   2.9515e+02
20260814_19:00:00   1.3958e-01   3.7452e+01   1.0058e+01   0.0000e+00   0.0000e+00   2.9650e+02
20260814_20:00:00   1.4088e-01   3.7729e+01   1.0179e+01   0.0000e+00   0.0000e+00   2.9763e+02
20260814_21:00:00   1.4163e-01   3.7890e+01   1.0251e+01   0.0000e+00   0.0000e+00   2.9808e+02
20260814_22:00:00   1.4196e-01   3.7962e+01   1.0292e+01   0.0000e+00   0.0000e+00   2.9840e+02
20260814_23:00:00   1.4188e-01   3.7939e+01   1.0300e+01   0.0000e+00   0.0000e+00   2.9825e+02
20260815_00:00:00   1.4113e-01   3.7758e+01   1.0253e+01   0.0000e+00   0.0000e+00   2.9856e+02
20260815_01:00:00   1.4066e-01   3.7645e+01   1.0248e+01   0.0000e+00   0.0000e+00   2.9973e+02
20260815_02:00:00   1.3968e-01   3.7424e+01   1.0176e+01   0.0000e+00   0.0000e+00   3.0140e+02
20260815_03:00:00   1.3894e-01   3.7261e+01   1.0145e+01   0.0000e+00   0.0000e+00   3.0259e+02
20260815_04:00:00   1.3749e-01   3.6929e+01   1.0031e+01   0.0000e+00   0.0000e+00   3.0335e+02
20260815_05:00:00   1.3637e-01   3.6669e+01   9.9530e+00   0.0000e+00   0.0000e+00   3.0326e+02
20260815_06:00:00   1.3535e-01   3.6427e+01   9.8792e+00   0.0000e+00   0.0000e+00   3.0261e+02
20260815_07:00:00   1.3392e-01   3.6094e+01   9.7519e+00   0.0000e+00   0.0000e+00   3.0192e+02
20260815_08:00:00   1.3291e-01   3.5860e+01   9.6742e+00   0.0000e+00   0.0000e+00   3.0147e+02
20260815_09:00:00   1.3239e-01   3.5753e+01   9.6363e+00   0.0000e+00   0.0000e+00   3.0131e+02
20260815_10:00:00   1.3191e-01   3.5660e+01   9.5975e+00   0.0000e+00   0.0000e+00   3.0128e+02
20260815_11:00:00   1.3105e-01   3.5477e+01   9.4947e+00   0.0000e+00   0.0000e+00   3.0117e+02
20260815_12:00:00   1.3071e-01   3.5423e+01   9.4407e+00   0.0000e+00   0.0000e+00   3.0029e+02
20260815_13:00:00   1.3091e-01   3.5492e+01   9.4668e+00   0.0000e+00   0.0000e+00   2.9891e+02
20260815_14:00:00   1.3137e-01   3.5619e+01   9.5588e+00   0.0000e+00   0.0000e+00   2.9772e+02
20260815_15:00:00   1.3230e-01   3.5848e+01   9.7168e+00   0.0000e+00   0.0000e+00   2.9598e+02
20260815_16:00:00   1.3342e-01   3.6119e+01   9.9067e+00   0.0000e+00   0.0000e+00   2.9475e+02
20260815_17:00:00   1.3470e-01   3.6419e+01   1.0095e+01   0.0000e+00   0.0000e+00   2.9441e+02
20260815_18:00:00   1.3597e-01   3.6722e+01   1.0264e+01   0.0000e+00   0.0000e+00   2.9343e+02
20260815_19:00:00   1.3769e-01   3.7130e+01   1.0480e+01   0.0000e+00   0.0000e+00   2.9212e+02
20260815_20:00:00   1.3945e-01   3.7542e+01   1.0695e+01   0.0000e+00   2.2460e-06   2.9180e+02
20260815_21:00:00   1.4095e-01   3.7889e+01   1.0861e+01   0.0000e+00   1.1226e-05   2.9175e+02
20260815_22:00:00   1.4199e-01   3.8127e+01   1.0955e+01   0.0000e+00   1.4908e-04   2.9066e+02
20260815_23:00:00   1.4262e-01   3.8272e+01   1.0998e+01   0.0000e+00   2.5897e-04   2.9007e+02
20260816_00:00:00   1.4272e-01   3.8289e+01   1.0969e+01   0.0000e+00   3.6966e-04   2.9023e+02
20260816_01:00:00   1.4233e-01   3.8190e+01   1.0869e+01   0.0000e+00   2.8320e-04   2.9056e+02
20260816_02:00:00   1.4141e-01   3.7976e+01   1.0741e+01   0.0000e+00   3.1820e-05   2.9005e+02
20260816_03:00:00   1.4014e-01   3.7684e+01   1.0570e+01   0.0000e+00   0.0000e+00   2.8861e+02
20260816_04:00:00   1.3894e-01   3.7406e+01   1.0406e+01   0.0000e+00   0.0000e+00   2.8792e+02
20260816_05:00:00   1.3760e-01   3.7093e+01   1.0228e+01   0.0000e+00   0.0000e+00   2.8822e+02
20260816_06:00:00   1.3703e-01   3.6954e+01   1.0168e+01   0.0000e+00   0.0000e+00   2.8830e+02
20260816_07:00:00   1.3686e-01   3.6903e+01   1.0178e+01   0.0000e+00   0.0000e+00   2.8803e+02
20260816_08:00:00   1.3683e-01   3.6884e+01   1.0192e+01   0.0000e+00   0.0000e+00   2.8845e+02
20260816_09:00:00   1.3687e-01   3.6887e+01   1.0207e+01   0.0000e+00   0.0000e+00   2.8968e+02
20260816_10:00:00   1.3687e-01   3.6875e+01   1.0214e+01   0.0000e+00   2.2460e-06   2.9106e+02
20260816_11:00:00   1.3672e-01   3.6836e+01   1.0203e+01   0.0000e+00   4.6300e-05   2.9157e+02
20260816_12:00:00   1.3746e-01   3.7001e+01   1.0290e+01   0.0000e+00   1.8338e-04   2.9255e+02
20260816_13:00:00   1.3943e-01   3.7465e+01   1.0519e+01   0.0000e+00   4.8335e-05   2.9400e+02
20260816_14:00:00   1.4248e-01   3.8160e+01   1.0877e+01   0.0000e+00   2.4280e-05   2.9508e+02
20260816_15:00:00   1.4493e-01   3.8713e+01   1.1154e+01   0.0000e+00   0.0000e+00   2.9586e+02
20260816_16:00:00   1.4663e-01   3.9104e+01   1.1321e+01   0.0000e+00   0.0000e+00   2.9674e+02
20260816_17:00:00   1.4848e-01   3.9529e+01   1.1478e+01   0.0000e+00   0.0000e+00   2.9764e+02
20260816_18:00:00   1.5016e-01   3.9910e+01   1.1605e+01   0.0000e+00   0.0000e+00   2.9809e+02
20260816_19:00:00   1.5088e-01   4.0080e+01   1.1668e+01   0.0000e+00   0.0000e+00   2.9762e+02
20260816_20:00:00   1.5156e-01   4.0242e+01   1.1748e+01   0.0000e+00   3.7537e-05   2.9707e+02
20260816_21:00:00   1.5220e-01   4.0403e+01   1.1835e+01   0.0000e+00   1.2993e-04   2.9727e+02
20260816_22:00:00   1.5304e-01   4.0599e+01   1.1957e+01   0.0000e+00   3.7264e-04   2.9740e+02
20260816_23:00:00   1.5357e-01   4.0726e+01   1.2059e+01   0.0000e+00   8.1748e-04   2.9722e+02
20260817_00:00:00   1.5401e-01   4.0831e+01   1.2181e+01   0.0000e+00   7.7244e-04   2.9714e+02
20260817_01:00:00   1.5454e-01   4.0946e+01   1.2337e+01   0.0000e+00   7.6145e-04   2.9747e+02
20260817_02:00:00   1.5592e-01   4.1243e+01   1.2613e+01   0.0000e+00   1.7156e-04   2.9807e+02
20260817_03:00:00   1.5759e-01   4.1609e+01   1.2910e+01   0.0000e+00   1.5174e-05   2.9753e+02
20260817_04:00:00   1.5835e-01   4.1775e+01   1.3066e+01   0.0000e+00   8.4500e-06   2.9687e+02
20260817_05:00:00   1.5859e-01   4.1836e+01   1.3136e+01   0.0000e+00   1.1420e-06   2.9548e+02
20260817_06:00:00   1.5884e-01   4.1908e+01   1.3192e+01   0.0000e+00   7.0160e-06   2.9477e+02
20260817_09:00:00   1.6039e-01   4.2301e+01   1.3352e+01   0.0000e+00   0.0000e+00   2.9471e+02
20260817_12:00:00   1.6062e-01   4.2425e+01   1.3205e+01   0.0000e+00   4.3492e-05   2.8940e+02
20260817_15:00:00   1.6111e-01   4.2574e+01   1.3212e+01   0.0000e+00   3.1510e-03   2.8533e+02
20260817_18:00:00   1.6908e-01   4.4322e+01   1.4327e+01   0.0000e+00   1.4716e-02   2.8694e+02
20260817_21:00:00   1.8011e-01   4.6733e+01   1.5721e+01   0.0000e+00   4.5933e-03   2.8582e+02
20260818_00:00:00   1.8436e-01   4.7687e+01   1.5982e+01   0.0000e+00   2.7004e-05   2.8623e+02
20260818_03:00:00   1.8744e-01   4.8325e+01   1.6211e+01   0.0000e+00   3.4351e-04   2.8746e+02
20260818_06:00:00   2.0090e-01   5.1233e+01   1.6120e+01   1.3348e-02   6.3426e-03   2.8721e+02
20260818_09:00:00   2.0104e-01   5.1237e+01   1.6807e+01   5.3692e-03   3.4274e-03   2.8792e+02
20260818_12:00:00   2.1654e-01   5.4591e+01   1.7904e+01   1.0566e-02   1.3521e-02   2.8894e+02
20260818_15:00:00   2.1394e-01   5.4008e+01   1.7714e+01   8.3764e-03   1.1878e-02   2.9069e+02
20260818_18:00:00   2.1930e-01   5.5102e+01   1.7950e+01   1.2328e-02   7.0648e-02   2.9299e+02
20260818_21:00:00   2.5004e-01   6.1637e+01   1.7406e+01   5.1143e-02   5.8044e-02   2.9584e+02
20260819_00:00:00   3.0868e-01   7.3657e+01   1.7597e+01   1.1521e-01   9.4072e-02   2.9745e+02
20260819_03:00:00   4.3714e-01   9.7819e+01   1.7243e+01   2.6489e-01   4.8922e-02   2.9700e+02
20260819_06:00:00   5.9808e-01   1.2397e+02   1.6884e+01   4.5074e-01   1.3139e-01   2.9955e+02
20260819_09:00:00   6.4064e-01   1.3009e+02   1.6363e+01   5.0150e-01   4.6541e-01   3.0298e+02
20260819_12:00:00   5.7093e-01   1.1963e+02   1.5465e+01   4.2966e-01   4.9894e-01   3.0643e+02
20260819_15:00:00   3.3948e-01   7.9498e+01   1.4735e+01   1.7269e-01   4.6437e-01   3.1048e+02
20260819_18:00:00   3.2825e-01   7.7340e+01   1.4365e+01   1.6344e-01   2.2430e-01   3.1845e+02
20260819_21:00:00   2.1948e-01   5.4728e+01   1.3987e+01   4.2895e-02   5.9570e-02   3.2978e+02
20260820_00:00:00   2.0386e-01   5.1308e+01   1.3471e+01   3.0084e-02   1.0912e-02   3.3565e+02
20260820_03:00:00   2.2669e-01   5.6256e+01   1.3134e+01   5.8961e-02   2.7850e-03   3.3401e+02
20260820_06:00:00   1.8295e-01   4.6648e+01   1.2991e+01   1.2536e-02   2.1907e-03   3.3357e+02
20260820_09:00:00   1.7226e-01   4.4246e+01   1.3179e+01   4.2662e-04   4.8060e-03   3.3119e+02
20260820_12:00:00   1.7379e-01   4.4616e+01   1.3482e+01   1.3050e-05   5.9356e-03   3.2921e+02
20260820_15:00:00   1.8144e-01   4.6374e+01   1.3792e+01   6.4172e-03   4.5868e-03   3.2840e+02
20260820_18:00:00   2.0170e-01   5.0919e+01   1.4187e+01   2.5602e-02   5.9380e-04   3.2395e+02
20260820_21:00:00   1.9782e-01   5.0107e+01   1.3948e+01   2.3123e-02   7.8716e-04   3.2825e+02
20260821_00:00:00   2.4839e-01   6.0957e+01   1.3906e+01   7.8968e-02   3.1050e-03   3.3202e+02
20260821_03:00:00   2.7639e-01   6.6715e+01   1.4284e+01   1.0738e-01   7.1832e-03   3.3327e+02
20260821_06:00:00   3.1236e-01   7.3922e+01   1.4365e+01   1.4740e-01   1.2964e-02   3.3466e+02
20260821_09:00:00   3.5259e-01   8.1660e+01   1.4253e+01   1.9445e-01   4.8000e-02   3.2968e+02
20260821_12:00:00   2.7914e-01   6.7302e+01   1.4414e+01   1.1129e-01   4.3693e-02   3.2549e+02
20260821_15:00:00   2.3473e-01   5.8093e+01   1.4723e+01   5.9043e-02   2.8479e-02   3.1970e+02
20260821_18:00:00   2.4299e-01   5.9814e+01   1.4902e+01   6.6650e-02   1.8160e-02   3.1819e+02
20260821_21:00:00   4.7498e-01   1.0364e+02   1.4372e+01   3.3032e-01   3.4203e-02   3.2295e+02
20260822_00:00:00   6.5422e-01   1.3142e+02   1.4584e+01   5.3207e-01   6.8103e-02   3.2093e+02
20260822_03:00:00   5.6860e-01   1.1905e+02   1.3985e+01   4.4045e-01   4.2137e-02   3.1348e+02
20260822_06:00:00   3.5114e-01   8.1698e+01   1.3871e+01   1.9599e-01   1.7160e-02   3.1106e+02
20260822_09:00:00   2.8456e-01   6.8695e+01   1.3660e+01   1.2460e-01   5.5619e-03   3.0639e+02
20260822_12:00:00   1.7583e-01   4.5367e+01   1.3134e+01   8.7605e-03   1.8491e-04   3.0347e+02
20260822_15:00:00   1.6180e-01   4.2257e+01   1.2610e+01   0.0000e+00   3.3801e-04   3.0823e+02
20260822_18:00:00   1.5809e-01   4.1485e+01   1.2287e+01   0.0000e+00   1.7132e-05   3.0749e+02
20260822_21:00:00   1.5519e-01   4.0851e+01   1.2094e+01   0.0000e+00   2.4474e-05   3.0432e+02
20260823_00:00:00   1.5399e-01   4.0627e+01   1.1990e+01   4.9380e-05   1.6653e-05   3.0407e+02
20260823_03:00:00   1.6972e-01   4.4245e+01   1.3734e+01   1.6479e-03   3.3490e-06   3.0064e+02
20260823_06:00:00   1.6895e-01   4.4095e+01   1.3836e+01   1.2885e-04   1.1809e-05   3.0390e+02
20260823_09:00:00   1.6537e-01   4.3344e+01   1.3532e+01   0.0000e+00   8.9800e-07   3.0475e+02
20260823_12:00:00   1.4489e-01   3.8759e+01   1.0834e+01   0.0000e+00   0.0000e+00   3.0431e+02
20260823_15:00:00   1.2963e-01   3.5206e+01   8.8756e+00   0.0000e+00   0.0000e+00   3.0849e+02
20260823_18:00:00   1.1514e-01   3.1773e+01   6.9332e+00   0.0000e+00   0.0000e+00   3.0638e+02
20260823_21:00:00   1.1208e-01   3.0975e+01   6.8350e+00   0.0000e+00   1.1117e-04   3.0173e+02
20260824_00:00:00   1.1223e-01   3.0929e+01   6.9599e+00   0.0000e+00   0.0000e+00   2.9882e+02
20260824_03:00:00   1.2019e-01   3.2721e+01   8.2061e+00   0.0000e+00   8.1580e-06   3.0159e+02
20260824_06:00:00   1.2890e-01   3.4737e+01   9.3363e+00   0.0000e+00   2.0686e-05   2.9881e+02
20260824_09:00:00   1.3756e-01   3.6705e+01   1.0496e+01   0.0000e+00   2.6894e-04   2.9390e+02
20260824_12:00:00   1.4857e-01   3.9206e+01   1.1995e+01   0.0000e+00   2.0209e-02   2.8807e+02
20260824_15:00:00   1.5285e-01   4.0215e+01   1.2599e+01   0.0000e+00   7.6264e-03   2.8745e+02
20260824_18:00:00   1.5270e-01   4.0277e+01   1.2596e+01   0.0000e+00   1.2273e-02   2.8707e+02
20260824_21:00:00   1.4558e-01   3.8735e+01   1.1607e+01   0.0000e+00   3.0955e-03   2.8760e+02
20260825_00:00:00   1.4375e-01   3.8248e+01   1.1324e+01   0.0000e+00   4.2776e-02   2.8655e+02
20260825_03:00:00   1.5732e-01   4.1178e+01   1.3041e+01   0.0000e+00   3.8839e-01   2.8843e+02
20260825_06:00:00   2.2094e-01   5.5189e+01   1.6850e+01   2.9091e-02   6.3477e-01   2.9289e+02
20260825_09:00:00   5.8794e-01   1.2172e+02   1.6179e+01   4.4151e-01   1.1628e-01   3.0162e+02
20260825_12:00:00   4.4631e-01   9.9083e+01   1.5193e+01   2.9018e-01   3.9284e-02   3.0210e+02
20260825_15:00:00   5.7984e-01   1.2057e+02   1.6728e+01   4.2837e-01   3.1058e-01   2.9805e+02
20260825_18:00:00   5.0609e-01   1.0933e+02   1.6516e+01   3.4878e-01   1.8483e-01   2.9690e+02
20260825_21:00:00   4.2855e-01   9.6332e+01   1.6357e+01   2.6401e-01   2.1168e-02   2.9982e+02
20260826_00:00:00   3.0723e-01   7.3371e+01   1.4845e+01   1.3752e-01   1.4227e-04   3.0032e+02
20260826_03:00:00   2.3134e-01   5.7791e+01   1.3265e+01   6.4143e-02   1.5907e-04   2.9747e+02
20260826_06:00:00   1.8147e-01   4.6881e+01   1.2283e+01   1.7161e-02   1.4969e-04   2.9442e+02
20260826_09:00:00   1.7188e-01   4.4672e+01   1.1688e+01   1.3153e-02   1.0727e-04   2.9397e+02
20260826_12:00:00   3.2084e-01   7.5938e+01   1.2220e+01   1.7833e-01   2.7836e-02   2.9394e+02
20260826_15:00:00   6.4729e-01   1.3012e+02   1.4237e+01   5.2768e-01   6.0857e-02   2.9386e+02
20260826_18:00:00   8.2121e-01   1.5283e+02   1.5586e+01   7.1378e-01   2.6730e-01   2.9295e+02
20260826_21:00:00   4.9869e-01   1.0803e+02   1.6287e+01   3.4522e-01   4.6003e-01   2.9807e+02
20260827_00:00:00   3.7990e-01   8.7043e+01   1.5748e+01   2.1549e-01   6.0373e-01   2.9764e+02
20260827_03:00:00   4.3934e-01   9.7653e+01   1.5445e+01   2.8555e-01   4.8206e-01   2.9953e+02
20260827_06:00:00   4.3918e-01   9.7716e+01   1.5113e+01   2.8822e-01   5.9604e-01   3.0165e+02
20260827_09:00:00   3.3145e-01   7.7734e+01   1.4652e+01   1.7105e-01   4.4039e-01   2.9900e+02
20260827_12:00:00   2.5692e-01   6.2584e+01   1.4184e+01   9.0699e-02   6.1881e-01   2.9555e+02
20260827_15:00:00   2.8124e-01   6.7684e+01   1.4317e+01   1.1652e-01   4.7370e-01   2.9409e+02
20260827_18:00:00   2.8090e-01   6.7624e+01   1.4164e+01   1.1712e-01   5.6181e-01   2.9647e+02
20260827_21:00:00   3.6857e-01   8.4787e+01   1.4001e+01   2.1742e-01   4.9818e-01   3.0066e+02
20260828_00:00:00   3.8843e-01   8.8610e+01   1.3922e+01   2.4073e-01   6.3251e-01   3.0039e+02
20260828_03:00:00   6.0946e-01   1.2504e+02   1.4316e+01   4.8649e-01   4.9169e-01   3.0005e+02
20260828_06:00:00   4.1244e-01   9.3131e+01   1.4229e+01   2.6585e-01   3.4852e-01   2.9950e+02
