#            date       tau255        Tb[K]      pwv[mm] lwp[kg*m^-2] iwp[kg*m^-2]       o3[DU]
20260820_06:00:00   1.8196e-01   4.6524e+01   1.4396e+01   2.3419e-03   1.1203e-02   3.0376e+02
20260820_07:00:00   2.1101e-01   5.2905e+01   1.4670e+01   3.1464e-02   2.8597e-02   3.0318e+02
20260820_08:00:00   1.9661e-01   4.9773e+01   1.4770e+01   1.4784e-02   2.3324e-02   3.0356e+02
20260820_09:00:00   1.8754e-01   4.7789e+01   1.4677e+01   5.8949e-03   2.0006e-02   3.0569e+02
20260820_10:00:00   2.2409e-01   5.5843e+01   1.4944e+01   4.5050e-02   2.0796e-02   3.0748e+02
20260820_11:00:00   2.7535e-01   6.6622e+01   1.5289e+01   1.0032e-01   1.9760e-02   3.0769e+02
20260820_12:00:00   2.7745e-01   6.7099e+01   1.5635e+01   1.0031e-01   3.6807e-02   3.0800e+02
20260820_13:00:00   3.1803e-01   7.5296e+01   1.5928e+01   1.4410e-01   3.0584e-02   3.0717e+02
20260820_14:00:00   3.3022e-01   7.7752e+01   1.6076e+01   1.5661e-01   7.8908e-02   3.0694e+02
20260820_15:00:00   3.4901e-01   8.1471e+01   1.6221e+01   1.7743e-01   7.7313e-02   3.0674e+02
20260820_16:00:00   3.6784e-01   8.5147e+01   1.6249e+01   1.9978e-01   7.9361e-02   3.0819e+02
20260820_17:00:00   3.4749e-01   8.1307e+01   1.6259e+01   1.7763e-01   1.0455e-01   3.0830e+02
20260820_18:00:00   3.0029e-01   7.2015e+01   1.6210e+01   1.2511e-01   3.6609e-02   3.0828e+02
20260820_19:00:00   2.5690e-01   6.3075e+01   1.6344e+01   7.5410e-02   2.9831e-02   3.0738e+02
20260820_20:00:00   2.3591e-01   5.8625e+01   1.6571e+01   4.9500e-02   1.5772e-02   3.0717e+02
20260820_21:00:00   2.3827e-01   5.9171e+01   1.6859e+01   4.9452e-02   1.9050e-02   3.0674e+02
20260820_22:00:00   2.4822e-01   6.1288e+01   1.7340e+01   5.6048e-02   1.3203e-02   3.0694e+02
20260820_23:00:00   2.6582e-01   6.5009e+01   1.7964e+01   6.9812e-02   5.4786e-02   3.0805e+02
20260821_00:00:00   2.7060e-01   6.6007e+01   1.8347e+01   7.1531e-02   1.2128e-01   3.0845e+02
20260821_01:00:00   3.1313e-01   7.4466e+01   1.8319e+01   1.1977e-01   8.1177e-02   3.0847e+02
20260821_02:00:00   4.0375e-01   9.1308e+01   1.8071e+01   2.2368e-01   6.6206e-02   3.0818e+02
20260821_03:00:00   4.7977e-01   1.0440e+02   1.8434e+01   3.0453e-01   1.8203e-01   3.0763e+02
20260821_04:00:00   5.3993e-01   1.1442e+02   1.9033e+01   3.6594e-01   2.1970e-01   3.0776e+02
20260821_05:00:00   5.7328e-01   1.1926e+02   1.9036e+01   4.0093e-01   3.6952e-01   3.0728e+02
20260821_06:00:00   4.3937e-01   9.7787e+01   1.9362e+01   2.4725e-01   3.4039e-01   3.0599e+02
20260821_07:00:00   5.6811e-01   1.1871e+02   1.9552e+01   3.9044e-01   3.5158e-01   3.0440e+02
20260821_08:00:00   5.6337e-01   1.1833e+02   1.9505e+01   3.8671e-01   3.1606e-01   3.0336e+02
20260821_09:00:00   5.6289e-01   1.1800e+02   1.9115e+01   3.8878e-01   2.4608e-01   3.0276e+02
20260821_10:00:00   5.4719e-01   1.1563e+02   1.8912e+01   3.7431e-01   1.6766e-01   3.0288e+02
20260821_11:00:00   5.5273e-01   1.1632e+02   1.8558e+01   3.8320e-01   1.7565e-01   3.0330e+02
20260821_12:00:00   5.5566e-01   1.1675e+02   1.8343e+01   3.8851e-01   1.6796e-01   3.0229e+02
20260821_13:00:00   4.8075e-01   1.0489e+02   1.8178e+01   3.0556e-01   1.2927e-01   3.0293e+02
20260821_14:00:00   5.4455e-01   1.1519e+02   1.8055e+01   3.7834e-01   8.3450e-02   3.0334e+02
20260821_15:00:00   5.6450e-01   1.1821e+02   1.7820e+01   4.0189e-01   6.7242e-02   3.0582e+02
20260821_16:00:00   4.6601e-01   1.0250e+02   1.7309e+01   2.9474e-01   6.3618e-02   3.0840e+02
20260821_17:00:00   4.4997e-01   9.9862e+01   1.6928e+01   2.7919e-01   6.1642e-02   3.1125e+02
20260821_18:00:00   4.4346e-01   9.8783e+01   1.6611e+01   2.7455e-01   4.0307e-02   3.1267e+02
20260821_19:00:00   4.6603e-01   1.0260e+02   1.6491e+01   3.0039e-01   5.5355e-02   3.1262e+02
20260821_20:00:00   4.7811e-01   1.0472e+02   1.6264e+01   3.1615e-01   2.8072e-02   3.1154e+02
20260821_21:00:00   4.6942e-01   1.0335e+02   1.6022e+01   3.0870e-01   1.8329e-02   3.1097e+02
20260821_22:00:00   4.6661e-01   1.0291e+02   1.5668e+01   3.0875e-01   1.3633e-02   3.1064e+02
20260821_23:00:00   4.4991e-01   1.0006e+02   1.5032e+01   2.9537e-01   1.8709e-02   3.0982e+02
20260822_00:00:00   3.7659e-01   8.7029e+01   1.4115e+01   2.2022e-01   1.9456e-02   3.0954e+02
20260822_01:00:00   3.3417e-01   7.8989e+01   1.3532e+01   1.7779e-01   1.8960e-02   3.0904e+02
20260822_02:00:00   2.1018e-01   5.3484e+01   1.3114e+01   4.2851e-02   1.4448e-02   3.0796e+02
20260822_03:00:00   1.6894e-01   4.4252e+01   1.2877e+01   1.1226e-04   8.9208e-03   3.0666e+02
20260822_04:00:00   1.6785e-01   4.3994e+01   1.2911e+01   0.0000e+00   3.1227e-03   3.0613e+02
20260822_05:00:00   1.6827e-01   4.4092e+01   1.3077e+01   0.0000e+00   3.1267e-04   3.0688e+02
20260822_06:00:00   1.6661e-01   4.3708e+01   1.2991e+01   0.0000e+00   2.7740e-05   3.0792e+02
20260822_07:00:00   1.6418e-01   4.3146e+01   1.2826e+01   0.0000e+00   0.0000e+00   3.0898e+02
20260822_08:00:00   1.6133e-01   4.2493e+01   1.2594e+01   0.0000e+00   0.0000e+00   3.0962e+02
20260822_09:00:00   1.6000e-01   4.2205e+01   1.2501e+01   0.0000e+00   0.0000e+00   3.0990e+02
20260822_10:00:00   1.5894e-01   4.1986e+01   1.2412e+01   0.0000e+00   0.0000e+00   3.1010e+02
20260822_11:00:00   1.5725e-01   4.1631e+01   1.2227e+01   0.0000e+00   0.0000e+00   3.0904e+02
20260822_12:00:00   1.5492e-01   4.1127e+01   1.1975e+01   0.0000e+00   0.0000e+00   3.0814e+02
20260822_13:00:00   1.5247e-01   4.0582e+01   1.1707e+01   0.0000e+00   0.0000e+00   3.0804e+02
20260822_14:00:00   1.5004e-01   4.0031e+01   1.1445e+01   0.0000e+00   0.0000e+00   3.0806e+02
20260822_15:00:00   1.4841e-01   3.9663e+01   1.1279e+01   0.0000e+00   0.0000e+00   3.0821e+02
20260822_16:00:00   1.4768e-01   3.9502e+01   1.1207e+01   0.0000e+00   0.0000e+00   3.0833e+02
20260822_17:00:00   1.4659e-01   3.9255e+01   1.1086e+01   0.0000e+00   0.0000e+00   3.0860e+02
20260822_18:00:00   1.4620e-01   3.9170e+01   1.1057e+01   0.0000e+00   0.0000e+00   3.0835e+02
20260822_19:00:00   1.4560e-01   3.9032e+01   1.0994e+01   0.0000e+00   0.0000e+00   3.0761e+02
20260822_20:00:00   1.4523e-01   3.8943e+01   1.0963e+01   0.0000e+00   0.0000e+00   3.0690e+02
20260822_21:00:00   1.4479e-01   3.8836e+01   1.0942e+01   0.0000e+00   0.0000e+00   3.0615e+02
20260822_22:00:00   1.4384e-01   3.8616e+01   1.0878e+01   0.0000e+00   0.0000e+00   3.0548e+02
20260822_23:00:00   1.4302e-01   3.8412e+01   1.0820e+01   0.0000e+00   0.0000e+00   3.0486e+02
20260823_00:00:00   1.4190e-01   3.8141e+01   1.0712e+01   0.0000e+00   0.0000e+00   3.0383e+02
20260823_01:00:00   1.4052e-01   3.7806e+01   1.0551e+01   0.0000e+00   0.0000e+00   3.0244e+02
20260823_02:00:00   1.3902e-01   3.7446e+01   1.0347e+01   0.0000e+00   0.0000e+00   3.0103e+02
20260823_03:00:00   1.3745e-01   3.7074e+01   1.0139e+01   0.0000e+00   0.0000e+00   3.0100e+02
20260823_04:00:00   1.3585e-01   3.6685e+01   9.9407e+00   0.0000e+00   0.0000e+00   3.0131e+02
20260823_05:00:00   1.3410e-01   3.6262e+01   9.7326e+00   0.0000e+00   0.0000e+00   3.0109e+02
20260823_06:00:00   1.3249e-01   3.5873e+01   9.5507e+00   0.0000e+00   0.0000e+00   3.0095e+02
20260823_07:00:00   1.3061e-01   3.5420e+01   9.3320e+00   0.0000e+00   0.0000e+00   3.0162e+02
20260823_08:00:00   1.2896e-01   3.5021e+01   9.1440e+00   0.0000e+00   0.0000e+00   3.0364e+02
20260823_09:00:00   1.2798e-01   3.4781e+01   9.0149e+00   0.0000e+00   0.0000e+00   3.0510e+02
20260823_10:00:00   1.2781e-01   3.4733e+01   8.9760e+00   0.0000e+00   0.0000e+00   3.0579e+02
20260823_11:00:00   1.2806e-01   3.4781e+01   8.9819e+00   0.0000e+00   0.0000e+00   3.0578e+02
20260823_12:00:00   1.2876e-01   3.4944e+01   9.0402e+00   0.0000e+00   0.0000e+00   3.0659e+02
20260823_13:00:00   1.2997e-01   3.5227e+01   9.1686e+00   0.0000e+00   0.0000e+00   3.0645e+02
20260823_14:00:00   1.3141e-01   3.5564e+01   9.3291e+00   0.0000e+00   0.0000e+00   3.0575e+02
20260823_15:00:00   1.3296e-01   3.5919e+01   9.5045e+00   0.0000e+00   0.0000e+00   3.0523e+02
20260823_16:00:00   1.3456e-01   3.6282e+01   9.6840e+00   0.0000e+00   0.0000e+00   3.0352e+02
20260823_17:00:00   1.3618e-01   3.6644e+01   9.8598e+00   0.0000e+00   0.0000e+00   3.0229e+02
20260823_18:00:00   1.3784e-01   3.7016e+01   1.0035e+01   0.0000e+00   9.8220e-05   3.0218e+02
20260823_19:00:00   1.3876e-01   3.7222e+01   1.0118e+01   0.0000e+00   4.9100e-05   3.0186e+02
20260823_20:00:00   1.3843e-01   3.7137e+01   1.0060e+01   0.0000e+00   7.0160e-06   3.0177e+02
20260823_21:00:00   1.3797e-01   3.7018e+01   9.9927e+00   0.0000e+00   7.0160e-06   3.0113e+02
20260823_22:00:00   1.3720e-01   3.6825e+01   9.8959e+00   0.0000e+00   5.2200e-06   3.0042e+02
20260823_23:00:00   1.3637e-01   3.6615e+01   9.7864e+00   0.0000e+00   0.0000e+00   2.9918e+02
20260824_00:00:00   1.3534e-01   3.6350e+01   9.6534e+00   0.0000e+00   0.0000e+00   2.9807e+02
20260824_01:00:00   1.3337e-01   3.5877e+01   9.4209e+00   0.0000e+00   0.0000e+00   2.9809e+02
20260824_02:00:00   1.3084e-01   3.5270e+01   9.1253e+00   0.0000e+00   0.0000e+00   2.9849e+02
20260824_03:00:00   1.2840e-01   3.4679e+01   8.8156e+00   0.0000e+00   0.0000e+00   2.9861e+02
20260824_04:00:00   1.2643e-01   3.4203e+01   8.5576e+00   0.0000e+00   0.0000e+00   2.9802e+02
20260824_05:00:00   1.2500e-01   3.3857e+01   8.3638e+00   0.0000e+00   0.0000e+00   2.9703e+02
20260824_06:00:00   1.2389e-01   3.3587e+01   8.2130e+00   0.0000e+00   0.0000e+00   2.9566e+02
20260824_07:00:00   1.2343e-01   3.3462e+01   8.1550e+00   0.0000e+00   0.0000e+00   2.9466e+02
20260824_08:00:00   1.2342e-01   3.3445e+01   8.1647e+00   0.0000e+00   0.0000e+00   2.9412e+02
20260824_09:00:00   1.2368e-01   3.3491e+01   8.2205e+00   0.0000e+00   5.7100e-06   2.9260e+02
20260824_10:00:00   1.2389e-01   3.3530e+01   8.2585e+00   0.0000e+00   2.3980e-05   2.9167e+02
20260824_11:00:00   1.2419e-01   3.3591e+01   8.3007e+00   0.0000e+00   1.7540e-05   2.9115e+02
20260824_12:00:00   1.2450e-01   3.3672e+01   8.3383e+00   0.0000e+00   0.0000e+00   2.9109e+02
20260824_13:00:00   1.2459e-01   3.3704e+01   8.3420e+00   0.0000e+00   0.0000e+00   2.9028e+02
20260824_14:00:00   1.2491e-01   3.3792e+01   8.3587e+00   0.0000e+00   0.0000e+00   2.8893e+02
20260824_15:00:00   1.2497e-01   3.3815e+01   8.3493e+00   0.0000e+00   0.0000e+00   2.8712e+02
20260824_16:00:00   1.2536e-01   3.3922e+01   8.3846e+00   0.0000e+00   0.0000e+00   2.8559e+02
20260824_17:00:00   1.2567e-01   3.4005e+01   8.4071e+00   0.0000e+00   0.0000e+00   2.8400e+02
20260824_18:00:00   1.2633e-01   3.4161e+01   8.4665e+00   0.0000e+00   0.0000e+00   2.8263e+02
20260824_19:00:00   1.2665e-01   3.4250e+01   8.4952e+00   0.0000e+00   0.0000e+00   2.8151e+02
20260824_20:00:00   1.2698e-01   3.4332e+01   8.5187e+00   0.0000e+00   0.0000e+00   2.8116e+02
20260824_21:00:00   1.2717e-01   3.4377e+01   8.5153e+00   0.0000e+00   0.0000e+00   2.8118e+02
20260824_22:00:00   1.2738e-01   3.4426e+01   8.5176e+00   0.0000e+00   0.0000e+00   2.8217e+02
20260824_23:00:00   1.2725e-01   3.4388e+01   8.4849e+00   0.0000e+00   0.0000e+00   2.8384e+02
20260825_00:00:00   1.2687e-01   3.4292e+01   8.4208e+00   0.0000e+00   0.0000e+00   2.8498e+02
20260825_01:00:00   1.2653e-01   3.4201e+01   8.3700e+00   0.0000e+00   0.0000e+00   2.8510e+02
20260825_02:00:00   1.2589e-01   3.4044e+01   8.2858e+00   0.0000e+00   0.0000e+00   2.8555e+02
20260825_03:00:00   1.2477e-01   3.3783e+01   8.1407e+00   0.0000e+00   0.0000e+00   2.8620e+02
20260825_04:00:00   1.2371e-01   3.3527e+01   8.0077e+00   0.0000e+00   0.0000e+00   2.8690e+02
20260825_05:00:00   1.2278e-01   3.3296e+01   7.8949e+00   0.0000e+00   0.0000e+00   2.8775e+02
20260825_06:00:00   1.2168e-01   3.3031e+01   7.7463e+00   0.0000e+00   0.0000e+00   2.8879e+02
20260825_09:00:00   1.2003e-01   3.2649e+01   7.5095e+00   0.0000e+00   0.0000e+00   2.9373e+02
20260825_12:00:00   1.2196e-01   3.3125e+01   7.8099e+00   0.0000e+00   0.0000e+00   2.9502e+02
20260825_15:00:00   1.2565e-01   3.4003e+01   8.3409e+00   0.0000e+00   0.0000e+00   2.9307e+02
20260825_18:00:00   1.2736e-01   3.4440e+01   8.5976e+00   0.0000e+00   0.0000e+00   2.9298e+02
20260825_21:00:00   1.2649e-01   3.4269e+01   8.4744e+00   0.0000e+00   0.0000e+00   2.8990e+02
20260826_00:00:00   1.2527e-01   3.3992e+01   8.2611e+00   0.0000e+00   0.0000e+00   2.9342e+02
20260826_03:00:00   1.2353e-01   3.3575e+01   8.0384e+00   0.0000e+00   0.0000e+00   2.9140e+02
20260826_06:00:00   1.2200e-01   3.3203e+01   7.8879e+00   0.0000e+00   0.0000e+00   2.8768e+02
20260826_09:00:00   1.2057e-01   3.2844e+01   7.7038e+00   0.0000e+00   0.0000e+00   2.8418e+02
20260826_12:00:00   1.2008e-01   3.2737e+01   7.5719e+00   0.0000e+00   0.0000e+00   2.8224e+02
20260826_15:00:00   1.2339e-01   3.3532e+01   7.9504e+00   0.0000e+00   0.0000e+00   2.8218e+02
20260826_18:00:00   1.1961e-01   3.2615e+01   7.5069e+00   0.0000e+00   0.0000e+00   2.8419e+02
20260826_21:00:00   1.2269e-01   3.3312e+01   7.9515e+00   0.0000e+00   1.5703e-03   2.8533e+02
20260827_00:00:00   1.2877e-01   3.4696e+01   8.7254e+00   0.0000e+00   1.5452e-02   2.8306e+02
20260827_03:00:00   1.3141e-01   3.5284e+01   9.0592e+00   0.0000e+00   3.8641e-02   2.8126e+02
20260827_06:00:00   1.3364e-01   3.5792e+01   9.3475e+00   0.0000e+00   5.7057e-03   2.8353e+02
20260827_09:00:00   1.2748e-01   3.4348e+01   8.5659e+00   0.0000e+00   1.6884e-04   2.7915e+02
20260827_12:00:00   1.2909e-01   3.4746e+01   8.8222e+00   0.0000e+00   1.7540e-05   2.7934e+02
20260827_15:00:00   1.2769e-01   3.4425e+01   8.7109e+00   0.0000e+00   7.1478e-03   2.8084e+02
20260827_18:00:00   1.2993e-01   3.4964e+01   9.0335e+00   0.0000e+00   1.2524e-02   2.8264e+02
20260827_21:00:00   1.3153e-01   3.5385e+01   9.2235e+00   0.0000e+00   3.4755e-04   2.8747e+02
20260828_00:00:00   1.3039e-01   3.5171e+01   8.9477e+00   0.0000e+00   2.1839e-03   2.8371e+02
20260828_03:00:00   1.3060e-01   3.5231e+01   9.0269e+00   0.0000e+00   5.6142e-03   2.8388e+02
20260828_06:00:00   1.3378e-01   3.5926e+01   9.6753e+00   0.0000e+00   3.4861e-02   2.8082e+02
20260828_09:00:00   1.3823e-01   3.6933e+01   1.0484e+01   0.0000e+00   1.0161e-02   2.8050e+02
20260828_12:00:00   1.4539e-01   3.8576e+01   1.1532e+01   0.0000e+00   1.8296e-02   2.8238e+02
20260828_15:00:00   1.5414e-01   4.0616e+01   1.2724e+01   0.0000e+00   2.3458e-03   2.7943e+02
20260828_18:00:00   1.6363e-01   4.2815e+01   1.3960e+01   0.0000e+00   1.8430e-03   2.7503e+02
20260828_21:00:00   1.6560e-01   4.3372e+01   1.4035e+01   0.0000e+00   2.0788e-05   2.7512e+02
20260829_00:00:00   1.6427e-01   4.3260e+01   1.3318e+01   0.0000e+00   2.4793e-03   2.7273e+02
20260829_03:00:00   1.4744e-01   3.9431e+01   1.1087e+01   0.0000e+00   4.0380e-06   2.7258e+02
20260829_06:00:00   1.3927e-01   3.7506e+01   1.0293e+01   0.0000e+00   0.0000e+00   2.6842e+02
20260829_09:00:00   1.3541e-01   3.6610e+01   9.9933e+00   0.0000e+00   0.0000e+00   2.6864e+02
20260829_12:00:00   1.3338e-01   3.6127e+01   9.9560e+00   0.0000e+00   0.0000e+00   2.6964e+02
20260829_15:00:00   1.3177e-01   3.5771e+01   9.8280e+00   0.0000e+00   0.0000e+00   2.6651e+02
20260829_18:00:00   1.3505e-01   3.6589e+01   1.0235e+01   0.0000e+00   0.0000e+00   2.6368e+02
20260829_21:00:00   1.3810e-01   3.7337e+01   1.0542e+01   0.0000e+00   4.7226e-05   2.6030e+02
20260830_00:00:00   1.4083e-01   3.7957e+01   1.0813e+01   0.0000e+00   4.4440e-04   2.6121e+02
20260830_03:00:00   1.4814e-01   3.9508e+01   1.2156e+01   0.0000e+00   7.1215e-03   2.5731e+02
20260830_06:00:00   1.5889e-01   4.1832e+01   1.3589e+01   0.0000e+00   7.3851e-02   2.5679e+02
20260830_09:00:00   1.7402e-01   4.5122e+01   1.5214e+01   0.0000e+00   3.3824e-01   2.6082e+02
20260830_12:00:00   1.7718e-01   4.5750e+01   1.5330e+01   0.0000e+00   2.4443e-01   2.6646e+02
20260830_15:00:00   1.7159e-01   4.4547e+01   1.4287e+01   0.0000e+00   4.0980e-03   2.7496e+02
20260830_18:00:00   1.6055e-01   4.2359e+01   1.2054e+01   0.0000e+00   7.7320e-06   2.7802e+02
20260830_21:00:00   1.5480e-01   4.1186e+01   1.1260e+01   0.0000e+00   0.0000e+00   2.7648e+02
20260831_00:00:00   1.4885e-01   3.9917e+01   1.0689e+01   0.0000e+00   5.3801e-04   2.7688e+02
20260831_03:00:00   1.4009e-01   3.7881e+01   9.7879e+00   0.0000e+00   9.7364e-03   2.7601e+02
20260831_06:00:00   1.2068e-01   3.3160e+01   7.8904e+00   0.0000e+00   4.7521e-03   2.7695e+02
20260831_09:00:00   1.1666e-01   3.2115e+01   7.6308e+00   0.0000e+00   5.8327e-03   2.7341e+02
20260831_12:00:00   1.1819e-01   3.2451e+01   7.9166e+00   0.0000e+00   8.6993e-03   2.7071e+02
20260831_15:00:00   1.2164e-01   3.3262e+01   8.5503e+00   0.0000e+00   0.0000e+00   2.6893e+02
20260831_18:00:00   1.1935e-01   3.2831e+01   7.9384e+00   0.0000e+00   0.0000e+00   2.6972e+02
20260831_21:00:00   1.1772e-01   3.2478e+01   7.8041e+00   0.0000e+00   0.0000e+00   2.6845e+02
20260901_00:00:00   1.1743e-01   3.2396e+01   7.9128e+00   0.0000e+00   4.1851e-05   2.6685e+02
20260901_03:00:00   1.1383e-01   3.1526e+01   7.5435e+00   0.0000e+00   2.5378e-05   2.6619e+02
20260901_06:00:00   1.1194e-01   3.1035e+01   7.4637e+00   0.0000e+00   1.0719e-04   2.6438e+02
20260901_09:00:00   1.1286e-01   3.1241e+01   7.6436e+00   0.0000e+00   1.8205e-04   2.6321e+02
20260901_12:00:00   1.1358e-01   3.1430e+01   7.7290e+00   0.0000e+00   2.0316e-04   2.6543e+02
20260901_15:00:00   1.1489e-01   3.1747e+01   7.9072e+00   0.0000e+00   1.8664e-04   2.6293e+02
20260901_18:00:00   1.1530e-01   3.1900e+01   7.7955e+00   0.0000e+00   0.0000e+00   2.6221e+02
20260901_21:00:00   1.1640e-01   3.2198e+01   7.7404e+00   0.0000e+00   0.0000e+00   2.6222e+02
20260902_00:00:00   1.1783e-01   3.2534e+01   7.9103e+00   0.0000e+00   0.0000e+00   2.6147e+02
20260902_03:00:00   1.1623e-01   3.2113e+01   7.7559e+00   0.0000e+00   0.0000e+00   2.6140e+02
20260902_06:00:00   1.1322e-01   3.1358e+01   7.4123e+00   0.0000e+00   0.0000e+00   2.6094e+02
20260902_09:00:00   1.1067e-01   3.0725e+01   7.1344e+00   0.0000e+00   6.4420e-06   2.6414e+02
20260902_12:00:00   1.0859e-01   3.0226e+01   6.8478e+00   0.0000e+00   3.5520e-06   2.6643e+02
20260902_15:00:00   1.0866e-01   3.0259e+01   6.8655e+00   0.0000e+00   2.8560e-06   2.6462e+02
20260902_18:00:00   1.0978e-01   3.0552e+01   7.0119e+00   0.0000e+00   0.0000e+00   2.6340e+02
20260902_21:00:00   1.1088e-01   3.0821e+01   7.1400e+00   0.0000e+00   2.1743e-04   2.6269e+02
20260903_00:00:00   1.0993e-01   3.0613e+01   7.0064e+00   0.0000e+00   4.5290e-04   2.6489e+02
20260903_03:00:00   1.0874e-01   3.0343e+01   6.8182e+00   0.0000e+00   2.8560e-06   2.6842e+02
20260903_06:00:00   1.0794e-01   3.0149e+01   6.7415e+00   0.0000e+00   0.0000e+00   2.6991e+02
20260903_09:00:00   1.0838e-01   3.0264e+01   6.7805e+00   0.0000e+00   0.0000e+00   2.6997e+02
20260903_12:00:00   1.0936e-01   3.0527e+01   6.9111e+00   0.0000e+00   3.9902e-05   2.7203e+02
20260903_15:00:00   1.0935e-01   3.0531e+01   6.8916e+00   0.0000e+00   7.9260e-04   2.7405e+02
20260903_18:00:00   1.1061e-01   3.0822e+01   6.9834e+00   0.0000e+00   7.3460e-06   2.7523e+02
20260903_21:00:00   1.1139e-01   3.1008e+01   7.0133e+00   0.0000e+00   0.0000e+00   2.7880e+02
20260904_00:00:00   1.1066e-01   3.0819e+01   6.8861e+00   0.0000e+00   0.0000e+00   2.7858e+02
20260904_03:00:00   1.0782e-01   3.0115e+01   6.5011e+00   0.0000e+00   1.4618e-06   2.8073e+02
20260904_06:00:00   1.0565e-01   2.9571e+01   6.2622e+00   0.0000e+00   1.0458e-04   2.8290e+02
20260904_09:00:00   1.0514e-01   2.9450e+01   6.2237e+00   0.0000e+00   3.6540e-07   2.8045e+02
20260904_12:00:00   1.0498e-01   2.9429e+01   6.2172e+00   0.0000e+00   1.4618e-06   2.8032e+02
20260904_15:00:00   1.0622e-01   2.9751e+01   6.4523e+00   0.0000e+00   0.0000e+00   2.8274e+02
20260904_18:00:00   1.0755e-01   3.0077e+01   6.7000e+00   0.0000e+00   0.0000e+00   2.8206e+02
20260904_21:00:00   1.0777e-01   3.0140e+01   6.7948e+00   0.0000e+00   0.0000e+00   2.8430e+02
20260905_00:00:00   1.0699e-01   2.9943e+01   6.6748e+00   0.0000e+00   0.0000e+00   2.8911e+02
20260905_03:00:00   1.0701e-01   2.9963e+01   6.6778e+00   0.0000e+00   0.0000e+00   2.9359e+02
20260905_06:00:00   1.0882e-01   3.0405e+01   6.9042e+00   0.0000e+00   0.0000e+00   2.9161e+02
