#            date       tau255        Tb[K]      pwv[mm] lwp[kg*m^-2] iwp[kg*m^-2]       o3[DU]
20261008_06:00:00   1.0504e-01   2.7907e+01   4.6763e+00   0.0000e+00   3.5865e-03   2.9231e+02
20261008_07:00:00   1.0614e-01   2.8154e+01   4.8315e+00   0.0000e+00   5.8253e-03   2.9123e+02
20261008_08:00:00   1.0740e-01   2.8446e+01   4.9994e+00   0.0000e+00   1.3203e-02   2.9305e+02
20261008_09:00:00   1.0902e-01   2.8819e+01   5.1912e+00   0.0000e+00   2.0063e-02   2.9304e+02
20261008_10:00:00   1.1025e-01   2.9098e+01   5.3095e+00   0.0000e+00   2.9790e-02   2.9384e+02
20261008_11:00:00   1.1215e-01   2.9523e+01   5.5308e+00   0.0000e+00   3.4262e-02   2.9416e+02
20261008_12:00:00   1.1465e-01   3.0082e+01   5.8128e+00   0.0000e+00   3.1561e-02   2.9446e+02
20261008_13:00:00   1.1712e-01   3.0629e+01   6.0777e+00   0.0000e+00   4.4340e-02   2.9583e+02
20261008_14:00:00   1.1945e-01   3.1145e+01   6.3044e+00   0.0000e+00   6.2208e-02   2.9762e+02
20261008_15:00:00   1.2098e-01   3.1478e+01   6.4364e+00   0.0000e+00   6.6864e-02   3.0004e+02
20261008_16:00:00   1.2169e-01   3.1625e+01   6.4649e+00   0.0000e+00   6.3625e-02   3.0353e+02
20261008_17:00:00   1.2000e-01   3.1243e+01   6.2018e+00   0.0000e+00   9.9833e-03   3.0416e+02
20261008_18:00:00   1.1253e-01   2.9568e+01   5.1226e+00   0.0000e+00   3.4400e-03   3.0180e+02
20261008_19:00:00   1.0792e-01   2.8516e+01   4.4226e+00   0.0000e+00   4.3241e-03   3.0223e+02
20261008_20:00:00   1.0729e-01   2.8353e+01   4.3107e+00   0.0000e+00   6.2110e-03   3.0210e+02
20261008_21:00:00   1.0742e-01   2.8363e+01   4.2857e+00   0.0000e+00   1.1791e-02   3.0118e+02
20261008_22:00:00   1.0725e-01   2.8310e+01   4.2280e+00   0.0000e+00   1.6521e-02   3.0322e+02
20261008_23:00:00   1.0736e-01   2.8321e+01   4.2144e+00   0.0000e+00   2.2835e-02   3.0917e+02
20261009_00:00:00   1.0759e-01   2.8361e+01   4.2278e+00   0.0000e+00   2.4514e-02   3.1840e+02
20261009_01:00:00   1.0774e-01   2.8377e+01   4.2487e+00   0.0000e+00   2.2299e-02   3.2054e+02
20261009_02:00:00   1.0757e-01   2.8325e+01   4.2247e+00   0.0000e+00   2.0345e-02   3.2324e+02
20261009_03:00:00   1.0746e-01   2.8284e+01   4.1873e+00   0.0000e+00   2.5054e-02   3.2192e+02
20261009_04:00:00   1.0823e-01   2.8439e+01   4.2528e+00   9.9240e-06   3.6161e-02   3.1840e+02
20261009_05:00:00   1.0995e-01   2.8809e+01   4.4103e+00   0.0000e+00   7.8493e-02   3.1625e+02
20261009_06:00:00   1.1143e-01   2.9126e+01   4.5297e+00   0.0000e+00   1.5318e-01   3.1789e+02
20261009_07:00:00   1.1172e-01   2.9178e+01   4.5282e+00   0.0000e+00   1.9056e-01   3.1899e+02
20261009_08:00:00   1.1189e-01   2.9193e+01   4.4806e+00   0.0000e+00   2.5170e-01   3.2039e+02
20261009_09:00:00   1.1139e-01   2.9067e+01   4.3815e+00   0.0000e+00   2.5124e-01   3.2164e+02
20261009_10:00:00   1.0984e-01   2.8688e+01   4.2069e+00   0.0000e+00   1.6300e-01   3.2317e+02
20261009_11:00:00   1.0877e-01   2.8413e+01   4.0773e+00   1.2664e-04   8.9132e-02   3.2328e+02
20261009_12:00:00   1.0782e-01   2.8171e+01   3.9600e+00   3.3342e-05   5.2669e-02   3.2151e+02
20261009_13:00:00   1.0761e-01   2.8097e+01   3.9101e+00   3.7845e-05   4.7060e-02   3.2001e+02
20261009_14:00:00   1.0594e-01   2.7688e+01   3.7275e+00   0.0000e+00   4.5612e-02   3.1773e+02
20261009_15:00:00   1.0385e-01   2.7185e+01   3.5144e+00   5.7022e-05   2.0326e-02   3.1635e+02
20261009_16:00:00   1.0503e-01   2.7445e+01   3.6213e+00   0.0000e+00   4.7184e-02   3.1988e+02
20261009_17:00:00   1.0844e-01   2.8233e+01   3.8829e+00   4.1360e-04   1.3700e-01   3.2127e+02
20261009_18:00:00   1.0852e-01   2.8249e+01   3.8894e+00   2.0285e-04   1.5741e-01   3.2020e+02
20261009_19:00:00   1.0710e-01   2.7904e+01   3.7572e+00   6.5240e-06   1.0919e-01   3.1694e+02
20261009_20:00:00   1.0674e-01   2.7798e+01   3.6810e+00   1.0426e-04   8.9945e-02   3.1359e+02
20261009_21:00:00   1.0616e-01   2.7647e+01   3.6002e+00   5.3040e-05   9.8664e-02   3.1264e+02
20261009_22:00:00   1.0676e-01   2.7772e+01   3.6441e+00   1.6236e-05   1.1775e-01   3.1283e+02
20261009_23:00:00   1.0758e-01   2.7948e+01   3.7186e+00   1.5174e-05   1.4437e-01   3.1334e+02
20261010_00:00:00   1.0754e-01   2.7933e+01   3.7246e+00   3.1330e-05   1.3393e-01   3.1357e+02
20261010_01:00:00   1.0994e-01   2.8455e+01   3.6579e+00   3.8460e-03   1.2749e-01   3.1128e+02
20261010_02:00:00   1.1354e-01   2.9241e+01   3.5826e+00   9.1804e-03   1.1931e-01   3.0657e+02
20261010_03:00:00   1.0769e-01   2.7947e+01   3.5430e+00   2.5980e-03   8.5373e-02   3.0114e+02
20261010_04:00:00   1.0476e-01   2.7295e+01   3.4519e+00   7.4020e-05   6.3114e-02   2.9734e+02
20261010_05:00:00   1.0460e-01   2.7252e+01   3.4363e+00   6.3840e-05   4.2923e-02   2.9736e+02
20261010_06:00:00   1.0454e-01   2.7233e+01   3.4420e+00   0.0000e+00   3.5535e-02   3.0064e+02
20261010_07:00:00   1.0442e-01   2.7191e+01   3.4280e+00   0.0000e+00   2.9988e-02   3.0318e+02
20261010_08:00:00   1.0421e-01   2.7143e+01   3.4027e+00   1.5476e-04   2.2930e-02   3.0296e+02
20261010_09:00:00   1.0319e-01   2.6913e+01   3.3244e+00   0.0000e+00   6.8990e-03   3.0331e+02
20261010_10:00:00   1.0215e-01   2.6669e+01   3.2255e+00   0.0000e+00   1.9634e-03   3.0614e+02
20261010_11:00:00   1.0117e-01   2.6432e+01   3.1237e+00   0.0000e+00   2.6742e-04   3.1049e+02
20261010_12:00:00   1.0003e-01   2.6159e+01   3.0001e+00   0.0000e+00   1.5273e-04   3.1200e+02
20261010_13:00:00   9.9097e-02   2.5930e+01   2.8933e+00   0.0000e+00   6.3912e-05   3.1264e+02
20261010_14:00:00   9.8144e-02   2.5711e+01   2.7974e+00   0.0000e+00   1.9189e-05   3.1217e+02
20261010_15:00:00   9.7220e-02   2.5494e+01   2.6962e+00   0.0000e+00   1.8810e-05   3.1081e+02
20261010_16:00:00   9.6328e-02   2.5291e+01   2.6016e+00   0.0000e+00   1.3629e-05   3.0968e+02
20261010_17:00:00   9.5466e-02   2.5094e+01   2.5093e+00   0.0000e+00   1.3066e-05   3.0896e+02
20261010_18:00:00   9.4858e-02   2.4949e+01   2.4436e+00   0.0000e+00   7.6574e-06   3.0855e+02
20261010_19:00:00   9.4244e-02   2.4804e+01   2.3809e+00   0.0000e+00   6.0281e-06   3.0861e+02
20261010_20:00:00   9.3723e-02   2.4680e+01   2.3280e+00   0.0000e+00   4.7523e-06   3.0818e+02
20261010_21:00:00   9.3233e-02   2.4562e+01   2.2783e+00   0.0000e+00   1.9441e-05   3.0834e+02
20261010_22:00:00   9.2980e-02   2.4499e+01   2.2586e+00   0.0000e+00   2.8610e-05   3.0866e+02
20261010_23:00:00   9.2858e-02   2.4465e+01   2.2552e+00   0.0000e+00   3.6533e-05   3.0946e+02
20261011_00:00:00   9.2817e-02   2.4448e+01   2.2660e+00   0.0000e+00   3.9254e-05   3.1038e+02
20261011_01:00:00   9.2870e-02   2.4457e+01   2.2892e+00   0.0000e+00   3.6418e-05   3.1159e+02
20261011_02:00:00   9.2906e-02   2.4459e+01   2.3086e+00   0.0000e+00   4.0790e-05   3.1218e+02
20261011_03:00:00   9.3033e-02   2.4484e+01   2.3391e+00   0.0000e+00   1.6648e-04   3.1176e+02
20261011_04:00:00   9.3236e-02   2.4525e+01   2.3735e+00   0.0000e+00   1.9046e-03   3.1055e+02
20261011_05:00:00   9.3497e-02   2.4582e+01   2.4159e+00   0.0000e+00   5.0692e-03   3.0994e+02
20261011_06:00:00   9.3837e-02   2.4663e+01   2.4720e+00   0.0000e+00   7.1154e-03   3.0970e+02
20261011_07:00:00   9.4267e-02   2.4761e+01   2.5326e+00   0.0000e+00   9.1380e-03   3.0952e+02
20261011_08:00:00   9.4928e-02   2.4913e+01   2.6157e+00   0.0000e+00   1.3892e-02   3.0937e+02
20261011_09:00:00   9.6022e-02   2.5164e+01   2.7463e+00   0.0000e+00   1.7209e-02   3.0955e+02
20261011_10:00:00   9.7600e-02   2.5525e+01   2.9201e+00   0.0000e+00   2.6571e-02   3.1036e+02
20261011_11:00:00   9.9561e-02   2.5978e+01   3.1314e+00   0.0000e+00   3.7669e-02   3.1105e+02
20261011_12:00:00   1.0172e-01   2.6470e+01   3.3451e+00   0.0000e+00   5.0687e-02   3.1085e+02
20261011_13:00:00   1.0364e-01   2.6912e+01   3.5288e+00   0.0000e+00   6.6526e-02   3.1055e+02
20261011_14:00:00   1.0452e-01   2.7117e+01   3.6123e+00   0.0000e+00   6.7971e-02   3.0980e+02
20261011_15:00:00   1.0467e-01   2.7153e+01   3.6285e+00   0.0000e+00   6.2846e-02   3.0948e+02
20261011_16:00:00   1.0480e-01   2.7194e+01   3.6571e+00   0.0000e+00   5.0782e-02   3.0830e+02
20261011_17:00:00   1.0459e-01   2.7156e+01   3.6588e+00   0.0000e+00   3.5203e-02   3.0640e+02
20261011_18:00:00   1.0404e-01   2.7035e+01   3.6149e+00   0.0000e+00   3.2246e-02   3.0478e+02
20261011_19:00:00   1.0374e-01   2.6972e+01   3.5879e+00   0.0000e+00   4.2193e-02   3.0355e+02
20261011_20:00:00   1.0399e-01   2.7038e+01   3.6199e+00   0.0000e+00   4.4650e-02   3.0257e+02
20261011_21:00:00   1.0438e-01   2.7136e+01   3.6697e+00   0.0000e+00   3.2838e-02   3.0164e+02
20261011_22:00:00   1.0407e-01   2.7077e+01   3.6577e+00   0.0000e+00   1.1934e-02   3.0266e+02
20261011_23:00:00   1.0297e-01   2.6830e+01   3.5549e+00   0.0000e+00   5.1557e-03   3.0351e+02
20261012_00:00:00   1.0161e-01   2.6525e+01   3.4247e+00   0.0000e+00   2.8110e-03   3.0454e+02
20261012_01:00:00   1.0077e-01   2.6334e+01   3.3494e+00   0.0000e+00   8.3104e-04   3.0557e+02
20261012_02:00:00   9.9933e-02   2.6146e+01   3.2763e+00   0.0000e+00   7.8459e-04   3.0589e+02
20261012_03:00:00   9.9160e-02   2.5973e+01   3.2075e+00   0.0000e+00   1.8952e-03   3.0550e+02
20261012_04:00:00   9.8383e-02   2.5804e+01   3.1356e+00   0.0000e+00   1.9469e-03   3.0551e+02
20261012_05:00:00   9.7555e-02   2.5620e+01   3.0532e+00   0.0000e+00   1.2329e-03   3.0574e+02
20261012_06:00:00   9.6658e-02   2.5423e+01   2.9661e+00   0.0000e+00   7.7292e-04   3.0443e+02
20261012_07:00:00   9.5895e-02   2.5252e+01   2.8914e+00   0.0000e+00   4.2434e-04   3.0248e+02
20261012_08:00:00   9.5298e-02   2.5120e+01   2.8344e+00   0.0000e+00   2.9584e-04   3.0159e+02
20261012_09:00:00   9.4588e-02   2.4959e+01   2.7594e+00   0.0000e+00   1.5795e-04   3.0174e+02
20261012_10:00:00   9.3884e-02   2.4806e+01   2.6937e+00   0.0000e+00   3.1343e-05   3.0281e+02
20261012_11:00:00   9.3203e-02   2.4659e+01   2.6315e+00   0.0000e+00   3.4198e-05   3.0459e+02
20261012_12:00:00   9.2714e-02   2.4554e+01   2.5869e+00   0.0000e+00   3.9844e-05   3.0520e+02
20261012_13:00:00   9.2499e-02   2.4514e+01   2.5751e+00   0.0000e+00   3.2402e-05   3.0538e+02
20261012_14:00:00   9.2241e-02   2.4466e+01   2.5601e+00   0.0000e+00   2.4898e-05   3.0601e+02
20261012_15:00:00   9.1799e-02   2.4376e+01   2.5264e+00   0.0000e+00   2.3102e-05   3.0744e+02
20261012_16:00:00   9.1368e-02   2.4288e+01   2.4935e+00   0.0000e+00   2.3102e-05   3.0713e+02
20261012_17:00:00   9.0961e-02   2.4200e+01   2.4589e+00   0.0000e+00   1.3803e-05   3.0681e+02
20261012_18:00:00   9.0824e-02   2.4176e+01   2.4558e+00   0.0000e+00   1.4130e-05   3.0597e+02
20261012_19:00:00   9.0879e-02   2.4190e+01   2.4745e+00   0.0000e+00   3.7480e-05   3.0422e+02
20261012_20:00:00   9.1173e-02   2.4256e+01   2.5180e+00   0.0000e+00   5.9278e-05   3.0363e+02
20261012_21:00:00   9.1699e-02   2.4373e+01   2.5887e+00   0.0000e+00   1.6451e-05   3.0253e+02
20261012_22:00:00   9.1370e-02   2.4303e+01   2.5596e+00   0.0000e+00   1.4846e-05   3.0047e+02
20261012_23:00:00   9.0771e-02   2.4163e+01   2.4943e+00   0.0000e+00   1.2480e-05   2.9829e+02
20261013_00:00:00   9.0058e-02   2.3996e+01   2.4165e+00   0.0000e+00   1.0719e-05   2.9658e+02
20261013_01:00:00   8.9568e-02   2.3876e+01   2.3641e+00   0.0000e+00   1.0440e-05   2.9716e+02
20261013_02:00:00   8.9505e-02   2.3853e+01   2.3654e+00   0.0000e+00   1.1338e-05   2.9838e+02
20261013_03:00:00   8.9880e-02   2.3935e+01   2.4189e+00   0.0000e+00   1.1763e-05   2.9894e+02
20261013_04:00:00   9.0298e-02   2.4027e+01   2.4651e+00   0.0000e+00   1.1763e-05   2.9903e+02
20261013_05:00:00   9.0344e-02   2.4037e+01   2.4661e+00   0.0000e+00   1.3232e-05   2.9987e+02
20261013_06:00:00   9.0652e-02   2.4100e+01   2.4964e+00   0.0000e+00   1.2807e-05   3.0057e+02
20261013_09:00:00   9.1830e-02   2.4353e+01   2.6288e+00   0.0000e+00   1.6559e-05   3.0168e+02
20261013_12:00:00   9.4085e-02   2.4857e+01   2.8647e+00   0.0000e+00   2.8176e-05   3.0340e+02
20261013_15:00:00   9.5801e-02   2.5242e+01   3.0197e+00   0.0000e+00   1.1204e-04   3.0476e+02
20261013_18:00:00   9.6672e-02   2.5426e+01   3.0772e+00   0.0000e+00   4.1024e-04   3.0459e+02
20261013_21:00:00   9.6382e-02   2.5335e+01   2.9988e+00   0.0000e+00   1.2447e-03   3.0570e+02
20261014_00:00:00   9.6541e-02   2.5348e+01   2.9695e+00   0.0000e+00   3.1671e-03   3.0721e+02
20261014_03:00:00   9.7401e-02   2.5512e+01   3.0391e+00   0.0000e+00   6.8940e-03   3.0828e+02
20261014_06:00:00   9.8704e-02   2.5768e+01   3.0999e+00   0.0000e+00   2.0327e-02   3.1303e+02
20261014_09:00:00   9.5144e-02   2.4940e+01   2.5684e+00   0.0000e+00   1.3463e-02   3.1254e+02
20261014_12:00:00   9.8304e-02   2.5616e+01   2.9425e+00   0.0000e+00   1.7736e-02   3.1447e+02
20261014_15:00:00   9.7338e-02   2.5385e+01   2.8262e+00   0.0000e+00   2.4659e-02   3.1708e+02
20261014_18:00:00   9.8113e-02   2.5585e+01   2.8766e+00   0.0000e+00   2.1790e-02   3.2016e+02
20261014_21:00:00   1.0328e-01   2.6832e+01   3.3128e+00   0.0000e+00   2.5524e-01   3.2043e+02
20261015_00:00:00   1.0003e-01   2.6137e+01   3.0759e+00   0.0000e+00   7.8138e-02   3.1858e+02
20261015_03:00:00   9.9599e-02   2.6020e+01   3.0440e+00   0.0000e+00   1.1524e-02   3.1165e+02
20261015_06:00:00   1.0399e-01   2.7018e+01   3.6218e+00   0.0000e+00   1.6522e-02   3.1098e+02
20261015_09:00:00   1.0682e-01   2.7708e+01   3.9970e+00   0.0000e+00   2.1508e-02   3.0640e+02
20261015_12:00:00   1.1024e-01   2.8569e+01   4.4400e+00   0.0000e+00   5.2077e-02   3.0854e+02
20261015_15:00:00   1.1202e-01   2.9041e+01   4.6740e+00   0.0000e+00   9.9714e-02   3.1320e+02
20261015_18:00:00   1.1322e-01   2.9355e+01   4.8414e+00   0.0000e+00   9.7957e-02   3.1301e+02
20261015_21:00:00   1.1502e-01   2.9764e+01   4.9625e+00   0.0000e+00   1.8694e-01   3.1112e+02
20261016_00:00:00   1.1607e-01   3.0024e+01   5.0384e+00   0.0000e+00   2.3500e-01   3.1099e+02
20261016_03:00:00   1.1338e-01   2.9396e+01   4.8296e+00   5.6760e-06   1.3398e-01   3.1160e+02
20261016_06:00:00   1.1115e-01   2.8894e+01   4.7173e+00   0.0000e+00   2.4138e-02   3.1203e+02
20261016_09:00:00   1.0983e-01   2.8621e+01   4.6319e+00   0.0000e+00   3.4298e-02   3.1428e+02
20261016_12:00:00   1.1327e-01   2.9422e+01   4.9892e+00   0.0000e+00   1.2645e-01   3.1094e+02
20261016_15:00:00   1.1222e-01   2.9204e+01   4.9431e+00   0.0000e+00   1.0959e-01   3.0789e+02
20261016_18:00:00   1.0922e-01   2.8537e+01   4.7069e+00   0.0000e+00   7.0335e-02   3.1082e+02
20261016_21:00:00   1.0761e-01   2.8202e+01   4.5784e+00   0.0000e+00   5.6312e-02   3.0827e+02
20261017_00:00:00   1.1059e-01   2.8879e+01   4.6666e+00   0.0000e+00   4.4767e-01   3.0737e+02
20261017_03:00:00   1.0413e-01   2.7332e+01   4.0329e+00   0.0000e+00   9.1999e-02   3.0717e+02
20261017_06:00:00   1.0211e-01   2.6853e+01   3.6556e+00   0.0000e+00   1.7379e-01   3.1178e+02
20261017_09:00:00   9.6198e-02   2.5438e+01   3.0398e+00   0.0000e+00   1.2361e-02   3.1656e+02
20261017_12:00:00   9.4229e-02   2.4982e+01   2.8126e+00   0.0000e+00   7.1225e-03   3.1490e+02
20261017_15:00:00   9.4523e-02   2.5037e+01   2.9117e+00   0.0000e+00   9.1450e-04   3.1747e+02
20261017_18:00:00   9.4456e-02   2.5015e+01   2.9689e+00   9.4600e-05   1.0103e-04   3.1858e+02
20261017_21:00:00   9.5372e-02   2.5223e+01   3.1463e+00   0.0000e+00   4.6069e-05   3.1299e+02
20261018_00:00:00   9.7203e-02   2.5650e+01   3.4029e+00   0.0000e+00   9.5631e-04   3.1471e+02
20261018_03:00:00   1.0222e-01   2.6813e+01   3.9782e+00   0.0000e+00   3.6063e-03   3.1393e+02
20261018_06:00:00   1.0791e-01   2.8140e+01   4.6138e+00   0.0000e+00   4.4332e-02   3.1015e+02
20261018_09:00:00   1.0854e-01   2.8317e+01   4.6988e+00   0.0000e+00   3.6078e-02   3.1110e+02
20261018_12:00:00   1.0805e-01   2.8220e+01   4.6918e+00   0.0000e+00   1.8466e-02   3.1318e+02
20261018_15:00:00   1.0750e-01   2.8114e+01   4.6909e+00   0.0000e+00   2.3267e-02   3.0677e+02
20261018_18:00:00   1.0969e-01   2.8623e+01   4.9167e+00   0.0000e+00   8.9127e-02   3.1090e+02
20261018_21:00:00   1.1045e-01   2.8807e+01   4.9957e+00   0.0000e+00   6.8965e-02   3.1191e+02
20261019_00:00:00   1.0929e-01   2.8547e+01   4.8798e+00   0.0000e+00   3.6370e-02   3.1267e+02
20261019_03:00:00   1.1012e-01   2.8756e+01   4.9900e+00   0.0000e+00   6.9643e-02   3.1443e+02
20261019_06:00:00   1.0968e-01   2.8653e+01   4.9279e+00   0.0000e+00   1.4737e-01   3.1463e+02
20261019_09:00:00   1.0963e-01   2.8639e+01   4.8971e+00   0.0000e+00   1.6932e-01   3.1990e+02
20261019_12:00:00   1.0828e-01   2.8333e+01   4.7493e+00   0.0000e+00   1.2159e-01   3.2671e+02
20261019_15:00:00   1.1125e-01   2.8928e+01   4.7454e+00   0.0000e+00   4.6755e-01   3.2993e+02
20261019_18:00:00   1.0514e-01   2.7410e+01   3.7996e+00   1.2048e-05   3.0088e-01   3.3388e+02
20261019_21:00:00   9.3169e-02   2.4638e+01   2.4082e+00   6.3120e-05   3.5185e-03   3.4135e+02
20261020_00:00:00   1.0029e-01   2.6277e+01   3.1019e+00   2.5600e-03   1.3622e-02   3.1490e+02
20261020_03:00:00   1.0392e-01   2.7149e+01   3.7993e+00   0.0000e+00   6.2263e-02   3.3507e+02
20261020_06:00:00   1.0817e-01   2.8152e+01   4.3038e+00   0.0000e+00   7.4896e-02   3.3011e+02
20261020_09:00:00   1.1266e-01   2.9243e+01   4.8192e+00   3.3020e-04   6.1619e-02   3.4003e+02
20261020_12:00:00   1.1502e-01   2.9823e+01   5.1377e+00   1.3454e-05   5.9339e-02   3.3909e+02
20261020_15:00:00   1.1637e-01   3.0147e+01   5.2128e+00   4.5100e-04   6.5725e-02   3.3344e+02
20261020_18:00:00   1.1313e-01   2.9414e+01   4.8088e+00   3.7315e-04   5.4728e-02   3.3573e+02
20261020_21:00:00   1.1342e-01   2.9438e+01   4.8943e+00   3.1860e-06   6.1424e-02   3.3276e+02
20261021_00:00:00   1.1372e-01   2.9544e+01   4.9817e+00   0.0000e+00   3.9183e-02   3.3036e+02
20261021_03:00:00   1.1471e-01   2.9791e+01   5.0878e+00   8.7385e-05   3.1803e-02   3.2499e+02
20261021_06:00:00   1.1341e-01   2.9519e+01   4.9923e+00   3.6540e-07   1.6499e-02   3.2126e+02
20261021_09:00:00   1.1220e-01   2.9277e+01   4.8328e+00   2.4580e-04   1.2336e-02   3.1608e+02
20261021_12:00:00   1.1205e-01   2.9295e+01   4.8152e+00   4.0640e-04   1.7583e-02   3.1647e+02
20261021_15:00:00   1.1274e-01   2.9488e+01   4.8549e+00   7.9583e-04   2.7471e-02   3.0900e+02
20261021_18:00:00   1.1156e-01   2.9259e+01   4.7292e+00   6.7299e-04   3.0043e-02   3.0949e+02
20261021_21:00:00   1.1312e-01   2.9614e+01   4.7068e+00   2.7989e-03   2.1430e-02   3.0510e+02
20261022_00:00:00   1.1517e-01   3.0094e+01   4.9336e+00   2.5642e-03   2.4282e-02   3.0668e+02
20261022_03:00:00   1.2082e-01   3.1416e+01   5.5605e+00   2.1701e-03   9.5299e-02   3.0258e+02
20261022_06:00:00   1.1777e-01   3.0661e+01   5.4389e+00   6.6499e-04   5.5614e-02   3.0003e+02
20261022_09:00:00   1.1838e-01   3.0796e+01   5.5214e+00   8.3217e-04   5.8497e-02   2.9641e+02
20261022_12:00:00   1.1676e-01   3.0431e+01   5.4613e+00   0.0000e+00   3.8033e-02   2.9390e+02
20261022_15:00:00   1.1608e-01   3.0279e+01   5.3400e+00   3.8088e-04   2.3805e-02   2.9072e+02
20261022_18:00:00   1.1469e-01   2.9976e+01   5.2343e+00   1.0964e-06   1.3833e-02   2.8285e+02
20261022_21:00:00   1.1480e-01   3.0046e+01   5.1954e+00   5.4118e-04   1.9237e-02   2.7425e+02
20261023_00:00:00   1.1133e-01   2.9265e+01   4.8757e+00   0.0000e+00   3.4626e-03   2.7649e+02
20261023_03:00:00   1.1312e-01   2.9706e+01   5.0487e+00   7.6481e-05   1.0600e-02   2.8071e+02
20261023_06:00:00   1.0715e-01   2.8343e+01   4.4521e+00   0.0000e+00   1.1350e-04   2.8146e+02
20261023_09:00:00   1.0140e-01   2.7031e+01   3.8027e+00   0.0000e+00   5.7098e-07   2.9059e+02
20261023_12:00:00   9.6230e-02   2.5850e+01   3.2031e+00   0.0000e+00   0.0000e+00   2.9832e+02
20261023_15:00:00   9.2447e-02   2.4978e+01   2.7968e+00   0.0000e+00   0.0000e+00   3.0013e+02
20261023_18:00:00   9.0663e-02   2.4549e+01   2.7036e+00   0.0000e+00   4.9529e-03   3.1648e+02
20261023_21:00:00   9.0518e-02   2.4510e+01   2.8139e+00   0.0000e+00   1.8352e-02   3.1581e+02
20261024_00:00:00   9.3121e-02   2.5109e+01   3.2768e+00   0.0000e+00   2.9112e-02   3.1514e+02
20261024_03:00:00   9.7366e-02   2.6102e+01   3.9547e+00   0.0000e+00   1.9779e-02   3.1414e+02
20261024_06:00:00   1.0230e-01   2.7279e+01   4.6751e+00   0.0000e+00   3.6785e-02   3.0828e+02
