#            date       tau255        Tb[K]      pwv[mm] lwp[kg*m^-2] iwp[kg*m^-2]       o3[DU]
20260807_00:00:00   1.5962e-01   4.2786e+01   1.4893e+01   0.0000e+00   9.7312e-04   2.8504e+02
20260807_01:00:00   1.6006e-01   4.2857e+01   1.4951e+01   0.0000e+00   1.4768e-03   2.8536e+02
20260807_02:00:00   1.6042e-01   4.2915e+01   1.5016e+01   0.0000e+00   3.0925e-03   2.8498e+02
20260807_03:00:00   1.6035e-01   4.2875e+01   1.5044e+01   0.0000e+00   4.1477e-03   2.8509e+02
20260807_04:00:00   1.6042e-01   4.2865e+01   1.5074e+01   0.0000e+00   6.4753e-03   2.8536e+02
20260807_05:00:00   1.6052e-01   4.2865e+01   1.5088e+01   0.0000e+00   1.6063e-02   2.8447e+02
20260807_06:00:00   1.6042e-01   4.2835e+01   1.5072e+01   0.0000e+00   2.3477e-02   2.8410e+02
20260807_07:00:00   1.6080e-01   4.2919e+01   1.5121e+01   0.0000e+00   1.6678e-02   2.8413e+02
20260807_08:00:00   1.6158e-01   4.3090e+01   1.5218e+01   0.0000e+00   1.6034e-02   2.8464e+02
20260807_09:00:00   1.6205e-01   4.3184e+01   1.5258e+01   0.0000e+00   2.9342e-02   2.8471e+02
20260807_10:00:00   1.6257e-01   4.3300e+01   1.5301e+01   0.0000e+00   3.6627e-02   2.8444e+02
20260807_11:00:00   1.6282e-01   4.3365e+01   1.5311e+01   0.0000e+00   2.6451e-02   2.8397e+02
20260807_12:00:00   1.6277e-01   4.3367e+01   1.5230e+01   0.0000e+00   2.3730e-02   2.8351e+02
20260807_13:00:00   1.6334e-01   4.3503e+01   1.5232e+01   0.0000e+00   2.2582e-02   2.8356e+02
20260807_14:00:00   1.6437e-01   4.3737e+01   1.5334e+01   0.0000e+00   2.8298e-02   2.8286e+02
20260807_15:00:00   1.6566e-01   4.4028e+01   1.5466e+01   0.0000e+00   3.8306e-02   2.8123e+02
20260807_16:00:00   1.6683e-01   4.4297e+01   1.5563e+01   0.0000e+00   4.2154e-02   2.7962e+02
20260807_17:00:00   1.6749e-01   4.4449e+01   1.5611e+01   0.0000e+00   4.6268e-02   2.7888e+02
20260807_18:00:00   1.6762e-01   4.4489e+01   1.5605e+01   0.0000e+00   2.1342e-02   2.7934e+02
20260807_19:00:00   1.6710e-01   4.4394e+01   1.5490e+01   0.0000e+00   2.9889e-03   2.8042e+02
20260807_20:00:00   1.6576e-01   4.4116e+01   1.5233e+01   0.0000e+00   4.2021e-04   2.8281e+02
20260807_21:00:00   1.6427e-01   4.3805e+01   1.4933e+01   0.0000e+00   1.7960e-06   2.8498e+02
20260807_22:00:00   1.6270e-01   4.3479e+01   1.4592e+01   0.0000e+00   0.0000e+00   2.8520e+02
20260807_23:00:00   1.6230e-01   4.3410e+01   1.4427e+01   0.0000e+00   0.0000e+00   2.8465e+02
20260808_00:00:00   1.6204e-01   4.3344e+01   1.4309e+01   0.0000e+00   0.0000e+00   2.8382e+02
20260808_01:00:00   1.6174e-01   4.3268e+01   1.4196e+01   0.0000e+00   7.3100e-07   2.8335e+02
20260808_02:00:00   1.6142e-01   4.3175e+01   1.4111e+01   0.0000e+00   4.3640e-05   2.8297e+02
20260808_03:00:00   1.6064e-01   4.2977e+01   1.4004e+01   0.0000e+00   1.4888e-04   2.8264e+02
20260808_04:00:00   1.5890e-01   4.2574e+01   1.3777e+01   0.0000e+00   0.0000e+00   2.8363e+02
20260808_05:00:00   1.5676e-01   4.2076e+01   1.3477e+01   0.0000e+00   0.0000e+00   2.8240e+02
20260808_06:00:00   1.5436e-01   4.1517e+01   1.3138e+01   0.0000e+00   8.5660e-06   2.8135e+02
20260808_07:00:00   1.5252e-01   4.1086e+01   1.2916e+01   0.0000e+00   0.0000e+00   2.8145e+02
20260808_08:00:00   1.5151e-01   4.0840e+01   1.2802e+01   0.0000e+00   0.0000e+00   2.7954e+02
20260808_09:00:00   1.5140e-01   4.0816e+01   1.2794e+01   0.0000e+00   0.0000e+00   2.7562e+02
20260808_10:00:00   1.5157e-01   4.0853e+01   1.2850e+01   0.0000e+00   0.0000e+00   2.7265e+02
20260808_11:00:00   1.5113e-01   4.0754e+01   1.2812e+01   0.0000e+00   2.8560e-06   2.7085e+02
20260808_12:00:00   1.5100e-01   4.0728e+01   1.2803e+01   0.0000e+00   1.4474e-04   2.6949e+02
20260808_13:00:00   1.5088e-01   4.0709e+01   1.2776e+01   0.0000e+00   4.8476e-04   2.6953e+02
20260808_14:00:00   1.5083e-01   4.0708e+01   1.2779e+01   0.0000e+00   6.2080e-05   2.6882e+02
20260808_15:00:00   1.5044e-01   4.0624e+01   1.2735e+01   0.0000e+00   7.3100e-07   2.6897e+02
20260808_16:00:00   1.5006e-01   4.0539e+01   1.2660e+01   0.0000e+00   8.4845e-05   2.6937e+02
20260808_17:00:00   1.4916e-01   4.0335e+01   1.2522e+01   0.0000e+00   9.0840e-04   2.7008e+02
20260808_18:00:00   1.4838e-01   4.0152e+01   1.2383e+01   0.0000e+00   1.5250e-03   2.7069e+02
20260808_19:00:00   1.4796e-01   4.0056e+01   1.2284e+01   0.0000e+00   7.9958e-04   2.7084e+02
20260808_20:00:00   1.4782e-01   4.0021e+01   1.2214e+01   0.0000e+00   6.0743e-04   2.7045e+02
20260808_21:00:00   1.4869e-01   4.0230e+01   1.2272e+01   0.0000e+00   7.1040e-04   2.7077e+02
20260808_22:00:00   1.4952e-01   4.0425e+01   1.2318e+01   0.0000e+00   5.9022e-04   2.7110e+02
20260808_23:00:00   1.5005e-01   4.0555e+01   1.2326e+01   0.0000e+00   1.1270e-04   2.7103e+02
20260809_00:00:00   1.5036e-01   4.0612e+01   1.2318e+01   0.0000e+00   1.4438e-04   2.7076e+02
20260809_01:00:00   1.5011e-01   4.0535e+01   1.2262e+01   0.0000e+00   8.9918e-04   2.7004e+02
20260809_02:00:00   1.4946e-01   4.0349e+01   1.2183e+01   0.0000e+00   4.8963e-04   2.6925e+02
20260809_03:00:00   1.4803e-01   3.9981e+01   1.2044e+01   0.0000e+00   6.3540e-05   2.6928e+02
20260809_04:00:00   1.4692e-01   3.9684e+01   1.1984e+01   0.0000e+00   0.0000e+00   2.6996e+02
20260809_05:00:00   1.4731e-01   3.9731e+01   1.2121e+01   0.0000e+00   1.2442e-05   2.7110e+02
20260809_06:00:00   1.4688e-01   3.9592e+01   1.2126e+01   0.0000e+00   0.0000e+00   2.7182e+02
20260809_07:00:00   1.4591e-01   3.9341e+01   1.1987e+01   0.0000e+00   0.0000e+00   2.7328e+02
20260809_08:00:00   1.4511e-01   3.9130e+01   1.1858e+01   0.0000e+00   0.0000e+00   2.7568e+02
20260809_09:00:00   1.4479e-01   3.9037e+01   1.1780e+01   0.0000e+00   0.0000e+00   2.8019e+02
20260809_10:00:00   1.4491e-01   3.9063e+01   1.1755e+01   0.0000e+00   0.0000e+00   2.8268e+02
20260809_11:00:00   1.4482e-01   3.9041e+01   1.1652e+01   0.0000e+00   0.0000e+00   2.8201e+02
20260809_12:00:00   1.4437e-01   3.8949e+01   1.1523e+01   0.0000e+00   0.0000e+00   2.8348e+02
20260809_13:00:00   1.4341e-01   3.8734e+01   1.1331e+01   0.0000e+00   0.0000e+00   2.8346e+02
20260809_14:00:00   1.4220e-01   3.8466e+01   1.1120e+01   0.0000e+00   0.0000e+00   2.8291e+02
20260809_15:00:00   1.4162e-01   3.8328e+01   1.1028e+01   0.0000e+00   0.0000e+00   2.8297e+02
20260809_16:00:00   1.4229e-01   3.8484e+01   1.1154e+01   0.0000e+00   0.0000e+00   2.8297e+02
20260809_17:00:00   1.4381e-01   3.8819e+01   1.1417e+01   0.0000e+00   0.0000e+00   2.8295e+02
20260809_18:00:00   1.4418e-01   3.8901e+01   1.1481e+01   0.0000e+00   0.0000e+00   2.8285e+02
20260809_19:00:00   1.4243e-01   3.8493e+01   1.1200e+01   0.0000e+00   0.0000e+00   2.8299e+02
20260809_20:00:00   1.4167e-01   3.8313e+01   1.1031e+01   0.0000e+00   0.0000e+00   2.8304e+02
20260809_21:00:00   1.4246e-01   3.8486e+01   1.1105e+01   0.0000e+00   0.0000e+00   2.8306e+02
20260809_22:00:00   1.4539e-01   3.9150e+01   1.1535e+01   0.0000e+00   0.0000e+00   2.8409e+02
20260809_23:00:00   1.5060e-01   4.0337e+01   1.2281e+01   0.0000e+00   0.0000e+00   2.8566e+02
20260810_00:00:00   1.5554e-01   4.1447e+01   1.3007e+01   0.0000e+00   0.0000e+00   2.8526e+02
20260810_01:00:00   1.5851e-01   4.2105e+01   1.3479e+01   0.0000e+00   1.9918e-06   2.8410e+02
20260810_02:00:00   1.5952e-01   4.2314e+01   1.3643e+01   0.0000e+00   9.3000e-06   2.8291e+02
20260810_03:00:00   1.5984e-01   4.2370e+01   1.3695e+01   0.0000e+00   8.1580e-06   2.8234e+02
20260810_04:00:00   1.5880e-01   4.2124e+01   1.3559e+01   0.0000e+00   0.0000e+00   2.8202e+02
20260810_05:00:00   1.5768e-01   4.1858e+01   1.3430e+01   0.0000e+00   0.0000e+00   2.8214e+02
20260810_06:00:00   1.5712e-01   4.1727e+01   1.3379e+01   0.0000e+00   0.0000e+00   2.8234e+02
20260810_07:00:00   1.5667e-01   4.1620e+01   1.3322e+01   0.0000e+00   0.0000e+00   2.8187e+02
20260810_08:00:00   1.5709e-01   4.1716e+01   1.3398e+01   0.0000e+00   8.1580e-06   2.8171e+02
20260810_09:00:00   1.6032e-01   4.2437e+01   1.3861e+01   0.0000e+00   8.1580e-06   2.8109e+02
20260810_10:00:00   1.6122e-01   4.2649e+01   1.3971e+01   0.0000e+00   8.4502e-06   2.8025e+02
20260810_11:00:00   1.6230e-01   4.2900e+01   1.4101e+01   0.0000e+00   8.1580e-06   2.8109e+02
20260810_12:00:00   1.6360e-01   4.3202e+01   1.4270e+01   0.0000e+00   8.1580e-06   2.8214e+02
20260810_13:00:00   1.6250e-01   4.2982e+01   1.4105e+01   0.0000e+00   6.1404e-04   2.8177e+02
20260810_14:00:00   1.6211e-01   4.2903e+01   1.4017e+01   0.0000e+00   1.2356e-03   2.8218e+02
20260810_15:00:00   1.6121e-01   4.2698e+01   1.3850e+01   0.0000e+00   1.2340e-03   2.8383e+02
20260810_16:00:00   1.5859e-01   4.2125e+01   1.3412e+01   0.0000e+00   1.4077e-03   2.8444e+02
20260810_17:00:00   1.5747e-01   4.1873e+01   1.3209e+01   0.0000e+00   1.2210e-03   2.8446e+02
20260810_18:00:00   1.5696e-01   4.1763e+01   1.3038e+01   0.0000e+00   3.2976e-04   2.8411e+02
20260810_19:00:00   1.5614e-01   4.1559e+01   1.2882e+01   0.0000e+00   4.7837e-04   2.8399e+02
20260810_20:00:00   1.5405e-01   4.1047e+01   1.2522e+01   0.0000e+00   1.0666e-03   2.8722e+02
20260810_21:00:00   1.5310e-01   4.0796e+01   1.2402e+01   0.0000e+00   3.3731e-03   2.9104e+02
20260810_22:00:00   1.5939e-01   4.2219e+01   1.2989e+01   3.0677e-03   1.4728e-02   2.9229e+02
20260810_23:00:00   1.6986e-01   4.4558e+01   1.4151e+01   5.2131e-03   1.8397e-02   2.9001e+02
20260811_00:00:00   1.8386e-01   4.7640e+01   1.5893e+01   4.2674e-03   5.9698e-02   2.8545e+02
20260811_01:00:00   1.9327e-01   4.9680e+01   1.7114e+01   1.1216e-04   1.7485e-01   2.8282e+02
20260811_02:00:00   2.0435e-01   5.2137e+01   1.7326e+01   6.5340e-03   1.7506e-01   2.9094e+02
20260811_03:00:00   2.2934e-01   5.7620e+01   1.5962e+01   4.4630e-02   4.0745e-03   2.9179e+02
20260811_04:00:00   1.9110e-01   4.9258e+01   1.5681e+01   2.7936e-03   2.8099e-04   2.9163e+02
20260811_05:00:00   1.9304e-01   4.9599e+01   1.6095e+01   2.5657e-04   5.7724e-03   2.9623e+02
20260811_06:00:00   1.9554e-01   5.0104e+01   1.6405e+01   0.0000e+00   4.2625e-02   2.9969e+02
20260811_07:00:00   1.9196e-01   4.9340e+01   1.6056e+01   0.0000e+00   1.0264e-03   2.9769e+02
20260811_08:00:00   1.8889e-01   4.8672e+01   1.5836e+01   0.0000e+00   1.8898e-04   2.9537e+02
20260811_09:00:00   1.8466e-01   4.7781e+01   1.5336e+01   0.0000e+00   2.9089e-05   2.9488e+02
20260811_10:00:00   1.7831e-01   4.6413e+01   1.4586e+01   0.0000e+00   3.1685e-03   2.9223e+02
20260811_11:00:00   1.7611e-01   4.5896e+01   1.4407e+01   0.0000e+00   1.3053e-02   2.9026e+02
20260811_12:00:00   1.7813e-01   4.6299e+01   1.4851e+01   0.0000e+00   8.6376e-02   2.9138e+02
20260811_13:00:00   1.8483e-01   4.7722e+01   1.5844e+01   0.0000e+00   9.7540e-02   2.9260e+02
20260811_14:00:00   1.8848e-01   4.8482e+01   1.6285e+01   0.0000e+00   1.1771e-01   2.9646e+02
20260811_15:00:00   1.8776e-01   4.8320e+01   1.6099e+01   0.0000e+00   1.6958e-02   3.0071e+02
20260811_16:00:00   1.8284e-01   4.7276e+01   1.5289e+01   0.0000e+00   1.8289e-03   3.0416e+02
20260811_17:00:00   1.7864e-01   4.6373e+01   1.4628e+01   0.0000e+00   1.2169e-03   3.0609e+02
20260811_18:00:00   1.7541e-01   4.5669e+01   1.4156e+01   0.0000e+00   3.1752e-03   3.0633e+02
20260811_19:00:00   1.7052e-01   4.4575e+01   1.3551e+01   0.0000e+00   2.1937e-03   3.0839e+02
20260811_20:00:00   1.6238e-01   4.2730e+01   1.2548e+01   0.0000e+00   0.0000e+00   3.0888e+02
20260811_21:00:00   1.5458e-01   4.0935e+01   1.1601e+01   0.0000e+00   3.5080e-06   3.0971e+02
20260811_22:00:00   1.5125e-01   4.0115e+01   1.1282e+01   0.0000e+00   0.0000e+00   3.0980e+02
20260811_23:00:00   1.4425e-01   3.8470e+01   1.0522e+01   0.0000e+00   0.0000e+00   3.1075e+02
20260812_00:00:00   1.3682e-01   3.6694e+01   9.7351e+00   0.0000e+00   0.0000e+00   3.1069e+02
20260812_03:00:00   1.2714e-01   3.4327e+01   8.7272e+00   0.0000e+00   0.0000e+00   3.1330e+02
20260812_06:00:00   1.3912e-01   3.7049e+01   1.0240e+01   0.0000e+00   3.5080e-06   3.0781e+02
20260812_09:00:00   1.4716e-01   3.8831e+01   1.1375e+01   0.0000e+00   1.9186e-04   3.0120e+02
20260812_12:00:00   1.4793e-01   3.9097e+01   1.1392e+01   0.0000e+00   3.8343e-05   3.0082e+02
20260812_15:00:00   1.4877e-01   3.9394e+01   1.1385e+01   0.0000e+00   1.1665e-05   2.9922e+02
20260812_18:00:00   1.5361e-01   4.0556e+01   1.1928e+01   0.0000e+00   9.0550e-06   2.9766e+02
20260812_21:00:00   1.6317e-01   4.2748e+01   1.2847e+01   0.0000e+00   8.7042e-05   2.9890e+02
20260813_00:00:00   1.6802e-01   4.3755e+01   1.3196e+01   3.3680e-06   1.7890e-05   2.9870e+02
20260813_03:00:00   1.7182e-01   4.4537e+01   1.3525e+01   2.9195e-04   3.4245e-05   2.9666e+02
20260813_06:00:00   1.6975e-01   4.3989e+01   1.3316e+01   0.0000e+00   8.3043e-05   2.9947e+02
20260813_09:00:00   1.6563e-01   4.3017e+01   1.2980e+01   0.0000e+00   3.4500e-05   3.0419e+02
20260813_12:00:00   1.6144e-01   4.2085e+01   1.2588e+01   0.0000e+00   3.1839e-04   3.0828e+02
20260813_15:00:00   1.5622e-01   4.0952e+01   1.2041e+01   0.0000e+00   2.3575e-05   3.1066e+02
20260813_18:00:00   1.5341e-01   4.0346e+01   1.1748e+01   0.0000e+00   1.6315e-05   3.1108e+02
20260813_21:00:00   1.5166e-01   3.9970e+01   1.1498e+01   0.0000e+00   5.5475e-06   3.1373e+02
20260814_00:00:00   1.4598e-01   3.8696e+01   1.0741e+01   0.0000e+00   4.6495e-06   3.1308e+02
20260814_03:00:00   1.3980e-01   3.7309e+01   9.9057e+00   0.0000e+00   0.0000e+00   3.1758e+02
20260814_06:00:00   1.4338e-01   3.8160e+01   1.0412e+01   0.0000e+00   0.0000e+00   3.1962e+02
20260814_09:00:00   1.4802e-01   3.9283e+01   1.1094e+01   0.0000e+00   4.0780e-06   3.2110e+02
20260814_12:00:00   1.5106e-01   4.0084e+01   1.1576e+01   0.0000e+00   5.7100e-07   3.1882e+02
20260814_15:00:00   1.5576e-01   4.1260e+01   1.2204e+01   0.0000e+00   4.0780e-06   3.1254e+02
20260814_18:00:00   1.6208e-01   4.2687e+01   1.3200e+01   0.0000e+00   2.3332e-05   3.0227e+02
20260814_21:00:00   1.6739e-01   4.3839e+01   1.3776e+01   0.0000e+00   8.1580e-06   2.9875e+02
20260815_00:00:00   1.6654e-01   4.3605e+01   1.3586e+01   0.0000e+00   1.8828e-05   2.9823e+02
20260815_03:00:00   1.6869e-01   4.4002e+01   1.3820e+01   0.0000e+00   2.2190e-05   2.9888e+02
20260815_06:00:00   1.7541e-01   4.5415e+01   1.4603e+01   0.0000e+00   2.8552e-05   3.0049e+02
20260815_09:00:00   1.7974e-01   4.6339e+01   1.5010e+01   0.0000e+00   5.0742e-05   3.0071e+02
20260815_12:00:00   1.8531e-01   4.7556e+01   1.5508e+01   6.4327e-04   2.9940e-04   3.0190e+02
20260815_15:00:00   1.8604e-01   4.7769e+01   1.5654e+01   0.0000e+00   4.7152e-05   3.0405e+02
20260815_18:00:00   1.8330e-01   4.7214e+01   1.5368e+01   0.0000e+00   3.4344e-05   3.0481e+02
20260815_21:00:00   1.7945e-01   4.6396e+01   1.5005e+01   0.0000e+00   3.7851e-05   3.0644e+02
20260816_00:00:00   1.7345e-01   4.5127e+01   1.4445e+01   0.0000e+00   8.1580e-06   3.0764e+02
20260816_03:00:00   1.6579e-01   4.3455e+01   1.3689e+01   0.0000e+00   9.9540e-06   3.0674e+02
20260816_06:00:00   1.5825e-01   4.1753e+01   1.2849e+01   0.0000e+00   1.5174e-05   3.0409e+02
20260816_09:00:00   1.5572e-01   4.1174e+01   1.2533e+01   0.0000e+00   8.1580e-06   3.0305e+02
20260816_12:00:00   1.5631e-01   4.1275e+01   1.2397e+01   0.0000e+00   2.5958e-04   3.0299e+02
20260816_15:00:00   1.6541e-01   4.3296e+01   1.2572e+01   6.1813e-03   6.7635e-04   2.9982e+02
20260816_18:00:00   2.1039e-01   5.3269e+01   1.2755e+01   5.4527e-02   8.1792e-04   3.0078e+02
20260816_21:00:00   1.9817e-01   5.0543e+01   1.2546e+01   4.1699e-02   1.0680e-03   3.0093e+02
20260817_00:00:00   1.6735e-01   4.3662e+01   1.1867e+01   1.2243e-02   1.6381e-03   3.0185e+02
20260817_03:00:00   1.6745e-01   4.3693e+01   1.0994e+01   1.8340e-02   1.6873e-04   3.0281e+02
20260817_06:00:00   1.7314e-01   4.4906e+01   1.1146e+01   2.3672e-02   9.1224e-05   3.0544e+02
20260817_09:00:00   1.5725e-01   4.1255e+01   1.0774e+01   8.8523e-03   2.2199e-04   3.0838e+02
20260817_12:00:00   1.4921e-01   3.9367e+01   1.0819e+01   5.4920e-05   5.2139e-04   3.0479e+02
20260817_15:00:00   1.5856e-01   4.1504e+01   1.1563e+01   4.3382e-03   2.5351e-03   3.0511e+02
20260817_18:00:00   1.8638e-01   4.7728e+01   1.2588e+01   2.7344e-02   1.1014e-02   3.0328e+02
20260817_21:00:00   1.8854e-01   4.8194e+01   1.3355e+01   2.2942e-02   4.0538e-02   3.0536e+02
20260818_00:00:00   2.1224e-01   5.3361e+01   1.4298e+01   4.0591e-02   9.6998e-02   3.0528e+02
20260818_03:00:00   1.9845e-01   5.0381e+01   1.4003e+01   2.7301e-02   1.0874e-01   3.0447e+02
20260818_06:00:00   2.0599e-01   5.1983e+01   1.4513e+01   3.1475e-02   1.1591e-01   3.0328e+02
20260818_09:00:00   2.0594e-01   5.1987e+01   1.4347e+01   3.3954e-02   4.5359e-02   2.9983e+02
20260818_12:00:00   2.5387e-01   6.2355e+01   1.4206e+01   8.9786e-02   1.4090e-02   3.0232e+02
20260818_15:00:00   2.5955e-01   6.3616e+01   1.3959e+01   9.8213e-02   2.1643e-03   3.0380e+02
20260818_18:00:00   1.8670e-01   4.7883e+01   1.3363e+01   2.3097e-02   1.0230e-03   3.0221e+02
20260818_21:00:00   1.6703e-01   4.3429e+01   1.3489e+01   2.6597e-03   7.3425e-03   3.0102e+02
20260819_00:00:00   1.7333e-01   4.4807e+01   1.4825e+01   4.1540e-05   2.2146e-02   2.9897e+02
20260819_03:00:00   1.8027e-01   4.6367e+01   1.5777e+01   0.0000e+00   6.6633e-02   2.9677e+02
20260819_06:00:00   1.7751e-01   4.5755e+01   1.5580e+01   0.0000e+00   5.6508e-02   2.9678e+02
20260819_09:00:00   1.7548e-01   4.5314e+01   1.5309e+01   0.0000e+00   1.2717e-01   2.9814e+02
20260819_12:00:00   1.8330e-01   4.7083e+01   1.6097e+01   0.0000e+00   2.4182e-01   3.0031e+02
20260819_15:00:00   1.8759e-01   4.8042e+01   1.6470e+01   0.0000e+00   3.7572e-01   3.0293e+02
20260819_18:00:00   1.9646e-01   5.0012e+01   1.7211e+01   1.4662e-03   4.5939e-01   3.0261e+02
20260819_21:00:00   2.2447e-01   5.6107e+01   1.8152e+01   2.2237e-02   4.7641e-01   3.0159e+02
20260820_00:00:00   2.4346e-01   6.0152e+01   1.8455e+01   3.9672e-02   5.3047e-01   3.0156e+02
20260820_03:00:00   2.3576e-01   5.8540e+01   1.8478e+01   2.8561e-02   6.2915e-01   3.0133e+02
20260820_06:00:00   2.8584e-01   6.9049e+01   1.8664e+01   8.1844e-02   4.8958e-01   3.0202e+02
20260820_09:00:00   3.1200e-01   7.4313e+01   1.8425e+01   1.1250e-01   3.3627e-01   3.0323e+02
20260820_12:00:00   3.1549e-01   7.4994e+01   1.8162e+01   1.1802e-01   2.4677e-01   3.0580e+02
20260820_15:00:00   2.7899e-01   6.7608e+01   1.7748e+01   8.0898e-02   1.0109e-01   3.0703e+02
20260820_18:00:00   2.3786e-01   5.9053e+01   1.7518e+01   3.7655e-02   6.5080e-02   3.0682e+02
20260820_21:00:00   2.1659e-01   5.4467e+01   1.7586e+01   1.3590e-02   3.3237e-02   3.0614e+02
20260821_00:00:00   1.9393e-01   4.9531e+01   1.6540e+01   0.0000e+00   2.5019e-02   3.0640e+02
20260821_03:00:00   1.7133e-01   4.4563e+01   1.3761e+01   0.0000e+00   2.4116e-04   3.0581e+02
20260821_06:00:00   1.4384e-01   3.8324e+01   1.0048e+01   0.0000e+00   0.0000e+00   3.0642e+02
20260821_09:00:00   1.3786e-01   3.6889e+01   9.3166e+00   0.0000e+00   0.0000e+00   3.0917e+02
20260821_12:00:00   1.3384e-01   3.5925e+01   8.8129e+00   0.0000e+00   0.0000e+00   3.1283e+02
20260821_15:00:00   1.3691e-01   3.6650e+01   8.7648e+00   3.4389e-03   1.9458e-05   3.1429e+02
20260821_18:00:00   1.3519e-01   3.6251e+01   8.3512e+00   5.3283e-03   3.9885e-05   3.1467e+02
20260821_21:00:00   1.2539e-01   3.3926e+01   7.7814e+00   2.6428e-04   8.4822e-06   3.1703e+02
20260822_00:00:00   1.2118e-01   3.2907e+01   7.3547e+00   0.0000e+00   0.0000e+00   3.1844e+02
20260822_03:00:00   1.1832e-01   3.2202e+01   7.0986e+00   0.0000e+00   0.0000e+00   3.1948e+02
20260822_06:00:00   1.2316e-01   3.3367e+01   7.7860e+00   0.0000e+00   0.0000e+00   3.1829e+02
20260822_09:00:00   1.2756e-01   3.4450e+01   8.3749e+00   0.0000e+00   0.0000e+00   3.1904e+02
20260822_12:00:00   1.2629e-01   3.4228e+01   8.3240e+00   0.0000e+00   0.0000e+00   3.1927e+02
20260822_15:00:00   1.2491e-01   3.3987e+01   8.2281e+00   0.0000e+00   0.0000e+00   3.2126e+02
20260822_18:00:00   1.2737e-01   3.4629e+01   8.5822e+00   0.0000e+00   0.0000e+00   3.2098e+02
20260822_21:00:00   1.3754e-01   3.7001e+01   1.0168e+01   0.0000e+00   0.0000e+00   3.1427e+02
20260823_00:00:00   1.4275e-01   3.8149e+01   1.0935e+01   0.0000e+00   1.0608e-05   3.1058e+02
