#            date       tau255        Tb[K]      pwv[mm] lwp[kg*m^-2] iwp[kg*m^-2]       o3[DU]
20260831_00:00:00   1.1518e-01   3.1392e+01   6.9372e+00   0.0000e+00   5.4740e-04   2.7435e+02
20260831_01:00:00   1.1443e-01   3.1204e+01   6.9915e+00   0.0000e+00   3.9012e-03   2.7223e+02
20260831_02:00:00   1.1498e-01   3.1317e+01   7.1690e+00   0.0000e+00   4.9738e-03   2.7122e+02
20260831_03:00:00   1.1570e-01   3.1463e+01   7.3570e+00   0.0000e+00   4.4305e-03   2.7079e+02
20260831_04:00:00   1.1671e-01   3.1688e+01   7.5884e+00   0.0000e+00   8.4643e-03   2.6990e+02
20260831_05:00:00   1.1814e-01   3.2012e+01   7.8471e+00   0.0000e+00   3.2559e-03   2.7113e+02
20260831_06:00:00   1.1993e-01   3.2425e+01   8.1749e+00   0.0000e+00   8.6468e-04   2.7240e+02
20260831_07:00:00   1.2214e-01   3.2923e+01   8.5325e+00   0.0000e+00   4.1791e-03   2.7116e+02
20260831_08:00:00   1.2411e-01   3.3384e+01   8.8629e+00   0.0000e+00   1.1211e-02   2.7047e+02
20260831_09:00:00   1.2642e-01   3.3911e+01   9.2058e+00   0.0000e+00   3.3505e-02   2.6739e+02
20260831_10:00:00   1.2944e-01   3.4604e+01   9.6045e+00   0.0000e+00   6.3848e-02   2.6631e+02
20260831_11:00:00   1.3087e-01   3.4954e+01   9.7618e+00   0.0000e+00   3.1051e-02   2.6540e+02
20260831_12:00:00   1.3222e-01   3.5274e+01   9.9489e+00   0.0000e+00   1.4101e-02   2.6691e+02
20260831_13:00:00   1.3175e-01   3.5188e+01   9.8910e+00   0.0000e+00   2.3065e-03   2.6906e+02
20260831_14:00:00   1.3083e-01   3.4994e+01   9.7691e+00   0.0000e+00   1.1581e-04   2.6946e+02
20260831_15:00:00   1.3181e-01   3.5230e+01   9.9691e+00   0.0000e+00   3.6540e-07   2.6978e+02
20260831_16:00:00   1.3294e-01   3.5500e+01   1.0135e+01   0.0000e+00   9.4424e-05   2.6921e+02
20260831_17:00:00   1.3314e-01   3.5567e+01   1.0126e+01   0.0000e+00   1.5886e-04   2.6939e+02
20260831_18:00:00   1.3491e-01   3.5990e+01   1.0356e+01   0.0000e+00   1.4688e-04   2.7103e+02
20260831_19:00:00   1.3662e-01   3.6394e+01   1.0539e+01   0.0000e+00   1.9373e-04   2.7122e+02
20260831_20:00:00   1.3973e-01   3.7101e+01   1.0966e+01   0.0000e+00   4.5071e-04   2.6868e+02
20260831_21:00:00   1.4172e-01   3.7553e+01   1.1181e+01   0.0000e+00   6.4205e-05   2.6605e+02
20260831_22:00:00   1.4359e-01   3.7973e+01   1.1471e+01   0.0000e+00   1.1981e-03   2.6513e+02
20260831_23:00:00   1.4585e-01   3.8466e+01   1.1771e+01   0.0000e+00   6.3067e-03   2.6587e+02
20260901_00:00:00   1.4708e-01   3.8736e+01   1.1904e+01   0.0000e+00   6.8101e-03   2.6730e+02
20260901_01:00:00   1.4862e-01   3.9072e+01   1.1994e+01   0.0000e+00   1.2481e-02   2.6948e+02
20260901_02:00:00   1.5034e-01   3.9436e+01   1.2195e+01   0.0000e+00   2.5174e-02   2.7114e+02
20260901_03:00:00   1.5236e-01   3.9867e+01   1.2413e+01   0.0000e+00   8.0937e-02   2.7254e+02
20260901_04:00:00   1.5516e-01   4.0489e+01   1.2737e+01   0.0000e+00   9.4844e-02   2.7373e+02
20260901_05:00:00   1.5803e-01   4.1128e+01   1.3063e+01   0.0000e+00   9.8875e-02   2.7552e+02
20260901_06:00:00   1.5900e-01   4.1336e+01   1.3129e+01   0.0000e+00   1.2368e-01   2.7721e+02
20260901_07:00:00   1.6066e-01   4.1709e+01   1.3313e+01   0.0000e+00   1.3091e-01   2.7718e+02
20260901_08:00:00   1.6441e-01   4.2541e+01   1.3621e+01   0.0000e+00   2.9400e-01   2.7684e+02
20260901_09:00:00   1.6913e-01   4.3598e+01   1.4053e+01   0.0000e+00   3.3253e-01   2.7598e+02
20260901_10:00:00   1.7356e-01   4.4576e+01   1.4499e+01   0.0000e+00   3.1134e-01   2.7418e+02
20260901_11:00:00   1.7577e-01   4.5054e+01   1.4688e+01   0.0000e+00   2.7842e-01   2.7314e+02
20260901_12:00:00   1.7883e-01   4.5717e+01   1.4922e+01   4.7082e-04   2.3294e-01   2.7184e+02
20260901_13:00:00   2.0097e-01   5.0582e+01   1.5588e+01   1.7097e-02   2.0890e-01   2.6983e+02
20260901_14:00:00   2.4430e-01   5.9791e+01   1.5546e+01   6.5419e-02   1.5999e-01   2.6801e+02
20260901_15:00:00   2.6745e-01   6.4600e+01   1.5091e+01   9.6580e-02   1.2914e-01   2.6845e+02
20260901_16:00:00   2.7699e-01   6.6547e+01   1.4987e+01   1.0814e-01   1.1017e-01   2.6863e+02
20260901_17:00:00   2.6619e-01   6.4360e+01   1.5126e+01   9.4425e-02   1.5551e-01   2.6804e+02
20260901_18:00:00   2.1710e-01   5.4079e+01   1.5282e+01   3.7295e-02   2.6074e-01   2.7003e+02
20260901_19:00:00   1.8618e-01   4.7342e+01   1.5395e+01   1.2085e-03   2.4849e-01   2.7292e+02
20260901_20:00:00   1.8508e-01   4.7113e+01   1.5419e+01   0.0000e+00   1.8966e-01   2.7429e+02
20260901_21:00:00   1.8492e-01   4.7090e+01   1.5420e+01   1.7540e-05   1.6108e-01   2.7605e+02
20260901_22:00:00   1.8548e-01   4.7219e+01   1.5448e+01   3.0320e-05   1.8975e-01   2.7857e+02
20260901_23:00:00   1.8609e-01   4.7349e+01   1.5477e+01   0.0000e+00   2.0855e-01   2.7996e+02
20260902_00:00:00   1.8611e-01   4.7358e+01   1.5481e+01   0.0000e+00   1.4335e-01   2.8013e+02
20260902_01:00:00   1.8521e-01   4.7169e+01   1.5417e+01   0.0000e+00   7.5213e-02   2.7828e+02
20260902_02:00:00   1.9347e-01   4.8996e+01   1.5364e+01   9.8194e-03   7.8746e-02   2.7717e+02
20260902_03:00:00   1.9120e-01   4.8496e+01   1.5357e+01   7.0559e-03   8.0644e-02   2.7633e+02
20260902_04:00:00   1.8588e-01   4.7319e+01   1.5387e+01   5.6913e-04   7.3546e-02   2.7503e+02
20260902_05:00:00   1.8443e-01   4.6984e+01   1.5278e+01   5.6120e-06   7.8034e-02   2.7337e+02
20260902_06:00:00   1.8305e-01   4.6666e+01   1.5132e+01   0.0000e+00   6.3086e-02   2.7156e+02
20260902_07:00:00   1.8221e-01   4.6465e+01   1.5031e+01   4.1874e-05   3.7021e-02   2.7033e+02
20260902_08:00:00   1.8435e-01   4.6928e+01   1.4996e+01   2.4421e-03   2.9078e-02   2.7056e+02
20260902_09:00:00   1.8352e-01   4.6736e+01   1.4983e+01   1.3346e-03   3.7933e-02   2.7217e+02
20260902_10:00:00   1.8160e-01   4.6306e+01   1.4884e+01   6.7360e-06   6.8996e-02   2.7366e+02
20260902_11:00:00   1.7997e-01   4.5947e+01   1.4717e+01   0.0000e+00   9.6109e-02   2.7490e+02
20260902_12:00:00   1.7867e-01   4.5657e+01   1.4568e+01   0.0000e+00   1.3862e-01   2.7681e+02
20260902_13:00:00   1.7788e-01   4.5488e+01   1.4486e+01   0.0000e+00   1.4010e-01   2.7893e+02
20260902_14:00:00   1.7733e-01   4.5373e+01   1.4448e+01   0.0000e+00   1.0812e-01   2.8100e+02
20260902_15:00:00   1.7685e-01   4.5271e+01   1.4409e+01   0.0000e+00   8.1659e-02   2.8401e+02
20260902_16:00:00   1.7665e-01   4.5237e+01   1.4394e+01   0.0000e+00   9.0992e-02   2.8550e+02
20260902_17:00:00   1.7661e-01   4.5235e+01   1.4371e+01   0.0000e+00   1.5144e-01   2.8503e+02
20260902_18:00:00   1.7680e-01   4.5285e+01   1.4381e+01   0.0000e+00   1.7554e-01   2.8395e+02
20260902_19:00:00   1.7733e-01   4.5403e+01   1.4429e+01   0.0000e+00   1.6531e-01   2.8266e+02
20260902_20:00:00   1.7825e-01   4.5608e+01   1.4496e+01   0.0000e+00   1.8033e-01   2.8156e+02
20260902_21:00:00   1.8014e-01   4.6035e+01   1.4657e+01   0.0000e+00   1.8217e-01   2.8144e+02
20260902_22:00:00   1.8238e-01   4.6537e+01   1.4866e+01   0.0000e+00   1.4563e-01   2.8192e+02
20260902_23:00:00   1.8482e-01   4.7082e+01   1.5084e+01   0.0000e+00   1.1222e-01   2.8235e+02
20260903_00:00:00   1.8686e-01   4.7535e+01   1.5244e+01   4.4660e-06   1.0106e-01   2.8252e+02
20260903_01:00:00   1.8846e-01   4.7887e+01   1.5332e+01   3.1242e-04   1.0425e-01   2.8131e+02
20260903_02:00:00   1.9062e-01   4.8373e+01   1.5417e+01   1.4960e-03   7.9178e-02   2.8135e+02
20260903_03:00:00   1.9364e-01   4.9054e+01   1.5448e+01   4.3152e-03   5.9406e-02   2.8299e+02
20260903_04:00:00   1.9928e-01   5.0308e+01   1.5458e+01   9.9855e-03   8.9248e-02   2.8449e+02
20260903_05:00:00   2.0780e-01   5.2187e+01   1.5466e+01   1.8877e-02   1.0212e-01   2.8533e+02
20260903_06:00:00   2.3823e-01   5.8831e+01   1.5493e+01   5.2723e-02   1.1273e-01   2.8524e+02
20260903_07:00:00   2.6887e-01   6.5306e+01   1.5449e+01   8.7790e-02   7.9094e-02   2.8428e+02
20260903_08:00:00   2.9276e-01   7.0198e+01   1.5372e+01   1.1569e-01   3.1004e-02   2.8369e+02
20260903_09:00:00   3.0610e-01   7.2860e+01   1.5327e+01   1.3082e-01   7.3926e-02   2.8377e+02
20260903_10:00:00   3.1419e-01   7.4480e+01   1.5150e+01   1.4126e-01   9.1536e-02   2.8682e+02
20260903_11:00:00   3.2404e-01   7.6434e+01   1.4877e+01   1.5464e-01   3.1881e-02   2.8829e+02
20260903_12:00:00   3.3315e-01   7.8213e+01   1.4136e+01   1.7088e-01   8.1672e-03   2.9142e+02
20260903_13:00:00   3.2485e-01   7.6606e+01   1.3236e+01   1.6909e-01   1.9650e-03   2.9136e+02
20260903_14:00:00   2.8411e-01   6.8484e+01   1.2361e+01   1.3068e-01   7.0861e-04   2.9161e+02
20260903_15:00:00   2.4388e-01   6.0119e+01   1.1631e+01   9.1726e-02   4.8187e-04   2.9484e+02
20260903_16:00:00   2.1385e-01   5.3665e+01   1.1143e+01   6.2313e-02   3.1822e-04   2.9710e+02
20260903_17:00:00   2.0412e-01   5.1561e+01   1.0725e+01   5.5109e-02   2.6046e-04   2.9840e+02
20260903_18:00:00   1.9043e-01   4.8576e+01   1.0433e+01   4.2671e-02   1.9751e-04   2.9975e+02
20260903_19:00:00   1.6104e-01   4.1975e+01   1.0162e+01   1.2609e-02   1.4360e-04   2.9955e+02
20260903_20:00:00   1.4857e-01   3.9120e+01   9.9683e+00   9.9426e-04   2.9281e-05   2.9939e+02
20260903_21:00:00   1.4588e-01   3.8505e+01   9.7972e+00   1.4319e-04   1.4745e-05   3.0047e+02
20260903_22:00:00   1.4336e-01   3.7939e+01   9.5647e+00   3.1400e-05   1.0406e-05   2.9924e+02
20260903_23:00:00   1.3871e-01   3.6876e+01   9.1152e+00   0.0000e+00   8.4233e-06   2.9794e+02
20260904_00:00:00   1.3425e-01   3.5832e+01   8.6661e+00   0.0000e+00   1.8718e-05   2.9742e+02
20260904_01:00:00   1.3093e-01   3.5030e+01   8.3925e+00   0.0000e+00   4.3824e-05   2.9590e+02
20260904_02:00:00   1.2891e-01   3.4526e+01   8.3353e+00   0.0000e+00   1.8432e-03   2.9416e+02
20260904_03:00:00   1.2674e-01   3.3966e+01   8.2978e+00   0.0000e+00   8.6558e-03   2.9496e+02
20260904_04:00:00   1.2547e-01   3.3613e+01   8.3090e+00   0.0000e+00   2.7573e-02   2.9524e+02
20260904_05:00:00   1.2381e-01   3.3193e+01   8.1919e+00   0.0000e+00   1.6014e-02   2.9656e+02
20260904_06:00:00   1.2158e-01   3.2654e+01   7.8804e+00   0.0000e+00   5.3498e-02   2.9665e+02
20260904_07:00:00   1.2328e-01   3.3018e+01   8.1295e+00   0.0000e+00   1.0081e-01   2.9555e+02
20260904_08:00:00   1.2674e-01   3.3790e+01   8.6762e+00   0.0000e+00   5.9192e-02   2.9498e+02
20260904_09:00:00   1.3490e-01   3.5646e+01   9.6528e+00   0.0000e+00   2.3068e-01   2.9527e+02
20260904_10:00:00   1.4173e-01   3.7228e+01   1.0435e+01   0.0000e+00   1.7881e-01   2.9508e+02
20260904_11:00:00   1.4616e-01   3.8267e+01   1.0816e+01   0.0000e+00   2.3298e-01   2.9459e+02
20260904_12:00:00   1.5194e-01   3.9584e+01   1.1461e+01   8.9800e-06   7.7692e-02   2.9383e+02
20260904_13:00:00   1.6270e-01   4.2035e+01   1.2404e+01   3.5124e-03   1.0478e-01   2.9173e+02
20260904_14:00:00   1.6696e-01   4.2997e+01   1.2925e+01   3.9128e-03   5.1297e-02   2.9211e+02
20260904_15:00:00   1.5966e-01   4.1332e+01   1.2529e+01   9.3595e-05   4.3318e-02   2.8986e+02
20260904_16:00:00   1.5444e-01   4.0119e+01   1.2112e+01   1.0622e-06   2.4349e-02   2.8927e+02
20260904_17:00:00   1.5462e-01   4.0170e+01   1.2238e+01   0.0000e+00   6.1228e-02   2.8536e+02
20260904_18:00:00   1.5730e-01   4.0778e+01   1.2617e+01   0.0000e+00   7.8220e-02   2.8496e+02
20260904_19:00:00   1.5845e-01   4.1049e+01   1.2895e+01   0.0000e+00   5.9175e-02   2.8419e+02
20260904_20:00:00   1.6281e-01   4.2040e+01   1.3336e+01   0.0000e+00   3.3072e-01   2.8349e+02
20260904_21:00:00   1.7757e-01   4.5364e+01   1.4885e+01   0.0000e+00   4.6597e-01   2.8393e+02
20260904_22:00:00   1.8785e-01   4.7687e+01   1.5955e+01   1.7084e-04   6.0405e-01   2.8270e+02
20260904_23:00:00   1.9367e-01   4.9007e+01   1.6692e+01   7.3444e-05   5.5490e-01   2.8044e+02
20260905_00:00:00   2.0122e-01   5.0684e+01   1.7146e+01   4.3709e-03   5.9081e-01   2.7829e+02
20260905_03:00:00   5.1310e-01   1.0971e+02   1.9150e+01   3.3891e-01   6.3839e-01   2.7464e+02
20260905_06:00:00   7.2557e-01   1.4156e+02   2.1220e+01   5.6228e-01   6.8800e-01   2.7439e+02
20260905_09:00:00   7.7375e-01   1.4784e+02   2.1440e+01   6.1429e-01   1.8306e-01   2.7499e+02
20260905_12:00:00   7.1887e-01   1.4089e+02   2.0585e+01   5.6050e-01   1.0450e-01   2.7493e+02
20260905_15:00:00   8.0649e-01   1.5192e+02   2.1413e+01   6.5125e-01   6.9316e-01   2.7766e+02
20260905_18:00:00   6.3444e-01   1.2851e+02   1.9739e+01   4.6788e-01   8.8451e-01   2.7970e+02
20260905_21:00:00   3.5476e-01   8.2436e+01   1.7067e+01   1.7846e-01   1.3324e-01   2.8063e+02
20260906_00:00:00   2.6429e-01   6.4332e+01   1.0727e+01   1.2949e-01   1.7376e-02   2.8669e+02
20260906_03:00:00   4.0953e-01   9.1869e+01   1.0039e+01   2.9721e-01   1.3583e-01   2.8391e+02
20260906_06:00:00   3.7996e-01   8.6441e+01   1.0762e+01   2.5820e-01   1.6771e-01   2.7430e+02
20260906_09:00:00   3.7367e-01   8.5568e+01   1.1433e+01   2.4756e-01   5.4926e-02   2.7279e+02
20260906_12:00:00   3.9742e-01   9.0020e+01   1.2504e+01   2.6656e-01   2.4128e-01   2.7353e+02
20260906_15:00:00   2.6602e-01   6.4607e+01   1.5126e+01   9.5107e-02   2.9508e-01   2.7733e+02
20260906_18:00:00   2.0191e-01   5.0941e+01   1.6351e+01   9.3955e-03   3.1665e-01   2.7545e+02
20260906_21:00:00   2.4151e-01   5.9595e+01   1.7275e+01   4.4252e-02   5.9987e-01   2.7654e+02
20260907_00:00:00   3.4810e-01   8.1221e+01   1.7896e+01   1.6032e-01   5.3347e-01   2.8195e+02
20260907_03:00:00   1.9234e-01   4.9046e+01   1.6455e+01   5.0541e-03   2.6496e-01   2.8505e+02
20260907_06:00:00   1.9158e-01   4.8970e+01   1.6837e+01   8.6252e-04   3.9992e-01   2.8646e+02
20260907_09:00:00   1.8948e-01   4.8507e+01   1.6598e+01   2.6780e-03   4.4260e-01   2.8283e+02
20260907_12:00:00   3.5462e-01   8.2482e+01   1.9426e+01   1.5650e-01   7.2219e-01   2.8311e+02
20260907_15:00:00   2.1734e-01   5.4755e+01   1.7615e+01   2.4978e-02   8.6859e-01   2.8368e+02
20260907_18:00:00   1.7834e-01   4.6141e+01   1.5712e+01   2.1002e-03   6.8584e-01   2.8397e+02
20260907_21:00:00   1.8462e-01   4.7425e+01   1.6057e+01   3.7172e-03   8.0813e-01   2.8206e+02
20260908_00:00:00   2.0752e-01   5.2497e+01   1.7944e+01   5.0200e-03   7.1944e-01   2.8323e+02
20260908_03:00:00   2.1926e-01   5.4937e+01   1.7014e+01   2.6073e-02   3.3079e-01   2.9083e+02
20260908_06:00:00   4.0899e-01   9.2619e+01   1.3609e+01   2.6852e-01   2.6643e-02   2.9544e+02
20260908_09:00:00   6.0629e-01   1.2422e+02   1.0280e+01   5.1162e-01   3.0490e-02   2.9557e+02
20260908_12:00:00   3.2364e-01   7.6656e+01   9.6982e+00   1.9954e-01   1.4594e-02   2.9861e+02
20260908_15:00:00   3.4140e-01   8.0168e+01   8.9262e+00   2.2736e-01   7.4383e-03   3.0195e+02
20260908_18:00:00   2.8165e-01   6.7902e+01   1.0154e+01   1.4936e-01   3.2279e-03   3.0769e+02
20260908_21:00:00   2.2477e-01   5.5968e+01   1.1093e+01   7.6192e-02   6.3322e-03   3.1009e+02
20260909_00:00:00   3.3094e-01   7.7642e+01   1.0667e+01   1.9971e-01   6.4913e-03   3.1254e+02
20260909_03:00:00   1.7884e-01   4.5951e+01   1.0077e+01   3.2701e-02   2.2219e-03   3.1425e+02
20260909_06:00:00   1.4250e-01   3.7566e+01   9.2804e+00   2.2671e-04   3.1811e-04   3.1048e+02
20260909_09:00:00   1.4205e-01   3.7429e+01   9.1812e+00   2.2613e-03   4.0485e-03   3.0923e+02
20260909_12:00:00   1.6201e-01   4.1988e+01   9.9768e+00   1.7631e-02   1.7481e-02   3.0484e+02
20260909_15:00:00   1.4841e-01   3.8843e+01   1.0370e+01   6.5240e-05   1.4806e-02   3.0107e+02
20260909_18:00:00   1.4418e-01   3.7876e+01   1.0019e+01   0.0000e+00   7.7713e-03   3.0166e+02
20260909_21:00:00   1.4375e-01   3.7751e+01   1.0099e+01   0.0000e+00   2.9181e-03   3.0467e+02
20260910_00:00:00   1.5591e-01   4.0462e+01   1.1695e+01   0.0000e+00   1.0495e-02   2.9615e+02
20260910_03:00:00   1.6223e-01   4.1857e+01   1.2405e+01   0.0000e+00   4.4771e-02   2.9914e+02
20260910_06:00:00   1.5257e-01   3.9726e+01   1.1101e+01   0.0000e+00   2.4219e-03   2.9987e+02
20260910_09:00:00   1.4225e-01   3.7367e+01   9.6764e+00   0.0000e+00   1.7143e-04   3.0048e+02
20260910_12:00:00   1.4893e-01   3.8790e+01   1.0388e+01   0.0000e+00   1.8443e-03   2.9584e+02
20260910_15:00:00   1.6053e-01   4.1315e+01   1.1673e+01   1.7196e-05   1.4520e-01   2.9184e+02
20260910_18:00:00   1.5994e-01   4.1143e+01   1.1456e+01   5.1080e-04   1.8792e-01   2.9112e+02
20260910_21:00:00   1.6130e-01   4.1458e+01   1.1352e+01   2.5447e-03   1.0497e-01   2.9166e+02
20260911_00:00:00   1.5540e-01   4.0098e+01   1.0811e+01   6.9600e-05   1.1432e-01   2.9606e+02
20260911_03:00:00   1.5174e-01   3.9269e+01   9.8468e+00   2.9697e-03   9.8571e-02   3.0086e+02
20260911_06:00:00   1.4461e-01   3.7527e+01   9.3892e+00   2.3920e-05   8.3216e-02   3.0211e+02
20260911_09:00:00   1.4278e-01   3.7041e+01   9.1871e+00   0.0000e+00   5.3758e-02   3.0219e+02
20260911_12:00:00   1.4336e-01   3.7157e+01   9.2075e+00   0.0000e+00   9.5570e-02   3.0306e+02
20260911_15:00:00   1.4520e-01   3.7571e+01   9.4261e+00   1.9082e-05   1.5828e-01   2.9719e+02
20260911_18:00:00   1.4247e-01   3.6990e+01   9.1921e+00   7.8580e-06   5.7174e-02   2.9573e+02
20260911_21:00:00   1.3577e-01   3.5444e+01   8.5646e+00   2.2460e-06   2.3087e-03   2.9476e+02
20260912_00:00:00   1.3797e-01   3.5917e+01   8.7533e+00   0.0000e+00   1.4576e-02   2.9305e+02
20260912_03:00:00   1.3430e-01   3.5051e+01   8.3071e+00   0.0000e+00   3.4823e-03   2.9186e+02
20260912_06:00:00   1.2920e-01   3.3841e+01   7.6824e+00   0.0000e+00   2.1924e-03   2.9503e+02
20260912_09:00:00   1.2427e-01   3.2678e+01   7.1244e+00   0.0000e+00   6.5593e-04   2.9841e+02
20260912_12:00:00   1.1790e-01   3.1215e+01   6.4288e+00   0.0000e+00   4.3073e-05   3.0055e+02
20260912_15:00:00   1.1167e-01   2.9805e+01   5.7121e+00   0.0000e+00   1.5668e-06   3.0328e+02
20260912_18:00:00   1.0917e-01   2.9228e+01   5.3993e+00   0.0000e+00   0.0000e+00   3.0465e+02
20260912_21:00:00   1.1290e-01   3.0057e+01   5.7842e+00   0.0000e+00   0.0000e+00   3.0926e+02
20260913_00:00:00   1.1206e-01   2.9757e+01   5.6362e+00   0.0000e+00   0.0000e+00   3.1122e+02
20260913_03:00:00   1.1059e-01   2.9369e+01   5.4436e+00   0.0000e+00   0.0000e+00   3.0968e+02
20260913_06:00:00   1.1571e-01   3.0549e+01   5.9732e+00   0.0000e+00   4.2153e-04   3.0735e+02
20260913_09:00:00   1.2795e-01   3.3403e+01   7.2585e+00   0.0000e+00   9.3276e-03   3.0527e+02
20260913_12:00:00   1.3820e-01   3.5792e+01   8.2683e+00   0.0000e+00   7.8608e-02   3.0629e+02
20260913_15:00:00   1.3780e-01   3.5726e+01   8.2469e+00   0.0000e+00   6.5878e-02   3.0571e+02
20260913_18:00:00   1.3828e-01   3.5860e+01   8.2874e+00   0.0000e+00   3.5066e-02   3.0658e+02
20260913_21:00:00   1.3732e-01   3.5638e+01   8.1684e+00   0.0000e+00   2.7439e-02   3.0774e+02
20260914_00:00:00   1.3993e-01   3.6218e+01   8.3472e+00   0.0000e+00   8.5989e-02   3.0531e+02
20260914_03:00:00   1.3577e-01   3.5229e+01   7.9421e+00   0.0000e+00   6.3454e-03   3.0389e+02
20260914_06:00:00   1.3453e-01   3.4940e+01   7.7841e+00   0.0000e+00   3.8463e-03   3.0219e+02
20260914_09:00:00   1.3422e-01   3.4883e+01   7.7249e+00   0.0000e+00   1.3932e-02   3.0282e+02
20260914_12:00:00   1.3065e-01   3.4085e+01   7.3672e+00   0.0000e+00   1.0818e-03   2.9999e+02
20260914_15:00:00   1.2527e-01   3.2879e+01   6.8348e+00   0.0000e+00   9.4499e-04   2.9889e+02
20260914_18:00:00   1.2621e-01   3.3194e+01   6.9430e+00   0.0000e+00   2.5644e-04   2.9059e+02
20260914_21:00:00   1.3058e-01   3.4296e+01   7.4712e+00   2.9180e-05   1.5205e-03   2.8206e+02
20260915_00:00:00   1.2974e-01   3.4165e+01   7.6542e+00   2.4136e-05   1.2211e-02   2.6948e+02
20260915_03:00:00   1.6065e-01   4.1308e+01   8.4723e+00   3.1116e-02   2.7752e-02   2.6337e+02
20260915_06:00:00   1.4263e-01   3.7113e+01   1.0011e+01   3.1431e-05   1.2626e-01   2.5351e+02
20260915_09:00:00   1.4753e-01   3.8237e+01   1.1063e+01   0.0000e+00   4.3291e-01   2.4957e+02
20260915_12:00:00   1.5090e-01   3.9027e+01   1.1870e+01   0.0000e+00   4.2918e-01   2.4630e+02
20260915_15:00:00   1.6585e-01   4.2502e+01   1.3822e+01   0.0000e+00   4.6913e-01   2.4378e+02
20260915_18:00:00   1.7679e-01   4.5129e+01   1.5032e+01   0.0000e+00   2.0473e-01   2.4091e+02
20260915_21:00:00   1.7257e-01   4.4492e+01   1.4023e+01   6.7360e-06   5.8919e-02   2.3990e+02
20260916_00:00:00   1.7884e-01   4.6087e+01   1.4581e+01   5.2927e-04   4.5042e-02   2.3476e+02
