#            date       tau255        Tb[K]      pwv[mm] lwp[kg*m^-2] iwp[kg*m^-2]       o3[DU]
20260827_00:00:00   2.6845e-01   6.5220e+01   1.3284e+01   1.0714e-01   7.7377e-03   2.8789e+02
20260827_01:00:00   3.4474e-01   8.0230e+01   1.3544e+01   1.9040e-01   7.1737e-03   2.8868e+02
20260827_02:00:00   3.5557e-01   8.2290e+01   1.3654e+01   2.0154e-01   9.0734e-03   2.8822e+02
20260827_03:00:00   3.3027e-01   7.7488e+01   1.3726e+01   1.7248e-01   1.8872e-02   2.8631e+02
20260827_04:00:00   3.6789e-01   8.4580e+01   1.3805e+01   2.1387e-01   2.4030e-02   2.8624e+02
20260827_05:00:00   3.5135e-01   8.1492e+01   1.4025e+01   1.9364e-01   2.0637e-02   2.8470e+02
20260827_06:00:00   3.2425e-01   7.6281e+01   1.4361e+01   1.6055e-01   1.1423e-02   2.8384e+02
20260827_07:00:00   3.5063e-01   8.1293e+01   1.4678e+01   1.8737e-01   9.2829e-03   2.8449e+02
20260827_08:00:00   3.2905e-01   7.7188e+01   1.4795e+01   1.6194e-01   6.6815e-03   2.8510e+02
20260827_09:00:00   3.0643e-01   7.2830e+01   1.4608e+01   1.3799e-01   3.7613e-03   2.8388e+02
20260827_10:00:00   2.8177e-01   6.7941e+01   1.4360e+01   1.1230e-01   2.1536e-03   2.8163e+02
20260827_11:00:00   2.7105e-01   6.5781e+01   1.4299e+01   1.0062e-01   1.8223e-03   2.8004e+02
20260827_12:00:00   2.4709e-01   6.0845e+01   1.4316e+01   7.3244e-02   1.2364e-03   2.7890e+02
20260827_13:00:00   2.4105e-01   5.9594e+01   1.4472e+01   6.5119e-02   8.6713e-04   2.7864e+02
20260827_14:00:00   2.3423e-01   5.8190e+01   1.4581e+01   5.6436e-02   7.0614e-04   2.7918e+02
20260827_15:00:00   2.2972e-01   5.7266e+01   1.4502e+01   5.2228e-02   5.6924e-04   2.7880e+02
20260827_16:00:00   2.3293e-01   5.7985e+01   1.4408e+01   5.6908e-02   5.0104e-04   2.7681e+02
20260827_17:00:00   2.2020e-01   5.5302e+01   1.4296e+01   4.4046e-02   3.4181e-04   2.7583e+02
20260827_18:00:00   1.9877e-01   5.0651e+01   1.4239e+01   2.0862e-02   2.8540e-04   2.7545e+02
20260827_19:00:00   1.9203e-01   4.9195e+01   1.4125e+01   1.4855e-02   1.6809e-04   2.7614e+02
20260827_20:00:00   1.9727e-01   5.0390e+01   1.3974e+01   2.2759e-02   8.0816e-05   2.7653e+02
20260827_21:00:00   1.9815e-01   5.0603e+01   1.3864e+01   2.5100e-02   7.7500e-05   2.7635e+02
20260827_22:00:00   1.9295e-01   4.9468e+01   1.3776e+01   2.0642e-02   7.0259e-05   2.7625e+02
20260827_23:00:00   1.9336e-01   4.9563e+01   1.3737e+01   2.1982e-02   8.5000e-05   2.7588e+02
20260828_00:00:00   1.9086e-01   4.9001e+01   1.3727e+01   1.9639e-02   8.8641e-05   2.7593e+02
20260828_01:00:00   1.8464e-01   4.7593e+01   1.3758e+01   1.2654e-02   1.0492e-04   2.7591e+02
20260828_02:00:00   1.7834e-01   4.6165e+01   1.3795e+01   5.4617e-03   2.0767e-04   2.7551e+02
20260828_03:00:00   1.7509e-01   4.5409e+01   1.3843e+01   1.8425e-03   9.1909e-04   2.7587e+02
20260828_04:00:00   1.7547e-01   4.5471e+01   1.4038e+01   5.8885e-04   2.9393e-03   2.7583e+02
20260828_05:00:00   1.7754e-01   4.5924e+01   1.4287e+01   7.7484e-04   6.6567e-03   2.7659e+02
20260828_06:00:00   1.8013e-01   4.6488e+01   1.4646e+01   6.3839e-04   9.7922e-03   2.7681e+02
20260828_07:00:00   1.8211e-01   4.6916e+01   1.4986e+01   1.4852e-04   1.0469e-02   2.7722e+02
20260828_08:00:00   1.8513e-01   4.7557e+01   1.5274e+01   1.2826e-03   3.2419e-03   2.7389e+02
20260828_09:00:00   1.9098e-01   4.8827e+01   1.6018e+01   2.0598e-03   4.2466e-03   2.6867e+02
20260828_10:00:00   1.9816e-01   5.0374e+01   1.7030e+01   1.6244e-03   6.4628e-03   2.6637e+02
20260828_11:00:00   2.0152e-01   5.1120e+01   1.7396e+01   1.1961e-03   6.1166e-03   2.6620e+02
20260828_12:00:00   2.0410e-01   5.1703e+01   1.7682e+01   4.1427e-04   1.0764e-02   2.6692e+02
20260828_13:00:00   2.5448e-01   6.2465e+01   1.8284e+01   5.0692e-02   2.6985e-02   2.6676e+02
20260828_14:00:00   3.7027e-01   8.5313e+01   1.8438e+01   1.8074e-01   1.3820e-02   2.6635e+02
20260828_15:00:00   3.3807e-01   7.9212e+01   1.8604e+01   1.4259e-01   4.0686e-02   2.6623e+02
20260828_16:00:00   2.8851e-01   6.9435e+01   1.8384e+01   8.9183e-02   2.4033e-02   2.6592e+02
20260828_17:00:00   2.1179e-01   5.3353e+01   1.8067e+01   6.3524e-03   7.8004e-02   2.6624e+02
20260828_18:00:00   1.9993e-01   5.0783e+01   1.7258e+01   1.6785e-04   1.3669e-01   2.6772e+02
20260828_19:00:00   1.9842e-01   5.0492e+01   1.6955e+01   4.5329e-04   1.0466e-01   2.6836e+02
20260828_20:00:00   1.9814e-01   5.0458e+01   1.6665e+01   1.1994e-03   8.3243e-02   2.7028e+02
20260828_21:00:00   2.4441e-01   6.0420e+01   1.5915e+01   5.7752e-02   7.3833e-02   2.7198e+02
20260828_22:00:00   3.2280e-01   7.6260e+01   1.5907e+01   1.4660e-01   4.4299e-02   2.7410e+02
20260828_23:00:00   3.4314e-01   8.0146e+01   1.6017e+01   1.6789e-01   3.8547e-02   2.7707e+02
20260829_00:00:00   3.6435e-01   8.4228e+01   1.6172e+01   1.9019e-01   2.3030e-02   2.7853e+02
20260829_01:00:00   4.5043e-01   9.9897e+01   1.5939e+01   2.8964e-01   9.9779e-03   2.7893e+02
20260829_02:00:00   4.6747e-01   1.0304e+02   1.4590e+01   3.2116e-01   7.7050e-03   2.8020e+02
20260829_03:00:00   3.0698e-01   7.3515e+01   1.3992e+01   1.4548e-01   1.4837e-02   2.8100e+02
20260829_04:00:00   2.2158e-01   5.5718e+01   1.3633e+01   5.3309e-02   9.7487e-03   2.8069e+02
20260829_05:00:00   1.8393e-01   4.7340e+01   1.3318e+01   1.4655e-02   7.6778e-03   2.7973e+02
20260829_06:00:00   1.7642e-01   4.5618e+01   1.3076e+01   8.8526e-03   4.9433e-03   2.7854e+02
20260829_07:00:00   1.7092e-01   4.4338e+01   1.2845e+01   5.6900e-03   9.6626e-03   2.7607e+02
20260829_08:00:00   1.6444e-01   4.2841e+01   1.2485e+01   2.1660e-03   2.6426e-02   2.7506e+02
20260829_09:00:00   1.6429e-01   4.2786e+01   1.2516e+01   2.1788e-03   1.0256e-01   2.7514e+02
20260829_10:00:00   1.7139e-01   4.4401e+01   1.3365e+01   2.1571e-03   9.9083e-02   2.7280e+02
20260829_11:00:00   1.9075e-01   4.8732e+01   1.4653e+01   9.9678e-03   7.0594e-02   2.7378e+02
20260829_12:00:00   2.4771e-01   6.1073e+01   1.5274e+01   6.7089e-02   1.2589e-01   2.7302e+02
20260829_13:00:00   3.3649e-01   7.9070e+01   1.5383e+01   1.6646e-01   1.9219e-01   2.7395e+02
20260829_14:00:00   4.2405e-01   9.5180e+01   1.5782e+01   2.6101e-01   2.4990e-01   2.7553e+02
20260829_15:00:00   3.8812e-01   8.8655e+01   1.5391e+01   2.2343e-01   1.6569e-01   2.7414e+02
20260829_16:00:00   4.0408e-01   9.1281e+01   1.6508e+01   2.3025e-01   3.8828e-01   2.7305e+02
20260829_17:00:00   3.2458e-01   7.6542e+01   1.7421e+01   1.3086e-01   5.7823e-01   2.7334e+02
20260829_18:00:00   3.6978e-01   8.5320e+01   1.7363e+01   1.8247e-01   6.1937e-01   2.7538e+02
20260829_19:00:00   3.6134e-01   8.3803e+01   1.7223e+01   1.7406e-01   8.6631e-01   2.7557e+02
20260829_20:00:00   3.7139e-01   8.5687e+01   1.7056e+01   1.8792e-01   7.4855e-01   2.7682e+02
20260829_21:00:00   3.8464e-01   8.8158e+01   1.6666e+01   2.0614e-01   9.1250e-01   2.7895e+02
20260829_22:00:00   3.2503e-01   7.6679e+01   1.6252e+01   1.4216e-01   9.5372e-01   2.7931e+02
20260829_23:00:00   2.8564e-01   6.8755e+01   1.5815e+01   1.0170e-01   8.4186e-01   2.8342e+02
20260830_00:00:00   2.8324e-01   6.8219e+01   1.5375e+01   1.0302e-01   7.4848e-01   2.8867e+02
20260830_01:00:00   3.0718e-01   7.2996e+01   1.5051e+01   1.3356e-01   5.5477e-01   2.9093e+02
20260830_02:00:00   3.5767e-01   8.2720e+01   1.4756e+01   1.9316e-01   5.3635e-01   2.9060e+02
20260830_03:00:00   3.0910e-01   7.3256e+01   1.4541e+01   1.4012e-01   4.8513e-01   2.9403e+02
20260830_04:00:00   2.3862e-01   5.8757e+01   1.4263e+01   6.2770e-02   5.0843e-01   2.9294e+02
20260830_05:00:00   2.0424e-01   5.1314e+01   1.3946e+01   2.6605e-02   4.9830e-01   2.9317e+02
20260830_06:00:00   1.9059e-01   4.8276e+01   1.3617e+01   1.4165e-02   4.2210e-01   2.9395e+02
20260830_07:00:00   1.8989e-01   4.8138e+01   1.3291e+01   1.6923e-02   2.1793e-01   2.9656e+02
20260830_08:00:00   1.7702e-01   4.5238e+01   1.2950e+01   6.0741e-03   3.9784e-02   2.9789e+02
20260830_09:00:00   1.6923e-01   4.3486e+01   1.2403e+01   2.3963e-03   2.8815e-03   2.9931e+02
20260830_10:00:00   1.6551e-01   4.2697e+01   1.1713e+01   4.0298e-03   9.5093e-04   2.9983e+02
20260830_11:00:00   1.6938e-01   4.3659e+01   1.1114e+01   1.3143e-02   2.0653e-04   2.9827e+02
20260830_12:00:00   1.8184e-01   4.6564e+01   1.0694e+01   3.0796e-02   1.3177e-04   2.9586e+02
20260830_13:00:00   1.6740e-01   4.3327e+01   1.0504e+01   1.6728e-02   9.2830e-05   2.9372e+02
20260830_14:00:00   1.6219e-01   4.2158e+01   1.0373e+01   1.2444e-02   4.7572e-05   2.9076e+02
20260830_15:00:00   1.5638e-01   4.0867e+01   9.9575e+00   1.0182e-02   3.8776e-05   2.8971e+02
20260830_16:00:00   1.4611e-01   3.8515e+01   9.4635e+00   3.9428e-03   1.7902e-05   2.8862e+02
20260830_17:00:00   1.3751e-01   3.6536e+01   8.9178e+00   0.0000e+00   1.1152e-06   2.8817e+02
20260830_18:00:00   1.3325e-01   3.5559e+01   8.4223e+00   0.0000e+00   1.4276e-07   2.8970e+02
20260830_19:00:00   1.3011e-01   3.4835e+01   8.0584e+00   0.0000e+00   3.6540e-08   2.9035e+02
20260830_20:00:00   1.2719e-01   3.4157e+01   7.7486e+00   0.0000e+00   3.6540e-08   2.8957e+02
20260830_21:00:00   1.2463e-01   3.3560e+01   7.4737e+00   0.0000e+00   0.0000e+00   2.8917e+02
20260830_22:00:00   1.2163e-01   3.2860e+01   7.1344e+00   0.0000e+00   0.0000e+00   2.8867e+02
20260830_23:00:00   1.1866e-01   3.2154e+01   6.8408e+00   0.0000e+00   0.0000e+00   2.8647e+02
20260831_00:00:00   1.1699e-01   3.1733e+01   6.7772e+00   0.0000e+00   0.0000e+00   2.8343e+02
20260831_01:00:00   1.1634e-01   3.1543e+01   6.8217e+00   0.0000e+00   0.0000e+00   2.8113e+02
20260831_02:00:00   1.1516e-01   3.1237e+01   6.7640e+00   0.0000e+00   0.0000e+00   2.7962e+02
20260831_03:00:00   1.1414e-01   3.0977e+01   6.7206e+00   0.0000e+00   7.0160e-06   2.7998e+02
20260831_04:00:00   1.1372e-01   3.0868e+01   6.7627e+00   0.0000e+00   5.2239e-05   2.8043e+02
20260831_05:00:00   1.1389e-01   3.0884e+01   6.8763e+00   0.0000e+00   1.3187e-03   2.7937e+02
20260831_06:00:00   1.1429e-01   3.0968e+01   7.0064e+00   0.0000e+00   1.8798e-03   2.7748e+02
20260831_07:00:00   1.1493e-01   3.1098e+01   7.1755e+00   0.0000e+00   2.3972e-03   2.7532e+02
20260831_08:00:00   1.1560e-01   3.1240e+01   7.3275e+00   0.0000e+00   4.0333e-03   2.7479e+02
20260831_09:00:00   1.1633e-01   3.1403e+01   7.4755e+00   0.0000e+00   5.6470e-03   2.7538e+02
20260831_10:00:00   1.1699e-01   3.1549e+01   7.5946e+00   0.0000e+00   7.2420e-03   2.7628e+02
20260831_11:00:00   1.1758e-01   3.1688e+01   7.7046e+00   0.0000e+00   8.5594e-03   2.7636e+02
20260831_12:00:00   1.1831e-01   3.1861e+01   7.8328e+00   0.0000e+00   6.1471e-03   2.7578e+02
20260831_13:00:00   1.1961e-01   3.2162e+01   8.0146e+00   0.0000e+00   7.6970e-03   2.7489e+02
20260831_14:00:00   1.2167e-01   3.2642e+01   8.2764e+00   0.0000e+00   8.5166e-03   2.7512e+02
20260831_15:00:00   1.2429e-01   3.3261e+01   8.5875e+00   0.0000e+00   1.2492e-02   2.7611e+02
20260831_16:00:00   1.2641e-01   3.3758e+01   8.8325e+00   0.0000e+00   5.7023e-03   2.7675e+02
20260831_17:00:00   1.2870e-01   3.4294e+01   9.1029e+00   0.0000e+00   7.0005e-03   2.7686e+02
20260831_18:00:00   1.3044e-01   3.4693e+01   9.3034e+00   0.0000e+00   1.2395e-02   2.7631e+02
20260831_19:00:00   1.3166e-01   3.4977e+01   9.4618e+00   0.0000e+00   7.4782e-03   2.7637e+02
20260831_20:00:00   1.3261e-01   3.5194e+01   9.5913e+00   0.0000e+00   6.3887e-03   2.7492e+02
20260831_21:00:00   1.3357e-01   3.5409e+01   9.7112e+00   0.0000e+00   4.1625e-03   2.7452e+02
20260831_22:00:00   1.3423e-01   3.5556e+01   9.7701e+00   0.0000e+00   7.8642e-03   2.7438e+02
20260831_23:00:00   1.3490e-01   3.5696e+01   9.8889e+00   0.0000e+00   6.6833e-03   2.7469e+02
20260901_00:00:00   1.3552e-01   3.5821e+01   1.0009e+01   0.0000e+00   5.8242e-03   2.7349e+02
20260901_03:00:00   1.3614e-01   3.5921e+01   1.0101e+01   0.0000e+00   1.7776e-02   2.7237e+02
20260901_06:00:00   1.3801e-01   3.6316e+01   1.0314e+01   0.0000e+00   5.2524e-02   2.7374e+02
20260901_09:00:00   1.4076e-01   3.6934e+01   1.0571e+01   0.0000e+00   3.3020e-02   2.7447e+02
20260901_12:00:00   1.4656e-01   3.8271e+01   1.1118e+01   0.0000e+00   5.9417e-02   2.7588e+02
20260901_15:00:00   1.5309e-01   3.9783e+01   1.1762e+01   0.0000e+00   6.2668e-02   2.7619e+02
20260901_18:00:00   1.5825e-01   4.0963e+01   1.2333e+01   0.0000e+00   5.2712e-02   2.7781e+02
20260901_21:00:00   1.6272e-01   4.1972e+01   1.2791e+01   0.0000e+00   6.2134e-02   2.8139e+02
20260902_00:00:00   1.6720e-01   4.2985e+01   1.3222e+01   0.0000e+00   8.3468e-02   2.8105e+02
20260902_03:00:00   1.6865e-01   4.3309e+01   1.3257e+01   0.0000e+00   7.0779e-02   2.8092e+02
20260902_06:00:00   1.6792e-01   4.3141e+01   1.3075e+01   0.0000e+00   9.3621e-02   2.8365e+02
20260902_09:00:00   1.6641e-01   4.2775e+01   1.2921e+01   0.0000e+00   1.1011e-01   2.8395e+02
20260902_12:00:00   1.6532e-01   4.2513e+01   1.2841e+01   0.0000e+00   7.5341e-02   2.8495e+02
20260902_15:00:00   1.7085e-01   4.3760e+01   1.3354e+01   0.0000e+00   1.0207e-01   2.8284e+02
20260902_18:00:00   1.7547e-01   4.4813e+01   1.3777e+01   0.0000e+00   1.3307e-01   2.8360e+02
20260902_21:00:00   1.7852e-01   4.5481e+01   1.4097e+01   0.0000e+00   1.9209e-01   2.8511e+02
20260903_00:00:00   1.7980e-01   4.5750e+01   1.4179e+01   0.0000e+00   2.8158e-01   2.8257e+02
20260903_03:00:00   1.7861e-01   4.5466e+01   1.3994e+01   0.0000e+00   3.1211e-01   2.8676e+02
20260903_06:00:00   1.7693e-01   4.5084e+01   1.3742e+01   0.0000e+00   2.8527e-01   2.9165e+02
20260903_09:00:00   1.7487e-01   4.4673e+01   1.3466e+01   0.0000e+00   1.4605e-01   2.8704e+02
20260903_12:00:00   1.7244e-01   4.4185e+01   1.3205e+01   1.3808e-05   4.5641e-02   2.8569e+02
20260903_15:00:00   1.7374e-01   4.4524e+01   1.3327e+01   8.7060e-05   4.4761e-02   2.8618e+02
20260903_18:00:00   2.0608e-01   5.1677e+01   1.3279e+01   3.5710e-02   1.0408e-01   2.8908e+02
20260903_21:00:00   2.7685e-01   6.6560e+01   1.3321e+01   1.1342e-01   1.7489e-01   2.9483e+02
20260904_00:00:00   3.2324e-01   7.5884e+01   1.3231e+01   1.6513e-01   2.8233e-01   3.0080e+02
20260904_03:00:00   1.8998e-01   4.8285e+01   1.3040e+01   1.7416e-02   2.1444e-01   2.9664e+02
20260904_06:00:00   1.7594e-01   4.5155e+01   1.2711e+01   3.4528e-03   1.7258e-01   3.0025e+02
20260904_09:00:00   2.4799e-01   6.0940e+01   1.3127e+01   7.9729e-02   2.0794e-01   3.0565e+02
20260904_12:00:00   3.4847e-01   8.1217e+01   1.3850e+01   1.8626e-01   2.7520e-01   3.0648e+02
20260904_15:00:00   5.7209e-01   1.1954e+02   1.4513e+01   4.3421e-01   2.5673e-01   3.0191e+02
20260904_18:00:00   6.4991e-01   1.3110e+02   1.5629e+01   5.1307e-01   3.6353e-01   2.9665e+02
20260904_21:00:00   5.0159e-01   1.0820e+02   1.5767e+01   3.4457e-01   4.6362e-01   2.9453e+02
20260905_00:00:00   5.9600e-01   1.2276e+02   1.5153e+01   4.5629e-01   3.7980e-01   2.9185e+02
20260905_03:00:00   4.9101e-01   1.0630e+02   1.4338e+01   3.4547e-01   2.5287e-01   2.9200e+02
20260905_06:00:00   3.6093e-01   8.3215e+01   1.2626e+01   2.1577e-01   1.2656e-01   3.0163e+02
20260905_09:00:00   2.6562e-01   6.4484e+01   1.1750e+01   1.1800e-01   1.1860e-01   2.9988e+02
20260905_12:00:00   2.8869e-01   6.9314e+01   1.2042e+01   1.4344e-01   5.9399e-02   2.9623e+02
20260905_15:00:00   2.0868e-01   5.2591e+01   1.3239e+01   4.6646e-02   2.1254e-01   2.9079e+02
20260905_18:00:00   2.2079e-01   5.5157e+01   1.6885e+01   2.4723e-02   4.8906e-01   2.8329e+02
20260905_21:00:00   4.2022e-01   9.4358e+01   1.7635e+01   2.4264e-01   6.5897e-01   2.8139e+02
20260906_00:00:00   5.5496e-01   1.1689e+02   1.8591e+01   3.8727e-01   6.7158e-01   2.8019e+02
20260906_03:00:00   3.6540e-01   8.4585e+01   1.9512e+01   1.6644e-01   8.5626e-01   2.7846e+02
20260906_06:00:00   3.7968e-01   8.7277e+01   1.9933e+01   1.8127e-01   7.1605e-01   2.8004e+02
20260906_09:00:00   5.2551e-01   1.1249e+02   2.0087e+01   3.4549e-01   4.4195e-01   2.8574e+02
20260906_12:00:00   4.0937e-01   9.2664e+01   1.9262e+01   2.2201e-01   1.9712e-01   2.8712e+02
20260906_15:00:00   3.0983e-01   7.3954e+01   1.8399e+01   1.1575e-01   2.3749e-01   2.8597e+02
20260906_18:00:00   2.9693e-01   7.1458e+01   1.8310e+01   1.0073e-01   2.0204e-01   2.8840e+02
20260906_21:00:00   3.8614e-01   8.8725e+01   1.8141e+01   2.0223e-01   1.8764e-01   2.8330e+02
20260907_00:00:00   4.9437e-01   1.0761e+02   1.8136e+01   3.2219e-01   1.9156e-01   2.7879e+02
20260907_03:00:00   6.3687e-01   1.2929e+02   1.7986e+01   4.8316e-01   1.9455e-01   2.7403e+02
20260907_06:00:00   6.6551e-01   1.3330e+02   1.8804e+01   5.0963e-01   2.8319e-01   2.6987e+02
20260907_09:00:00   8.2711e-01   1.5423e+02   1.8857e+01   6.9413e-01   3.2862e-01   2.6686e+02
20260907_12:00:00   6.5046e-01   1.3148e+02   1.9145e+01   4.9234e-01   3.4282e-01   2.6544e+02
20260907_15:00:00   4.3857e-01   9.8253e+01   1.9244e+01   2.5044e-01   5.3619e-01   2.6501e+02
20260907_18:00:00   6.1137e-01   1.2612e+02   1.6385e+01   4.7521e-01   8.2681e-02   2.7594e+02
20260907_21:00:00   5.9092e-01   1.2309e+02   1.3473e+01   4.7501e-01   1.4315e-03   2.7848e+02
20260908_00:00:00   7.8225e-01   1.4919e+02   1.4516e+01   6.8185e-01   7.5051e-02   2.8430e+02
20260908_03:00:00   5.9782e-01   1.2412e+02   1.5061e+01   4.6908e-01   2.3799e-02   2.8695e+02
20260908_06:00:00   3.3520e-01   7.8950e+01   1.5816e+01   1.6365e-01   2.1182e-01   2.8623e+02
20260908_09:00:00   6.7327e-01   1.3450e+02   1.5500e+01   5.4726e-01   4.8809e-01   2.8344e+02
20260908_12:00:00   7.6195e-01   1.4634e+02   1.4487e+01   6.5766e-01   3.1312e-01   2.8611e+02
20260908_15:00:00   8.2203e-01   1.5302e+02   1.3228e+01   7.3329e-01   2.1106e-01   2.8539e+02
20260908_18:00:00   1.5318e-01   3.9881e+01   9.1916e+00   1.7388e-02   1.1716e-01   2.8685e+02
20260908_21:00:00   1.7880e-01   4.5762e+01   8.8814e+00   4.6343e-02   4.9835e-02   2.8601e+02
20260909_00:00:00   1.4751e-01   3.8467e+01   8.8603e+00   1.1435e-02   8.9312e-02   2.8647e+02
20260909_03:00:00   1.4358e-01   3.7499e+01   8.4935e+00   1.0002e-02   6.2299e-02   2.8919e+02
20260909_06:00:00   1.5803e-01   4.0743e+01   9.9693e+00   1.1896e-02   3.5497e-02   2.8928e+02
20260909_09:00:00   2.3593e-01   5.7782e+01   1.0755e+01   9.0320e-02   1.0047e-01   2.8977e+02
20260909_12:00:00   1.5827e-01   4.0721e+01   1.0785e+01   2.6894e-03   7.2403e-02   2.9263e+02
20260909_15:00:00   1.5198e-01   3.9317e+01   1.0437e+01   0.0000e+00   4.4259e-02   2.9423e+02
20260909_18:00:00   1.4827e-01   3.8474e+01   1.0037e+01   2.4580e-04   7.9039e-02   2.9683e+02
20260909_21:00:00   1.4616e-01   3.7978e+01   9.8787e+00   0.0000e+00   2.1798e-02   2.9337e+02
20260910_00:00:00   1.4641e-01   3.8000e+01   9.8429e+00   0.0000e+00   2.0592e-02   2.8917e+02
20260910_03:00:00   1.4511e-01   3.7681e+01   9.6230e+00   3.6117e-04   7.7798e-03   2.8519e+02
20260910_06:00:00   1.5356e-01   3.9630e+01   9.4064e+00   1.2001e-02   9.9738e-03   2.8768e+02
20260910_09:00:00   1.3900e-01   3.6271e+01   8.9128e+00   1.1151e-03   1.1243e-03   2.9145e+02
20260910_12:00:00   1.3309e-01   3.4914e+01   8.4382e+00   0.0000e+00   5.2075e-04   2.9133e+02
20260910_15:00:00   1.2634e-01   3.3394e+01   7.7519e+00   0.0000e+00   8.7599e-05   2.9686e+02
20260910_18:00:00   1.1644e-01   3.1122e+01   6.7085e+00   0.0000e+00   3.2045e-05   3.0139e+02
20260910_21:00:00   1.0195e-01   2.7719e+01   5.0264e+00   0.0000e+00   2.9240e-07   3.0526e+02
20260911_00:00:00   9.2353e-02   2.5425e+01   3.8636e+00   0.0000e+00   0.0000e+00   3.0502e+02
20260911_03:00:00   8.8893e-02   2.4606e+01   3.4329e+00   0.0000e+00   0.0000e+00   3.0438e+02
20260911_06:00:00   8.8304e-02   2.4488e+01   3.3865e+00   0.0000e+00   0.0000e+00   3.0571e+02
20260911_09:00:00   8.9059e-02   2.4684e+01   3.4972e+00   0.0000e+00   0.0000e+00   3.0638e+02
20260911_12:00:00   9.0055e-02   2.4940e+01   3.6320e+00   0.0000e+00   0.0000e+00   3.0641e+02
20260911_15:00:00   9.2216e-02   2.5453e+01   3.8552e+00   0.0000e+00   0.0000e+00   3.0076e+02
20260911_18:00:00   9.1561e-02   2.5302e+01   3.7588e+00   0.0000e+00   0.0000e+00   2.9892e+02
20260911_21:00:00   9.2708e-02   2.5578e+01   3.8855e+00   0.0000e+00   0.0000e+00   3.0426e+02
20260912_00:00:00   9.4696e-02   2.6034e+01   4.1430e+00   0.0000e+00   0.0000e+00   3.0586e+02
