#            date       tau255        Tb[K]      pwv[mm] lwp[kg*m^-2] iwp[kg*m^-2]       o3[DU]
20260914_12:00:00   1.2589e-01   3.3203e+01   6.9016e+00   5.2700e-05   3.0552e-03   3.0009e+02
20260914_13:00:00   1.2520e-01   3.3054e+01   6.8015e+00   2.7497e-04   1.9099e-03   3.0059e+02
20260914_14:00:00   1.2474e-01   3.2963e+01   6.7057e+00   8.4039e-04   1.4410e-03   3.0148e+02
20260914_15:00:00   1.2446e-01   3.2901e+01   6.7114e+00   1.1359e-03   6.1612e-04   3.0002e+02
20260914_16:00:00   1.2541e-01   3.3102e+01   6.9795e+00   9.4317e-04   2.8106e-04   2.9723e+02
20260914_17:00:00   1.2654e-01   3.3342e+01   7.3500e+00   0.0000e+00   1.2008e-04   2.9573e+02
20260914_18:00:00   1.2790e-01   3.3646e+01   7.6250e+00   0.0000e+00   2.6129e-05   2.9469e+02
20260914_19:00:00   1.2843e-01   3.3772e+01   7.7732e+00   0.0000e+00   3.4064e-05   2.9201e+02
20260914_20:00:00   1.2879e-01   3.3859e+01   7.8922e+00   0.0000e+00   3.9570e-05   2.9013e+02
20260914_21:00:00   1.2910e-01   3.3923e+01   8.0013e+00   0.0000e+00   1.8387e-04   2.9143e+02
20260914_22:00:00   1.2918e-01   3.3931e+01   8.0839e+00   0.0000e+00   2.1985e-03   2.9141e+02
20260914_23:00:00   1.2927e-01   3.3950e+01   8.1373e+00   0.0000e+00   2.0309e-03   2.9073e+02
20260915_00:00:00   1.2922e-01   3.3937e+01   8.1579e+00   0.0000e+00   1.6641e-03   2.9187e+02
20260915_01:00:00   1.2916e-01   3.3925e+01   8.1689e+00   0.0000e+00   1.1633e-03   2.9296e+02
20260915_02:00:00   1.2900e-01   3.3899e+01   8.1645e+00   0.0000e+00   2.1364e-04   2.9446e+02
20260915_03:00:00   1.2868e-01   3.3840e+01   8.1351e+00   0.0000e+00   5.4168e-05   2.9385e+02
20260915_04:00:00   1.2836e-01   3.3783e+01   8.1069e+00   0.0000e+00   5.3026e-05   2.9273e+02
20260915_05:00:00   1.2818e-01   3.3755e+01   8.1044e+00   0.0000e+00   4.7478e-05   2.9115e+02
20260915_06:00:00   1.2813e-01   3.3754e+01   8.1464e+00   0.0000e+00   7.5060e-05   2.8938e+02
20260915_07:00:00   1.2839e-01   3.3818e+01   8.2446e+00   0.0000e+00   1.8586e-04   2.8789e+02
20260915_08:00:00   1.2877e-01   3.3906e+01   8.3430e+00   0.0000e+00   1.0542e-03   2.8755e+02
20260915_09:00:00   1.2885e-01   3.3932e+01   8.3966e+00   0.0000e+00   2.4520e-03   2.8940e+02
20260915_10:00:00   1.2904e-01   3.3988e+01   8.4506e+00   0.0000e+00   5.0543e-03   2.8910e+02
20260915_11:00:00   1.2959e-01   3.4119e+01   8.5323e+00   0.0000e+00   1.1377e-02   2.9110e+02
20260915_12:00:00   1.3026e-01   3.4282e+01   8.6253e+00   0.0000e+00   2.1583e-02   2.9236e+02
20260915_13:00:00   1.3102e-01   3.4465e+01   8.7284e+00   0.0000e+00   3.4372e-02   2.9134e+02
20260915_14:00:00   1.3224e-01   3.4753e+01   8.8757e+00   0.0000e+00   5.2600e-02   2.8613e+02
20260915_15:00:00   1.3371e-01   3.5095e+01   9.0402e+00   0.0000e+00   7.0757e-02   2.8253e+02
20260915_16:00:00   1.3499e-01   3.5402e+01   9.2056e+00   0.0000e+00   5.4481e-02   2.8256e+02
20260915_17:00:00   1.3598e-01   3.5637e+01   9.3258e+00   0.0000e+00   4.9488e-02   2.8329e+02
20260915_18:00:00   1.3665e-01   3.5803e+01   9.4180e+00   0.0000e+00   3.9710e-02   2.8469e+02
20260915_19:00:00   1.3683e-01   3.5860e+01   9.4582e+00   0.0000e+00   2.5626e-02   2.8665e+02
20260915_20:00:00   1.3666e-01   3.5827e+01   9.4571e+00   0.0000e+00   1.5741e-02   2.8955e+02
20260915_21:00:00   1.3615e-01   3.5720e+01   9.4130e+00   0.0000e+00   7.4592e-03   2.8650e+02
20260915_22:00:00   1.3573e-01   3.5637e+01   9.3747e+00   0.0000e+00   2.5610e-03   2.8449e+02
20260915_23:00:00   1.3547e-01   3.5585e+01   9.3589e+00   0.0000e+00   2.4505e-03   2.8424e+02
20260916_00:00:00   1.3526e-01   3.5540e+01   9.3508e+00   0.0000e+00   2.4453e-03   2.8596e+02
20260916_01:00:00   1.3506e-01   3.5501e+01   9.3567e+00   0.0000e+00   1.5085e-03   2.8833e+02
20260916_02:00:00   1.3459e-01   3.5398e+01   9.3343e+00   0.0000e+00   1.2177e-03   2.8661e+02
20260916_03:00:00   1.3370e-01   3.5203e+01   9.2502e+00   0.0000e+00   7.8731e-05   2.7483e+02
20260916_04:00:00   1.3263e-01   3.4966e+01   9.1406e+00   0.0000e+00   3.3628e-04   2.7615e+02
20260916_05:00:00   1.3138e-01   3.4683e+01   9.0061e+00   0.0000e+00   7.7420e-04   2.7990e+02
20260916_06:00:00   1.3026e-01   3.4422e+01   8.8836e+00   0.0000e+00   1.3611e-03   2.8745e+02
20260916_07:00:00   1.2884e-01   3.4097e+01   8.7199e+00   0.0000e+00   2.6039e-03   2.9202e+02
20260916_08:00:00   1.2729e-01   3.3751e+01   8.5245e+00   0.0000e+00   4.0908e-03   2.8762e+02
20260916_09:00:00   1.2495e-01   3.3228e+01   8.1893e+00   0.0000e+00   4.2592e-03   2.9084e+02
20260916_10:00:00   1.2312e-01   3.2823e+01   7.9020e+00   0.0000e+00   3.0165e-03   2.9272e+02
20260916_11:00:00   1.2169e-01   3.2495e+01   7.6675e+00   0.0000e+00   2.7301e-03   2.9363e+02
20260916_12:00:00   1.2074e-01   3.2271e+01   7.4999e+00   0.0000e+00   2.4122e-03   2.9578e+02
20260916_13:00:00   1.2028e-01   3.2152e+01   7.3938e+00   0.0000e+00   4.2500e-03   2.9730e+02
20260916_14:00:00   1.2048e-01   3.2186e+01   7.3783e+00   0.0000e+00   5.6226e-03   3.0132e+02
20260916_15:00:00   1.2140e-01   3.2385e+01   7.4618e+00   0.0000e+00   8.8176e-03   3.0237e+02
20260916_16:00:00   1.2317e-01   3.2780e+01   7.6482e+00   0.0000e+00   1.3217e-02   2.9788e+02
20260916_17:00:00   1.2521e-01   3.3243e+01   7.8662e+00   0.0000e+00   2.0606e-02   2.8658e+02
20260916_18:00:00   1.2679e-01   3.3598e+01   8.0397e+00   0.0000e+00   2.1826e-02   2.7955e+02
20260916_19:00:00   1.3134e-01   3.4643e+01   8.5224e+00   0.0000e+00   2.0653e-02   2.7714e+02
20260916_20:00:00   1.3929e-01   3.6481e+01   9.3209e+00   0.0000e+00   2.0931e-02   2.7734e+02
20260916_21:00:00   1.4623e-01   3.8056e+01   9.9610e+00   3.7042e-04   3.1738e-02   2.7817e+02
20260916_22:00:00   1.5171e-01   3.9287e+01   1.0389e+01   1.3513e-03   6.4842e-02   2.8049e+02
20260916_23:00:00   1.5331e-01   3.9625e+01   1.0626e+01   3.8205e-04   8.0267e-02   2.8178e+02
20260917_00:00:00   1.5375e-01   3.9704e+01   1.0774e+01   2.2041e-05   7.3348e-02   2.8143e+02
20260917_01:00:00   1.5500e-01   3.9960e+01   1.0962e+01   0.0000e+00   9.6676e-02   2.8182e+02
20260917_02:00:00   1.5655e-01   4.0293e+01   1.1118e+01   0.0000e+00   1.2570e-01   2.8486e+02
20260917_03:00:00   1.5726e-01   4.0445e+01   1.1181e+01   0.0000e+00   1.2223e-01   2.8705e+02
20260917_04:00:00   1.5744e-01   4.0484e+01   1.1200e+01   0.0000e+00   1.1697e-01   2.9293e+02
20260917_05:00:00   1.5712e-01   4.0405e+01   1.1148e+01   0.0000e+00   1.3718e-01   2.9665e+02
20260917_06:00:00   1.5683e-01   4.0342e+01   1.1133e+01   0.0000e+00   1.0975e-01   2.9737e+02
20260917_07:00:00   1.5631e-01   4.0224e+01   1.1086e+01   0.0000e+00   8.8578e-02   2.9664e+02
20260917_08:00:00   1.5617e-01   4.0186e+01   1.1060e+01   0.0000e+00   9.8113e-02   2.9822e+02
20260917_09:00:00   1.5596e-01   4.0138e+01   1.1029e+01   0.0000e+00   7.9113e-02   2.9817e+02
20260917_10:00:00   1.5558e-01   4.0054e+01   1.0999e+01   0.0000e+00   5.1074e-02   2.9739e+02
20260917_11:00:00   1.5506e-01   3.9940e+01   1.0950e+01   0.0000e+00   3.6178e-02   2.9185e+02
20260917_12:00:00   1.5451e-01   3.9825e+01   1.0906e+01   0.0000e+00   1.7598e-02   2.8688e+02
20260917_13:00:00   1.5351e-01   3.9612e+01   1.0819e+01   0.0000e+00   5.3957e-03   2.8585e+02
20260917_14:00:00   1.5287e-01   3.9479e+01   1.0750e+01   0.0000e+00   5.3647e-03   2.8552e+02
20260917_15:00:00   1.5273e-01   3.9457e+01   1.0734e+01   3.3680e-06   4.4298e-03   2.8619e+02
20260917_16:00:00   1.5237e-01   3.9382e+01   1.0676e+01   0.0000e+00   4.4686e-03   2.8946e+02
20260917_17:00:00   1.5149e-01   3.9189e+01   1.0572e+01   0.0000e+00   1.7319e-03   2.9277e+02
20260917_18:00:00   1.5041e-01   3.8951e+01   1.0458e+01   6.1980e-05   4.3858e-04   2.9312e+02
20260917_19:00:00   1.4947e-01   3.8747e+01   1.0296e+01   6.5826e-04   1.8971e-04   2.9078e+02
20260917_20:00:00   1.4855e-01   3.8552e+01   1.0108e+01   1.4284e-03   1.4452e-04   2.8988e+02
20260917_21:00:00   1.4792e-01   3.8423e+01   9.9625e+00   2.1542e-03   1.8502e-04   2.8903e+02
20260917_22:00:00   1.4571e-01   3.7932e+01   9.7134e+00   2.1924e-03   1.5621e-04   2.8790e+02
20260917_23:00:00   1.4158e-01   3.6994e+01   9.4479e+00   3.7180e-04   9.4486e-05   2.8599e+02
20260918_00:00:00   1.3916e-01   3.6450e+01   9.1941e+00   1.4082e-04   7.5156e-05   2.8365e+02
20260918_01:00:00   1.3673e-01   3.5909e+01   8.9367e+00   4.8558e-05   7.5690e-05   2.8170e+02
20260918_02:00:00   1.3473e-01   3.5459e+01   8.7017e+00   1.6398e-04   5.8690e-05   2.7923e+02
20260918_03:00:00   1.3246e-01   3.4948e+01   8.4486e+00   2.3646e-04   4.0409e-05   2.7673e+02
20260918_04:00:00   1.3032e-01   3.4465e+01   8.2201e+00   1.9336e-04   2.2561e-05   2.7444e+02
20260918_05:00:00   1.2843e-01   3.4032e+01   8.0074e+00   6.5280e-05   1.2280e-05   2.7330e+02
20260918_06:00:00   1.2690e-01   3.3683e+01   7.8317e+00   0.0000e+00   1.0610e-05   2.7255e+02
20260918_07:00:00   1.2527e-01   3.3307e+01   7.6299e+00   0.0000e+00   5.4704e-06   2.7194e+02
20260918_08:00:00   1.2386e-01   3.2981e+01   7.4658e+00   0.0000e+00   4.2342e-06   2.7208e+02
20260918_09:00:00   1.2235e-01   3.2631e+01   7.2913e+00   0.0000e+00   7.0903e-06   2.7211e+02
20260918_10:00:00   1.2067e-01   3.2242e+01   7.0911e+00   0.0000e+00   2.8327e-06   2.7190e+02
20260918_11:00:00   1.1869e-01   3.1784e+01   6.8663e+00   0.0000e+00   2.8639e-06   2.7151e+02
20260918_12:00:00   1.1707e-01   3.1408e+01   6.6825e+00   0.0000e+00   2.2831e-06   2.7161e+02
20260918_13:00:00   1.1584e-01   3.1119e+01   6.5391e+00   0.0000e+00   2.2832e-06   2.7161e+02
20260918_14:00:00   1.1479e-01   3.0875e+01   6.4253e+00   0.0000e+00   2.1765e-06   2.7189e+02
20260918_15:00:00   1.1421e-01   3.0737e+01   6.3718e+00   0.0000e+00   8.7700e-07   2.7201e+02
20260918_16:00:00   1.1366e-01   3.0602e+01   6.3184e+00   0.0000e+00   6.5240e-07   2.7137e+02
20260918_17:00:00   1.1357e-01   3.0576e+01   6.3170e+00   0.0000e+00   0.0000e+00   2.7023e+02
20260918_18:00:00   1.1325e-01   3.0493e+01   6.2995e+00   0.0000e+00   7.9560e-06   2.6839e+02
20260918_19:00:00   1.1325e-01   3.0476e+01   6.3164e+00   0.0000e+00   1.6914e-05   2.6679e+02
20260918_20:00:00   1.1367e-01   3.0549e+01   6.3653e+00   0.0000e+00   6.7884e-04   2.6622e+02
20260918_21:00:00   1.1410e-01   3.0620e+01   6.3934e+00   0.0000e+00   2.8342e-03   2.6577e+02
20260918_22:00:00   1.1413e-01   3.0601e+01   6.3903e+00   0.0000e+00   6.6876e-03   2.6577e+02
20260918_23:00:00   1.1425e-01   3.0609e+01   6.4172e+00   0.0000e+00   1.7668e-02   2.6525e+02
20260919_00:00:00   1.1569e-01   3.0912e+01   6.6072e+00   0.0000e+00   3.0786e-02   2.6572e+02
20260919_01:00:00   1.1763e-01   3.1339e+01   6.8378e+00   0.0000e+00   3.2521e-02   2.6586e+02
20260919_02:00:00   1.2055e-01   3.2004e+01   7.1868e+00   0.0000e+00   3.1930e-02   2.6509e+02
20260919_03:00:00   1.2472e-01   3.2949e+01   7.6813e+00   0.0000e+00   2.3650e-02   2.6429e+02
20260919_04:00:00   1.2863e-01   3.3839e+01   8.1023e+00   2.2574e-04   1.8845e-02   2.6403e+02
20260919_05:00:00   1.3278e-01   3.4783e+01   8.5284e+00   6.8346e-04   1.5815e-02   2.6433e+02
20260919_06:00:00   1.3576e-01   3.5461e+01   8.7991e+00   1.1436e-03   1.4081e-02   2.6461e+02
20260919_07:00:00   1.3846e-01   3.6074e+01   9.0399e+00   1.5070e-03   1.2471e-02   2.6531e+02
20260919_08:00:00   1.4176e-01   3.6824e+01   9.2977e+00   2.2823e-03   1.2736e-02   2.6644e+02
20260919_09:00:00   1.4336e-01   3.7188e+01   9.4481e+00   2.2521e-03   1.3167e-02   2.6745e+02
20260919_10:00:00   1.4428e-01   3.7400e+01   9.5040e+00   2.5574e-03   1.2528e-02   2.6886e+02
20260919_11:00:00   1.4454e-01   3.7452e+01   9.4514e+00   3.1703e-03   1.3488e-02   2.6981e+02
20260919_12:00:00   1.4402e-01   3.7331e+01   9.4265e+00   2.7086e-03   1.4078e-02   2.6999e+02
20260919_15:00:00   1.4257e-01   3.6998e+01   9.3955e+00   1.0753e-03   1.8183e-02   2.7133e+02
20260919_18:00:00   1.4097e-01   3.6617e+01   9.2840e+00   9.5640e-06   3.4114e-02   2.7239e+02
20260919_21:00:00   1.4133e-01   3.6677e+01   9.2735e+00   8.2580e-05   5.6346e-02   2.7389e+02
20260920_00:00:00   1.4276e-01   3.6977e+01   9.3973e+00   0.0000e+00   4.7303e-02   2.7667e+02
20260920_03:00:00   1.4331e-01   3.7084e+01   9.4405e+00   0.0000e+00   3.1883e-02   2.7917e+02
20260920_06:00:00   1.4313e-01   3.7030e+01   9.3862e+00   0.0000e+00   3.2259e-02   2.8142e+02
20260920_09:00:00   1.4379e-01   3.7170e+01   9.2840e+00   0.0000e+00   1.0623e-01   2.8634e+02
20260920_12:00:00   1.4029e-01   3.6403e+01   8.7350e+00   0.0000e+00   3.7274e-02   2.9042e+02
20260920_15:00:00   1.3708e-01   3.5692e+01   8.3004e+00   0.0000e+00   6.5910e-03   2.9616e+02
20260920_18:00:00   1.3556e-01   3.5344e+01   8.0421e+00   0.0000e+00   6.5134e-03   2.9367e+02
20260920_21:00:00   1.3370e-01   3.4923e+01   7.7854e+00   0.0000e+00   4.3775e-04   2.9711e+02
20260921_00:00:00   1.2972e-01   3.3998e+01   7.3121e+00   2.2460e-06   7.0813e-05   2.9398e+02
20260921_03:00:00   1.2609e-01   3.3162e+01   6.8866e+00   0.0000e+00   6.2334e-05   2.9524e+02
20260921_06:00:00   1.2046e-01   3.1882e+01   6.2678e+00   0.0000e+00   2.1159e-05   2.9562e+02
20260921_09:00:00   1.1414e-01   3.0424e+01   5.5648e+00   0.0000e+00   1.1241e-05   2.9411e+02
20260921_12:00:00   1.0693e-01   2.8783e+01   4.7640e+00   0.0000e+00   8.8220e-07   2.9781e+02
20260921_15:00:00   1.0244e-01   2.7772e+01   4.3247e+00   0.0000e+00   0.0000e+00   2.9858e+02
20260921_18:00:00   9.9929e-02   2.7219e+01   4.1507e+00   0.0000e+00   0.0000e+00   2.9887e+02
20260921_21:00:00   9.7651e-02   2.6710e+01   4.0367e+00   0.0000e+00   0.0000e+00   2.8938e+02
20260922_00:00:00   9.6692e-02   2.6495e+01   4.1282e+00   0.0000e+00   0.0000e+00   2.8302e+02
20260922_03:00:00   9.9249e-02   2.7118e+01   4.6925e+00   0.0000e+00   0.0000e+00   2.8401e+02
20260922_06:00:00   1.0286e-01   2.7989e+01   5.3582e+00   0.0000e+00   2.0130e-03   2.8762e+02
20260922_09:00:00   1.0241e-01   2.7917e+01   5.3197e+00   0.0000e+00   1.4972e-02   2.9192e+02
20260922_12:00:00   1.0313e-01   2.8099e+01   5.4693e+00   0.0000e+00   5.5678e-03   2.9134e+02
20260922_15:00:00   1.0701e-01   2.8986e+01   5.9862e+00   0.0000e+00   1.4678e-03   2.9571e+02
20260922_18:00:00   1.1151e-01   3.0046e+01   6.3919e+00   0.0000e+00   1.2331e-03   2.9980e+02
20260922_21:00:00   1.1433e-01   3.0666e+01   6.6980e+00   0.0000e+00   3.1709e-03   3.0328e+02
20260923_00:00:00   1.1493e-01   3.0727e+01   6.8191e+00   0.0000e+00   1.4299e-02   3.0759e+02
20260923_03:00:00   1.1021e-01   2.9615e+01   6.1576e+00   0.0000e+00   6.9304e-03   3.0779e+02
20260923_06:00:00   1.1006e-01   2.9566e+01   6.0224e+00   0.0000e+00   6.0646e-03   3.0652e+02
20260923_09:00:00   1.1667e-01   3.1113e+01   6.8207e+00   0.0000e+00   3.0696e-03   3.0514e+02
20260923_12:00:00   1.2517e-01   3.3118e+01   7.7807e+00   0.0000e+00   1.7877e-04   3.1224e+02
20260923_15:00:00   1.2646e-01   3.3487e+01   7.7942e+00   0.0000e+00   1.8070e-05   3.1354e+02
20260923_18:00:00   1.2721e-01   3.3701e+01   7.9220e+00   0.0000e+00   1.7688e-04   3.2052e+02
20260923_21:00:00   1.2657e-01   3.3611e+01   7.9236e+00   0.0000e+00   1.1240e-05   3.1965e+02
20260924_00:00:00   1.2850e-01   3.4098e+01   8.2673e+00   0.0000e+00   7.9296e-05   3.1104e+02
20260924_03:00:00   1.2406e-01   3.3135e+01   7.8546e+00   0.0000e+00   3.9106e-03   3.1529e+02
20260924_06:00:00   1.1781e-01   3.1629e+01   7.5891e+00   0.0000e+00   4.8613e-03   3.1349e+02
20260924_09:00:00   1.2353e-01   3.2942e+01   8.7006e+00   0.0000e+00   2.1377e-01   3.1267e+02
20260924_12:00:00   1.4072e-01   3.6893e+01   1.0959e+01   0.0000e+00   3.7240e-01   3.1356e+02
20260924_15:00:00   1.5498e-01   4.0187e+01   1.2680e+01   0.0000e+00   1.8889e-01   3.2123e+02
20260924_18:00:00   1.7061e-01   4.3770e+01   1.4315e+01   0.0000e+00   4.4019e-01   3.1949e+02
20260924_21:00:00   2.0780e-01   5.2005e+01   1.5551e+01   2.6215e-02   5.2094e-01   3.1944e+02
20260925_00:00:00   2.2385e-01   5.5549e+01   1.5634e+01   4.3125e-02   5.0150e-01   3.2402e+02
20260925_03:00:00   2.7973e-01   6.7063e+01   1.5131e+01   1.0939e-01   5.5678e-01   3.2748e+02
20260925_06:00:00   1.8573e-01   4.7155e+01   1.4343e+01   1.0102e-02   6.4619e-01   3.3062e+02
20260925_09:00:00   1.7409e-01   4.4542e+01   1.3813e+01   1.1798e-03   5.0763e-01   3.4081e+02
20260925_12:00:00   1.6681e-01   4.2879e+01   1.3013e+01   2.1600e-05   3.2548e-01   3.5122e+02
20260925_15:00:00   1.6050e-01   4.1462e+01   1.1968e+01   3.8160e-05   1.0174e-01   3.5867e+02
20260925_18:00:00   1.8543e-01   4.7157e+01   1.0940e+01   3.4676e-02   1.1614e-02   3.5940e+02
20260925_21:00:00   3.0272e-01   7.1661e+01   1.1906e+01   1.5479e-01   1.8540e-01   3.5959e+02
20260926_00:00:00   2.3503e-01   5.7808e+01   1.1793e+01   7.8165e-02   3.6467e-01   3.6613e+02
20260926_03:00:00   4.8448e-01   1.0463e+02   1.1441e+01   3.6181e-01   2.0425e-01   3.6379e+02
20260926_06:00:00   2.5374e-01   6.1637e+01   1.0976e+01   1.0667e-01   1.9231e-01   3.5928e+02
20260926_09:00:00   1.9940e-01   4.9928e+01   1.0639e+01   4.8121e-02   2.3079e-01   3.6085e+02
20260926_12:00:00   1.5697e-01   4.0304e+01   1.0590e+01   3.8526e-04   2.1134e-01   3.6527e+02
20260926_15:00:00   1.5861e-01   4.0740e+01   1.0038e+01   7.9762e-03   1.8944e-02   3.6500e+02
20260926_18:00:00   1.6117e-01   4.1414e+01   9.1315e+00   1.8517e-02   9.3930e-03   3.6003e+02
20260926_21:00:00   1.5661e-01   4.0416e+01   8.6943e+00   1.8483e-02   1.1329e-02   3.5829e+02
20260927_00:00:00   1.3776e-01   3.6100e+01   8.4351e+00   9.6346e-04   1.6643e-02   3.4566e+02
20260927_03:00:00   1.3976e-01   3.6517e+01   8.6764e+00   2.7461e-03   3.7463e-02   3.4752e+02
20260927_06:00:00   1.4023e-01   3.6578e+01   9.2641e+00   4.9760e-05   1.6045e-01   3.4718e+02
20260927_09:00:00   1.4865e-01   3.8512e+01   1.0497e+01   5.3880e-05   3.4986e-01   3.5045e+02
20260927_12:00:00   1.5284e-01   3.9455e+01   1.1120e+01   0.0000e+00   5.8699e-01   3.4063e+02
20260927_15:00:00   1.6051e-01   4.1214e+01   1.2207e+01   0.0000e+00   7.9508e-01   3.3721e+02
20260927_18:00:00   1.7055e-01   4.3583e+01   1.3256e+01   6.6723e-03   7.4893e-01   3.3111e+02
20260927_21:00:00   1.9705e-01   4.9566e+01   1.4690e+01   2.6207e-02   9.0082e-01   3.2641e+02
20260928_00:00:00   1.8063e-01   4.6165e+01   1.5356e+01   2.6191e-03   9.2700e-01   3.2513e+02
20260928_03:00:00   1.8000e-01   4.6073e+01   1.5438e+01   1.9247e-03   6.6215e-01   3.2460e+02
20260928_06:00:00   1.8280e-01   4.6698e+01   1.5400e+01   5.6920e-03   8.8499e-01   3.1909e+02
20260928_09:00:00   1.8852e-01   4.8035e+01   1.5362e+01   1.1006e-02   6.3058e-01   3.2621e+02
20260928_12:00:00   2.3376e-01   5.7802e+01   1.5446e+01   5.5120e-02   9.0231e-01   3.3154e+02
20260928_15:00:00   2.8027e-01   6.7518e+01   1.3469e+01   1.2496e-01   3.0862e-01   3.4693e+02
20260928_18:00:00   2.6689e-01   6.4893e+01   1.1980e+01   1.2361e-01   1.1930e-01   3.5234e+02
20260928_21:00:00   1.8398e-01   4.6727e+01   1.1986e+01   2.8130e-02   3.0184e-01   3.4555e+02
20260929_00:00:00   1.7584e-01   4.4808e+01   1.1791e+01   1.9183e-02   3.1960e-01   3.3674e+02
20260929_03:00:00   1.7823e-01   4.5214e+01   1.0912e+01   2.8117e-02   3.3464e-01   3.2463e+02
20260929_06:00:00   1.4671e-01   3.8081e+01   9.4578e+00   7.0091e-03   5.9352e-03   3.2441e+02
20260929_09:00:00   1.3595e-01   3.5579e+01   8.7039e+00   1.2668e-04   3.0029e-03   3.3147e+02
20260929_12:00:00   1.3797e-01   3.6001e+01   8.8456e+00   0.0000e+00   1.7509e-02   3.3350e+02
20260929_15:00:00   1.3313e-01   3.4851e+01   8.4050e+00   0.0000e+00   8.2725e-03   3.3661e+02
20260929_18:00:00   1.3441e-01   3.5111e+01   8.5811e+00   0.0000e+00   4.2128e-03   3.3766e+02
20260929_21:00:00   1.3629e-01   3.5506e+01   8.6144e+00   0.0000e+00   5.8913e-02   3.3584e+02
20260930_00:00:00   1.4166e-01   3.6699e+01   8.5541e+00   4.4384e-03   5.0905e-02   3.3565e+02
20260930_03:00:00   1.4528e-01   3.7398e+01   8.8454e+00   4.1630e-03   1.8877e-01   3.3372e+02
20260930_06:00:00   1.3802e-01   3.5741e+01   8.3869e+00   0.0000e+00   8.7700e-02   3.3873e+02
20260930_09:00:00   1.4045e-01   3.6272e+01   8.1800e+00   3.6882e-03   9.0396e-02   3.4354e+02
20260930_12:00:00   1.3764e-01   3.5595e+01   8.0598e+00   0.0000e+00   1.2928e-01   3.3584e+02
