#            date       tau255        Tb[K]      pwv[mm] lwp[kg*m^-2] iwp[kg*m^-2]       o3[DU]
20260906_18:00:00   5.5187e-01   1.1634e+02   1.6467e+01   4.0385e-01   7.1664e-01   2.9324e+02
20260906_19:00:00   5.9204e-01   1.2243e+02   1.6720e+01   4.4701e-01   7.0771e-01   2.9314e+02
20260906_20:00:00   4.2829e-01   9.5761e+01   1.6830e+01   2.6045e-01   7.3893e-01   2.9357e+02
20260906_21:00:00   5.2793e-01   1.1247e+02   1.6769e+01   3.7336e-01   8.3594e-01   2.9427e+02
20260906_22:00:00   6.2369e-01   1.2685e+02   1.6751e+01   4.8093e-01   8.0837e-01   2.9642e+02
20260906_23:00:00   6.2437e-01   1.2695e+02   1.6806e+01   4.8078e-01   9.0211e-01   2.9755e+02
20260907_00:00:00   5.4994e-01   1.1571e+02   1.6660e+01   3.9781e-01   9.0132e-01   2.9775e+02
20260907_01:00:00   7.5577e-01   1.4478e+02   1.6305e+01   6.3366e-01   6.4669e-01   2.9935e+02
20260907_02:00:00   7.6158e-01   1.4574e+02   1.4682e+01   6.5589e-01   2.6860e-01   3.0374e+02
20260907_03:00:00   5.1509e-01   1.1093e+02   1.2122e+01   4.0108e-01   7.8158e-02   3.0939e+02
20260907_04:00:00   8.6493e-01   1.5842e+02   1.2165e+01   7.9356e-01   1.9986e-02   3.1475e+02
20260907_05:00:00   3.9994e-01   9.1330e+01   8.5279e+00   3.0250e-01   1.0471e-03   3.2059e+02
20260907_06:00:00   2.5604e-01   6.2967e+01   6.8403e+00   1.5374e-01   9.9130e-05   3.2346e+02
20260907_07:00:00   1.6659e-01   4.3347e+01   7.0253e+00   5.2065e-02   1.1874e-04   3.2425e+02
20260907_08:00:00   1.8479e-01   4.7370e+01   7.4024e+00   6.9428e-02   1.3407e-04   3.2404e+02
20260907_09:00:00   1.7941e-01   4.6121e+01   7.5605e+00   6.2022e-02   1.6113e-04   3.2259e+02
20260907_10:00:00   1.8064e-01   4.6323e+01   7.6835e+00   6.2323e-02   1.9849e-04   3.2175e+02
20260907_11:00:00   2.0429e-01   5.1481e+01   7.7216e+00   8.8192e-02   4.4791e-04   3.2180e+02
20260907_12:00:00   1.9414e-01   4.9146e+01   8.0974e+00   7.2608e-02   3.1964e-03   3.2232e+02
20260907_13:00:00   1.8523e-01   4.7087e+01   9.3945e+00   5.0978e-02   8.8335e-03   3.2314e+02
20260907_14:00:00   2.1017e-01   5.2577e+01   1.0008e+01   7.2552e-02   1.3619e-01   3.2416e+02
20260907_15:00:00   3.4359e-01   7.9854e+01   1.0570e+01   2.1606e-01   1.8895e-01   3.2307e+02
20260907_16:00:00   4.3121e-01   9.6107e+01   1.0676e+01   3.1367e-01   1.4702e-01   3.1972e+02
20260907_17:00:00   2.5722e-01   6.2621e+01   1.0150e+01   1.2149e-01   1.7025e-01   3.1652e+02
20260907_18:00:00   3.0500e-01   7.2342e+01   1.0167e+01   1.7502e-01   1.7026e-01   3.1279e+02
20260907_19:00:00   3.7893e-01   8.6465e+01   1.0119e+01   2.5904e-01   1.3448e-01   3.0870e+02
20260907_20:00:00   4.2667e-01   9.5274e+01   1.0341e+01   3.1139e-01   1.1609e-01   3.0682e+02
20260907_21:00:00   4.2169e-01   9.4371e+01   1.0208e+01   3.0701e-01   1.0433e-01   3.0710e+02
20260907_22:00:00   3.4548e-01   8.0281e+01   1.0101e+01   2.2176e-01   1.0464e-01   3.0746e+02
20260907_23:00:00   2.4703e-01   6.0388e+01   1.0157e+01   1.1002e-01   7.1191e-02   3.0674e+02
20260908_00:00:00   2.6144e-01   6.3250e+01   1.0291e+01   1.2436e-01   1.2095e-01   3.0529e+02
20260908_01:00:00   4.2573e-01   9.5046e+01   1.0501e+01   3.0777e-01   2.3381e-01   3.0279e+02
20260908_02:00:00   4.7683e-01   1.0384e+02   1.0551e+01   3.6495e-01   1.7341e-01   3.0121e+02
20260908_03:00:00   3.0603e-01   7.2387e+01   1.0343e+01   1.7348e-01   1.7410e-01   3.0103e+02
20260908_04:00:00   1.9067e-01   4.8059e+01   1.0175e+01   4.5258e-02   1.4258e-01   3.0202e+02
20260908_05:00:00   1.6109e-01   4.1376e+01   1.0141e+01   1.1747e-02   2.0355e-01   3.0364e+02
20260908_06:00:00   1.5518e-01   4.0017e+01   1.0077e+01   5.5146e-03   1.9867e-01   3.0431e+02
20260908_07:00:00   1.4993e-01   3.8787e+01   9.9477e+00   7.8282e-04   1.5444e-01   3.0497e+02
20260908_08:00:00   1.4886e-01   3.8537e+01   9.8481e+00   3.5093e-04   1.3393e-01   3.0435e+02
20260908_09:00:00   1.5165e-01   3.9179e+01   9.8303e+00   3.3694e-03   1.3488e-01   3.0313e+02
20260908_10:00:00   1.5756e-01   4.0542e+01   9.8332e+00   9.9176e-03   1.3060e-01   3.0155e+02
20260908_11:00:00   1.5771e-01   4.0586e+01   9.8530e+00   1.0224e-02   6.7163e-02   3.0089e+02
20260908_12:00:00   1.5047e-01   3.8901e+01   9.7810e+00   2.7703e-03   4.6840e-02   3.0150e+02
20260908_13:00:00   1.4663e-01   3.8015e+01   9.6276e+00   6.4782e-05   2.9384e-02   3.0222e+02
20260908_14:00:00   1.4437e-01   3.7509e+01   9.4035e+00   2.9194e-05   9.6675e-03   3.0135e+02
20260908_15:00:00   1.4270e-01   3.7129e+01   9.2390e+00   5.6120e-06   3.0655e-03   3.0105e+02
20260908_16:00:00   1.4227e-01   3.7040e+01   9.1029e+00   8.2324e-04   1.4956e-03   2.9942e+02
20260908_17:00:00   1.4076e-01   3.6708e+01   8.9848e+00   1.3211e-04   1.8925e-03   2.9684e+02
20260908_18:00:00   1.4056e-01   3.6667e+01   8.9066e+00   7.1213e-04   2.1778e-03   2.9251e+02
20260908_19:00:00   1.4116e-01   3.6812e+01   8.9083e+00   1.6310e-03   1.7813e-03   2.8826e+02
20260908_20:00:00   1.4168e-01   3.6916e+01   9.0208e+00   1.5782e-03   3.1651e-03   2.8609e+02
20260908_21:00:00   1.4211e-01   3.6991e+01   9.2089e+00   6.9278e-04   7.0663e-03   2.8524e+02
20260908_22:00:00   1.4536e-01   3.7713e+01   9.4477e+00   2.4094e-03   1.8381e-02   2.8599e+02
20260908_23:00:00   1.4918e-01   3.8553e+01   9.7404e+00   3.8718e-03   4.2481e-02   2.8838e+02
20260909_00:00:00   1.4926e-01   3.8560e+01   9.9519e+00   1.8489e-03   6.9601e-02   2.9104e+02
20260909_01:00:00   1.4988e-01   3.8698e+01   1.0067e+01   1.4479e-03   6.6351e-02   2.9418e+02
20260909_02:00:00   1.5099e-01   3.8943e+01   1.0157e+01   1.6584e-03   5.2479e-02   2.9579e+02
20260909_03:00:00   1.5045e-01   3.8825e+01   1.0151e+01   1.0245e-03   3.5642e-02   2.9620e+02
20260909_04:00:00   1.5009e-01   3.8742e+01   1.0084e+01   1.1945e-03   1.1012e-02   2.9543e+02
20260909_05:00:00   1.5039e-01   3.8811e+01   1.0002e+01   2.2932e-03   1.0168e-02   2.9285e+02
20260909_06:00:00   1.5372e-01   3.9545e+01   1.0056e+01   5.7498e-03   2.3241e-02   2.9143e+02
20260909_07:00:00   1.5433e-01   3.9673e+01   1.0078e+01   6.2426e-03   5.3505e-02   2.8990e+02
20260909_08:00:00   1.5099e-01   3.8907e+01   1.0117e+01   1.8250e-03   1.3095e-01   2.8736e+02
20260909_09:00:00   1.5039e-01   3.8764e+01   1.0187e+01   2.7095e-05   2.0270e-01   2.8400e+02
20260909_10:00:00   1.5105e-01   3.8922e+01   1.0265e+01   0.0000e+00   1.9557e-01   2.8262e+02
20260909_11:00:00   1.5149e-01   3.9027e+01   1.0320e+01   0.0000e+00   1.6269e-01   2.8252e+02
20260909_12:00:00   1.5153e-01   3.9039e+01   1.0343e+01   0.0000e+00   1.5034e-01   2.8307e+02
20260909_13:00:00   1.5167e-01   3.9074e+01   1.0367e+01   5.3100e-07   1.5207e-01   2.8326e+02
20260909_14:00:00   1.5177e-01   3.9097e+01   1.0372e+01   2.3080e-06   1.7538e-01   2.8285e+02
20260909_15:00:00   1.5200e-01   3.9152e+01   1.0388e+01   9.1507e-05   1.9215e-01   2.8080e+02
20260909_16:00:00   1.5240e-01   3.9245e+01   1.0405e+01   4.8039e-04   2.0481e-01   2.7635e+02
20260909_17:00:00   1.5264e-01   3.9303e+01   1.0435e+01   5.5912e-04   2.3055e-01   2.7272e+02
20260909_18:00:00   1.5319e-01   3.9433e+01   1.0466e+01   9.3713e-04   2.5345e-01   2.7135e+02
20260909_19:00:00   1.5376e-01   3.9567e+01   1.0490e+01   1.2443e-03   2.9790e-01   2.7101e+02
20260909_20:00:00   1.5651e-01   4.0193e+01   1.0580e+01   3.7216e-03   3.0781e-01   2.7178e+02
20260909_21:00:00   1.5782e-01   4.0502e+01   1.0615e+01   5.0779e-03   2.7172e-01   2.7286e+02
20260909_22:00:00   1.6836e-01   4.2914e+01   1.0639e+01   1.6861e-02   2.4702e-01   2.7330e+02
20260909_23:00:00   1.7382e-01   4.4158e+01   1.0633e+01   2.3168e-02   2.4280e-01   2.7398e+02
20260910_00:00:00   1.6437e-01   4.2000e+01   1.0569e+01   1.3237e-02   2.3630e-01   2.7434e+02
20260910_01:00:00   1.5414e-01   3.9642e+01   1.0485e+01   2.7400e-03   2.0732e-01   2.7453e+02
20260910_02:00:00   1.5170e-01   3.9072e+01   1.0389e+01   1.0976e-03   1.8670e-01   2.7474e+02
20260910_03:00:00   1.5098e-01   3.8900e+01   1.0311e+01   1.0981e-03   1.7622e-01   2.7553e+02
20260910_04:00:00   1.4950e-01   3.8550e+01   1.0196e+01   6.2732e-04   1.5321e-01   2.7512e+02
20260910_05:00:00   1.4796e-01   3.8186e+01   1.0082e+01   8.9647e-05   1.2158e-01   2.7473e+02
20260910_06:00:00   1.4622e-01   3.7781e+01   9.9087e+00   0.0000e+00   7.3252e-02   2.7452e+02
20260910_07:00:00   1.4350e-01   3.7167e+01   9.6028e+00   0.0000e+00   2.4195e-02   2.7438e+02
20260910_08:00:00   1.3946e-01   3.6264e+01   9.0828e+00   0.0000e+00   4.7173e-03   2.7446e+02
20260910_09:00:00   1.3504e-01   3.5266e+01   8.4993e+00   0.0000e+00   4.2323e-03   2.7461e+02
20260910_10:00:00   1.3076e-01   3.4286e+01   7.9802e+00   0.0000e+00   2.6256e-03   2.7517e+02
20260910_11:00:00   1.2698e-01   3.3414e+01   7.5458e+00   0.0000e+00   1.3464e-03   2.7601e+02
20260910_12:00:00   1.2386e-01   3.2697e+01   7.1901e+00   0.0000e+00   4.6653e-04   2.7664e+02
20260910_13:00:00   1.2238e-01   3.2352e+01   7.0181e+00   0.0000e+00   5.8215e-04   2.7686e+02
20260910_14:00:00   1.2196e-01   3.2251e+01   6.9621e+00   0.0000e+00   5.7113e-04   2.7688e+02
20260910_15:00:00   1.2216e-01   3.2299e+01   6.9730e+00   0.0000e+00   2.2825e-04   2.7702e+02
20260910_16:00:00   1.2357e-01   3.2628e+01   7.0801e+00   0.0000e+00   2.9191e-04   2.7773e+02
20260910_17:00:00   1.2655e-01   3.3310e+01   7.3459e+00   2.7574e-04   6.6315e-04   2.7840e+02
20260910_18:00:00   1.4160e-01   3.6780e+01   7.6310e+00   1.3724e-02   1.7400e-03   2.7840e+02
20260910_19:00:00   1.6872e-01   4.2906e+01   7.8479e+00   4.1511e-02   5.6249e-03   2.7752e+02
20260910_20:00:00   1.9623e-01   4.8909e+01   7.9554e+00   7.0837e-02   1.7152e-02   2.7704e+02
20260910_21:00:00   1.9318e-01   4.8144e+01   7.9991e+00   6.6761e-02   2.6267e-02   2.7678e+02
20260910_22:00:00   1.8225e-01   4.5728e+01   8.0092e+00   5.4265e-02   2.9480e-02   2.7701e+02
20260910_23:00:00   1.7014e-01   4.3050e+01   7.9735e+00   4.1214e-02   2.5407e-02   2.7793e+02
20260911_00:00:00   1.4851e-01   3.8199e+01   7.9056e+00   1.7713e-02   2.9682e-02   2.7910e+02
20260911_01:00:00   1.3241e-01   3.4509e+01   7.8170e+00   3.9580e-04   4.3628e-02   2.7993e+02
20260911_02:00:00   1.3123e-01   3.4222e+01   7.7142e+00   0.0000e+00   3.4498e-02   2.8105e+02
20260911_03:00:00   1.3074e-01   3.4100e+01   7.6424e+00   0.0000e+00   2.7644e-02   2.8188e+02
20260911_04:00:00   1.3015e-01   3.3955e+01   7.5629e+00   0.0000e+00   2.2703e-02   2.8162e+02
20260911_05:00:00   1.2992e-01   3.3907e+01   7.5266e+00   0.0000e+00   2.5580e-02   2.8309e+02
20260911_06:00:00   1.2972e-01   3.3868e+01   7.5037e+00   0.0000e+00   2.4208e-02   2.8343e+02
20260911_07:00:00   1.2923e-01   3.3763e+01   7.4632e+00   0.0000e+00   1.5600e-02   2.8285e+02
20260911_08:00:00   1.2845e-01   3.3587e+01   7.3854e+00   0.0000e+00   1.5546e-02   2.8111e+02
20260911_09:00:00   1.2769e-01   3.3416e+01   7.3159e+00   0.0000e+00   9.8677e-03   2.8218e+02
20260911_10:00:00   1.2696e-01   3.3249e+01   7.2317e+00   0.0000e+00   6.1944e-03   2.8410e+02
20260911_11:00:00   1.2617e-01   3.3078e+01   7.1403e+00   0.0000e+00   3.3375e-03   2.8511e+02
20260911_12:00:00   1.2551e-01   3.2932e+01   7.0670e+00   0.0000e+00   2.6611e-03   2.8501e+02
20260911_13:00:00   1.2452e-01   3.2713e+01   6.9711e+00   0.0000e+00   2.3916e-03   2.8503e+02
20260911_14:00:00   1.2371e-01   3.2535e+01   6.9156e+00   0.0000e+00   1.1309e-03   2.8462e+02
20260911_15:00:00   1.2293e-01   3.2369e+01   6.8665e+00   0.0000e+00   4.8766e-04   2.8461e+02
20260911_16:00:00   1.2296e-01   3.2388e+01   6.9010e+00   0.0000e+00   1.8728e-04   2.8311e+02
20260911_17:00:00   1.2410e-01   3.2658e+01   7.0644e+00   0.0000e+00   1.0198e-04   2.8295e+02
20260911_18:00:00   1.2521e-01   3.2933e+01   7.2181e+00   0.0000e+00   1.0155e-04   2.8403e+02
20260911_21:00:00   1.3076e-01   3.4199e+01   7.9979e+00   0.0000e+00   4.7353e-03   2.8574e+02
20260912_00:00:00   1.3489e-01   3.5147e+01   8.5764e+00   0.0000e+00   4.9711e-02   2.8979e+02
20260912_03:00:00   1.4044e-01   3.6420e+01   9.2410e+00   0.0000e+00   4.9489e-02   2.9536e+02
20260912_06:00:00   1.4393e-01   3.7231e+01   9.6451e+00   0.0000e+00   5.8406e-02   3.0093e+02
20260912_09:00:00   1.4673e-01   3.7887e+01   9.9257e+00   0.0000e+00   1.0486e-01   3.0525e+02
20260912_12:00:00   1.4790e-01   3.8179e+01   1.0127e+01   0.0000e+00   4.5971e-02   3.0092e+02
20260912_15:00:00   1.5049e-01   3.8803e+01   1.0484e+01   0.0000e+00   1.5750e-02   2.9802e+02
20260912_18:00:00   1.5076e-01   3.8900e+01   1.0539e+01   0.0000e+00   2.3623e-03   2.9496e+02
20260912_21:00:00   1.5027e-01   3.8801e+01   1.0524e+01   0.0000e+00   9.2555e-03   2.9363e+02
20260913_00:00:00   1.4650e-01   3.7958e+01   1.0134e+01   1.1924e-04   5.5159e-03   2.9413e+02
20260913_03:00:00   1.4981e-01   3.8703e+01   1.0439e+01   8.6080e-04   3.6882e-02   2.9172e+02
20260913_06:00:00   1.5643e-01   4.0210e+01   1.1070e+01   0.0000e+00   1.1619e-01   2.9247e+02
20260913_09:00:00   1.5836e-01   4.0640e+01   1.1178e+01   0.0000e+00   1.6220e-01   2.8913e+02
20260913_12:00:00   1.5890e-01   4.0766e+01   1.1107e+01   0.0000e+00   2.6442e-01   2.9288e+02
20260913_15:00:00   1.5963e-01   4.0945e+01   1.1109e+01   1.8884e-04   2.9373e-01   2.9433e+02
20260913_18:00:00   1.6009e-01   4.1061e+01   1.1064e+01   2.7141e-04   3.3442e-01   2.9725e+02
20260913_21:00:00   1.5924e-01   4.0873e+01   1.0902e+01   4.3011e-04   2.5794e-01   2.9945e+02
20260914_00:00:00   1.5693e-01   4.0354e+01   1.0622e+01   3.1831e-04   1.2796e-01   2.9972e+02
20260914_03:00:00   1.5307e-01   3.9490e+01   1.0163e+01   3.4157e-05   6.4340e-02   3.0068e+02
20260914_06:00:00   1.7817e-01   4.5190e+01   9.5809e+00   3.2893e-02   5.2414e-02   2.9783e+02
20260914_09:00:00   1.9015e-01   4.7800e+01   9.1989e+00   5.0411e-02   2.4978e-02   2.9338e+02
20260914_12:00:00   1.6511e-01   4.2246e+01   8.9363e+00   2.5266e-02   2.1706e-02   2.9502e+02
20260914_15:00:00   1.5933e-01   4.0964e+01   8.7992e+00   2.0567e-02   1.3966e-02   2.9701e+02
20260914_18:00:00   1.5380e-01   3.9736e+01   8.5891e+00   1.6764e-02   5.4340e-03   2.9591e+02
20260914_21:00:00   1.4764e-01   3.8361e+01   8.4989e+00   1.0960e-02   2.1637e-03   2.9542e+02
20260915_00:00:00   1.6832e-01   4.3019e+01   8.5205e+00   3.4108e-02   5.0363e-03   2.9533e+02
20260915_03:00:00   1.9704e-01   4.9214e+01   8.6996e+00   6.4468e-02   1.0812e-02   2.9498e+02
20260915_06:00:00   1.9523e-01   4.8752e+01   9.5366e+00   5.4917e-02   1.3845e-02   2.9289e+02
20260915_09:00:00   1.5044e-01   3.8778e+01   9.9782e+00   0.0000e+00   1.0516e-01   2.9906e+02
20260915_12:00:00   1.4977e-01   3.8607e+01   9.9115e+00   0.0000e+00   1.1934e-01   2.9656e+02
20260915_15:00:00   1.5091e-01   3.8874e+01   1.0085e+01   0.0000e+00   1.0864e-01   2.8855e+02
20260915_18:00:00   1.5043e-01   3.8741e+01   1.0095e+01   4.2480e-06   1.5472e-01   2.8423e+02
20260915_21:00:00   1.4857e-01   3.8291e+01   9.9064e+00   0.0000e+00   2.0170e-01   2.9156e+02
20260916_00:00:00   1.4763e-01   3.8047e+01   9.7688e+00   0.0000e+00   2.6193e-01   2.9191e+02
20260916_03:00:00   1.4643e-01   3.7764e+01   9.6385e+00   0.0000e+00   3.1245e-01   2.9833e+02
20260916_06:00:00   1.4504e-01   3.7439e+01   9.4981e+00   0.0000e+00   3.5951e-01   3.0046e+02
20260916_09:00:00   1.4358e-01   3.7119e+01   9.3972e+00   0.0000e+00   3.2812e-01   3.0471e+02
20260916_12:00:00   1.4288e-01   3.6975e+01   9.3290e+00   0.0000e+00   3.2274e-01   3.0417e+02
20260916_15:00:00   1.4177e-01   3.6717e+01   9.1771e+00   0.0000e+00   3.1576e-01   2.9291e+02
20260916_18:00:00   1.4143e-01   3.6632e+01   9.1328e+00   0.0000e+00   2.8975e-01   2.8892e+02
20260916_21:00:00   1.4159e-01   3.6668e+01   9.1072e+00   0.0000e+00   2.7546e-01   2.8584e+02
20260917_00:00:00   1.4145e-01   3.6649e+01   9.0603e+00   5.7250e-05   2.2831e-01   2.8599e+02
20260917_03:00:00   1.4044e-01   3.6442e+01   8.8972e+00   1.4481e-04   1.5910e-01   2.9157e+02
20260917_06:00:00   1.6114e-01   4.1230e+01   9.1639e+00   1.9360e-02   1.7602e-01   2.9049e+02
20260917_09:00:00   1.8040e-01   4.5674e+01   9.2307e+00   3.9225e-02   7.4523e-02   2.8637e+02
20260917_12:00:00   1.7805e-01   4.5211e+01   8.9227e+00   4.0131e-02   3.6278e-02   2.8134e+02
20260917_15:00:00   1.7754e-01   4.5151e+01   8.7638e+00   4.1798e-02   2.6523e-02   2.8265e+02
20260917_18:00:00   2.1407e-01   5.3224e+01   8.8631e+00   8.1017e-02   3.9035e-02   2.8266e+02
20260917_21:00:00   2.0669e-01   5.1640e+01   8.9836e+00   7.1995e-02   3.7935e-02   2.8103e+02
20260918_00:00:00   2.6972e-01   6.4838e+01   8.9762e+00   1.4287e-01   5.7942e-02   2.8054e+02
20260918_03:00:00   1.4559e-01   3.7784e+01   8.6100e+00   8.9580e-03   4.3927e-02   2.8075e+02
20260918_06:00:00   1.3771e-01   3.5947e+01   8.7009e+00   3.3115e-05   5.6454e-02   2.7698e+02
20260918_09:00:00   1.4015e-01   3.6516e+01   8.8965e+00   4.6232e-04   4.8618e-02   2.7700e+02
20260918_12:00:00   1.4211e-01   3.6920e+01   9.2510e+00   1.1290e-04   8.9694e-02   2.8038e+02
20260918_15:00:00   1.4329e-01   3.7190e+01   9.3957e+00   6.7350e-06   1.1953e-01   2.8697e+02
20260918_18:00:00   1.3554e-01   3.5397e+01   8.6074e+00   0.0000e+00   7.8669e-02   2.9389e+02
20260918_21:00:00   1.3516e-01   3.5264e+01   8.5307e+00   1.3668e-04   1.7301e-01   2.9549e+02
20260919_00:00:00   1.3787e-01   3.5919e+01   8.7910e+00   0.0000e+00   2.4496e-01   2.9507e+02
20260919_03:00:00   1.3692e-01   3.5696e+01   8.6814e+00   0.0000e+00   1.0704e-01   2.9318e+02
20260919_06:00:00   1.6289e-01   4.1636e+01   8.9888e+00   2.4899e-02   8.7334e-02   2.9165e+02
20260919_09:00:00   1.5076e-01   3.8885e+01   9.0180e+00   1.1245e-02   4.4996e-02   2.9445e+02
20260919_12:00:00   1.3608e-01   3.5525e+01   8.5787e+00   2.0205e-05   3.2018e-02   2.9767e+02
20260919_15:00:00   1.3545e-01   3.5352e+01   8.5226e+00   0.0000e+00   9.0075e-02   2.9801e+02
20260919_18:00:00   1.3620e-01   3.5442e+01   8.5688e+00   0.0000e+00   4.0798e-01   2.9316e+02
20260919_21:00:00   1.3186e-01   3.4418e+01   8.1487e+00   0.0000e+00   1.6580e-01   2.9531e+02
20260920_00:00:00   1.2782e-01   3.3571e+01   7.5471e+00   1.0103e-04   1.4268e-02   2.9436e+02
20260920_03:00:00   1.1464e-01   3.0356e+01   5.3767e+00   1.5832e-03   3.1888e-02   2.9660e+02
20260920_06:00:00   1.2323e-01   3.2151e+01   6.2252e+00   7.0868e-04   1.3738e-01   2.9698e+02
20260920_09:00:00   1.1764e-01   3.0797e+01   5.6717e+00   6.2210e-05   1.0440e-01   3.0024e+02
20260920_12:00:00   1.1224e-01   2.9509e+01   5.0952e+00   0.0000e+00   1.2002e-02   3.0793e+02
20260920_15:00:00   1.2187e-01   3.1793e+01   6.1573e+00   0.0000e+00   4.6308e-02   3.0629e+02
20260920_18:00:00   1.1532e-01   3.0346e+01   5.5996e+00   0.0000e+00   1.1782e-02   3.0900e+02
20260920_21:00:00   1.2163e-01   3.1814e+01   6.3272e+00   0.0000e+00   2.8675e-02   3.0566e+02
20260921_00:00:00   1.2180e-01   3.1844e+01   6.4014e+00   0.0000e+00   1.3563e-02   3.0137e+02
20260921_03:00:00   1.1784e-01   3.0936e+01   6.0683e+00   0.0000e+00   9.8583e-03   3.0315e+02
20260921_06:00:00   1.1676e-01   3.0691e+01   6.0153e+00   0.0000e+00   8.1292e-03   3.0199e+02
20260921_09:00:00   1.1267e-01   2.9769e+01   5.6375e+00   0.0000e+00   9.3726e-05   3.0268e+02
20260921_12:00:00   1.0693e-01   2.8478e+01   5.0439e+00   0.0000e+00   2.6228e-05   3.0282e+02
20260921_15:00:00   1.0194e-01   2.7358e+01   4.4930e+00   0.0000e+00   2.9240e-07   3.0251e+02
20260921_18:00:00   9.6197e-02   2.6050e+01   3.8114e+00   0.0000e+00   0.0000e+00   3.0561e+02
20260921_21:00:00   9.0171e-02   2.4647e+01   3.0296e+00   0.0000e+00   0.0000e+00   3.0132e+02
20260922_00:00:00   8.7763e-02   2.4069e+01   2.7388e+00   0.0000e+00   7.0160e-06   3.0334e+02
20260922_03:00:00   8.7188e-02   2.3932e+01   2.6838e+00   0.0000e+00   0.0000e+00   3.0555e+02
20260922_06:00:00   8.6736e-02   2.3817e+01   2.6343e+00   0.0000e+00   0.0000e+00   3.0774e+02
20260922_09:00:00   8.7779e-02   2.4054e+01   2.7533e+00   0.0000e+00   0.0000e+00   3.0970e+02
20260922_12:00:00   9.2510e-02   2.5165e+01   3.2786e+00   0.0000e+00   0.0000e+00   3.1049e+02
20260922_15:00:00   1.0247e-01   2.7510e+01   4.3858e+00   0.0000e+00   0.0000e+00   3.1046e+02
20260922_18:00:00   1.0895e-01   2.9012e+01   5.0446e+00   0.0000e+00   0.0000e+00   3.0973e+02
